8
0.791852 0.791852 0.791852 0.791852 0.791852 0.791852 0.791852 0.791852 0.791852 0.791852 0.791852 0.791852 0.791852 0.791852 0.791852 0.791852 0.791852 0.791852 0.791852 0.791852 0.791852 0.791852 0.791852 0.791852 0.791852 0.791852 0.791852 0.791852 0.791852 0.791852 0.791852 0.791852 0.791852 0.791852 0.791852 0.791852 0.791852 0.791852 0.791852 0.791852 0.791852 0.791852 0.791852 0.791852 0.791852 0.791852 0.791852 0.791852 0.791852 0.791852 0.791852 0.791852 0.791852 0.791852 0.791852 0.791852 0.791852 0.791852 0.791852 0.791852 0.791852 0.791852 0.791852 0.791852
0.791852 0.791852 0.791852 0.791852 0.791852 0.791852 0.791852 0.791852 0.791852 0.791852 0.791852 0.791852 0.791852 0.791852 0.791852 0.791852 0.791852 0.791852 0.791852 0.791852 0.791852 0.791852 0.791852 0.791852 0.791852 0.791852 0.791852 0.791852 0.791852 0.791852 0.791852 0.791852 0.791852 0.791852 0.791852 0.791852 0.791852 0.791852 0.791852 0.791852 0.791852 0.791852 0.791852 0.791852 0.791852 0.791852 0.791852 0.791852 0.791852 0.791852 0.791852 0.791852 0.791852 0.791852 0.791852 0.791852 0.791852 0.791852 0.791852 0.791852 0.791852 0.791852 0.791852 0.791852
0.791852 0.791852 0.791852 0.791852 0.791852 0.791852 0.791852 0.791852 0.791852 0.791852 0.791852 0.791852 0.791852 0.791852 0.791852 0.791852 0.791852 0.791852 0.791852 0.791852 0.791852 0.791852 0.791852 0.791852 0.791852 0.791852 0.791852 0.791852 0.791852 0.791852 0.791852 0.791852 0.791852 0.791852 0.791852 0.791852 0.791852 0.791852 0.791852 0.791852 0.791852 0.791852 0.791852 0.791852 0.791852 0.791852 0.791852 0.791852 0.791852 0.791852 0.791852 0.791852 0.791852 0.791852 0.791852 0.791852 0.791852 0.791852 0.791852 0.791852 0.791852 0.791852 0.791852 0.791852
0.791852 0.791852 0.791852 0.791852 0.791852 0.791852 0.791852 0.791852 0.791852 0.791852 0.791852 0.791852 0.791852 0.791852 0.791852 0.791852 0.791852 0.791852 0.791852 0.791852 0.791852 0.791852 0.791852 0.791852 0.791852 0.791852 0.791852 0.791852 0.791852 0.791852 0.791852 0.791852 0.791852 0.791852 0.791852 0.791852 0.791852 0.791852 0.791852 0.791852 0.791852 0.791852 0.791852 0.791852 0.791852 0.791852 0.791852 0.791852 0.791852 0.791852 0.791852 0.791852 0.791852 0.791852 0.791852 0.791852 0.791852 0.791852 0.791852 0.791852 0.791852 0.791852 0.791852 0.791852
0.791852 0.791852 0.791852 0.791852 0.791852 0.791852 0.791852 0.791852 0.791852 0.791852 0.791852 0.791852 0.791852 0.791852 0.791852 0.791852 0.791852 0.791852 0.791852 0.791852 0.791852 0.791852 0.791852 0.791852 0.791852 0.791852 0.791852 0.791852 0.791852 0.791852 0.791852 0.791852 0.791852 0.791852 0.791852 0.791852 0.791852 0.791852 0.791852 0.791852 0.791852 0.791852 0.791852 0.791852 0.791852 0.791852 0.791852 0.791852 0.791852 0.791852 0.791852 0.791852 0.791852 0.791852 0.791852 0.791852 0.791852 0.791852 0.791852 0.791852 0.791852 0.791852 0.791852 0.791852
0.791852 0.791852 0.791852 0.791852 0.791852 0.791852 0.791852 0.791852 0.791852 0.791852 0.791852 0.791852 0.791852 0.791852 0.791852 0.791852 0.791852 0.791852 0.791852 0.791852 0.791852 0.791852 0.791852 0.791852 0.791852 0.791852 0.791852 0.791852 0.791852 0.791852 0.791852 0.791852 0.791852 0.791852 0.791852 0.791852 0.791852 0.791852 0.791852 0.791852 0.791852 0.791852 0.791852 0.791852 0.791852 0.791852 0.791852 0.791852 0.791852 0.791852 0.791852 0.791852 0.791852 0.791852 0.791852 0.791852 0.791852 0.791852 0.791852 0.791852 0.791852 0.791852 0.791852 0.791852
0.791852 0.791852 0.791852 0.791852 0.791852 0.791852 0.791852 0.791852 0.791852 0.791852 0.791852 0.791852 0.791852 0.791852 0.791852 0.791852 0.791852 0.791852 0.791852 0.791852 0.791852 0.791852 0.791852 0.791852 0.791852 0.791852 0.791852 0.791852 0.791852 0.791852 0.791852 0.791852 0.791852 0.791852 0.791852 0.791852 0.791852 0.791852 0.791852 0.791852 0.791852 0.791852 0.791852 0.791852 0.791852 0.791852 0.791852 0.791852 0.791852 0.791852 0.791852 0.791852 0.791852 0.791852 0.791852 0.791852 0.791852 0.791852 0.791852 0.791852 0.791852 0.791852 0.791852 0.791852
0.791852 0.791852 0.791852 0.791852 0.791852 0.791852 0.791852 0.791852 0.791852 0.791852 0.791852 0.791852 0.791852 0.791852 0.791852 0.791852 0.791852 0.791852 0.791852 0.791852 0.791852 0.791852 0.791852 0.791852 0.791852 0.791852 0.791852 0.791852 0.791852 0.791852 0.791852 0.791852 0.791852 0.791852 0.791852 0.791852 0.791852 0.791852 0.791852 0.791852 0.791852 0.791852 0.791852 0.791852 0.791852 0.791852 0.791852 0.791852 0.791852 0.791852 0.791852 0.791852 0.791852 0.791852 0.791852 0.791852 0.791852 0.791852 0.791852 0.791852 0.791852 0.791852 0.791852 0.791852
0.791852 0.791852 0.791852 0.791852 0.791852 0.791852 0.791852 0.791852 0.791852 0.791852 0.791852 0.791852 0.791852 0.791852 0.791852 0.791852 0.791852 0.791852 0.791852 0.791852 0.791852 0.791852 0.791852 0.791852 0.791852 0.791852 0.791852 0.791852 0.791852 0.791852 0.791852 0.791852 0.791852 0.791852 0.791852 0.791852 0.791852 0.791852 0.791852 0.791852 0.791852 0.791852 0.791852 0.791852 0.791852 0.791852 0.791852 0.791852 0.791852 0.791852 0.791852 0.791852 0.791852 0.791852 0.791852 0.791852 0.791852 0.791852 0.791852 0.791852 0.791852 0.791852 0.791852 0.791852
0.791852 0.791852 0.791852 0.791852 0.791852 0.791852 0.791852 0.791852 0.791852 0.791852 0.791852 0.791852 0.791852 0.791852 0.791852 0.791852 0.791852 0.791852 0.791852 0.791852 0.791852 0.791852 0.791852 0.791852 0.791852 0.791852 0.791852 0.791852 0.791852 0.791852 0.791852 0.791852 0.791852 0.791852 0.791852 0.791852 0.791852 0.791852 0.791852 0.791852 0.791852 0.791852 0.791852 0.791852 0.791852 0.791852 0.791852 0.791852 0.791852 0.791852 0.791852 0.791852 0.791852 0.791852 0.791852 0.791852 0.791852 0.791852 0.791852 0.791852 0.791852 0.791852 0.791852 0.791852
0.791852 0.791852 0.791852 0.791852 0.791852 0.791852 0.791852 0.791852 0.791852 0.791852 0.791852 0.791852 0.791852 0.791852 0.791852 0.791852 0.791852 0.791852 0.791852 0.791852 0.791852 0.791852 0.791852 0.791852 0.791852 0.791852 0.791852 0.791852 0.791852 0.791852 0.791852 0.791852 0.791852 0.791852 0.791852 0.791852 0.791852 0.791852 0.791852 0.791852 0.791852 0.791852 0.791852 0.791852 0.791852 0.791852 0.791852 0.791852 0.791852 0.791852 0.791852 0.791852 0.791852 0.791852 0.791852 0.791852 0.791852 0.791852 0.791852 0.791852 0.791852 0.791852 0.791852 0.791852
0.791852 0.791852 0.791852 0.791852 0.791852 0.791852 0.791852 0.791852 0.791852 0.791852 0.791852 0.791852 0.791852 0.791852 0.791852 0.791852 0.791852 0.791852 0.791852 0.791852 0.791852 0.791852 0.791852 0.791852 0.791852 0.791852 0.791852 0.791852 0.791852 0.791852 0.791852 0.791852 0.791852 0.791852 0.791852 0.791852 0.791852 0.791852 0.791852 0.791852 0.791852 0.791852 0.791852 0.791852 0.791852 0.791852 0.791852 0.791852 0.791852 0.791852 0.791852 0.791852 0.791852 0.791852 0.791852 0.791852 0.791852 0.791852 0.791852 0.791852 0.791852 0.791852 0.791852 0.791852
0.791852 0.791852 0.791852 0.791852 0.791852 0.791852 0.791852 0.791852 0.791852 0.791852 0.791852 0.791852 0.791852 0.791852 0.791852 0.791852 0.791852 0.791852 0.791852 0.791852 0.791852 0.791852 0.791852 0.791852 0.791852 0.791852 0.791852 0.791852 0.791852 0.791852 0.791852 0.791852 0.791852 0.791852 0.791852 0.791852 0.791852 0.791852 0.791852 0.791852 0.791852 0.791852 0.791852 0.791852 0.791852 0.791852 0.791852 0.791852 0.791852 0.791852 0.791852 0.791852 0.791852 0.791852 0.791852 0.791852 0.791852 0.791852 0.791852 0.791852 0.791852 0.791852 0.791852 0.791852
0.791852 0.791852 0.791852 0.791852 0.791852 0.791852 0.791852 0.791852 0.791852 0.791852 0.791852 0.791852 0.791852 0.791852 0.791852 0.791852 0.791852 0.791852 0.791852 0.791852 0.791852 0.791852 0.791852 0.791852 0.791852 0.791852 0.791852 0.791852 0.791852 0.791852 0.791852 0.791852 0.791852 0.791852 0.791852 0.791852 0.791852 0.791852 0.791852 0.791852 0.791852 0.791852 0.791852 0.791852 0.791852 0.791852 0.791852 0.791852 0.791852 0.791852 0.791852 0.791852 0.791852 0.791852 0.791852 0.791852 0.791852 0.791852 0.791852 0.791852 0.791852 0.791852 0.791852 0.791852
0.791852 0.791852 0.791852 0.791852 0.791852 0.791852 0.791852 0.791852 0.791852 0.791852 0.791852 0.791852 0.791852 0.791852 0.791852 0.791852 0.791852 0.791852 0.791852 0.791852 0.791852 0.791852 0.791852 0.791852 0.791852 0.791852 0.791852 0.791852 0.791852 0.791852 0.791852 0.791852 0.791852 0.791852 0.791852 0.791852 0.791852 0.791852 0.791852 0.791852 0.791852 0.791852 0.791852 0.791852 0.791852 0.791852 0.791852 0.791852 0.791852 0.791852 0.791852 0.791852 0.791852 0.791852 0.791852 0.791852 0.791852 0.791852 0.791852 0.791852 0.791852 0.791852 0.791852 0.791852
0.791852 0.791852 0.791852 0.791852 0.791852 0.791852 0.791852 0.791852 0.791852 0.791852 0.791852 0.791852 0.791852 0.791852 0.791852 0.791852 0.791852 0.791852 0.791852 0.791852 0.791852 0.791852 0.791852 0.791852 0.791852 0.791852 0.791852 0.791852 0.791852 0.791852 0.791852 0.791852 0.791852 0.791852 0.791852 0.791852 0.791852 0.791852 0.791852 0.791852 0.791852 0.791852 0.791852 0.791852 0.791852 0.791852 0.791852 0.791852 0.791852 0.791852 0.791852 0.791852 0.791852 0.791852 0.791852 0.791852 0.791852 0.791852 0.791852 0.791852 0.791852 0.791852 0.791852 0.791852
0.791852 0.791852 0.791852 0.791852 0.791852 0.791852 0.791852 0.791852 0.791852 0.791852 0.791852 0.791852 0.791852 0.791852 0.791852 0.791852 0.791852 0.791852 0.791852 0.791852 0.791852 0.791852 0.791852 0.791852 0.791852 0.791852 0.791852 0.791852 0.791852 0.791852 0.791852 0.791852 0.791852 0.791852 0.791852 0.791852 0.791852 0.791852 0.791852 0.791852 0.791852 0.791852 0.791852 0.791852 0.791852 0.791852 0.791852 0.791852 0.791852 0.791852 0.791852 0.791852 0.791852 0.791852 0.791852 0.791852 0.791852 0.791852 0.791852 0.791852 0.791852 0.791852 0.791852 0.791852
0.791852 0.791852 0.791852 0.791852 0.791852 0.791852 0.791852 0.791852 0.791852 0.791852 0.791852 0.791852 0.791852 0.791852 0.791852 0.791852 0.791852 0.791852 0.791852 0.791852 0.791852 0.791852 0.791852 0.791852 0.791852 0.791852 0.791852 0.791852 0.791852 0.791852 0.791852 0.791852 0.791852 0.791852 0.791852 0.791852 0.791852 0.791852 0.791852 0.791852 0.791852 0.791852 0.791852 0.791852 0.791852 0.791852 0.791852 0.791852 0.791852 0.791852 0.791852 0.791852 0.791852 0.791852 0.791852 0.791852 0.791852 0.791852 0.791852 0.791852 0.791852 0.791852 0.791852 0.791852
0.791852 0.791852 0.791852 0.791852 0.791852 0.791852 0.791852 0.791852 0.791852 0.791852 0.791852 0.791852 0.791852 0.791852 0.791852 0.791852 0.791852 0.791852 0.791852 0.791852 0.791852 0.791852 0.791852 0.791852 0.791852 0.791852 0.791852 0.791852 0.791852 0.791852 0.791852 0.791852 0.791852 0.791852 0.791852 0.791852 0.791852 0.791852 0.791852 0.791852 0.791852 0.791852 0.791852 0.791852 0.791852 0.791852 0.791852 0.791852 0.791852 0.791852 0.791852 0.791852 0.791852 0.791852 0.791852 0.791852 0.791852 0.791852 0.791852 0.791852 0.791852 0.791852 0.791852 0.791852
0.791852 0.791852 0.791852 0.791852 0.791852 0.791852 0.791852 0.791852 0.791852 0.791852 0.791852 0.791852 0.791852 0.791852 0.791852 0.791852 0.791852 0.791852 0.791852 0.791852 0.791852 0.791852 0.791852 0.791852 0.791852 0.791852 0.791852 0.791852 0.791852 0.791852 0.791852 0.791852 0.791852 0.791852 0.791852 0.791852 0.791852 0.791852 0.791852 0.791852 0.791852 0.791852 0.791852 0.791852 0.791852 0.791852 0.791852 0.791852 0.791852 0.791852 0.791852 0.791852 0.791852 0.791852 0.791852 0.791852 0.791852 0.791852 0.791852 0.791852 0.791852 0.791852 0.791852 0.791852
0.791852 0.791852 0.791852 0.791852 0.791852 0.791852 0.791852 0.791852 0.791852 0.791852 0.791852 0.791852 0.791852 0.791852 0.791852 0.791852 0.791852 0.791852 0.791852 0.791852 0.791852 0.791852 0.791852 0.791852 0.791852 0.791852 0.791852 0.791852 0.791852 0.791852 0.791852 0.791852 0.791852 0.791852 0.791852 0.791852 0.791852 0.791852 0.791852 0.791852 0.791852 0.791852 0.791852 0.791852 0.791852 0.791852 0.791852 0.791852 0.791852 0.791852 0.791852 0.791852 0.791852 0.791852 0.791852 0.791852 0.791852 0.791852 0.791852 0.791852 0.791852 0.791852 0.791852 0.791852
0.791852 0.791852 0.791852 0.791852 0.791852 0.791852 0.791852 0.791852 0.791852 0.791852 0.791852 0.791852 0.791852 0.791852 0.791852 0.791852 0.791852 0.791852 0.791852 0.791852 0.791852 0.791852 0.791852 0.791852 0.791852 0.791852 0.791852 0.791852 0.791852 0.791852 0.791852 0.791852 0.791852 0.791852 0.791852 0.791852 0.791852 0.791852 0.791852 0.791852 0.791852 0.791852 0.791852 0.791852 0.791852 0.791852 0.791852 0.791852 0.791852 0.791852 0.791852 0.791852 0.791852 0.791852 0.791852 0.791852 0.791852 0.791852 0.791852 0.791852 0.791852 0.791852 0.791852 0.791852
0.791852 0.791852 0.791852 0.791852 0.791852 0.791852 0.791852 0.791852 0.791852 0.791852 0.791852 0.791852 0.791852 0.791852 0.791852 0.791852 0.791852 0.791852 0.791852 0.791852 0.791852 0.791852 0.791852 0.791852 0.791852 0.791852 0.791852 0.791852 0.791852 0.791852 0.791852 0.791852 0.791852 0.791852 0.791852 0.791852 0.791852 0.791852 0.791852 0.791852 0.791852 0.791852 0.791852 0.791852 0.791852 0.791852 0.791852 0.791852 0.791852 0.791852 0.791852 0.791852 0.791852 0.791852 0.791852 0.791852 0.791852 0.791852 0.791852 0.791852 0.791852 0.791852 0.791852 0.791852
0.791852 0.791852 0.791852 0.791852 0.791852 0.791852 0.791852 0.791852 0.791852 0.791852 0.791852 0.791852 0.791852 0.791852 0.791852 0.791852 0.791852 0.791852 0.791852 0.791852 0.791852 0.791852 0.791852 0.791852 0.791852 0.791852 0.791852 0.791852 0.791852 0.791852 0.791852 0.791852 0.791852 0.791852 0.791852 0.791852 0.791852 0.791852 0.791852 0.791852 0.791852 0.791852 0.791852 0.791852 0.791852 0.791852 0.791852 0.791852 0.791852 0.791852 0.791852 0.791852 0.791852 0.791852 0.791852 0.791852 0.791852 0.791852 0.791852 0.791852 0.791852 0.791852 0.791852 0.791852
0.791852 0.791852 0.791852 0.791852 0.791852 0.791852 0.791852 0.791852 0.791852 0.791852 0.791852 0.791852 0.791852 0.791852 0.791852 0.791852 0.791852 0.791852 0.791852 0.791852 0.791852 0.791852 0.791852 0.791852 0.791852 0.791852 0.791852 0.791852 0.791852 0.791852 0.791852 0.791852 0.791852 0.791852 0.791852 0.791852 0.791852 0.791852 0.791852 0.791852 0.791852 0.791852 0.791852 0.791852 0.791852 0.791852 0.791852 0.791852 0.791852 0.791852 0.791852 0.791852 0.791852 0.791852 0.791852 0.791852 0.791852 0.791852 0.791852 0.791852 0.791852 0.791852 0.791852 0.791852
0.791852 0.791852 0.791852 0.791852 0.791852 0.791852 0.791852 0.791852 0.791852 0.791852 0.791852 0.791852 0.791852 0.791852 0.791852 0.791852 0.791852 0.791852 0.791852 0.791852 0.791852 0.791852 0.791852 0.791852 0.791852 0.791852 0.791852 0.791852 0.791852 0.791852 0.791852 0.791852 0.791852 0.791852 0.791852 0.791852 0.791852 0.791852 0.791852 0.791852 0.791852 0.791852 0.791852 0.791852 0.791852 0.791852 0.791852 0.791852 0.791852 0.791852 0.791852 0.791852 0.791852 0.791852 0.791852 0.791852 0.791852 0.791852 0.791852 0.791852 0.791852 0.791852 0.791852 0.791852
0.791852 0.791852 0.791852 0.791852 0.791852 0.791852 0.791852 0.791852 0.791852 0.791852 0.791852 0.791852 0.791852 0.791852 0.791852 0.791852 0.791852 0.791852 0.791852 0.791852 0.791852 0.791852 0.791852 0.791852 0.791852 0.791852 0.791852 0.791852 0.791852 0.791852 0.791852 0.791852 0.791852 0.791852 0.791852 0.791852 0.791852 0.791852 0.791852 0.791852 0.791852 0.791852 0.791852 0.791852 0.791852 0.791852 0.791852 0.791852 0.791852 0.791852 0.791852 0.791852 0.791852 0.791852 0.791852 0.791852 0.791852 0.791852 0.791852 0.791852 0.791852 0.791852 0.791852 0.791852
0.791852 0.791852 0.791852 0.791852 0.791852 0.791852 0.791852 0.791852 0.791852 0.791852 0.791852 0.791852 0.791852 0.791852 0.791852 0.791852 0.791852 0.791852 0.791852 0.791852 0.791852 0.791852 0.791852 0.791852 0.791852 0.791852 0.791852 0.791852 0.791852 0.791852 0.791852 0.791852 0.791852 0.791852 0.791852 0.791852 0.791852 0.791852 0.791852 0.791852 0.791852 0.791852 0.791852 0.791852 0.791852 0.791852 0.791852 0.791852 0.791852 0.791852 0.791852 0.791852 0.791852 0.791852 0.791852 0.791852 0.791852 0.791852 0.791852 0.791852 0.791852 0.791852 0.791852 0.791852
0.791852 0.791852 0.791852 0.791852 0.791852 0.791852 0.791852 0.791852 0.791852 0.791852 0.791852 0.791852 0.791852 0.791852 0.791852 0.791852 0.791852 0.791852 0.791852 0.791852 0.791852 0.791852 0.791852 0.791852 0.791852 0.791852 0.791852 0.791852 0.791852 0.791852 0.791852 0.791852 0.791852 0.791852 0.791852 0.791852 0.791852 0.791852 0.791852 0.791852 0.791852 0.791852 0.791852 0.791852 0.791852 0.791852 0.791852 0.791852 0.791852 0.791852 0.791852 0.791852 0.791852 0.791852 0.791852 0.791852 0.791852 0.791852 0.791852 0.791852 0.791852 0.791852 0.791852 0.791852
0.791852 0.791852 0.791852 0.791852 0.791852 0.791852 0.791852 0.791852 0.791852 0.791852 0.791852 0.791852 0.791852 0.791852 0.791852 0.791852 0.791852 0.791852 0.791852 0.791852 0.791852 0.791852 0.791852 0.791852 0.791852 0.791852 0.791852 0.791852 0.791852 0.791852 0.791852 0.791852 0.791852 0.791852 0.791852 0.791852 0.791852 0.791852 0.791852 0.791852 0.791852 0.791852 0.791852 0.791852 0.791852 0.791852 0.791852 0.791852 0.791852 0.791852 0.791852 0.791852 0.791852 0.791852 0.791852 0.791852 0.791852 0.791852 0.791852 0.791852 0.791852 0.791852 0.791852 0.791852
0.791852 0.791852 0.791852 0.791852 0.791852 0.791852 0.791852 0.791852 0.791852 0.791852 0.791852 0.791852 0.791852 0.791852 0.791852 0.791852 0.791852 0.791852 0.791852 0.791852 0.791852 0.791852 0.791852 0.791852 0.791852 0.791852 0.791852 0.791852 0.791852 0.791852 0.791852 0.791852 0.791852 0.791852 0.791852 0.791852 0.791852 0.791852 0.791852 0.791852 0.791852 0.791852 0.791852 0.791852 0.791852 0.791852 0.791852 0.791852 0.791852 0.791852 0.791852 0.791852 0.791852 0.791852 0.791852 0.791852 0.791852 0.791852 0.791852 0.791852 0.791852 0.791852 0.791852 0.791852
0.791852 0.791852 0.791852 0.791852 0.791852 0.791852 0.791852 0.791852 0.791852 0.791852 0.791852 0.791852 0.791852 0.791852 0.791852 0.791852 0.791852 0.791852 0.791852 0.791852 0.791852 0.791852 0.791852 0.791852 0.791852 0.791852 0.791852 0.791852 0.791852 0.791852 0.791852 0.791852 0.791852 0.791852 0.791852 0.791852 0.791852 0.791852 0.791852 0.791852 0.791852 0.791852 0.791852 0.791852 0.791852 0.791852 0.791852 0.791852 0.791852 0.791852 0.791852 0.791852 0.791852 0.791852 0.791852 0.791852 0.791852 0.791852 0.791852 0.791852 0.791852 0.791852 0.791852 0.791852
0.791852 0.791852 0.791852 0.791852 0.791852 0.791852 0.791852 0.791852 0.791852 0.791852 0.791852 0.791852 0.791852 0.791852 0.791852 0.791852 0.791852 0.791852 0.791852 0.791852 0.791852 0.791852 0.791852 0.791852 0.791852 0.791852 0.791852 0.791852 0.791852 0.791852 0.791852 0.791852 0.791852 0.791852 0.791852 0.791852 0.791852 0.791852 0.791852 0.791852 0.791852 0.791852 0.791852 0.791852 0.791852 0.791852 0.791852 0.791852 0.791852 0.791852 0.791852 0.791852 0.791852 0.791852 0.791852 0.791852 0.791852 0.791852 0.791852 0.791852 0.791852 0.791852 0.791852 0.791852
0.791852 0.791852 0.791852 0.791852 0.791852 0.791852 0.791852 0.791852 0.791852 0.791852 0.791852 0.791852 0.791852 0.791852 0.791852 0.791852 0.791852 0.791852 0.791852 0.791852 0.791852 0.791852 0.791852 0.791852 0.791852 0.791852 0.791852 0.791852 0.791852 0.791852 0.791852 0.791852 0.791852 0.791852 0.791852 0.791852 0.791852 0.791852 0.791852 0.791852 0.791852 0.791852 0.791852 0.791852 0.791852 0.791852 0.791852 0.791852 0.791852 0.791852 0.791852 0.791852 0.791852 0.791852 0.791852 0.791852 0.791852 0.791852 0.791852 0.791852 0.791852 0.791852 0.791852 0.791852
0.791852 0.791852 0.791852 0.791852 0.791852 0.791852 0.791852 0.791852 0.791852 0.791852 0.791852 0.791852 0.791852 0.791852 0.791852 0.791852 0.791852 0.791852 0.791852 0.791852 0.791852 0.791852 0.791852 0.791852 0.791852 0.791852 0.791852 0.791852 0.791852 0.791852 0.791852 0.791852 0.791852 0.791852 0.791852 0.791852 0.791852 0.791852 0.791852 0.791852 0.791852 0.791852 0.791852 0.791852 0.791852 0.791852 0.791852 0.791852 0.791852 0.791852 0.791852 0.791852 0.791852 0.791852 0.791852 0.791852 0.791852 0.791852 0.791852 0.791852 0.791852 0.791852 0.791852 0.791852
0.791852 0.791852 0.791852 0.791852 0.791852 0.791852 0.791852 0.791852 0.791852 0.791852 0.791852 0.791852 0.791852 0.791852 0.791852 0.791852 0.791852 0.791852 0.791852 0.791852 0.791852 0.791852 0.791852 0.791852 0.791852 0.791852 0.791852 0.791852 0.791852 0.791852 0.791852 0.791852 0.791852 0.791852 0.791852 0.791852 0.791852 0.791852 0.791852 0.791852 0.791852 0.791852 0.791852 0.791852 0.791852 0.791852 0.791852 0.791852 0.791852 0.791852 0.791852 0.791852 0.791852 0.791852 0.791852 0.791852 0.791852 0.791852 0.791852 0.791852 0.791852 0.791852 0.791852 0.791852
0.791852 0.791852 0.791852 0.791852 0.791852 0.791852 0.791852 0.791852 0.791852 0.791852 0.791852 0.791852 0.791852 0.791852 0.791852 0.791852 0.791852 0.791852 0.791852 0.791852 0.791852 0.791852 0.791852 0.791852 0.791852 0.791852 0.791852 0.791852 0.791852 0.791852 0.791852 0.791852 0.791852 0.791852 0.791852 0.791852 0.791852 0.791852 0.791852 0.791852 0.791852 0.791852 0.791852 0.791852 0.791852 0.791852 0.791852 0.791852 0.791852 0.791852 0.791852 0.791852 0.791852 0.791852 0.791852 0.791852 0.791852 0.791852 0.791852 0.791852 0.791852 0.791852 0.791852 0.791852
0.791852 0.791852 0.791852 0.791852 0.791852 0.791852 0.791852 0.791852 0.791852 0.791852 0.791852 0.791852 0.791852 0.791852 0.791852 0.791852 0.791852 0.791852 0.791852 0.791852 0.791852 0.791852 0.791852 0.791852 0.791852 0.791852 0.791852 0.791852 0.791852 0.791852 0.791852 0.791852 0.791852 0.791852 0.791852 0.791852 0.791852 0.791852 0.791852 0.791852 0.791852 0.791852 0.791852 0.791852 0.791852 0.791852 0.791852 0.791852 0.791852 0.791852 0.791852 0.791852 0.791852 0.791852 0.791852 0.791852 0.791852 0.791852 0.791852 0.791852 0.791852 0.791852 0.791852 0.791852
0.791852 0.791852 0.791852 0.791852 0.791852 0.791852 0.791852 0.791852 0.791852 0.791852 0.791852 0.791852 0.791852 0.791852 0.791852 0.791852 0.791852 0.791852 0.791852 0.791852 0.791852 0.791852 0.791852 0.791852 0.791852 0.791852 0.791852 0.791852 0.791852 0.791852 0.791852 0.791852 0.791852 0.791852 0.791852 0.791852 0.791852 0.791852 0.791852 0.791852 0.791852 0.791852 0.791852 0.791852 0.791852 0.791852 0.791852 0.791852 0.791852 0.791852 0.791852 0.791852 0.791852 0.791852 0.791852 0.791852 0.791852 0.791852 0.791852 0.791852 0.791852 0.791852 0.791852 0.791852
0.791852 0.791852 0.791852 0.791852 0.791852 0.791852 0.791852 0.791852 0.791852 0.791852 0.791852 0.791852 0.791852 0.791852 0.791852 0.791852 0.791852 0.791852 0.791852 0.791852 0.791852 0.791852 0.791852 0.791852 0.791852 0.791852 0.791852 0.791852 0.791852 0.791852 0.791852 0.791852 0.791852 0.791852 0.791852 0.791852 0.791852 0.791852 0.791852 0.791852 0.791852 0.791852 0.791852 0.791852 0.791852 0.791852 0.791852 0.791852 0.791852 0.791852 0.791852 0.791852 0.791852 0.791852 0.791852 0.791852 0.791852 0.791852 0.791852 0.791852 0.791852 0.791852 0.791852 0.791852
0.791852 0.791852 0.791852 0.791852 0.791852 0.791852 0.791852 0.791852 0.791852 0.791852 0.791852 0.791852 0.791852 0.791852 0.791852 0.791852 0.791852 0.791852 0.791852 0.791852 0.791852 0.791852 0.791852 0.791852 0.791852 0.791852 0.791852 0.791852 0.791852 0.791852 0.791852 0.791852 0.791852 0.791852 0.791852 0.791852 0.791852 0.791852 0.791852 0.791852 0.791852 0.791852 0.791852 0.791852 0.791852 0.791852 0.791852 0.791852 0.791852 0.791852 0.791852 0.791852 0.791852 0.791852 0.791852 0.791852 0.791852 0.791852 0.791852 0.791852 0.791852 0.791852 0.791852 0.791852
0.791852 0.791852 0.791852 0.791852 0.791852 0.791852 0.791852 0.791852 0.791852 0.791852 0.791852 0.791852 0.791852 0.791852 0.791852 0.791852 0.791852 0.791852 0.791852 0.791852 0.791852 0.791852 0.791852 0.791852 0.791852 0.791852 0.791852 0.791852 0.791852 0.791852 0.791852 0.791852 0.791852 0.791852 0.791852 0.791852 0.791852 0.791852 0.791852 0.791852 0.791852 0.791852 0.791852 0.791852 0.791852 0.791852 0.791852 0.791852 0.791852 0.791852 0.791852 0.791852 0.791852 0.791852 0.791852 0.791852 0.791852 0.791852 0.791852 0.791852 0.791852 0.791852 0.791852 0.791852
0.791852 0.791852 0.791852 0.791852 0.791852 0.791852 0.791852 0.791852 0.791852 0.791852 0.791852 0.791852 0.791852 0.791852 0.791852 0.791852 0.791852 0.791852 0.791852 0.791852 0.791852 0.791852 0.791852 0.791852 0.791852 0.791852 0.791852 0.791852 0.791852 0.791852 0.791852 0.791852 0.791852 0.791852 0.791852 0.791852 0.791852 0.791852 0.791852 0.791852 0.791852 0.791852 0.791852 0.791852 0.791852 0.791852 0.791852 0.791852 0.791852 0.791852 0.791852 0.791852 0.791852 0.791852 0.791852 0.791852 0.791852 0.791852 0.791852 0.791852 0.791852 0.791852 0.791852 0.791852
0.791852 0.791852 0.791852 0.791852 0.791852 0.791852 0.791852 0.791852 0.791852 0.791852 0.791852 0.791852 0.791852 0.791852 0.791852 0.791852 0.791852 0.791852 0.791852 0.791852 0.791852 0.791852 0.791852 0.791852 0.791852 0.791852 0.791852 0.791852 0.791852 0.791852 0.791852 0.791852 0.791852 0.791852 0.791852 0.791852 0.791852 0.791852 0.791852 0.791852 0.791852 0.791852 0.791852 0.791852 0.791852 0.791852 0.791852 0.791852 0.791852 0.791852 0.791852 0.791852 0.791852 0.791852 0.791852 0.791852 0.791852 0.791852 0.791852 0.791852 0.791852 0.791852 0.791852 0.791852
0.791852 0.791852 0.791852 0.791852 0.791852 0.791852 0.791852 0.791852 0.791852 0.791852 0.791852 0.791852 0.791852 0.791852 0.791852 0.791852 0.791852 0.791852 0.791852 0.791852 0.791852 0.791852 0.791852 0.791852 0.791852 0.791852 0.791852 0.791852 0.791852 0.791852 0.791852 0.791852 0.791852 0.791852 0.791852 0.791852 0.791852 0.791852 0.791852 0.791852 0.791852 0.791852 0.791852 0.791852 0.791852 0.791852 0.791852 0.791852 0.791852 0.791852 0.791852 0.791852 0.791852 0.791852 0.791852 0.791852 0.791852 0.791852 0.791852 0.791852 0.791852 0.791852 0.791852 0.791852
0.791852 0.791852 0.791852 0.791852 0.791852 0.791852 0.791852 0.791852 0.791852 0.791852 0.791852 0.791852 0.791852 0.791852 0.791852 0.791852 0.791852 0.791852 0.791852 0.791852 0.791852 0.791852 0.791852 0.791852 0.791852 0.791852 0.791852 0.791852 0.791852 0.791852 0.791852 0.791852 0.791852 0.791852 0.791852 0.791852 0.791852 0.791852 0.791852 0.791852 0.791852 0.791852 0.791852 0.791852 0.791852 0.791852 0.791852 0.791852 0.791852 0.791852 0.791852 0.791852 0.791852 0.791852 0.791852 0.791852 0.791852 0.791852 0.791852 0.791852 0.791852 0.791852 0.791852 0.791852
0.791852 0.791852 0.791852 0.791852 0.791852 0.791852 0.791852 0.791852 0.791852 0.791852 0.791852 0.791852 0.791852 0.791852 0.791852 0.791852 0.791852 0.791852 0.791852 0.791852 0.791852 0.791852 0.791852 0.791852 0.791852 0.791852 0.791852 0.791852 0.791852 0.791852 0.791852 0.791852 0.791852 0.791852 0.791852 0.791852 0.791852 0.791852 0.791852 0.791852 0.791852 0.791852 0.791852 0.791852 0.791852 0.791852 0.791852 0.791852 0.791852 0.791852 0.791852 0.791852 0.791852 0.791852 0.791852 0.791852 0.791852 0.791852 0.791852 0.791852 0.791852 0.791852 0.791852 0.791852
0.791852 0.791852 0.791852 0.791852 0.791852 0.791852 0.791852 0.791852 0.791852 0.791852 0.791852 0.791852 0.791852 0.791852 0.791852 0.791852 0.791852 0.791852 0.791852 0.791852 0.791852 0.791852 0.791852 0.791852 0.791852 0.791852 0.791852 0.791852 0.791852 0.791852 0.791852 0.791852 0.791852 0.791852 0.791852 0.791852 0.791852 0.791852 0.791852 0.791852 0.791852 0.791852 0.791852 0.791852 0.791852 0.791852 0.791852 0.791852 0.791852 0.791852 0.791852 0.791852 0.791852 0.791852 0.791852 0.791852 0.791852 0.791852 0.791852 0.791852 0.791852 0.791852 0.791852 0.791852
0.791852 0.791852 0.791852 0.791852 0.791852 0.791852 0.791852 0.791852 0.791852 0.791852 0.791852 0.791852 0.791852 0.791852 0.791852 0.791852 0.791852 0.791852 0.791852 0.791852 0.791852 0.791852 0.791852 0.791852 0.791852 0.791852 0.791852 0.791852 0.791852 0.791852 0.791852 0.791852 0.791852 0.791852 0.791852 0.791852 0.791852 0.791852 0.791852 0.791852 0.791852 0.791852 0.791852 0.791852 0.791852 0.791852 0.791852 0.791852 0.791852 0.791852 0.791852 0.791852 0.791852 0.791852 0.791852 0.791852 0.791852 0.791852 0.791852 0.791852 0.791852 0.791852 0.791852 0.791852
0.791852 0.791852 0.791852 0.791852 0.791852 0.791852 0.791852 0.791852 0.791852 0.791852 0.791852 0.791852 0.791852 0.791852 0.791852 0.791852 0.791852 0.791852 0.791852 0.791852 0.791852 0.791852 0.791852 0.791852 0.791852 0.791852 0.791852 0.791852 0.791852 0.791852 0.791852 0.791852 0.791852 0.791852 0.791852 0.791852 0.791852 0.791852 0.791852 0.791852 0.791852 0.791852 0.791852 0.791852 0.791852 0.791852 0.791852 0.791852 0.791852 0.791852 0.791852 0.791852 0.791852 0.791852 0.791852 0.791852 0.791852 0.791852 0.791852 0.791852 0.791852 0.791852 0.791852 0.791852
0.791852 0.791852 0.791852 0.791852 0.791852 0.791852 0.791852 0.791852 0.791852 0.791852 0.791852 0.791852 0.791852 0.791852 0.791852 0.791852 0.791852 0.791852 0.791852 0.791852 0.791852 0.791852 0.791852 0.791852 0.791852 0.791852 0.791852 0.791852 0.791852 0.791852 0.791852 0.791852 0.791852 0.791852 0.791852 0.791852 0.791852 0.791852 0.791852 0.791852 0.791852 0.791852 0.791852 0.791852 0.791852 0.791852 0.791852 0.791852 0.791852 0.791852 0.791852 0.791852 0.791852 0.791852 0.791852 0.791852 0.791852 0.791852 0.791852 0.791852 0.791852 0.791852 0.791852 0.791852
0.791852 0.791852 0.791852 0.791852 0.791852 0.791852 0.791852 0.791852 0.791852 0.791852 0.791852 0.791852 0.791852 0.791852 0.791852 0.791852 0.791852 0.791852 0.791852 0.791852 0.791852 0.791852 0.791852 0.791852 0.791852 0.791852 0.791852 0.791852 0.791852 0.791852 0.791852 0.791852 0.791852 0.791852 0.791852 0.791852 0.791852 0.791852 0.791852 0.791852 0.791852 0.791852 0.791852 0.791852 0.791852 0.791852 0.791852 0.791852 0.791852 0.791852 0.791852 0.791852 0.791852 0.791852 0.791852 0.791852 0.791852 0.791852 0.791852 0.791852 0.791852 0.791852 0.791852 0.791852
0.791852 0.791852 0.791852 0.791852 0.791852 0.791852 0.791852 0.791852 0.791852 0.791852 0.791852 0.791852 0.791852 0.791852 0.791852 0.791852 0.791852 0.791852 0.791852 0.791852 0.791852 0.791852 0.791852 0.791852 0.791852 0.791852 0.791852 0.791852 0.791852 0.791852 0.791852 0.791852 0.791852 0.791852 0.791852 0.791852 0.791852 0.791852 0.791852 0.791852 0.791852 0.791852 0.791852 0.791852 0.791852 0.791852 0.791852 0.791852 0.791852 0.791852 0.791852 0.791852 0.791852 0.791852 0.791852 0.791852 0.791852 0.791852 0.791852 0.791852 0.791852 0.791852 0.791852 0.791852
0.791852 0.791852 0.791852 0.791852 0.791852 0.791852 0.791852 0.791852 0.791852 0.791852 0.791852 0.791852 0.791852 0.791852 0.791852 0.791852 0.791852 0.791852 0.791852 0.791852 0.791852 0.791852 0.791852 0.791852 0.791852 0.791852 0.791852 0.791852 0.791852 0.791852 0.791852 0.791852 0.791852 0.791852 0.791852 0.791852 0.791852 0.791852 0.791852 0.791852 0.791852 0.791852 0.791852 0.791852 0.791852 0.791852 0.791852 0.791852 0.791852 0.791852 0.791852 0.791852 0.791852 0.791852 0.791852 0.791852 0.791852 0.791852 0.791852 0.791852 0.791852 0.791852 0.791852 0.791852
0.791852 0.791852 0.791852 0.791852 0.791852 0.791852 0.791852 0.791852 0.791852 0.791852 0.791852 0.791852 0.791852 0.791852 0.791852 0.791852 0.791852 0.791852 0.791852 0.791852 0.791852 0.791852 0.791852 0.791852 0.791852 0.791852 0.791852 0.791852 0.791852 0.791852 0.791852 0.791852 0.791852 0.791852 0.791852 0.791852 0.791852 0.791852 0.791852 0.791852 0.791852 0.791852 0.791852 0.791852 0.791852 0.791852 0.791852 0.791852 0.791852 0.791852 0.791852 0.791852 0.791852 0.791852 0.791852 0.791852 0.791852 0.791852 0.791852 0.791852 0.791852 0.791852 0.791852 0.791852
0.791852 0.791852 0.791852 0.791852 0.791852 0.791852 0.791852 0.791852 0.791852 0.791852 0.791852 0.791852 0.791852 0.791852 0.791852 0.791852 0.791852 0.791852 0.791852 0.791852 0.791852 0.791852 0.791852 0.791852 0.791852 0.791852 0.791852 0.791852 0.791852 0.791852 0.791852 0.791852 0.791852 0.791852 0.791852 0.791852 0.791852 0.791852 0.791852 0.791852 0.791852 0.791852 0.791852 0.791852 0.791852 0.791852 0.791852 0.791852 0.791852 0.791852 0.791852 0.791852 0.791852 0.791852 0.791852 0.791852 0.791852 0.791852 0.791852 0.791852 0.791852 0.791852 0.791852 0.791852
0.791852 0.791852 0.791852 0.791852 0.791852 0.791852 0.791852 0.791852 0.791852 0.791852 0.791852 0.791852 0.791852 0.791852 0.791852 0.791852 0.791852 0.791852 0.791852 0.791852 0.791852 0.791852 0.791852 0.791852 0.791852 0.791852 0.791852 0.791852 0.791852 0.791852 0.791852 0.791852 0.791852 0.791852 0.791852 0.791852 0.791852 0.791852 0.791852 0.791852 0.791852 0.791852 0.791852 0.791852 0.791852 0.791852 0.791852 0.791852 0.791852 0.791852 0.791852 0.791852 0.791852 0.791852 0.791852 0.791852 0.791852 0.791852 0.791852 0.791852 0.791852 0.791852 0.791852 0.791852
0.791852 0.791852 0.791852 0.791852 0.791852 0.791852 0.791852 0.791852 0.791852 0.791852 0.791852 0.791852 0.791852 0.791852 0.791852 0.791852 0.791852 0.791852 0.791852 0.791852 0.791852 0.791852 0.791852 0.791852 0.791852 0.791852 0.791852 0.791852 0.791852 0.791852 0.791852 0.791852 0.791852 0.791852 0.791852 0.791852 0.791852 0.791852 0.791852 0.791852 0.791852 0.791852 0.791852 0.791852 0.791852 0.791852 0.791852 0.791852 0.791852 0.791852 0.791852 0.791852 0.791852 0.791852 0.791852 0.791852 0.791852 0.791852 0.791852 0.791852 0.791852 0.791852 0.791852 0.791852
0.791852 0.791852 0.791852 0.791852 0.791852 0.791852 0.791852 0.791852 0.791852 0.791852 0.791852 0.791852 0.791852 0.791852 0.791852 0.791852 0.791852 0.791852 0.791852 0.791852 0.791852 0.791852 0.791852 0.791852 0.791852 0.791852 0.791852 0.791852 0.791852 0.791852 0.791852 0.791852 0.791852 0.791852 0.791852 0.791852 0.791852 0.791852 0.791852 0.791852 0.791852 0.791852 0.791852 0.791852 0.791852 0.791852 0.791852 0.791852 0.791852 0.791852 0.791852 0.791852 0.791852 0.791852 0.791852 0.791852 0.791852 0.791852 0.791852 0.791852 0.791852 0.791852 0.791852 0.791852
0.791852 0.791852 0.791852 0.791852 0.791852 0.791852 0.791852 0.791852 0.791852 0.791852 0.791852 0.791852 0.791852 0.791852 0.791852 0.791852 0.791852 0.791852 0.791852 0.791852 0.791852 0.791852 0.791852 0.791852 0.791852 0.791852 0.791852 0.791852 0.791852 0.791852 0.791852 0.791852 0.791852 0.791852 0.791852 0.791852 0.791852 0.791852 0.791852 0.791852 0.791852 0.791852 0.791852 0.791852 0.791852 0.791852 0.791852 0.791852 0.791852 0.791852 0.791852 0.791852 0.791852 0.791852 0.791852 0.791852 0.791852 0.791852 0.791852 0.791852 0.791852 0.791852 0.791852 0.791852
0.791852 0.791852 0.791852 0.791852 0.791852 0.791852 0.791852 0.791852 0.791852 0.791852 0.791852 0.791852 0.791852 0.791852 0.791852 0.791852 0.791852 0.791852 0.791852 0.791852 0.791852 0.791852 0.791852 0.791852 0.791852 0.791852 0.791852 0.791852 0.791852 0.791852 0.791852 0.791852 0.791852 0.791852 0.791852 0.791852 0.791852 0.791852 0.791852 0.791852 0.791852 0.791852 0.791852 0.791852 0.791852 0.791852 0.791852 0.791852 0.791852 0.791852 0.791852 0.791852 0.791852 0.791852 0.791852 0.791852 0.791852 0.791852 0.791852 0.791852 0.791852 0.791852 0.791852 0.791852
0.791852 0.791852 0.791852 0.791852 0.791852 0.791852 0.791852 0.791852 0.791852 0.791852 0.791852 0.791852 0.791852 0.791852 0.791852 0.791852 0.791852 0.791852 0.791852 0.791852 0.791852 0.791852 0.791852 0.791852 0.791852 0.791852 0.791852 0.791852 0.791852 0.791852 0.791852 0.791852 0.791852 0.791852 0.791852 0.791852 0.791852 0.791852 0.791852 0.791852 0.791852 0.791852 0.791852 0.791852 0.791852 0.791852 0.791852 0.791852 0.791852 0.791852 0.791852 0.791852 0.791852 0.791852 0.791852 0.791852 0.791852 0.791852 0.791852 0.791852 0.791852 0.791852 0.791852 0.791852
0.791852 0.791852 0.791852 0.791852 0.791852 0.791852 0.791852 0.791852 0.791852 0.791852 0.791852 0.791852 0.791852 0.791852 0.791852 0.791852 0.791852 0.791852 0.791852 0.791852 0.791852 0.791852 0.791852 0.791852 0.791852 0.791852 0.791852 0.791852 0.791852 0.791852 0.791852 0.791852 0.791852 0.791852 0.791852 0.791852 0.791852 0.791852 0.791852 0.791852 0.791852 0.791852 0.791852 0.791852 0.791852 0.791852 0.791852 0.791852 0.791852 0.791852 0.791852 0.791852 0.791852 0.791852 0.791852 0.791852 0.791852 0.791852 0.791852 0.791852 0.791852 0.791852 0.791852 0.791852
0.791852 0.791852 0.791852 0.791852 0.791852 0.791852 0.791852 0.791852 0.791852 0.791852 0.791852 0.791852 0.791852 0.791852 0.791852 0.791852 0.791852 0.791852 0.791852 0.791852 0.791852 0.791852 0.791852 0.791852 0.791852 0.791852 0.791852 0.791852 0.791852 0.791852 0.791852 0.791852 0.791852 0.791852 0.791852 0.791852 0.791852 0.791852 0.791852 0.791852 0.791852 0.791852 0.791852 0.791852 0.791852 0.791852 0.791852 0.791852 0.791852 0.791852 0.791852 0.791852 0.791852 0.791852 0.791852 0.791852 0.791852 0.791852 0.791852 0.791852 0.791852 0.791852 0.791852 0.791852
0.791852 0.791852 0.791852 0.791852 0.791852 0.791852 0.791852 0.791852 0.791852 0.791852 0.791852 0.791852 0.791852 0.791852 0.791852 0.791852 0.791852 0.791852 0.791852 0.791852 0.791852 0.791852 0.791852 0.791852 0.791852 0.791852 0.791852 0.791852 0.791852 0.791852 0.791852 0.791852 0.791852 0.791852 0.791852 0.791852 0.791852 0.791852 0.791852 0.791852 0.791852 0.791852 0.791852 0.791852 0.791852 0.791852 0.791852 0.791852 0.791852 0.791852 0.791852 0.791852 0.791852 0.791852 0.791852 0.791852 0.791852 0.791852 0.791852 0.791852 0.791852 0.791852 0.791852 0.791852
0.791852 0.791852 0.791852 0.791852 0.791852 0.791852 0.791852 0.791852 0.791852 0.791852 0.791852 0.791852 0.791852 0.791852 0.791852 0.791852 0.791852 0.791852 0.791852 0.791852 0.791852 0.791852 0.791852 0.791852 0.791852 0.791852 0.791852 0.791852 0.791852 0.791852 0.791852 0.791852 0.791852 0.791852 0.791852 0.791852 0.791852 0.791852 0.791852 0.791852 0.791852 0.791852 0.791852 0.791852 0.791852 0.791852 0.791852 0.791852 0.791852 0.791852 0.791852 0.791852 0.791852 0.791852 0.791852 0.791852 0.791852 0.791852 0.791852 0.791852 0.791852 0.791852 0.791852 0.791852
0.791852 0.791852 0.791852 0.791852 0.791852 0.791852 0.791852 0.791852 0.791852 0.791852 0.791852 0.791852 0.791852 0.791852 0.791852 0.791852 0.791852 0.791852 0.791852 0.791852 0.791852 0.791852 0.791852 0.791852 0.791852 0.791852 0.791852 0.791852 0.791852 0.791852 0.791852 0.791852 0.791852 0.791852 0.791852 0.791852 0.791852 0.791852 0.791852 0.791852 0.791852 0.791852 0.791852 0.791852 0.791852 0.791852 0.791852 0.791852 0.791852 0.791852 0.791852 0.791852 0.791852 0.791852 0.791852 0.791852 0.791852 0.791852 0.791852 0.791852 0.791852 0.791852 0.791852 0.791852
0.791852 0.791852 0.791852 0.791852 0.791852 0.791852 0.791852 0.791852 0.791852 0.791852 0.791852 0.791852 0.791852 0.791852 0.791852 0.791852 0.791852 0.791852 0.791852 0.791852 0.791852 0.791852 0.791852 0.791852 0.791852 0.791852 0.791852 0.791852 0.791852 0.791852 0.791852 0.791852 0.791852 0.791852 0.791852 0.791852 0.791852 0.791852 0.791852 0.791852 0.791852 0.791852 0.791852 0.791852 0.791852 0.791852 0.791852 0.791852 0.791852 0.791852 0.791852 0.791852 0.791852 0.791852 0.791852 0.791852 0.791852 0.791852 0.791852 0.791852 0.791852 0.791852 0.791852 0.791852
0.791852 0.791852 0.791852 0.791852 0.791852 0.791852 0.791852 0.791852 0.791852 0.791852 0.791852 0.791852 0.791852 0.791852 0.791852 0.791852 0.791852 0.791852 0.791852 0.791852 0.791852 0.791852 0.791852 0.791852 0.791852 0.791852 0.791852 0.791852 0.791852 0.791852 0.791852 0.791852 0.791852 0.791852 0.791852 0.791852 0.791852 0.791852 0.791852 0.791852 0.791852 0.791852 0.791852 0.791852 0.791852 0.791852 0.791852 0.791852 0.791852 0.791852 0.791852 0.791852 0.791852 0.791852 0.791852 0.791852 0.791852 0.791852 0.791852 0.791852 0.791852 0.791852 0.791852 0.791852
0.791852 0.791852 0.791852 0.791852 0.791852 0.791852 0.791852 0.791852 0.791852 0.791852 0.791852 0.791852 0.791852 0.791852 0.791852 0.791852 0.791852 0.791852 0.791852 0.791852 0.791852 0.791852 0.791852 0.791852 0.791852 0.791852 0.791852 0.791852 0.791852 0.791852 0.791852 0.791852 0.791852 0.791852 0.791852 0.791852 0.791852 0.791852 0.791852 0.791852 0.791852 0.791852 0.791852 0.791852 0.791852 0.791852 0.791852 0.791852 0.791852 0.791852 0.791852 0.791852 0.791852 0.791852 0.791852 0.791852 0.791852 0.791852 0.791852 0.791852 0.791852 0.791852 0.791852 0.791852
0.791852 0.791852 0.791852 0.791852 0.791852 0.791852 0.791852 0.791852 0.791852 0.791852 0.791852 0.791852 0.791852 0.791852 0.791852 0.791852 0.791852 0.791852 0.791852 0.791852 0.791852 0.791852 0.791852 0.791852 0.791852 0.791852 0.791852 0.791852 0.791852 0.791852 0.791852 0.791852 0.791852 0.791852 0.791852 0.791852 0.791852 0.791852 0.791852 0.791852 0.791852 0.791852 0.791852 0.791852 0.791852 0.791852 0.791852 0.791852 0.791852 0.791852 0.791852 0.791852 0.791852 0.791852 0.791852 0.791852 0.791852 0.791852 0.791852 0.791852 0.791852 0.791852 0.791852 0.791852
0.791852 0.791852 0.791852 0.791852 0.791852 0.791852 0.791852 0.791852 0.791852 0.791852 0.791852 0.791852 0.791852 0.791852 0.791852 0.791852 0.791852 0.791852 0.791852 0.791852 0.791852 0.791852 0.791852 0.791852 0.791852 0.791852 0.791852 0.791852 0.791852 0.791852 0.791852 0.791852 0.791852 0.791852 0.791852 0.791852 0.791852 0.791852 0.791852 0.791852 0.791852 0.791852 0.791852 0.791852 0.791852 0.791852 0.791852 0.791852 0.791852 0.791852 0.791852 0.791852 0.791852 0.791852 0.791852 0.791852 0.791852 0.791852 0.791852 0.791852 0.791852 0.791852 0.791852 0.791852
0.791852 0.791852 0.791852 0.791852 0.791852 0.791852 0.791852 0.791852 0.791852 0.791852 0.791852 0.791852 0.791852 0.791852 0.791852 0.791852 0.791852 0.791852 0.791852 0.791852 0.791852 0.791852 0.791852 0.791852 0.791852 0.791852 0.791852 0.791852 0.791852 0.791852 0.791852 0.791852 0.791852 0.791852 0.791852 0.791852 0.791852 0.791852 0.791852 0.791852 0.791852 0.791852 0.791852 0.791852 0.791852 0.791852 0.791852 0.791852 0.791852 0.791852 0.791852 0.791852 0.791852 0.791852 0.791852 0.791852 0.791852 0.791852 0.791852 0.791852 0.791852 0.791852 0.791852 0.791852
0.791852 0.791852 0.791852 0.791852 0.791852 0.791852 0.791852 0.791852 0.791852 0.791852 0.791852 0.791852 0.791852 0.791852 0.791852 0.791852 0.791852 0.791852 0.791852 0.791852 0.791852 0.791852 0.791852 0.791852 0.791852 0.791852 0.791852 0.791852 0.791852 0.791852 0.791852 0.791852 0.791852 0.791852 0.791852 0.791852 0.791852 0.791852 0.791852 0.791852 0.791852 0.791852 0.791852 0.791852 0.791852 0.791852 0.791852 0.791852 0.791852 0.791852 0.791852 0.791852 0.791852 0.791852 0.791852 0.791852 0.791852 0.791852 0.791852 0.791852 0.791852 0.791852 0.791852 0.791852
0.791852 0.791852 0.791852 0.791852 0.791852 0.791852 0.791852 0.791852 0.791852 0.791852 0.791852 0.791852 0.791852 0.791852 0.791852 0.791852 0.791852 0.791852 0.791852 0.791852 0.791852 0.791852 0.791852 0.791852 0.791852 0.791852 0.791852 0.791852 0.791852 0.791852 0.791852 0.791852 0.791852 0.791852 0.791852 0.791852 0.791852 0.791852 0.791852 0.791852 0.791852 0.791852 0.791852 0.791852 0.791852 0.791852 0.791852 0.791852 0.791852 0.791852 0.791852 0.791852 0.791852 0.791852 0.791852 0.791852 0.791852 0.791852 0.791852 0.791852 0.791852 0.791852 0.791852 0.791852
0.791852 0.791852 0.791852 0.791852 0.791852 0.791852 0.791852 0.791852 0.791852 0.791852 0.791852 0.791852 0.791852 0.791852 0.791852 0.791852 0.791852 0.791852 0.791852 0.791852 0.791852 0.791852 0.791852 0.791852 0.791852 0.791852 0.791852 0.791852 0.791852 0.791852 0.791852 0.791852 0.791852 0.791852 0.791852 0.791852 0.791852 0.791852 0.791852 0.791852 0.791852 0.791852 0.791852 0.791852 0.791852 0.791852 0.791852 0.791852 0.791852 0.791852 0.791852 0.791852 0.791852 0.791852 0.791852 0.791852 0.791852 0.791852 0.791852 0.791852 0.791852 0.791852 0.791852 0.791852
0.791852 0.791852 0.791852 0.791852 0.791852 0.791852 0.791852 0.791852 0.791852 0.791852 0.791852 0.791852 0.791852 0.791852 0.791852 0.791852 0.791852 0.791852 0.791852 0.791852 0.791852 0.791852 0.791852 0.791852 0.791852 0.791852 0.791852 0.791852 0.791852 0.791852 0.791852 0.791852 0.791852 0.791852 0.791852 0.791852 0.791852 0.791852 0.791852 0.791852 0.791852 0.791852 0.791852 0.791852 0.791852 0.791852 0.791852 0.791852 0.791852 0.791852 0.791852 0.791852 0.791852 0.791852 0.791852 0.791852 0.791852 0.791852 0.791852 0.791852 0.791852 0.791852 0.791852 0.791852
0.791852 0.791852 0.791852 0.791852 0.791852 0.791852 0.791852 0.791852 0.791852 0.791852 0.791852 0.791852 0.791852 0.791852 0.791852 0.791852 0.791852 0.791852 0.791852 0.791852 0.791852 0.791852 0.791852 0.791852 0.791852 0.791852 0.791852 0.791852 0.791852 0.791852 0.791852 0.791852 0.791852 0.791852 0.791852 0.791852 0.791852 0.791852 0.791852 0.791852 0.791852 0.791852 0.791852 0.791852 0.791852 0.791852 0.791852 0.791852 0.791852 0.791852 0.791852 0.791852 0.791852 0.791852 0.791852 0.791852 0.791852 0.791852 0.791852 0.791852 0.791852 0.791852 0.791852 0.791852
0.791852 0.791852 0.791852 0.791852 0.791852 0.791852 0.791852 0.791852 0.791852 0.791852 0.791852 0.791852 0.791852 0.791852 0.791852 0.791852 0.791852 0.791852 0.791852 0.791852 0.791852 0.791852 0.791852 0.791852 0.791852 0.791852 0.791852 0.791852 0.791852 0.791852 0.791852 0.791852 0.791852 0.791852 0.791852 0.791852 0.791852 0.791852 0.791852 0.791852 0.791852 0.791852 0.791852 0.791852 0.791852 0.791852 0.791852 0.791852 0.791852 0.791852 0.791852 0.791852 0.791852 0.791852 0.791852 0.791852 0.791852 0.791852 0.791852 0.791852 0.791852 0.791852 0.791852 0.791852
0.791852 0.791852 0.791852 0.791852 0.791852 0.791852 0.791852 0.791852 0.791852 0.791852 0.791852 0.791852 0.791852 0.791852 0.791852 0.791852 0.791852 0.791852 0.791852 0.791852 0.791852 0.791852 0.791852 0.791852 0.791852 0.791852 0.791852 0.791852 0.791852 0.791852 0.791852 0.791852 0.791852 0.791852 0.791852 0.791852 0.791852 0.791852 0.791852 0.791852 0.791852 0.791852 0.791852 0.791852 0.791852 0.791852 0.791852 0.791852 0.791852 0.791852 0.791852 0.791852 0.791852 0.791852 0.791852 0.791852 0.791852 0.791852 0.791852 0.791852 0.791852 0.791852 0.791852 0.791852
0.791852 0.791852 0.791852 0.791852 0.791852 0.791852 0.791852 0.791852 0.791852 0.791852 0.791852 0.791852 0.791852 0.791852 0.791852 0.791852 0.791852 0.791852 0.791852 0.791852 0.791852 0.791852 0.791852 0.791852 0.791852 0.791852 0.791852 0.791852 0.791852 0.791852 0.791852 0.791852 0.791852 0.791852 0.791852 0.791852 0.791852 0.791852 0.791852 0.791852 0.791852 0.791852 0.791852 0.791852 0.791852 0.791852 0.791852 0.791852 0.791852 0.791852 0.791852 0.791852 0.791852 0.791852 0.791852 0.791852 0.791852 0.791852 0.791852 0.791852 0.791852 0.791852 0.791852 0.791852
0.791852 0.791852 0.791852 0.791852 0.791852 0.791852 0.791852 0.791852 0.791852 0.791852 0.791852 0.791852 0.791852 0.791852 0.791852 0.791852 0.791852 0.791852 0.791852 0.791852 0.791852 0.791852 0.791852 0.791852 0.791852 0.791852 0.791852 0.791852 0.791852 0.791852 0.791852 0.791852 0.791852 0.791852 0.791852 0.791852 0.791852 0.791852 0.791852 0.791852 0.791852 0.791852 0.791852 0.791852 0.791852 0.791852 0.791852 0.791852 0.791852 0.791852 0.791852 0.791852 0.791852 0.791852 0.791852 0.791852 0.791852 0.791852 0.791852 0.791852 0.791852 0.791852 0.791852 0.791852
0.791852 0.791852 0.791852 0.791852 0.791852 0.791852 0.791852 0.791852 0.791852 0.791852 0.791852 0.791852 0.791852 0.791852 0.791852 0.791852 0.791852 0.791852 0.791852 0.791852 0.791852 0.791852 0.791852 0.791852 0.791852 0.791852 0.791852 0.791852 0.791852 0.791852 0.791852 0.791852 0.791852 0.791852 0.791852 0.791852 0.791852 0.791852 0.791852 0.791852 0.791852 0.791852 0.791852 0.791852 0.791852 0.791852 0.791852 0.791852 0.791852 0.791852 0.791852 0.791852 0.791852 0.791852 0.791852 0.791852 0.791852 0.791852 0.791852 0.791852 0.791852 0.791852 0.791852 0.791852
0.791852 0.791852 0.791852 0.791852 0.791852 0.791852 0.791852 0.791852 0.791852 0.791852 0.791852 0.791852 0.791852 0.791852 0.791852 0.791852 0.791852 0.791852 0.791852 0.791852 0.791852 0.791852 0.791852 0.791852 0.791852 0.791852 0.791852 0.791852 0.791852 0.791852 0.791852 0.791852 0.791852 0.791852 0.791852 0.791852 0.791852 0.791852 0.791852 0.791852 0.791852 0.791852 0.791852 0.791852 0.791852 0.791852 0.791852 0.791852 0.791852 0.791852 0.791852 0.791852 0.791852 0.791852 0.791852 0.791852 0.791852 0.791852 0.791852 0.791852 0.791852 0.791852 0.791852 0.791852
0.791852 0.791852 0.791852 0.791852 0.791852 0.791852 0.791852 0.791852 0.791852 0.791852 0.791852 0.791852 0.791852 0.791852 0.791852 0.791852 0.791852 0.791852 0.791852 0.791852 0.791852 0.791852 0.791852 0.791852 0.791852 0.791852 0.791852 0.791852 0.791852 0.791852 0.791852 0.791852 0.791852 0.791852 0.791852 0.791852 0.791852 0.791852 0.791852 0.791852 0.791852 0.791852 0.791852 0.791852 0.791852 0.791852 0.791852 0.791852 0.791852 0.791852 0.791852 0.791852 0.791852 0.791852 0.791852 0.791852 0.791852 0.791852 0.791852 0.791852 0.791852 0.791852 0.791852 0.791852
0.791852 0.791852 0.791852 0.791852 0.791852 0.791852 0.791852 0.791852 0.791852 0.791852 0.791852 0.791852 0.791852 0.791852 0.791852 0.791852 0.791852 0.791852 0.791852 0.791852 0.791852 0.791852 0.791852 0.791852 0.791852 0.791852 0.791852 0.791852 0.791852 0.791852 0.791852 0.791852 0.791852 0.791852 0.791852 0.791852 0.791852 0.791852 0.791852 0.791852 0.791852 0.791852 0.791852 0.791852 0.791852 0.791852 0.791852 0.791852 0.791852 0.791852 0.791852 0.791852 0.791852 0.791852 0.791852 0.791852 0.791852 0.791852 0.791852 0.791852 0.791852 0.791852 0.791852 0.791852
0.791852 0.791852 0.791852 0.791852 0.791852 0.791852 0.791852 0.791852 0.791852 0.791852 0.791852 0.791852 0.791852 0.791852 0.791852 0.791852 0.791852 0.791852 0.791852 0.791852 0.791852 0.791852 0.791852 0.791852 0.791852 0.791852 0.791852 0.791852 0.791852 0.791852 0.791852 0.791852 0.791852 0.791852 0.791852 0.791852 0.791852 0.791852 0.791852 0.791852 0.791852 0.791852 0.791852 0.791852 0.791852 0.791852 0.791852 0.791852 0.791852 0.791852 0.791852 0.791852 0.791852 0.791852 0.791852 0.791852 0.791852 0.791852 0.791852 0.791852 0.791852 0.791852 0.791852 0.791852
0.791852 0.791852 0.791852 0.791852 0.791852 0.791852 0.791852 0.791852 0.791852 0.791852 0.791852 0.791852 0.791852 0.791852 0.791852 0.791852 0.791852 0.791852 0.791852 0.791852 0.791852 0.791852 0.791852 0.791852 0.791852 0.791852 0.791852 0.791852 0.791852 0.791852 0.791852 0.791852 0.791852 0.791852 0.791852 0.791852 0.791852 0.791852 0.791852 0.791852 0.791852 0.791852 0.791852 0.791852 0.791852 0.791852 0.791852 0.791852 0.791852 0.791852 0.791852 0.791852 0.791852 0.791852 0.791852 0.791852 0.791852 0.791852 0.791852 0.791852 0.791852 0.791852 0.791852 0.791852
0.791852 0.791852 0.791852 0.791852 0.791852 0.791852 0.791852 0.791852 0.791852 0.791852 0.791852 0.791852 0.791852 0.791852 0.791852 0.791852 0.791852 0.791852 0.791852 0.791852 0.791852 0.791852 0.791852 0.791852 0.791852 0.791852 0.791852 0.791852 0.791852 0.791852 0.791852 0.791852 0.791852 0.791852 0.791852 0.791852 0.791852 0.791852 0.791852 0.791852 0.791852 0.791852 0.791852 0.791852 0.791852 0.791852 0.791852 0.791852 0.791852 0.791852 0.791852 0.791852 0.791852 0.791852 0.791852 0.791852 0.791852 0.791852 0.791852 0.791852 0.791852 0.791852 0.791852 0.791852
0.791852 0.791852 0.791852 0.791852 0.791852 0.791852 0.791852 0.791852 0.791852 0.791852 0.791852 0.791852 0.791852 0.791852 0.791852 0.791852 0.791852 0.791852 0.791852 0.791852 0.791852 0.791852 0.791852 0.791852 0.791852 0.791852 0.791852 0.791852 0.791852 0.791852 0.791852 0.791852 0.791852 0.791852 0.791852 0.791852 0.791852 0.791852 0.791852 0.791852 0.791852 0.791852 0.791852 0.791852 0.791852 0.791852 0.791852 0.791852 0.791852 0.791852 0.791852 0.791852 0.791852 0.791852 0.791852 0.791852 0.791852 0.791852 0.791852 0.791852 0.791852 0.791852 0.791852 0.791852
0.791852 0.791852 0.791852 0.791852 0.791852 0.791852 0.791852 0.791852 0.791852 0.791852 0.791852 0.791852 0.791852 0.791852 0.791852 0.791852 0.791852 0.791852 0.791852 0.791852 0.791852 0.791852 0.791852 0.791852 0.791852 0.791852 0.791852 0.791852 0.791852 0.791852 0.791852 0.791852 0.791852 0.791852 0.791852 0.791852 0.791852 0.791852 0.791852 0.791852 0.791852 0.791852 0.791852 0.791852 0.791852 0.791852 0.791852 0.791852 0.791852 0.791852 0.791852 0.791852 0.791852 0.791852 0.791852 0.791852 0.791852 0.791852 0.791852 0.791852 0.791852 0.791852 0.791852 0.791852
0.791852 0.791852 0.791852 0.791852 0.791852 0.791852 0.791852 0.791852 0.791852 0.791852 0.791852 0.791852 0.791852 0.791852 0.791852 0.791852 0.791852 0.791852 0.791852 0.791852 0.791852 0.791852 0.791852 0.791852 0.791852 0.791852 0.791852 0.791852 0.791852 0.791852 0.791852 0.791852 0.791852 0.791852 0.791852 0.791852 0.791852 0.791852 0.791852 0.791852 0.791852 0.791852 0.791852 0.791852 0.791852 0.791852 0.791852 0.791852 0.791852 0.791852 0.791852 0.791852 0.791852 0.791852 0.791852 0.791852 0.791852 0.791852 0.791852 0.791852 0.791852 0.791852 0.791852 0.791852
0.791852 0.791852 0.791852 0.791852 0.791852 0.791852 0.791852 0.791852 0.791852 0.791852 0.791852 0.791852 0.791852 0.791852 0.791852 0.791852 0.791852 0.791852 0.791852 0.791852 0.791852 0.791852 0.791852 0.791852 0.791852 0.791852 0.791852 0.791852 0.791852 0.791852 0.791852 0.791852 0.791852 0.791852 0.791852 0.791852 0.791852 0.791852 0.791852 0.791852 0.791852 0.791852 0.791852 0.791852 0.791852 0.791852 0.791852 0.791852 0.791852 0.791852 0.791852 0.791852 0.791852 0.791852 0.791852 0.791852 0.791852 0.791852 0.791852 0.791852 0.791852 0.791852 0.791852 0.791852
0.791852 0.791852 0.791852 0.791852 0.791852 0.791852 0.791852 0.791852 0.791852 0.791852 0.791852 0.791852 0.791852 0.791852 0.791852 0.791852 0.791852 0.791852 0.791852 0.791852 0.791852 0.791852 0.791852 0.791852 0.791852 0.791852 0.791852 0.791852 0.791852 0.791852 0.791852 0.791852 0.791852 0.791852 0.791852 0.791852 0.791852 0.791852 0.791852 0.791852 0.791852 0.791852 0.791852 0.791852 0.791852 0.791852 0.791852 0.791852 0.791852 0.791852 0.791852 0.791852 0.791852 0.791852 0.791852 0.791852 0.791852 0.791852 0.791852 0.791852 0.791852 0.791852 0.791852 0.791852
0.791852 0.791852 0.791852 0.791852 0.791852 0.791852 0.791852 0.791852 0.791852 0.791852 0.791852 0.791852 0.791852 0.791852 0.791852 0.791852 0.791852 0.791852 0.791852 0.791852 0.791852 0.791852 0.791852 0.791852 0.791852 0.791852 0.791852 0.791852 0.791852 0.791852 0.791852 0.791852 0.791852 0.791852 0.791852 0.791852 0.791852 0.791852 0.791852 0.791852 0.791852 0.791852 0.791852 0.791852 0.791852 0.791852 0.791852 0.791852 0.791852 0.791852 0.791852 0.791852 0.791852 0.791852 0.791852 0.791852 0.791852 0.791852 0.791852 0.791852 0.791852 0.791852 0.791852 0.791852
0.791852 0.791852 0.791852 0.791852 0.791852 0.791852 0.791852 0.791852 0.791852 0.791852 0.791852 0.791852 0.791852 0.791852 0.791852 0.791852 0.791852 0.791852 0.791852 0.791852 0.791852 0.791852 0.791852 0.791852 0.791852 0.791852 0.791852 0.791852 0.791852 0.791852 0.791852 0.791852 0.791852 0.791852 0.791852 0.791852 0.791852 0.791852 0.791852 0.791852 0.791852 0.791852 0.791852 0.791852 0.791852 0.791852 0.791852 0.791852 0.791852 0.791852 0.791852 0.791852 0.791852 0.791852 0.791852 0.791852 0.791852 0.791852 0.791852 0.791852 0.791852 0.791852 0.791852 0.791852
0.791852 0.791852 0.791852 0.791852 0.791852 0.791852 0.791852 0.791852 0.791852 0.791852 0.791852 0.791852 0.791852 0.791852 0.791852 0.791852 0.791852 0.791852 0.791852 0.791852 0.791852 0.791852 0.791852 0.791852 0.791852 0.791852 0.791852 0.791852 0.791852 0.791852 0.791852 0.791852 0.791852 0.791852 0.791852 0.791852 0.791852 0.791852 0.791852 0.791852 0.791852 0.791852 0.791852 0.791852 0.791852 0.791852 0.791852 0.791852 0.791852 0.791852 0.791852 0.791852 0.791852 0.791852 0.791852 0.791852 0.791852 0.791852 0.791852 0.791852 0.791852 0.791852 0.791852 0.791852
0.791852 0.791852 0.791852 0.791852 0.791852 0.791852 0.791852 0.791852 0.791852 0.791852 0.791852 0.791852 0.791852 0.791852 0.791852 0.791852 0.791852 0.791852 0.791852 0.791852 0.791852 0.791852 0.791852 0.791852 0.791852 0.791852 0.791852 0.791852 0.791852 0.791852 0.791852 0.791852 0.791852 0.791852 0.791852 0.791852 0.791852 0.791852 0.791852 0.791852 0.791852 0.791852 0.791852 0.791852 0.791852 0.791852 0.791852 0.791852 0.791852 0.791852 0.791852 0.791852 0.791852 0.791852 0.791852 0.791852 0.791852 0.791852 0.791852 0.791852 0.791852 0.791852 0.791852 0.791852
0.791852 0.791852 0.791852 0.791852 0.791852 0.791852 0.791852 0.791852 0.791852 0.791852 0.791852 0.791852 0.791852 0.791852 0.791852 0.791852 0.791852 0.791852 0.791852 0.791852 0.791852 0.791852 0.791852 0.791852 0.791852 0.791852 0.791852 0.791852 0.791852 0.791852 0.791852 0.791852 0.791852 0.791852 0.791852 0.791852 0.791852 0.791852 0.791852 0.791852 0.791852 0.791852 0.791852 0.791852 0.791852 0.791852 0.791852 0.791852 0.791852 0.791852 0.791852 0.791852 0.791852 0.791852 0.791852 0.791852 0.791852 0.791852 0.791852 0.791852 0.791852 0.791852 0.791852 0.791852
0.791852 0.791852 0.791852 0.791852 0.791852 0.791852 0.791852 0.791852 0.791852 0.791852 0.791852 0.791852 0.791852 0.791852 0.791852 0.791852 0.791852 0.791852 0.791852 0.791852 0.791852 0.791852 0.791852 0.791852 0.791852 0.791852 0.791852 0.791852 0.791852 0.791852 0.791852 0.791852 0.791852 0.791852 0.791852 0.791852 0.791852 0.791852 0.791852 0.791852 0.791852 0.791852 0.791852 0.791852 0.791852 0.791852 0.791852 0.791852 0.791852 0.791852 0.791852 0.791852 0.791852 0.791852 0.791852 0.791852 0.791852 0.791852 0.791852 0.791852 0.791852 0.791852 0.791852 0.791852
0.791852 0.791852 0.791852 0.791852 0.791852 0.791852 0.791852 0.791852 0.791852 0.791852 0.791852 0.791852 0.791852 0.791852 0.791852 0.791852 0.791852 0.791852 0.791852 0.791852 0.791852 0.791852 0.791852 0.791852 0.791852 0.791852 0.791852 0.791852 0.791852 0.791852 0.791852 0.791852 0.791852 0.791852 0.791852 0.791852 0.791852 0.791852 0.791852 0.791852 0.791852 0.791852 0.791852 0.791852 0.791852 0.791852 0.791852 0.791852 0.791852 0.791852 0.791852 0.791852 0.791852 0.791852 0.791852 0.791852 0.791852 0.791852 0.791852 0.791852 0.791852 0.791852 0.791852 0.791852
0.791852 0.791852 0.791852 0.791852 0.791852 0.791852 0.791852 0.791852 0.791852 0.791852 0.791852 0.791852 0.791852 0.791852 0.791852 0.791852 0.791852 0.791852 0.791852 0.791852 0.791852 0.791852 0.791852 0.791852 0.791852 0.791852 0.791852 0.791852 0.791852 0.791852 0.791852 0.791852 0.791852 0.791852 0.791852 0.791852 0.791852 0.791852 0.791852 0.791852 0.791852 0.791852 0.791852 0.791852 0.791852 0.791852 0.791852 0.791852 0.791852 0.791852 0.791852 0.791852 0.791852 0.791852 0.791852 0.791852 0.791852 0.791852 0.791852 0.791852 0.791852 0.791852 0.791852 0.791852
0.791852 0.791852 0.791852 0.791852 0.791852 0.791852 0.791852 0.791852 0.791852 0.791852 0.791852 0.791852 0.791852 0.791852 0.791852 0.791852 0.791852 0.791852 0.791852 0.791852 0.791852 0.791852 0.791852 0.791852 0.791852 0.791852 0.791852 0.791852 0.791852 0.791852 0.791852 0.791852 0.791852 0.791852 0.791852 0.791852 0.791852 0.791852 0.791852 0.791852 0.791852 0.791852 0.791852 0.791852 0.791852 0.791852 0.791852 0.791852 0.791852 0.791852 0.791852 0.791852 0.791852 0.791852 0.791852 0.791852 0.791852 0.791852 0.791852 0.791852 0.791852 0.791852 0.791852 0.791852
0.791852 0.791852 0.791852 0.791852 0.791852 0.791852 0.791852 0.791852 0.791852 0.791852 0.791852 0.791852 0.791852 0.791852 0.791852 0.791852 0.791852 0.791852 0.791852 0.791852 0.791852 0.791852 0.791852 0.791852 0.791852 0.791852 0.791852 0.791852 0.791852 0.791852 0.791852 0.791852 0.791852 0.791852 0.791852 0.791852 0.791852 0.791852 0.791852 0.791852 0.791852 0.791852 0.791852 0.791852 0.791852 0.791852 0.791852 0.791852 0.791852 0.791852 0.791852 0.791852 0.791852 0.791852 0.791852 0.791852 0.791852 0.791852 0.791852 0.791852 0.791852 0.791852 0.791852 0.791852
0.791852 0.791852 0.791852 0.791852 0.791852 0.791852 0.791852 0.791852 0.791852 0.791852 0.791852 0.791852 0.791852 0.791852 0.791852 0.791852 0.791852 0.791852 0.791852 0.791852 0.791852 0.791852 0.791852 0.791852 0.791852 0.791852 0.791852 0.791852 0.791852 0.791852 0.791852 0.791852 0.791852 0.791852 0.791852 0.791852 0.791852 0.791852 0.791852 0.791852 0.791852 0.791852 0.791852 0.791852 0.791852 0.791852 0.791852 0.791852 0.791852 0.791852 0.791852 0.791852 0.791852 0.791852 0.791852 0.791852 0.791852 0.791852 0.791852 0.791852 0.791852 0.791852 0.791852 0.791852
0.791852 0.791852 0.791852 0.791852 0.791852 0.791852 0.791852 0.791852 0.791852 0.791852 0.791852 0.791852 0.791852 0.791852 0.791852 0.791852 0.791852 0.791852 0.791852 0.791852 0.791852 0.791852 0.791852 0.791852 0.791852 0.791852 0.791852 0.791852 0.791852 0.791852 0.791852 0.791852 0.791852 0.791852 0.791852 0.791852 0.791852 0.791852 0.791852 0.791852 0.791852 0.791852 0.791852 0.791852 0.791852 0.791852 0.791852 0.791852 0.791852 0.791852 0.791852 0.791852 0.791852 0.791852 0.791852 0.791852 0.791852 0.791852 0.791852 0.791852 0.791852 0.791852 0.791852 0.791852
0.791852 0.791852 0.791852 0.791852 0.791852 0.791852 0.791852 0.791852 0.791852 0.791852 0.791852 0.791852 0.791852 0.791852 0.791852 0.791852 0.791852 0.791852 0.791852 0.791852 0.791852 0.791852 0.791852 0.791852 0.791852 0.791852 0.791852 0.791852 0.791852 0.791852 0.791852 0.791852 0.791852 0.791852 0.791852 0.791852 0.791852 0.791852 0.791852 0.791852 0.791852 0.791852 0.791852 0.791852 0.791852 0.791852 0.791852 0.791852 0.791852 0.791852 0.791852 0.791852 0.791852 0.791852 0.791852 0.791852 0.791852 0.791852 0.791852 0.791852 0.791852 0.791852 0.791852 0.791852
0.791852 0.791852 0.791852 0.791852 0.791852 0.791852 0.791852 0.791852 0.791852 0.791852 0.791852 0.791852 0.791852 0.791852 0.791852 0.791852 0.791852 0.791852 0.791852 0.791852 0.791852 0.791852 0.791852 0.791852 0.791852 0.791852 0.791852 0.791852 0.791852 0.791852 0.791852 0.791852 0.791852 0.791852 0.791852 0.791852 0.791852 0.791852 0.791852 0.791852 0.791852 0.791852 0.791852 0.791852 0.791852 0.791852 0.791852 0.791852 0.791852 0.791852 0.791852 0.791852 0.791852 0.791852 0.791852 0.791852 0.791852 0.791852 0.791852 0.791852 0.791852 0.791852 0.791852 0.791852
0.791852 0.791852 0.791852 0.791852 0.791852 0.791852 0.791852 0.791852 0.791852 0.791852 0.791852 0.791852 0.791852 0.791852 0.791852 0.791852 0.791852 0.791852 0.791852 0.791852 0.791852 0.791852 0.791852 0.791852 0.791852 0.791852 0.791852 0.791852 0.791852 0.791852 0.791852 0.791852 0.791852 0.791852 0.791852 0.791852 0.791852 0.791852 0.791852 0.791852 0.791852 0.791852 0.791852 0.791852 0.791852 0.791852 0.791852 0.791852 0.791852 0.791852 0.791852 0.791852 0.791852 0.791852 0.791852 0.791852 0.791852 0.791852 0.791852 0.791852 0.791852 0.791852 0.791852 0.791852
0.791852 0.791852 0.791852 0.791852 0.791852 0.791852 0.791852 0.791852 0.791852 0.791852 0.791852 0.791852 0.791852 0.791852 0.791852 0.791852 0.791852 0.791852 0.791852 0.791852 0.791852 0.791852 0.791852 0.791852 0.791852 0.791852 0.791852 0.791852 0.791852 0.791852 0.791852 0.791852 0.791852 0.791852 0.791852 0.791852 0.791852 0.791852 0.791852 0.791852 0.791852 0.791852 0.791852 0.791852 0.791852 0.791852 0.791852 0.791852 0.791852 0.791852 0.791852 0.791852 0.791852 0.791852 0.791852 0.791852 0.791852 0.791852 0.791852 0.791852 0.791852 0.791852 0.791852 0.791852
0.791852 0.791852 0.791852 0.791852 0.791852 0.791852 0.791852 0.791852 0.791852 0.791852 0.791852 0.791852 0.791852 0.791852 0.791852 0.791852 0.791852 0.791852 0.791852 0.791852 0.791852 0.791852 0.791852 0.791852 0.791852 0.791852 0.791852 0.791852 0.791852 0.791852 0.791852 0.791852 0.791852 0.791852 0.791852 0.791852 0.791852 0.791852 0.791852 0.791852 0.791852 0.791852 0.791852 0.791852 0.791852 0.791852 0.791852 0.791852 0.791852 0.791852 0.791852 0.791852 0.791852 0.791852 0.791852 0.791852 0.791852 0.791852 0.791852 0.791852 0.791852 0.791852 0.791852 0.791852
0.791852 0.791852 0.791852 0.791852 0.791852 0.791852 0.791852 0.791852 0.791852 0.791852 0.791852 0.791852 0.791852 0.791852 0.791852 0.791852 0.791852 0.791852 0.791852 0.791852 0.791852 0.791852 0.791852 0.791852 0.791852 0.791852 0.791852 0.791852 0.791852 0.791852 0.791852 0.791852 0.791852 0.791852 0.791852 0.791852 0.791852 0.791852 0.791852 0.791852 0.791852 0.791852 0.791852 0.791852 0.791852 0.791852 0.791852 0.791852 0.791852 0.791852 0.791852 0.791852 0.791852 0.791852 0.791852 0.791852 0.791852 0.791852 0.791852 0.791852 0.791852 0.791852 0.791852 0.791852
0.791852 0.791852 0.791852 0.791852 0.791852 0.791852 0.791852 0.791852 0.791852 0.791852 0.791852 0.791852 0.791852 0.791852 0.791852 0.791852 0.791852 0.791852 0.791852 0.791852 0.791852 0.791852 0.791852 0.791852 0.791852 0.791852 0.791852 0.791852 0.791852 0.791852 0.791852 0.791852 0.791852 0.791852 0.791852 0.791852 0.791852 0.791852 0.791852 0.791852 0.791852 0.791852 0.791852 0.791852 0.791852 0.791852 0.791852 0.791852 0.791852 0.791852 0.791852 0.791852 0.791852 0.791852 0.791852 0.791852 0.791852 0.791852 0.791852 0.791852 0.791852 0.791852 0.791852 0.791852
0.791852 0.791852 0.791852 0.791852 0.791852 0.791852 0.791852 0.791852 0.791852 0.791852 0.791852 0.791852 0.791852 0.791852 0.791852 0.791852 0.791852 0.791852 0.791852 0.791852 0.791852 0.791852 0.791852 0.791852 0.791852 0.791852 0.791852 0.791852 0.791852 0.791852 0.791852 0.791852 0.791852 0.791852 0.791852 0.791852 0.791852 0.791852 0.791852 0.791852 0.791852 0.791852 0.791852 0.791852 0.791852 0.791852 0.791852 0.791852 0.791852 0.791852 0.791852 0.791852 0.791852 0.791852 0.791852 0.791852 0.791852 0.791852 0.791852 0.791852 0.791852 0.791852 0.791852 0.791852
0.791852 0.791852 0.791852 0.791852 0.791852 0.791852 0.791852 0.791852 0.791852 0.791852 0.791852 0.791852 0.791852 0.791852 0.791852 0.791852 0.791852 0.791852 0.791852 0.791852 0.791852 0.791852 0.791852 0.791852 0.791852 0.791852 0.791852 0.791852 0.791852 0.791852 0.791852 0.791852 0.791852 0.791852 0.791852 0.791852 0.791852 0.791852 0.791852 0.791852 0.791852 0.791852 0.791852 0.791852 0.791852 0.791852 0.791852 0.791852 0.791852 0.791852 0.791852 0.791852 0.791852 0.791852 0.791852 0.791852 0.791852 0.791852 0.791852 0.791852 0.791852 0.791852 0.791852 0.791852
0.791852 0.791852 0.791852 0.791852 0.791852 0.791852 0.791852 0.791852 0.791852 0.791852 0.791852 0.791852 0.791852 0.791852 0.791852 0.791852 0.791852 0.791852 0.791852 0.791852 0.791852 0.791852 0.791852 0.791852 0.791852 0.791852 0.791852 0.791852 0.791852 0.791852 0.791852 0.791852 0.791852 0.791852 0.791852 0.791852 0.791852 0.791852 0.791852 0.791852 0.791852 0.791852 0.791852 0.791852 0.791852 0.791852 0.791852 0.791852 0.791852 0.791852 0.791852 0.791852 0.791852 0.791852 0.791852 0.791852 0.791852 0.791852 0.791852 0.791852 0.791852 0.791852 0.791852 0.791852
0.791852 0.791852 0.791852 0.791852 0.791852 0.791852 0.791852 0.791852 0.791852 0.791852 0.791852 0.791852 0.791852 0.791852 0.791852 0.791852 0.791852 0.791852 0.791852 0.791852 0.791852 0.791852 0.791852 0.791852 0.791852 0.791852 0.791852 0.791852 0.791852 0.791852 0.791852 0.791852 0.791852 0.791852 0.791852 0.791852 0.791852 0.791852 0.791852 0.791852 0.791852 0.791852 0.791852 0.791852 0.791852 0.791852 0.791852 0.791852 0.791852 0.791852 0.791852 0.791852 0.791852 0.791852 0.791852 0.791852 0.791852 0.791852 0.791852 0.791852 0.791852 0.791852 0.791852 0.791852
0.791852 0.791852 0.791852 0.791852 0.791852 0.791852 0.791852 0.791852 0.791852 0.791852 0.791852 0.791852 0.791852 0.791852 0.791852 0.791852 0.791852 0.791852 0.791852 0.791852 0.791852 0.791852 0.791852 0.791852 0.791852 0.791852 0.791852 0.791852 0.791852 0.791852 0.791852 0.791852 0.791852 0.791852 0.791852 0.791852 0.791852 0.791852 0.791852 0.791852 0.791852 0.791852 0.791852 0.791852 0.791852 0.791852 0.791852 0.791852 0.791852 0.791852 0.791852 0.791852 0.791852 0.791852 0.791852 0.791852 0.791852 0.791852 0.791852 0.791852 0.791852 0.791852 0.791852 0.791852
0.791852 0.791852 0.791852 0.791852 0.791852 0.791852 0.791852 0.791852 0.791852 0.791852 0.791852 0.791852 0.791852 0.791852 0.791852 0.791852 0.791852 0.791852 0.791852 0.791852 0.791852 0.791852 0.791852 0.791852 0.791852 0.791852 0.791852 0.791852 0.791852 0.791852 0.791852 0.791852 0.791852 0.791852 0.791852 0.791852 0.791852 0.791852 0.791852 0.791852 0.791852 0.791852 0.791852 0.791852 0.791852 0.791852 0.791852 0.791852 0.791852 0.791852 0.791852 0.791852 0.791852 0.791852 0.791852 0.791852 0.791852 0.791852 0.791852 0.791852 0.791852 0.791852 0.791852 0.791852
0.791852 0.791852 0.791852 0.791852 0.791852 0.791852 0.791852 0.791852 0.791852 0.791852 0.791852 0.791852 0.791852 0.791852 0.791852 0.791852 0.791852 0.791852 0.791852 0.791852 0.791852 0.791852 0.791852 0.791852 0.791852 0.791852 0.791852 0.791852 0.791852 0.791852 0.791852 0.791852 0.791852 0.791852 0.791852 0.791852 0.791852 0.791852 0.791852 0.791852 0.791852 0.791852 0.791852 0.791852 0.791852 0.791852 0.791852 0.791852 0.791852 0.791852 0.791852 0.791852 0.791852 0.791852 0.791852 0.791852 0.791852 0.791852 0.791852 0.791852 0.791852 0.791852 0.791852 0.791852
0.791852 0.791852 0.791852 0.791852 0.791852 0.791852 0.791852 0.791852 0.791852 0.791852 0.791852 0.791852 0.791852 0.791852 0.791852 0.791852 0.791852 0.791852 0.791852 0.791852 0.791852 0.791852 0.791852 0.791852 0.791852 0.791852 0.791852 0.791852 0.791852 0.791852 0.791852 0.791852 0.791852 0.791852 0.791852 0.791852 0.791852 0.791852 0.791852 0.791852 0.791852 0.791852 0.791852 0.791852 0.791852 0.791852 0.791852 0.791852 0.791852 0.791852 0.791852 0.791852 0.791852 0.791852 0.791852 0.791852 0.791852 0.791852 0.791852 0.791852 0.791852 0.791852 0.791852 0.791852
0.791852 0.791852 0.791852 0.791852 0.791852 0.791852 0.791852 0.791852 0.791852 0.791852 0.791852 0.791852 0.791852 0.791852 0.791852 0.791852 0.791852 0.791852 0.791852 0.791852 0.791852 0.791852 0.791852 0.791852 0.791852 0.791852 0.791852 0.791852 0.791852 0.791852 0.791852 0.791852 0.791852 0.791852 0.791852 0.791852 0.791852 0.791852 0.791852 0.791852 0.791852 0.791852 0.791852 0.791852 0.791852 0.791852 0.791852 0.791852 0.791852 0.791852 0.791852 0.791852 0.791852 0.791852 0.791852 0.791852 0.791852 0.791852 0.791852 0.791852 0.791852 0.791852 0.791852 0.791852
0.791852 0.791852 0.791852 0.791852 0.791852 0.791852 0.791852 0.791852 0.791852 0.791852 0.791852 0.791852 0.791852 0.791852 0.791852 0.791852 0.791852 0.791852 0.791852 0.791852 0.791852 0.791852 0.791852 0.791852 0.791852 0.791852 0.791852 0.791852 0.791852 0.791852 0.791852 0.791852 0.791852 0.791852 0.791852 0.791852 0.791852 0.791852 0.791852 0.791852 0.791852 0.791852 0.791852 0.791852 0.791852 0.791852 0.791852 0.791852 0.791852 0.791852 0.791852 0.791852 0.791852 0.791852 0.791852 0.791852 0.791852 0.791852 0.791852 0.791852 0.791852 0.791852 0.791852 0.791852
0.791852 0.791852 0.791852 0.791852 0.791852 0.791852 0.791852 0.791852 0.791852 0.791852 0.791852 0.791852 0.791852 0.791852 0.791852 0.791852 0.791852 0.791852 0.791852 0.791852 0.791852 0.791852 0.791852 0.791852 0.791852 0.791852 0.791852 0.791852 0.791852 0.791852 0.791852 0.791852 0.791852 0.791852 0.791852 0.791852 0.791852 0.791852 0.791852 0.791852 0.791852 0.791852 0.791852 0.791852 0.791852 0.791852 0.791852 0.791852 0.791852 0.791852 0.791852 0.791852 0.791852 0.791852 0.791852 0.791852 0.791852 0.791852 0.791852 0.791852 0.791852 0.791852 0.791852 0.791852
0.791852 0.791852 0.791852 0.791852 0.791852 0.791852 0.791852 0.791852 0.791852 0.791852 0.791852 0.791852 0.791852 0.791852 0.791852 0.791852 0.791852 0.791852 0.791852 0.791852 0.791852 0.791852 0.791852 0.791852 0.791852 0.791852 0.791852 0.791852 0.791852 0.791852 0.791852 0.791852 0.791852 0.791852 0.791852 0.791852 0.791852 0.791852 0.791852 0.791852 0.791852 0.791852 0.791852 0.791852 0.791852 0.791852 0.791852 0.791852 0.791852 0.791852 0.791852 0.791852 0.791852 0.791852 0.791852 0.791852 0.791852 0.791852 0.791852 0.791852 0.791852 0.791852 0.791852 0.791852
0.791852 0.791852 0.791852 0.791852 0.791852 0.791852 0.791852 0.791852 0.791852 0.791852 0.791852 0.791852 0.791852 0.791852 0.791852 0.791852 0.791852 0.791852 0.791852 0.791852 0.791852 0.791852 0.791852 0.791852 0.791852 0.791852 0.791852 0.791852 0.791852 0.791852 0.791852 0.791852 0.791852 0.791852 0.791852 0.791852 0.791852 0.791852 0.791852 0.791852 0.791852 0.791852 0.791852 0.791852 0.791852 0.791852 0.791852 0.791852 0.791852 0.791852 0.791852 0.791852 0.791852 0.791852 0.791852 0.791852 0.791852 0.791852 0.791852 0.791852 0.791852 0.791852 0.791852 0.791852
0.791852 0.791852 0.791852 0.791852 0.791852 0.791852 0.791852 0.791852 0.791852 0.791852 0.791852 0.791852 0.791852 0.791852 0.791852 0.791852 0.791852 0.791852 0.791852 0.791852 0.791852 0.791852 0.791852 0.791852 0.791852 0.791852 0.791852 0.791852 0.791852 0.791852 0.791852 0.791852 0.791852 0.791852 0.791852 0.791852 0.791852 0.791852 0.791852 0.791852 0.791852 0.791852 0.791852 0.791852 0.791852 0.791852 0.791852 0.791852 0.791852 0.791852 0.791852 0.791852 0.791852 0.791852 0.791852 0.791852 0.791852 0.791852 0.791852 0.791852 0.791852 0.791852 0.791852 0.791852
0.791852 0.791852 0.791852 0.791852 0.791852 0.791852 0.791852 0.791852 0.791852 0.791852 0.791852 0.791852 0.791852 0.791852 0.791852 0.791852 0.791852 0.791852 0.791852 0.791852 0.791852 0.791852 0.791852 0.791852 0.791852 0.791852 0.791852 0.791852 0.791852 0.791852 0.791852 0.791852 0.791852 0.791852 0.791852 0.791852 0.791852 0.791852 0.791852 0.791852 0.791852 0.791852 0.791852 0.791852 0.791852 0.791852 0.791852 0.791852 0.791852 0.791852 0.791852 0.791852 0.791852 0.791852 0.791852 0.791852 0.791852 0.791852 0.791852 0.791852 0.791852 0.791852 0.791852 0.791852
5 47 10 59 50 9 27 7 52 20 42 28 56 18 39 43 16 54 31 22 33 17 49 21 58 61 11 24 30 3 19 60 1 0 57 2 41 38 37 6 35 51 14 12 23 55 40 8 29 34 4 63 25 45 13 26 32 36 46 15 48 44 62 53
