8
0.791852 0.793197 0.0 0.00782296 0.0 0.0 0.166348 0.0 0.0 0.791852 0.0 0.0 0.0 0.0 0.0 0.0 0.0 0.0 0.0 0.0 0.0 0.0 0.0 0.0 0.0 0.791868 0.0 0.0 0.0 0.0 0.602656 0.0 0.808169 0.0 0.791852 0.0 0.0 0.0108477 0.000362009 0.0 0.0 0.0 1.19209e-07 0.791852 0.0 0.897601 0.0 0.0 0.791851 0.0 0.791779 0.791852 0.0 0.0 2.43187e-05 0.0 0.864168 0.795367 0.18176 0.791481 0.0 0.0 0.0 0.0
0.0 0.0 0.999856 0.0 0.0 0.0 0.0 0.0 0.0 0.0 0.0 0.0 0.0 0.0 0.0 0.0 0.0 0.0 0.0 0.0 0.0 0.0 0.0 0.0 0.0 0.0 0.0 0.0 0.0 0.0 0.0 0.0 0.0 0.0 0.0 0.0 0.0 0.0 0.0 0.0 0.0 0.0 0.0 0.0 0.0 0.0 0.0 0.0 0.0 0.0 0.0 0.0 0.0 0.0 0.0 0.0 0.0 0.0 0.0 0.0 0.0 0.0 0.0 0.0
0.0 0.0 0.0 0.000124484 0.0 0.0 1.78814e-07 0.0 0.0 0.0 0.0 0.0 0.0 0.0 0.0 0.0 0.0 0.0 0.0 0.0 0.0 0.0 0.0 0.0 0.0 0.0 0.0 0.00266561 0.0 0.0 1.19209e-07 0.0 0.0 0.0 0.0 0.0 0.0 0.0 0.000512332 0.0 0.0 0.0 0.97023 0.0 0.0 2.98023e-08 0.0 0.0 0.0 0.0 0.0 0.0 0.0 0.0 0.238598 0.0 0.0 0.0 2.14577e-06 0.0 0.0 0.0 0.0 0.0
0.791852 0.793197 0.0 0.00782296 0.0 0.0 0.166348 0.0 0.0 0.791852 0.0 0.0 0.0 0.0 0.0 0.0 0.0 0.0 0.0 0.0 0.0 0.0 0.0 0.0 0.0 0.791868 0.0 0.0 0.0 0.0 0.602656 0.0 0.808169 0.0 0.791852 0.0 0.0 0.0108477 0.000362009 0.0 0.0 0.0 1.19209e-07 0.791852 0.0 0.897601 0.0 0.0 0.791851 0.0 0.791779 0.791852 0.0 0.0 2.43187e-05 0.0 0.864168 0.795367 0.18176 0.791481 0.0 0.0 0.0 0.0
0.0 0.0 0.0 0.0 0.0 0.0 0.0 0.0 0.0 0.0 0.0 0.0 0.0 0.0 0.0 0.0 0.0 0.0 0.0 0.0 0.0 0.998279 0.0 0.0 0.0 0.0 0.0 0.0 0.0 0.0 0.0 0.0 0.0 0.0 0.0 0.0 0.0 0.0 0.0 0.0 0.0 0.0 0.0 0.0 0.0 0.0 0.0 0.0 0.0 0.0 0.0 0.0 0.0 0.0 0.0 0.0 0.0 0.0 0.0 0.0 0.0 0.0 0.0 0.0
0.0 0.0 0.0 0.0 0.0 0.0 0.0 0.0 0.0 0.0 0.0 0.0 0.0 0.0 0.0 0.0 0.0 0.0 0.0 0.0 0.0 0.0 0.0 0.0 0.0 0.0 0.0 0.0 0.0 0.0 0.0 0.0 0.0 0.0 0.0 0.0 0.0 0.0 0.0 0.0 0.0 0.0 0.0 0.0 0.0 0.0 0.0 0.0 0.0 0.0 0.0 0.0 0.0 0.999892 0.0 0.0 0.0 0.0 0.0 0.0 0.0 0.0 0.0 0.0
0.85687 0.859696 0.0 0.00249359 0.0 0.0 0.0307716 0.0 0.0 0.85687 0.0 0.0 0.0 0.0 0.0 0.0 0.0 0.0 0.0 0.0 0.0 0.0 0.0 0.0 0.0 0.856882 0.0 0.0 0.0 0.0 0.642242 0.0 0.819899 0.0 0.85687 0.0 0.0 0.0150262 0.000132322 0.0 0.0 0.0 1.19209e-07 0.85687 0.0 0.925862 0.0 0.0 0.856869 0.0 0.856695 0.85687 0.0 0.0 6.02007e-06 0.0 0.871511 0.85962 0.166063 0.856577 0.0 0.0 0.0 0.0
0.0 0.0 0.0 0.0 0.0 0.0 0.0 0.0 0.0 0.0 0.0 0.0 0.0 0.0 0.0 0.0 0.985581 0.0 0.0 0.0 0.0 0.0 0.0 0.0 0.0 0.0 0.0 0.0 0.0 0.0 0.0 0.0 0.0 0.0 0.0 0.0 0.0 0.0 0.0 0.0 0.0 0.0 0.0 0.0 0.0 0.0 0.0 0.0 0.0 0.0 0.0 0.0 0.0 0.0 0.0 0.0 0.0 0.0 0.0 0.0 0.0 0.0 0.0 0.0
0.0 0.0 0.0 0.0 0.0 0.0 0.0 0.997276 0.0 0.0 0.0 0.0 0.0 0.0 0.0 0.0 0.0 0.0 0.0 0.0 0.0 0.0 0.0 0.0 0.0 0.0 0.0 0.0 0.0 0.0 0.0 0.0 0.0 8.9407e-08 0.0 0.0 0.0 0.0 0.0 0.0 0.0 0.0 0.0 0.0 0.0 0.0 0.0 0.0 0.0 8.9407e-08 0.0 0.0 0.0 0.0 0.0 0.0 0.0 0.0 0.0 0.0 0.0 0.0 0.0 0.0
0.791852 0.793197 0.0 0.00782296 0.0 0.0 0.166348 0.0 0.0 0.791852 0.0 0.0 0.0 0.0 0.0 0.0 0.0 0.0 0.0 0.0 0.0 0.0 0.0 0.0 0.0 0.791868 0.0 0.0 0.0 0.0 0.602656 0.0 0.808169 0.0 0.791852 0.0 0.0 0.0108477 0.000362009 0.0 0.0 0.0 1.19209e-07 0.791852 0.0 0.897601 0.0 0.0 0.791851 0.0 0.791779 0.791852 0.0 0.0 2.43187e-05 0.0 0.864168 0.795367 0.18176 0.791481 0.0 0.0 0.0 0.0
0.0 0.0 0.0 0.0 0.0 0.0 0.0 0.0 0.0 0.0 0.0 0.0 0.0 0.0 0.0 5.96046e-08 0.0 0.0 0.0 0.0 0.0 0.0 0.0 0.0 0.0 0.0 0.999899 0.0 0.0 0.0 0.0 0.0 0.0 0.0 0.0 0.0 0.0 0.0 0.0 0.0 0.0 0.000192255 0.0 0.0 0.0 0.0 0.0 0.0 0.0 0.0 0.0 0.0 4.55976e-06 0.0 0.0 0.0 0.0 0.0 0.0 0.0 0.0 0.0 0.0 0.0
0.0 0.0 0.0 0.0 0.0 0.0 0.0 0.0 0.0 0.0 0.0 0.0 0.999803 0.0 0.0 0.0 0.0 0.0 0.0 0.0 0.0 0.0 0.0 0.0 0.0 0.0 0.0 0.0 0.0 0.0 0.0 0.0 0.0 0.0 0.0 0.0 0.0 0.0 0.0 0.0 0.0 0.0 0.0 0.0 0.0 0.0 0.0 0.0 0.0 0.0 0.0 0.0 0.0 0.0 0.0 0.0 0.0 0.0 0.0 0.0 0.0 0.0 0.0 0.0
0.0 0.0 0.0 0.0 0.0 0.0 0.0 0.0 0.0 0.0 0.0 0.0 0.0 0.0 0.0 0.0 0.0 0.0 0.0 0.0 0.0 0.0 0.0 0.0 0.0 0.0 0.0 0.0 0.0 0.0 0.0 0.0 0.0 0.0 0.0 0.993686 0.0 0.0 0.0 0.0 0.0 0.0 0.0 0.0 0.0 0.0 0.0 0.0 0.0 0.0 0.0 0.0 0.0 0.0 0.0 0.0 0.0 0.0 0.0 0.0 0.0 0.0 0.0 0.0
0.0 0.0 0.0 0.0 0.0 0.0 0.0 0.0 0.0 0.0 0.0 0.0 0.0 0.0 0.0 0.0 0.0 0.0 0.0 0.0 0.0 0.0 0.0 0.0 0.0 0.0 0.0 0.0 0.0 0.0 0.0 0.0 0.0 0.0 0.0 0.0 0.0 0.0 0.0 0.0 0.0 0.0 0.0 0.0 0.0 0.0 1.0 0.0 0.0 0.0 0.0 0.0 0.0 0.0 0.0 0.0 0.0 0.0 0.0 0.0 0.0 0.0 0.0 0.0
0.0 0.0 0.0 0.0 0.0 0.0 0.0 0.0 0.0 0.0 0.0 0.0 0.0 0.0 0.0 0.993817 0.0 0.0 0.0 0.0 0.0 0.0 0.0 0.0 0.0 0.0 8.9407e-08 0.0 0.0 0.0 0.0 0.0 0.0 0.0 0.0 0.0 0.0 0.0 0.0 0.0 0.0 0.0 0.0 0.0 0.0 0.0 0.0 0.0 0.0 0.0 0.0 0.0 0.0 0.0 0.0 0.0 0.0 0.0 0.0 0.0 0.0 0.0 0.0 0.0
0.0 0.0 0.0 0.0 0.0 0.0 0.0 0.0 0.0 0.0 0.0 0.0 0.0 0.0 2.98023e-08 8.9407e-08 0.0 6.08265e-05 0.0 0.0 0.0 0.0 5.96046e-07 0.0 0.0 0.0 0.0 0.0 0.0 0.0 0.0 0.132972 0.0 0.0 0.0 0.0 0.0 0.0 0.0 0.0 0.989057 0.0 0.0 0.0 0.0 0.0 0.0 0.0 0.0 0.0 0.0 0.0 0.0 0.0 0.0 0.0 0.0 0.0 0.0 0.0 0.0 0.0 0.0 0.0
0.0 0.0 0.0 0.0 0.0 0.000257701 0.0 0.0 0.0 0.0 0.0 0.0 0.0 0.0 0.0 0.0 0.0 0.0 0.0 0.0 0.0 0.0 0.0 0.0 0.0 0.0 0.0 0.0 0.866337 0.0 0.0 0.0 0.0 0.0 0.0 0.0 0.0 0.0 0.0 0.104838 0.0 0.0 0.0 0.0 0.0 0.0 0.0 0.0 0.0 0.0 0.0 0.0 0.0 0.0 0.0 0.0 0.0 0.0 0.0 0.0 0.0 0.0 0.0 0.0
0.0 0.0 0.0 3.69251e-05 0.0 0.0 6.55651e-07 0.0 0.0 0.0 0.0 0.0 0.0 0.0 0.0 0.0 0.0 0.0 0.0 0.0 0.0 0.0 0.0 0.0 0.0 0.0 0.0 5.96046e-08 0.0 0.0 1.78814e-07 0.0 2.98023e-08 0.0 0.0 0.0 0.0 0.0 1.77324e-05 0.0 0.0 0.0 1.98781e-05 0.0 0.0 5.96046e-08 0.0 0.0 0.0 0.0 0.0 0.0 0.0 0.0 0.995018 0.0 2.98023e-08 0.0 1.19209e-07 0.0 0.0 0.0 0.0 0.0
0.0 0.0 0.0 0.0 0.0 0.0 0.0 0.0 0.0 0.0 0.0 0.0 0.0 0.0 0.0 0.0 0.0 0.0 2.38419e-06 0.0 0.0 0.0 0.0 0.0 0.0 0.0 0.0 0.0 0.0 0.0 0.0 0.0 0.0 0.0 0.0 0.0 0.0 0.0 0.0 0.0 0.0 0.0 0.0 0.0 0.0 0.0 0.0 0.0 0.0 0.0 0.0 0.0 0.0 0.0 0.0 0.999313 0.0 0.0 0.0 0.0 0.0 0.0 0.0 0.0
0.0 0.0 0.0 0.0 0.0 0.0 0.0 0.0 0.0 0.0 0.0 0.0 0.0 0.0 0.0 0.0 0.0 0.0 0.0 0.0 0.0 0.0 0.0 1.0 0.0 0.0 0.0 0.0 0.0 0.0 0.0 0.0 0.0 0.0 0.0 0.0 0.0 0.0 0.0 0.0 0.0 0.0 0.0 0.0 0.0 0.0 0.0 0.0 0.0 0.0 0.0 0.0 0.0 0.0 0.0 0.0 0.0 0.0 0.0 0.0 0.0 0.0 0.0 0.0
0.0 0.0 0.0 0.0 0.0 0.916366 0.0 0.0 0.0 0.0 0.0 0.0 0.0 0.0 0.0 0.0 0.0 0.0 0.0 0.0 0.0 0.0 0.0 0.0 0.0 0.0 0.0 0.0 6.94394e-06 0.0 0.0 0.0 0.0 0.0 0.0 0.0 0.0 0.0 0.0 0.00259167 0.0 0.0 0.0 0.0 0.0 0.0 0.0 0.0 0.0 0.0 0.0 0.0 0.0 0.0 0.0 0.0 0.0 0.0 0.0 0.0 0.0 0.0 0.0 0.0
0.0 0.0 0.0 0.0 0.0 0.0 0.0 0.0 0.0 0.0 0.0 0.0 0.0 0.0 0.0 0.0 0.0 0.0 0.0 0.0 0.0 0.0 0.0 0.0 0.0 0.0 0.0 0.0 0.0 0.0 0.0 0.0 0.0 0.0 0.0 0.0 4.76837e-07 0.0 0.0 0.0 0.0 0.0 0.0 0.0 0.0 0.0 0.0 0.994553 0.0 0.0 0.0 0.0 0.0 0.0 0.0 0.0 0.0 0.0 0.0 0.0 0.0 0.0 1.78814e-07 0.0
0.0 0.0 0.0 0.0 0.0 0.0 0.0 0.0 0.0 0.0 0.0 0.0 0.0 0.0 0.0 0.0 0.0 0.0 0.0 0.996459 0.0 0.0 0.0 0.0 0.0 0.0 0.0 0.0 0.0 0.0 0.0 0.0 0.0 0.0 0.0 0.0 0.0 0.0 0.0 0.0 0.0 0.0 0.0 0.0 0.0 0.0 0.0 0.0 0.0 0.0 0.0 0.0 0.0 0.0 0.0 0.0 0.0 0.0 0.0 0.0 0.0 0.0 0.0 0.0
0.0 0.0 0.0 0.0 0.0 0.0 0.0 0.0 0.0 0.0 0.0 0.0 0.0 0.0 0.0 0.0 0.0 0.0 0.0 0.0 0.0 0.0 0.0 0.0 0.0 0.0 0.0 0.0 0.0 0.0 0.0 0.0 0.0 0.0 0.0 0.0 0.0 0.0 0.0 0.0 0.0 0.0 0.0 0.0 0.0 0.0 0.0 0.0 0.0 0.0 0.0 0.0 0.0 0.0 0.0 0.0 0.0 0.0 0.0 0.0 0.0 0.0 0.0 0.999999
0.40008 0.401234 0.0 0.00976518 0.0 0.0 0.291741 0.0 0.0 0.40008 0.0 0.0 0.0 0.0 0.0 0.0 0.0 0.0 0.0 0.0 0.0 0.0 0.0 0.0 0.0 0.400103 0.0 0.0 0.0 0.0 0.259837 0.0 0.586653 0.0 0.40008 0.0 0.0 0.00191709 0.00029099 0.0 0.0 0.0 1.66893e-06 0.40008 0.0 0.60597 0.0 0.0 0.400078 0.0 0.399973 0.40008 0.0 0.0 0.00115541 0.0 0.547534 0.405242 0.0528437 0.399539 0.0 0.0 0.0 0.0
0.0 0.0 0.0 0.0 0.0 0.0 0.0 0.0 0.0 0.0 0.0 0.0 0.0 0.0 0.0 0.0 0.0 0.0 0.0 0.0 0.0 0.0 0.0 0.0 0.0 0.0 0.0 0.0 0.0 0.0 0.0 0.0 0.0 0.0 0.0 0.00114453 0.0 1.19209e-07 0.0 0.0 0.0 0.0 0.0 0.0 0.0 0.0 0.0 0.0 0.0 0.0 0.0 0.0 0.0 0.0 0.0 0.0 0.0 0.0 0.0 0.0 0.0 0.0 0.0 0.0
0.0 0.0 0.0 0.0 0.0 0.0 0.0 0.0 0.0 0.0 0.0 0.0 0.0 0.0 0.0 0.0 0.0 0.0 0.0 0.0 0.0 0.0 0.0 0.0 0.0 0.0 0.0 0.0 0.0 0.0 0.0 0.0 0.0 0.0 0.0 0.0 0.0 0.0 0.0 0.0 0.0 0.999992 0.0 0.0 0.0 0.0 0.0 0.0 0.0 0.0 0.0 0.0 0.0 0.0 0.0 0.0 0.0 0.0 0.0 0.0 0.0 0.0 0.0 0.0
0.481682 0.492495 0.0 0.14486 0.0 0.0 0.294542 0.0 0.0 0.481682 0.0 0.0 0.0 0.0 0.0 0.0 0.0 0.0 0.0 0.0 0.0 0.0 0.0 0.0 0.0 0.481707 0.0 0.0 0.0 0.0 0.872782 0.0 0.549289 0.0 0.481682 0.0 0.0 0.00267455 0.00926802 0.0 0.0 0.0 1.84774e-06 0.481682 0.0 0.692594 0.0 0.0 0.48168 0.0 0.481572 0.481682 0.0 0.0 0.000523508 0.0 0.752709 0.487043 0.877642 0.48112 0.0 0.0 0.0 0.0
0.0 0.0 0.0 0.0 9.53674e-07 0.0 0.0 0.0 0.0 0.0 0.0 0.0 0.0 0.0 0.0 0.0 0.0 0.0 0.0 0.0 0.0 0.0 0.0 0.0 0.0 0.0 0.0 0.0 0.0 0.0 0.0 0.0 0.0 0.0 0.0 0.0 0.0 0.0 0.0 0.0 0.0 0.0 0.0 0.0 0.0 0.0 0.0 0.0 0.0 0.0 0.0 0.0 0.0 0.0 0.0 0.0 0.0 0.0 0.0 0.0 0.999942 0.0 0.0 0.0
0.0 0.0 0.0 0.0 0.0 0.0 0.0 0.0 0.0 0.0 7.15256e-07 0.0 0.0 0.0 0.0 0.0 0.0 0.0 0.0 0.0 0.999582 0.0 0.0 0.0 0.0 0.0 0.0 0.0 0.0 0.0 0.0 0.0 0.0 0.0 0.0 0.0 0.0 0.0 0.0 0.0 0.0 0.0 0.0 0.0 0.0 0.0 0.0 0.0 0.0 8.9407e-08 0.0 0.0 0.0 0.0 0.0 0.0 0.0 0.0 0.0 0.0 0.0 0.0 0.0 0.0
0.810531 0.820673 0.0 0.0141169 0.0 0.0 0.337964 0.0 0.0 0.810531 0.0 0.0 0.0 0.0 0.0 0.0 0.0 0.0 0.0 0.0 0.0 0.0 0.0 0.0 0.0 0.810546 0.0 0.0 0.0 0.0 0.759465 0.0 0.836526 0.0 0.810531 0.0 0.0 0.042191 0.000618458 0.0 0.0 0.0 1.49012e-07 0.810531 0.0 0.960214 0.0 0.0 0.810529 0.0 0.819493 0.810531 0.0 0.0 4.95315e-05 0.0 0.929643 0.815048 0.294525 0.812877 0.0 0.0 0.0 0.0
0.000359118 0.00033021 0.0 0.890928 0.0 0.0 0.000958174 0.0 0.0 0.000359118 0.0 0.0 0.0 0.0 0.0 0.0 0.0 0.0 0.0 0.0 0.0 0.0 0.0 0.0 0.0 0.000359118 0.0 2.65241e-06 0.0 0.0 0.00322646 0.0 0.000978351 0.0 0.000359118 0.0 0.0 1.07288e-06 0.798117 0.0 0.0 0.0 0.000619709 0.000359118 0.0 0.000844389 0.0 0.0 0.000359058 0.0 0.00035888 0.000359118 0.0 0.0 0.142323 0.0 0.00104275 0.000366837 0.0521489 0.000358224 0.0 0.0 0.0 0.0
0.793689 0.795026 0.0 0.00764379 0.0 0.0 0.16416 0.0 0.0 0.793689 0.0 0.0 0.0 0.0 0.0 0.0 0.0 0.0 0.0 0.0 0.0 0.0 0.0 0.0 0.0 0.793706 0.0 0.0 0.0 0.0 0.605028 0.0 0.809897 0.0 0.793689 0.0 0.0 0.0109684 0.000354588 0.0 0.0 0.0 1.19209e-07 0.793689 0.0 0.898625 0.0 0.0 0.793688 0.0 0.793617 0.793689 0.0 0.0 2.37525e-05 0.0 0.865458 0.797182 0.183162 0.793321 0.0 0.0 0.0 0.0
0.0 0.0 0.0 0.0 0.0 0.00571272 0.0 0.0 0.0 0.0 0.0 0.0 0.0 0.0 0.0 0.0 0.0 0.0 0.0 0.0 0.0 0.0 0.0 0.0 0.0 0.0 0.0 0.0 0.00192174 0.0 0.0 0.0 0.0 0.0 0.0 0.0 0.0 0.0 0.0 0.968677 0.0 0.0 0.0 0.0 0.0 0.0 0.0 0.0 0.0 0.0 0.0 0.0 0.0 0.0 0.0 0.0 0.0 0.0 0.0 0.0 0.0 0.0 0.0 0.0
0.0518514 0.0508716 0.0 0.206485 0.0 0.0 0.0183771 0.0 0.0 0.0518514 0.0 0.0 0.0 0.0 0.0 0.0 0.0 0.0 0.0 0.0 0.0 0.0 0.0 0.0 0.0 0.0518563 0.0 2.32458e-06 0.0 0.0 0.159122 0.0 0.0636008 0.0 0.0518514 0.0 0.0 0.000157058 0.0278235 0.0 0.0 0.0 5.09918e-05 0.0518514 0.0 0.113824 0.0 0.0 0.0518531 0.0 0.0518297 0.0518514 0.0 0.0 0.00442371 0.0 0.130486 0.0529168 0.798147 0.0517408 0.0 0.0 0.0 0.0
0.0638541 0.0688611 0.0 0.0133389 0.0 0.0 0.893863 0.0 0.0 0.0638541 0.0 0.0 0.0 0.0 0.0 0.0 0.0 0.0 0.0 0.0 0.0 0.0 0.0 0.0 0.0 0.06386 0.0 0.0 0.0 0.0 0.197623 0.0 0.17694 0.0 0.0638541 0.0 0.0 0.000387788 0.000420809 0.0 0.0 0.0 5.66244e-07 0.0638541 0.0 0.194371 0.0 0.0 0.0638536 0.0 0.0646439 0.0638541 0.0 0.0 0.00117171 0.0 0.213565 0.0651136 0.0626723 0.0649894 0.0 0.0 0.0 0.0
0.0 0.0 0.0 0.0 0.0 0.0 0.0 0.0 0.0 0.0 0.0 0.999244 0.0 0.0 0.0 0.0 0.0 0.0 0.0 0.0 0.0 0.0 0.0 0.0 0.0 0.0 0.0 0.0 0.0 0.0 0.0 0.0 0.0 0.0 0.0 0.0 0.0 0.0 0.0 0.0 0.0 0.0 0.0 0.0 0.0 0.0 0.0 0.0 0.0 0.0 0.0 0.0 0.0 0.0 0.0 0.0 0.0 0.0 0.0 0.0 0.0 0.0 0.0 0.0
0.798563 0.799876 0.0 0.00814945 0.0 0.0 0.173664 0.0 0.0 0.798563 0.0 0.0 0.0 0.0 0.0 0.0 0.0 0.0 0.0 0.0 0.0 0.0 0.0 0.0 0.0 0.798579 0.0 0.0 0.0 0.0 0.612608 0.0 0.814478 0.0 0.798563 0.0 0.0 0.0153801 0.0003784 0.0 0.0 0.0 1.19209e-07 0.798563 0.0 0.912182 0.0 0.0 0.798562 0.0 0.799621 0.798563 0.0 0.0 2.52724e-05 0.0 0.867559 0.80222 0.18797 0.798494 0.0 0.0 0.0 0.0
0.796739 0.798061 0.0 0.00812793 0.0 0.0 0.172901 0.0 0.0 0.796739 0.0 0.0 0.0 0.0 0.0 0.0 0.0 0.0 0.0 0.0 0.0 0.0 0.0 0.0 0.0 0.796755 0.0 0.0 0.0 0.0 0.609891 0.0 0.812656 0.0 0.796739 0.0 0.0 0.0120909 0.000377834 0.0 0.0 0.0 1.19209e-07 0.796739 0.0 0.903983 0.0 0.0 0.796738 0.0 0.796662 0.796739 0.0 0.0 2.55406e-05 0.0 0.867807 0.800155 0.186767 0.796304 0.0 0.0 0.0 0.0
0.887521 0.888335 0.0 0.0160906 0.0 0.0 0.26354 0.0 0.0 0.887521 0.0 0.0 0.0 0.0 0.0 0.0 0.0 0.0 0.0 0.0 0.0 0.0 0.0 0.0 0.0 0.887531 0.0 0.0 0.0 0.0 0.758802 0.0 0.897027 0.0 0.887521 0.0 0.0 0.0217302 0.000734806 0.0 0.0 0.0 1.78814e-07 0.887521 0.0 0.947358 0.0 0.0 0.88752 0.0 0.887637 0.887521 0.0 0.0 4.99487e-05 0.0 0.930246 0.889479 0.315413 0.88677 0.0 0.0 0.0 0.0
0.0 0.0 0.0 0.0 0.0 0.0 0.0 0.0 0.0 0.0 0.0 0.0 0.0 0.0 8.9407e-08 0.0 0.0 0.656985 0.0 0.0 0.0 0.0 1.3113e-06 0.0 0.0 0.0 0.0 0.0 0.0 0.0 0.0 0.983104 0.0 0.0 0.0 0.0 0.0 0.0 0.0 0.0 0.675278 0.0 0.0 0.0 0.0 0.0 0.0 0.0 0.0 0.0 0.0 0.0 0.0 0.0 0.0 0.0 0.0 0.0 0.0 0.0 0.0 0.0 0.0 0.0
0.0 0.0 0.0 0.0 0.0 0.0 0.0 0.0 0.0 0.0 0.0 0.0 0.0 0.0 0.0 0.0 0.0 0.0 0.0 0.0 0.0 0.0 0.0 0.0 0.0 0.0 7.64132e-05 0.0 0.0 0.0 0.0 0.0 0.0 0.0 0.0 0.0 0.0 0.0 0.0 0.0 0.0 2.98023e-08 0.0 0.0 0.0 0.0 0.0 0.0 0.0 0.0 0.0 0.0 0.990351 0.0 0.0 0.0 0.0 0.0 0.0 0.0 0.0 0.0 0.0 0.0
0.000108331 9.74238e-05 0.0 0.798489 0.0 0.0 0.000550956 0.0 0.0 0.000108331 0.0 0.0 0.0 0.0 0.0 0.0 0.0 0.0 0.0 0.0 0.0 0.0 0.0 0.0 0.0 0.000108302 0.0 1.32322e-05 0.0 0.0 0.00075224 0.0 0.000274599 0.0 0.000108331 0.0 0.0 3.27826e-07 0.918218 0.0 0.0 0.0 0.00277498 0.000108331 0.0 0.000261903 0.0 0.0 0.000108302 0.0 0.000108242 0.000108331 0.0 0.0 0.332309 0.0 0.000293851 0.000110567 0.0258093 0.000108421 0.0 0.0 0.0 0.0
0.791852 0.793197 0.0 0.00782296 0.0 0.0 0.166348 0.0 0.0 0.791852 0.0 0.0 0.0 0.0 0.0 0.0 0.0 0.0 0.0 0.0 0.0 0.0 0.0 0.0 0.0 0.791868 0.0 0.0 0.0 0.0 0.602656 0.0 0.808169 0.0 0.791852 0.0 0.0 0.0108477 0.000362009 0.0 0.0 0.0 1.19209e-07 0.791852 0.0 0.897601 0.0 0.0 0.791851 0.0 0.791779 0.791852 0.0 0.0 2.43187e-05 0.0 0.864168 0.795367 0.18176 0.791481 0.0 0.0 0.0 0.0
0.0 0.0 0.0 0.0 0.0 0.0 0.0 0.0 0.0 0.0 0.0 0.0 0.0 0.999992 0.0 0.0 0.0 0.0 0.0 0.0 0.0 0.0 0.0 0.0 0.0 0.0 0.0 0.0 0.0 0.0 0.0 0.0 0.0 0.0 0.0 0.0 0.0 0.0 0.0 0.0 0.0 0.0 0.0 0.0 0.0 0.0 0.0 0.0 0.0 0.0 0.0 0.0 0.0 0.0 0.0 0.0 0.0 0.0 0.0 0.0 0.0 0.0 0.0 0.0
0.0516329 0.0520349 0.0 0.000112802 0.0 0.0 0.00436056 0.0 0.0 0.0516329 0.0 0.0 0.0 0.0 0.0 0.0 0.0 0.0 0.0 0.0 0.0 0.0 0.0 0.0 0.0 0.0516377 0.0 0.0 0.0 0.0 0.0213093 0.0 0.0568492 0.0 0.0516329 0.0 0.0 0.998061 5.48363e-06 0.0 0.0 0.0 0.0 0.0516329 0.0 0.769744 0.0 0.0 0.0516325 0.0 0.0547329 0.0516329 0.0 0.0 3.57628e-07 0.0 0.123589 0.0525094 0.00316897 0.0521382 0.0 0.0 0.0 0.0
0.0 0.0 0.0 0.0 0.0 0.0 0.0 0.0 0.0 0.0 0.0 0.0 0.0 0.0 0.0 0.0 0.0 0.0 0.0 0.0 0.0 0.0 0.0 0.0 0.0 0.0 0.0 0.0 0.0 0.998713 0.0 0.0 0.0 0.0 0.0 0.0 0.0 0.0 0.0 0.0 0.0 0.0 0.0 0.0 0.0 0.0 0.0 0.0 0.0 0.0 0.0 0.0 0.0 0.0 0.0 0.0 0.0 0.0 0.0 0.0 0.0 0.0 0.0 0.0
0.0 0.0 0.0 0.0 0.0 0.0 0.0 0.0 0.0 0.0 0.0 0.0 0.0 0.0 0.0159349 0.0 0.0 0.0 0.0 0.0 0.0 0.0 0.0 0.0 0.0 0.0 0.0 0.0 0.0 0.0 0.0 0.0 0.0 0.0 0.0 0.0 0.997334 0.0 0.0 0.0 0.0 0.0 0.0 0.0 0.0 0.0 0.0 5.52237e-05 0.0 0.0 0.0 0.0 0.0 0.0 0.0 0.0 0.0 0.0 0.0 0.0 0.0 0.0 0.0 0.0
0.791852 0.793197 0.0 0.00782296 0.0 0.0 0.166348 0.0 0.0 0.791852 0.0 0.0 0.0 0.0 0.0 0.0 0.0 0.0 0.0 0.0 0.0 0.0 0.0 0.0 0.0 0.791868 0.0 0.0 0.0 0.0 0.602656 0.0 0.808169 0.0 0.791852 0.0 0.0 0.0108477 0.000362009 0.0 0.0 0.0 1.19209e-07 0.791852 0.0 0.897601 0.0 0.0 0.791851 0.0 0.791779 0.791852 0.0 0.0 2.43187e-05 0.0 0.864168 0.795367 0.18176 0.791481 0.0 0.0 0.0 0.0
0.0 0.0 0.0 0.0 0.0 0.0 0.0 0.0 0.0 0.0 0.0 0.0 0.0 0.0 0.0 0.0 0.0 0.0 0.0 0.0 0.0 0.0 0.0 0.0 0.0 0.0 0.0 0.0 0.0 0.0 0.0 0.0 0.0 0.0 0.0 0.0 0.0 0.0 0.0 0.0 0.0 0.0 0.0 0.0 0.0 0.0 0.0 0.0 0.0 0.0 0.0 0.0 0.0 0.0 0.0 0.0 0.0 0.0 0.0 0.0 0.0 0.99516 0.0 0.0
0.791848 0.793193 0.0 0.00782344 0.0 0.0 0.166345 0.0 0.0 0.791848 0.0 0.0 0.0 0.0 0.0 0.0 0.0 0.0 0.0 0.0 0.0 0.0 0.0 0.0 0.0 0.791865 0.0 0.0 0.0 0.0 0.602651 0.0 0.808166 0.0 0.791848 0.0 0.0 0.0108475 0.000361949 0.0 0.0 0.0 1.49012e-07 0.791848 0.0 0.897599 0.0 0.0 0.791847 0.0 0.791775 0.791848 0.0 0.0 2.43187e-05 0.0 0.864166 0.795364 0.181765 0.791477 0.0 0.0 0.0 0.0
0.791852 0.793197 0.0 0.00782296 0.0 0.0 0.166348 0.0 0.0 0.791852 0.0 0.0 0.0 0.0 0.0 0.0 0.0 0.0 0.0 0.0 0.0 0.0 0.0 0.0 0.0 0.791868 0.0 0.0 0.0 0.0 0.602656 0.0 0.808169 0.0 0.791852 0.0 0.0 0.0108477 0.000362009 0.0 0.0 0.0 1.19209e-07 0.791852 0.0 0.897601 0.0 0.0 0.791851 0.0 0.791779 0.791852 0.0 0.0 2.43187e-05 0.0 0.864168 0.795367 0.18176 0.791481 0.0 0.0 0.0 0.0
0.0 0.0 0.0 0.0 0.0 0.0 0.0 0.0 0.0 0.0 0.0 0.0 0.0 0.0 0.0 0.0 0.0 0.992119 0.0 0.0 0.0 0.0 1.19209e-07 0.0 0.0 0.0 0.0 0.0 0.0 0.0 0.0 0.624429 0.0 0.0 0.0 0.0 0.0 0.0 0.0 0.0 0.000783205 0.0 0.0 0.0 0.0 0.0 0.0 0.0 0.0 0.0 0.0 0.0 0.0 0.0 0.0 0.0 0.0 0.0 0.0 0.0 0.0 0.0 0.0 0.0
0.791852 0.793197 0.0 0.00782296 0.0 0.0 0.166348 0.0 0.0 0.791852 0.0 0.0 0.0 0.0 0.0 0.0 0.0 0.0 0.0 0.0 0.0 0.0 0.0 0.0 0.0 0.791868 0.0 0.0 0.0 0.0 0.602656 0.0 0.808169 0.0 0.791852 0.0 0.0 0.0108477 0.000362009 0.0 0.0 0.0 1.19209e-07 0.791852 0.0 0.897601 0.0 0.0 0.791851 0.0 0.791779 0.791852 0.0 0.0 2.43187e-05 0.0 0.864168 0.795367 0.18176 0.791481 0.0 0.0 0.0 0.0
0.0 0.0 0.0 0.0 0.0 0.0 0.0 0.0 0.0 0.0 2.98023e-08 0.0 0.0 0.0 0.0 0.0 0.0 0.0 0.0 0.0 1.19209e-07 0.0 0.0 0.0 0.0 0.0 0.0 0.0 0.0 0.0 0.0 0.0 0.0 0.0 0.0 0.0 0.0 0.0 0.0 0.0 0.0 0.0 0.0 0.0 0.0 0.0 0.0 0.0 0.0 0.994458 0.0 0.0 0.0 0.0 0.0 0.0 0.0 0.0 0.0 0.0 0.0 0.0 0.0 0.0
0.0 0.0 0.0 0.0 0.0 0.0 0.0 0.0 0.0 0.0 0.0 0.0 0.0 0.0 0.0 0.0 0.0 0.0 0.0 0.0 0.0 0.0 0.0 0.0 0.999935 0.0 0.0 0.0 0.0 0.0 0.0 0.0 0.0 0.0 0.0 0.0 0.0 0.0 0.0 0.0 0.0 0.0 0.0 0.0 0.0 0.0 0.0 0.0 0.0 0.0 0.0 0.0 0.0 0.0 0.0 0.0 0.0 0.0 0.0 0.0 0.0 0.0 0.0 0.0
0.771568 0.773137 0.0 0.00754207 0.0 0.0 0.203309 0.0 0.0 0.771568 0.0 0.0 0.0 0.0 0.0 0.0 0.0 0.0 0.0 0.0 0.0 0.0 0.0 0.0 0.0 0.771585 0.0 0.0 0.0 0.0 0.587908 0.0 0.789052 0.0 0.771568 0.0 0.0 0.30412 0.000362992 0.0 0.0 0.0 1.19209e-07 0.771568 0.0 0.991382 0.0 0.0 0.771567 0.0 0.784001 0.771568 0.0 0.0 2.33948e-05 0.0 0.895834 0.775259 0.173529 0.774797 0.0 0.0 0.0 0.0
0.000153512 0.000137299 0.0 0.0114009 0.0 0.0 6.02305e-05 0.0 0.0 0.000153512 0.0 0.0 0.0 0.0 0.0 0.0 0.0 0.0 0.0 0.0 0.0 0.0 0.0 0.0 0.0 0.000153542 0.0 0.00606135 0.0 0.0 0.000458628 0.0 0.000187218 0.0 0.000153512 0.0 0.0 4.17233e-07 0.00201327 0.0 0.0 0.0 1.63317e-05 0.000153512 0.0 0.000360757 0.0 0.0 0.000153512 0.0 0.000153452 0.000153512 0.0 0.0 0.00038138 0.0 0.00044024 0.00015685 0.00599736 0.000153124 0.0 0.0 0.0 0.0
0.791852 0.793197 0.0 0.00782296 0.0 0.0 0.166348 0.0 0.0 0.791852 0.0 0.0 0.0 0.0 0.0 0.0 0.0 0.0 0.0 0.0 0.0 0.0 0.0 0.0 0.0 0.791868 0.0 0.0 0.0 0.0 0.602656 0.0 0.808169 0.0 0.791852 0.0 0.0 0.0108477 0.000362009 0.0 0.0 0.0 1.19209e-07 0.791852 0.0 0.897601 0.0 0.0 0.791851 0.0 0.791779 0.791852 0.0 0.0 2.43187e-05 0.0 0.864168 0.795367 0.18176 0.791481 0.0 0.0 0.0 0.0
0.791852 0.793197 0.0 0.00782296 0.0 0.0 0.166348 0.0 0.0 0.791852 0.0 0.0 0.0 0.0 0.0 0.0 0.0 0.0 0.0 0.0 0.0 0.0 0.0 0.0 0.0 0.791868 0.0 0.0 0.0 0.0 0.602656 0.0 0.808169 0.0 0.791852 0.0 0.0 0.0108477 0.000362009 0.0 0.0 0.0 1.19209e-07 0.791852 0.0 0.897601 0.0 0.0 0.791851 0.0 0.791779 0.791852 0.0 0.0 2.43187e-05 0.0 0.864168 0.795367 0.18176 0.791481 0.0 0.0 0.0 0.0
0.0 0.0 0.0 0.0 0.0 0.0 0.0 1.19209e-07 0.0 0.0 0.0 0.0 0.0 0.0 0.0 0.0 0.0 0.0 0.0 0.0 0.0 0.0 0.0 0.0 0.0 0.0 0.0 0.0 0.0 0.0 0.0 0.0 0.0 0.944609 0.0 0.0 0.0 0.0 0.0 0.0 0.0 0.0 0.0 0.0 0.0 0.0 0.0 0.0 0.0 0.0 0.0 0.0 0.0 0.0 0.0 0.0 0.0 0.0 0.0 0.0 0.0 0.0 0.0 0.0
0.791793 0.793138 0.0 0.00782016 0.0 0.0 0.166606 0.0 0.0 0.791793 0.0 0.0 0.0 0.0 0.0 0.0 0.0 0.0 0.0 0.0 0.0 0.0 0.0 0.0 0.0 0.791809 0.0 0.0 0.0 0.0 0.602569 0.0 0.808094 0.0 0.791793 0.0 0.0 0.0108439 0.00036177 0.0 0.0 0.0 1.49012e-07 0.791793 0.0 0.897568 0.0 0.0 0.791791 0.0 0.791719 0.791793 0.0 0.0 2.43187e-05 0.0 0.864126 0.795309 0.181706 0.791421 0.0 0.0 0.0 0.0
0.0 0.0 0.0 4.76837e-07 0.0 0.0 0.0 0.0 0.0 0.0 0.0 0.0 0.0 0.0 0.0 0.0 0.0 0.0 0.0 0.0 0.0 0.0 0.0 0.0 0.0 0.0 0.0 0.750044 0.0 0.0 0.0 0.0 0.0 0.0 0.0 0.0 0.0 0.0 5.36442e-07 0.0 0.0 0.0 0.000454217 0.0 0.0 0.0 0.0 0.0 0.0 0.0 0.0 0.0 0.0 0.0 0.000184983 0.0 0.0 0.0 0.0 0.0 0.0 0.0 0.0 0.0
0.0 0.0 0.0 0.0 0.0 0.0 0.0 0.0 0.0 0.0 0.0 0.0 0.0 0.0 0.0 0.0 0.0 0.0 0.99973 0.0 0.0 0.0 0.0 0.0 0.0 0.0 0.0 0.0 0.0 0.0 0.0 0.0 0.0 0.0 0.0 0.0 0.0 0.0 0.0 0.0 0.0 0.0 0.0 0.0 0.0 0.0 0.0 0.0 0.0 0.0 0.0 0.0 0.0 0.0 0.0 4.35412e-05 0.0 0.0 0.0 0.0 0.0 0.0 0.0 0.0
0.791852 0.0 0.0 0.791852 0.0 0.0 0.794235 0.0 0.0 0.791852 0.0 0.0 0.0 0.0 0.0 0.0 0.0 0.762291 0.797035 0.0 0.0 2.98023e-08 0.0 0.0 0.0116417 0.0 0.0 0.791828 0.0 0.0 8.9407e-07 0.0 0.789116 0.0 0.791852 0.0 0.0 0.0 0.793269 0.0 0.0 0.0 0.785338 0.791852 0.0 0.0 0.0 0.0 0.791852 0.588499 0.792011 0.791852 0.0 0.0 0.0 0.793241 0.0 0.010466 0.791852 0.791872 0.0 0.790622 0.791989 0.924761
0.0 0.0 0.0 0.0 0.0 0.0 0.0 0.0 0.0 0.0 0.0 0.0 0.0 0.0 0.999992 0.0 0.0 0.0 0.0 0.0 0.0 0.0 0.0 0.0 0.0 0.0 0.0 0.0 0.0 0.0 0.0 0.0 0.0 0.0 0.0 0.0 0.0 0.0 0.0 0.0 0.0 0.0 0.0 0.0 0.0 0.0 0.0 0.0 0.0 0.0 0.0 0.0 0.0 0.0 0.0 0.0 0.0 0.0 0.0 0.0 0.0 0.0 0.0 0.0
0.0 0.0 0.0 0.0 0.0 0.0 0.0 0.0 0.0 0.0 0.0 0.0 0.0 0.0 0.0 0.984398 0.0 0.0 0.0 0.0 0.0 0.0 0.0 0.0 0.0 0.0 0.0 0.0 0.0 0.0 0.0 0.0 0.0 0.0 0.0 0.0 0.0 0.0 0.0 0.0 8.9407e-08 0.0 0.0 0.0 0.0 0.0 0.0 0.0 0.0 0.0 0.0 0.0 0.020048 0.0 0.0 0.0 0.0 0.0 0.0 0.0 0.0 0.0 0.0 0.0
0.680741 0.0 0.0 0.680741 0.0 0.0 0.720933 0.0 0.0 0.680741 0.0 0.0 0.0 0.0 0.0 0.0 0.0 0.840838 0.740799 0.0 0.0 1.19209e-07 0.0 0.0 0.0065586 0.0 0.0 0.680709 0.0 0.0 5.66244e-07 0.0 0.677137 0.0 0.680741 0.0 0.0 0.0 0.681228 0.0 0.0 0.0 0.671928 0.680741 0.0 0.0 0.0 0.0 0.680741 0.786091 0.695741 0.680741 0.0 0.0 0.0 0.727748 0.0 0.00526476 0.680741 0.680619 0.0 0.679113 0.683325 0.87699
0.0 0.0 0.0 0.0 0.0 3.57628e-07 0.0 0.0 0.0 0.0 0.0 0.0 0.0 0.00037986 0.0 0.0 0.0 0.0 0.0 0.0 0.0 0.0 0.0 0.0 0.0 0.0 0.0 0.0 0.0 0.0 0.0 0.0 0.0 0.0 0.0 0.0 0.0 0.0 0.0 0.0 0.0 0.0 0.0 0.0 0.0 0.0 0.0 0.0 0.0 0.0 0.0 0.0 0.0 0.0 0.0 0.0 0.0 0.0 0.0 0.0 0.0 0.0 0.0 0.0
0.0 0.0 9.23872e-07 0.0 0.0 0.0 0.0 0.0 0.0 0.0 0.0 0.0 0.0 0.0 0.0 0.0 0.0 0.0 0.0 0.0 0.0 0.0 0.0 0.0 0.0 0.0 0.0 0.0 0.0 0.0 0.0 0.0 0.0 0.0 0.0 0.0 0.0 0.999984 0.0 0.0 0.0 0.0 0.0 0.0 0.0 0.0 0.0 0.0 0.0 0.0 0.0 0.0 0.0 0.0 0.0 0.0 0.0 0.0 0.0 0.0 0.0 0.0 0.0 0.0
0.0539804 0.0 0.0 0.0539804 0.0 0.0 0.0834894 0.0 0.0 0.0539804 0.0 0.0 0.0 0.0 0.0 0.0 0.0 0.137994 0.0832643 0.0 0.0 1.4782e-05 0.0 0.0 0.000175923 0.0 0.0 0.0540185 0.0 0.0 4.76837e-07 8.04663e-07 0.0781471 0.0 0.0539804 0.0 0.0 0.0 0.0526395 0.0 0.0 0.0 0.0478221 0.0539804 0.0 0.0 0.0 0.0 0.0539804 0.0930559 0.0574981 0.0539804 0.0 0.0 0.0 0.0715922 0.0 0.000288129 0.0539804 0.0539561 0.0 0.054086 0.0545867 0.683454
0.0 0.0 0.0 0.0 0.0 0.0 0.0 0.0 0.0 0.0 0.0 0.0 0.0 0.999624 0.0 0.0 0.0 0.0 0.0 0.0 0.0 0.0 0.0 0.0 0.0 0.0 0.0 0.0 0.0 0.0 0.0 0.0 0.0 0.0 0.0 0.0 0.0 0.0 0.0 0.0 0.0 0.0 0.0 0.0 0.0 0.0 0.0 0.0 0.0 0.0 0.0 0.0 0.0 0.0 0.0 0.0 0.0 0.0 0.0 0.0 0.0 0.0 0.0 0.0
0.0 0.0 0.0 0.0 0.0 0.0 0.0 0.0 0.0 0.0 0.0 0.0 0.0 0.0 0.0 0.0 0.0 0.0 0.0 0.0 0.0 0.0 0.0 0.0 0.0 0.0 0.0 0.0 0.0 0.0 0.0 0.0 0.0 0.0 0.0 0.0 0.0 0.0 0.0 0.0 0.0 0.0 0.0 0.0 1.0 0.0 0.0 0.0 0.0 0.0 0.0 0.0 0.0 0.0 0.0 0.0 0.0 0.0 0.0 0.0 0.0 0.0 0.0 0.0
0.791852 0.0 0.0 0.791852 0.0 0.0 0.794235 0.0 0.0 0.791852 0.0 0.0 0.0 0.0 0.0 0.0 0.0 0.762291 0.797035 0.0 0.0 2.98023e-08 0.0 0.0 0.0116417 0.0 0.0 0.791828 0.0 0.0 8.9407e-07 0.0 0.789116 0.0 0.791852 0.0 0.0 0.0 0.793269 0.0 0.0 0.0 0.785338 0.791852 0.0 0.0 0.0 0.0 0.791852 0.588499 0.792011 0.791852 0.0 0.0 0.0 0.793241 0.0 0.010466 0.791852 0.791872 0.0 0.790622 0.791989 0.924761
0.0 0.0 0.0 0.0 0.0 0.0 0.0 0.0 0.99997 0.0 0.0 0.0 0.0 0.0 0.0 0.0 0.0 0.0 0.0 0.0 0.0 0.0 0.0 0.0 0.0 0.0 0.0 0.0 0.0 0.0 0.0 0.0 0.0 0.0 0.0 0.0 0.0 0.0 0.0 0.0 0.0 0.0 0.0 0.0 0.0 0.0 0.0 0.0 0.0 0.0 0.0 0.0 0.0 0.0 0.0 0.0 0.0 0.0 0.0 0.0 0.0 0.0 0.0 0.0
0.0 0.0 0.0 0.0 0.0 0.0 0.0 0.00651389 0.0 0.0 0.0 0.0 0.0 0.0 0.0 0.0 0.0 0.0 0.0 0.0 0.0 0.0 0.0 0.0 0.0 0.0 2.98023e-06 0.0 0.0 0.0 0.0 0.0 0.0 0.0 0.0 0.0 0.0 0.0 0.0 0.0 0.0 2.98023e-08 0.0 0.0 0.0 0.0 0.0 0.0 0.0 0.0 0.0 0.0 0.0 0.0 0.0 0.0 0.0 0.0 0.0 0.0 0.0 0.0 0.0 0.0
0.0 0.0 0.0 0.0 0.0 0.0 0.0 0.0 0.0 0.0 0.0 0.0 0.0 0.0 0.0 3.09348e-05 0.0 0.0 0.0 0.0 0.0 0.0 0.0 0.0 0.0 0.0 1.63019e-05 0.0 0.0 0.0 0.0 0.0 0.0 0.0 0.0 0.0 0.0 0.0 0.0 0.0 0.0 0.000952542 0.0 0.0 0.0 0.0 0.0 0.0 0.0 0.0 0.0 0.0 0.00798592 0.0 0.0 0.0 0.0 0.0 0.0 0.0 0.0 0.0 0.0 0.0
0.825349 0.0 0.0 0.825349 0.0 0.0 0.82762 0.0 0.0 0.825349 0.0 0.0 0.0 0.0 0.0 0.0 0.0 0.79936 0.830068 0.0 0.0 1.19209e-07 0.0 0.0 0.0144291 0.0 0.0 0.825347 0.0 0.0 1.2815e-06 0.0 0.823736 0.0 0.825349 0.0 0.0 0.0 0.826586 0.0 0.0 0.0 0.819692 0.825349 0.0 0.0 0.0 0.0 0.825349 0.640101 0.825489 0.825349 0.0 0.0 0.0 0.826563 0.0 0.012801 0.825349 0.825366 0.0 0.824273 0.825469 0.940588
0.0 0.0 0.0 0.0 0.0 0.0 0.0 0.0 0.0 0.0 0.99859 0.0 0.0 0.0 0.0 0.0 0.0 0.0 0.0 0.0 0.0 0.0 0.0 0.0 0.0 0.0 0.0 0.0 1.49012e-07 0.0 0.0 0.0 0.0 0.0 0.0 0.0 0.0 0.0 0.0 0.0 0.0 0.0 0.0 0.0 0.0 0.0 0.0 0.0 0.0 0.0 0.0 0.0 0.0 0.0 0.0 0.0 0.0 0.0 0.0 0.0 0.0 0.0 0.0 0.0
0.0 0.0 0.0 0.0 0.0 0.0 0.0 0.0 0.0 0.0 0.0 0.0 0.0 0.0 0.0 0.0 0.0 0.0 0.0 0.0 0.0 0.0 0.0 0.0 0.0 0.0 0.992355 0.0 0.0 0.0 0.0 0.0 0.0 0.0 0.0 0.0 5.96046e-07 0.0 0.0 0.0 0.0 0.803029 0.0 0.0 0.0 0.0 0.0 0.0 0.0 0.0 0.0 0.0 0.0 0.0 0.0 0.0 0.0 0.0 0.0 0.0 0.0 0.0 0.0 0.0
0.0 0.0 0.0 0.0 0.0 3.8743e-07 0.0 0.0 0.0 0.0 0.0 0.0 0.0 0.0 0.0 0.0 0.0 0.0 0.0 0.0 0.0 0.0 2.08616e-07 0.0 0.0 0.0 0.0 0.0 0.0 0.0 0.0 0.0 0.0 0.0 0.0 0.0 0.0 0.0 0.0 0.0 0.0 0.0 0.0 0.0 0.0 0.0 0.995398 0.0 0.0 0.0 0.0 0.0 0.0 0.0 0.0 0.0 0.0 0.0 0.0 0.0 0.0 0.0 0.0 0.0
0.0 0.0 0.0 0.0 0.0 0.0 0.0 0.0 0.0 0.0 0.0 0.0 0.0 0.0 0.0 0.0 0.0 0.0 0.0 0.0 0.0 0.0 0.0 0.0 0.0 0.0 0.0 0.0 0.0 0.0 0.0 0.0 0.0 0.0 0.0 0.0 0.0 0.0 0.0 0.0 0.0 0.0 0.0 0.0 0.0 0.0 0.0 0.0 0.0 0.0 0.0 0.0 0.0 0.0 0.0 0.0 0.0 0.0 0.0 0.0 0.999453 0.0 0.0 0.0
0.0 0.0 0.0 0.0 0.0 0.0 0.0 0.0 0.0 0.0 0.0 0.999894 0.0 0.0 0.0 0.0 1.10269e-06 0.0 0.0 0.0 0.391753 0.0 0.0 0.0 0.0 0.0 0.0 0.0 0.0 0.0 0.0 0.0 0.0 0.0 0.0 0.0 0.0 0.0 0.0 0.0 0.0 0.0 0.0 0.0 0.0 0.256529 0.0 0.0 0.0 0.0 0.0 0.0 0.0 0.0 0.0 0.0 0.0 0.0 0.0 0.0 0.0 0.0 0.0 0.0
0.0 0.0 0.0 0.0 0.0 0.0 0.0 0.0 0.0 0.0 0.0 0.0 0.0 0.0 0.0 0.0 0.0 0.0 0.0 0.0 0.0 0.996748 0.0 4.91142e-05 0.0 0.0 0.0 0.0 0.0 0.0 0.0 2.98023e-08 0.0 0.0 0.0 0.0 0.0 0.0 0.0 0.0 0.0 0.0 0.0 0.0 0.0 0.0 0.0 0.000342131 0.0 0.0 0.0 0.0 0.0 0.0 0.0 0.0 0.0 0.0 0.0 0.0 0.0 0.0 0.0 0.0
0.0 0.0 0.0 0.0 0.0 0.0 0.0 0.0 0.0 0.0 0.0 0.566771 0.0 0.0 0.0 0.0 0.00274733 0.0 0.0 0.0 0.000980556 0.0 0.0 0.0 0.0 0.0 0.0 0.0 0.0 0.0 0.0 0.0 0.0 0.0 0.0 0.0 0.0 0.0 0.0 0.0 0.0 0.0 0.0 0.0 0.0 0.999877 0.0 0.0 0.0 0.0 0.0 0.0 0.0 0.0 0.0 0.0 0.0 0.0 0.0 0.0 0.0 0.0 0.0 0.0
0.0 0.0 0.0 0.0 0.0 0.0 0.0 0.0 0.0 0.0 0.0 0.0 5.36442e-07 1.01328e-06 0.0 0.0 3.48687e-06 0.0 0.0 0.0 0.0 0.0 0.0 0.0 0.0 0.0 0.0 0.0 0.0 0.0 0.0 0.0 0.0 0.0 0.0 0.0 0.0 0.0 0.0 0.0 0.0 0.0 0.0 0.0 0.0 0.0 0.0 0.0 0.0 0.0 0.0 0.0 0.0 0.0 0.0 0.0 0.0 0.0 0.0 0.0 0.0 0.0 0.0 0.0
0.0 0.0 0.0 0.0 0.999281 0.0 0.0 0.0 0.0 0.0 0.0 0.0 0.0 0.0 0.0 0.0 0.0 0.0 0.0 0.0 0.0 0.0 0.0 2.41399e-06 0.0 0.0 0.0 0.0 0.0 0.0 0.0 0.0 0.0 0.0 0.0 0.0 0.0 0.0 0.0 0.0 1.53184e-05 0.0 0.0 0.0 0.0 0.0 0.0 0.0 0.0 0.0 0.0 0.0 0.0 0.0 0.0 0.0 0.0 0.0 0.0 0.0 0.0 0.0 0.0 0.0
0.0 0.0 0.0 0.0 0.0 0.0 0.0 0.0 0.0 0.0 0.0 0.0 0.0 0.0 0.0 0.0 0.0 0.0 0.0 0.0 0.0 0.0126987 0.0 5.06639e-06 0.0 0.0 0.0 0.0 0.0 0.0 0.0 0.0 0.0 0.0 0.0 0.0 0.0 0.0 0.0 0.0 0.0 0.0 0.0 0.0 0.0 0.0 0.0 0.99964 0.0 0.0 0.0 0.0 0.0 0.0 0.0 0.0 0.0 0.0 0.0 0.0 0.0 0.0 0.0 0.0
0.0 0.0 0.0 0.0 0.0 0.0 0.0 0.0 0.0 0.0 0.0 0.0 0.0 0.0 0.0 0.0 0.0 0.0 0.0 0.0 0.0 0.0 0.0 0.0 0.0 0.0 0.0 0.0 0.0 0.0 0.0 0.0 0.0 0.0 0.0 0.975727 0.0 0.0 0.0 0.0 0.0 0.0 0.0 0.0 0.0 0.0 0.0 0.0 0.0 0.0 0.0 0.0 0.0 0.0 0.0 0.0 0.0 0.0 0.0 0.0 0.0 0.0 0.0 0.0
0.793677 0.0 0.0 0.793677 0.0 0.0 0.796658 0.0 0.0 0.793677 0.0 0.0 0.0 0.0 0.0 0.0 0.0 0.765387 0.835293 0.0 0.0 2.08616e-07 0.0 0.0 0.01185 0.0 0.0 0.793653 0.0 0.0 1.2219e-06 0.0 0.803218 0.0 0.793677 0.0 0.0 0.0 0.795164 0.0 0.0 0.0 0.786624 0.793677 0.0 0.0 0.0 0.0 0.793677 0.591186 0.793835 0.793677 0.0 0.0 0.0 0.795047 0.0 0.012092 0.793677 0.793696 0.0 0.792738 0.793813 0.935601
0.0 0.0 0.0 0.0 0.0 0.0 0.0 0.999977 0.0 0.0 0.0 0.0 0.0 0.0 0.0 0.0 0.0 0.0 0.0 0.0 0.0 0.0 0.0 0.0 0.0 0.0 7.15256e-07 0.0 0.0 0.0 0.0 0.0 0.0 0.0 0.0 0.0 0.0 0.0 0.0 0.0 0.0 5.96046e-08 0.0 0.0 0.0 0.0 0.0 0.0 0.0 0.0 0.0 0.0 0.0 0.0 0.0 0.0 0.0 0.0 0.0 0.0 0.0 0.0 0.0 0.0
0.0 0.0 0.0 0.0 0.0 0.0 0.0 0.0 0.0 0.0 0.0 0.0 0.0 0.0 0.0 0.0 0.0 0.0 0.0 0.9994 0.0 0.0 0.0 0.0 0.0 0.0 0.0 0.0 0.0 0.0 0.0 0.0 0.0 0.0 0.0 0.0 0.0 1.10269e-05 0.0 0.0 0.0 0.0 0.0 0.0 0.0 0.0 0.0 0.0 0.0 0.0 0.0 0.0 5.96046e-08 0.0 0.0 0.0 0.0 0.0 0.0 0.0 0.0 0.0 0.0 0.0
0.0 0.0 0.0 0.0 0.0 0.0 0.0 0.0 0.0 0.0 0.0 0.0 0.0 0.0 0.0 0.0 0.0 0.0 0.0 0.0 0.0 0.0 0.0 0.0 0.0 0.0 0.0 0.0 0.0 0.907953 0.0 0.0 0.0 0.0 0.0 0.0 0.0 0.0 0.0 0.0 0.0 0.0 0.0 0.0 0.0 0.0 0.0 0.0 0.0 0.0 0.0 0.0 0.0 0.0 0.0 0.0 0.0 0.0 0.0 0.0 0.0 0.0 0.0 0.0
0.0 0.0 0.0 0.0 0.0 0.0 0.0 0.0 0.0 0.0 0.0 0.0 0.0 0.0 0.0 0.0 0.0 0.0 0.0 0.0 0.0 0.0 0.0 0.0 0.0 0.0 0.0 0.0 0.0 0.0 0.0 0.0 0.0 0.0 0.0 0.0 0.0 0.0 0.0 0.0 0.0 0.0 0.0 0.0 0.0 0.0 0.0 0.0 0.0 0.0 0.0 0.0 0.0 0.0 0.0 0.0 0.998572 0.0 0.0 0.0 0.0 0.0 0.0 0.0
0.0 0.0 0.0 0.0 8.9407e-08 0.0 0.0 0.0 0.0 0.0 0.0 0.0 0.0 0.0 0.0 0.0 0.0 0.0 0.0 0.0 0.0 4.61936e-06 0.0 0.999952 0.0 0.0 0.0 0.0 0.0 0.0 0.0 6.34789e-06 0.0 0.0 0.0 0.0 0.0 0.0 0.0 0.0 0.0 0.0 0.0 0.0 0.0 0.0 0.0 0.0 0.0 0.0 0.0 0.0 0.0 0.0 0.0 0.0 0.0 0.0 0.0 0.0 0.0 0.0 0.0 0.0
0.0 0.0 0.0 0.0 0.0 0.0 0.0 0.0 0.0 0.0 0.0 0.0 0.0 0.0 0.0 0.0861377 0.0 0.0 0.0 0.0 0.0 0.0 0.0 0.0 0.0 0.0 0.0 0.0 0.0 0.0 0.0 0.0 0.0 0.0 0.0 0.0 0.0 0.0 0.0 0.0 0.0 0.0 0.0 0.0 0.0 0.0 0.0 0.0 0.0 0.0 0.0 0.0 0.986123 0.0 0.0 0.0 0.0 0.0 0.0 0.0 0.0 0.0 0.0 0.0
0.808573 0.0 0.0 0.808573 0.0 0.0 0.813334 0.0 0.0 0.808573 0.0 0.0 0.0 0.0 0.0 0.0 0.0 0.802917 0.820139 0.0 0.0 1.78814e-07 0.0 0.0 0.0194602 0.0 0.0 0.808551 0.0 0.0 1.2517e-06 0.0 0.806057 0.0 0.808573 0.0 0.0 0.0 0.809531 0.0 0.0 0.0 0.798123 0.808573 0.0 0.0 0.0 0.0 0.808573 0.665904 0.810259 0.808573 0.0 0.0 0.0 0.812317 0.0 0.0137865 0.808573 0.808561 0.0 0.807487 0.809045 0.926863
0.0 0.0 0.0 0.0 0.0 0.9939 0.0 0.0 0.0 0.0 0.0 0.0 0.0 0.0 0.0 0.0 0.0 0.0 0.0 0.0 0.0 0.0 0.0 0.0 0.0 0.0 0.0 0.0 0.0 0.0 0.0 0.0 0.0 0.0 0.0 0.0 0.0 0.0 0.0 0.0 0.0 0.0 0.0 0.0 0.0 0.0 3.8743e-07 0.0 0.0 0.0 0.0 0.0 0.0 0.0 0.0 0.0 0.0 0.0 0.0 0.0 0.0 0.0 0.0 0.0
1.51992e-06 0.0 0.0 1.51992e-06 0.0 0.0 2.6226e-06 0.0 0.0 1.51992e-06 0.0 0.0 0.0 0.0 0.0 0.0 0.0 1.2517e-06 1.43051e-06 0.0 0.0 0.0 0.0 0.0 2.44379e-06 2.98023e-07 0.0 1.57952e-06 0.0 0.0 0.0264628 0.0 1.49012e-06 0.0 1.51992e-06 0.0 0.0 0.0 1.54972e-06 0.0 0.0 0.0 1.13249e-06 1.51992e-06 0.0 0.0 0.0 0.0 1.51992e-06 5.66244e-07 1.57952e-06 1.51992e-06 0.0 0.0 0.999822 1.60933e-06 0.0 0.0 1.51992e-06 1.63913e-06 0.0 1.54972e-06 1.57952e-06 6.97374e-06
0.0 0.0 0.0 0.0 0.0397338 0.0 0.0 0.0 0.0 0.0 0.0 0.0 0.0 0.0 0.0 0.0 0.0 0.0 0.0 0.0 0.0 1.19209e-07 0.0 0.000270873 0.0 0.0 0.0 0.0 0.0 0.0 0.0 3.9041e-06 0.0 0.0 0.0 0.0 0.0 0.0 0.0 0.0 0.0 0.0 0.0 0.0 0.0 0.0 0.0 0.0 0.0 0.0 0.0 0.0 0.0 0.0 0.0 0.0 0.0 0.0 0.0 0.0 0.0 0.0 0.0 0.0
0.0 0.0 0.0 0.0 0.0 0.0 0.0 5.36442e-07 0.0 0.0 0.0 0.0 0.0 0.0 0.0 0.0 0.0 0.0 0.0 0.0 0.0 0.0 0.0 0.0 0.0 0.0 0.0 0.0 0.0 0.0 0.0 0.0 0.0 0.0 0.0 0.0 0.0 0.0 0.0 0.0 0.0 0.0 0.0 0.0 0.0 0.0 0.0 0.0 0.0 0.0 0.0 0.0 0.0 0.0 0.0 0.0 0.0 0.0 0.0 0.0 0.0 0.0 0.0 0.0
0.791879 0.0 0.0 0.791879 0.0 0.0 0.794262 0.0 0.0 0.791879 0.0 0.0 0.0 0.0 0.0 0.0 0.0 0.787033 0.797029 0.0 0.0 1.19209e-07 0.0 0.0 0.0116436 0.0 0.0 0.791855 0.0 0.0 9.83477e-07 0.0 0.789143 0.0 0.791879 0.0 0.0 0.0 0.793296 0.0 0.0 0.0 0.785366 0.791879 0.0 0.0 0.0 0.0 0.791879 0.631013 0.792039 0.791879 0.0 0.0 0.0 0.793268 0.0 0.0103183 0.791879 0.791899 0.0 0.790649 0.792016 0.922174
0.0 0.0 0.0 0.0 0.0 0.0 0.0 0.0 0.0 0.0 0.0 0.0 0.0 0.0 0.0 0.0 0.0 0.0 0.0 0.0 0.0 1.19209e-06 0.0 6.95884e-05 0.0 0.0 0.0 0.0 0.0 0.0 0.0 0.941864 0.0 0.0 0.0 0.0 0.0 0.0 0.0 0.0 0.0 0.0 0.0 0.0 0.0 0.0 0.0 0.0 0.0 0.0 0.0 0.0 0.0 0.0 0.0 0.0 0.0 8.9407e-08 0.0 0.0 0.0 0.0 0.0 0.0
0.0 0.0 0.0 0.0 0.0 0.0 0.0 0.0 0.0 0.0 0.0 0.0 0.0 0.0 0.0 0.0 0.0 0.0 0.0 0.0 0.0 0.0 0.0 0.0 0.0 0.0 0.0 0.0 0.0 0.0 0.0 0.0 0.0 0.0 0.0 0.0 0.0 0.0 0.0 0.0 0.0 0.0 0.0 0.0 0.0 0.0 0.0 0.0 0.0 0.0 0.0 0.0 0.0 0.998946 0.0 0.0 0.0 0.0 0.0 0.0 0.0 0.0 0.0 0.0
0.0 0.0 0.0 0.0 0.0 0.0 0.0 0.0 0.0 0.0 0.0 0.0 0.0 0.0 0.0 0.0 0.0 0.0 0.0 0.0 0.0 0.0 0.0 0.0 0.0 0.0 0.803066 0.0 0.0 0.0 0.0 0.0 0.0 0.0 0.0 0.0 2.44379e-06 0.0 0.0 0.0 0.0 0.982165 0.0 0.0 0.0 0.0 0.0 0.0 0.0 0.0 0.0 0.0 0.0 0.0 0.0 0.0 0.0 0.0 0.0 0.0 0.0 0.0 0.0 0.0
0.0 0.0 0.0 0.0 0.0 0.0 0.0 0.0 0.0 0.0 0.0 1.40071e-06 5.06639e-07 0.0 0.0 0.0 0.99996 0.0 0.0 0.0 0.000984758 0.0 0.0 0.0 0.0 0.0 0.0 0.0 0.0 0.0 0.0 0.0 0.0 0.0 0.0 0.0 0.0 0.0 0.0 0.0 0.0 0.0 0.0 0.0 0.0 0.0162997 0.0 0.0 0.0 0.0 0.0 0.0 0.0 0.0 0.0 0.0 0.0 0.0 0.0 0.0 0.0 0.0 0.0 0.0
0.0 0.0 0.0 0.0 0.0 0.0 0.0 0.0 0.0 0.0 0.0 0.0 0.0 0.0 0.0 1.37091e-06 0.0 0.0 0.0 0.0 0.0 0.0 0.0 0.0 0.0 0.0 0.0 0.0 0.0 0.0 0.0 0.0 0.0 0.0 0.0 0.0 0.0 0.0 0.0 0.0 0.983094 0.0 0.0 0.0 0.0 0.0 0.0 0.0 0.0 0.0 0.0 0.0 0.0 0.0 0.0 0.0 0.0 0.0 0.0 0.0 0.0 0.0 0.0 0.0
0.791852 0.0 0.0 0.791852 0.0 0.0 0.794235 0.0 0.0 0.791852 0.0 0.0 0.0 0.0 0.0 0.0 0.0 0.762291 0.797035 0.0 0.0 2.98023e-08 0.0 0.0 0.0116417 0.0 0.0 0.791828 0.0 0.0 8.9407e-07 0.0 0.789116 0.0 0.791852 0.0 0.0 0.0 0.793269 0.0 0.0 0.0 0.785338 0.791852 0.0 0.0 0.0 0.0 0.791852 0.588499 0.792011 0.791852 0.0 0.0 0.0 0.793241 0.0 0.010466 0.791852 0.791872 0.0 0.790622 0.791989 0.924761
0.791711 0.0 0.0 0.791711 0.0 0.0 0.794095 0.0 0.0 0.791711 0.0 0.0 0.0 0.0 0.0 0.0 0.0 0.76438 0.796906 0.0 0.0 8.9407e-08 0.0 0.0 0.0116431 0.0 0.0 0.791687 0.0 0.0 9.83477e-07 0.0 0.788973 0.0 0.791711 0.0 0.0 0.0 0.793128 0.0 0.0 0.0 0.785194 0.791711 0.0 0.0 0.0 0.0 0.791711 0.591433 0.79187 0.791711 0.0 0.0 0.0 0.7931 0.0 0.0104575 0.791711 0.79173 0.0 0.79048 0.791848 0.924527
0.749557 0.0 0.0 0.749557 0.0 0.0 0.75967 0.0 0.0 0.749557 0.0 0.0 0.0 0.0 0.0 0.0 0.0 0.742002 0.836742 0.0 0.0 1.78814e-07 0.0 0.0 0.0092583 0.0 0.0 0.749529 0.0 0.0 8.9407e-07 0.0 0.772467 0.0 0.749557 0.0 0.0 0.0 0.750481 0.0 0.0 0.0 0.739468 0.749557 0.0 0.0 0.0 0.0 0.749557 0.56658 0.749739 0.749557 0.0 0.0 0.0 0.751392 0.0 0.0166014 0.749557 0.749579 0.0 0.748585 0.749713 0.904994
0.372961 0.0 0.0 0.372961 0.0 0.0 0.45623 0.0 0.0 0.372961 0.0 0.0 0.0 0.0 0.0 0.0 0.0 0.355669 0.504908 0.0 0.0 0.00542128 0.0 0.0 0.00804833 0.0316754 0.0 0.373468 0.0 0.0 1.0 0.0 0.395576 0.0 0.372961 0.0 0.0 0.0 0.367809 0.0 0.0 0.0 0.417141 0.372961 0.0 0.0 0.0 0.00184149 0.372961 0.224436 0.373482 0.372961 0.0 0.0 0.859091 0.383652 0.0 0.0704172 0.372961 0.372989 0.0 0.375712 0.373213 0.960115
0.0 0.0 0.0 0.0 0.0 0.0 0.0 0.0 0.0 0.0 0.0 0.0 0.000131875 0.0 0.0 0.0 5.06639e-07 0.0 0.0 0.0 0.0 0.0 0.0 0.0 0.0 0.0 0.0 0.0 0.0 0.0 0.0 0.0 0.0 0.0 0.0 0.0 0.0 0.0 0.0 0.0 0.0 0.0 0.0 0.0 0.0 8.9407e-08 0.0 0.0 0.0 0.0 0.0 0.0 0.0 0.0 0.0 0.0 6.4671e-06 0.0 0.0 0.0 0.0 0.0 0.0 0.0
0.000132233 0.0 0.0 0.000132233 0.0 0.0 0.000176311 0.0 0.0 0.000132233 0.0 0.0 0.0 0.0 0.0 0.0 0.0 0.000122875 0.000513911 0.0 0.0 0.0 0.0 0.0 4.17233e-07 0.0 0.0 0.000132173 0.0 0.0 0.0 5.96046e-08 0.000170082 0.0 0.000132233 0.0 0.0 0.0 0.00013274 0.0 0.0 0.0 0.000124782 0.000132233 0.0 0.0 0.0 0.0 0.000132233 4.95315e-05 0.000132412 0.000132233 0.0 0.0 0.0 0.000135481 0.0 0.999123 0.000132233 0.000132263 0.0 0.000131369 0.000132352 0.0006136
0.0 0.0 0.0 0.0 0.0 0.0 0.0 0.0 0.0 0.0 0.0 0.0 2.68221e-07 0.0 0.0 0.0 0.0 0.0 0.0 0.0 0.0 0.0 0.0 0.0 0.0 0.0 0.0 0.0 0.0 0.0 0.0 0.0 0.0 0.0 0.0 0.0 0.0 0.0 0.0 0.999893 0.0 0.0 0.0 0.0 0.0 0.0 0.0 0.0 0.0 0.0 0.0 0.0 0.0 0.0 0.0 0.0 0.0 0.0 0.0 0.0 0.0 0.0 0.0 0.0
0.0372855 0.0 0.0 0.0372855 0.0 0.0 0.0615725 0.0 0.0 0.0372855 0.0 0.0 0.0 0.0 0.0 0.0 0.0 0.0316085 0.0373883 0.0 0.0 1.24574e-05 0.0 0.0 0.930573 0.0 0.0 0.0372803 0.0 0.0 0.0 0.0 0.0366431 0.0 0.0372855 0.0 0.0 0.0 0.0364591 0.0 0.0 0.0 0.0315781 0.0372855 0.0 0.0 0.0 0.0 0.0372855 0.0143505 0.0373202 0.0372855 0.0 0.0 0.0 0.0375947 0.0 0.000107706 0.0372855 0.0372898 0.0 0.0370206 0.0373154 0.149219
0.791852 0.0 0.0 0.791852 0.0 0.0 0.794235 0.0 0.0 0.791852 0.0 0.0 0.0 0.0 0.0 0.0 0.0 0.762291 0.797035 0.0 0.0 2.98023e-08 0.0 0.0 0.0116417 0.0 0.0 0.791828 0.0 0.0 8.9407e-07 0.0 0.789116 0.0 0.791852 0.0 0.0 0.0 0.793269 0.0 0.0 0.0 0.785338 0.791852 0.0 0.0 0.0 0.0 0.791852 0.588499 0.792011 0.791852 0.0 0.0 0.0 0.793241 0.0 0.010466 0.791852 0.791872 0.0 0.790622 0.791989 0.924761
0.0 0.0 0.0 0.0 0.0 0.0 0.0 0.0 0.0 0.0 8.9407e-08 0.0 0.0 0.0 0.0 0.0 0.0 0.0 0.0 0.0 0.0 0.0 0.0 0.0 0.0 0.0 0.0 0.0 0.988693 0.0 0.0 0.0 0.0 0.0 0.0 0.0 0.0 0.0 0.0 0.0 0.0 0.0 0.0 0.0 0.0 0.0 0.0 0.0 0.0 0.0 0.0 0.0 0.0 0.0 0.0 0.0 0.0 0.0 0.0 0.0 0.0 0.0 0.0 0.0
0.814681 0.0 0.0 0.814681 0.0 0.0 0.816246 0.0 0.0 0.814681 0.0 0.0 0.0 0.0 0.0 0.0 0.0 0.757708 0.819104 0.0 0.0 8.9407e-08 0.0 0.0 0.0134284 0.0 0.0 0.814659 0.0 0.0 1.10269e-06 0.0 0.812173 0.0 0.814681 0.0 0.0 0.0 0.815993 0.0 0.0 0.0 0.80871 0.814681 0.0 0.0 0.0 0.0 0.814681 0.571085 0.814597 0.814681 0.0 0.0 0.0 0.815376 0.0 0.0119391 0.814681 0.814702 0.0 0.813554 0.814754 0.935233
0.0 0.0 0.0 0.0 0.0 0.0 0.0 0.0 0.0 0.0 0.0 0.0 0.0 0.0 0.0 0.0 0.0 0.0 0.0 0.0 0.0 0.0 0.0 0.0 0.0 0.0 0.0 0.0 0.0 0.0 0.0 0.0 0.0 0.99995 0.0 0.0 0.0 0.0 0.0 0.0 0.0 0.0 0.0 0.0 0.0 0.0 0.0 0.0 0.0 0.0 0.0 0.0 0.0 0.0 0.0 0.0 0.0 0.0 0.0 0.0 0.0 0.0 0.0 0.0
0.0 0.0 0.0 0.0 0.0 0.0 0.0 0.0 0.0 0.0 0.0 0.0 0.995494 0.0 0.0 0.0 0.0 0.0 0.0 0.0 0.0 0.0 0.0 0.0 0.0 0.0 0.0 0.0 0.0 0.0 0.0 0.0 0.0 0.0 0.0 0.0 0.0 0.0 0.0 8.64267e-07 0.0 0.0 0.0 0.0 0.0 0.0 0.0 0.0 0.0 0.0 0.0 0.0 0.0 0.0 0.0 0.0 0.0 0.0 0.0 0.0 0.0 0.0 0.0 0.0
0.647752 0.0 0.0 0.647752 0.0 0.0 0.716083 0.0 0.0 0.647752 0.0 0.0 0.0 0.0 0.0 0.0 0.0 0.659278 0.678611 0.0 0.0 1.87755e-06 0.0 0.0 0.00871021 0.0 0.0 0.647858 0.0 0.0 7.80821e-06 0.0 0.671762 0.0 0.647752 0.0 0.0 0.0 0.645423 0.0 0.0 0.0 0.63294 0.647752 0.0 0.0 0.0 0.0 0.647752 0.467678 0.650553 0.647752 0.0 0.0 0.0 0.657937 0.0 0.010487 0.647752 0.647735 0.0 0.646614 0.648581 0.962188
0.0 0.0 0.0 0.0 0.0 0.0 0.0 0.0 0.0 0.0 0.0 0.0 0.0 0.0 0.0 0.0 0.0 0.0 0.0 0.0 0.0 0.0 0.0 0.0 0.0 0.997655 0.0 0.0 0.0 0.0 5.66244e-07 0.0 0.0 0.0 0.0 0.0 0.0 0.0 0.0 0.0 0.0 0.0 0.0 0.0 0.0 0.0 0.0 0.0 0.0 0.0 0.0 0.0 0.0 0.0 0.0 0.0 0.0 0.0 0.0 0.0 0.0 0.0 0.0 0.0
0.448055 0.0 0.0 0.448055 0.0 0.0 0.484239 0.0 0.0 0.448055 0.0 0.0 0.0 0.0 0.0 0.0 0.0 0.676164 0.516324 0.0 0.0 4.47035e-07 0.0 0.0 0.00250715 0.0 0.0 0.448018 0.0 0.0 2.08616e-07 0.0 0.443972 0.0 0.448055 0.0 0.0 0.0 0.448844 0.0 0.0 0.0 0.438362 0.448055 0.0 0.0 0.0 0.0 0.448055 0.882149 0.46214 0.448055 0.0 0.0 0.0 0.497116 0.0 0.0021612 0.448055 0.448011 0.0 0.446213 0.450535 0.727732
0.791852 0.0 0.0 0.791852 0.0 0.0 0.794235 0.0 0.0 0.791852 0.0 0.0 0.0 0.0 0.0 0.0 0.0 0.762291 0.797035 0.0 0.0 2.98023e-08 0.0 0.0 0.0116417 0.0 0.0 0.791828 0.0 0.0 8.9407e-07 0.0 0.789116 0.0 0.791852 0.0 0.0 0.0 0.793269 0.0 0.0 0.0 0.785338 0.791852 0.0 0.0 0.0 0.0 0.791852 0.588499 0.792011 0.791852 0.0 0.0 0.0 0.793241 0.0 0.010466 0.791852 0.791872 0.0 0.790622 0.791989 0.924761
0.0 0.0 0.0 0.0 0.0 0.0 0.0 0.0 0.0 0.0 0.0 0.998245 0.0 0.0 0.0 0.0 0.00485232 0.0 0.0 0.0 0.998165 0.0 0.0 0.0 0.0 0.0 0.0 0.0 0.0 0.0 0.0 0.0 0.0 0.0 0.0 0.0 0.0 0.0 0.0 0.0 0.0 0.0 0.0 0.0 0.0 0.897879 0.0 0.0 0.0 0.0 0.0 0.0 0.0 0.0 0.0 0.0 0.0 0.0 0.0 0.0 0.0 0.0 0.0 0.0
0.792439 0.0 0.0 0.792439 0.0 0.0 0.794818 0.0 0.0 0.792439 0.0 0.0 0.0 0.0 0.0 0.0 0.0 0.762212 0.797611 0.0 0.0 2.98023e-08 0.0 0.0 0.0116828 0.0 0.0 0.792415 0.0 0.0 9.83477e-07 0.0 0.789709 0.0 0.792439 0.0 0.0 0.0 0.793854 0.0 0.0 0.0 0.785939 0.792439 0.0 0.0 0.0 0.0 0.792439 0.588672 0.792599 0.792439 0.0 0.0 0.0 0.793825 0.0 0.0104705 0.792439 0.792459 0.0 0.791212 0.792576 0.924974
0.0 0.0 0.0 0.0 0.0 0.0 0.0 0.0 0.0 0.0 0.0 0.0 0.0 0.0 0.0 0.0 0.0 0.0 0.0 0.0 0.0 0.0 0.992532 0.0 0.0 0.0 0.0 0.0 0.0 0.0 0.0 0.0 0.0 0.0 0.0 0.0 0.0 0.0 0.0 0.0 0.0 0.0 0.0 0.0 0.0 0.0 6.25849e-07 0.0 0.0 0.0 0.0 0.0 0.0 0.0 0.0 0.0 0.0 0.0 0.0 0.0 0.0 0.0 0.0 0.0
0.0 0.0 0.0 0.0 0.0 0.0 0.0 0.0 0.0 0.0 0.0 0.0 0.0 0.0 0.0 0.0 0.0 0.0 0.0 0.0 0.0 0.0 0.0 0.0 0.0 0.0 0.0 0.0 0.0 0.0 0.0 0.0 0.0 0.0 0.0 0.0 0.999464 0.0 0.0 0.0 0.0 0.0 0.0 0.0 0.0 0.0 0.0 0.0 0.0 0.0 0.0 0.0 0.0 0.0 0.0 0.0 0.0 0.0 0.0 0.0 0.0 0.0 0.0 0.0
1 2 42 38 59 43 0 9 14 15 40 31 3 34 58 51 10 26 41 52 17 54 49 61 8 7 16 28 60 33 39 48 44 13 46 29 20 5 53 57 62 27 30 56 45 37 50 25 22 19 23 63 18 55 24 32 4 21 47 36 11 12 35 6
