8
0.961753 6.85453e-07 0.0 0.0 0.0 0.0 0.0 0.0 0.0 0.000195384 0.0 0.0 0.995713 0.0619409 0.0 0.0 0.0 0.0 0.0 5.19156e-05 0.0 0.0 0.0 0.0 0.0 0.0 0.0 0.0 0.0 3.03686e-05 0.0 0.0 0.0 0.0 0.0 0.0 0.0 0.233274 0.0 0.0 0.0 0.0 0.998912 0.0 1.78814e-07 0.0 0.0 0.0 0.0 0.0 0.289008 0.0 0.0 0.0 0.0 0.0 0.0 0.0 0.0 0.00248989 0.0 0.0 0.0 0.0
0.0 0.0 0.0 0.0 0.0 0.0 0.0 0.0 0.0 0.0 0.0 0.234896 0.0 0.0 0.0 0.992491 0.0 0.0 0.0 0.0 0.0 0.0 0.0 0.0 0.0 0.0 5.96046e-08 0.0 0.0 0.0 0.0 0.0 0.0 0.0 0.0 0.0 0.0 0.0 0.0 0.0 0.0 0.0 0.0 0.999986 0.0 0.0 0.0 0.0 0.0 0.0 0.0 0.0 0.0 0.0 0.0 0.0 0.0 0.0 0.0 0.0 0.0 0.0 0.0 0.0
0.0 0.0 0.922135 0.0 0.0 0.0 0.891922 0.0 0.0 0.0185215 0.0 0.0 8.9407e-08 0.000103116 0.0 0.0 0.0 0.0 0.126925 0.14945 0.0 0.0 0.0 0.0 0.0 0.0 0.0 6.07967e-06 0.0 0.0 5.66244e-07 0.0 0.0311972 0.0 0.0 0.0 0.0 5.45382e-06 0.0 0.0 0.0 0.0 0.0 0.0 0.987363 0.0 0.0 0.0155047 0.0 0.0 0.0 0.0 0.985817 0.0 0.0 0.332445 0.0 0.0 0.0 0.0 0.0 0.0 0.0 0.0
0.0 0.0 0.0 0.0 3.28124e-05 0.0 0.0 0.0 0.0 0.0 0.000280142 1.43051e-06 0.0 0.0 0.0 2.98023e-08 0.0 0.0 0.0 0.0 0.0 0.0 0.0 0.0 0.0 0.0 0.0 0.0 0.0 0.0 0.0 0.0 0.0 0.0 0.0 0.0 0.0 0.0 0.998562 0.0 0.0 0.000114173 0.0 0.0 0.0 2.98023e-08 0.0 0.0 0.0 0.0 0.0 0.0 0.0 0.0 0.0 0.0 0.0 0.0 0.0 0.0 0.0 0.000416875 0.0 0.0
0.0 0.0 0.0 0.0 0.121991 0.0 0.0 0.0 0.0 0.0 0.313591 0.0 0.0 0.0 0.0 0.0 0.0 0.0 0.0 0.0 0.0 0.0 0.0 0.0 0.0 0.0 0.0 0.0 0.0 0.0 0.0 0.0 0.0 0.0 0.0 0.831417 0.0 0.0 3.27826e-07 0.0 1.78814e-07 4.55081e-05 0.0 0.0 0.0 0.98914 0.0 0.0 0.0 0.0 0.0 0.0 0.0 0.0 0.0 0.0 0.0 0.0 0.0 0.0 0.0 0.000576645 0.0 0.0
0.0 0.0 0.0 0.003757 0.0 0.0 0.0 0.000296146 1.44839e-05 0.0 0.0 0.0 0.0 0.0 0.0127981 0.0 0.0226716 0.0 0.0 0.0 0.0132925 1.66893e-05 0.0 0.0 0.0 0.49343 0.0 0.0 0.0 0.0 0.0 0.0213439 0.0 0.0 0.0 0.0 0.0 0.0 0.0 0.0 0.0 0.0 0.0 0.0 0.0 0.0 9.56655e-06 0.0 0.0 0.98854 0.0 0.0320416 0.0 0.0 0.0 0.0 0.0 0.0 0.0649601 0.0 0.0 0.0 0.0 0.000821471
0.0 0.0 0.317585 0.0 0.0 0.0 0.0876027 0.0 0.0 0.546313 0.0 0.0 0.000124812 0.0545721 0.0 0.0 0.0 0.0 0.0574022 0.895119 0.0 0.0 0.0 0.0 0.0 0.0 0.0 0.000143647 0.0 0.0 2.5332e-06 0.0 0.000380456 0.0 0.0 0.0 0.0 0.020859 0.0 0.0 0.0 0.0 0.0 0.0 0.954195 0.0 0.0 9.35793e-06 0.0 0.0 0.0 0.0 0.0515674 0.0 0.0 0.979802 0.0 0.0 0.0 0.0 0.0 0.0 0.0 0.0
0.0 0.0 0.0 0.0 0.0 0.0 0.0 0.0 0.0 0.0 0.0 0.0 0.0 0.0 0.0 0.0 0.0 0.0 0.0 0.0 0.0 0.0 0.0 0.0 0.0 0.0 0.0 0.0 0.0 0.0 0.0 0.0 0.0 0.0 0.0 0.0 0.0 0.0 0.0 0.0 0.0 0.0 0.0 0.0 0.0 0.0 0.0 0.0 0.0 0.0 0.0 0.0 0.0 0.0 0.0 0.0 0.0 0.0 0.0 0.0 0.0 0.0 0.991689 0.0
0.0 0.0 0.0 0.0 0.00309554 0.0 0.0 0.0 0.0 0.0 0.152779 0.0 0.0 0.0 0.0 0.0 0.0 0.0 0.0 0.0 0.0 0.0 0.0 0.0 0.0 0.0 0.0 0.0 0.0 0.0 0.0 0.0 0.0 0.0 0.0 0.814621 0.0 0.0 0.0 0.0 1.95205e-05 0.000317812 0.0 0.0 0.0 0.985643 0.0 0.0 0.0 0.0 0.0 0.0 0.0 0.0 0.0 0.0 0.0 0.0 0.0 0.0 0.0 0.000495046 0.0 0.0
8.9407e-08 0.0 0.0 0.0 0.0 0.0 0.0 0.0 0.0 9.11951e-06 0.0 0.0 0.166967 0.0 0.0 0.0 0.0 0.0 0.0 1.49012e-07 0.0 0.0 0.994843 0.0 0.0 0.0 0.0 0.0 0.0 0.0 0.0 0.0 0.0 0.0 0.000209093 0.0 0.0 0.00261053 0.0 0.0 0.0 0.0 0.0 0.0 0.0 0.0 0.0 0.0 0.0 0.0 3.57628e-06 0.0 0.0 0.0 0.0 0.0 0.0 0.0 0.0 0.0 0.0 0.0 0.0 0.0
0.0 0.0 0.0 0.0 0.000511229 0.0 0.0 0.0 0.0 0.0 0.981799 2.38419e-07 0.0 0.0 0.0 0.0 0.0 0.0 0.0 0.0 0.0 0.0 0.0 0.0 0.0 0.0 0.0 0.0 0.0 0.0 0.0 0.0 0.0 0.0 0.0 0.0 0.0 0.0 0.00538912 0.0 0.0 0.988769 0.0 0.0 0.0 2.54512e-05 0.0 0.0 0.0 0.0 0.0 0.0 0.0 0.0 0.0 0.0 0.0 0.0 0.0 0.0 0.0 0.757485 0.0 0.0
0.0 0.0 0.0 0.0 0.0316999 0.0 0.0 0.0 0.0 0.0 0.999791 0.0 0.0 0.0 0.0 0.0 0.0 0.0 0.0 0.0 0.0 0.0 0.0 0.0 0.0 0.0 0.0 0.0 0.0 0.0 0.0 0.0 0.0 0.0 0.0 0.000507712 0.0 0.0 4.94421e-05 0.0 1.04308e-06 0.998447 0.0 0.0 0.0 0.817114 0.0 0.0 0.0 0.0 0.0 0.0 0.0 0.0 0.0 0.0 0.0 0.0 0.0 0.0 0.0 0.832521 0.0 0.0
0.00328469 0.0356235 0.0 0.0 0.0 0.0 0.0 0.0 0.0 0.0 0.0 0.0 1.99676e-06 0.0 0.0 0.0 0.0 0.0 0.0 0.0 0.0 0.0 0.0 0.0 0.0 0.0 0.00143605 0.0 0.0 0.957251 0.0 0.0 0.0 0.0 0.0 0.0 0.0 0.0 0.0 0.0 0.0 0.0 0.123049 1.87457e-05 0.0 0.0 0.0 0.0 0.0 0.0 0.984689 0.0 0.0 0.0 0.0 0.0 0.0 0.0 0.0 0.999782 0.0 0.0 0.0 0.0
0.0318054 0.984652 0.0 0.0 0.0 0.0 0.0 0.0 0.0 0.0 0.0 0.0 0.00031057 0.0 0.0 0.0 0.0 0.0 0.0 0.0 0.0 0.0 0.0 0.0 0.0 0.0 0.0 0.0 0.0 0.0 0.0 0.0 0.0 0.0 2.98023e-08 0.0 0.0 0.0 0.0 0.0 0.0 0.0 0.00101447 0.0 0.0 0.0 0.0 0.0 0.0 0.0 0.996217 0.0 0.0 0.0 0.0 0.0 0.0 0.0 0.0 0.000339836 0.0 0.0 0.0 0.0
0.0 0.0 0.0 0.0121886 0.0 0.0 0.0 0.0 8.9407e-08 0.0 0.0 0.0 0.0 0.0 0.54614 0.0 0.00052768 0.0 0.0 0.0 0.000495285 1.19209e-07 0.0 0.0 0.0 0.00260484 0.0 0.0 0.0 0.0 0.0 1.19209e-06 0.0 0.0 0.0 0.0 0.0 0.0 0.0 0.0 0.0 0.0 0.0 0.0 0.0 0.0 0.00164065 0.0 0.0 0.0954189 0.0 0.941524 0.0 0.0 0.0 0.0 0.0 0.0 0.00698909 0.0 0.0 0.0 0.0 0.0145781
0.0 0.0 0.0 0.0 0.143051 0.0 0.0 0.0 0.0 0.0 0.999984 1.74642e-05 0.0 0.0 0.0 0.0 0.0 0.0 0.0 0.0 0.0 0.0 0.0 0.0 0.0 0.0 0.0 0.0 0.0 0.0 0.0 0.0 0.0 0.0 0.0 1.19209e-07 0.0 0.0 0.0221098 0.0 3.8743e-07 0.999993 0.0 0.0 0.0 0.0135146 0.0 0.0 0.0 0.0 0.0 0.0 0.0 0.0 0.0 0.0 0.0 0.0 0.0 0.0 0.0 0.999992 0.0 0.0
0.0 0.0 0.0 0.000144303 0.0 0.0 0.0 0.000145197 8.9407e-08 0.0 0.0 0.0 0.0 0.0 0.000124425 0.0 0.00174665 0.0 0.0 0.0 0.013058 0.0026305 0.0 0.0 0.0 0.930442 0.0 0.0 0.0 0.0 0.0 0.00178948 0.0 0.0 0.0 0.0 0.0 0.0 0.0 0.0 0.0 0.0 0.0 0.0 0.0 0.0 1.78814e-07 0.0 0.0 0.419752 0.0 9.24766e-05 0.0 0.0 0.0 0.0 0.0 0.0 0.120166 0.0 0.0 0.0 0.0 1.80006e-05
0.0 0.0 0.0 0.0 0.0 0.0 0.0 0.0 0.0 0.0 0.0 0.0 0.0 0.0 0.0 0.0 0.0 0.0 0.0 0.0 0.0 0.0 0.0 0.0 0.0 0.0 0.0 0.0 0.0 0.0 0.0 0.0 0.0 0.0 0.0 0.0 0.0 0.0 0.0 0.0 0.0 0.0 0.0 0.0 0.0 0.0 0.0 0.0 0.0 0.0 0.0 0.0 0.0 0.0 1.0 0.0 0.0 0.0 0.0 0.0 0.0 0.0 0.0 0.0
1.19209e-07 0.0 0.17439 0.0 0.0 0.0 0.0635386 0.0 0.0 0.9294 0.0 0.0 0.0074448 0.977506 0.0 0.0 0.0 0.0 0.972362 0.999986 0.0 0.0 0.0 0.0 0.0 0.0 0.0 3.57628e-07 0.0 0.0 6.25849e-07 0.0 2.63751e-05 0.0 0.0 0.0 0.0 0.0712529 0.0 0.0 0.0 0.0 1.3113e-06 0.0 0.99991 0.0 0.0 1.13547e-05 0.0 0.0 0.0 0.0 0.0482287 0.0 0.0 0.776551 0.0 0.0 0.0 0.0 0.0 0.0 0.0 0.0
0.0 0.0 0.0 0.0 0.0 0.0 0.0 0.0 0.0 0.0 0.0 0.0 0.0 0.0 0.0 0.0 0.0 0.0 0.0 0.0 0.0 0.0 0.0 0.0 0.0 0.0 0.0 0.0 0.0 0.0 0.0 0.0 0.0 0.0 0.0 0.0 0.0 0.0 0.0 0.0 0.0 0.0 0.0 0.0 0.0 0.0 0.0 0.0 0.0 0.0 0.0 0.0 0.0 0.0 0.0 0.0 0.0 0.999921 0.0 0.0 0.0 0.0 0.0 0.0
0.0 0.0 0.0 0.000319988 0.0 0.0 0.0 0.000121415 0.0 0.0 0.0 0.0 0.0 0.0 5.75185e-05 0.0 0.000840634 0.0 0.0 0.0 0.0972272 0.937102 0.0 0.0 0.0 0.00372264 0.0 0.0 0.0 0.0 0.0 3.54648e-06 0.0 0.0 0.0 0.0 0.0 0.0 0.0 0.0 0.0 0.0 0.0 0.0 0.0 0.0 2.08616e-07 0.0 0.0 0.000148714 0.0 2.08616e-07 0.0 0.0 0.0 0.0 0.0 0.0 0.0508679 0.0 0.0 0.0 0.0 9.98378e-06
0.0 0.0 0.0 0.0 0.0 0.0 0.0 0.510642 0.00244132 0.0 0.0 0.0 0.0 0.0 0.0 0.0 8.04663e-07 0.0 0.0 0.0 8.9407e-08 8.9407e-08 0.0 1.04606e-05 0.0 0.00102571 0.0 0.0 0.0 0.0 0.0 0.998245 0.0 0.0 0.0 0.0 0.0 0.0 0.0 0.0 0.0 0.0 0.0 0.0 0.0 0.0 0.0 0.0 0.0 0.000441223 0.0 0.0 0.0 0.0 0.0 0.0 0.0 0.0 2.11596e-06 0.0 0.0 0.0 0.0 0.0
0.0 0.0 0.0 0.120269 0.0 0.0 0.0 0.000281483 0.0 0.0 0.0 0.0 0.0 0.0 0.252593 0.0 0.324499 0.0 0.0 0.0 0.978291 0.159479 0.0 0.0 0.0 0.15656 0.0 0.0 0.0 0.0 0.0 0.000394315 0.0 0.0 0.0 0.0 0.0 0.0 0.0 0.0 0.0 0.0 0.0 0.0 0.0 0.0 0.0002397 0.0 0.0 0.66038 0.0 0.00167003 0.0 0.0 0.0 0.0 0.0 0.0 0.750588 0.0 0.0 0.0 0.0 0.00772223
0.0 0.0 0.0 0.972406 0.0 0.0 0.0 8.9407e-08 1.78814e-07 0.0 0.0 0.0 0.0 0.0 0.760418 0.0 0.514531 0.0 0.0 0.0 0.264757 0.000478387 0.0 0.0 0.0 0.00169626 0.0 0.0 0.0 0.0 0.0 3.8743e-06 0.0 0.0 0.0 0.0 0.0 0.0 0.0 0.0 0.0 0.0 0.0 0.0 0.0 0.0 0.0432046 0.0 0.0 0.00503454 0.0 0.00488707 0.0 0.0 0.0 0.0 0.0 0.0 0.00180554 0.0 0.0 0.0 0.0 0.0611779
0.0 0.0 0.0 0.0 0.0 0.0 0.0 0.0 0.0 0.0 0.0 0.0 0.0 0.0 0.0 0.0 0.0 0.0 0.0 0.0 0.0 0.0 0.0 0.0 1.89841e-05 0.0 1.25468e-05 0.0 0.0 0.0 0.0 0.0 0.0 0.0 0.0 0.0 0.0 0.0 0.0 0.995562 0.0 0.0 0.0 6.25849e-07 0.0 0.0 0.0 0.0 0.0 0.0 0.0 0.0 0.0 0.0 0.0 0.0 0.0 0.0 0.0 0.0 0.0 0.0 0.0 0.0
0.0 0.0 0.0 0.0134732 0.0 0.0 0.0 0.0 0.0 0.0 0.0 0.0 0.0 0.0 0.112954 0.0 0.00123125 0.0 0.0 0.0 0.00724861 1.65701e-05 0.0 0.0 0.0 0.001059 0.0 0.0 0.0 0.0 0.0 0.0 0.0 0.0 0.0 0.0 0.0 0.0 0.0 0.0 0.0 0.0 0.0 0.0 0.0 0.0 0.0360789 0.0 0.0 0.000547081 0.0 0.0051913 0.0 0.0 0.0 0.0 0.0 0.0 0.000967622 0.0 0.0 0.0 0.0 0.995121
0.0 0.0 0.0 0.0 0.0 0.0 0.0 0.0 0.0 0.0 0.0 0.0 0.0 0.0 0.0 0.0 0.0 0.0 0.0 0.0 0.0 0.0 0.0 0.0 0.999996 0.0 0.000542432 0.0 0.0 1.78814e-07 0.0 0.0 0.0 0.0 0.0 0.0 0.0 0.0 0.0 7.87377e-05 0.0 0.0 0.0 0.0 0.0 0.0 0.0 0.0 0.0 0.0 0.0 0.0 0.0 0.0 0.0 0.0 0.0 0.0 0.0 0.0 0.0 0.0 0.0 0.0
0.0 0.0 0.00401446 0.0 0.0 0.0 0.0043554 0.0 0.0 0.374329 0.0 0.0 3.63588e-06 0.60465 0.0 0.0 0.0 0.0 0.945771 0.9893 0.0 0.0 0.0 0.0 0.0 0.0 0.0 0.0 0.0 0.0 1.19209e-07 0.0 6.25849e-07 0.0 0.0 0.0 0.0 0.000339001 0.0 0.0 0.0 0.0 0.0 0.0 0.999885 0.0 0.0 2.08616e-07 0.0 0.0 0.0 0.0 0.0106402 0.0 0.0 0.0220621 0.0 0.0 0.0 0.0 0.0 0.0 0.0 0.0
0.0 0.0 0.0 0.187726 0.0 0.0 0.0 0.0 0.0 0.0 0.0 0.0 0.0 0.0 0.977032 0.0 0.0177432 0.0 0.0 0.0 0.00632334 1.63913e-06 0.0 0.0 0.0 2.95937e-05 0.0 0.0 0.0 0.0 0.0 3.57628e-07 0.0 0.0 0.0 0.0 0.0 0.0 0.0 0.0 0.0 0.0 0.0 0.0 0.0 0.0 0.0620503 0.0 0.0 0.0110733 0.0 0.0485809 0.0 0.0 0.0 0.0 0.0 0.0 8.01682e-05 0.0 0.0 0.0 0.0 0.00206739
0.0 0.0 0.0 0.0 0.0 0.0 0.0 0.0 0.0 0.0 0.0 0.0 0.0 0.0 0.0 0.0 0.0 0.0 0.0 0.0 0.0 0.0 0.0 0.0 5.96046e-08 0.0 0.987178 0.0 0.0 0.185821 0.0 0.0 0.0 0.0 0.0 0.0 0.0 0.0 0.0 0.0 0.0 0.0 7.15256e-07 1.19209e-07 0.0 0.0 0.0 0.0 0.0 0.0 6.79493e-06 0.0 0.0 0.0 0.0 0.0 0.0 0.0 0.0 0.35849 0.0 0.0 0.0 0.0
0.0 0.0 0.0156873 0.0 0.0 0.0 0.828819 0.0 0.0 0.0459586 0.0 0.0 2.98023e-08 0.000107884 0.0 0.0 0.0 0.0 4.19021e-05 0.000555426 0.0 0.0 0.0 0.0 0.0 0.0 0.0 0.0860139 0.0 0.0 0.000743419 0.0 0.963113 0.0 0.0 0.0 0.0 2.89083e-06 0.0 0.0 0.0 0.0 0.0 0.0 0.824688 0.0 0.0 0.0591364 0.0 0.0 0.0 0.0 0.0123512 0.0 0.0 0.00505468 0.0 0.0 0.0 0.0 0.0 0.0 0.0 0.0
0.0 0.0 0.0 0.0 0.0 0.0 0.0 0.0 0.0 0.0 0.0 0.0 0.0 0.0 0.0 0.0 0.0 0.0 0.0 0.0 0.0 0.0 0.0 0.0 0.0 0.0 0.0 0.0 0.0 0.0 0.0 0.0 0.0 0.0 0.0 0.0 0.0 0.0 0.0 0.0 0.0 0.0 0.0 0.0 0.0 0.0 0.0 0.0 0.0 0.0 0.0 0.0 0.0 0.0 0.0 0.0 7.53999e-06 0.0 0.0 0.0 0.996277 0.0 0.0 0.0
0.0 0.0 0.0 0.0 0.0 0.0 0.0 0.0 0.0 0.0 0.0 0.0 0.0 0.0 0.0 0.0 0.0 0.0 0.0 0.0 0.0 0.0 0.0 0.0 0.0 0.0 0.0 0.0 0.0 0.0 0.0 0.0 0.0 0.999994 0.0 0.0 0.0 0.0 0.0 0.0 0.0 0.0 0.0 0.0 0.0 0.0 0.0 0.0 0.0 0.0 0.0 0.0 0.0 0.0 0.0 0.0 0.0 0.0 0.0 0.0 0.0 0.0 0.0 0.0
0.0 0.0 0.0 0.0 0.0 0.0 0.0 0.0 0.0 0.0 0.0 0.0 0.0 0.0 0.0 0.0 0.0 0.999994 0.0 0.0 0.0 0.0 0.0 0.0 0.0 0.0 0.0 0.0 0.0 0.0 0.0 0.0 0.0 0.0 0.0 0.0 0.0 0.0 0.0 0.0 0.0 0.0 0.0 0.0 0.0 0.0 0.0 0.0 0.0 0.0 0.0 0.0 0.0 0.0 0.0 0.0 0.0 0.0 0.0 0.0 0.0 0.0 0.0 0.0
0.0 8.34465e-06 0.0 0.0 0.0 0.0 0.0 0.0 0.0 0.0 0.0 0.0 0.0 0.0 0.0 0.0 0.0 0.0 0.0 0.0 0.0 0.0 0.0 0.0 0.0 0.0 0.0 0.0 0.0 0.0 0.0 0.0 0.0 0.0 0.0 0.0 0.0 0.0 0.0 0.0 0.0 0.0 0.0 0.0 0.0 0.0 0.0 0.0 0.0 0.0 6.25849e-07 0.0 0.0 0.0 0.0 0.0 0.0 0.0 0.0 0.0 0.0 0.0 0.0 0.0
0.0 0.0 0.0 0.0 0.00266618 0.0 0.0 0.0 0.0 0.0 0.97473 0.0 0.0 0.0 0.0 0.0 0.0 0.0 0.0 0.0 0.0 0.0 0.0 0.0 0.0 0.0 0.0 0.0 0.0 0.0 0.0 0.0 0.0 0.0 0.0 0.000303894 0.0 0.0 5.6535e-05 0.0 0.0 0.46316 0.0 0.0 0.0 0.191697 0.0 0.0 0.0 0.0 0.0 0.0 0.0 0.0 0.0 0.0 0.0 0.0 0.0 0.0 0.0 0.957451 0.0 0.0
0.0 0.0 0.0 0.0 0.0 0.0 0.0 0.0 0.0 0.0 0.0 0.0 0.0722842 0.0 0.0 0.0 0.0 0.0 0.0 0.0 0.0 0.0 4.67896e-06 0.0 0.0 0.0 0.0 0.0 0.0 0.0 0.0 0.0 0.0 0.0 0.993555 0.0 0.0 0.000101417 0.0 0.0 0.0 0.0 0.0 0.0 0.0 0.0 0.0 0.0 0.0 0.0 8.9407e-08 0.0 0.0 0.0 0.0 0.0 0.0 0.0 0.0 0.0 0.0 0.0 0.0 0.0
0.000109494 0.882317 0.0 0.0 0.0 0.0 0.0 0.0 0.0 0.0 0.0 0.0 8.9407e-08 0.0 0.0 0.0 0.0 0.0 0.0 0.0 0.0 0.0 0.0 0.0 0.0 0.0 1.69873e-06 0.0 0.0 1.11163e-05 0.0 0.0 0.0 0.0 0.0 0.0 0.0 0.0 0.0 0.0 0.0 0.0 0.00012809 4.00543e-05 0.0 0.0 0.0 0.0 0.0 0.0 0.998175 0.0 0.0 0.0 0.0 0.0 0.0 0.0 0.0 0.00408077 0.0 0.0 0.0 0.0
0.0 0.0 0.0 0.0 2.42293e-05 0.0 0.0 0.0 0.0 0.0 0.0 0.0 0.0 0.0 0.0 0.0 0.0 0.0 0.0 0.0 0.0 0.0 0.0 0.0 0.0 0.0 0.0 0.0 0.0 0.0 0.0 0.0 0.0 0.0 0.0 0.0 0.0 0.0 8.04663e-07 0.0 0.0 0.0 0.0 0.0 0.0 0.0 0.0 0.0 0.0 0.0 0.0 0.0 0.0 2.70903e-05 0.0 0.0 0.0 0.0 0.0 0.0 0.0 0.0 0.0 0.0
0.0 0.0 0.0 0.0 0.0 0.0 0.0 0.0 0.0 0.0 9.20892e-06 0.897549 0.0 0.0 0.0 0.953445 0.0 0.0 0.0 0.0 0.0 0.0 0.0 0.0 0.0 0.0 2.98023e-08 0.0 0.0 0.0 0.0 0.0 0.0 0.0 0.0 0.0 0.0 0.0 0.000510961 0.0 0.0 3.81768e-05 0.0 0.0199842 0.0 0.0 0.0 0.0 0.0 0.0 0.0 0.0 0.0 0.0 0.0 0.0 0.0 0.0 0.0 0.0 0.0 0.00663108 0.0 0.0
0.0 0.0 0.0 0.0 0.000752956 0.0 0.0 0.0 0.0 0.0 5.90086e-06 0.0 0.0 0.0 0.0 0.0 0.0 0.0 0.0 0.0 0.0 0.0 0.0 0.0 0.0 0.0 0.0 0.0 0.0 0.0 0.0 0.0 0.0 0.0 0.0 0.999837 0.0 0.0 0.0 0.0 3.8743e-07 0.0 0.0 0.0 0.0 0.0465237 0.0 0.0 0.0 0.0 0.0 0.0 0.0 0.0 0.0 0.0 0.0 0.0 0.0 0.0 0.0 2.98023e-08 0.0 0.0
0.0 0.0 0.0 0.0 0.00219959 0.0 0.0 0.0 0.0 0.0 0.998581 0.0 0.0 0.0 0.0 0.0 0.0 0.0 0.0 0.0 0.0 0.0 0.0 0.0 0.0 0.0 0.0 0.0 0.0 0.0 0.0 0.0 0.0 0.0 0.0 0.00153479 0.0 0.0 2.68221e-07 0.0 0.00122398 0.742203 0.0 0.0 0.0 0.898008 0.0 0.0 0.0 0.0 0.0 0.0 0.0 0.0 0.0 0.0 0.0 0.0 0.0 0.0 0.0 0.965452 0.0 0.0
1.99676e-05 0.998118 0.0 0.0 0.0 0.0 0.0 0.0 0.0 0.0 0.0 0.0 4.17233e-07 0.0 0.0 0.0 0.0 0.0 0.0 0.0 0.0 0.0 0.0 0.0 0.0 0.0 0.0 0.0 0.0 0.0 0.0 0.0 0.0 0.0 0.0 0.0 0.0 0.0 0.0 0.0 0.0 0.0 2.74181e-05 1.48118e-05 0.0 0.0 0.0 0.0 0.0 0.0 0.997888 0.0 0.0 0.0 0.0 0.0 0.0 0.0 0.0 0.000517875 0.0 0.0 0.0 0.0
0.0 0.0 0.0 0.0 0.0 0.0 0.0 0.0 0.0 0.0 0.0 0.941446 0.0 0.0 0.0 0.996767 0.0 0.0 0.0 0.0 0.0 0.0 0.0 0.0 0.0 0.0 0.0 0.0 0.0 0.0 0.0 0.0 0.0 0.0 0.0 0.0 0.0 0.0 0.0 0.0 0.0 0.0 0.0 0.891768 0.0 0.0 0.0 0.0 0.0 0.0 0.0 0.0 0.0 0.0 0.0 0.0 0.0 0.0 0.0 0.0 0.0 0.0 0.0 0.0
0.0 0.0 0.0 0.0 0.0 0.0 0.0 0.0 0.0 0.0 0.0 0.0 0.0 0.0 0.0 0.0 0.0 0.0 0.0 0.0 0.0 0.0 0.0 0.0 0.0 0.0 0.0 0.0 0.999184 0.0 0.0 0.0 0.0 0.0 0.0 0.0 0.0 0.0 0.0 0.0 0.0 0.0 0.0 0.0 0.0 0.0 0.0 0.0 0.0 0.0 0.0 0.0 0.0 0.0 0.0 0.0 0.0 0.0 0.0 0.0 0.0 0.0 0.0 0.0
0.0 0.0 0.0 0.0 9.69172e-05 0.0 0.0 0.0 0.0 0.0 0.0129644 0.0 0.0 0.0 0.0 0.0 0.0 0.0 0.0 0.0 0.0 0.0 0.0 0.0 0.0 0.0 0.0 0.0 0.0 0.0 0.0 0.0 0.0 0.0 0.0 0.916619 0.0 0.0 0.0 0.0 6.85453e-07 7.90954e-05 0.0 0.0 0.0 0.429944 0.0 0.0 0.0 0.0 0.0 0.0 0.0 0.0 0.0 0.0 0.0 0.0 0.0 0.0 0.0 0.000624388 0.0 0.0
0.0 0.0 0.0 0.133513 0.0 0.0 0.0 7.10487e-05 1.49012e-07 0.0 0.0 0.0 0.0 0.0 0.0824662 0.0 0.867114 0.0 0.0 0.0 0.818437 0.0682675 0.0 0.0 0.0 0.0541314 0.0 0.0 0.0 0.0 0.0 0.000480324 0.0 0.0 0.0 0.0 0.0 0.0 0.0 0.0 0.0 0.0 0.0 0.0 0.0 0.0 0.000252753 0.0 0.0 0.0675617 0.0 0.000164181 0.0 0.0 0.0 0.0 0.0 0.0 0.036056 0.0 0.0 0.0 0.0 0.00479352
0.000115812 3.38554e-05 0.0 0.0 0.0 0.0 0.0 0.0 0.0 0.0 0.0 0.0 2.98023e-07 0.0 0.0 0.0 0.0 0.0 0.0 0.0 0.0 0.0 0.0 0.0 0.0 0.0 6.55651e-07 0.0 0.0 0.0323761 0.0 0.0 0.0 0.0 0.0 0.0 0.0 0.0 0.0 0.0 0.0 0.0 0.0286069 0.0 0.0 0.0 0.0 0.0 0.0 0.0 0.810848 0.0 0.0 0.0 0.0 0.0 0.0 0.0 0.0 0.999414 0.0 0.0 0.0 0.0
0.0 0.0 0.0 0.0 0.0 0.0 0.0 0.0 0.0 0.000132889 0.0 0.0 7.06315e-06 1.49012e-07 0.0 0.0 0.0 0.0 2.98023e-08 5.63264e-06 0.0 0.0 0.0 0.0 0.0 0.0 0.0 0.0 0.0 0.0 0.0 0.0 0.0 0.0 0.0 0.0 0.999995 2.47657e-05 0.0 0.0 0.0 0.0 0.0 0.0 5.1856e-06 0.0 0.0 0.0 0.0 0.0 0.0 0.0 0.0 0.0 0.0 8.9407e-08 0.0 0.0 0.0 0.0 0.0 0.0 0.0 0.0
0.0 0.0 0.0 0.0 0.0 0.0 0.0 0.912492 1.51992e-06 0.0 0.0 0.0 0.0 0.0 0.0 0.0 5.96046e-08 0.0 0.0 0.0 8.9407e-08 8.64267e-07 0.0 1.60933e-06 0.0 5.37932e-05 0.0 0.0 0.0 0.0 0.0 0.784175 0.0 0.0 0.0 0.0 0.0 0.0 0.0 0.0 0.0 0.0 0.0 0.0 0.0 0.0 0.0 0.0 0.0 8.46386e-06 0.0 0.0 0.0 0.0 0.0 0.0 0.0 0.0 1.43051e-06 0.0 0.0 0.0 0.0 0.0
0.0 0.0 0.0 0.0 0.0 0.471239 0.0 0.0 0.0 0.0 0.0 0.0 0.0 0.0 0.0 0.0 0.0 0.0 0.0 0.0 0.0 0.0 0.0 0.0 0.0 0.0 0.0 0.0 0.0 0.0 0.0 0.0 0.0 0.0 0.0 0.0 0.0 0.0 0.0 0.0 0.0 0.0 0.0 0.0 0.0 0.0 0.0 0.0 0.0 0.0 0.0 0.0 0.0 0.0 0.0 0.0 0.0 0.0 0.0 0.0 0.0 0.0 0.0 0.0
0.0 0.0 0.0 1.48118e-05 0.0 0.0 0.0 4.08292e-06 0.0 0.0 0.0 0.0 0.0 0.0 0.00060609 0.0 5.45084e-05 0.0 0.0 0.0 0.0623596 0.0172557 0.0 0.0 0.0 0.0947439 0.0 0.0 0.0 0.0 0.0 1.72853e-06 0.0 0.0 0.0 0.0 0.0 0.0 0.0 0.0 0.0 0.0 0.0 0.0 0.0 0.0 2.38419e-07 0.0 0.0 0.0831212 0.0 0.000888228 0.0 0.0 0.0 0.0 0.0 0.0 0.986068 0.0 0.0 0.0 0.0 5.36442e-05
0.0 0.0 0.255006 0.0 0.0 0.0 0.999086 0.0 0.0 0.00699028 0.0 0.0 0.0 4.17829e-05 0.0 0.0 0.0 0.0 0.00126046 0.00480148 0.0 0.0 0.0 0.0 0.0 0.0 0.0 0.0541693 0.0 0.0 0.00973606 0.0 0.388637 0.0 0.0 0.0 0.0 1.78814e-07 0.0 0.0 0.0 0.0 0.0 0.0 0.977625 0.0 0.0 0.977059 0.0 0.0 0.0 0.0 0.201429 0.0 0.0 0.0103813 0.0 0.0 0.0 0.0 0.0 0.0 0.0 0.0
0.0 0.0 0.0 0.0 0.0 0.0 0.0 0.0 0.0 0.0 0.00167331 0.299047 0.0 0.0 0.0 0.00290626 0.0 0.0 0.0 0.0 0.0 0.0 0.0 0.0 0.0 0.0 0.0 0.0 0.0 0.0 0.0 0.0 0.0 0.0 0.0 0.0 0.0 0.0 0.00226271 0.0 0.0 0.196981 0.0 0.0 0.0 0.0 0.0 0.0 0.0 0.0 0.0 0.0 0.0 0.0 0.0 0.0 0.0 0.0 0.0 0.0 0.0 0.171187 0.0 0.0
0.0 0.0 0.0 0.0 0.0 0.0 0.0 0.0 0.0 0.0 0.0 0.0 0.0 0.0 0.0 0.0 0.0 0.0 0.0 0.0 0.0 0.0 0.0 0.0 0.0 0.0 0.0 0.0 0.0 0.0 0.0 0.0 0.0 0.0 0.0 0.0 0.0 0.0 0.0 0.0 0.0 0.0 0.0 0.0 0.0 0.0 0.0 0.0 0.999957 0.0 0.0 0.0 0.0 0.0 0.0 0.0 0.0 0.0 0.0 0.0 0.0 0.0 0.0 0.0
0.0 0.0 0.988921 0.0 0.0 0.0 0.931428 0.0 0.0 0.00994027 0.0 0.0 5.96046e-08 0.000457704 0.0 0.0 0.0 0.0 0.0540335 0.172305 0.0 0.0 0.0 0.0 0.0 0.0 0.0 3.30806e-06 0.0 0.0 3.27826e-07 0.0 0.0148494 0.0 0.0 0.0 0.0 1.66297e-05 0.0 0.0 0.0 0.0 0.0 0.0 0.995902 0.0 0.0 0.0362509 0.0 0.0 0.0 0.0 0.898292 0.0 0.0 0.536613 0.0 0.0 0.0 0.0 0.0 0.0 0.0 0.0
0.0 0.0 0.0 0.0 0.0 0.0 0.0 0.0 0.0 0.0 0.0 0.0 0.0 0.0 0.0 0.0 0.0 0.0 0.0 0.0 0.0 0.0 0.0 0.0 0.0 0.0 0.0 0.0 0.0 0.0 0.0 0.0 0.0 0.0 0.0 0.0 0.0 0.0 0.0 0.0 0.0 0.0 0.0 0.0 0.0 0.0 0.0 0.0 0.0 0.0 0.0 0.0 0.0 0.999998 0.0 0.0 0.0 0.0 0.0 0.0 0.0 0.0 0.0 0.0
0.0 0.0 0.0 0.212297 0.0 0.0 0.0 0.0 0.0 0.0 0.0 0.0 0.0 0.0 0.77201 0.0 3.8445e-05 0.0 0.0 0.0 0.000152409 2.98023e-08 0.0 0.0 0.0 1.49012e-07 0.0 0.0 0.0 0.0 0.0 0.0 0.0 0.0 0.0 0.0 0.0 0.0 0.0 0.0 0.0 0.0 0.0 0.0 0.0 0.0 0.988305 0.0 0.0 1.10269e-06 0.0 0.00143975 0.0 0.0 0.0 0.0 0.0 0.0 3.57628e-07 0.0 0.0 0.0 0.0 0.229631
0.0 0.0 0.0 0.0 0.0 0.0 0.0 0.00185809 0.107757 0.0 0.0 0.0 0.0 0.0 0.0 0.0 0.0 0.0 0.0 0.0 0.0 0.0 0.0 0.992055 0.0 0.0 0.0 0.0 0.0 0.0 0.0 0.000417173 0.0 0.0 0.0 0.0 0.0 0.0 0.0 0.0 0.0 0.0 0.0 0.0 0.0 0.0 0.0 0.0 0.0 0.0 0.0 0.0 0.0 0.0 0.0 0.0 0.0 0.0 0.0 0.0 0.0 0.0 6.25849e-07 0.0
0.0 0.0 1.04308e-06 0.0 0.0 0.0 0.0517658 0.0 0.0 0.863826 0.0 0.0 0.000100732 0.00187844 0.0 0.0 0.0 0.0 1.19209e-07 0.000118852 0.0 0.0 2.38419e-07 0.0 0.0 0.0 0.0 0.999031 0.0 0.0 0.0893132 0.0 0.00687581 0.0 0.0 0.0 0.0 0.00283554 0.0 0.0 0.0 0.0 0.0 0.0 0.00889841 0.0 0.0 0.000317156 0.0 0.0 0.0 0.0 1.75834e-06 0.0 0.0 4.38988e-05 0.0 0.0 0.0 0.0 0.0 0.0 0.0 0.0
0.0 0.0 0.0 0.0 0.0 0.0 0.0 0.0 0.0 0.0 0.0 0.0 0.0 0.0 0.0 0.0 0.0 0.0 0.0 0.0 0.0 0.0 0.0 0.0 0.0 0.0 0.0 0.0 0.0 0.0 0.0 0.0 0.0 0.0 0.0 0.0 0.0 0.0 0.0 0.0 0.0 0.0 0.0 0.0 0.0 0.0 0.0 0.0 0.0 0.0 0.0 0.0 0.0 0.0 0.0 0.0 0.999895 0.0 0.0 0.0 8.9407e-08 0.0 0.0 0.0
0.0 0.0 0.0 0.0 0.983217 0.0 0.0 0.0 0.0 0.0 0.765472 0.0 0.0 0.0 0.0 0.0 0.0 0.0 0.0 0.0 0.0 0.0 0.0 0.0 0.0 0.0 0.0 0.0 0.0 0.0 0.0 0.0 0.0 0.0 0.0 0.00213966 0.0 0.0 2.5928e-06 0.0 0.0 0.00121194 0.0 0.0 0.0 0.456953 0.0 0.0 0.0 0.0 0.0 0.0 0.0 0.0 0.0 0.0 0.0 0.0 0.0 0.0 0.0 0.00436997 0.0 0.0
0.0 0.0 0.0 0.0 0.0 0.0 0.0 0.0 0.0 0.0 1.98483e-05 0.0 0.0 0.0 0.0 0.0 0.0 0.0 0.0 0.0 0.0 0.0 0.0 0.0 0.0 0.0 0.0 0.0 0.0 0.0 0.0 0.0 0.0 0.0 0.0 6.55651e-07 0.0 0.0 0.0 0.0 0.999536 2.35438e-06 0.0 0.0 0.0 1.49012e-07 0.0 0.0 0.0 0.0 0.0 0.0 0.0 0.0 0.0 0.0 0.0 0.0 0.0 0.0 0.0 5.28395e-05 0.0 0.0
0.0 0.0 0.0 0.0 0.0 0.0 0.0 1.78814e-07 0.947188 0.0 0.0 0.0 0.0 0.0 0.0 0.0 0.0 0.0 0.0 0.0 0.0 0.0 0.0 4.3869e-05 0.0 0.0 0.0 0.0 0.0 0.0 0.0 0.000100195 0.0 0.0 0.0 0.0 0.0 0.0 0.0 0.0 0.0 0.0 0.0 0.0 0.0 0.0 0.0 0.0 0.0 0.0 0.0 0.0 0.0 0.0 0.0 0.0 0.0 0.0 0.0 0.0 0.0 0.0 2.98023e-08 0.0
0.87436 0.000199646 0.0 0.0 0.0 0.0 0.0 0.0 0.0 0.000138909 0.0 0.0 0.582337 0.00360575 0.0 0.0 0.0 0.0 0.0 0.000338644 0.0 0.0 0.0 0.0 0.0 0.0 0.00834781 0.0 0.0 0.992403 0.0 0.0 0.0 0.0 0.0 0.0 0.0 0.484675 0.0 0.0 0.0 0.0 0.825091 0.0 3.96371e-06 0.0 0.0 0.0 0.0 0.0 0.0 0.0 0.0 0.0 0.0 0.0 0.0 0.0 0.0 0.0 0.0 0.0 0.0 0.0
0.0 0.0601539 0.0 0.0 0.0 0.0 0.0 0.0 0.0 0.0 0.0 0.0 0.0 0.0 0.0 0.0 0.0 0.0 0.0 0.0 0.0 0.0 0.0 0.0 0.99457 0.0 0.0 0.0 0.0 0.0 0.0 0.0 0.0 0.0 0.0 0.0 0.0 0.0 0.0 3.72529e-06 0.0 0.0 0.0 0.0960271 0.0 0.0 0.0 0.0 0.0 0.0 0.0 0.0 0.0 0.0 0.0 0.0 0.0 0.0 0.0 0.0 0.0 0.0 0.0 0.0
0.0 0.0 0.00134516 0.0 0.0 0.0 1.90735e-06 0.0 0.0 0.0 0.0 0.0 0.0 0.0 0.0 0.0 0.0 0.0 0.0 0.0 0.0 0.0 0.0 0.0 0.0 0.0 0.0 0.0 0.0 0.0 5.96046e-08 0.0 0.0 0.0 0.0 0.0 0.0 0.0 0.0 0.0 0.0 0.0 0.0 0.0 0.0 0.0 0.0 0.0 0.0 0.0 0.0 0.0 0.00132686 0.0 0.0 9.23872e-07 0.0 0.0 0.0 0.0 0.0 0.0 0.0 0.0
0.0 0.0 0.0 0.0 0.0 0.0 0.0 0.0 0.0 0.0 0.0 0.0 0.0 0.0 0.0 0.0 0.0 0.0 0.0 0.0 0.0 5.66244e-07 0.0 0.0 0.0 0.0 0.0 0.0 0.0 0.0 0.0 0.0 0.0 0.0 0.0 0.0 0.0 0.0 0.0 0.0 0.0 0.0 0.0 0.0 0.0 0.0 0.0 0.0 0.0 0.0 0.0 2.23517e-06 0.0 0.0 0.0 0.0 0.990258 0.0 0.0 0.0 0.0 0.0 0.0 9.23872e-07
0.0 0.0 0.0 0.0 0.352768 0.0 0.0 0.0 0.0 0.0 0.000745356 0.0 0.0 0.0 0.0 0.0 0.0 0.0 0.0 0.0 0.0 0.0 0.0 0.0 0.0 0.0 0.0 0.0 0.0 0.0 0.0 0.0 0.0 0.0 0.0 0.3076 0.0 0.0 9.23872e-07 0.0 0.0734944 0.995366 0.0 0.0 0.0 0.0898807 0.0 0.0 0.0 0.0 0.0 0.0 0.0 5.96046e-08 0.0 0.0 0.0 0.0 0.0 0.0 0.0 6.67572e-06 0.0016028 0.0
0.0 0.0 0.0 0.0 0.0 0.0 0.0 0.0 0.0 0.0 0.0 0.0 0.0 0.0 0.500347 0.0 9.53674e-07 0.0 0.0 0.0 3.85344e-05 0.0 0.0 0.0 0.0 0.000183791 0.0 0.0 0.0 0.0 0.0 0.0 0.0 0.0 0.0 0.0 0.0 0.0 0.0 0.0 0.0 0.0 0.0 0.0 0.0 0.0 0.951604 0.0 0.0 0.0 0.0 0.0 0.0 0.0 0.0 0.0 0.0 0.0 4.79519e-05 0.0 0.519567 0.0 0.0 0.0
0.0 0.0 0.125397 0.0 0.0 0.0 0.00272119 0.0 0.0 0.0 0.0 0.0 0.0 0.0 0.0 0.0 0.0 0.0 0.0 0.0 0.0 0.0 0.0 0.0 0.0 0.0 0.0 0.0 0.0 0.0 3.14713e-05 0.0 0.0 0.0 0.0 0.0 0.0 0.0 0.0 0.0 0.0 0.0 0.0 0.0 0.0 0.0 0.0 4.17233e-07 0.0 0.0 0.0 0.0 0.00703058 0.0 0.0 0.000574321 0.0 0.0 0.0 0.0 0.0 0.0 0.0 0.0
0.0 0.0 0.0 0.0 0.0 0.0 0.0 0.0 0.0 0.0 0.0 0.0 0.0 0.0 0.000957489 0.0 0.00247201 1.60933e-06 0.0 0.0 2.98321e-05 0.0 0.0 0.0 0.0 0.97228 0.0 0.0 0.0 0.0 0.0 0.0 0.0 0.0 0.0 0.0 0.0 0.0 0.0 0.0 0.0 0.0 0.0 0.0 0.0 0.0 1.84774e-06 0.0 0.0 0.0 0.0 0.0 0.0 0.0 0.0 0.0 0.0 0.0 0.00100923 0.0 0.00020352 0.0 0.0 0.0
0.0 0.0 0.0 0.994594 0.0 0.0 0.0 0.0 0.0 0.0 0.0 0.0 0.0 0.0 0.0 0.0 0.0 0.0 0.0 0.0 0.0 0.0 0.0 0.0 0.0 0.0 0.0 0.0 0.0 0.0 0.0 0.0 0.0 0.0 0.0 0.0 0.0 0.0 0.0 0.0 0.0 0.0 0.0 0.0 0.0 0.0 0.0 0.0 1.19209e-07 0.0 0.0 0.0 0.0 0.0 0.0 0.0 0.0 0.0 0.0 0.0 0.0 0.0 0.0 0.0
0.0 0.0 3.12924e-06 0.0 0.0 0.0 1.19209e-07 0.0 0.0 0.0 0.0 0.0 0.0 0.0 0.0 0.0 0.0 0.0 0.0 0.0 0.0 0.0 0.0 0.0 0.0 0.0 0.0 0.0 0.0 0.0 0.998958 0.0 0.0 0.0 0.0 0.0 0.0 0.0 0.0 0.0 0.0 0.0 0.0 0.0 0.0 0.0 0.0 4.35114e-06 0.0 0.0 0.0 0.0 2.08616e-07 0.0 0.0 1.19209e-07 0.0 0.0 0.0 6.25849e-07 0.0 0.0 0.0 0.0
0.0 0.0 0.0 0.0 0.103206 0.0 0.0 0.0 0.0 0.0 0.0237416 0.0 0.0 0.0 0.0 0.0 0.0 0.0 0.0 0.0 0.0 0.0 0.0 0.0 0.0 0.0 0.0 0.0 0.0 0.0 0.0 0.0 0.0 0.0 0.0 0.0568407 0.0 0.0 0.0 0.0 0.994992 0.24903 0.0 0.0 0.0 0.00314033 0.0 0.0 0.0 0.0 0.0 0.0 0.0 7.96318e-05 0.0 0.0 0.0 0.0 0.0 0.0 0.0 0.00152647 0.0268342 0.0
0.0 0.0 0.0 0.0 0.00460985 0.0 0.0 0.0 0.0 0.0 0.0872409 1.19209e-07 0.0 0.0 0.0 0.0 0.0 0.0 0.0 0.0 0.0 0.0 0.0 0.0 0.0 0.0 0.0 0.0 0.0 0.0 0.0 0.0 0.0 0.0 0.0 0.0753535 0.0 0.0 0.0 0.0 0.139376 0.100984 0.0 0.0 0.0 9.26852e-06 0.0 0.0 0.0 0.0 0.0 0.0 0.0 0.00456649 0.0 0.0 0.0 0.0 0.0 0.0 0.0 0.127146 0.987797 0.0
0.956795 9.34601e-05 0.0 0.0 0.0 0.0 0.0 0.0 0.0 0.0110647 0.0 0.0 0.971707 0.192118 0.0 0.0 0.0 0.0 0.0 0.0253728 0.0 0.0 0.0 0.0 0.0 0.0 0.0114337 0.0 0.0 0.7051 0.0 0.0 0.0 0.0 0.0 0.0 0.0 0.989658 0.0 0.0 0.0 0.0 0.974835 0.0 0.00013715 0.0 0.0 0.0 0.0 0.0 0.0 0.0 0.0 0.0 0.0 0.0 0.0 0.0 0.0 0.0 0.0 0.0 0.0 0.0
0.00302866 0.103819 0.0 0.0 0.0 0.0 0.0 0.0 0.0 0.253228 0.0 0.0 0.0208005 0.00610068 0.0 0.0 0.0 0.0 0.0 0.994889 0.0 0.0 0.0 0.0 0.0 0.0 0.410537 0.0 0.0 0.000508338 0.0 0.0 0.0 0.0 0.0 0.0 0.0 0.0172185 0.0 0.0 0.0 0.0 0.741953 0.0 0.046563 0.0 0.0 0.0 0.0 0.0 0.0 0.0 0.0 0.0 0.0 0.0 0.0 0.0 0.0 0.0 0.0 0.0 0.0 0.0
0.0 0.0 0.0 0.0 0.0 0.0 0.0 0.0 0.0 0.0 0.0 0.0 0.0 0.0 0.000260115 0.0 0.527408 9.20594e-05 0.0 0.0 0.963543 0.0 0.0 0.0 0.0 5.34356e-05 0.0 0.0 0.0 0.0 0.0 1.19209e-06 0.0 5.33462e-06 0.0 0.0 0.0 0.0 0.0 0.0 0.0 0.0 0.0 0.0 0.0 0.0 6.02007e-06 0.0 0.0 0.0 0.0 0.000232995 0.0 0.0 0.0 0.0 1.3113e-06 0.0 2.33352e-05 0.0 0.000504464 0.0 0.0 8.34465e-07
0.0 0.0 0.0 0.0 0.0 0.0 0.0 0.0 0.0 0.0 2.61068e-05 0.995843 0.0 0.0 0.0 0.132855 0.0 0.0 0.0 0.0 0.0 0.0 0.0 0.0 0.0 0.0 0.0 0.0 0.0 0.0 0.0 0.0 0.0 0.0 3.30806e-06 0.0 0.0 0.0 0.0 0.0 1.19209e-07 0.0 0.0 0.0 0.0 0.0 0.0 0.0 0.0 0.0 0.0 0.0 0.0 0.00740528 0.0 0.0 0.0 0.0 0.0 0.0 0.0 0.043646 5.99027e-05 0.0
0.0 0.0 0.0 0.0 0.0 0.0 0.0 0.0 0.0 0.0 0.0 0.0 0.0 0.0 0.0 0.0 1.00434e-05 1.49012e-07 0.0 0.0 1.46031e-06 0.000105381 0.0 0.0 0.0 0.0 0.0 0.0 0.0 0.0 0.0 3.63588e-06 0.0 0.0017027 0.0 0.0 0.0 0.0 0.0 0.0 0.0 0.0 0.0 0.0 0.0 0.0 0.0 0.0 0.0 5.96046e-08 0.0 0.985486 0.0 0.0 0.0 0.0 0.00104824 0.0 0.0 0.0 2.98023e-07 0.0 0.0 5.96046e-08
0.0 0.0 0.577715 0.0 0.0 0.0 0.22013 0.0 0.0 0.0 0.0 0.0 0.0 0.0 0.0 0.0 0.0 0.0 0.0 0.0 0.0 0.0 0.0 0.0 0.0 0.0 0.0 5.96046e-08 0.0 0.0 1.78814e-07 0.0 0.0 0.0 0.0 0.0 0.0 0.0 0.0 0.0 0.0 0.0 0.0 0.0 0.0 0.0 0.0 5.39422e-06 0.0 0.0 0.0 0.0 0.976043 0.0 0.0 0.174455 0.0 0.0 0.0 3.57628e-07 0.0 0.0 0.0 0.0
1.49012e-07 0.0 5.42998e-05 0.0 0.0 0.0 0.000451177 0.0 0.0 0.0 0.0 0.0 2.98023e-08 0.0 0.0 0.0 0.0 0.0 1.89543e-05 0.0 0.0 0.0 0.0 0.0 0.0 0.0 0.0 0.0690942 0.0 0.0 0.0 0.0 0.0 0.0 0.0 0.0 0.0 0.0 0.0 0.0 0.0 0.0 0.0 0.0 0.0 0.0 0.0 2.5183e-05 0.0 0.0 0.0 0.0 6.55651e-06 0.0 0.0 0.0011093 0.0 0.0 0.0 0.0 0.0 0.0 0.0 0.0
1.51992e-06 0.00997204 0.0 0.0 0.0 0.0 0.0 0.0 0.0 0.00118297 0.0 0.0 1.81198e-05 7.83801e-06 0.0 0.0 0.0 0.0 0.0 0.024145 0.0 0.0 0.0 0.0 2.98023e-08 0.0 0.00403255 0.0 0.0 5.06639e-07 0.0 0.0 0.0 0.0 0.0 0.0 0.0 8.31485e-06 0.0 0.0 0.0 0.0 0.00154459 0.0 0.999747 0.0 0.0 0.0 0.0 0.0 0.0 0.0 0.0 0.0 0.0 0.0 0.0 0.0 0.0 0.0 0.0 0.0 0.0 0.0
0.0 0.0 0.0 0.0 0.0 0.0 0.0 0.0 0.0 0.0 0.0 0.0 0.0 0.0 0.0 0.0 6.85453e-07 1.01924e-05 0.0 0.0 0.0 0.0 0.0 0.0 0.0 0.0 0.0 0.0 0.0 0.0 0.0 3.83556e-05 0.0 0.921871 0.0 0.0 0.0 0.0 0.0 0.0 0.0 0.0 0.0 0.0 0.0 0.0 0.0 0.0 0.0 2.66135e-05 0.0 0.0009965 0.0 0.0 0.0 0.0 0.0 0.0 0.0 0.0 0.0 0.0 0.0 0.0
0.0 0.0 0.0 0.0 0.0 0.0 0.0 0.0 0.0 0.0 0.0 0.0 0.0 0.0 0.0 0.0 0.00616929 0.91993 0.0 0.0 0.00028339 0.0 0.0 0.0 0.0 5.60284e-06 0.0 0.0 0.0 0.0 0.0 3.54648e-06 0.0 0.0400335 0.0 0.0 0.0 0.0 0.0 0.0 0.0 0.0 0.0 0.0 0.0 0.0 0.0 0.0 0.0 0.0 0.0 6.52671e-06 0.0 0.0 0.0 0.0 0.0 0.0 4.47035e-07 0.0 0.0 0.0 0.0 0.0
0.0 0.0 0.0 0.0 0.0 0.0 0.0 0.0 0.0 0.0 0.0 0.0 0.0 0.0 0.0 0.0 0.0 0.0 5.96046e-08 0.0 0.0 0.0 0.0 0.0 0.0 0.0 0.0 0.0 0.0 0.0 0.0 0.0 0.999982 0.0 0.0 0.0 0.0 0.0 0.0 0.0 0.0 0.0 0.0 0.0 0.0 0.0 0.0 0.0 0.0 0.0 0.0 0.0 0.0 0.0 0.0 0.0 0.0 0.0 0.0 0.0 0.0 0.0 0.0 0.0
0.0 0.0 0.0 0.0 0.0 0.0 0.0 0.0 0.0 0.0 0.0 0.0 0.0 0.0 0.0766766 0.0 0.000323296 0.0 0.0 0.0 0.00280097 5.96046e-08 0.0 0.0 0.0 2.32756e-05 0.0 0.0 0.0 0.0 0.0 0.0 0.0 0.0 0.0 0.0 0.0 0.0 0.0 0.0 0.0 0.0 0.0 0.0 0.0 0.0 0.00777423 0.0 0.0 0.0 0.0 0.0 0.0 0.0 0.0 0.0 0.0 0.0 7.77841e-06 0.0 0.996485 0.0 0.0 1.3411e-06
0.0 0.0 0.0 0.0 0.0 0.0 0.0 0.0 0.0 0.0 0.0 0.0 0.0 0.0 0.0 0.0 0.0 0.0 0.0 0.0 0.0 0.0 0.0 2.38419e-07 0.0 0.0 0.0 0.0 0.0 0.0 0.0 0.0 0.0 1.78814e-07 0.0 0.0 0.0 0.0 0.0 0.0 0.0 0.0 0.0 0.0 0.0 0.0 0.0 0.0 0.0 0.987551 0.0 0.0 0.0 0.0 0.0 0.0 0.0 0.0 0.0 0.0 0.0 0.0 0.0 0.0
0.0 0.0 0.0 0.0 0.0 0.0 0.0 0.0 0.0 0.0 0.0 0.0 0.0 0.0 0.00686327 0.0 0.000205696 6.55651e-07 0.0 0.0 3.03984e-06 0.0 0.0 0.0 0.0 0.0035674 0.0 0.0 0.0 0.0 0.0 0.0 0.0 0.0 0.0 0.0 0.0 0.0 0.0 0.0 0.0 0.0 0.0 0.0 0.0 0.0 1.05202e-05 0.0 0.0 0.0 0.0 0.0 0.0 0.0 0.0 0.0 0.0 0.0 0.951854 0.0 0.00192371 0.0 0.0 0.0
0.0 0.0 0.0 0.0 0.0 0.999658 0.0 0.0 0.0 0.0 0.0 0.0 0.0 0.0 0.0 0.0 0.0 0.0 0.0 0.0 0.0 0.0 0.0 0.0 0.0 0.0 0.0 0.0 0.0 0.0 0.0 0.0 0.0 0.0 0.0 0.0 0.0 0.0 0.0 0.0 0.0 0.0 0.0 0.0 0.0 0.0 0.0 0.0 0.0 0.0 0.0 0.0 0.0 0.0 0.0 0.0 0.0 0.0 0.0 0.0 0.0 0.0 0.0 0.0
0.0 0.0 6.25849e-07 0.0 0.0 0.0 8.9407e-08 0.0 0.0 0.0 0.0 0.0 0.0 0.0 0.0 0.0 0.0 0.0 5.06639e-07 0.0 0.0 0.0 0.0 0.0 0.0 0.0 0.0 0.00690722 0.0 0.0 0.0 0.0 0.0 0.0 0.0 0.0 0.0 0.0 0.0 0.0 0.0 0.0 0.0 0.0 0.0 0.0 0.0 8.85129e-06 0.0 0.0 0.0 0.0 1.49012e-07 0.0 0.0 0.0 0.0 0.0 0.0 0.0 0.0 0.0 0.0 0.0
0.0 0.0 0.0 0.0 0.0 0.0 0.0 0.0 0.0 0.0 0.0 0.0 0.0 0.0 0.0 0.0 0.0 0.0 0.0 0.0 0.0 0.0 0.999739 0.0 0.0 0.0 0.0 0.0 0.0 0.0 0.0 0.0 0.0 0.0 0.0 0.0 0.0 0.0 0.0 0.0 0.0 0.0 0.0 0.0 0.0 0.0 0.0 0.0 0.0 0.0 0.0 0.0 0.0 0.0 0.0 0.0 0.0 0.0 0.0 0.0 0.0 0.0 0.0 0.0
0.0 5.96046e-08 0.0 0.0 0.0 0.0 0.0 0.0 0.0 0.0 0.0 0.0 0.0 0.0 0.0 0.0 0.0 0.0 0.0 0.0 0.0 0.0 0.0 0.0 0.0 0.0 0.0 0.0 0.0 0.0 0.0 0.0 0.0 0.0 0.0 0.0 0.0 0.0 0.0 0.0 0.0 0.0 0.0 0.0 0.0 0.0 0.0 0.0 0.0 0.0 0.998821 0.0 0.0 0.0 0.0 0.0 0.0 0.0 0.0 0.0 0.0 0.0 0.0 0.0
0.0 0.0 0.391733 0.0 0.0 0.0 0.909895 0.0 0.0 0.0 0.0 0.0 0.0 0.0 0.0 0.0 0.0 0.0 0.0 0.0 0.0 0.0 0.0 0.0 0.0 0.0 0.0 1.11163e-05 0.0 0.0 3.57628e-07 0.0 0.0 0.0 0.0 0.0 0.0 0.0 0.0 0.0 0.0 0.0 0.0 0.0 0.0 0.0 0.0 0.000127494 0.0 0.0 0.0 0.0 0.260084 0.0 0.0 0.921853 0.0 0.0 0.0 5.96046e-08 0.0 0.0 0.0 0.0
0.0 0.0 0.0 0.0 0.0 0.0 0.0 0.0 0.0 0.0 0.0 0.0 0.0 0.0 0.0 0.0 0.0 0.0 0.0 0.0 0.0 0.0 0.0 0.00518554 0.0 0.0 0.0 0.0 0.0 0.0 0.0 0.0 0.0 0.0 0.0 0.0 0.0 0.0 0.0 0.0 0.0 0.0 0.0 0.0 0.0 0.0 0.0 0.0 0.0 0.0 0.0 0.0 0.0 0.0 0.991411 0.0 0.0 0.0 0.0 0.0 0.0 0.0 0.0 0.0
0.0 0.0 0.0049578 0.0 0.0 0.0 0.570525 0.0 0.0 0.0 0.0 0.0 0.0 0.0 0.0 0.0 0.0 0.0 0.0 0.0 0.0 0.0 0.0 0.0 0.0 0.0 0.0 1.71959e-05 0.0 0.0 3.8743e-07 0.0 0.0 0.0 0.0 0.0 0.0 0.0 0.0 0.0 0.0 0.0 0.0 0.0 0.0 0.0 0.0 6.14822e-05 0.0 0.0 0.0 0.0 0.017461 0.0 0.0 0.975677 0.0 0.0 0.0 1.90735e-06 0.0 0.0 0.0 0.0
0.0 0.0 0.968524 0.0 0.0 0.0 0.525041 0.0 0.0 0.0 0.0 0.0 0.0 0.0 0.0 0.0 0.0 0.0 0.0 0.0 0.0 0.0 0.0 0.0 0.0 0.0 0.0 4.47035e-07 0.0 0.0 1.44839e-05 0.0 0.0 0.0 0.0 0.0 0.0 0.0 0.0 0.0 0.0 0.0 0.0 0.0 0.0 0.0 0.0 0.000274807 0.0 0.0 0.0 0.0 0.827851 0.0 0.0 0.163498 0.0 0.0 0.0 5.96046e-08 0.0 0.0 0.0 0.0
6.76811e-05 0.0 0.0 0.0 0.0 0.0 0.0 0.0 0.0 6.96778e-05 0.0 0.0 0.000340909 8.34465e-07 0.0 0.0 0.0 0.0 0.994707 5.06639e-07 0.0 0.0 0.0 0.0 0.0 0.0 0.0 0.000292987 0.0 0.0 0.0 0.0 0.0 0.0 0.0 0.0 0.0 9.59635e-06 0.0 0.0 0.0 0.0 3.46899e-05 0.0 0.0 0.0 0.0 2.38419e-07 0.0 0.0 0.0 0.0 0.0 0.0 0.0 0.0 0.0 0.0 0.0 0.0 0.0 0.0 0.0 0.0
0.0 0.0 0.0 0.0 0.734851 0.0 0.0 0.0 5.0962e-06 0.0 0.0 0.0 0.0 0.0 0.0 0.0 0.0 0.0 0.0 0.0 0.0 0.0 0.0 0.0 0.0 0.0 0.0 0.0 0.0 0.0 0.0 0.0 0.0 0.0 0.0 0.0102889 0.0 0.0 0.036203 0.0 3.66867e-05 0.00364104 0.0 0.0 0.0 0.994323 0.0 0.0 0.0 0.0 0.0 0.0 0.0 0.0 0.0 0.0 0.0 0.0 0.0 0.0 0.0 0.0 0.0 0.0
4.02331e-06 0.0 1.01328e-06 0.0 0.0 0.0 0.000134528 0.0 0.0 0.0 0.0 0.0 2.86102e-06 0.0 0.0 0.0 0.0 0.0 7.10785e-05 0.0 0.0 0.0 0.0 0.0 0.0 0.0 0.0 0.987174 0.0 0.0 0.0 0.0 0.0 0.0 0.0 0.0 0.0 0.0 0.0 0.0 0.0 0.0 0.0 0.0 0.0 0.0 0.0 0.00342178 0.0 0.0 0.0 0.0 1.78814e-07 0.0 0.0 0.000240117 0.0 0.0 0.0 0.0 0.0 0.0 0.0 0.0
0.714424 0.000145584 0.0 0.0 0.0 0.0 0.0 0.0 0.0 0.00453556 0.0 0.0 0.329043 0.995715 0.0 0.0 0.0 0.0 0.0 0.0358157 0.0 0.0 0.0 0.0 0.0 0.0 0.00700384 0.0 0.0 0.00675306 0.0 0.0 0.0 0.0 0.0 0.0 0.0 0.279021 0.0 0.0 0.0 0.0 0.465936 0.0 0.00146082 0.0 0.0 0.0 0.0 0.0 0.0 0.0 0.0 0.0 0.0 0.0 0.0 0.0 0.0 0.0 0.0 0.0 0.0 0.0
0.0 0.0 0.0 0.0 5.36442e-07 0.0 0.0 0.0 0.0 0.0 0.025955 0.000856161 0.0 0.0 0.0 5.51343e-06 0.0 0.0 0.0 0.0 0.0 0.0 0.0 0.0 0.0 0.0 0.0 0.0 0.0 0.0 0.0 0.0 0.0 0.0 0.0 1.01328e-06 0.0 0.0 0.0 0.0 0.000251174 1.84774e-06 0.0 0.0 0.0 0.0 0.0 0.0 0.0 0.0 0.0 0.0 0.0 0.987015 0.0 0.0 0.0 0.0 0.0 0.0 0.0 0.841742 0.0127462 0.0
0.0 0.0 0.0 0.0 0.0 0.0 0.0 0.979901 0.0 0.0 0.0 0.0 0.0 0.0 0.0 0.0 0.0 0.0 0.0 0.0 0.0 0.0 0.0 0.0 0.0 0.0 0.0 0.0 0.0 0.0 0.0 0.0 0.0 0.0 0.0 0.0 0.0 0.0 0.0 0.0 0.0 0.0 0.0 0.0 0.0 0.0 0.0 0.0 0.0 0.0 0.0 0.0 0.0 0.0 0.0 0.0 0.0 0.0 0.0 0.0 0.0 0.0 0.0 0.0
0.0 0.0 0.0 0.0 2.08616e-07 0.0 0.0 0.0 0.995885 0.0 0.0 0.0 0.0 0.0 0.0 0.0 0.0 0.0 0.0 0.0 0.0 0.0 0.0 0.0 0.0 0.0 0.0 0.0 0.0 0.0 0.0 0.0 0.0 0.0 0.0 0.0 0.0 0.0 0.00440925 0.0 0.0 0.0 0.0 0.0 0.0 1.21295e-05 0.0 0.0 0.0 0.0 0.0 0.0 0.0 0.0 0.0 0.0 0.0 0.0 0.0 0.0 0.0 0.0 0.0 0.0
0.0 0.0 0.0 0.0 0.942877 0.0 0.0 0.0 0.0 0.0 0.000794142 0.0 0.0 0.0 0.0 0.0 0.0 0.0 0.0 0.0 0.0 0.0 0.0 0.0 0.0 0.0 0.0 0.0 0.0 0.0 0.0 0.0 0.0 0.0 0.0 0.995854 0.0 0.0 3.09944e-06 0.0 0.0113188 0.522489 0.0 0.0 0.0 0.236073 0.0 0.0 0.0 0.0 0.0 0.0 0.0 1.49012e-07 0.0 0.0 0.0 0.0 0.0 0.0 0.0 9.95398e-06 0.00193152 0.0
4.81308e-05 0.962124 0.0 0.0 0.0 0.0 0.0 0.0 0.0 0.000615567 0.0 0.0 0.000118375 0.000319988 0.0 0.0 0.0 0.0 0.0 0.0300028 0.0 0.0 0.0 0.0 1.60933e-06 0.0 0.991572 0.0 0.0 0.000739634 0.0 0.0 0.0 0.0 0.0 0.0 0.0 0.000259727 0.0 0.0 0.0 0.0 0.674679 0.0 0.0149693 0.0 0.0 0.0 0.0 0.0 0.0 0.0 0.0 0.0 0.0 0.0 0.0 0.0 0.0 0.0 0.0 0.0 0.0 0.0
0.0 0.0 0.0 0.0 0.0 0.0 0.0 0.0 0.0 0.0 0.0 0.0 0.0 0.0 0.0 3.95775e-05 0.0 0.0 0.0 0.0 0.0 0.0 0.0 0.0 5.96046e-08 0.0 0.0 0.0 0.0 0.0 0.0 0.0 0.0 0.0 2.14577e-06 0.0 0.0 0.0 0.0 0.992543 0.0 0.0 0.0 0.115928 0.0 0.0 0.0 0.0 0.0 0.0 0.0 0.0 0.0 0.0 0.0 0.0 0.0 0.0 0.0 0.0 0.0 0.0 0.0 0.0
0.0243793 0.00122344 0.0 0.0 0.0 0.0 0.0 0.0 0.0 0.999433 0.0 0.0 0.0501339 0.000830472 0.0 0.0 0.0 0.0 1.75834e-06 0.475664 0.0 0.0 0.0 0.0 0.0 0.0 0.00848031 0.0 0.0 0.000118792 0.0 0.0 0.0 0.0 0.0 0.0 0.0 0.00661069 0.0 0.0 0.0 0.0 0.511977 0.0 0.00396967 0.0 0.0 0.0 0.0 0.0 0.0 0.0 0.0 0.0 0.0 0.0 0.0 0.0 0.0 0.0 0.0 0.0 0.0 0.0
0.0 0.0 0.0 0.0 1.7494e-05 0.0 0.0 0.0 0.0030711 0.0 0.0 0.0 0.0 0.0 0.0 0.0 0.0 0.0 0.0 0.0 0.0 0.0 0.0 0.0 0.0 0.0 0.0 0.0 0.0 0.0 0.0 0.0 0.0 0.0 0.0 0.0 0.0 0.0 0.986134 0.0 0.0 0.0 0.0 0.0 0.0 0.00194025 0.0 0.0 0.0 0.0 0.0 0.0 0.0 0.0 0.0 0.0 0.0 0.0 0.0 0.0 0.0 0.0 0.0 0.0
0.0 0.0 0.0 0.0 0.0 0.0 0.0 0.0 0.0 0.0 0.0 0.0 0.0 0.0 0.977878 0.0 3.74913e-05 0.0 0.0 0.0 6.80089e-05 0.0 0.0 0.0 0.0 0.0276491 0.0 0.0 0.0 0.0 0.0 0.0 0.0 0.0 0.0 0.0 0.0 0.0 0.0 0.0 0.0 0.0 0.0 0.0 0.0 0.0 0.155764 0.0 0.0 0.0 0.0 0.0 0.0 0.0 0.0 0.0 0.0 0.0 0.00122857 0.0 0.406582 0.0 0.0 0.0
0.0 0.0 2.77162e-06 0.0 0.0 0.0 1.16229e-06 0.0 0.0 0.0 0.0 0.0 0.0 0.0 0.0 0.0 0.0 0.0 1.19209e-06 0.0 0.0 0.0 0.0 0.0 0.0 0.0 0.0 0.0035204 0.0 0.0 0.0 0.0 0.0 0.0 0.0 0.0 0.0 0.0 0.0 0.0 0.0 0.0 0.0 0.0 0.0 0.0 0.0 0.0166764 0.0 0.0 0.0 0.0 1.78814e-07 0.0 0.0 1.49012e-07 0.0 0.0 0.0 0.0 0.0 0.0 0.0 0.0
0.0 0.0 1.78814e-07 0.0 0.0 0.0 2.08616e-07 0.0 0.0 0.0 0.0 0.0 0.0 0.0 0.0 0.0 0.0 0.0 0.0 0.0 0.0 0.0 0.0 0.0 0.0 0.0 0.0 0.0 0.0 0.0 0.0 0.0 0.0 0.0 0.0 0.0 0.0 0.0 0.0 0.0 0.0 0.0 0.0 0.0 0.0 0.0 0.0 0.0 0.0 0.0 0.0 0.0 5.66244e-07 0.0 0.0 1.78814e-07 0.0 0.0 0.0 0.994652 0.0 0.0 0.0 0.0
0.0 0.0 0.0 0.0 0.0 0.0 0.0 0.0 0.0 0.0 0.0 0.0 0.0 0.0 9.18806e-05 0.0 0.990498 0.00355759 0.0 0.0 0.292237 0.0 0.0 0.0 0.0 0.000974685 0.0 0.0 0.0 0.0 0.0 5.66244e-07 0.0 0.000151008 0.0 0.0 0.0 0.0 0.0 0.0 0.0 0.0 0.0 0.0 0.0 0.0 2.08616e-07 0.0 0.0 0.0 0.0 0.000105917 0.0 0.0 0.0 0.0 1.10269e-06 0.0 0.000384241 0.0 7.45654e-05 0.0 0.0 1.78814e-07
0.0 0.0 0.0 0.0 0.0 0.0 0.0 0.0 0.0 0.0 0.0 0.0 0.0 0.0 0.0 0.0 0.0 0.0 0.0 0.0 0.0 0.0 0.0 0.0 0.0 0.0 0.0 0.0 0.0 0.0 0.0 0.0 0.0 0.0 0.0 0.0 0.0 0.0 0.0 0.0 0.0 0.0 0.0 0.0 0.0 0.0 0.0 0.0 0.0 0.0 0.0 0.0 0.0 0.0 0.0 0.0 0.0 0.999786 0.0 0.0 0.0 0.0 0.0 0.0
0.0 0.0 0.0 0.0 0.0 0.0 0.0 0.0 0.0 0.0 0.0 0.0 0.0 0.0 0.0 0.0 0.0 0.0 0.0 0.0 0.0 0.982895 0.0 0.0 0.0 0.0 0.0 0.0 0.0 0.0 0.0 0.0 0.0 0.0 0.0 0.0 0.0 0.0 0.0 0.0 0.0 0.0 0.0 0.0 0.0 0.0 0.0 0.0 0.0 0.0 0.0 0.00057736 0.0 0.0 0.0 0.0 0.000533164 0.0 0.0 0.0 8.9407e-08 0.0 0.0 0.0
0.0 0.0 0.000158697 0.0 0.0 0.0 1.78814e-07 0.0 0.0 0.0 0.0 0.0 0.0 0.0 0.0 0.0 0.0 0.0 0.0 0.0 0.0 0.0 0.0 0.0 0.0 0.0 0.0 0.0 0.0 0.0 0.0 0.0 0.0 0.0 0.0 0.0 0.0 0.0 0.0 0.0 0.0 0.0 0.0 0.0 0.0 0.0 0.0 0.0 0.0 0.0 0.0 0.0 0.000735909 0.0 0.0 1.78814e-07 0.0 0.0 0.0 0.0 0.0 0.0 0.0 0.0
0.0 0.0 0.0 0.0 0.0 0.0 0.0 0.0 0.0 0.0 0.0 0.000183851 0.0 0.0 0.0 0.0205194 0.0 0.0 0.0 0.0 0.0 0.0 0.0 0.0 0.0 0.0 0.0 0.0 0.0 0.0 0.0 0.0 0.0 0.0 0.991202 0.0 0.0 0.0 0.0 5.21243e-05 0.0 0.0 0.0 1.51992e-06 0.0 0.0 0.0 0.0 0.0 0.0 0.0 0.0 0.0 0.0 0.0 0.0 0.0 0.0 0.0 0.0 0.0 0.0 0.0 0.0
4.76837e-07 0.0 1.51992e-05 0.0 0.0 0.0 7.30455e-05 0.0 0.0 0.0 0.0 0.0 8.9407e-08 0.0 0.0 0.0 0.0 0.0 1.37091e-06 0.0 0.0 0.0 0.0 0.0 0.0 0.0 0.0 0.000650316 0.0 0.0 2.98023e-08 0.0 0.0 0.0 0.0 0.0 0.0 0.0 0.0 0.0 0.0 0.0 0.0 0.0 0.0 0.0 0.0 0.985683 0.0 0.0 0.0 0.0 7.80821e-06 0.0 0.0 7.82907e-05 0.0 0.0 0.0 0.0 0.0 0.0 0.0 0.0
0.0 0.0 0.116376 0.0 0.0 0.0 0.000215083 0.0 0.0 0.0 0.0 0.0 0.0 0.0 0.0 0.0 0.0 0.0 0.0 0.0 0.0 0.0 0.0 0.0 0.0 0.0 0.0 0.0 0.0 0.0 2.41399e-06 0.0 0.0 0.0 0.0 0.0 0.0 0.0 0.0 0.0 0.0 0.0 0.0 0.0 0.0 0.0 0.0 0.0 0.0 0.0 0.0 0.0 0.0942205 0.0 0.0 9.23872e-05 0.0 0.0 0.0 0.0 0.0 0.0 0.0 0.0
0.0 0.0 0.0 0.0 0.0 0.0 0.0 0.0 0.0 0.0 0.0 0.0 0.0 0.0 0.0 0.0 0.0 0.0 0.0 0.0 0.0 0.0 0.0 0.0 0.0 0.0 0.0 0.0 0.0 0.0 0.0 0.0 0.0 0.0 0.0 0.0 0.999338 0.0 0.0 0.0 0.0 0.0 0.0 0.0 0.0 0.0 0.0 0.0 0.0 0.0 0.0 0.0 0.0 0.0 0.0 0.0 0.0 0.0 0.0 0.0 0.0 0.0 0.0 0.0
0.0 0.0 0.0 0.0 0.0 0.0 0.0 0.0 0.0 0.0 0.0 0.0 0.0 0.0 0.0 0.0 0.0 0.0 0.0 0.0 0.0 0.0 0.0 0.0 0.0 0.0 0.0 0.0 0.958661 0.0 0.0 0.0 0.0 0.0 0.0 0.0 0.0 0.0 0.0 0.0 0.0 0.0 0.0 0.0 0.0 0.0 0.0 0.0 0.0 0.0 0.0 0.0 0.0 0.0 0.0 0.0 0.0 0.0 0.0 0.0 0.0 0.0 0.0 0.0
0.0 0.0 0.0 0.0 0.0 0.0 0.0 0.0 0.0 0.0 0.0 0.0 0.0 0.0 0.0 0.0 0.0 0.0 0.0 0.0 0.0 0.0 0.0 0.0 0.0 0.0 0.0 0.0 0.0 0.0 0.0 0.998542 0.0 4.85778e-06 0.0 0.0 0.0 0.0 0.0 0.0 0.0 0.0 0.0 0.0 0.0 0.0 0.0 0.0 0.0 8.9407e-08 0.0 5.96046e-08 0.0 0.0 0.0 0.0 0.0 0.0 0.0 0.0 0.0 0.0 0.0 0.0
0.0 0.0 0.0 0.0 0.0 0.0 0.0 0.0 0.0 0.0 0.0 0.0 0.0 0.0 0.0 0.0 0.0 0.0 0.0 0.0 0.0 0.0 0.0 0.0 0.0 0.0 0.0 0.0 0.0 0.0 0.0 0.0 0.0 0.0 0.0 0.0 0.0 0.0 0.0 0.0 0.0 0.0 0.0 0.0 0.0 0.0 0.0 0.0 0.0 0.0 0.0 0.0 0.0 0.0 0.0 0.0 0.0 0.0 0.0 0.0 0.0 0.0 0.0 0.0
0.0 0.0 0.0 0.0 0.0 0.0 0.0 0.0 0.0 0.0 0.0 0.0 0.0 0.0 0.0 0.0 0.0 0.0 0.0 0.0 0.0 0.0 0.0 0.0 0.0 0.0 0.0 0.0 0.0 0.0 0.0 0.0 0.0 0.0 0.0 0.0 0.0 0.0 0.0 0.0 0.0 0.0 0.0 0.0 0.0 0.0 0.0 0.0 0.992773 0.0 0.0 0.0 0.0 0.0 0.0 0.0 0.0 0.0 0.0 0.0 0.0 0.0 0.0 0.0
0.0 0.0 0.0 0.0 0.000540495 0.0 0.0 0.0 0.0 0.0 0.996159 1.49012e-07 0.0 0.0 0.0 0.0 0.0 0.0 0.0 0.0 0.0 0.0 0.0 0.0 0.0 0.0 0.0 0.0 0.0 0.0 0.0 0.0 0.0 0.0 0.0 0.00383228 0.0 0.0 0.0 0.0 0.059981 0.0179474 0.0 0.0 0.0 9.23872e-07 0.0 0.0 0.0 0.0 0.0 0.0 0.0 0.0115796 0.0 0.0 0.0 0.0 0.0 0.0 0.0 0.169077 0.0366594 0.0
0.0 0.0 0.0 0.0 0.0 0.0 0.0 0.0 0.0 0.0 0.0 0.0 0.0 0.0 0.0 0.0 0.0 0.0 0.0 0.0 0.0 0.0 0.0 0.0 0.0 0.0 0.0 0.0 0.0 0.0 0.0 0.0 0.0 0.0 0.0 0.0 0.0 0.0 0.0 0.0 0.0 0.0 0.0 0.0 0.0 0.0 0.0 0.0 0.0 0.0 0.0 0.0 0.0 0.0 0.0 0.0 4.33028e-05 0.0 0.0 0.0 2.98023e-08 0.0 0.0 0.99914
0.0 0.0 0.0 0.0 0.0 0.0 0.0 0.0 0.0 0.0 0.0 0.0 0.0 0.0 0.0 0.0 0.0 0.0 0.0 0.0 0.0 0.0 0.0 0.997848 0.0 0.0 0.0 0.0 0.0 0.0 0.0 0.0 0.0 0.0 0.0 0.0 0.0 0.0 0.0 0.0 0.0 0.0 0.0 0.0 0.0 0.0 0.0 0.0 8.9407e-08 5.75185e-06 0.0 0.0 0.0 0.0 0.000998616 0.0 0.0 0.0 0.0 0.0 0.0 0.0 0.0 0.0
12 0 42 1 43 15 61 4 37 29 26 24 39 11 10 41 13 50 5 49 7 62 40 35 19 57 46 16 25 63 8 45 44 28 14 51 58 23 3 38 9 22 20 21 31 60 56 53 30 32 33 17 54 48 36 34 6 55 2 52 47 59 27 18
