8
0.0 0.0 0.0 0.0 0.0 0.0 0.0 0.0 0.00205469 0.0 0.0 0.0 0.0 0.0 0.0 0.125568 0.00441849 0.0 0.0 0.0 0.0 0.0 0.0 0.0 0.0 0.0 1.39475e-05 0.0 0.0 3.27826e-07 0.0 0.990156 0.0 0.0 0.0 0.0 0.0 0.0 0.0 0.0 4.88758e-06 0.0 0.0133777 0.0 0.0 8.9407e-08 0.0 0.0 0.0 0.0 0.0 0.0 0.0 0.0 0.0224592 0.0 0.0 0.0 0.0 0.0 0.0 0.0 2.34842e-05 0.0
0.587041 3.23057e-05 0.981164 0.214968 0.0 0.0 0.0 1.07288e-05 0.0 0.000540376 0.954931 0.000635177 0.967121 0.0 0.995882 0.0 0.0 0.000103831 0.149527 0.84934 0.000803828 0.895661 0.000240058 0.937801 4.50015e-06 0.156344 0.0 0.290939 2.75373e-05 0.0 1.19209e-07 0.0 0.0 4.95613e-05 3.8892e-05 2.98023e-08 0.00950226 0.00181335 0.984223 0.0 0.0 0.0 0.0 0.936096 0.0 0.0 0.0 0.0 0.117331 0.0 0.0 0.815609 0.0 0.0 0.0 0.979407 0.971701 0.990938 0.994111 0.971374 0.0192664 0.0 0.0 0.0
0.812098 0.0 0.314657 0.996883 0.0 2.98023e-08 0.0 0.184036 0.0 0.0555257 0.176427 0.414681 0.819921 0.0 0.719824 0.0 0.0 4.76837e-07 5.16772e-05 0.979922 0.000891149 0.946411 0.832304 0.945106 2.47359e-06 0.264822 0.0 0.000200808 2.98023e-06 0.0 0.0 0.0 0.0 0.0 0.633959 0.000215143 0.990614 5.06639e-07 0.155789 0.0 0.0 0.0 0.0 0.0152184 0.0 0.0 0.0 0.0 0.998154 0.0 0.0 0.986021 2.98023e-08 8.9407e-08 0.0 0.225573 0.999343 0.992167 0.923524 0.164504 6.55651e-06 0.0 0.0 0.0
0.0 0.0 0.0 0.0 0.0 0.0 0.0 0.0 0.0 0.0 0.0 0.0 0.0 0.0 0.0 0.0178014 4.17233e-07 0.0 0.0 0.0 0.0 0.0 0.0 0.0 0.0 0.0 8.64267e-07 0.0 0.0 0.0672748 1.49012e-07 0.00400439 0.0 0.0 0.0 0.0 0.0 0.0 0.0 0.0 0.0 0.0 3.57628e-07 0.0 0.0 2.80142e-06 0.0 0.0 0.0 0.0 0.0 0.0 0.0 0.0 0.99755 0.0 0.0 0.0 0.0 0.0 0.0 0.0 0.0 0.0
0.0 0.0 0.0 0.0 0.0 0.0 0.0 0.0 0.0 1.54972e-06 0.0 0.0 0.0 0.0 0.0 0.0 0.0 0.0 0.0 0.0 0.0 0.0 0.0 0.0 0.0 0.0 0.0 0.0 0.0 0.0 0.0 0.0 0.0 0.0 0.0 0.0 0.0 0.0 0.0 0.0 0.0 0.984609 0.0 0.0 0.0 0.0 0.0 8.9407e-08 0.0 0.0282938 0.0 0.0 5.1856e-06 0.0 0.0 0.0 0.0 0.0 0.0 0.0 0.0 0.0 0.0 0.239269
0.00614968 0.0873282 0.385001 0.00175753 0.0 0.0 0.0 1.19209e-07 0.0 3.63588e-06 0.297724 7.03335e-06 0.204335 0.0 0.94373 0.0 0.0 0.00105757 0.884218 0.0390753 0.00282282 0.11379 3.15905e-06 0.141047 3.75807e-05 0.0063113 0.0 0.996339 0.000159234 0.0 0.00206676 0.0 0.0 0.14775 4.17233e-07 0.0 6.87838e-05 0.665763 0.62397 0.0 0.0 0.0 0.0 0.951243 0.0 0.0 0.0 0.0 0.000887156 0.0 0.0 0.0191495 0.0 2.98023e-07 0.0 0.478312 0.203088 0.738171 0.80611 0.713808 0.699768 0.0 0.0 0.0
0.0 0.0 0.0 0.0 0.0 0.0 0.0 0.0 0.000333399 0.0 0.0 0.0 0.0 0.0 0.0 2.2769e-05 0.669842 0.0 0.0 0.0 0.0 0.0 0.0 0.0 0.0 0.0 0.998102 0.0 0.0 1.19209e-07 0.0 0.00204101 8.64267e-06 0.0 0.0 0.0 0.0 0.0 0.0 0.0 0.000159234 0.0 9.03308e-05 0.0 0.0 0.0 0.0 0.0 0.0 0.0 0.0 0.0 0.0 0.0 1.65105e-05 0.0 0.0 0.0 0.0 0.0 0.0 0.0 3.03388e-05 0.0
2.43187e-05 0.0 2.08616e-07 0.00203297 0.0 0.0575786 0.0 0.947317 0.0 0.895406 5.96046e-08 0.752862 2.38419e-06 0.000120461 4.17233e-07 0.0 0.0 0.0 0.0 4.31538e-05 1.96695e-06 7.689e-06 0.991572 6.31809e-06 0.0 0.000129163 0.0 0.0 0.0 0.0 0.0 0.0 0.0 0.0 0.8686 0.987549 0.0188661 0.0 8.9407e-08 0.0 0.0 0.0 0.0 0.0 0.0 0.0 0.00417557 1.19209e-07 0.0027695 0.0 0.0 4.45545e-05 7.45058e-06 0.0 0.0 1.19209e-07 0.000433326 2.42889e-05 1.93715e-06 2.08616e-07 0.0 0.0 0.0 0.0
0.0 0.0 0.0 0.0 0.0 0.0 0.978358 0.0 0.0 0.0 0.0 0.0 0.0 0.0 0.0 0.0 0.0448484 0.0 0.0 0.0 0.0 0.0 0.0 0.0 0.0 0.0 0.0 0.0 0.0 0.0 0.0 0.0 1.75834e-06 0.0 0.0 0.0 0.0 0.0 0.0 0.0 0.0 0.0 0.0 0.0 0.0 0.0 0.0 0.0 0.0 0.0 0.0 0.0 0.0 0.0 0.0 0.0 0.0 0.0 0.0 0.0 0.0 0.0 0.0 0.0
2.38419e-07 0.0201696 3.09348e-05 2.38419e-07 0.0 0.0 0.0 0.0 0.0 4.64916e-06 7.48038e-06 0.0 6.76513e-06 0.0 0.000855327 1.19209e-07 0.0 0.672991 0.00439075 2.98023e-06 2.38419e-07 1.02818e-05 0.0 1.48118e-05 0.999861 3.60012e-05 0.0 0.00307259 0.0 0.0293555 0.213467 0.0 0.0 0.0881778 0.0 0.0 0.0 0.00997865 3.8445e-05 8.9407e-08 0.0 0.0 0.0 0.000718653 0.0 0.9635 0.0 0.0 2.08616e-07 0.0 0.0 6.55651e-07 0.0 0.00711209 2.26796e-05 2.38121e-05 1.36793e-05 0.000189871 0.000105292 7.32243e-05 0.00208542 0.000230461 0.0 0.0
0.296035 0.0 0.00204462 0.801436 0.0 8.64267e-07 0.0 0.0352221 0.0 0.3041 0.00109294 0.115586 0.0282682 0.0 0.00905615 0.0 0.0 0.0 1.19209e-07 0.241047 0.00238723 0.0804307 0.659638 0.0827146 0.0 0.00144354 0.0 6.25849e-07 6.25849e-07 0.0 0.0 0.0 0.0 0.0 0.657001 0.00400043 0.983927 0.0 0.000695169 0.0 0.0 0.0 0.0 4.68791e-05 0.0 0.0 1.78814e-07 0.0 0.891088 0.0 0.0 0.434382 0.0 0.0 0.0 0.0011853 0.932842 0.359047 0.0466408 0.000799358 2.98023e-08 0.0 0.0 0.0
0.752064 9.48012e-05 0.967163 0.090972 0.0 0.0 0.0 6.73532e-06 0.0 0.000651121 0.98965 0.000101447 0.915272 0.0 0.995787 0.0 0.0 0.000123829 0.271997 0.550902 0.009617 0.535839 0.00011009 0.761749 1.16229e-06 0.0150535 0.0 0.268452 3.05772e-05 0.0 4.47035e-07 0.0 0.0 0.000133038 2.21431e-05 0.0 0.00615159 0.00457984 0.957158 0.0 0.0 0.0 0.0 0.924189 0.0 0.0 0.0 0.0 0.0643198 0.0 0.0 0.75484 0.0 0.0 0.0 0.983123 0.960885 0.967025 0.996037 0.865766 0.0546696 0.0 0.0 0.0
0.0 1.61529e-05 0.0 0.0 0.0 0.0 0.0 0.0 0.0 0.0 0.0 0.0 0.0 0.0 0.0 1.19209e-07 0.0 0.000284195 0.0 0.0 0.0 0.0 0.0 0.0 6.85453e-07 0.0 0.0 0.0 0.0 0.995485 0.0012967 0.0 0.0 1.12355e-05 0.0 0.0 0.0 7.7486e-07 0.0 1.78814e-07 0.0 0.0 0.0 0.0 0.0 0.00255564 0.0 0.0 0.0 0.0 0.0 0.0 0.0 0.0 0.091857 0.0 0.0 0.0 0.0 0.0 8.9407e-08 0.0 0.0 0.0
0.0 0.0 0.0 0.0 0.0 0.0 0.0 0.0 0.00786904 0.0 0.0 0.0 0.0 0.0 0.0 0.00902936 0.491804 0.0 0.0 0.0 0.0 0.0 0.0 0.0 0.0 0.0 1.16229e-06 0.0 0.0 0.0 0.0 0.227844 0.000214875 0.0 0.0 0.0 0.0 0.0 0.0 0.0 1.31726e-05 0.0 0.983442 0.0 0.0 0.0 0.0 0.0 0.0 0.0 0.0 0.0 0.0 0.0 7.03335e-06 0.0 0.0 0.0 0.0 0.0 0.0 0.0 0.164365 0.0
0.984361 2.98023e-08 0.518479 0.422779 0.0 0.0 0.0 0.000309229 0.0 0.0420423 0.544018 0.00124052 0.693595 0.0 0.842076 0.0 0.0 4.17233e-07 0.000195473 0.546057 0.0350773 0.388098 0.00491363 0.56478 1.49012e-07 0.0044542 0.0 0.00071761 1.66893e-06 0.0 0.0 0.0 0.0 8.9407e-08 0.00340214 9.20892e-06 0.654775 1.51992e-06 0.301398 0.0 0.0 0.0 0.0 0.0446351 0.0 0.0 0.0 0.0 0.539398 0.0 0.0 0.920635 0.0 0.0 0.0 0.58942 0.982674 0.896259 0.951018 0.199612 2.05636e-05 0.0 0.0 0.0
0.000146061 0.0 0.00010258 0.166064 0.0 0.00011301 0.0 0.294244 0.0 0.330814 2.8193e-05 0.998296 0.00114748 3.57628e-07 0.000304699 0.0 0.0 0.0 2.98023e-08 0.0202442 1.46031e-06 0.0069606 0.986597 0.00472146 0.0 0.00640473 0.0 0.0 3.15905e-06 0.0 0.0 0.0 0.0 0.0 0.817991 0.174335 0.0396208 0.0 7.84397e-05 0.0 0.0 0.0 0.0 9.50694e-06 0.0 0.0 5.1856e-06 0.0 0.116434 0.0 0.0 0.00340235 1.26958e-05 8.9407e-08 0.0 3.61204e-05 0.0345533 0.0136234 0.00050807 0.000101566 0.0 0.0 0.0 0.0
2.47359e-05 0.943165 0.00529861 1.10269e-06 0.0 0.0 0.0 0.0 0.0 1.19209e-07 0.0178359 0.0 0.000647098 0.0 0.197371 0.0 0.0 0.00373781 0.87501 4.57466e-05 0.000712663 0.000142306 0.0 0.000228614 2.86102e-06 1.24872e-05 0.0 0.853642 4.41074e-06 1.49012e-07 0.0749678 0.0 0.0 0.878091 0.0 0.0 8.9407e-08 0.984796 0.0141798 1.19209e-07 0.0 0.0 0.0 0.324151 0.0 0.0 0.0 0.0 5.96046e-07 0.0 0.0 2.8044e-05 0.0 0.0 0.0 0.0121941 0.000437558 0.00482675 0.0393367 0.0131452 0.977287 0.0 0.0 0.0
2.98023e-08 0.0 1.78814e-07 2.98023e-08 0.0 0.0 0.0 0.0 0.0 0.0 5.66244e-07 3.57628e-07 1.49012e-07 0.0 1.96695e-06 0.0 0.0 5.06639e-07 1.19209e-07 2.98023e-08 5.96046e-08 1.49012e-07 0.0 2.38419e-07 1.78814e-07 0.0 0.0 7.7486e-07 0.920739 0.0 0.0 0.0 0.0 2.98023e-08 0.0 0.0 0.0 0.0 4.76837e-07 0.0 0.0 0.0 0.0 2.5928e-06 0.0 0.0 0.0 0.0 5.96046e-08 0.0 0.0 8.9407e-08 0.0 0.0 0.0 2.68221e-07 5.36442e-07 4.47035e-07 7.7486e-07 3.57628e-07 8.9407e-08 1.01328e-06 0.0 0.0
0.699436 3.8743e-07 0.954471 0.93329 0.0 0.0 0.0 0.000684828 0.0 0.00793684 0.729397 0.0269751 0.986389 0.0 0.989754 0.0 0.0 3.96371e-06 0.00253075 0.987586 0.000233859 0.987347 0.0141685 0.991382 3.60608e-06 0.566876 0.0 0.0102358 7.21216e-06 0.0 0.0 0.0 0.0 6.25849e-07 0.0029155 9.23872e-07 0.303419 2.49147e-05 0.895374 0.0 0.0 0.0 0.0 0.398018 0.0 0.0 0.0 0.0 0.880327 0.0 0.0 0.969289 0.0 2.98023e-08 0.0 0.906607 0.995068 0.99711 0.991083 0.920483 0.000292659 0.0 0.0 0.0
0.488248 2.31862e-05 0.983742 0.373553 0.0 0.0 0.0 1.88053e-05 0.0 0.000790685 0.83883 0.00121868 0.979931 0.0 0.996403 0.0 0.0 5.6237e-05 0.114081 0.942244 0.000186652 0.969059 0.000475287 0.978314 1.68383e-05 0.464686 0.0 0.30989 9.38773e-06 0.0 1.19209e-07 0.0 0.0 3.52561e-05 7.52807e-05 2.98023e-08 0.0179689 0.00129455 0.981928 0.0 0.0 0.0 0.0 0.902227 0.0 0.0 0.0 0.0 0.230135 0.0 0.0 0.859116 0.0 1.49012e-07 0.0 0.967442 0.97733 0.997075 0.99363 0.989651 0.0140154 0.0 0.0 0.0
2.98023e-08 0.0 1.19209e-07 8.64267e-07 0.0 4.85778e-06 0.0 2.5034e-06 0.0 0.000842482 0.0 0.00201464 1.78814e-07 5.96046e-08 2.08616e-07 0.0 0.0 0.0 8.9407e-08 8.64267e-07 0.0 8.9407e-07 2.47657e-05 3.57628e-07 1.49012e-07 3.01003e-06 0.0 8.9407e-08 3.75509e-06 0.0 0.0 0.0 0.0 0.0 2.32458e-06 1.83284e-05 2.68221e-07 0.0 1.49012e-07 0.0 0.0 0.0 0.0 5.96046e-07 0.0 0.0 0.0 1.19209e-07 6.85453e-07 0.0 0.0 1.78814e-07 0.999997 8.04663e-07 0.0 5.96046e-08 5.06639e-07 1.54972e-06 2.38419e-07 2.08616e-07 0.0 6.55651e-07 0.0 0.0
0.0 0.0 0.0 0.0 0.0 0.0 0.0 0.0 0.0 0.0 0.0 0.0 0.0 0.0 0.0 0.0 0.0 0.0 0.0 0.0 0.0 0.0 0.0 0.0 0.0 0.0 0.0 0.0 0.0 0.0 0.0 0.0 0.0 0.0 0.0 0.0 0.0 0.0 0.0 0.0 0.0 0.140966 0.0 0.0 0.0 0.0 0.0 0.0 0.0 0.980087 0.0 0.0 2.08616e-07 0.0 0.0 0.0 0.0 0.0 0.0 0.0 0.0 0.0 0.0 2.88785e-05
0.480427 0.0 0.21481 0.983867 0.0 0.0 0.0 0.0391472 0.0 0.0674873 0.108035 0.200416 0.771023 0.0 0.650179 0.0 0.0 1.19209e-07 1.8388e-05 0.963924 0.000300437 0.913073 0.437633 0.931356 4.47035e-07 0.171559 0.0 7.99e-05 1.57952e-06 0.0 0.0 0.0 0.0 0.0 0.201081 7.07805e-05 0.898023 1.49012e-07 0.085844 0.0 0.0 0.0 0.0 0.00665855 0.0 0.0 0.0 0.0 0.978324 0.0 0.0 0.956837 0.0 0.0 0.0 0.157512 0.994886 0.987489 0.862218 0.102098 2.29478e-06 0.0 0.0 0.0
0.616371 0.0 0.148563 0.996845 0.0 1.19209e-07 0.0 0.496586 0.0 0.0950088 0.0811348 0.703503 0.644196 0.0 0.494247 0.0 0.0 3.57628e-07 2.0802e-05 0.955197 0.000784516 0.877835 0.966612 0.874269 2.08616e-06 0.45126 0.0 7.49528e-05 2.98023e-06 0.0 0.0 0.0 0.0 0.0 0.904016 0.00115857 0.991216 2.08616e-07 0.0668637 0.0 0.0 0.0 0.0 0.00653571 0.0 0.0 2.98023e-08 0.0 0.998537 0.0 0.0 0.963367 1.19209e-07 2.98023e-08 0.0 0.0994752 0.998278 0.978314 0.814358 0.0727679 2.6226e-06 0.0 0.0 0.0
1.51992e-06 0.970918 0.00030908 8.9407e-08 0.0 0.0 0.0 0.0 0.0 8.9407e-08 0.00105754 0.0 3.83556e-05 0.0 0.0155968 0.0 0.0 0.00889286 0.702516 2.71201e-06 4.11272e-05 8.55327e-06 0.0 1.43051e-05 3.75211e-05 7.15256e-07 0.0 0.766465 1.40071e-06 9.53674e-07 0.432702 0.0 0.0 0.990095 0.0 0.0 0.0 0.971825 0.000846118 1.19209e-07 0.0 0.0 0.0 0.0560697 0.0 0.0 0.0 0.0 1.19209e-07 0.0 0.0 1.54972e-06 0.0 5.96046e-08 0.0 0.000761718 2.62856e-05 0.000300348 0.00239843 0.000882864 0.865187 0.0 0.0 0.0
4.66108e-05 0.0 1.19209e-06 0.00820947 0.0 0.00166458 0.0 0.985458 0.0 0.943675 7.7486e-07 0.325399 1.50502e-05 8.55327e-06 3.54648e-06 0.0 0.0 0.0 0.0 0.000294477 6.25849e-07 6.01411e-05 0.9405 5.56409e-05 0.0 0.000882924 0.0 0.0 0.0 0.0 0.0 0.0 0.0 0.0 0.503149 0.354027 0.00967714 0.0 4.76837e-07 0.0 0.0 0.0 0.0 2.98023e-08 0.0 0.0 0.00015834 0.0 0.0118401 0.0 0.0 0.000331104 3.74019e-05 2.08616e-07 0.0 6.55651e-07 0.00325364 0.000236869 2.00272e-05 5.06639e-07 0.0 0.0 0.0 0.0
0.000350505 0.615108 0.0797068 1.58846e-05 0.0 0.0 0.0 0.0 0.0 1.84774e-06 0.157845 1.19209e-07 0.00956759 0.0 0.723529 0.0 0.0 0.00241894 0.964556 0.000718504 0.000596821 0.00210932 2.98023e-08 0.00296587 9.38773e-06 0.00016138 0.0 0.858619 5.60284e-06 0.0 0.00738275 0.0 0.0 0.58065 0.0 0.0 5.66244e-07 0.960417 0.170819 2.98023e-08 0.0 0.0 0.0 0.775184 0.0 0.0 0.0 0.0 8.16584e-06 0.0 0.0 0.000413716 0.0 2.98023e-08 0.0 0.143763 0.00543112 0.0593997 0.326966 0.131562 0.978582 0.0 0.0 0.0
0.606263 1.49012e-07 0.87226 0.938221 0.0 0.0 0.0 0.00117722 0.0 0.00809789 0.505136 0.0377359 0.975624 0.0 0.971326 0.0 0.0 1.2517e-06 0.000724196 0.986573 0.000206172 0.983043 0.0260927 0.986814 1.60933e-06 0.472754 0.0 0.00291502 5.03659e-06 0.0 0.0 0.0 0.0 2.08616e-07 0.00547269 1.99676e-06 0.441507 7.21216e-06 0.725539 0.0 0.0 0.0 0.0 0.151294 0.0 0.0 0.0 0.0 0.907654 0.0 0.0 0.966338 0.0 2.98023e-08 0.0 0.773026 0.995283 0.995823 0.981104 0.77497 8.55625e-05 0.0 0.0 0.0
2.98023e-08 0.000340462 2.98023e-08 0.0 0.0 0.0 0.0 0.0 0.0 2.68221e-07 2.08616e-07 0.0 0.0 0.0 7.7486e-07 0.0 0.0 5.96046e-08 2.47359e-06 0.0 0.0191835 0.0 0.0 0.0 0.0 0.0 0.0 1.10269e-06 0.0 1.40071e-06 0.0010787 0.0 0.0 2.80738e-05 0.0 0.0 0.0 7.46548e-05 0.0 0.991262 0.0 0.0 0.0 3.8743e-07 0.0 0.0 0.0 0.0 0.0 0.0 0.0 0.0 0.0 0.0 0.0 1.78814e-07 8.9407e-08 8.9407e-08 8.34465e-07 0.0 2.39611e-05 0.0 0.0 0.0
2.12789e-05 4.47035e-07 7.7486e-07 3.27826e-07 0.0 0.0 0.0 0.0 0.0 0.000206262 2.18451e-05 0.0 5.06639e-07 0.0 5.33462e-06 0.0 0.0 2.08616e-07 2.08616e-07 1.19209e-07 0.999952 5.96046e-08 1.19209e-07 2.38419e-07 0.0 0.0 0.0 9.83477e-07 5.96046e-08 0.0 5.06639e-07 0.0 0.0 5.96046e-08 2.98023e-08 2.98023e-08 2.35438e-06 8.64267e-07 5.66244e-07 3.15905e-06 0.0 0.0 0.0 1.63913e-06 0.0 0.0 0.0 0.0 5.36442e-07 0.0 0.0 2.17557e-06 0.0 0.0 0.0 1.87755e-06 9.89437e-06 9.53674e-07 1.2815e-05 8.9407e-08 2.83122e-06 0.0 0.0 0.0
0.000460476 0.00638065 0.0179674 0.000133753 0.0 0.0 0.0 0.0 0.0 0.000459462 0.0216274 2.38419e-07 0.00372678 0.0 0.189358 0.0 0.0 0.999741 0.0401621 0.000409305 0.00323907 0.00104764 4.76837e-07 0.00264838 0.000251859 2.14577e-05 0.0 0.0141653 7.81715e-05 1.19209e-06 0.00214964 0.0 0.0 0.00337717 1.78814e-07 0.0 1.12653e-05 0.0311067 0.0135944 3.8743e-07 0.0 0.0 0.0 0.0340411 0.0 5.126e-06 0.0 0.0 6.99162e-05 0.0 0.0 0.000947982 0.0 0.0 0.0 0.0116659 0.0102866 0.0228947 0.0612834 0.014442 0.0527515 0.0 0.0 0.0
0.0 0.0 0.0 0.0 0.0 0.0 0.0 0.0 0.0 0.000136077 0.0 0.0 0.0 0.0 0.0 0.0 0.0 0.0 0.0 0.0 0.0 0.0 0.0 0.0 0.0 0.0 0.0 0.0 0.0 0.0 0.0 0.0 0.0 0.0 0.0 0.0 0.0 0.0 0.0 0.0 0.0 0.0 0.0 0.0 5.96046e-08 0.0 0.0 0.0 0.0 0.0 0.999983 0.0 1.78516e-05 0.0 0.0 0.0 0.0 0.0 0.0 0.0 0.0 0.0 0.0 0.0
0.0 0.0 0.0 0.0 0.0 0.0 0.0 0.0 0.00265652 0.0 0.0 0.0 0.0 0.0 0.0 9.05991e-06 0.999806 0.0 0.0 0.0 0.0 0.0 0.0 0.0 0.0 0.0 5.36442e-07 0.0 0.0 0.0 0.0 0.00135276 0.0638896 0.0 0.0 0.0 0.0 0.0 0.0 0.0 7.12276e-06 0.0 0.617774 0.0 0.0 0.0 0.0 0.0 0.0 0.0 0.0 0.0 0.0 0.0 0.0 0.0 0.0 0.0 0.0 0.0 0.0 0.0 0.98713 0.0
0.768781 8.40425e-06 0.984033 0.443118 0.0 0.0 0.0 3.44515e-05 0.0 0.00161254 0.949025 0.00119558 0.97453 0.0 0.99483 0.0 0.0 4.04418e-05 0.0483021 0.916576 0.000916809 0.923158 0.000665128 0.953888 3.51667e-06 0.166259 0.0 0.127728 1.07884e-05 0.0 8.9407e-08 0.0 0.0 1.20103e-05 0.000124723 5.96046e-08 0.0334145 0.000477672 0.978745 0.0 0.0 0.0 0.0 0.844724 0.0 0.0 0.0 0.0 0.319965 0.0 0.0 0.916948 0.0 0.0 0.0 0.978373 0.987186 0.992631 0.994677 0.960779 0.00537407 0.0 0.0 0.0
0.0 0.878815 3.18885e-06 0.0 0.0 0.0 0.0 0.0 0.0 0.0 9.59635e-06 0.0 3.57628e-07 0.0 0.00015384 0.0 0.0 0.0026485 0.0204244 0.0 1.83284e-05 1.49012e-07 0.0 2.38419e-07 6.17206e-05 0.0 0.0 0.0539025 1.49012e-07 0.000450015 0.994919 0.0 0.0 0.882466 0.0 0.0 0.0 0.520883 9.0003e-06 3.18885e-06 0.0 0.0 0.0 0.000720382 0.0 4.52995e-06 0.0 0.0 0.0 0.0 0.0 0.0 0.0 0.0 0.0 7.77841e-06 2.08616e-07 2.95043e-06 2.34544e-05 7.89762e-06 0.113637 0.0 0.0 0.0
0.000851125 0.0 6.94394e-06 0.105748 0.0 0.000154555 0.0 0.646614 0.0 0.824033 4.17233e-06 0.615239 9.92119e-05 8.34465e-07 2.22921e-05 0.0 0.0 0.0 0.0 0.0020518 2.25604e-05 0.000418395 0.991889 0.000356108 0.0 0.000711501 0.0 0.0 8.9407e-08 0.0 0.0 0.0 0.0 0.0 0.983871 0.445597 0.446817 0.0 2.86102e-06 0.0 0.0 0.0 0.0 2.08616e-07 0.0 0.0 1.80304e-05 0.0 0.165659 0.0 0.0 0.00246137 5.06639e-07 0.0 0.0 3.69549e-06 0.0356853 0.00151429 0.000118077 3.54648e-06 0.0 0.0 0.0 0.0
0.144234 0.0 0.000836492 0.869804 0.0 7.12276e-06 0.0 0.199969 0.0 0.428663 0.000435263 0.409087 0.00959146 2.98023e-08 0.00387874 0.0 0.0 0.0 8.9407e-08 0.129523 0.00186199 0.0350904 0.965115 0.0304958 1.49012e-07 0.00366774 0.0 3.27826e-07 6.85453e-07 0.0 0.0 0.0 0.0 0.0 0.973267 0.0569704 0.988148 0.0 0.00033766 0.0 0.0 0.0 0.0 3.0309e-05 0.0 0.0 6.25849e-07 0.0 0.913434 0.0 0.0 0.185477 2.98023e-08 0.0 0.0 0.000460297 0.772574 0.16531 0.0195061 0.00035131 0.0 0.0 0.0 0.0
0.60712 5.14686e-05 0.974759 0.117874 0.0 0.0 0.0 5.54323e-06 0.0 0.000221223 0.973292 0.000185639 0.950255 0.0 0.99635 0.0 0.0 4.30644e-05 0.20229 0.753569 0.00261804 0.810123 0.000114769 0.885673 2.44379e-06 0.0674922 0.0 0.3241 3.32296e-05 0.0 2.68221e-07 0.0 0.0 7.85589e-05 1.8537e-05 0.0 0.0053772 0.00255609 0.979514 0.0 0.0 0.0 0.0 0.935825 0.0 0.0 0.0 0.0 0.069675 0.0 0.0 0.784653 0.0 0.0 0.0 0.989209 0.965641 0.98617 0.995562 0.947831 0.0298355 0.0 0.0 0.0
0.952897 5.96046e-08 0.784275 0.99659 0.0 0.0 0.0 0.0369539 0.0 0.0316001 0.659335 0.181228 0.968691 0.0 0.95465 0.0 0.0 6.67572e-06 0.000483662 0.99273 0.00327516 0.987152 0.5181 0.9906 2.95043e-06 0.31266 0.0 0.00176734 1.28448e-05 0.0 0.0 0.0 0.0 1.78814e-07 0.2444 4.12166e-05 0.983514 4.55976e-06 0.567196 0.0 0.0 0.0 0.0 0.107567 0.0 0.0 0.0 0.0 0.997404 0.0 0.0 0.996958 0.0 0.0 0.0 0.700039 0.99984 0.998841 0.990141 0.584608 5.94258e-05 0.0 0.0 0.0
0.00505528 0.188609 0.466069 0.000215948 0.0 0.0 0.0 0.0 0.0 1.00732e-05 0.474846 1.40071e-06 0.107338 0.0 0.95921 0.0 0.0 0.00607082 0.986072 0.00922531 0.000208974 0.02534 3.27826e-07 0.0391251 9.53972e-05 0.00190833 0.0 0.969282 3.42131e-05 0.0 0.00157911 0.0 0.0 0.299442 1.78814e-07 0.0 9.68575e-06 0.822717 0.688944 0.0 0.0 0.0 0.0 0.953715 0.0 0.0 0.0 0.0 0.000114918 0.0 0.0 0.00562081 0.0 2.08616e-07 0.0 0.614917 0.0667078 0.430972 0.803249 0.645418 0.918142 0.0 0.0 0.0
2.86102e-06 0.986648 0.000601292 1.78814e-07 0.0 0.0 0.0 0.0 0.0 0.0 0.00211141 0.0 7.69198e-05 0.0 0.0286934 0.0 0.0 0.0197343 0.730628 5.36442e-06 0.000232458 1.76728e-05 0.0 2.94447e-05 6.58631e-06 1.49012e-06 0.0 0.709764 1.75834e-06 5.66244e-07 0.411333 0.0 0.0 0.96739 0.0 0.0 0.0 0.981403 0.00166306 1.19209e-07 0.0 0.0 0.0 0.0982981 0.0 0.0 0.0 0.0 1.49012e-07 0.0 0.0 3.24845e-06 0.0 0.0 0.0 0.00143069 5.03063e-05 0.000582993 0.00454211 0.00178382 0.945883 0.0 0.0 0.0
0.0 0.0 0.0 0.0 0.0 0.0751813 0.0 2.67327e-05 0.0 0.831311 0.0 3.53158e-05 0.0 0.0167168 0.0 0.0 0.0 0.0 0.0 0.0 0.0 0.0 4.61936e-05 0.0 0.0 0.0 0.0 0.0 0.0 0.0 0.0 0.0 0.0 0.0 6.64592e-06 0.00322297 8.9407e-08 0.0 0.0 0.0 0.0 0.0 0.0 0.0 3.93391e-06 0.0 0.974847 0.0247585 0.0 0.0 0.0 0.0 0.0018841 0.0 0.0 0.0 0.0 0.0 0.0 0.0 0.0 0.0 0.0 0.0
0.0 0.0 0.0 0.0 0.0 0.0 0.0 0.0 0.99826 0.0 0.0 0.0 0.0 0.0 0.0 0.00421306 0.971963 0.0 0.0 0.0 0.0 0.0 0.0 0.0 0.0 0.0 1.27554e-05 0.0 0.0 0.0 0.0 0.00265151 0.00126463 0.0 0.0 0.0 0.0 0.0 0.0 0.0 0.000234246 0.0 0.0021449 0.0 0.0 0.0 0.0 0.0 0.0 0.0 0.0 0.0 0.0 0.0 0.0 0.0 0.0 0.0 0.0 0.0 0.0 0.0 0.00212604 0.0
0.00406182 0.0 0.0751843 0.25036 0.0 2.98023e-08 0.0 0.0457396 0.0 0.0761541 0.00512129 0.0132727 0.184996 0.0 0.178871 0.0 0.0 0.0 4.38392e-05 0.515856 6.55651e-07 0.473419 0.142146 0.408261 5.24223e-05 0.980225 0.0 0.000150591 8.9407e-08 0.0 0.0 0.0 0.0 0.0 0.0101444 7.75158e-05 0.00670221 5.06639e-07 0.0441428 0.0 0.0 0.0 0.0 0.00401929 0.0 0.0 0.0 0.0 0.202551 0.0 0.0 0.0820902 4.52995e-06 1.45435e-05 0.0 0.0291207 0.446385 0.758911 0.2103 0.0957944 4.76837e-06 0.0 0.0 0.0
0.23533 0.0 0.0108273 0.974313 0.0 2.08616e-07 0.0 0.177918 0.0 0.195049 0.00619274 0.335643 0.126949 0.0 0.0656626 0.0 0.0 0.0 7.7486e-07 0.680722 0.000410765 0.414584 0.860848 0.427183 2.38419e-07 0.0478167 0.0 3.33786e-06 8.64267e-07 0.0 0.0 0.0 0.0 0.0 0.756279 0.001214 0.960637 0.0 0.00361064 0.0 0.0 0.0 0.0 0.000315517 0.0 0.0 2.98023e-08 0.0 0.983258 0.0 0.0 0.77929 0.0 0.0 0.0 0.00745904 0.982692 0.851746 0.277482 0.00406301 5.96046e-08 0.0 0.0 0.0
0.0 0.0 0.0 0.0 0.0 0.0 8.9407e-07 0.0 0.00960857 0.0 0.0 0.0 0.0 0.0 0.0 2.38419e-07 0.99989 0.0 0.0 0.0 0.0 0.0 0.0 0.0 0.0 0.0 1.78814e-07 0.0 0.0 0.0 0.0 6.85453e-07 0.987931 0.0 0.0 0.0 0.0 0.0 0.0 0.0 1.46031e-06 0.0 0.00572351 0.0 0.0 0.0 0.0 0.0 0.0 0.0 0.0 0.0 0.0 0.0 0.0 0.0 0.0 0.0 0.0 0.0 0.0 0.0 0.313917 0.0
0.0 0.0 0.0 0.0 0.0 1.19209e-07 0.0 0.0 0.0 9.10163e-05 0.0 0.0 0.0 1.39773e-05 0.0 0.0 0.0 0.0 0.0 0.0 0.0 0.0 0.0 0.0 0.0 0.0 0.0 0.0 0.0 0.0 0.0 0.0 0.0 0.0 0.0 0.0 0.0 0.0 0.0 0.0 0.0 0.0 0.0 0.0 0.989633 0.0 1.68681e-05 5.55217e-05 0.0 0.0 2.98023e-08 0.0 0.0109011 0.0 0.0 0.0 0.0 0.0 0.0 0.0 0.0 0.0 0.0 0.0
0.0 0.0 0.0 0.0 0.0 0.982282 0.0 4.44055e-05 0.0 0.964496 0.0 0.000153899 0.0 0.104047 0.0 0.0 0.0 0.0 0.0 0.0 0.0 0.0 6.75321e-05 0.0 0.0 0.0 0.0 0.0 0.0 0.0 0.0 0.0 0.0 0.0 1.05798e-05 0.256068 8.9407e-08 0.0 0.0 0.0 0.0 0.0 0.0 0.0 2.98023e-08 0.0 0.0214993 0.00794286 0.0 0.0 0.0 0.0 7.83205e-05 0.0 0.0 0.0 0.0 0.0 0.0 0.0 0.0 0.0 0.0 0.0
0.639911 1.49012e-07 0.891931 0.956894 0.0 0.0 0.0 0.00145778 0.0 0.00707567 0.511044 0.0300629 0.975813 0.0 0.977025 0.0 0.0 2.5034e-06 0.000821054 0.986334 0.000306875 0.988439 0.0312675 0.989825 2.5034e-06 0.475659 0.0 0.00405759 6.85453e-06 0.0 0.0 0.0 0.0 1.78814e-07 0.00646946 2.38419e-06 0.477498 8.9407e-06 0.748738 0.0 0.0 0.0 0.0 0.202206 0.0 0.0 0.0 0.0 0.948887 0.0 0.0 0.975583 0.0 0.0 0.0 0.761991 0.996443 0.99692 0.985034 0.798882 0.000101388 0.0 0.0 0.0
0.0 0.0 0.0 0.0 0.0 0.0 0.0 0.0 0.0 2.06828e-05 0.0 0.0 0.0 0.0 0.0 0.0 0.0 0.0 0.0 0.0 0.0 0.0 0.0 0.0 0.0 0.0 0.0 0.0 0.0 0.0 0.0 0.0 0.0 0.0 0.0 0.0 0.0 0.0 0.0 0.0 0.0 0.684054 0.0 0.0 0.0 0.0 0.0 2.29478e-06 0.0 0.000186354 0.0 0.0 2.17557e-06 0.0 0.0 0.0 0.0 0.0 0.0 0.0 0.0 0.0 0.0 0.962367
0.0 8.9407e-08 2.08616e-07 6.55651e-07 0.0 0.0 0.0 0.0 0.0 2.98023e-08 2.38419e-07 6.30021e-05 5.06639e-07 0.0 1.3411e-06 0.0 0.0 2.69115e-05 2.08616e-07 4.47035e-07 0.0 6.85453e-07 6.25849e-07 5.06639e-07 0.000143051 2.98023e-08 0.0 4.47035e-07 4.02331e-06 0.0 0.0 0.0 0.0 2.38419e-07 1.49012e-07 0.0 8.9407e-08 1.78814e-07 4.17233e-07 0.0 0.0 0.0 0.0 1.63913e-06 0.0 0.0 0.0 0.0 1.78814e-07 0.0 0.0 8.9407e-08 0.0 0.0 0.0 1.19209e-07 1.16229e-06 2.5034e-06 5.96046e-07 7.15256e-07 1.19209e-07 0.575043 0.0 0.0
0.642055 0.0 0.0144537 0.978334 0.0 6.25849e-07 0.0 0.203625 0.0 0.208723 0.00816223 0.38243 0.14393 0.0 0.0696069 0.0 0.0 2.38419e-07 1.54972e-06 0.661176 0.00407162 0.36803 0.941174 0.35416 1.49012e-07 0.0143324 0.0 5.72205e-06 2.05636e-06 0.0 0.0 0.0 0.0 0.0 0.946972 0.00526211 0.998194 0.0 0.00582856 0.0 0.0 0.0 0.0 0.000483274 0.0 0.0 1.19209e-07 0.0 0.985977 0.0 0.0 0.779244 0.0 0.0 0.0 0.00856978 0.982466 0.77797 0.265469 0.00601175 1.49012e-07 0.0 0.0 0.0
0.0 0.0 0.0 0.0 0.0 0.0 0.000325263 0.0 0.0756553 0.0 0.0 0.0 0.0 0.0 0.0 3.57628e-07 0.999887 0.0 0.0 0.0 0.0 0.0 0.0 0.0 0.0 0.0 0.000117064 0.0 0.0 0.0 0.0 1.5229e-05 0.00128555 0.0 0.0 0.0 0.0 0.0 0.0 0.0 0.0510812 0.0 4.38392e-05 0.0 0.0 0.0 0.0 0.0 0.0 0.0 0.0 0.0 0.0 0.0 0.0 0.0 0.0 0.0 0.0 0.0 0.0 0.0 0.00181615 0.0
0.00159264 5.96046e-07 0.000855118 0.00361094 0.0 0.00810274 0.0 0.0359674 0.0 1.0 0.000557482 0.0396837 0.00234088 0.135907 0.00154701 0.0 0.0 2.41399e-06 3.1054e-05 0.0047453 0.000210553 0.00138468 0.0443051 0.00116414 0.000349075 0.0035111 0.0 5.48363e-05 1.78814e-07 0.0 1.49012e-07 0.0 0.0 7.7486e-07 0.0155937 0.0420493 0.00706446 4.88758e-06 0.000412941 0.0 0.0 0.0 0.0 4.24981e-05 1.49012e-07 0.0 0.000907421 0.000450671 0.00478649 0.0 0.0 0.00198501 0.998757 0.0513907 0.0 0.000463933 0.0103134 0.00478703 0.00218126 0.000492781 9.0301e-06 0.0 0.0 2.98023e-07
2.98023e-07 4.85778e-06 1.52588e-05 2.18749e-05 0.0 5.96046e-08 0.0 0.00100869 0.0 0.165807 1.10269e-06 0.000139982 2.56896e-05 0.0 9.88245e-05 0.0 0.0 8.9407e-08 4.27961e-05 0.000121981 0.0 8.76188e-05 0.000349432 7.41482e-05 0.0908569 0.0177387 0.0 9.47118e-05 0.0 2.98023e-08 7.15256e-07 0.0 0.0 1.2219e-05 1.09673e-05 3.57628e-06 9.53674e-07 5.93066e-06 2.0057e-05 0.0 0.0 0.0 0.0 2.13087e-05 0.0 1.78814e-07 0.0 0.0 1.17123e-05 0.0 0.0 4.05312e-06 0.0237212 0.99998 0.0 8.64267e-06 5.77867e-05 0.000517279 4.08888e-05 7.6741e-05 2.74181e-06 0.0 0.0 0.0
0.956576 8.9407e-08 0.589468 0.99556 0.0 0.0 0.0 0.0447809 0.0 0.0273851 0.409378 0.138095 0.920954 0.0 0.892634 0.0 0.0 1.2815e-06 0.000156373 0.985808 0.00527456 0.966133 0.480502 0.973382 1.75834e-06 0.151305 0.0 0.000678748 5.24521e-06 0.0 0.0 0.0 0.0 0.0 0.2861 5.80549e-05 0.988244 1.51992e-06 0.355089 0.0 0.0 0.0 0.0 0.0456518 0.0 0.0 0.0 0.0 0.997211 0.0 0.0 0.994808 0.0 0.0 0.0 0.488969 0.99972 0.996985 0.97484 0.341173 1.95503e-05 0.0 0.0 0.0
0.0 6.55651e-07 0.0 0.0 0.0 0.0 0.0 0.0 0.0 0.0 0.0 0.0 0.0 0.0 0.0 0.0 0.0 9.50098e-05 5.96046e-08 0.0 0.0 0.0 0.0 0.0 0.217279 0.0 0.0 2.98023e-08 0.0 0.00883844 4.88162e-05 0.0 0.0 2.5928e-06 0.0 0.0 0.0 5.96046e-08 0.0 0.0 0.0 0.0 0.0 0.0 0.0 0.997285 0.0 0.0 0.0 0.0 0.0 0.0 0.0 8.9407e-08 4.58956e-06 0.0 0.0 0.0 0.0 0.0 0.0 2.08616e-07 0.0 0.0
0.80346 1.3113e-06 0.973104 0.839369 0.0 0.0 0.0 0.00023216 0.0 0.00305557 0.850723 0.0083532 0.989246 0.0 0.993745 0.0 0.0 9.83477e-06 0.00745493 0.978953 0.000584871 0.979626 0.00514773 0.986293 1.84774e-06 0.362296 0.0 0.0275338 1.47521e-05 0.0 0.0 0.0 0.0 1.84774e-06 0.000960737 3.8743e-07 0.193974 7.02739e-05 0.951115 0.0 0.0 0.0 0.0 0.596877 0.0 0.0 0.0 0.0 0.741825 0.0 0.0 0.970335 0.0 0.0 0.0 0.952669 0.995594 0.996871 0.994376 0.955712 0.000819206 0.0 0.0 0.0
0.0 0.0 0.0 0.0 0.0 0.167416 0.0 8.64267e-07 0.0 0.855899 0.0 2.563e-06 0.0 0.997228 0.0 0.0 0.0 0.0 0.0 0.0 0.0 0.0 1.2219e-06 0.0 0.0 0.0 0.0 0.0 0.0 0.0 0.0 0.0 0.0 0.0 2.38419e-07 0.00147748 0.0 0.0 0.0 0.0 0.0 0.0 0.0 0.0 3.66569e-06 0.0 0.00338283 0.172294 0.0 0.0 0.0 0.0 0.000222057 0.0 0.0 0.0 0.0 0.0 0.0 0.0 0.0 0.0 0.0 2.98023e-07
0.141099 0.00576839 0.959198 0.00735554 0.0 0.0 0.0 2.98023e-07 0.0 5.94258e-05 0.950497 1.94609e-05 0.783201 0.0 0.997232 0.0 0.0 0.00210115 0.945508 0.218676 0.00107574 0.45291 6.31809e-06 0.57625 1.50204e-05 0.0344267 0.0 0.933583 6.56545e-05 0.0 2.92361e-05 0.0 0.0 0.00994232 9.23872e-07 0.0 0.000253141 0.229283 0.977742 0.0 0.0 0.0 0.0 0.99428 0.0 0.0 0.0 0.0 0.00357866 0.0 0.0 0.169965 0.0 0.0 0.0 0.971239 0.660244 0.951626 0.988897 0.970348 0.706723 0.0 0.0 0.0
0.956058 1.19209e-07 0.818799 0.899842 0.0 0.0 0.0 0.00114721 0.0 0.009619 0.742366 0.0107909 0.928746 0.0 0.971251 0.0 0.0 1.63913e-06 0.000492603 0.914307 0.00658047 0.874264 0.0195717 0.930994 2.68221e-07 0.0288525 0.0 0.00200081 1.04904e-05 0.0 0.0 0.0 0.0 1.78814e-07 0.00762206 2.98023e-06 0.665869 4.23193e-06 0.616884 0.0 0.0 0.0 0.0 0.147823 0.0 0.0 0.0 0.0 0.894485 0.0 0.0 0.986468 0.0 0.0 0.0 0.834507 0.996287 0.989768 0.99107 0.539152 5.18858e-05 0.0 0.0 0.0
0.0 0.0 0.0 0.0 0.0 0.0 2.08616e-07 0.0 0.0176992 0.0 0.0 0.0 0.0 0.0 0.0 4.47035e-07 1.0 0.0 0.0 0.0 0.0 0.0 0.0 0.0 0.0 0.0 8.52346e-06 0.0 0.0 0.0 0.0 4.32134e-06 0.749656 0.0 0.0 0.0 0.0 0.0 0.0 0.0 0.00249109 0.0 0.00847742 0.0 0.0 0.0 0.0 0.0 0.0 0.0 0.0 0.0 0.0 0.0 0.0 0.0 0.0 0.0 0.0 0.0 0.0 0.0 0.735592 0.0
0.0 0.0 0.0 0.0 0.0 0.0 0.0 0.0 6.01709e-05 0.0 0.0 0.0 0.0 0.0 0.0 0.994583 1.60336e-05 0.0 0.0 0.0 0.0 0.0 0.0 0.0 0.0 0.0 2.98023e-08 0.0 0.0 3.8743e-07 0.0 0.00402528 0.0 0.0 0.0 0.0 0.0 0.0 0.0 0.0 0.0 0.0 0.000596911 0.0 0.0 0.0 0.0 0.0 0.0 0.0 0.0 0.0 0.0 0.0 0.010591 0.0 0.0 0.0 0.0 0.0 0.0 0.0 3.57628e-07 0.0
3.39746e-06 0.0 2.98023e-08 0.000168264 0.0 0.00684381 0.0 0.0374775 0.0 0.970561 0.0 0.0512435 1.19209e-07 1.65105e-05 0.0 0.0 0.0 0.0 0.0 3.30806e-06 0.000111848 5.66244e-07 0.850466 3.27826e-07 0.0 5.39422e-06 0.0 0.0 0.0 0.0 0.0 0.0 0.0 0.0 0.386014 0.991395 0.00249967 0.0 0.0 0.0 0.0 0.0 0.0 0.0 0.0 0.0 3.71933e-05 1.01328e-06 0.000244319 0.0 0.0 3.27826e-06 4.47035e-07 0.0 0.0 0.0 2.80142e-05 1.46031e-06 1.78814e-07 0.0 0.0 0.0 0.0 0.0
0.0 0.0 0.0 0.0 0.0 0.0 0.0 0.0 0.00397906 0.0 0.0 0.0 0.0 0.984361 0.0 0.0 0.0 0.0 0.0 0.0 0.0 0.0 0.0 0.0 0.0 0.0 0.0 0.0 0.0 0.0 0.0 0.0 0.0 0.0 0.0 0.0 0.0 0.0 0.0 0.0 0.0 0.0 0.0 0.0 0.0 0.0 0.0 0.0 0.0 0.0 0.0 0.0 0.0814239 0.0 0.0 0.0 0.0 0.0 0.0 0.0 0.0 0.0 0.0 0.0
0.0 0.968617 1.34706e-05 0.0112378 0.0 0.0 0.0 0.0 5.96046e-08 0.0 0.102202 0.82857 0.0746786 0.0 8.4877e-05 2.563e-06 2.26498e-06 0.743466 0.233698 0.0 1.60933e-06 0.0 0.0 1.19209e-07 0.000935286 0.0 0.0 2.26498e-05 0.875467 0.0 0.000413388 0.0 0.0 0.957946 1.90735e-06 0.0 8.9407e-08 0.981543 6.02305e-05 0.683993 0.00117669 0.0 0.0 0.0144441 0.0 0.0 0.0 0.0 0.000360936 0.0 0.0 6.61612e-06 0.0 0.0 0.0 9.78112e-05 0.0 9.23872e-07 1.63913e-06 0.324391 0.92386 0.0 0.0 0.0
1.49012e-07 1.66893e-06 0.98011 0.0514179 0.0 0.000306457 0.0 8.58903e-05 2.98023e-08 0.0 0.209384 2.98023e-08 0.000222802 0.0 0.517969 0.000100672 0.0 0.00415954 0.0678653 6.79493e-06 0.757452 0.0 0.00920635 0.620489 0.0 0.0 0.0 0.914019 9.38773e-06 0.0 3.16501e-05 2.35438e-06 0.0 9.06289e-05 0.00484535 2.11596e-06 0.746322 2.80142e-06 0.987043 1.63913e-06 0.0 0.0 0.0 0.201298 0.0 0.0 0.0 0.0 0.985039 0.0 0.0 0.978756 0.0 0.0 5.96046e-08 0.983313 6.81281e-05 0.169978 0.830151 0.0250223 0.000421852 0.0 0.0 9.53674e-07
1.85966e-05 0.0468719 0.000947773 0.450209 0.0 0.0 0.0 0.0 1.95801e-05 0.0 0.153107 0.00202128 0.992306 0.0 0.00708169 5.66244e-07 2.05636e-06 0.629052 0.427894 0.0 0.000151962 0.0 1.19209e-07 3.57628e-06 0.000102937 0.0 0.0 0.00230101 0.0369324 0.0 1.2666e-05 0.0 0.0 0.110752 0.000267327 0.0 6.73532e-06 0.0795881 0.00320235 0.0360698 0.00104451 0.0 0.0 0.0333574 0.0 0.0 0.0 0.0 0.0272395 0.0 0.0 0.00058794 0.0 0.0 0.0 0.00513306 0.0 7.27177e-05 0.000171125 0.860371 0.14119 0.0 0.0 0.0
0.0 0.0 0.0 0.0 0.0 0.0 0.0 0.0 0.0 0.0 0.0 0.0 0.0 0.0 0.0 0.0 0.0 0.0 0.0 0.0 0.0 0.0 0.0 0.0 0.0 3.62694e-05 0.0 0.0 0.0 0.0 0.0 0.0 0.0 0.0 0.0 0.0 0.0 0.0 0.0 0.0 0.0 0.0 0.0 0.0 0.0 0.0 0.0 0.981918 0.0 0.0 0.0 0.0 0.0 0.0 0.0 0.0 0.0 0.0 0.0 0.0 0.0 0.0 0.0 0.0
3.8743e-07 8.9407e-08 0.00479233 0.0599238 0.0 0.000678748 0.0 4.50909e-05 2.08616e-07 0.0 9.09865e-05 0.0 4.16636e-05 0.0 0.448829 2.08616e-07 6.82473e-06 5.20945e-05 4.40478e-05 0.0 0.0480624 0.0 0.0441765 0.0170267 0.0 0.0 0.0 0.414779 3.9041e-06 0.0 3.30806e-06 0.0 0.0 3.57628e-07 0.987343 1.2517e-06 0.00709584 8.9407e-08 0.00388336 2.38419e-07 0.0 0.0 0.0 3.18885e-06 0.0 0.0 0.0 0.0 0.149014 0.0 0.0 0.00864926 0.0 0.0 0.0 0.00391737 2.89083e-06 0.724869 0.125044 0.000724167 9.53674e-07 0.0 0.0 5.66244e-07
0.0 2.98023e-08 5.66244e-07 0.0 0.0 0.0 0.0 0.0 0.0 2.38419e-07 2.38419e-07 5.96046e-08 0.0 0.0 5.96046e-08 0.999985 0.0 2.98023e-08 2.08616e-07 0.0 0.00147372 0.0 0.0 5.96046e-08 0.0 0.0 0.0 5.96046e-08 0.0 0.0 0.00279534 0.0 0.0 8.9407e-08 0.0 0.0 1.49012e-07 0.0 3.27826e-07 0.0 0.0 0.0 0.0 8.64267e-07 0.0 0.0 0.0 0.0 1.78814e-07 0.0 0.0 3.27826e-07 0.0 0.0 8.9407e-08 5.06639e-07 0.0 8.9407e-08 1.78814e-07 0.0 1.49012e-07 0.0 0.0 0.0
0.0 0.0 0.582831 0.0002442 0.0 0.050368 0.0 0.0700414 0.0 0.0 4.49717e-05 0.0 1.78814e-07 0.0 0.0899819 9.11951e-06 0.0 8.9407e-07 1.2964e-05 0.000365257 0.98744 0.0 0.164999 0.982538 0.0 0.0 0.0 0.50827 0.0 0.0 5.66244e-07 4.23193e-06 0.0 0.0 0.00705618 0.00160533 0.978259 0.0 0.236103 0.0 0.0 0.0 0.0 0.000212699 0.0 0.0 0.0 0.0 0.475139 0.0 0.0 0.755145 0.0 0.0 0.0 0.13409 0.0381548 0.312451 0.726558 9.95398e-06 5.96046e-08 0.0 0.0 0.00108665
0.0 0.0 0.0 0.0 0.0 0.0 0.0 0.0 0.0 0.0 0.0 0.0 0.0 0.0 0.0 0.0 0.0 0.0 0.0 0.0 0.0 0.0 0.0 0.0 0.0 0.0 0.0 0.0 0.0 0.0 0.0 0.0 0.0778888 0.0 0.0 0.0 0.0 0.0 0.0 0.0 0.0 0.0 0.00022015 0.0 0.0 3.93391e-06 0.0 0.0 0.0 0.0 0.0 0.0 0.0 0.0 0.0 0.0 0.0 0.0 0.0 0.0 0.0 0.0 0.992852 0.0
0.0 0.0 0.0 0.0 0.0 0.0 0.0 0.0 0.627432 0.0 0.0 0.0 0.0 0.94179 0.0 0.0 0.0 0.0 0.0 0.0 0.0 0.0 0.0 0.0 0.0 0.0 0.0 0.0 0.0 0.0 0.0 0.0 0.0 0.0 0.0 0.0 0.0 0.0 0.0 0.0 0.0 0.0 0.0 0.0 0.0 0.0 0.0 0.0 0.0 0.0 0.0 0.0 1.0 0.0 0.0 0.0 0.0 0.0 0.0 0.0 0.0 0.0 0.0 0.0
1.78814e-07 0.0055674 0.772972 0.475467 0.0 1.54972e-06 0.0 1.49012e-07 2.38419e-07 0.0 0.995437 0.000110328 0.110605 0.0 0.539299 0.000239372 4.17233e-07 0.879535 0.987852 0.0 0.0382531 0.0 0.000144422 0.00503799 5.96046e-08 0.0 0.0 0.74099 0.0211972 0.0 0.0018594 0.0 0.0 0.195689 0.00113973 0.0 0.00999218 0.00792956 0.940259 0.000651628 5.66244e-07 0.0 0.0 0.94591 0.0 0.0 0.0 0.0 0.980357 0.0 0.0 0.616272 0.0 0.0 0.0 0.964295 1.49012e-07 0.0402369 0.195706 0.864112 0.523023 0.0 0.0 0.0
1.37091e-06 0.00235456 0.00146267 0.956822 0.0 2.98023e-07 0.0 1.19209e-07 2.04444e-05 0.0 0.0422843 0.00014782 0.414335 0.0 0.314326 2.98023e-07 2.39015e-05 0.349894 0.18638 0.0 0.00134239 0.0 3.75509e-05 0.000161797 9.23872e-07 0.0 0.0 0.108002 0.00587794 0.0 1.0401e-05 0.0 0.0 0.0201851 0.0796278 0.0 0.000124037 0.00771335 0.00514689 0.00923613 1.26958e-05 0.0 0.0 0.00549856 0.0 0.0 0.0 0.0 0.236532 0.0 0.0 0.0031184 0.0 0.0 0.0 0.00481981 0.0 0.0287044 0.016451 0.889934 0.0281544 0.0 0.0 0.0
0.982979 0.0 2.98023e-08 1.2815e-06 0.0 0.0 0.0 0.0 0.00742838 0.0 0.0 0.0 1.04606e-05 0.0 4.76837e-07 0.0 0.0 1.49012e-07 2.98023e-08 0.0 2.05636e-06 0.0 0.0 0.0 0.0 0.0 0.0 1.19209e-07 0.0 0.0 0.0 0.0 0.0 0.0 1.01328e-06 0.0 0.0 0.0 2.98023e-08 0.0 0.0 0.0 0.0 0.0 0.0 0.0 0.0 0.0 3.57628e-07 0.0 0.0 0.0 0.0 0.0 0.0 2.98023e-08 0.0 8.9407e-08 0.0 5.06639e-07 0.0 0.0 0.0 0.0
0.0 0.0 0.0 0.0 0.0 0.0 0.0 0.0 0.0 0.0 0.0 0.0 0.0 0.0 0.0 0.0 0.0 0.0 0.0 0.0 0.0 0.0 0.0 0.0 0.0 0.0 0.0 0.0 0.0 0.0 0.0 0.0 0.000420123 0.0 0.0 0.0 0.0 0.0 0.0 0.0 0.0 0.0 0.0 0.0 0.0 0.96885 0.0 0.0 0.0 0.0 0.0 0.0 0.0 0.0 0.0 0.0 0.0 0.0 0.0 0.0 0.0 0.0 9.50694e-06 0.0
5.96046e-08 2.98023e-08 0.801883 0.0216472 0.0 0.00735089 0.0 0.00423202 2.98023e-08 0.0 0.00391585 0.0 9.20892e-06 0.0 0.761504 5.29885e-05 0.0 7.01249e-05 0.00118238 1.14739e-05 0.915608 0.0 0.205426 0.914043 0.0 0.0 0.0 0.938899 1.78814e-07 0.0 2.35438e-06 2.05636e-06 0.0 1.49012e-06 0.0677583 6.70254e-05 0.886079 8.9407e-08 0.760495 2.98023e-08 0.0 0.0 0.0 0.0122406 0.0 0.0 0.0 0.0 0.945969 0.0 0.0 0.91987 0.0 0.0 0.0 0.61083 0.0020735 0.81244 0.986659 0.000790894 6.61612e-06 0.0 0.0 4.00543e-05
0.0 0.0 0.0 0.0 0.0 0.0 0.0 0.0 0.0 0.0 0.0 0.0 0.0 0.0 0.0 0.0 0.0 0.0 0.0 0.0 0.0 0.0 0.0 0.0 0.0 0.0 0.0 0.0 0.0 0.000409871 0.0 0.0 0.000927866 0.0 0.0 0.0 0.0 0.0 0.0 0.0 0.0 0.0 1.8537e-05 0.0 0.0 7.15256e-07 0.0 0.0 0.0 0.0 0.0 0.0 0.0 0.0 0.0 0.0 0.0 0.0 0.0 0.0 0.0 0.0 0.000103951 0.0
0.0 8.9407e-08 0.0 0.0 0.0 0.0 0.0 0.0 0.0 0.0 0.0 9.23872e-07 0.0 0.0 0.0 0.0 0.0 0.0 0.0 0.0 0.0 0.0 0.0 0.0 0.0 0.0 0.999736 0.0 0.0 0.0 0.0 0.0 0.0 0.0 0.0 0.0 0.0 8.9407e-08 0.0 2.08616e-07 8.58307e-06 0.0 1.01328e-06 0.0 0.0 0.0 0.0 0.0 0.0 0.0 0.0 0.0 0.0 0.0 0.0 0.0 0.0 0.0 0.0 0.0 0.0 0.0 0.0 0.0
0.0 0.0 0.0 0.0 0.0 0.0 0.0 0.0 0.0 0.0 0.0 0.0 0.0 0.0 0.0 0.0 0.0 0.0 0.0 0.0 0.0 0.0 0.0 0.0 0.0 0.0 0.0 0.0 0.0 0.0 0.0 0.0 0.0 0.0 0.0 0.0 0.0 0.0 0.0 0.0 0.0 0.0 0.0 0.0 0.0 0.0 0.0 0.0 0.0 0.0 0.0 0.0 0.0 0.999868 0.0 0.0 0.0 0.0 0.0 0.0 0.0 0.0 0.0 0.0
0.0 0.925522 0.000405669 0.0288891 0.0 0.0 0.0 0.0 8.9407e-08 0.0 0.720378 0.195796 0.0749527 0.0 0.00155663 2.66433e-05 3.27826e-07 0.905761 0.847914 0.0 3.01003e-05 0.0 2.98023e-08 9.53674e-07 3.81172e-05 0.0 0.0 0.000652909 0.532482 0.0 0.00167409 0.0 0.0 0.984926 3.30806e-06 0.0 1.84774e-06 0.915459 0.00187826 0.134999 3.81768e-05 0.0 0.0 0.268083 0.0 0.0 0.0 0.0 0.0100312 0.0 0.0 0.000199407 0.0 0.0 8.9407e-08 0.00298044 0.0 2.44081e-05 4.98891e-05 0.659395 0.981423 0.0 0.0 0.0
6.25849e-07 0.126758 0.00721842 0.694386 0.0 0.0 0.0 0.0 2.38419e-07 0.0 0.913677 0.00582266 0.516096 0.0 0.0496041 2.30968e-05 1.69873e-06 0.982087 0.947257 0.0 0.000551939 0.0 7.15256e-07 1.68383e-05 4.47035e-06 0.0 0.0 0.0134605 0.297403 0.0 0.00138238 0.0 0.0 0.722698 0.000493318 0.0 3.08156e-05 0.230888 0.0295749 0.036146 4.10676e-05 0.0 0.0 0.410197 0.0 0.0 0.0 0.0 0.141981 0.0 0.0 0.00345987 0.0 0.0 0.0 0.0484284 0.0 0.000534117 0.00096184 0.963477 0.864857 0.0 0.0 0.0
0.0 0.0 0.0 0.0 0.0 0.0 0.0 0.0 0.0 0.0 0.0 0.0 0.0 0.0 0.0 0.0 0.0 0.0 0.0 0.0 0.0 0.0 0.0 0.0 0.0 0.0 0.0 0.0 0.0 0.0 0.0 0.0 0.0 0.0 0.0 0.0 0.0 0.0 0.0 0.0 0.0 0.0 0.0 0.0 0.0 0.0 0.0 0.0 0.0 0.0 0.756073 0.0 2.08616e-07 0.0 0.0 0.0 0.0 0.0 0.0 0.0 0.0 0.0 0.0 0.0
2.98023e-08 0.000564069 0.380457 0.0368162 0.0 5.06639e-07 0.0 4.47035e-07 1.49012e-07 0.0 0.81218 9.26852e-06 0.00841996 0.0 0.0167787 0.00029394 5.96046e-08 0.304566 0.761329 2.98023e-08 0.0474977 0.0 1.50204e-05 0.0058879 0.0 0.0 0.0 0.0512784 0.00183558 0.0 2.19941e-05 5.36442e-07 0.0 0.0273907 2.22921e-05 0.0 0.0110599 0.000694811 0.597154 8.61883e-05 2.98023e-08 0.0 0.0 0.984255 0.0 0.0 0.0 0.0 0.499566 0.0 0.0 0.323544 0.0 0.0 3.27826e-07 0.562697 3.8743e-07 0.000802964 0.10982 0.264233 0.101593 0.0 0.0 0.0
0.0 0.0 0.0782741 0.00994337 0.0 0.0378707 0.0 0.00131512 5.96046e-08 0.0 0.00121194 0.0 3.69549e-06 0.0 0.829118 4.17233e-06 1.19209e-07 3.30508e-05 0.000441611 2.98023e-07 0.551251 0.0 0.725463 0.249471 0.0 0.0 0.0 0.913874 1.49012e-07 0.0 7.00355e-06 8.9407e-08 0.0 7.7486e-07 0.480086 6.45518e-05 0.11555 2.98023e-08 0.0760351 5.96046e-08 0.0 0.0 0.0 8.35359e-05 0.0 0.0 0.0 0.0 0.69612 0.0 0.0 0.13764 0.0 0.0 0.0 0.0642786 0.000131965 0.984149 0.762874 0.000332385 3.27826e-06 0.0 0.0 3.0309e-05
8.9407e-08 1.49012e-07 0.984067 0.0170712 0.0 0.00104547 0.0 0.000428826 0.0 0.0 0.0239736 0.0 4.17531e-05 0.0 0.417095 9.83477e-05 0.0 0.000437796 0.00732118 2.68221e-05 0.899995 0.0 0.0175888 0.866489 0.0 0.0 0.0 0.862457 8.9407e-07 0.0 1.17719e-05 1.84774e-06 0.0 9.11951e-06 0.00464794 1.07586e-05 0.919483 2.98023e-07 0.977343 1.78814e-07 0.0 0.0 0.0 0.0574307 0.0 0.0 0.0 0.0 0.967389 0.0 0.0 0.981713 0.0 0.0 0.0 0.964792 0.000337124 0.179442 0.869743 0.00370845 4.0561e-05 0.0 0.0 5.06639e-06
6.67572e-06 0.0128816 2.98023e-07 0.000428945 0.0 0.0 0.0 0.0 3.01003e-06 0.0 0.000139654 0.0549211 0.0647402 0.0 6.61612e-06 0.0 8.9407e-08 0.00225276 0.000247478 0.0 5.36442e-07 0.0 0.0 0.0 0.00152272 0.0 5.96046e-08 1.3113e-06 0.010699 1.19209e-07 1.7792e-05 0.0 0.0 0.00314614 9.74536e-06 0.0 0.0 0.0313551 1.10269e-06 0.624405 0.999962 0.0 0.0 9.29832e-06 0.0 0.0 0.0 0.0 1.30832e-05 0.0 0.0 2.38419e-07 0.0 0.0 0.0 1.19209e-06 0.0 2.08616e-07 1.19209e-07 0.00165308 0.00242981 0.0 0.0 0.0
2.38419e-07 0.0156534 0.0926692 0.357498 0.0 1.78814e-07 0.0 0.0 1.78814e-07 0.0 0.977319 0.000284255 0.116039 0.0 0.149454 9.6947e-05 4.17233e-07 0.904802 0.983465 0.0 0.00362578 0.0 9.65595e-06 0.000223696 1.78814e-07 0.0 0.0 0.130192 0.033874 0.0 0.000969291 0.0 0.0 0.42201 0.000169843 0.0 0.000424266 0.0206071 0.321757 0.00201628 1.63913e-06 0.0 0.0 0.852126 0.0 0.0 0.0 0.0 0.650224 0.0 0.0 0.0462919 0.0 0.0 1.19209e-07 0.416452 0.0 0.00383472 0.0126527 0.858326 0.766512 0.0 0.0 0.0
0.0 0.946239 2.08616e-07 0.000200868 0.0 0.0 0.0 0.0 0.0 0.0 0.00181016 0.989738 0.00597307 0.0 1.46031e-06 1.16229e-06 3.8743e-07 0.0649583 0.00566661 0.0 2.98023e-08 0.0 0.0 0.0 0.0517448 0.0 0.0 3.57628e-07 0.408003 0.0 8.2612e-05 0.0 0.0 0.599831 2.98023e-08 0.0 0.0 0.942056 8.9407e-07 0.517582 0.00674623 0.0 0.0 0.000272155 0.0 0.0 0.0 0.0 6.64592e-06 0.0 0.0 1.78814e-07 0.0 0.0 2.98023e-08 1.51992e-06 0.0 2.98023e-08 2.98023e-08 0.0109192 0.331041 0.0 0.0 0.0
3.8743e-07 0.000529915 0.000542045 0.000806302 0.0 1.69873e-06 0.0 1.19209e-07 0.0 0.0 0.00513899 4.93824e-05 2.95937e-05 0.0 0.00493678 0.00606599 0.0 0.00239527 0.00473732 0.0 0.00740761 0.0 1.60038e-05 2.46763e-05 0.0 0.0 0.0 0.00112849 3.80576e-05 0.0 0.995041 0.0 0.0 0.00215158 7.95424e-05 0.0 3.47197e-05 0.000331908 0.000900298 2.18749e-05 1.78814e-07 0.0 0.0 0.000154048 0.0 0.0 0.0 0.0 0.00297666 0.0 0.0 0.000256687 0.0 0.0 1.10269e-06 0.00123331 0.0 0.000837535 0.000107527 0.00088799 0.00559524 0.0 0.0 0.0
0.0 0.0 0.0 0.0 0.0 0.0 0.0 0.0 0.0 0.999812 0.0 0.0 0.0 0.0 0.0 0.0 0.0 0.0 0.0 0.0 9.72748e-05 0.0 0.0 0.0 0.0 0.0 0.0 0.0 0.0 0.0 0.0 9.17017e-05 0.0 0.0 0.0 0.0 0.0 0.0 0.0 0.0 0.0 0.0 0.0 0.0 0.0 0.0 0.0 0.0 0.0 0.0 0.0 0.0 0.0 0.0 3.57628e-07 0.0 1.49012e-07 0.0 0.0 0.0 0.0 0.0 0.0 0.0
0.0 0.0 0.00386855 6.88434e-06 0.0 0.000572532 0.0 0.213752 0.0 0.000168711 2.89083e-06 0.0 0.0 0.0 0.000161469 1.57952e-06 0.0 1.49012e-07 1.10269e-06 0.00223771 0.999553 0.00345281 0.000523686 0.0629341 0.0 0.0 0.0 0.00248611 0.0 0.0 8.9407e-08 0.996564 0.0 0.0 7.03633e-05 0.000452816 0.055353 0.0 0.0015806 0.0 0.0 0.0 0.0 1.72853e-05 0.0 0.0 0.0 0.0 0.00146571 0.0 0.0 0.00659981 0.0 0.0 1.91629e-05 0.000944018 0.697399 0.000399619 0.00497445 7.7486e-07 0.0 0.0 0.0 0.000622571
0.0 1.78814e-07 1.84774e-06 0.0 0.0 0.0 0.0 3.57628e-07 0.0 9.23872e-07 3.8743e-07 5.96046e-08 0.0 0.0 0.0 3.27826e-07 0.0 5.96046e-08 3.27826e-07 0.0 0.00536737 0.0 0.0 2.08616e-07 0.0 0.0 0.0 1.19209e-07 0.0 0.0 2.92063e-06 1.02222e-05 0.0 2.08616e-07 0.0 0.0 6.55651e-07 0.0 1.93715e-06 8.9407e-08 0.0 0.0 0.0 9.38773e-06 0.0 0.0 0.0 0.0 6.25849e-07 0.0 0.0 9.23872e-07 0.0 0.0 0.998642 1.10269e-06 7.45058e-07 0.0 8.9407e-08 0.0 5.96046e-07 0.0 0.0 0.0
0.0 0.0 0.0 0.0 0.0 0.0 0.0 0.0 0.0 0.0 0.0 0.0 0.0 0.0 0.0 0.0 0.0 0.0 0.0 0.0 0.0 0.0 0.0 0.0 0.0 0.0 0.0 0.0 0.0 0.0 0.0 0.0 2.89083e-06 0.0 0.0 0.0 0.0 0.0 0.0 0.0 0.0 0.0 0.999724 0.0 0.0 1.78814e-07 0.0 0.0 0.0 0.0 0.0 0.0 0.0 0.0 0.0 0.0 0.0 0.0 0.0 0.0 0.0 0.0 2.33352e-05 0.0
0.0 0.0 0.0 0.0 0.0 0.0 0.0 0.0 0.0 0.0 0.0 0.0 0.0 0.0 0.0 0.0 0.0 0.0 0.0 0.0 0.0 0.0 0.0 0.0 0.0 0.0 0.0 0.0 0.0 0.0 0.0 0.0 0.0 0.0 0.0 0.0 0.0 0.0 0.0 0.0 0.0 0.0 0.0 0.0 0.0 0.0 0.0 0.0 0.0 0.0 0.0 0.0 0.0 0.0 0.0 0.0 0.0 0.0 0.0 0.0 0.0 0.0 2.68221e-07 0.0
0.0 0.987614 8.49366e-06 0.00342119 0.0 0.0 0.0 0.0 1.19209e-07 0.0 0.0651181 0.905332 0.0291123 0.0 4.67002e-05 6.10948e-06 5.66244e-07 0.616307 0.178764 0.0 1.04308e-06 0.0 0.0 8.9407e-08 0.00144985 0.0 0.0 1.28448e-05 0.709661 0.0 0.00106534 0.0 0.0 0.968376 3.27826e-07 0.0 2.98023e-08 0.982867 3.85046e-05 0.530232 0.000476837 0.0 0.0 0.0118406 0.0 0.0 0.0 0.0 0.000214517 0.0 0.0 4.02331e-06 0.0 0.0 0.0 6.28233e-05 0.0 5.36442e-07 9.23872e-07 0.177311 0.940477 0.0 0.0 0.0
1.07288e-06 0.00027588 0.0519446 0.981312 0.0 1.87755e-06 0.0 2.08616e-07 1.90735e-06 0.0 0.233001 1.00434e-05 0.0951525 0.0 0.855629 4.32134e-06 2.86102e-06 0.349108 0.373755 0.0 0.0192643 0.0 0.000174046 0.00280708 5.96046e-08 0.0 0.0 0.568158 0.00134122 0.0 6.29127e-05 0.0 0.0 0.00647765 0.0893922 0.0 0.00347453 0.000691861 0.13241 0.000735253 6.55651e-07 0.0 0.0 0.0197827 0.0 0.0 0.0 0.0 0.829604 0.0 0.0 0.0890249 0.0 0.0 0.0 0.129041 1.78814e-07 0.122825 0.163927 0.891997 0.0188107 0.0 0.0 0.0
0.0 0.0 0.00362104 8.10623e-06 0.0 0.927536 0.0 0.0135012 0.0 0.0 1.87755e-06 0.0 0.0 0.0 0.00539705 6.55651e-07 0.0 2.98023e-08 5.06639e-07 1.78814e-07 0.46019 0.0 0.983253 0.0885282 0.0 0.0 0.0 0.0700715 0.0 0.0 2.08616e-07 1.49012e-07 0.0 0.0 0.0076524 0.0575572 0.0356238 0.0 0.0018591 0.0 0.0 0.0 0.0 6.25849e-07 0.0 0.0 0.0 0.0 0.0133693 0.0 0.0 0.00748724 0.0 0.0 0.0 0.00148109 0.000142604 0.518715 0.0419441 2.38419e-07 0.0 0.0 0.0 0.0232605
8.9407e-08 1.19209e-07 0.946501 0.00770965 0.0 0.0351223 0.0 0.00865373 2.98023e-08 0.0 0.00180057 0.0 4.08292e-06 0.0 0.690243 4.84586e-05 0.0 3.6031e-05 0.000540733 8.36551e-05 0.979669 0.0 0.365322 0.989367 0.0 0.0 0.0 0.939907 5.96046e-08 0.0 7.62939e-06 1.10269e-06 0.0 8.64267e-07 0.0572968 0.000168622 0.988456 2.98023e-08 0.859578 0.0 0.0 0.0 0.0 0.0030292 0.0 0.0 0.0 0.0 0.959147 0.0 0.0 0.966087 0.0 0.0 0.0 0.786176 0.0051606 0.803459 0.961901 0.000370234 3.8445e-06 0.0 0.0 6.89626e-05
2.98023e-08 0.828881 0.000960916 0.0524508 0.0 0.0 0.0 0.0 8.9407e-08 0.0 0.83808 0.0953952 0.0846939 0.0 0.00353163 6.43134e-05 4.47035e-07 0.929176 0.9159 0.0 7.4476e-05 0.0 1.78814e-07 2.35438e-06 1.27852e-05 0.0 0.0 0.00154886 0.447553 0.0 0.00273183 0.0 0.0 0.978672 6.91414e-06 0.0 4.41074e-06 0.832613 0.00441095 0.0680052 3.52561e-05 0.0 0.0 0.394981 0.0 0.0 0.0 0.0 0.0230421 0.0 0.0 0.000476539 0.0 0.0 1.49012e-07 0.0069342 0.0 5.80549e-05 0.000123262 0.712141 0.984147 0.0 0.0 0.0
1.78814e-07 3.45707e-06 0.976647 0.0381345 0.0 0.000268698 0.0 2.23517e-05 8.9407e-08 0.0 0.32868 1.49012e-07 0.00030151 0.0 0.510629 0.00023368 8.9407e-08 0.00776029 0.126895 2.92063e-06 0.606246 0.0 0.00969106 0.370386 0.0 0.0 0.0 0.89695 1.88649e-05 0.0 0.000191718 6.25849e-07 0.0 0.000180155 0.00442812 7.45058e-07 0.520217 5.48363e-06 0.981337 2.02656e-06 0.0 0.0 0.0 0.142472 0.0 0.0 0.0 0.0 0.981707 0.0 0.0 0.95749 0.0 0.0 8.9407e-08 0.983852 1.85668e-05 0.180137 0.644685 0.0247553 0.000867993 0.0 0.0 2.68221e-07
0.0 0.00346208 0.0 7.15256e-07 0.0 0.0 0.0 0.0 5.96046e-08 0.0 3.27826e-07 0.0121552 0.000760227 0.0 0.0 0.0 8.9407e-08 2.29776e-05 1.19209e-06 0.0 0.0 0.0 0.0 0.0 0.99195 0.0 0.0 0.0 0.00450206 0.0 5.96046e-08 0.0 0.0 0.000127554 0.0 0.0 0.0 0.00208476 0.0 9.80198e-05 0.000613481 0.0 0.0 8.9407e-08 0.0 0.0 0.0 0.0 0.0 0.0 0.0 0.0 0.0 0.0 0.0 0.0 0.0 0.0 0.0 1.01626e-05 2.97427e-05 0.0 0.0 0.0
2.98023e-08 2.36034e-05 3.25739e-05 0.0025225 0.0 3.48687e-06 0.0 8.9407e-08 1.51694e-05 0.0 0.000157058 6.3777e-06 0.000136793 0.0 0.0006271 4.17233e-07 0.999776 0.000395566 0.000165999 0.0 3.98755e-05 0.0 2.39611e-05 8.10623e-06 1.19209e-07 0.0 0.0 0.000355124 0.000943184 0.0 4.05312e-06 9.53674e-07 0.0 7.50124e-05 0.00527111 5.96046e-08 9.17912e-06 4.09186e-05 7.34329e-05 0.000514925 7.15256e-07 0.0 0.0 1.37389e-05 0.0 0.0 0.0 0.0 0.000995427 0.0 0.0 3.76105e-05 0.0 0.0 0.0 6.57141e-05 0.0 0.000175983 4.17829e-05 0.00122687 9.59337e-05 0.0 0.0 5.96046e-08
0.0 0.0 0.000127971 1.19209e-07 0.0 0.983879 0.0 0.0120926 0.0 0.0 2.98023e-08 0.0 0.0 0.0 5.52833e-05 7.15256e-07 0.0 0.0 0.0 6.25849e-07 0.499012 0.0 0.87671 0.0108769 0.0 0.0 0.0 0.000822604 0.0 0.0 0.0 8.9407e-08 0.0 0.0 8.34465e-05 0.705141 0.00381693 0.0 4.78029e-05 0.0 0.0 0.0 0.0 0.0 0.0 0.0 0.0 0.0 0.000157326 0.0 0.0 0.000244766 0.0 0.0 0.0 3.31104e-05 0.00013423 0.0102749 0.00100943 0.0 0.0 0.0 0.0 0.298258
0.0 0.0 0.0 0.0 0.0 0.0 0.0 0.0 0.0 0.0 0.0 0.0 0.0 0.0 0.0 0.0 0.0 0.0 0.0 0.0 0.0 0.0 0.0 0.0 0.0 0.0 0.0 0.0 0.0 0.0 0.0 0.0 0.976621 0.0 0.0 0.0 0.0 0.0 0.0 0.0 0.0 0.0 8.64267e-07 0.0 0.0 0.00236955 0.0 0.0 0.0 0.0 0.0 0.0 0.0 0.0 0.0 0.0 0.0 0.0 0.0 0.0 0.0 0.0 0.0153589 0.0
0.0 0.427427 4.88758e-06 0.0103957 0.0 0.0 0.0 0.0 1.49012e-07 0.0 0.00760505 0.379939 0.020537 0.0 0.000110209 8.9407e-08 1.37091e-06 0.12455 0.0162129 0.0 1.04308e-06 0.0 0.0 2.98023e-08 2.78652e-05 0.0 1.49012e-07 2.25008e-05 0.126776 0.0 3.83258e-05 0.0 0.0 0.28371 3.15905e-06 0.0 1.49012e-07 0.569911 2.52426e-05 0.997596 0.069722 0.0 0.0 0.000812382 0.0 0.0 0.0 0.0 0.00032571 0.0 0.0 5.36442e-06 0.0 0.0 0.0 2.6226e-05 0.0 1.49012e-06 2.5034e-06 0.163417 0.18315 0.0 0.0 0.0
0.0 0.0 3.33786e-06 0.0 0.0 3.27826e-07 0.0 0.000162244 0.0 0.0 0.0 0.0 0.0 0.0 1.49012e-07 0.0 0.0 0.0 0.0 0.990748 0.818665 2.15471e-05 5.96046e-08 6.70254e-05 0.0 0.0 0.0 6.25849e-07 0.0 0.0 0.0 6.4373e-06 0.0 0.0 0.0 4.17233e-07 9.90927e-05 0.0 6.25849e-07 0.0 0.0 0.0 0.0 0.0 0.0 0.0 0.0 0.0 6.25849e-07 0.0 0.0 3.39746e-06 0.0 0.0 0.0 3.8743e-07 0.468639 1.78814e-07 1.57952e-06 0.0 0.0 0.0 0.0 7.15256e-07
0.0 0.0 0.0 0.0 0.0 0.0 0.0 0.0 0.0 0.0 0.0 0.0 0.0 0.0 0.0 0.0 0.0 0.0 0.0 0.0 0.0 0.0 0.0 0.0 0.0 0.0 0.0 0.0 0.0 0.0 0.0 0.0 0.00135401 0.0 0.0 0.0 0.0 0.0 0.0 0.0 0.0 0.0 0.0 0.0 0.0 0.0088802 0.0 0.0 0.0 0.0 0.0 0.0 0.0 0.0 0.0 0.0 0.0 0.0 0.0 0.0 0.0 0.0 0.00171864 0.0
5.96046e-08 2.68221e-07 0.655724 0.181033 0.0 0.00304753 0.0 0.000213832 1.78814e-07 0.0 0.0256453 0.0 7.72774e-05 0.0 0.967985 7.48038e-06 1.19209e-07 0.000650495 0.00944519 2.26498e-06 0.613055 0.0 0.169716 0.601284 0.0 0.0 0.0 0.98622 1.46031e-06 0.0 2.17855e-05 1.78814e-07 0.0 1.54674e-05 0.345588 5.24521e-06 0.536416 4.47035e-07 0.728182 4.47035e-07 0.0 0.0 0.0 0.00158364 0.0 0.0 0.0 0.0 0.988244 0.0 0.0 0.798261 0.0 0.0 0.0 0.671481 0.000105768 0.958869 0.916861 0.00873461 7.01547e-05 0.0 0.0 2.32458e-06
0.0 0.0 3.8743e-07 0.0 0.0 0.665237 0.0 0.00331125 0.0 2.98023e-08 0.0 0.0 0.0 0.0 1.19209e-07 8.9407e-08 0.0 0.0 0.0 2.08616e-07 0.297813 0.0 0.00836167 0.000174344 0.0 0.0 0.0 6.25849e-07 0.0 0.0 0.0 1.3411e-06 0.0 0.0 5.96046e-08 0.982471 7.90656e-05 0.0 1.49012e-07 0.0 0.0 0.0 0.0 0.0 0.0 0.0 0.0 0.0 8.9407e-08 0.0 0.0 6.55651e-07 0.0 0.0 0.0 2.98023e-08 6.10948e-05 7.21216e-06 3.51667e-06 0.0 0.0 0.0 0.0 0.875987
1.2815e-06 0.00896478 0.0551221 0.939106 0.0 5.96046e-08 0.0 0.0 1.51992e-06 0.0 0.822473 0.000239074 0.514958 0.0 0.46832 1.08778e-05 3.01003e-06 0.914673 0.920987 0.0 0.00537905 0.0 1.19209e-05 0.000306457 3.27826e-07 0.0 0.0 0.21837 0.019503 0.0 0.000223517 0.0 0.0 0.185271 0.00330806 0.0 0.000565618 0.0188156 0.183211 0.00793347 3.96371e-06 0.0 0.0 0.312628 0.0 0.0 0.0 0.0 0.698306 0.0 0.0 0.0456131 0.0 0.0 0.0 0.229023 0.0 0.00932452 0.0192421 0.985158 0.405066 0.0 0.0 0.0
0.0 0.0 0.0 0.0 0.0 0.0 0.0 0.0 0.0 0.0 0.0 0.0 0.0 0.0 0.0 0.0 0.0 0.0 0.0 0.0 0.0 0.0 0.0 0.0 0.0 0.986515 0.0 0.0 0.0 0.0 0.0 0.0 0.0 0.0 0.0 0.0 0.0 0.0 0.0 0.0 0.0 0.0 0.0 0.0 0.0 0.0 0.0 0.000166893 0.0 0.0 0.0 0.0 0.0 5.96046e-08 0.0 0.0 0.0 0.0 0.0 0.0 0.0 0.0 0.0 0.0
1.48416e-05 0.0 0.0 0.0 0.0 0.0 0.0 0.0 0.868831 0.0 0.0 0.0 1.19209e-07 1.78814e-06 0.0 0.0 0.0 0.0 0.0 0.0 0.0 0.0 0.0 0.0 1.2517e-06 0.0 0.0 0.0 2.98023e-08 0.000192553 0.0 0.0 0.0 0.0 0.0 0.0 0.0 0.0 0.0 0.0 1.19209e-07 0.0 0.0 0.0 0.0 0.0 0.0 0.0 0.0 0.0 0.0 0.0 5.06639e-07 0.0 0.0 0.0 0.0 0.0 0.0 0.0 0.0 0.0 0.0 0.0
0.0 0.0 0.710046 0.000388861 0.0 0.0295526 0.0 0.0705508 0.0 0.0 7.59959e-05 0.0 2.08616e-07 0.0 0.103417 9.47714e-06 0.0 1.60933e-06 2.29776e-05 0.000448465 0.989488 0.0 0.121424 0.982875 0.0 0.0 0.0 0.535695 0.0 0.0 6.85453e-07 4.94719e-06 0.0 2.98023e-08 0.00661606 0.00107497 0.984776 0.0 0.357682 0.0 0.0 0.0 0.0 0.000419408 0.0 0.0 0.0 0.0 0.586219 0.0 0.0 0.836104 0.0 0.0 0.0 0.208819 0.0382565 0.288603 0.747323 1.71363e-05 1.19209e-07 0.0 0.0 0.000836045
0.0 0.0 0.0 0.0 0.0 0.0 0.0 0.0 0.0 0.0 0.0 0.0 0.0 0.0 0.0 0.0 0.0 0.0 0.0 0.0 0.0 0.0 0.0 0.0 0.0 0.0 0.0 0.0 0.0 0.0 0.0 0.0 0.0 0.0 0.0 0.0 0.0 0.0 0.0 0.0 0.0 0.0 0.0 0.0 0.0 0.0 0.0 0.0 0.0 0.0 0.0 0.0 0.0 0.0 0.0 0.0 0.0 0.0 0.0 0.0 0.0 0.999989 0.0 0.0
8.9407e-08 2.38419e-07 0.0340672 0.000656754 0.0 0.00479481 0.0 0.46475 3.57628e-07 0.00116342 0.000299573 0.0 6.07967e-06 0.0 0.00424275 8.34465e-07 1.78814e-07 4.58658e-05 0.000150323 4.87864e-05 0.999912 0.00521505 0.0201795 0.13202 0.0 0.0 0.0 0.0247773 1.3411e-06 0.0 8.9407e-08 0.98691 0.0 3.18885e-06 0.00143707 0.00266337 0.101586 2.68221e-07 0.0164334 1.49012e-07 0.0 0.0 0.0 0.00374958 0.0 0.0 0.0 0.0 0.0235214 0.0 0.0 0.0405475 0.0 0.0 7.16448e-05 0.0107169 0.462069 0.0111293 0.142831 0.000178546 6.67572e-06 0.0 0.0 0.00181347
0.0 0.0 0.0 0.0 0.0 0.0 0.0 0.0 8.9407e-08 0.0 0.0 5.96046e-08 0.0 0.0 0.0 0.0 0.0 0.0 0.0 0.0 0.0 0.0 0.0 0.0 1.60933e-06 0.0 0.0 0.0 0.0 0.97823 0.0 0.0 0.0 0.0 0.0 0.0 0.0 0.0 0.0 0.0 5.06639e-07 0.0 0.0 0.0 0.0 0.0 0.0 0.0 0.0 0.0 0.0 0.0 0.0 0.0 0.0 0.0 0.0 0.0 0.0 0.0 0.0 0.0 0.0 0.0
2.98023e-08 5.96046e-08 0.964771 0.018194 0.0 0.00263923 0.0 0.000874132 8.9407e-08 0.0 0.00940871 0.0 1.74642e-05 0.0 0.496885 4.81904e-05 2.98023e-08 0.000164181 0.00265151 3.22461e-05 0.91098 0.0 0.0444434 0.920194 0.0 0.0 0.0 0.912845 3.27826e-07 0.0 6.85453e-06 1.43051e-06 0.0 3.57628e-06 0.0123219 2.21133e-05 0.939005 5.96046e-08 0.957477 1.49012e-07 0.0 0.0 0.0 0.017891 0.0 0.0 0.0 0.0 0.972289 0.0 0.0 0.981217 0.0 0.0 8.9407e-08 0.939245 0.00066179 0.362628 0.918993 0.00196847 1.63019e-05 0.0 0.0 9.92417e-06
0.000243366 0.0 0.0 1.96695e-06 0.0 0.0 0.0 0.0 0.214223 0.0 0.0 0.0 5.03063e-05 0.0 1.19209e-07 0.0 0.0 2.38419e-07 5.96046e-08 0.0 0.0 0.0 0.0 0.0 1.78814e-07 0.0 0.0 0.0 5.66244e-07 0.0 0.0 0.0 0.0 0.0 5.96046e-08 0.0 0.0 8.9407e-08 0.0 1.19209e-07 5.96046e-08 0.0 0.0 0.0 0.0 0.0 0.0 0.0 8.9407e-08 0.0 0.0 0.0 0.0 0.0 0.0 0.0 0.0 0.0 0.0 2.32458e-06 5.96046e-08 0.0 0.0 0.0
5.66244e-07 1.37091e-06 0.377279 0.578612 0.0 0.000538349 0.0 4.48525e-05 1.49012e-07 0.0 0.0341176 8.9407e-08 0.000576138 0.0 0.982512 1.36793e-05 4.47035e-07 0.00432581 0.0206717 8.34465e-07 0.4202 0.0 0.039962 0.199621 0.0 0.0 0.0 0.962856 8.25524e-06 0.0 0.000137419 2.98023e-08 0.0 6.9797e-05 0.423418 9.83477e-07 0.196562 3.24845e-06 0.453811 2.5928e-06 0.0 0.0 0.0 0.00132334 0.0 0.0 0.0 0.0 0.968151 0.0 0.0 0.519409 0.0 0.0 0.0 0.387219 2.40505e-05 0.914506 0.769274 0.0546146 0.00025177 0.0 0.0 4.17233e-07
0.0 0.0 5.36442e-07 0.0 0.0 3.8445e-06 0.0 0.0429763 0.0 4.42863e-05 0.0 0.0 0.0 0.0 2.98023e-07 0.0 0.0 0.0 0.0 0.00455159 0.965427 0.058099 4.05312e-06 0.000222206 0.0 0.0 0.0 1.2815e-06 0.0 0.0 0.0 0.00230667 0.0 0.0 4.47035e-07 1.43051e-06 0.000136644 0.0 1.19209e-07 0.0 0.0 0.0 0.0 0.0 0.0 0.0 0.0 0.0 2.38419e-07 0.0 0.0 1.01328e-06 0.0 0.0 2.98023e-08 8.9407e-08 0.99057 3.63588e-06 5.78165e-06 0.0 0.0 0.0 0.0 5.24521e-06
1.19209e-07 0.61165 4.22001e-05 0.0435271 0.0 0.0 0.0 0.0 7.15256e-07 0.0 0.14814 0.179075 0.107638 0.0 0.000260144 7.15256e-07 6.38068e-05 0.775924 0.275745 0.0 5.84126e-06 0.0 0.0 1.78814e-07 0.00217345 0.0 0.0 7.61747e-05 0.988417 0.0 5.99921e-05 0.0 0.0 0.759972 5.31673e-05 0.0 2.08616e-07 0.787485 0.000179946 0.252972 0.00059697 0.0 0.0 0.0234872 0.0 0.0 0.0 0.0 0.00112626 0.0 0.0 2.06232e-05 0.0 0.0 0.0 0.000317633 0.0 2.86102e-06 4.73857e-06 0.449436 0.715327 0.0 0.0 0.0
1.19209e-07 0.00467011 0.322684 0.337084 0.0 7.7486e-07 0.0 5.96046e-08 1.19209e-07 0.0 0.983437 7.91848e-05 0.0462835 0.0 0.287359 0.000146151 2.08616e-07 0.798721 0.968433 0.0 0.0140587 0.0 5.1856e-05 0.00125292 8.9407e-08 0.0 0.0 0.352953 0.012254 0.0 0.000929296 8.9407e-08 0.0 0.193515 0.000423938 0.0 0.00227931 0.00647399 0.682165 0.00108668 9.23872e-07 0.0 0.0 0.82001 0.0 0.0 0.0 0.0 0.869779 0.0 0.0 0.208203 0.0 0.0 5.96046e-08 0.758648 2.98023e-08 0.0135191 0.057617 0.751543 0.53762 0.0 0.0 0.0
0.0 0.0 0.0 0.0 0.0 0.0 0.999423 0.0 0.0 0.0 0.0 0.0 0.0 0.0 0.0 0.0 0.0 0.0 0.0 0.0 0.0 0.0 0.0 0.0 0.0 0.0 0.0 0.0 0.0 0.0 0.0 0.0 0.0 0.0 0.0 0.0 0.0 0.0 0.0 0.0 0.0 0.0 0.0 0.0 0.0 0.0 0.0 0.0 0.0 0.0 0.0 0.0 0.0 0.0 0.0 0.0 0.0 0.0 0.0 0.0 0.0 0.0 0.0 0.0
0.0 0.0 0.0 0.0 0.0 0.0 0.0 0.0 0.0 0.0 0.0 0.0 0.0 0.0 0.0 0.0 0.0 0.0 0.0 0.0 0.0 0.0 0.0 0.0 0.0 0.0 0.0 0.0 0.0 0.0 0.0 0.0 0.00133622 0.0 0.0 0.0 0.0 0.0 0.0 0.0 0.0 0.0 0.0 0.0 0.0 7.42972e-05 0.0 0.0 0.0 0.0 0.0 0.0 0.0 0.0 0.0 0.0 0.0 0.0 0.0 0.0 0.0 0.0 0.021188 0.0
0.0 0.0 1.4782e-05 0.0 0.0 0.0141774 0.0 0.984263 0.0 5.96046e-07 0.0 0.0 0.0 0.0 2.44379e-06 5.96046e-08 0.0 0.0 0.0 0.000122726 0.984602 0.0 0.006208 0.0096356 0.0 0.0 0.0 3.09646e-05 0.0 0.0 0.0 4.88758e-05 0.0 0.0 1.0103e-05 0.00763851 0.00525326 0.0 2.71201e-06 0.0 0.0 0.0 0.0 0.0 0.0 0.0 0.0 0.0 4.88758e-06 0.0 0.0 2.51234e-05 0.0 0.0 5.96046e-08 1.3113e-06 0.80514 0.00030145 0.000164866 0.0 0.0 0.0 0.0 0.0638265
4 41 46 44 48 21 49 63 47 5 27 19 59 43 25 7 35 34 30 17 28 39 18 23 22 3 54 53 9 24 33 2 57 12 29 20 52 40 1 38 14 0 31 50 61 16 37 55 58 13 42 8 6 26 60 51 56 45 32 62 15 11 10 36
