8
0.0 0.0 0.999101 0.0 0.0 0.0 0.0 0.0 0.0 0.0 0.0 0.0 0.0 0.0 0.0 0.0 0.0 0.0 0.0 0.0 0.0 0.0 0.0 0.0 0.0 0.0 0.0 0.0 0.0 6.07967e-06 0.0 0.0 0.0 0.0 0.0 0.0 0.0 0.0 0.0 0.0 0.0 0.0 0.0 0.0 0.0 0.0 0.0 0.0 0.0 0.0 0.0 0.0 0.0 0.0 0.0 0.0 0.0 0.0 0.0 0.0 0.0 0.0 0.0 0.0
0.0 0.0 0.0 0.0 3.24845e-06 0.0 0.0 0.0 0.0 1.64807e-05 0.0 0.0 0.0 0.0 0.0 0.0 0.0 0.953361 1.78814e-07 0.0 0.0 0.0 0.0 0.0 0.0 0.0 0.0 0.000685036 0.0 0.0 0.0 1.19209e-06 2.11298e-05 3.9041e-06 0.0 0.0 0.0 0.0 0.0 0.0 0.0 1.66893e-06 0.0 0.000108361 5.04255e-05 0.0 0.0 0.0205081 0.0 0.0 0.000397503 0.000123948 0.0 0.0 0.0 1.10269e-06 0.0 0.0 2.98023e-08 2.68221e-07 3.18885e-06 0.0 0.0 0.0182835
0.0 0.0 0.0 0.0 0.0 0.0 0.0 0.0 0.0 0.0 0.0 0.0 0.0 0.0 0.0 0.0 0.0 0.0 0.0 0.0 0.0 0.0 0.0 0.0 0.0 0.0 0.0 0.0 0.0 0.0 0.0 0.0 0.0 0.0 0.0 0.0 0.0 0.0 0.0 0.0 0.0 0.0 0.0 0.0 0.0 0.0 0.0 0.0 0.0 0.0 0.0 0.0 0.0 0.0 0.0 0.0 0.0 0.0 0.0 0.0 0.0 0.0 0.0 0.0
0.266866 0.0 2.68221e-07 0.0 0.0 0.00064829 0.0 0.0 0.0 0.0 0.0 0.71103 0.0 0.0 0.817519 0.0 0.0 0.0 0.0 0.0 0.974688 0.0 0.0 0.0 0.0 0.000326246 0.0 0.0 0.0 0.0018228 0.0 0.000819892 0.0 0.0 0.0 0.0115088 0.596445 0.0 0.0 0.0 0.0 0.0 0.0 0.0 9.83477e-07 0.0 0.0 0.0 0.0416218 0.0 0.0 2.41399e-06 0.0 0.0 0.0 5.48363e-06 0.0 0.0 0.0 9.23872e-07 8.9407e-08 1.85966e-05 0.00253189 0.0
0.0 0.0 0.0 0.0 0.0 0.0 0.0 0.0 0.0 0.0 0.0 0.0 0.0 0.0 0.0 0.0 0.0 0.0 0.0 0.0 0.0 0.0 0.0 0.0 0.0 0.0 1.49012e-07 0.154181 0.0 0.0 0.0 0.0 0.0 0.00271058 0.0 0.0 0.0 0.0 0.0 0.0 0.0 2.38419e-07 0.0 0.999707 0.0 0.0 0.0 0.00019756 0.0 0.0 2.08616e-07 0.0 0.0 0.0 0.0 0.0 0.0 0.0 0.0161197 0.0 0.0 0.0 0.0 0.0
0.0 0.0 0.0 0.0 0.0 0.0 0.0 0.0 0.0 0.0 0.0 0.0 0.0 0.0 0.0 0.0 0.0 0.0 0.0 0.0 0.0 0.0 0.0 0.0 0.0 0.0 0.0 0.0 0.0 0.0 0.0 0.0 0.0 0.0 0.0 0.0 0.0 0.0 0.0 0.0 0.0 0.0 0.0 0.0 0.0 0.0 0.0 0.0 0.0 0.0 0.0 0.0 0.0 0.0 0.0 0.0 0.0 0.0 0.0 0.0 0.0 0.0 0.0 0.0
0.00026682 0.0 0.0 0.0 0.00750396 0.00361913 0.0958425 0.0 0.0 0.0 0.0 5.06639e-07 0.0 0.0 4.27663e-05 0.0 0.0 2.17557e-06 1.19209e-07 9.50396e-05 1.40071e-06 1.37091e-06 0.0 0.0 0.0 0.00476322 0.0 0.0 0.0 0.0 0.0 2.02656e-06 1.65403e-05 0.0 0.0 8.9407e-08 2.32458e-06 0.0 0.0 0.0 6.88136e-05 0.0 0.0 0.0 0.000212818 0.0 0.0 0.0 0.0 0.0 1.19209e-07 0.00570092 0.0 0.0 0.0 2.68221e-07 0.0 0.0 0.0 0.983989 0.000158012 0.618389 0.000764996 1.19209e-07
0.187561 0.0 2.98023e-08 0.0 0.0 0.0023264 0.0 0.0 0.0 0.0 0.0 0.981311 0.0 0.0 0.770358 0.0 0.0 0.0 0.0 0.0 0.909946 0.0 0.0 0.0 0.0 3.24845e-05 0.0 0.0 0.0 0.00016737 0.0 0.0003452 0.0 0.0 0.0 0.0278816 0.743148 0.0 0.0 0.0 1.19209e-07 0.0 0.0 0.0 3.21865e-06 0.0 0.0 0.0 0.133855 0.0 0.0 1.43051e-06 0.0 0.0 0.0 4.08292e-06 0.0 0.0 0.0 1.2219e-06 8.9407e-08 8.03173e-05 0.0040819 0.0
0.000112832 0.0 0.0 0.0 5.06639e-07 0.000201404 3.66569e-05 0.0 0.0 0.0 0.0 3.57628e-07 0.0 0.0 1.95801e-05 0.0 0.0 5.96046e-08 0.0 0.0 2.95043e-06 0.0 0.0 0.0 0.0 0.944814 0.0 0.0 0.0 0.0 0.0 5.66244e-06 1.19209e-07 0.0 0.0 0.0 6.85453e-07 0.0 0.0 0.0 0.0 0.0 0.0 0.0 1.52886e-05 0.0 0.0 0.0 0.0 0.0 0.0 2.70903e-05 0.0 0.0 0.0 1.19209e-07 0.0 0.0 0.0 0.000504673 5.1856e-06 5.56409e-05 8.64267e-07 0.0
0.0 0.0 0.0 0.44841 0.0 0.0 0.0 0.0 0.0 0.0 0.896375 0.0 0.0 5.26309e-05 0.0 0.0766798 0.747894 0.0 0.0 0.0 0.0 0.0 0.0 0.0 0.0 0.0 0.0 0.0 0.0 0.0 0.0 0.0 0.0 0.0 0.0 0.0 0.0 0.398302 0.0 0.0 0.0 0.0 0.0 0.0 0.0 0.0 0.0 0.0 0.0 0.0 0.0 0.0 0.0 0.0 0.77814 0.0 0.0 0.0 0.0 0.0 0.0 0.0 0.0 0.0
0.0 0.0 0.0 2.98023e-08 0.0 0.0 0.0 0.0 0.0 0.0 7.7486e-07 0.0 0.0 0.937735 0.0 0.0 5.96046e-08 0.0 0.0 0.0 0.0 0.0 0.0 0.0 0.0 0.0 0.0 0.0 0.0 0.0 0.0 0.0 0.0 0.0 0.0 0.0 0.0 2.40505e-05 0.0 0.0 0.0 0.0 0.0 0.0 0.0 0.0 0.0 0.0 0.0 0.0 0.0 0.0 0.0 0.0 0.0 0.0 0.0 0.0 0.0 0.0 0.0 0.0 0.0 0.0
0.0 0.0 0.0 0.0 2.98023e-08 0.0 0.0 0.0 0.0 0.0 0.0 0.0 0.0 0.0 0.0 0.0 0.0 0.0 0.0 0.995338 0.0 1.2219e-06 0.0 0.0 8.9407e-08 0.0 0.0 0.0 0.0 0.0 0.0 0.0 0.0 0.0 0.0 0.0 0.0 0.0 0.0 0.0 3.17693e-05 0.0 0.0 0.0 0.0 0.0 0.0 0.0 0.0 0.0 0.0 0.0 0.0 0.0 0.0 0.0 0.0 0.0 0.0 0.0 0.0 0.0 0.0 0.0
0.0 0.0 0.0 0.0 0.0 0.0 0.0 0.0 0.0 0.0 0.0 0.0 0.0 0.0 0.0 0.0 0.0 0.0 0.0 0.0 0.0 0.0 0.0 0.994573 0.0 0.0 0.0 0.0 0.0 0.0 0.0 0.0 0.0 0.0 0.0 0.0 0.0 0.0 0.0 0.0 0.0 0.0 0.0 0.0 0.0 0.0 0.0 0.0 0.0 0.0 0.0 0.0 0.0 0.0 0.0 0.0 0.0 0.0 0.0 0.0 0.0 0.0 0.0 0.0
0.0 0.0 0.0 0.0 0.0 0.0 0.0 0.0 0.0 0.0 0.0 0.0 0.0 0.0 0.0 0.0 0.0 0.0 0.0 0.0 0.0 0.0 0.0 0.0 0.0 0.0 0.0 0.0 0.0 0.0 0.0 0.0 0.0 0.0 0.0 0.0 0.0 0.0 0.0 0.999613 0.0 0.0 0.0 0.0 0.0 0.0 0.0 0.0 0.0 0.0 0.0 0.0 0.0 0.0 0.0 0.0 0.0 0.0 0.0 0.0 0.0 0.0 0.0 0.0
0.0 0.0 0.0 0.0 0.0 0.0 0.0 0.0 0.0 0.0 0.0 0.0 0.0 0.0 0.0 0.0 0.0 0.0 0.0 0.0 0.0 0.0 0.0 0.0 0.0 0.0 0.0 0.0 0.0 0.0 0.0 0.0 0.0 0.0 0.0 0.0 0.0 0.0 0.0 0.0 0.0 0.0 0.000183046 0.0 0.0 0.0 0.0 0.0 0.0 0.0 0.0 0.0 0.0 0.0 0.0 0.0 0.999714 0.0 0.0 0.0 0.0 0.0 0.0 0.0
0.0 0.0 0.0 0.0 0.0 0.0 0.0 0.0 0.0 0.0 0.0 0.0 0.0 0.0 0.0 0.0 0.0 0.0 0.0 0.0 0.0 0.0 0.0 0.0 0.0 0.0 0.0 0.0 0.0 0.0 0.0 0.0 0.0 0.0 1.0 0.0 0.0 0.0 0.0 0.0 0.0 0.0 0.0 0.0 0.0 0.0 0.0 0.0 0.0 2.08616e-07 0.0 0.0 0.399995 0.0 0.0 0.0 0.0 0.0 0.0 0.0 0.0 0.0 0.0 0.0
0.0 0.0 0.0 0.0 0.0579717 0.0 5.33462e-06 0.0 0.0 0.0 0.0 0.0 0.0 0.0 0.0 0.0 0.0 0.00111809 0.0 0.0 0.0 3.93391e-06 0.0 0.0 3.61502e-05 0.0 0.0 0.00115076 0.0 0.0 0.0 0.0 0.928641 0.244313 0.0 0.0 0.0 0.0 0.0 0.0 2.68221e-07 4.17233e-07 0.0 5.93066e-06 8.04663e-07 0.0 3.21865e-06 1.58548e-05 0.0 0.0 6.10948e-06 5.78165e-06 0.0 0.0 0.0 1.78814e-07 0.0 0.0 0.0 1.13249e-06 1.19209e-07 0.0 0.0 0.0570021
0.0 0.0 0.0 0.0 0.0 0.0 0.0 0.0 0.0 0.0118584 0.0 0.0 0.0 0.0 0.0 0.0 0.0 3.06964e-06 0.0 0.0 0.0 0.0 0.0 0.0 0.0 0.0 0.0 3.63588e-06 0.0 0.0 0.0 0.0 0.0 1.49012e-07 0.0 0.0 0.0 0.0 0.0 0.0 0.0 0.950366 0.0 0.00419018 8.9407e-07 0.0 0.0 0.33608 0.0 0.0 0.000212133 5.66244e-07 0.0 0.0 0.0 2.08616e-07 0.0 0.0 0.00100529 0.0 0.0 0.0 0.0 5.93066e-06
0.0 0.0 0.0 0.0 0.0 0.0 0.0 0.0 0.0 0.994859 0.0 0.0 0.0 0.0 0.0 0.0 0.0 1.46031e-06 0.0 0.0 0.0 0.0 0.0 0.0 0.0 0.0 0.0 5.84126e-06 0.0 0.0 0.0 0.0 0.0 0.0 0.0 0.0 0.0 0.0 0.0 0.0 0.0 0.00047636 0.0 0.00775635 2.98023e-08 0.0 0.0 0.138724 0.0 0.0 0.0012846 0.0 0.0 0.0 0.0 0.0 0.0 0.0 2.68221e-07 0.0 0.0 0.0 0.0 1.19209e-07
0.0 0.0 0.0 0.0 8.13603e-06 0.0 0.0 0.0 0.0 0.0 0.0 0.0 0.0 0.0 0.0 0.0 0.0 9.65595e-06 0.0 0.0 0.0 0.0 0.0 0.0 2.98023e-08 0.0 0.0 0.0163313 0.0 0.0 0.0 0.0 0.00131002 0.997635 0.0 0.0 0.0 0.0 0.0 0.0 0.0 2.20537e-06 0.0 0.169266 0.0 0.0 7.12276e-06 3.03686e-05 0.0 0.0 2.08616e-07 0.0 0.0 0.0 0.0 0.0 0.0 0.0 2.05636e-06 0.0 0.0 0.0 0.0 0.000593632
0.0 0.0 0.0 0.0 0.00175232 0.0 0.983503 0.0 0.0 0.0 0.0 0.0 0.0 0.0 0.0 0.0 0.0 0.0 0.0 2.98023e-08 0.0 5.96046e-08 0.0 0.0 0.0 9.44734e-05 0.0 0.0 0.0 0.0 0.0 0.0 0.000164986 0.0 0.0 0.0 0.0 0.0 0.0 0.0 0.0 0.0 0.0 0.0 0.0 0.0 0.0 0.0 0.0 0.0 0.0 0.0 0.0 0.0 0.0 0.0 0.0 0.0 0.0 0.0138021 0.0 3.13222e-05 2.38419e-07 0.0
0.0639465 0.0 1.78814e-07 0.0 7.15256e-07 0.162205 0.0 0.0 0.0 2.563e-06 0.0 2.50638e-05 0.0 0.0 0.000166655 0.0 0.0 0.00705445 0.0 0.0 1.60635e-05 0.0 0.0 0.0 0.0 0.000120014 0.0 0.0 0.0 6.4075e-06 0.0 0.927153 1.19209e-07 0.0 0.0 0.0 1.57952e-06 0.0 0.0 0.0 1.46031e-06 9.53674e-07 0.0 0.0 0.242788 0.0 0.0 3.57628e-07 0.0 0.0 1.66893e-06 0.065731 0.0 0.0 0.0 0.177322 0.0 0.0 0.0 2.67327e-05 0.000141442 0.00353754 4.76837e-07 6.31809e-06
0.0 2.08616e-06 0.0 0.0 0.0 0.0 0.0 0.000156045 5.36442e-07 0.0 0.0 0.0 0.0 0.0 0.0 0.0 0.0 0.0 0.0 0.0 0.0 0.0 2.35438e-06 0.0 0.0 0.0 0.0 0.0 0.0 0.0 0.0 0.0 0.0 0.0 0.0 0.0 0.0 0.0 3.8147e-06 0.0 0.0 0.0 0.0 0.0 0.0 0.0 0.0 0.0 0.0 0.0 0.0 0.0 0.0 0.0 0.0 0.0 0.0 0.0 0.0 0.0 0.0 0.0 0.0 0.0
0.0 0.0 0.0 0.0 0.0 0.0 0.0 0.0 0.0 0.0 0.0 0.0 0.0 0.0 0.0 0.0 0.0 0.0 0.0 0.0 0.0 0.0 0.0 0.0 0.0 0.0 0.0 0.0 0.0 0.0 0.0 0.0 0.0 0.0 0.0 0.0 0.0 0.0 0.0 0.0 0.0 0.0 0.0 0.0 0.0 0.0 0.0 0.0 0.0 0.999993 0.0 0.0 0.0 0.0 0.0 0.0 0.0 0.0 0.0 0.0 0.0 0.0 0.0 0.0
0.0 0.0 0.0 0.0 0.0 0.0 0.0 0.0 8.9407e-08 0.0 0.0 0.0 0.0 0.0 0.0 0.0 0.0 0.0 0.0 0.0 0.0 0.0 0.0 0.0 0.0 0.0 0.0 0.0 0.999995 0.0 0.0 0.0 0.0 0.0 0.0 0.0 0.0 0.0 0.0 0.0 0.0 0.0 0.0 0.0 0.0 0.0 0.0 0.0 0.0 0.0 0.0 0.0 0.0 0.0 0.0 0.0 0.0 0.0 0.0 0.0 0.0 0.0 0.0 0.0
0.0 0.0 0.0 0.0 0.0 0.0 0.0 0.0 0.0 8.9407e-08 0.0 0.0 0.0 0.0 0.0 0.0 0.0 0.0 0.0 0.0 0.0 0.0 0.0 0.0 0.0 0.0 0.0 0.000127077 0.0 0.0 0.0 0.0 0.0 0.0 0.0 0.0 0.0 0.0 0.0 0.0 0.0 0.000203699 0.0 0.000745237 0.0 0.0 0.0 0.000160784 0.0 0.0 1.38879e-05 0.0 0.0 0.0 0.0 0.0 0.0 0.0 0.996445 0.0 0.0 0.0 0.0 5.66244e-06
0.0 0.0 0.0 0.0 0.0 0.0 0.0 0.0 0.0 0.0 0.0 0.0 0.0 0.0 0.0 0.0 0.0 0.0 0.0 0.0 0.0 0.0 0.0 0.0 0.0 0.0 0.0 0.0 0.0 0.0 0.0 0.0 0.0 0.0 0.0 0.0 0.0 0.0 0.0 0.0 0.0 0.0 0.0 0.0 0.0 0.0 0.0 0.0 0.0 0.0 0.0 0.0 0.0 0.0 0.0 0.0 0.0 0.999602 0.0 0.0 0.0 0.0 0.0 0.0
0.0 0.0 0.0 0.0 2.04444e-05 0.0 0.0 0.0 0.0 0.0 0.0 0.0 0.0 0.0 0.0 0.0 0.0 0.0 0.0 1.78814e-07 0.0 0.0219232 0.0 0.0 0.9454 0.0 0.0 5.96046e-08 0.0 0.0 0.0 0.0 1.8388e-05 5.96046e-08 0.0 0.0 0.0 0.0 0.0 0.0 5.66244e-07 0.0 0.0 0.0 0.0 0.0 0.0 0.0 0.0 0.0 0.0 0.0 0.0 0.0 0.0 0.0 0.0 0.0 0.0 0.0 0.0 0.0 0.0 4.10676e-05
0.0 0.0 0.0 0.0 0.990682 2.23517e-06 0.0214088 0.0 0.0 0.0 0.0 0.0 0.0 0.0 0.0 0.0 0.0 3.67463e-05 0.0 3.03984e-06 0.0 0.0153399 0.0 0.0 9.78708e-05 2.32458e-06 0.0 2.77162e-06 0.0 0.0 0.0 0.0 0.957738 0.000152588 0.0 0.0 0.0 0.0 0.0 0.0 0.000625372 0.0 0.0 0.0 1.58846e-05 0.0 1.01328e-06 1.19209e-07 0.0 0.0 1.2815e-06 2.96533e-05 0.0 0.0 0.0 2.98023e-08 0.0 0.0 0.0 0.00515282 8.04663e-07 0.000301212 0.0 0.00571084
0.0 0.0 0.0 0.0 0.0 0.0 0.0 0.0 0.0 0.0 0.0 0.0 0.0 0.0 0.0 0.0 0.0 0.0 0.999784 0.0 0.0 0.0 0.0 0.0 0.0 0.0 0.0 0.0 0.0 0.0 0.0 0.0 0.0 0.0 0.0 0.0 0.0 0.0 0.0 0.0 0.0 0.0 0.0 0.0 0.0 0.0 0.0 0.0 0.0 0.0 0.0 0.0 0.0 0.0 0.0 0.0 0.0 0.0 0.0 0.0 0.0 0.0 0.0 0.0
0.7501 0.0 0.0 0.0 4.97699e-05 0.9626 4.47035e-07 0.0 0.0 0.0 0.0 0.00619158 0.0 0.0 0.0867054 0.0 0.0 5.93066e-06 0.0 5.36442e-07 0.000790089 8.9407e-08 0.0 0.0 0.0 0.000661999 0.0 0.0 0.0 1.78814e-07 0.0 0.0997468 5.36442e-07 0.0 0.0 7.21216e-06 0.000953883 0.0 0.0 0.0 1.28448e-05 0.0 0.0 0.0 0.192898 0.0 0.0 0.0 9.53674e-07 0.0 0.0 0.0121742 0.0 0.0 0.0 0.0213861 0.0 0.0 0.0 0.00357032 0.000243008 0.645521 0.00566357 0.0
0.702692 0.0 5.36442e-07 0.0 0.0 0.155549 0.0 0.0 0.0 0.0 0.0 0.498189 0.0 0.0 0.966019 0.0 0.0 0.0 0.0 1.19209e-07 0.732227 0.0 0.0 0.0 0.0 0.00358635 0.0 0.0 0.0 0.000494152 0.0 0.00427464 0.0 0.0 0.0 0.0114858 0.523794 0.0 0.0 0.0 1.49012e-07 0.0 0.0 0.0 6.72042e-05 0.0 0.0 0.0 0.0039722 0.0 0.0 3.35276e-05 0.0 0.0 0.0 0.000178665 0.0 0.0 0.0 2.15769e-05 2.98023e-07 0.00332585 0.0170487 0.0
1.95801e-05 0.0 0.0 0.0 0.0945799 4.43161e-05 5.66244e-07 0.0 0.0 0.0 0.0 0.0 0.0 0.0 8.9407e-08 0.0 0.0 3.57628e-07 0.0 0.00271076 0.0 0.00323147 0.0 0.0 5.26309e-05 5.96046e-08 0.0 0.0 0.0 0.0 0.0 2.32458e-06 0.000442237 0.0 0.0 0.0 0.0 0.0 0.0 0.0 0.966015 0.0 0.0 0.0 8.76188e-06 0.0 0.0 0.0 0.0 0.0 7.24196e-06 0.00168228 0.0 0.0 0.0 2.08616e-07 0.0 0.0 0.0 0.00566402 2.68221e-07 0.00508583 1.78814e-07 0.000118613
0.0 0.0 0.0 0.154702 0.0 0.0 0.0 0.0 0.0 0.0 0.865678 0.0 0.0 8.85129e-06 0.0 0.238943 0.861055 0.0 0.0 0.0 0.0 0.0 0.0 0.0 0.0 0.0 0.0 0.0 0.0 0.0 0.0 0.0 0.0 0.0 0.0 0.0 0.0 0.129556 0.0 0.0 0.0 0.0 0.0 0.0 0.0 0.0 0.0 0.0 0.0 0.0 0.0 0.0 0.0 0.0 0.844797 0.0 0.0 0.0 0.0 0.0 0.0 0.0 0.0 0.0
0.964886 0.0 0.0 0.0 9.29832e-06 0.886577 1.49012e-07 0.0 0.0 0.0 0.0 0.00556311 0.0 0.0 0.092419 0.0 0.0 2.95043e-06 0.0 1.90735e-06 0.00338891 0.0 0.0 0.0 0.0 0.00578779 0.0 0.0 0.0 6.85453e-07 0.0 0.132474 8.9407e-08 0.0 0.0 5.03659e-06 0.00160027 0.0 0.0 0.0 0.000114173 0.0 0.0 0.0 0.038153 0.0 0.0 0.0 1.3411e-06 0.0 0.0 0.0758305 0.0 0.0 0.0 0.0054054 0.0 0.0 0.0 0.00585076 0.000484586 0.517617 0.0030798 0.0
0.0 0.0 0.0 0.0 0.0 0.0 0.0 0.0 0.0 0.0 0.0 0.0 0.0 0.0 0.0 0.0 0.0 0.0 0.0 0.0 0.0 0.0 0.0 0.0 0.0 0.0 0.0 0.0 0.0 0.0 0.0 0.0 0.0 0.0 0.292841 0.0 0.0 0.0 0.0 0.0 0.0 0.0 0.0 0.0 0.0 0.0 0.0 0.0 0.0 0.0 0.0 0.0 0.999879 0.0 0.0 0.0 0.0 0.0 0.0 0.0 0.0 0.0 0.0 0.0
0.0295297 0.0 0.0 0.0 0.00116518 0.0849428 2.14577e-06 0.0 0.0 1.78814e-07 0.0 2.17557e-06 0.0 0.0 1.79112e-05 0.0 0.0 0.0232994 5.96046e-08 2.77162e-06 1.66893e-06 1.3113e-06 0.0 0.0 1.19209e-07 0.000887871 0.0 0.0 0.0 0.0 0.0 0.0356682 9.45032e-05 8.9407e-08 0.0 0.0 5.96046e-08 0.0 0.0 0.0 0.000929415 3.15905e-06 0.0 0.0 0.154987 0.0 0.0 4.20213e-06 0.0 0.0 8.94666e-05 0.987433 0.0 0.0 0.0 0.00096038 0.0 0.0 0.0 0.157228 0.00642714 0.358136 5.51343e-06 7.9304e-05
0.0 0.0 0.0 0.0 0.0 0.0 0.0 0.0 0.0 0.0 0.0 0.0 0.985037 0.0 0.0 0.0 0.0 0.0 0.0 0.0 0.0 0.0 0.0 0.0 0.0 0.0 0.0 0.0 0.0 0.0 0.0 0.0 0.0 0.0 0.0 0.0 0.0 0.0 0.0 0.0 0.0 0.0 0.0 0.0 0.0 0.0 0.0 0.0 0.0 0.0 0.0 0.0 0.0 0.0 0.0 0.0 0.0 0.0 0.0 0.0 0.0 0.0 0.0 0.0
0.00225469 0.0 0.0 0.0 1.19209e-07 0.000265658 2.29478e-06 0.0 0.0 0.0 0.0 0.0006257 0.0 0.0 0.0721728 0.0 0.0 0.0 0.0 1.2815e-06 0.00277796 0.0 0.0 0.0 0.0 2.61664e-05 0.0 0.0 0.0 2.98023e-08 0.0 2.08616e-07 0.0 0.0 0.0 0.00455904 0.046988 0.0 0.0 0.0 3.57628e-07 0.0 0.0 0.0 2.98023e-08 0.0 0.0 0.0 0.000520617 0.0 0.0 4.47035e-07 0.0 0.0 0.0 0.0 0.0 0.0 0.0 0.00376517 0.0 0.0337736 0.963345 0.0
0.0 0.0 0.0 0.0 0.0 0.0 0.0 0.0 0.0 0.0 0.0 0.0 0.0 0.0 0.0 0.0 0.0 0.0 0.0 0.0 0.0 0.0 0.0 0.0 0.0 0.0 0.999827 0.0 0.0 0.0 0.0 0.0 0.0 0.0 0.0 0.0 0.0 0.0 0.0 0.0 0.0 0.0 0.0 0.000261366 0.0 0.0 0.0 0.0 0.0 0.0 0.0 0.0 0.0 0.0 0.0 0.0 0.0 0.0 0.0 0.0 0.0 0.0 0.0 0.0
0.0798731 0.0 0.0 0.0 4.14848e-05 0.406126 1.19209e-07 0.0 0.0 1.19209e-06 0.0 2.63751e-05 0.0 0.0 0.000196993 0.0 0.0 0.00627264 0.0 2.68221e-07 1.54376e-05 8.9407e-08 0.0 0.0 5.96046e-08 0.000537574 0.0 0.0 0.0 8.9407e-08 0.0 0.250494 4.26173e-06 0.0 0.0 0.0 1.07288e-06 0.0 0.0 0.0 0.000102848 4.85778e-06 0.0 0.0 0.893656 0.0 0.0 5.36442e-07 0.0 0.0 6.4671e-06 0.836413 0.0 0.0 0.0 0.108625 0.0 0.0 0.0 0.00844133 0.00791463 0.160068 4.38094e-06 1.19507e-05
4.29153e-06 0.0 0.0 0.0 0.0 2.98023e-08 0.0 0.0 0.0 0.0 0.0 0.0793444 0.0 0.0 0.0294736 0.0 0.0 0.0 0.0 0.0 0.798175 0.0 0.0 0.0 0.0 2.38419e-07 0.0 0.0 0.0 8.43406e-06 0.0 0.0 0.0 0.0 0.0 0.505196 0.738732 0.0 0.0 0.0 0.0 0.0 0.0 0.0 0.0 0.0 0.0 0.0 0.986894 0.0 0.0 0.0 0.0 0.0 0.0 0.0 0.0 0.0 0.0 0.0 0.0 0.0 0.000198513 0.0
0.0 0.0 0.0 0.00116375 0.0 0.0 0.0 0.0 0.0 0.0 0.24402 0.0 0.0 0.000477672 0.0 0.000842929 0.016027 0.0 0.0 0.0 0.0 0.0 0.0 0.0 0.0 0.0 0.0 0.0 0.0 0.0 0.0 0.0 0.0 0.0 0.0 0.0 0.0 0.900465 0.0 0.0 0.0 0.0 0.0 0.0 0.0 0.0 0.0 0.0 0.0 0.0 0.0 0.0 0.0 0.0 0.147221 0.0 0.0 0.0 0.0 0.0 0.0 0.0 0.0 0.0
0.0225722 0.0 0.0 0.0 0.0150498 0.238243 0.000502318 0.0 0.0 0.0 0.0 1.29938e-05 0.0 0.0 0.000117689 0.0 0.0 0.000110239 0.0 3.63886e-05 4.35114e-06 7.56979e-06 0.0 0.0 2.98023e-08 0.000764847 0.0 0.0 0.0 0.0 0.0 0.00105691 9.67383e-05 0.0 0.0 0.0 1.60933e-06 0.0 0.0 0.0 0.000602871 2.08616e-07 0.0 0.0 0.0608304 0.0 0.0 1.78814e-07 0.0 0.0 1.60933e-06 0.141519 0.0 0.0 0.0 0.000130117 0.0 0.0 0.0 0.848268 0.00404501 0.965957 0.000567496 1.84774e-06
0.0 0.0 0.0 0.0 0.0 0.0 0.0 0.0 0.0 0.0 0.0 0.0 0.0 0.0 0.0 0.0 0.0 0.0 0.0 0.0 0.0 0.0 0.0 0.0 0.0 0.0 0.0 0.0 0.0 0.0 0.0 0.0 0.0 0.0 2.98023e-08 0.0 0.0 0.0 0.0 0.0 0.0 0.0 0.0 0.0 0.0 0.0 0.0 0.0 0.0 1.43051e-05 0.0 0.0 0.0 0.0 0.0 0.0 0.0 0.0 0.0 0.0 0.0 0.0 0.0 0.0
0.0553969 0.0 0.0 0.0 1.39773e-05 0.11557 0.0 0.0 0.0 3.57628e-05 0.0 4.98891e-05 0.0 0.0 0.000305355 0.0 0.0 0.00379628 0.0 0.0 3.44813e-05 0.0 0.0 0.0 1.01328e-06 0.000128537 0.0 0.0 0.0 1.49012e-07 0.0 0.499892 1.95205e-05 1.19209e-07 0.0 0.0 3.66569e-06 0.0 0.0 0.0 8.9407e-07 0.000135869 0.0 0.0 0.909483 0.0 0.0 1.06394e-05 0.0 0.0 2.17557e-06 0.0257716 0.0 0.0 0.0 0.988307 0.0 0.0 0.0 6.35087e-05 0.00141588 0.00303063 1.49012e-07 4.32432e-05
0.0 0.0 0.0 0.0 0.0 0.0 0.0 0.0 0.0 0.0 0.0 0.0 0.0 0.0 0.0 0.0 0.0 0.0 0.0 0.0 0.0 0.0 0.0 0.0 0.0 0.0 0.0 0.0 0.0 0.0 0.0 0.0 0.0 0.0 2.08616e-07 0.0 0.0 0.0 0.0 0.0 0.0 0.0 0.0 0.0 0.0 0.0 0.0 0.0 0.0 0.0 0.0 0.0 6.73532e-06 0.999807 0.0 0.0 0.0 0.0 0.0 0.0 0.0 0.0 0.0 0.0
0.0 0.0 0.0 0.0 0.0 0.0 0.0 0.0 0.0 0.0 0.0 0.0 0.0 0.0 0.0 0.0 0.0 0.0 0.0 0.0 0.0 0.0 0.0 0.0 0.0 0.0 0.0 0.0 0.0 0.0 0.999994 0.0 0.0 0.0 0.0 0.0 0.0 0.0 0.0 0.0 0.0 0.0 0.0 0.0 0.0 0.0 0.0 0.0 0.0 0.0 0.0 0.0 0.0 0.0 0.0 0.0 0.0 0.0 0.0 0.0 0.0 0.0 0.0 0.0
0.0 0.0 0.0 0.977075 0.0 0.0 0.0 0.0 0.0 0.0 0.206107 0.0 0.0 3.8147e-06 0.0 7.86483e-05 0.014012 0.0 0.0 0.0 0.0 0.0 0.0 0.0 0.0 0.0 0.0 0.0 0.0 0.0 0.0 0.0 0.0 0.0 0.0 0.0 0.0 0.00207311 0.0 0.0 0.0 0.0 0.0 0.0 0.0 0.0 0.0 0.0 0.0 0.0 0.0 0.0 0.0 0.0 0.0085372 0.0 0.0 0.0 0.0 0.0 0.0 0.0 0.0 0.0
0.0 0.0244286 0.0 0.0 0.0 0.0 0.0 0.00169176 1.01328e-06 0.0 0.0 0.0 0.0 0.0 0.0 0.0 0.0 0.0 0.0 0.0 0.0 0.0 0.997638 0.0 0.0 0.0 0.0 0.0 0.0 0.0 0.0 0.0 0.0 0.0 0.0 0.0 0.0 0.0 2.35438e-06 0.0 0.0 0.0 0.0 0.0 0.0 0.0 0.0 0.0 0.0 0.0 0.0 0.0 0.0 0.0 0.0 0.0 0.0 0.0 0.0 0.0 0.0 0.0 0.0 0.0
0.0 0.0 0.0 0.0 0.0 0.0 0.0 0.0 0.0 0.0 0.0 0.0 0.0 0.0 0.0 0.0 0.0 0.0 0.0 0.0 0.0 0.0 0.0 0.0 0.0 0.0 0.0 0.0192381 0.0 0.0 0.0 0.0 0.0 0.0 0.0 0.0 0.0 0.0 0.0 0.0 0.0 0.0 0.0 0.169939 0.0 0.0 0.0 7.15256e-07 0.0 0.0 0.0 0.0 0.0 0.0 0.0 0.0 0.0 0.0 0.000654697 0.0 0.0 0.0 0.0 0.0
0.0 0.0 0.0 0.0 0.00357178 0.0 0.0 0.0 0.0 1.19209e-07 0.0 0.0 0.0 0.0 0.0 0.0 0.0 0.0188181 0.0 0.0 0.0 1.49012e-07 0.0 0.0 2.74181e-06 0.0 0.0 0.0391163 0.0 0.0 0.0 0.0 0.0045251 0.000335425 0.0 0.0 0.0 0.0 0.0 0.0 1.19209e-07 4.83692e-05 0.0 3.29316e-05 1.66893e-06 0.0 0.0 0.00851172 0.0 0.0 0.0181059 5.93066e-06 0.0 0.0 0.0 1.78814e-07 0.0 0.0 2.70009e-05 7.7486e-07 2.98023e-08 2.98023e-08 0.0 0.948059
0.0254849 0.0 8.9407e-08 0.0 0.0 0.000112027 0.0 0.0 0.0 0.0 0.0 0.456202 0.0 0.0 0.915674 0.0 0.0 0.0 0.0 0.0 0.912923 0.0 0.0 0.0 0.0 0.000276357 0.0 0.0 0.0 0.000138611 0.0 2.74181e-06 0.0 0.0 0.0 0.72181 0.980626 0.0 0.0 0.0 0.0 0.0 0.0 0.0 2.98023e-08 0.0 0.0 0.0 0.697324 0.0 0.0 5.96046e-08 0.0 0.0 0.0 2.98023e-08 0.0 0.0 0.0 1.40071e-06 0.0 1.30534e-05 0.141764 0.0
0.0 0.0 0.0 0.0 0.0 0.0 0.0 0.0 0.0 0.0 0.0 0.0 0.0 0.0 0.0 0.0 0.0 0.0 0.0 0.0 0.0 0.0 0.0 0.0 0.0 0.0 0.0 0.0 0.0 0.0 0.0 0.0 0.0 0.0 0.0 0.0 0.0 0.0 0.0 0.0 0.0 0.0 0.999997 0.0 0.0 0.0 0.0 0.0 0.0 0.0 0.0 0.0 0.0 0.0 0.0 0.0 0.0 0.0 0.0 0.0 0.0 0.0 0.0 0.0
0.0 0.0 0.0 0.0 0.0 0.0 0.0 0.0 0.0 0.0519996 0.0 0.0 0.0 0.0 0.0 0.0 0.0 0.000347793 0.0 0.0 0.0 0.0 0.0 0.0 0.0 0.0 0.0 0.0103643 0.0 0.0 0.0 0.0 0.0 8.9407e-08 0.0 0.0 0.0 0.0 0.0 0.0 0.0 0.0263526 0.0 0.34821 0.0 0.0 0.0 0.991831 0.0 0.0 0.00553295 0.0 0.0 0.0 0.0 0.0 0.0 0.0 0.00030297 0.0 0.0 0.0 0.0 3.68357e-05
0.0 0.0 0.0 0.036481 0.0 0.0 0.0 0.0 0.0 0.0 0.796374 0.0 0.0 2.29478e-06 0.0 0.732589 0.794879 0.0 0.0 0.0 0.0 0.0 0.0 0.0 0.0 0.0 0.0 0.0 0.0 0.0 0.0 0.0 0.0 0.0 0.0 0.0 0.0 0.168209 0.0 0.0 0.0 0.0 0.0 0.0 0.0 0.0 0.0 0.0 0.0 0.0 0.0 0.0 0.0 0.0 0.874605 0.0 0.0 0.0 0.0 0.0 0.0 0.0 0.0 0.0
0.0 0.0 0.0 0.00198925 0.0 0.0 0.0 0.0 0.0 0.0 0.252793 0.0 0.0 1.19209e-07 0.0 0.840784 0.428634 0.0 0.0 0.0 0.0 0.0 0.0 0.0 0.0 0.0 0.0 0.0 0.0 0.0 0.0 0.0 0.0 0.0 0.0 0.0 0.0 0.0311583 0.0 0.0 0.0 0.0 0.0 0.0 0.0 0.0 0.0 0.0 0.0 0.0 0.0 0.0 0.0 0.0 0.827613 0.0 0.0 0.0 0.0 0.0 0.0 0.0 0.0 0.0
0.0 0.0 0.0 0.0 0.0 0.0 0.0 0.0 0.0 0.0 0.0 0.0 0.0 0.0 0.0 0.0 0.0 0.0 0.0 0.0 0.0 0.0 0.0 0.0 0.0 0.0 0.0 0.0 0.0 0.0 0.0 0.0 0.0 0.0 0.0 0.0 0.0 0.0 0.0 0.0 0.0 0.0 0.0 0.0 0.0 0.0 0.0 0.0 0.0 0.0 0.0 0.0 0.0 0.0 0.0 0.0 0.0 0.0 0.0 0.0 0.0 0.0 0.0 0.0
5.6535e-05 0.0 0.0 0.0 0.0 3.57628e-07 0.0 0.0 0.0 0.0 0.0 0.0071815 0.0 0.0 0.196817 0.0 0.0 0.0 0.0 0.0 0.0658191 0.0 0.0 0.0 0.0 9.53674e-07 0.0 0.0 0.0 7.15256e-07 0.0 0.0 0.0 0.0 0.0 0.98644 0.948056 0.0 0.0 0.0 0.0 0.0 0.0 0.0 0.0 0.0 0.0 0.0 0.684701 0.0 0.0 0.0 0.0 0.0 0.0 0.0 0.0 0.0 0.0 5.96046e-08 0.0 1.19209e-07 0.0293798 0.0
0.0 0.000205576 0.0 0.0 0.0 0.0 0.0 0.00592974 0.0 0.0 0.0 0.0 0.0 0.0 0.0 0.0 0.0 0.0 0.0 0.0 0.0 0.0 3.37958e-05 0.0 0.0 0.0 0.0 0.0 0.0 0.0 0.0 0.0 0.0 0.0 0.0 0.0 0.0 0.0 0.00177705 0.0 0.0 0.0 0.0 0.0 0.0 0.0 0.0 0.0 0.0 0.0 0.0 0.0 0.0 0.0 0.0 0.0 0.0 0.0 0.0 0.0 0.0 0.0 0.0 0.0
0.0 0.0 0.0 0.0 1.03414e-05 0.0 0.0 0.0 0.0 1.20997e-05 0.0 0.0 0.0 0.0 0.0 0.0 0.0 1.39773e-05 0.0 0.0 0.0 0.0 0.0 0.0 0.0 0.0 0.0 0.0780688 0.0 0.0 0.0 0.0 2.05636e-06 8.9407e-08 0.0 0.0 0.0 0.0 0.0 0.0 8.9407e-08 7.89762e-06 0.0 5.9396e-05 5.96046e-08 0.0 0.0 0.00427175 0.0 0.0 0.989081 3.27826e-07 0.0 0.0 0.0 0.0 0.0 0.0 0.000175595 0.0 0.0 0.0 0.0 0.00720373
0.000288963 0.0 0.0 0.0 8.16584e-06 0.000511944 9.53674e-07 0.0 0.0 4.17233e-07 0.0 3.27826e-07 0.0 0.0 2.08616e-06 0.0 0.0 0.0110563 0.0 0.0 7.15256e-07 5.96046e-08 0.0 0.0 8.9407e-08 0.000242442 0.0 0.0 0.0 0.0 0.0 0.00157875 3.72529e-06 5.21541e-06 0.0 0.0 2.98023e-08 0.0 0.0 0.0 4.76837e-07 1.97589e-05 0.0 1.19209e-07 0.053125 0.0 0.0 2.38419e-06 0.0 0.0 5.96046e-08 0.0307582 0.0 0.0 0.0 0.000990361 0.0 0.0 5.96046e-08 0.00204435 0.989462 0.00151089 0.0 1.48714e-05
0.0 0.0 0.0 0.0 0.0 0.0 0.0 0.0 0.0 0.0 0.0 0.0 0.0 0.0 0.0 0.0 0.0 0.0 0.0 0.0 0.0 0.0 0.0 0.0 0.0 0.0 0.0 0.0 0.0 0.0 0.0 0.0 0.0 0.0 0.0 0.0 0.0 0.0 0.0 0.0 0.0 0.0 0.0 0.0 0.0 0.999956 0.0 0.0 0.0 0.0 0.0 0.0 0.0 0.0 0.0 0.0 0.0 0.0 0.0 0.0 0.0 0.0 0.0 0.0
0.0 8.82149e-06 0.0 0.0 0.0 0.0 0.0 0.527581 0.0 0.0 0.0 0.0 0.0 0.0 0.0 0.0 0.0 0.0 0.0 0.0 0.0 0.0 1.04308e-06 0.0 0.0 0.0 0.0 0.0 0.0 0.0 0.0 0.0 0.0 0.0 0.0 0.0 0.0 0.0 0.543873 0.0 0.0 0.0 0.0 5.36442e-07 0.0 0.0 0.0 0.0 0.0 0.0 0.0 0.0 0.0 0.0 0.0 0.0 0.0 0.0 0.0 0.0 0.0 0.0 0.0 0.0
0.0 0.0 0.0 0.0 0.0 0.0 0.0 0.0 0.0 0.0 0.0 0.0 0.0 0.0 0.0 0.0 0.0 0.0 0.0 0.0 0.0 0.0 0.0 0.0 0.0 0.0 0.999999 0.0 0.0 0.0 0.0 0.0 0.0 0.0 0.0 0.0 0.0 0.0 0.0 0.0 0.0 0.0 0.0 0.0 0.0 0.0 0.0 0.0 0.0 0.0 0.0 0.0 0.0 0.0 0.0 0.0 0.0 2.38419e-07 0.0 8.9407e-08 0.0 8.64267e-07 0.0 0.0
0.0 4.47035e-06 0.0 0.0 0.0 0.0 0.0 4.36902e-05 0.0 0.0 0.0 0.0 0.0 0.0 0.0 0.0 0.0 0.0 1.19209e-07 0.0 0.0 0.0 0.0 0.0 0.0 0.0 0.0 0.0 0.0 0.0 3.57628e-07 0.0 0.0 0.0 0.0 0.0 0.0 0.0 0.949486 1.31726e-05 0.799442 0.0 0.0 0.0 0.0 0.0 0.0 0.0 0.0 8.9407e-08 0.0 0.0 3.06964e-06 0.0 0.0 0.0 0.0 0.0 6.02305e-05 0.0 0.0 0.0 0.0 0.0
0.0 0.0 0.0 0.0 0.0 1.60635e-05 0.0 0.0 0.0 0.0 0.0 0.0 0.0 0.0 0.0 0.0 0.0 0.0 0.0 0.0 0.0 0.0 0.0 0.0 0.0 0.0 3.33786e-06 0.0 0.0 0.0 0.0 0.0 0.0 0.0 0.0 0.0 0.0 0.0 0.0 0.0 0.0 0.0 0.0 0.0 1.19209e-07 0.0 0.0 0.0 0.0 0.0 0.0 0.0 0.0 0.0 0.0 0.0 0.0 0.984827 0.0 0.000122517 0.0 2.98023e-08 0.0 0.0
0.0 0.0 0.0 0.0 0.0 0.0 0.0 0.0 0.0 0.0 0.0 0.0 0.0 0.0 0.0 0.0 1.19209e-07 0.0 0.0 0.0 0.0 0.0 0.0 0.0 0.0 0.0 0.0 0.0 0.0 0.0 0.0 0.0 0.0 0.0 0.0 0.0 0.0 0.0 0.0 0.0 0.0 0.0 0.0 0.0 0.0 0.0 0.0 0.0 0.0 0.0 0.0 0.0 0.0 0.0 0.999987 0.0 0.0 0.0 0.0 0.0 0.0 0.0 0.0 0.0
0.000280976 0.0 0.0 0.0 0.0 0.0 0.0 0.0 0.0 0.0 0.0 0.0 0.0 0.0 0.0818086 0.0 0.0 0.0 5.06639e-07 0.0 0.0469218 0.0 0.0 0.0 0.0 0.0287747 0.0 0.0 1.49012e-07 0.515056 0.0 7.34329e-05 0.0 0.0 0.0197393 0.970115 0.0 0.0 0.0 0.0 0.0 0.0 0.0 0.0 0.0 6.55651e-07 0.0 0.0 5.1856e-06 0.0 0.0 1.39773e-05 5.96046e-08 0.0 0.0 0.0 0.0 0.0 0.0 0.0 0.0 0.0 0.0 0.0
0.0 0.0 0.0 0.0 0.0 1.96695e-06 0.0 0.0 0.0 0.0 0.0 0.0 0.0 0.0 0.0 0.0 0.0 0.0 0.0 0.0 0.0 0.0 0.0 0.0 0.0 0.0 0.0 0.0 0.0 0.0 0.0 0.0 0.0 0.0 0.0 0.0 0.0 0.0 0.0 0.0 0.0 0.0 0.0 0.0 0.978175 0.0 0.0 0.0 0.0 0.0 0.0 0.0 0.0 0.0 0.0 0.0 0.0 0.0 0.0 3.42429e-05 0.0 0.0 0.0 0.0
0.0 5.69224e-05 0.0 0.0 0.0 0.0 2.98023e-08 2.35438e-06 0.0 0.0 0.0 0.0 0.0 0.0 0.0 0.0 0.0 0.0 0.0 0.0 0.0 4.44055e-06 0.0 0.0 0.0 0.0 0.0 0.0 0.0 0.0 0.993239 0.0 0.0 0.0 0.0 0.0 0.0 0.0 1.54972e-06 0.0 1.51992e-06 0.0 0.0 0.0 0.0 0.0 0.0 0.0 0.0 4.64916e-06 0.0 0.0 0.0 0.0 0.0 0.0 0.0 0.0 3.18885e-06 0.0 0.0 0.0 0.0 0.0
0.0 8.9407e-08 0.0 0.0 8.64267e-07 0.0 1.78814e-07 2.98023e-08 0.0 0.0 0.0 0.0 0.0 0.0 0.0 0.0 0.0 0.0 0.0 0.0 0.0 0.995191 0.0 0.0 0.0 0.0 0.0 0.0 0.0 0.0 1.11163e-05 0.0 8.9854e-05 0.0 0.0 0.0 0.0 0.0 0.0 2.38419e-07 0.0 0.0 0.0 0.0 0.0 0.0 0.0 0.0 0.0 0.000208557 0.0 0.0 0.0 0.0 0.0 0.0 0.0 0.0 0.0 0.0 0.0 0.0 0.0 2.68221e-07
0.0 0.996819 0.0 0.0 0.0 0.0 0.0 0.150405 0.0 0.0 0.0 0.0 0.0 0.0 0.0 0.0 0.0 0.0 0.0 0.0 0.0 0.0 0.0 0.0 0.0 0.0 0.0 0.0 0.0 0.0 2.79248e-05 0.0 0.0 0.0 0.0 0.0 0.0 0.0 4.50015e-06 0.0 4.88758e-06 0.0 0.0 0.0 0.0 0.0 0.0 0.0 0.0 5.66244e-07 0.0 0.0 0.0 0.0 0.0 0.0 0.0 0.0 0.0 0.0 0.0 0.0 0.0 0.0
0.0 0.0 0.0 0.0 0.0 0.0 0.0 0.0 0.0 0.0 0.0 0.0 0.0 0.0 0.0 0.0 0.0 0.0 0.0 0.0 0.0 0.0 0.0 0.0 0.0 0.0 0.0 0.0 0.0 0.0 0.0 0.0 0.0 0.0 0.0 0.0 0.0 0.0 0.0 0.0 0.0 0.0 0.999703 0.0 0.0 0.0 0.0 0.0 0.0 0.0 0.0 0.0 0.0 0.0 0.0 0.0 0.0 0.0 0.0 0.0 0.0 0.0 0.0 0.0
0.0 0.0 0.0 0.0 0.0 0.0 0.0 0.0 0.0 0.0 0.0 0.0 0.0 0.0 0.0 0.0 0.0 0.0 0.0 0.0 0.0 0.0 0.0 0.0 0.0 0.0 0.0 0.0 0.0 0.0 0.0 0.0 0.0 0.0 0.0 0.0 0.0 0.991636 0.0 0.0 0.0 0.0 0.0 0.0 0.0 0.0 0.0 0.0 0.0 0.0 0.0 0.0 0.0 0.0 0.0 0.0 0.0 0.0 0.0 0.0 0.0 0.0 0.0 0.0
0.000135422 0.0 0.0 0.0 0.0 0.0 1.46031e-06 0.0 0.0 0.0 0.0 0.0 0.0 0.0 0.00783542 0.0 0.0 8.9407e-08 2.48551e-05 0.0 0.000198722 0.0 0.0 0.0 0.0 2.68221e-07 0.0 0.0 1.13249e-05 0.000121295 0.0 0.972616 0.0 0.0 0.259048 0.000260085 1.19209e-07 0.0 0.0 0.0 0.0 0.0 0.0 2.98023e-06 0.0 0.0226781 0.0 0.0 0.0 0.0 0.0 0.0152785 0.0 0.0 0.0 0.0 0.0 0.0 0.0 0.0 1.37091e-06 0.0 0.0 0.0
0.0 0.0 0.0 0.0 0.0 0.0 0.0 0.0 0.0 0.0 0.0 0.0 0.0 0.0 0.0 0.0 0.0 0.0 0.0 0.0 0.0 0.0 0.0 0.0 0.0 0.0 0.0 0.0 0.0 0.0 0.0 0.0 0.0 0.0 0.0 0.0 0.0 0.0 0.0 0.0 0.0 0.0 0.0 0.0 0.0 0.0 0.0 0.0 0.0 0.0 0.0 0.0 0.0 0.0 0.0 0.0 0.0 0.0 0.0 0.0 0.0 0.0 0.0 0.0
0.0 0.0 0.0 0.0 0.0 0.0 0.0 0.0 0.0 0.0 0.0 0.0 0.99982 0.0 0.0 0.0 0.0 0.0 0.0 0.0 0.0 0.0 0.0 0.0 0.0 0.0 0.0 0.0 0.0 0.0 0.0 0.0 0.0 0.0 0.0 0.0 0.0 0.0 0.0 0.0 0.0 0.0 0.0 0.0 0.0 0.0 0.0 0.0 0.0 0.0 0.0 0.0 0.0 0.0 0.0 0.0 0.0 0.0 0.0 0.0 0.0 0.0 0.0 0.0
0.0 0.0 0.0 0.0 0.0 0.0 0.0 0.0 0.0 0.999627 0.0 0.0 0.0 0.0 0.0 0.0 0.0 0.0 0.0 0.0 0.0 0.0 0.0 0.0 0.0 0.0 0.0 0.0 0.0 0.0 0.0 0.0 0.0 0.0 0.0 0.0 0.0 0.0 0.0 0.0 0.0 0.0 0.0 0.0 0.0 0.0 0.0 0.0 0.0 0.0 0.0 0.0 0.0 0.0 0.0 0.0 0.0 0.0 0.0 0.0 0.0 0.0 0.0 0.0
0.0 0.0 0.0 0.0 0.0 0.0 0.0 0.0 0.0 0.0 5.39422e-06 0.0 0.0 0.987116 0.0 0.0 0.0 0.0 0.0 0.0 0.0 0.0 0.0 0.0 0.0 0.0 0.0 0.0 0.0 0.0 0.0 0.0 0.0 0.0 0.0 0.0 0.0 0.0 0.0 0.0 0.0 0.0 0.0 0.0 0.0 0.0 0.0 0.0 0.0 0.0 0.0 0.0 0.0 0.0 0.0 0.0 0.0 0.0 0.0 0.0 0.0 0.0 0.0 0.0
0.0 0.0 0.0 0.0 0.0 0.0 0.0 0.0 0.0 0.0 0.0 0.0 0.0 0.0 0.0 0.993796 0.0 0.0 0.0 0.0 0.0 0.0 0.0 0.0 0.0 0.0 0.0 0.0 0.0 0.0 0.0 0.0 0.0 0.0 0.0 0.0 0.0 0.0 0.0 0.0 0.0 0.0 0.0 0.0 0.0 0.0 0.0 0.0 0.0 0.0 0.0 0.0 0.0 0.0 0.0 0.0 0.0 0.0 0.0 0.0 0.0 0.0 0.0 0.0
0.0 0.0 0.0 0.0 0.0 0.0 1.49012e-07 0.0 0.0 0.0 0.0 0.0 0.0 0.0 0.0 0.0 0.0 0.0 0.0 0.0 0.0 8.9407e-08 0.0 0.0 0.0 0.0 0.0 0.0 0.0 0.0 0.0 0.0 0.0 0.0 0.0 0.0 8.9407e-08 0.0 0.0 0.0 0.0 1.19209e-07 0.0 0.0 0.0 0.0 0.0 8.91089e-06 0.0 0.0 0.0 0.0 0.0 0.0 0.0 0.0 0.0 0.0 0.0 0.0 8.9407e-08 1.49012e-07 0.989897 0.0
0.0 0.0 0.0 0.0 0.0 0.0 0.0 0.0 0.0 0.0 0.0 0.0 0.0 0.0 0.0 0.0 0.0 0.0 0.0 0.0 0.0 0.0 0.0 0.0 0.0 0.0 0.0 0.0 0.0 0.0 0.0 0.0 0.0 0.0 0.0 0.0 0.0 0.0 0.0 0.0 0.0 0.0 0.0 0.0 0.0 0.0 0.0 0.0 0.0 0.0 0.0 0.0 0.0 1.0 0.0 0.0 0.0 0.0 0.0 0.0 0.0 0.0 0.0 0.0
0.000352353 0.0 0.0 0.0 0.0 0.0 0.0 0.0 0.0 0.0 0.0 0.0 0.0 0.0 0.944355 0.0 0.0 2.98023e-08 3.17097e-05 0.0 0.052143 0.0 0.0 0.0 0.0 5.91576e-05 0.0 0.0 2.08616e-07 0.0107396 0.0 0.00697926 0.0 0.0 0.179928 0.129441 0.0 0.0 0.0 0.0 0.0 0.0 0.0 1.19209e-07 0.0 0.000552058 0.0 0.0 3.57628e-07 0.0 0.0 0.000180066 0.0 0.0 0.0 0.0 0.0 0.0 0.0 0.0 0.0 0.0 0.0 0.0
0.0 0.0 0.0 0.0 0.0 0.0 0.0 0.0 0.0 0.0 0.0 0.0 0.0 0.0 0.0 0.0 0.0 0.0 0.0 0.0 0.0 0.0 0.0 0.0 0.0 0.0 0.0 0.0 0.0 0.0 0.0 0.0 0.0 0.0 0.0 0.0 0.0 0.0 0.0 0.0 0.0 2.38419e-07 0.0 0.0 0.0 0.0 0.0 0.994654 0.0 0.0 0.0 0.0 0.0 0.0 0.0 0.0 0.0 0.0 0.0 0.0 0.0 0.0 5.28097e-05 0.0
0.0503955 0.0 0.0 0.0 0.0 0.0 0.0 0.0 0.0 0.0 0.0 0.0 0.0 0.0 0.0106264 0.0 0.0 0.0 2.38419e-06 0.0 0.210783 0.0 0.0 0.0 0.0 0.648982 0.0 0.0 0.0 0.973124 0.0 4.9293e-05 0.0 0.0 0.0272584 0.502105 0.0 0.0 0.0 0.0 0.0 0.0 0.0 0.0 0.0 1.57952e-06 0.0 0.0 5.36442e-07 0.0 0.0 6.82473e-06 2.8491e-05 0.0 0.0 0.0 0.0 0.0 1.78814e-07 0.0 5.96046e-08 0.0 0.0 0.0
0.0 0.0 0.0 0.0 0.0 0.0 0.0 0.0 0.0 0.0 0.0 0.0 0.0 0.0 0.0 0.0 0.0 0.0 0.0 0.0 0.0 0.0 0.0 0.0 0.0 0.0 0.0 0.0 0.0 0.0 0.0 0.0 0.0 0.0 0.0 0.0 0.0 0.0 0.0 0.0 0.0 0.0 0.0 0.0 0.0 0.0 0.0 0.0 0.0 0.0 0.0 0.0 0.0 0.0 0.0 0.0 0.0 0.0 0.0 0.0 0.0 0.0 0.0 0.0
0.0 0.0 0.0 0.0 0.0 0.0 0.0 0.0 0.0 0.0 0.0 0.0 3.0756e-05 0.0 0.0 0.0 0.0 0.0 0.0 0.0 0.0 0.0 0.0 0.0 0.0 0.0 0.0 0.0 0.0 0.0 0.0 0.0 0.0 0.0 0.0 0.0 0.0 0.0 0.0 0.0 0.0 0.0 0.0 0.0 0.0 0.0 0.0 0.0 0.0 0.0 0.0 0.0 0.0 0.0 0.0 0.0 0.0 0.0 0.0 0.0 0.0 0.0 0.0 0.0
0.00433624 0.0 0.0 0.0 0.0 0.0 0.0 0.0 0.0 0.0 0.0 0.0 0.0 0.0 4.16636e-05 0.0 0.0 0.0 4.47035e-07 0.0 0.00149187 0.0 0.0 0.0 0.0 0.993154 0.0 0.0 5.96046e-08 0.16848 0.0 8.9407e-08 0.0 0.0 8.83639e-05 0.055946 0.0 0.0 0.0 0.0 0.0 0.0 0.0 0.0 0.0 0.0 0.0 0.0 1.19209e-07 0.0 0.0 1.51992e-06 8.5175e-05 0.0 0.0 0.0 0.0 0.0 2.08616e-07 0.0 1.19209e-07 0.0 0.0 0.0
0.0 0.0 0.0 0.0 0.0 0.0 0.155704 0.0 5.96046e-08 0.0 0.0 0.0 0.0 0.0 5.96046e-08 0.0 0.0 0.972494 1.3113e-06 0.0 0.0 0.0 0.0 0.0 5.96046e-08 0.0 0.0 0.0 3.66569e-06 0.0 0.0 1.49012e-07 2.98023e-08 0.0 5.96046e-08 0.0 4.67896e-06 0.0 0.0 0.0 0.0 0.0 0.0 0.00845152 0.0 4.04418e-05 0.0 0.0 0.0 0.0 0.0 9.22382e-05 0.0 0.0 0.0 0.0 0.0 0.0 0.0 0.0 1.10269e-06 0.0 0.0 0.0
0.0 2.98023e-08 0.0 0.0 2.08616e-07 0.0 0.0 0.0 0.0 0.0 0.0 0.0 0.0 0.0 0.0 0.0 0.0 0.0 0.0 0.0 0.0 5.96046e-08 0.0 0.0 0.0 0.0 0.0 0.0 0.0 0.0 0.0 0.0 0.000156641 0.0 0.0 0.0 0.0 0.0 0.0 1.01328e-06 0.0 0.0 0.0 0.0 0.0 0.0 0.0 0.0 0.0 0.997875 0.0 0.0 0.0 0.0 0.0 0.0 0.0 0.0 0.0 0.0 0.0 0.0 0.0 0.0
0.0 0.0 0.0 0.0 0.0 0.0 3.27826e-07 0.0 0.977076 0.0 0.0 0.0 0.0 0.0 0.0 0.0 0.0 2.98023e-08 0.0 0.0 0.0 0.0 0.0 0.0 2.08616e-07 0.0 0.0 0.0 0.0 0.0 0.0 0.0 2.86102e-06 0.0 0.0 0.0 0.0 0.0 0.0 0.0 0.0 0.0 0.0 2.98023e-06 0.0 0.0 0.0 0.0 0.0 0.0 0.0 0.0 0.0 0.0 0.0 0.0 0.0 0.0 0.0 0.0 0.0 0.0 0.0 0.0
1.70469e-05 5.96046e-08 0.0 0.0 0.0 0.0 0.0 2.98023e-08 0.0 0.0 0.0 0.0 0.0 0.0 0.0 0.0 0.0 0.0 3.2872e-05 0.0 0.0 0.0 0.0 0.0 0.0 1.78814e-07 0.0 0.0 0.0 0.0 2.89083e-06 0.0 0.0 0.0 2.98023e-08 0.0 0.0 0.0 0.000768244 0.0 0.0185301 0.0 0.0 0.0 0.0 0.0 0.0 0.0 0.0 0.0 0.0 0.0 0.000196457 0.0 0.0 0.0 0.0 0.0 0.986449 0.0 0.0 0.0 0.0 0.0
0.0 0.0 0.0 0.0 0.0 0.0 0.0 0.0 0.0 0.0 0.0 0.0 0.0 0.0 0.0 0.0 0.0 0.0 0.0 0.0 0.0 0.0 0.0 0.0 0.0 0.0 0.0 0.0 0.0 0.0 0.0 0.0 0.0 0.0 0.0 0.0 0.0 0.0 0.0 0.0 0.0 0.0 0.0 0.0 0.0 0.0 1.0 0.0 0.0 0.0 0.0 0.0 0.0 0.0 0.0 0.0 0.0 0.0 0.0 0.0 0.0 0.0 0.0 0.0
0.0 2.5034e-06 0.0 0.0 0.0 0.0 0.0 5.69224e-06 0.0 0.0 0.0 0.0 0.0 0.0 0.0 0.0 0.0 0.0 2.74181e-06 0.0 0.0 0.0 0.0 0.0 0.0 0.0 0.0 0.0 0.0 0.0 6.25849e-07 0.0 0.0 0.0 0.0 0.0 0.0 0.0 0.835101 1.90735e-06 0.977063 0.0 0.0 0.0 0.0 0.0 0.0 0.0 0.0 0.0 0.0 0.0 4.89652e-05 0.0 0.0 0.0 0.0 0.0 0.00062272 0.0 0.0 0.0 0.0 0.0
0.00202829 0.0 0.0 0.0 0.0 0.0 6.13928e-06 0.0 0.0 0.0 0.0 0.0 0.0 0.0 5.99027e-06 0.0 0.0 1.63317e-05 0.972743 0.0 8.9407e-08 0.0 0.0 0.0 0.0 1.78814e-07 0.0 0.0 1.19209e-07 1.01328e-06 0.0 6.97374e-06 0.0 0.0 0.000203818 4.76837e-07 0.0 0.0 1.60933e-06 0.0 6.25551e-05 0.0 0.0 0.000982016 0.0 0.000709295 0.0 0.0 0.0 0.0 0.0 1.32322e-05 0.000112563 0.0 0.0 0.0 0.0 0.0 8.43406e-06 0.0 1.49012e-07 0.0 0.0 0.0
0.0872896 0.0 0.0 0.0 0.0 0.0 1.49012e-07 0.0 0.0 0.0 0.0 0.0 0.0 0.0 0.0791281 0.0 0.0 3.27826e-07 0.000707328 0.0 0.00609821 0.0 0.0 0.0 0.0 0.000177532 0.0 0.0 1.16229e-06 0.0116105 0.0 0.326542 0.0 0.0 0.951118 0.00644863 0.0 0.0 0.0 0.0 0.0 0.0 0.0 1.90735e-06 0.0 0.011639 0.0 0.0 0.0 0.0 0.0 0.0131331 1.01328e-06 0.0 0.0 0.0 0.0 0.0 0.0 0.0 2.98023e-07 0.0 0.0 0.0
0.0 0.0 0.0 0.0 0.0 0.0 0.0 0.0 0.0 0.0 0.0 0.0 0.0 0.0 0.0 0.0 0.0 0.0 0.0 0.0 0.0 0.0 0.0 0.0 0.0 0.0 0.0 0.0 0.0 0.0 0.0 0.0 0.0 0.0 0.0 0.0 0.0 0.0 0.0 0.0 0.0 0.0 0.0 0.0 0.0 0.0 0.0 0.0 0.0 0.0 0.0 0.0 0.0 0.0 0.0 0.0 0.999704 0.0 0.0 0.0 0.0 0.0 0.0 0.0
0.0 0.0 0.0 0.0 0.0 0.0 0.0 0.0 0.0 0.0 0.0 0.0 0.0 0.0 0.0 0.0 0.0 0.0 0.0 0.0 0.0 0.0 0.0 0.0 0.0 0.0 0.0 0.0 0.0 0.0 0.0 0.0 0.0 0.0 0.0 0.0 0.0 0.0 1.49012e-07 0.999736 2.98023e-08 0.0 0.0 0.0 0.0 0.0 0.0 0.0 0.0 9.53674e-07 0.0 0.0 0.0 0.0 0.0 0.0 0.0 0.0 0.0 0.0 0.0 0.0 0.0 0.0
0.0 0.0 0.0 0.0 0.0 0.0 0.0 0.0 0.0 0.0 0.0 0.0 0.0 0.0 0.0 0.0 0.0 0.0 0.0 0.0 0.0 0.0 0.0 0.0 0.0 0.0 0.0 0.0 0.0 0.0 0.0 0.0 0.0 0.0 0.0 2.98023e-08 0.0 0.0 0.0 0.0 0.0 0.0 0.0 0.0 0.0 0.0 0.0 0.0 0.995567 0.0 0.0 0.0 0.0 0.0 0.0 1.78814e-07 0.0 0.0 0.0 0.0 0.0 0.0 0.0 0.0
0.00283965 0.0 0.0 0.0 0.0 0.0 0.0 0.0 0.0 0.0 0.0 0.0 0.0 0.0 0.0899248 0.0 0.0 0.0 2.38419e-07 0.0 0.971545 0.0 0.0 0.0 0.0 0.0136506 0.0 0.0 0.0 0.379253 0.0 6.49989e-05 0.0 0.0 0.0354928 0.233984 0.0 0.0 0.0 0.0 0.0 0.0 0.0 0.0 0.0 7.15256e-07 0.0 0.0 6.25849e-07 0.0 0.0 3.57628e-07 4.38094e-06 0.0 0.0 0.0 0.0 0.0 0.0 0.0 0.0 0.0 0.0 0.0
0.0 0.0 0.0 0.0 0.0 0.0 0.0 0.0 0.0 0.0 0.0 0.0 0.0 0.000184834 0.0 0.0 0.0 0.0 0.0 0.0 0.0 0.0 0.0 0.0 0.0 0.0 0.0 0.0 0.0 0.0 0.0 0.0 0.0 0.0 0.0 0.0 0.0 0.0 0.0 0.0 0.0 0.0 0.0 0.0 0.0 0.0 0.0 0.0 0.0 0.0 0.0 0.0 0.0 0.0 0.0 0.0 0.0 0.0 0.0 0.0 0.0 0.0 0.0 0.0
0.0 0.367018 0.0 0.0 0.0 0.0 0.0 0.983663 0.0 0.0 0.0 0.0 0.0 0.0 0.0 0.0 0.0 0.0 0.0 0.0 0.0 0.0 0.0 0.0 0.0 0.0 0.0 0.0 0.0 0.0 1.19209e-06 0.0 0.0 0.0 0.0 0.0 0.0 0.0 9.14633e-05 2.08616e-07 9.5427e-05 0.0 0.0 0.0 0.0 0.0 0.0 0.0 0.0 9.23872e-07 0.0 0.0 0.0 0.0 0.0 0.0 0.0 0.0 0.0 0.0 0.0 0.0 0.0 0.0
0.0 0.0 0.0 0.0 0.0 0.0 0.0 0.0 0.0 0.0 0.0 0.0 0.0 0.0 0.0 0.0 0.0 0.0 0.0 0.0 0.0 0.0 0.0 0.998022 0.0 0.0 0.0 0.0 0.0 0.0 0.0 0.0 0.0 0.0 0.0 0.0 0.0 0.0 0.0 0.0 0.0 0.0 0.0 0.0 0.0 0.0 0.0 0.0 0.0 0.0 0.0 0.0 0.0 0.0 0.0 0.0 0.0 0.0 0.0 0.0 0.0 0.0 0.0 0.0
0.937427 0.0 0.0 0.0 0.0 0.0 8.9407e-08 0.0 0.0 0.0 0.0 0.0 0.0 0.0 0.000572652 0.0 0.0 4.47035e-07 0.0814604 0.0 0.00166106 0.0 0.0 0.0 0.0 0.0139534 0.0 0.0 5.96046e-08 0.027971 0.0 5.35846e-05 0.0 0.0 0.0546628 0.00155076 0.0 0.0 0.0 0.0 4.17233e-07 0.0 0.0 3.8743e-07 0.0 0.000296265 0.0 0.0 0.0 0.0 0.0 7.30455e-05 0.000420779 0.0 0.0 0.0 0.0 0.0 0.000216603 0.0 2.6226e-06 0.0 0.0 0.0
6.16312e-05 0.0 0.0 0.0 0.0 0.0 0.00579491 0.0 0.0 0.0 0.0 0.0 0.0 0.0 0.000607848 0.0 0.0 0.00403738 0.000600725 0.0 6.55651e-07 0.0 0.0 0.0 0.0 2.98023e-08 0.0 0.0 6.99461e-05 1.69873e-06 0.0 0.0192474 0.0 0.0 0.00466871 1.19209e-06 4.20213e-06 0.0 0.0 0.0 0.0 0.0 0.0 0.00116771 0.0 0.97672 0.0 0.0 0.0 0.0 0.0 0.014488 0.0 0.0 0.0 0.0 0.0 0.0 0.0 0.0 1.08182e-05 0.0 0.0 0.0
0.0 0.0 0.0 0.0 0.0 0.0 0.0 0.0 0.0 0.0 0.3226 0.0 0.0 2.08616e-07 0.0 0.0 0.0 0.0 0.0 0.0 0.0 0.0 0.0 0.0 0.0 0.0 0.0 0.0 0.0 0.0 0.0 0.0 0.0 0.0 0.0 0.0 0.0 0.0 0.0 0.0 0.0 0.0 0.0 0.0 0.0 0.0 0.0 0.0 0.0 0.0 0.0 0.0 0.0 0.0 0.0 0.0 0.0 0.0 0.0 0.0 0.0 0.0 0.0 0.0
0.00015375 0.0 0.0 0.0 0.0 0.0 0.0 0.0 0.0 0.0 0.0 0.0 0.0 0.0 5.96046e-08 0.0 0.0 0.0 2.67029e-05 0.0 1.3113e-06 0.0 0.0 0.0 0.0 0.000107437 0.0 0.0 0.0 7.39098e-06 0.0 0.0 0.0 0.0 4.17233e-07 2.08616e-07 0.0 0.0 8.9407e-08 0.0 1.0699e-05 0.0 0.0 0.0 0.0 0.0 0.0 0.0 0.0 0.0 0.0 0.0 0.986448 0.0 0.0 0.0 0.0 0.0 1.05798e-05 0.0 0.0 0.0 0.0 0.0
0.0 0.0 0.983068 0.0 0.0 0.0 0.0 0.0 0.0 0.0 0.0 0.0 0.0 0.0 0.0 0.0 0.0 0.0 0.0 0.0 0.0 0.0 0.0 0.0 0.0 0.0 0.0 0.0 0.0 0.0 0.0 0.0 0.0 0.0 0.0 0.0 0.0 0.0 0.0 0.0 0.0 0.0 0.0 0.0 0.0 0.0 0.0 0.0 0.0 0.0 0.0 0.0 0.0 0.0 0.0 0.0 0.0 0.0 0.0 0.0 0.0 0.0 0.0 0.0
0.0 0.0 0.0 0.0 0.0 0.0 0.0 0.0 0.0 0.0 0.0 0.0 0.0 0.0 0.0 0.0 0.0 0.0 0.0 0.99999 0.0 0.0 0.0 0.0 0.0 0.0 0.0 0.0 0.0 0.0 0.0 0.0 0.0 0.0 0.0 0.0 0.0 0.0 0.0 0.0 0.0 0.0 0.0 0.0 0.0 0.0 0.0 0.0 0.0 0.0 0.0 0.0 0.0 0.0 0.0 0.0 0.0 0.0 0.0 0.0 0.0 0.0 0.0 0.0
0.0 0.0 0.0 0.0 0.0 0.0 0.0 0.0 0.0 0.0 0.0 0.0 0.0 0.0 0.0 0.0 0.0 0.0 0.0 0.0 0.0 0.0 0.0 0.0 0.0 0.0 0.0 0.0 0.0 0.0 0.0 0.0 0.0 0.0 0.0 0.0 0.0 0.0 0.0 0.0 0.0 0.0 0.0 0.0 0.0 0.0 0.0 0.0 0.0 0.0 0.0 0.0 0.0 0.0 0.0 0.0 0.0 0.0 0.0 0.0 0.0 0.0 0.0 0.0
0.0 0.0 0.0 0.0 6.28829e-06 0.0 1.19805e-05 0.0 2.98023e-07 0.0 0.0 0.0 0.0 0.0 0.0 0.0 0.0 0.0 0.0 0.0 0.0 1.2219e-05 0.0 0.0 3.57628e-07 0.0 0.0 0.0 0.0 0.0 0.0 0.0 0.992733 0.0 0.0 0.0 0.0 0.0 0.0 0.0 0.0 0.0 0.0 8.04663e-07 0.0 0.0 0.0 0.0 0.0 0.000513464 0.0 0.0 0.0 0.0 0.0 0.0 0.0 0.0 0.0 0.0 0.0 0.0 0.0 1.84476e-05
0.0 0.0 0.0 0.0 0.0 0.0 0.0 0.0 0.0 0.0 0.0 0.0 0.0 0.0 0.0 0.0 0.0 0.0 0.0 0.0 0.0 0.0 0.0 0.0 0.0 0.0 0.0 0.0 0.0 0.0 0.0 0.0 0.0 0.0 0.0 0.0 0.0 0.0 0.0 0.0 0.0 0.0 0.0 0.0 0.0 0.0 0.0 0.0 0.0 0.0 0.0 0.0 0.0 0.0 0.0 0.999977 0.0 0.0 0.0 0.0 0.0 0.0 0.0 0.0
0.0 0.0 0.0 0.0 0.0 0.0 0.0 0.0 0.0 0.0 0.0 0.0 0.0 0.0 0.0 0.0 0.0 0.0 0.0 9.23872e-07 0.0 0.0 0.0 0.0 0.0 0.0 0.0 0.0 0.0 0.0 0.0 0.0 0.0 0.0 0.0 0.0 0.0 0.0 0.0 0.0 0.0 0.0 0.0 0.0 0.0 0.0 0.0 0.0 0.0 0.0 0.0 0.0 0.0 0.0 0.0 0.0 0.0 0.0 0.0 0.0 0.0 0.0 0.0 0.0
0.0 0.0 0.0 0.0 0.00154653 0.0 0.0 0.0 0.0 0.0 0.0 0.0 0.0 0.0 0.0 0.0 0.0 0.0 0.0 0.0 0.0 2.98023e-08 0.0 0.0 0.0 0.0 0.0 0.0 0.0 0.0 0.0 0.0 6.81579e-05 0.0 0.0 0.0 0.0 0.0 0.0 0.0 0.0 0.0 0.0 0.0 0.0 0.0 0.0 0.0 0.0 6.85453e-07 7.7188e-06 0.0 0.0 0.0 0.0 0.0 0.0 0.0 0.0 0.0 0.0 0.0 0.0 0.982563
0.0 0.0 0.0 0.0 0.0 0.0 0.9867 0.0 1.78814e-07 0.0 0.0 0.0 0.0 0.0 0.0 0.0 0.0 0.00323462 2.38419e-07 0.0 0.0 2.98023e-07 0.0 0.0 0.0 0.0 0.0 0.0 3.73423e-05 0.0 0.0 1.49012e-07 6.21676e-05 0.0 0.0 0.0 1.10269e-06 0.0 0.0 0.0 0.0 0.0 0.0 0.186009 0.0 9.83477e-07 0.0 0.0 0.0 1.49012e-07 0.0 3.95179e-05 0.0 0.0 0.0 0.0 0.0 0.0 0.0 3.27826e-07 7.7337e-05 4.67896e-06 4.76837e-07 0.0
0.0 0.0 0.0 0.999996 0.0 0.0 0.0 0.0 0.0 0.0 0.0 0.0 0.0 0.0 0.0 0.0 0.0 0.0 0.0 0.0 0.0 0.0 0.0 0.0 0.0 0.0 0.0 0.0 0.0 0.0 0.0 0.0 0.0 0.0 0.0 0.0 0.0 0.0 0.0 0.0 0.0 0.0 0.0 0.0 0.0 0.0 0.0 0.0 0.0 0.0 0.0 0.0 0.0 0.0 0.0 0.0 0.0 0.0 0.0 0.0 0.0 0.0 0.0 0.0
0.0 0.0 0.0 0.0 0.0 0.0 0.0 0.0 0.0 0.0 9.86457e-06 0.0 0.0 0.0 0.0 0.0 0.0 0.0 0.0 0.0 0.0 0.0 0.0 0.0 0.0 0.0 0.0 0.0 0.0 0.0 0.0 0.0 0.0 0.0 0.0 0.0 0.0 0.0 0.0 0.0 0.0 0.0 0.0 0.0 0.0 0.0 0.0 0.0 0.0 0.0 0.0 0.0 0.0 0.0 0.0 0.0 0.0 0.0 0.0 0.0 0.0 0.0 0.0 0.0
0.0 0.0 0.0 0.0 0.0 0.0 0.0 0.0 0.0 0.0 0.0 0.0 0.0 0.0 0.0 0.0 0.999991 0.0 0.0 0.0 0.0 0.0 0.0 0.0 0.0 0.0 0.0 0.0 0.0 0.0 0.0 0.0 0.0 0.0 0.0 0.0 0.0 0.0 0.0 0.0 0.0 0.0 0.0 0.0 0.0 0.0 0.0 0.0 0.0 0.0 0.0 0.0 0.0 0.0 0.0 0.0 0.0 0.0 0.0 0.0 0.0 0.0 0.0 0.0
0.0 0.0 0.0 0.0 0.0 0.0 0.0 0.0 0.0 0.0 0.0 0.0 0.0 0.0 0.0 0.0 0.0 0.0 0.0 0.0 0.0 0.0 0.0 0.0 0.0 0.0 0.0 0.0 0.0 0.0 0.0 0.0 0.0 0.9978 0.0 0.0 0.0 0.0 0.0 0.0 0.0 0.0 0.0 0.0 0.0 0.0 0.0 0.0 0.0 0.0 0.0 0.0 0.0 0.0 0.0 0.0 0.0 0.0 0.0 0.0 0.0 0.0 0.0 0.0
0.0 0.0 0.0 0.0 0.0 0.0 0.0 0.0 0.0 0.0 0.939031 0.0 0.0 1.81794e-06 0.0 0.0 0.0 0.0 0.0 0.0 0.0 0.0 0.0 0.0 0.0 0.0 0.0 0.0 0.0 0.0 0.0 0.0 0.0 0.0 0.0 0.0 0.0 0.0 0.0 0.0 0.0 0.0 0.0 0.0 0.0 0.0 0.0 0.0 0.0 0.0 0.0 0.0 0.0 0.0 0.0 0.0 0.0 0.0 0.0 0.0 0.0 0.0 0.0 0.0
0.0 0.0 0.0 0.0 0.0 0.0 0.0 0.0 0.0 0.0 0.0 0.0 0.0 0.0 0.0 0.0 0.0 0.0 0.0 0.0 0.0 0.0 0.998466 0.0 0.0 0.0 0.0 0.0 0.0 0.0 0.0 0.0 0.0 0.0 0.0 0.0 0.0 0.0 0.0 0.0 0.0 0.0 0.0 0.0 0.0 0.0 0.0 0.0 0.0 0.0 2.6226e-06 0.0 0.0 0.0 0.0 0.0 0.0 0.0 0.0 0.0 0.0 0.0 0.0 0.0
0.0 0.0 0.0 0.0 0.0 0.0 2.68221e-07 0.0 0.0 0.0 0.0 0.0 0.0 0.0 0.0 0.0 0.0 0.0 0.0 0.0 0.0 1.78814e-07 0.0 0.0 0.0 0.0 0.0 0.0 0.0 0.0 8.9407e-08 0.0 0.0 0.0 0.0 0.0 1.19209e-07 0.0 0.0 0.0 0.0 0.989977 0.0 0.0 0.0 0.0 0.0 1.07288e-06 0.0 0.0 0.0 0.0 0.0 0.0 0.0 0.0 0.0 0.0 0.0 0.0 9.67979e-05 0.0 6.85453e-07 0.0
0.0 0.0 0.0 0.0 8.9407e-08 0.982711 2.98023e-08 0.0 0.0 0.0 0.0 0.0 0.0 0.0 0.0 0.0 0.0 0.0 0.0 0.0 0.0 0.0 0.0 0.0 0.0 0.0 8.9407e-08 0.0 2.98023e-07 0.0 0.0 0.0 0.0 0.0 0.0 0.0 0.0 0.0 0.0 0.0 0.0 0.0 0.0 0.0 1.29044e-05 0.0 0.0 0.0 0.0 0.0 0.0 0.0 0.0 0.0 0.0 0.0 0.0 2.05636e-06 0.0 0.0357181 0.0 2.38419e-06 0.0 0.0
7.30157e-06 0.0 0.0 0.0 0.0 0.0 0.000406444 0.0 0.0 0.0 0.0 0.0 0.0 0.0 0.000310868 0.0 0.0 3.43621e-05 1.2219e-05 0.0 1.19209e-07 0.0 0.0 0.0 0.0 3.30806e-06 0.0 0.0 0.0428616 9.71556e-06 0.0 0.0593754 0.0 0.0 0.000748694 1.70767e-05 8.9407e-08 0.0 0.0 0.0 0.0 0.0 0.0 0.00340074 0.0 0.00280324 0.0 0.0 0.0 0.0 0.0 0.971962 0.0 0.0 0.0 0.0 0.0 0.0 0.0 0.0 6.85453e-06 0.0 8.9407e-08 0.0
0.0 0.0 0.0 0.0 0.0 0.0 3.38852e-05 0.0 2.38419e-07 0.0 0.0 0.0 0.0 0.0 0.0 0.0 0.0 5.16772e-05 8.9407e-08 0.0 0.0 0.0 0.0 0.0 0.0 0.0 0.0 0.0 0.0 0.0 0.0 1.78814e-07 0.0 0.0 0.0 0.0 0.999976 0.0 0.0 0.0 0.0 8.9407e-08 0.0 5.66244e-07 0.0 2.38419e-07 0.0 0.0 0.0 0.0 0.0 2.38419e-07 0.0 0.0 0.0 0.0 0.0 0.0 0.0 0.0 1.78814e-07 0.0 2.6226e-06 0.0
0.0 0.0 0.0 0.0 0.0 0.0 0.0 0.0 0.0 0.0 0.0 0.989206 0.0 0.0 0.0 0.0 0.0 0.0 0.0 0.0 0.0 0.0 0.0 0.0 0.0 0.0 0.0 0.0 0.0 0.0 0.0 0.0 0.0 0.0 0.0 0.0 0.0 0.0 0.0 0.0 0.0 0.0 0.0 0.0 0.0 0.0 0.0 0.0 0.0 0.0 0.0 0.0 0.0 0.0 0.0 8.9407e-08 0.0 0.0 0.0 0.0 0.0 0.0 0.0 0.0
0.0 0.0 0.0 0.0 5.06639e-07 0.00431418 0.0 0.0 2.98023e-08 0.0 0.0 0.0 0.0 0.0 0.0 0.0 0.0 0.0 0.0 0.0 0.0 0.0 0.0 0.0 8.9407e-08 0.0 2.08616e-07 0.0 0.0 0.0 0.0 0.0 1.19209e-07 0.0 0.0 0.0 0.0 0.0 0.0 0.0 0.0 0.0 0.0 0.0 3.07858e-05 0.0 0.0 0.0 0.0 0.0 0.0 0.0 0.0 0.0 0.0 0.0 0.0 1.90437e-05 0.0 0.983674 0.0 8.04663e-06 0.0 0.0
27 24 28 4 43 61 60 50 8 25 58 35 52 36 51 63 1 17 41 48 3 20 6 59 38 62 45 55 54 47 30 5 7 11 19 33 16 32 40 44 21 31 14 56 15 34 0 2 29 18 9 10 13 39 26 57 46 53 42 37 12 23 49 22
