8
0.836898 0.0 0.0 0.0 0.0 0.980146 8.85129e-06 0.0 0.853211 0.0 0.0 0.0 4.65214e-05 0.0 0.0 0.0 0.000175267 0.0 0.0 0.0 0.0 0.0 0.0 0.0 0.0 0.0 0.0 0.0 0.000108749 0.0 0.0 0.0 0.0 8.9407e-08 0.0 0.0 0.0 0.000934809 0.0 0.00755793 0.0 0.0 0.0 0.0 0.00217476 1.01328e-06 0.0 2.08616e-07 0.0 0.0 0.0 0.0 0.0 1.07288e-06 0.0 0.0 0.0 0.0017764 0.0 0.0 0.0 0.0 0.0 0.0
0.0 2.08616e-07 0.0 0.0 0.0 0.0 0.0 0.0 0.0 0.0 0.0 0.0 0.0 0.0 0.0 0.0 0.0 0.0 0.990425 0.0 0.0 0.0 0.000791937 0.0 0.0 0.0 0.0 8.01384e-05 0.0 0.0 0.0 0.0 2.98023e-08 0.0 0.0 0.0 0.0 0.0 0.0 0.0 0.0 0.0 0.0 0.0 0.0 0.0 0.0 0.0 0.0 0.0 0.000639796 0.0 0.0 0.0 0.0 0.0 0.0 0.0 0.0 0.0 0.0 0.0 0.0 0.00211987
0.0 0.0 6.32703e-05 0.0 0.0 0.0 0.0 0.0 0.0 0.0 0.0 7.24196e-05 0.0 0.0 0.0 0.0 0.0 0.0 0.0 0.000230163 0.0 0.0 0.0 0.0 0.0 0.00267345 0.0 9.31323e-05 0.0 0.0 0.0 0.192836 0.342404 0.0 0.0 0.0 0.0 0.0 0.0 0.0 0.0 0.00313699 0.0 0.270464 0.0 0.0 0.0 0.0 0.0 0.0 0.0 0.0 0.0 0.0 0.0 0.0 0.0 0.0 0.0 0.0 0.0 0.0 0.0 0.0
0.0 0.0 0.0 0.0146316 0.0 0.0 0.0 0.0 0.0 0.0 0.0 0.0 0.0 0.0 0.0 0.0 0.0 0.0 0.0 0.0 0.0 0.0 0.0 0.0 3.57628e-07 0.0 0.0 0.0 0.0 0.734097 0.0 0.0 0.0 0.0 0.0 0.0 2.92063e-06 0.0 0.0 0.0 0.0 0.0 0.0 0.0 0.0 0.0 0.0 0.0 0.0 0.0 0.0 0.0 0.0 0.0 0.0 0.0 0.0 0.0 0.0 0.0 0.0 0.0 0.0 0.0
0.0 0.0 0.0 0.982322 0.0 0.0 0.0 0.0 0.0 0.0 0.0 0.0 0.0 0.0 0.0 0.0 0.0 0.0 0.0 0.0 0.0 0.0 0.0 0.0 1.49012e-07 0.0 0.0 0.0 0.0 1.49906e-05 0.0 0.0 0.0 0.0 0.0 0.0 8.04663e-07 0.0 0.0 0.0 0.0 0.0 0.0 0.0 0.0 0.0 0.0 0.0 0.0 0.0 0.0 0.0 0.0 0.0 0.0 0.0 0.0 0.0 0.0 0.0 0.0 0.0 0.0 0.0
1.19209e-07 0.0 0.0 0.0 0.0 0.00139928 2.68221e-07 0.0 0.750186 0.0 0.0 0.0 0.0 0.0 0.0 0.0 0.000395536 0.0 0.0 0.0 0.0 0.0 0.0 0.0 0.0 0.0 0.0 0.0 2.41399e-06 0.0 0.0 0.0 0.0 0.0928333 0.0 0.0 0.0 0.522848 0.0 0.982497 0.0 0.0 0.0 0.0 0.0 0.466319 0.0 0.255488 0.0 0.0 0.0 0.0 0.0 0.0 0.0 7.15256e-07 0.0 0.988059 0.0 0.0 0.0 5.96046e-08 0.0 0.0
0.0 0.0 0.0 0.0 1.19209e-06 0.0 0.0 0.0 0.0 0.0 0.0 0.0 0.0 0.0 0.0 0.0 0.0 0.0 0.0 0.0 0.0 0.0 0.0 2.98023e-08 0.0 0.0 0.0 0.0 0.0 0.0 0.0 0.0 0.0 0.0 0.0 0.0 0.0 0.0 0.0 0.0 0.0 0.0 0.0 0.0 0.0 0.0 0.0 0.0 0.0 0.0 0.0 0.997815 0.0 0.0 0.0 0.0 1.55568e-05 0.0 0.0 0.0 0.0 0.0 0.0 0.0
0.0 0.0 0.0 0.0 0.0 0.0 0.0 0.0 0.0 0.0 0.0 0.0 0.0 0.0 0.0 0.0 0.0 0.0 0.0 0.0 0.0 0.0 0.0 0.0 0.0 0.0 0.0 0.0 0.0 0.0 0.0 0.0 0.0 0.0 0.0 0.0 0.0 0.0 0.0 0.0 0.0 0.0 0.0 0.0 0.0 0.0 0.0 0.0 0.0 0.0 0.0 0.0 0.0 0.0 0.0 0.0 0.0 0.0 0.0 0.0 0.0 0.0 0.0 0.0
0.0 0.0 0.0 0.0 0.0 0.0 2.98023e-08 0.0 0.0 0.997728 0.0 0.0 1.04308e-06 0.0 0.0 0.0 0.0 0.0 0.0 0.0 0.0 0.0 0.0 0.0 0.0 0.0 0.0 0.0 0.0 0.0 0.0 0.0 0.0 0.0 0.0 0.0 0.0 0.0 0.0 0.0 0.0 0.0 0.0 0.0 0.0 0.0 0.0 0.0 0.0 0.0 0.0 0.0 0.0 0.0 0.0 0.0 0.0 0.0 9.92417e-06 0.0 0.0 0.0 0.0 0.0
0.0 0.0 0.0 0.0 0.519904 0.0 0.0 0.0 0.0 0.0 0.0387696 0.0 0.0 0.0 0.0 0.0 0.0 0.0 0.0 0.0 0.0 0.0 0.0 0.000145465 0.0 0.0 0.0 0.0 0.0 0.0 0.0 0.0 0.0 0.0 0.0 0.0 0.0 0.0 0.0 0.0 0.0 0.0 0.0 0.0 0.0 0.0 0.0 0.0 0.0 0.0 0.0 0.0 0.0 0.0 0.0 0.0 0.0138687 0.0 0.0 0.0 0.0 0.0 0.986721 0.0
0.0 0.0 0.0 3.57628e-07 0.0 0.0 0.0 0.0 0.0 0.0 0.0 0.0 0.0 0.0 0.0 0.0 0.0 0.0 0.0 0.0 0.0 0.0 0.0 0.0 0.0 0.0 0.0 0.0 0.0 0.987194 0.0 0.0 0.0 0.0 0.0 0.0 0.0 0.0 0.0 0.0 0.0 0.0 0.0 0.0 0.0 0.0 0.0 0.0 0.0 0.0 0.0 0.0 0.0 0.0 0.0 0.0 0.0 0.0 0.0 0.0 0.0 0.0 0.0 0.0
0.0 0.0 0.00108343 0.0 0.0 0.0 0.0 0.0 0.0 0.0 0.0 3.27826e-07 0.0 0.0 0.0 0.0 0.0 0.0 0.0 9.53674e-07 0.0 0.0 0.0 0.0 0.0 2.63751e-05 0.0 8.9407e-08 0.0 0.0 0.0 0.000102103 0.000826836 0.0 0.0 0.0 0.0 0.0 0.0 0.0 0.0 2.41995e-05 0.0 6.07073e-05 0.0 0.0 0.0 0.0 0.0 0.0 0.0 0.0 0.0 0.0 0.0 0.0 0.0 0.0 0.0 0.0 0.0 0.0 0.0 0.0
0.00954825 0.0 0.0 0.0 0.0 1.55568e-05 0.00962293 0.0 7.15256e-07 5.1856e-06 0.0 0.0 0.992713 0.0 0.0 2.98023e-08 0.0 0.0 0.0 0.0 0.0 0.0 0.0 0.0 0.0 0.0 0.0 0.0 0.000108838 0.0 0.0 0.0 0.0 0.0 0.0 0.0 0.0 0.0 0.0 0.0 0.0 0.0 0.00019154 0.0 0.00316188 0.0 0.0 0.0 0.0 0.0 0.0 0.0 0.0 0.000374556 0.0 0.0 0.0 0.0 0.967363 0.0 0.0 0.0 0.0 0.0
0.0 0.0 0.0 8.9407e-08 0.0 0.0 0.0 0.0 0.0 0.0 0.0 0.0 0.0 0.0 0.0 0.0 0.0 0.0 0.0 0.0 0.0 0.0 0.0 0.0 0.0 0.0 0.0 0.0 0.0 0.0 0.0 0.0 0.0 0.0 0.0 0.0 0.999807 0.0 0.0 0.0 0.0 0.0 0.0 0.0 0.0 0.0 0.0 0.0 0.0 0.0 0.0 0.0 0.0 0.0 0.0 0.0 0.0 0.0 0.0 0.0 0.0 0.0 0.0 0.0
0.0 0.0 0.0 0.0 0.0 8.9407e-08 0.0 0.0 0.00110337 0.0 0.0 0.0 0.0 0.0 0.0 0.0 0.000354201 0.0 0.0 0.0 0.0 0.0 0.0 0.0 0.0 0.0 0.0 0.0 8.64267e-07 0.0 0.0 0.0 0.0 0.967863 0.0 0.0 0.0 0.438356 0.0 0.6934 0.0 0.0 0.0 0.0 0.0 0.99146 0.0 0.971851 0.0 3.78489e-06 0.0 0.0 0.0 0.0 0.0 0.0128086 0.0 0.888163 0.0 0.0 0.0 0.000316501 0.0 0.0
0.0 0.0 0.0 0.0 0.0 0.0 0.0 0.0 0.0 0.0 0.0 0.0 0.0 0.0 0.0 0.0 0.0 0.0 0.0 0.0 0.0 0.0 0.0 0.0 0.0 0.0 0.0 0.0 0.0 0.0 0.0 0.0 0.0 0.0 0.99461 0.0 0.0 0.0 0.0 0.0 0.0 0.0 0.0 0.0 0.0 0.0 0.0 0.0 0.0 0.0 0.0 0.0 0.0 0.0 0.0 0.0 0.0 0.0 0.0 0.0 0.0 0.0 0.0 0.0
0.0 0.0 0.0 0.0 0.0 7.61747e-05 5.66244e-07 0.0 0.10888 0.0 0.0 0.0 0.0 0.0 0.0 0.0 0.681703 0.0 0.0 0.0 0.0 0.0 0.0 0.0 0.0 0.0 0.0 0.0 0.0127038 0.0 0.0 0.0 0.0 0.463029 0.0 0.0 0.0 0.982219 0.0 0.454734 0.0 0.0 0.0 0.0 0.0 0.53374 0.0 0.486858 0.0 0.0 0.0 0.0 0.0 0.0 0.0 1.40071e-05 0.0 0.212852 0.0 0.0 0.0 2.38419e-07 0.0 0.0
0.0 0.0 0.0 0.0 0.0 0.0 0.0 0.990782 0.0 0.0 0.0 0.0 0.0 0.0 0.0 0.0 0.0 0.0 0.0 0.0 0.0 0.0 0.0 0.0 0.0 0.0 0.0 0.0 0.0 0.0 0.0 0.0 0.0 0.0 0.0 0.0 0.0 0.0 0.0 0.0 0.0 0.0 0.0 0.0 0.0 0.0 0.0 0.0 0.0 0.0 0.0 0.0 0.0 0.0 0.0 0.0 0.0 0.0 0.0 0.0 0.0 0.0 0.0 0.0
0.0 0.0 5.96046e-08 0.0 0.0 0.0 0.0 0.0 0.0 0.0 0.0 1.78814e-07 0.0 0.0 0.0 0.0 0.0 0.0 2.08616e-07 3.42727e-06 0.0 0.0 8.9407e-08 0.0 0.0 0.0019736 0.0 0.0113015 0.0 0.0 0.0 0.00413108 0.977122 0.0 0.0 0.0 0.0 0.0 0.0 0.0 0.0 5.33462e-06 0.0 0.0221599 0.0 0.0 0.0 0.0 0.0 0.0 0.0 0.0 0.0 0.0 0.0 0.0 0.0 0.0 0.0 0.0 0.0 0.0 0.0 1.49012e-07
0.0 0.0 5.57601e-05 0.0 0.0 0.0 0.0 0.0 0.0 0.0 0.0 5.45084e-05 0.0 0.0 0.0 0.0 0.0 0.0 0.0 0.00427988 0.0 0.0 0.0 0.0 0.0 0.000183016 0.0 7.30157e-06 0.0 0.0 0.0 0.460308 0.265811 0.0 0.0 0.0 0.0 0.0 0.0 0.0 0.0 0.021835 0.0 0.83203 0.0 0.0 0.0 0.0 0.0 0.0 0.0 0.0 0.0 0.0 0.0 0.0 0.0 0.0 0.0 0.0 0.0 0.0 0.0 0.0
0.0 0.00427103 0.0 0.0 0.0 0.0 0.0 0.0 0.0 0.0 0.0 0.0 0.0 0.0 0.0 0.0 0.0 0.996974 0.0 0.0 0.0 0.0 0.0 0.0 0.0 0.0 0.0 0.0 0.0 0.0 0.0 0.0 0.0 0.0 0.0 0.0 0.0 0.0 0.0 0.0 0.0 0.0 0.0 0.0 0.0 0.0 0.0 0.0 0.0 0.0 0.0 0.0 0.0 0.0 0.0 0.0 0.0 0.0 0.0 0.0 0.0 0.0 0.0 0.0
2.98023e-06 0.0 0.0 0.0 0.0 0.0 0.0 0.0 0.0 0.0 0.0 0.0 0.000734717 0.0 0.926445 0.918686 0.0 0.0 0.0 0.0 0.0 7.57277e-05 0.0 0.0 0.0 0.0 0.637888 0.0 0.0 0.0 0.243781 0.0 0.0 0.0 0.0 1.2815e-06 0.0 0.0 0.0 0.0 0.948109 0.0 0.381223 0.0 2.12193e-05 0.0 0.887456 0.0 1.3411e-06 0.0 0.0 0.0 0.0 0.00745484 0.0 0.0 0.0 0.0 8.9407e-08 0.0 0.0 0.0 0.0 0.0
0.0 0.0 7.24196e-06 0.0 0.0 0.0 0.0 0.0 0.0 0.0 0.0 4.29153e-06 0.0 0.0 0.0 0.0 0.0 0.0 0.0 0.000469565 0.0 0.0 2.98023e-08 0.0 0.0 0.000231981 0.0 4.38094e-06 0.0 0.0 0.0 0.179954 0.219343 0.0 0.0 0.0 0.0 0.0 0.0 0.0 0.0 0.000966907 0.0 0.984047 0.0 0.0 0.0 0.0 0.0 0.0 0.0 0.0 0.0 0.0 0.0 0.0 0.0 0.0 0.0 0.0 0.0 0.0 0.0 0.0
0.0 0.0 0.0 0.0 0.0 0.0 0.0 0.0 0.0 0.0 0.0 0.0 0.0 0.0 0.0 0.0 0.0 0.0 0.0 0.0 0.0 0.0 0.0 3.41535e-05 0.0 0.0 0.0 0.0 0.0 0.0 0.0 0.0 0.0 0.000247806 0.0 0.0 0.0 0.0 0.0 0.0 0.0 0.0 0.0 0.0 0.0 0.000287712 0.0 4.71771e-05 0.0 0.00159097 0.0 0.0 0.0 0.0 0.0 0.724241 0.000548869 2.98023e-08 0.0 0.0 0.0 0.982683 0.0 0.0
0.0 0.0 0.0 0.0 0.0 0.0 0.0 0.0 0.0 0.0 0.0 0.0 0.0 0.0 0.0 0.0 0.0 0.0 4.70281e-05 0.0 0.0 0.0 1.49012e-07 0.0 0.0 1.16229e-06 0.0 0.984574 0.0 0.0 0.0 2.98023e-07 0.00288931 0.0 0.0 0.0 0.0 0.0 0.0 0.0 0.0 0.0 0.0 3.57628e-07 0.0 0.0 0.0 0.0 0.0 0.0 0.0 0.0 0.0 0.0 0.0 0.0 0.0 0.0 0.0 0.0 0.0 0.0 0.0 1.19209e-07
0.0 0.0 0.955037 0.0 0.0 0.0 0.0 0.0 0.0 0.0 0.0 0.0 0.0 0.0 0.0 0.0 0.0 0.0 0.0 0.0 0.0 0.0 0.0 0.0 0.0 0.0 0.0 0.0 0.0 0.0 0.0 2.05636e-06 3.15011e-05 0.0 0.0 0.0 0.0 0.0 0.0 0.0 0.0 4.88758e-06 0.0 0.00577456 0.0 0.0 0.0 0.0 0.0 0.0 0.0 0.0 0.0 0.0 0.0 0.0 0.0 0.0 0.0 0.0 0.0 0.0 0.0 0.0
0.00653958 0.0 0.0 0.0 0.0 0.810906 0.000104249 0.0 0.984978 0.0 0.0 0.0 1.78814e-07 0.0 0.0 0.0 0.00986689 0.0 0.0 0.0 0.0 0.0 0.0 0.0 0.0 0.0 0.0 0.0 0.00167418 0.0 0.0 0.0 0.0 0.000112087 0.0 0.0 0.0 0.299648 0.0 0.804761 0.0 0.0 0.0 0.0 1.99676e-06 0.0010874 0.0 0.000389069 0.0 0.0 0.0 0.0 0.0 0.0 0.0 0.0 0.0 0.420115 0.0 0.0 0.0 0.0 0.0 0.0
0.0 0.0 9.50694e-06 0.0 0.0 0.0 0.0 0.0 0.0 0.0 0.0 0.0153711 0.0 0.0 0.0 0.0 0.0 0.0 0.0 0.847838 0.0 0.0 0.0 0.0 0.0 0.000105441 0.0 2.98023e-08 0.0 0.0 0.0 0.907911 0.00165254 0.0 0.0 0.0 0.0 0.0 0.0 0.0 0.0 0.975417 0.0 0.78899 0.0 0.0 0.0 0.0 0.0 0.0 0.0 0.0 0.0 0.0 0.0 0.0 0.0 0.0 0.0 0.0 0.0 0.0 0.0 0.0
2.08616e-07 0.0 0.0 0.0 0.0 2.95043e-05 8.07643e-06 0.0 0.00211254 0.0 0.0 0.0 0.0 0.0 0.0 0.0 0.982666 0.0 0.0 0.0 0.0 0.0 0.0 0.0 0.0 0.0 0.0 0.0 0.948548 0.0 0.0 0.0 0.0 0.00527966 0.0 0.0 0.0 0.659187 0.0 0.000512838 0.0 0.0 0.0 0.0 0.0 0.00210315 0.0 0.0032745 0.0 0.0 0.0 0.0 0.0 0.0 0.0 9.23872e-07 0.0 0.000201702 0.0 0.0 0.0 2.98023e-08 0.0 0.0
0.0 0.0 0.0 0.0 0.0 0.0 0.0 0.0 0.0 0.0 0.0 0.0 0.0 0.0 0.0 0.0 0.0 0.0 0.0 0.0 0.0 0.0 0.0 0.0 0.0 0.0 0.0 0.0 0.0 0.0 0.0 0.0 0.0 0.0 0.0 0.0 0.0 0.0 0.0 0.0 0.0 0.0 0.0 0.0 0.0 0.0 0.0 0.0 0.0 0.0 0.0 0.0 0.0 0.0 0.0 0.0 0.0 0.0 0.0 0.980448 0.0 0.0 0.0 0.0
0.000222564 0.0 0.0 0.0 0.0 0.0 0.0 0.0 0.0 0.0 0.0 0.0 0.0120065 0.0 0.868467 0.930716 0.0 0.0 0.0 0.0 0.0 8.9407e-08 0.0 0.0 0.0 0.0 0.0350095 0.0 0.0 0.0 0.00156274 0.0 0.0 0.0 0.0 0.0 0.0 0.0 0.0 0.0 0.943241 0.0 0.940086 0.0 0.00156131 0.0 0.46968 0.0 0.0 0.0 0.0 0.0 0.0 0.359733 0.0 0.0 0.0 0.0 2.08616e-07 0.0 0.0 0.0 0.0 0.0
0.0 1.55866e-05 0.0 0.0 0.0 0.0 0.0 0.0 0.0 0.0 0.0 0.0 0.0 0.0 0.0 0.0 0.0 5.96046e-08 0.00251666 0.0 0.0 0.0 3.34978e-05 0.0 0.0 2.98023e-08 0.0 1.49012e-07 0.0 0.0 0.0 0.0 0.0 0.0 0.0 0.0 0.0 0.0 0.0 0.0 0.0 0.0 0.0 0.0 0.0 0.0 0.0 0.0 0.0 0.0 0.977644 0.0 0.0 0.0 0.0 0.0 0.0 0.0 0.0 0.0 0.0 0.0 0.0 0.031739
0.0 0.0 1.19209e-07 0.0 0.0 0.0 0.0 0.0 0.0 0.0 0.0 0.00119689 0.0 0.0 0.0 0.0 0.0 0.0 0.0 0.512396 0.0 0.0 0.0 0.0 0.0 5.96046e-08 0.0 0.0 0.0 0.0 0.0 0.00291142 1.41263e-05 0.0 0.0 0.0 0.0 0.0 0.0 0.0 0.0 0.975849 0.0 0.00249118 0.0 0.0 0.0 0.0 0.0 0.0 0.0 0.0 0.0 0.0 0.0 0.0 0.0 0.0 0.0 0.0 0.0 0.0 0.0 0.0
0.0 0.0 0.0 0.0 0.0 0.0 0.0 0.0 2.36928e-05 0.0 0.0 0.0 0.0 0.0 0.0 0.0 0.000293523 0.0 0.0 0.0 0.0 0.0 0.0 0.0 0.0 0.0 0.0 0.0 7.15256e-07 0.0 0.0 0.0 0.0 0.979224 0.0 0.0 0.0 0.159219 0.0 0.0686189 0.0 0.0 0.0 0.0 0.0 0.989865 0.0 0.982263 0.0 5.33462e-06 0.0 0.0 0.0 0.0 0.0 0.0508402 0.0 0.433205 0.0 0.0 0.0 0.00101659 0.0 0.0
0.0 3.8743e-07 0.0 0.0 0.0 0.0 0.0 0.0 0.0 0.0 0.0 0.0 0.0 0.0 0.0 0.0 0.0 1.18017e-05 0.000427395 0.0 0.0 0.0 0.0426885 0.0 0.0 3.27826e-06 0.0 2.05636e-06 0.0 0.0 0.0 0.0 8.9407e-08 0.0 0.0 0.0 0.0 0.0 0.0 0.0 0.0 0.0 0.0 0.0 0.0 0.0 0.0 0.0 0.0 0.0 0.000968307 0.0 0.0 0.0 0.0 0.0 0.0 0.0 0.0 0.0 0.0 0.0 0.0 0.981215
0.0 0.0 0.0 0.0 0.0 0.0 0.0 0.0 0.0 0.0 0.0 0.0 4.11272e-06 1.11759e-05 0.857409 0.08358 0.0 0.0 0.0 0.0 0.0 0.175389 0.0 0.0 0.0 0.0 0.90351 0.0 0.0 0.0 0.844074 0.0 0.0 0.0 0.0 0.00943756 0.0 0.0 0.0 0.0 0.696281 0.0 0.000779867 0.0 1.19209e-07 0.0 0.88805 0.0 0.00940856 0.0 0.0 0.0 0.0 8.85129e-06 0.0 0.0 0.0 0.0 0.0 0.0 0.0 0.0 0.0 0.0
0.0 0.0 0.0 0.0 0.0 0.0 0.0 0.0 0.0 0.0 0.0 6.04689e-05 0.0 0.0 0.0 0.0 0.0 0.0 1.78814e-07 3.45707e-06 0.0 0.0 1.75834e-06 0.0 0.0 0.978194 0.0 1.45435e-05 0.0 0.0 0.0 0.00697988 0.0154982 0.0 0.0 0.0 0.0 0.0 0.0 0.0 0.0 1.46031e-06 0.0 0.000457495 0.0 0.0 0.0 0.0 0.0 0.0 0.0 0.0 0.0 0.0 0.0 0.0 0.0 0.0 0.0 0.0 0.0 0.0 0.0 6.25849e-07
0.0 0.0 0.0 0.0 0.0 0.0 0.0 0.0 0.0 0.0 0.0 0.0 0.0 0.0 0.0 0.0 0.0 0.0 0.0 0.0 0.0 0.0 0.0 7.70092e-05 0.0 0.0 0.0 0.0 0.0 0.0 0.0 0.0 0.0 1.19209e-07 0.0 0.0 0.0 0.0 0.0 0.0 0.0 0.0 0.0 0.0 0.0 2.08616e-07 0.0 2.98023e-08 0.0 0.982019 0.0 0.0 0.0 0.0 0.0 0.0157355 0.00037387 0.0 0.0 0.0 0.0 0.000783741 0.0 0.0
0.0 0.0 0.0 0.0 0.0 0.0 0.0 0.0 0.0 0.0 0.0 0.0 0.0 0.0 0.0 0.0 0.0 0.0 0.0 0.0 0.996842 0.0 0.0 0.0 0.0 0.0 0.0 0.0 0.0 0.0 0.0 0.0 0.0 0.0 0.0 0.0 0.0 0.0 0.0 0.0 0.0 0.0 0.0 0.0 0.0 0.0 0.0 0.0 0.0 0.0 0.0 0.0 0.0 0.0 0.0 0.0 0.0 0.0 0.0 0.0 0.0 0.0 0.0 0.0
0.0 0.0 0.0 0.0 0.00355792 0.0 0.0 0.0 0.0 0.0 0.982775 0.0 0.0 0.0 0.0 0.0 0.0 0.0 0.0 0.0 0.0 0.0 0.0 9.23872e-07 0.0 0.0 0.0 0.0 0.0 0.0 0.0 0.0 0.0 0.0 0.0 0.0 0.0 0.0 0.0 0.0 0.0 0.0 0.0 0.0 0.0 0.0 0.0 0.0 0.0 0.0 0.0 0.0 0.0 0.0 0.0 0.0 7.00355e-06 0.0 0.0 0.0 0.0 0.0 0.122641 0.0
0.0 0.0 0.0 0.0 0.0 0.0 0.0 0.0 0.0 0.0 0.0 0.0 0.0 0.696535 6.54459e-05 2.68221e-07 0.0 0.0 0.0 0.0 0.0 0.848428 0.0 0.0 0.0 0.0 0.0302423 0.0 0.0 0.0 0.190011 0.0 0.0 0.0 0.0 0.839124 0.0 0.0 0.0 0.0 0.000892311 0.0 0.0 0.0 0.0 0.0 0.000578672 0.0 0.846324 0.0 0.0 0.0 0.0 0.0 0.0 0.0 0.0 0.0 0.0 0.0 0.0 0.0 0.0 0.0
0.0 0.0 9.95994e-05 0.0 0.0 0.0 0.0 0.0 0.0 0.0 0.0 0.000228256 0.0 0.0 0.0 0.0 0.0 0.0 0.0 0.141443 0.0 0.0 0.0 0.0 0.0 3.5882e-05 0.0 1.49012e-07 0.0 0.0 0.0 0.604282 0.0101522 0.0 0.0 0.0 0.0 0.0 0.0 0.0 0.0 0.770691 0.0 0.797529 0.0 0.0 0.0 0.0 0.0 0.0 0.0 0.0 0.0 0.0 0.0 0.0 0.0 0.0 0.0 0.0 0.0 0.0 0.0 0.0
0.0 0.0 0.0 0.0 0.0 0.0 0.0 0.0 0.0 0.0 0.0 0.0 0.0 0.67858 6.21676e-05 2.98023e-07 0.0 0.0 0.0 0.0 0.0 0.849836 0.0 0.0 0.0 0.0 0.0293255 0.0 0.0 0.0 0.211911 0.0 0.0 0.0 0.0 0.840602 0.0 0.0 0.0 0.0 0.000850618 0.0 0.0 0.0 0.0 0.0 0.000544935 0.0 0.847748 0.0 0.0 0.0 0.0 0.0 0.0 0.0 0.0 0.0 0.0 0.0 0.0 0.0 0.0 0.0
0.0 0.0 3.69549e-05 0.0 0.0 0.0 0.0 0.0 0.0 0.0 0.0 0.0 0.0 0.0 0.0 0.0 0.0 0.0 0.0 8.9407e-08 0.0 0.0 0.0 0.0 0.0 6.59823e-05 0.0 0.000146389 0.0 0.0 0.0 1.91331e-05 0.452954 0.0 0.0 0.0 0.0 0.0 0.0 0.0 0.0 4.47035e-06 0.0 0.0102321 0.0 0.0 0.0 0.0 0.0 0.0 0.0 0.0 0.0 0.0 0.0 0.0 0.0 0.0 0.0 0.0 0.0 0.0 0.0 0.0
0.0 0.0 0.0 0.0 0.0 0.0 0.0 0.0 0.0 0.0 0.0 0.0 2.08616e-07 0.000104934 0.573815 0.00638255 0.0 0.0 0.0 0.0 0.0 0.4578 0.0 0.0 0.0 0.0 0.826257 0.0 0.0 0.0 0.88794 0.0 0.0 0.0 0.0 0.0337262 0.0 0.0 0.0 0.0 0.697703 0.0 5.27799e-05 0.0 0.0 0.0 0.627524 0.0 0.0406349 0.0 0.0 0.0 0.0 6.25849e-07 0.0 0.0 0.0 0.0 0.0 0.0 0.0 0.0 0.0 0.0
0.0 0.0 0.0 0.0 0.0 0.0 0.0 0.0 0.0 0.0 0.0 0.0 0.0 0.0 0.0 0.0 0.0 0.0 0.0 0.0 0.0 0.0 0.0 0.0 0.0 0.0 0.0 0.0 0.0 0.0 0.0 0.0 0.0 0.0 0.0 0.0 0.0 0.0 0.0 0.0 0.0 0.0 0.0 0.0 0.0 0.0 0.0 0.0 0.0 0.0 0.0 0.0 0.0 0.0 0.986503 0.0 0.0 0.0 0.0 0.0 0.0 0.0 0.0 0.0
1.49012e-07 0.0 0.0 0.0 0.0 0.00207096 3.57628e-07 0.0 0.779233 0.0 0.0 0.0 0.0 0.0 0.0 0.0 0.000505954 0.0 0.0 0.0 0.0 0.0 0.0 0.0 0.0 0.0 0.0 0.0 3.51667e-06 0.0 0.0 0.0 0.0 0.156857 0.0 0.0 0.0 0.545321 0.0 0.982886 0.0 0.0 0.0 0.0 0.0 0.670685 0.0 0.426028 0.0 0.0 0.0 0.0 0.0 0.0 0.0 2.11596e-06 0.0 0.990623 0.0 0.0 0.0 0.0 0.0 0.0
0.0 0.0 0.0 0.0 0.0 0.0 0.0 0.0 0.0 0.0 0.0 0.0 0.0 0.0 0.0 0.0 2.98023e-08 0.0 0.0 0.0 0.0 0.0 0.0 6.25849e-07 0.0 0.0 0.0 0.0 0.0 0.0 0.0 0.0 0.0 0.0439225 0.0 0.0 0.0 5.36442e-07 0.0 2.98023e-08 0.0 0.0 0.0 0.0 0.0 0.0426458 0.0 0.0105736 0.0 0.0154521 0.0 0.0 0.0 0.0 0.0 0.984394 1.0699e-05 2.86102e-06 0.0 0.0 0.0 0.723054 0.0 0.0
2.08616e-07 0.0 0.0 0.0 0.0 0.0 0.0 0.0 0.0 0.0 0.0 0.0 0.000179648 2.98023e-08 0.918364 0.803013 0.0 0.0 0.0 0.0 0.0 0.0014931 0.0 0.0 0.0 0.0 0.860507 0.0 0.0 0.0 0.549897 0.0 0.0 0.0 0.0 2.5779e-05 0.0 0.0 0.0 0.0 0.86594 0.0 0.0511855 0.0 1.57952e-06 0.0 0.912248 0.0 2.55108e-05 0.0 0.0 0.0 0.0 0.000562102 0.0 0.0 0.0 0.0 1.19209e-07 0.0 0.0 0.0 0.0 0.0
0.0 0.0 0.0 0.0 0.0 0.0 0.0 0.0 0.0 0.0 0.0 0.0 0.0 0.0 0.0 0.0 0.0 0.0 0.0 0.0 1.99676e-06 0.0 0.0 0.0 0.0 0.0 0.0 0.0 0.0 0.0 0.0 0.0 0.0 0.0 0.0 0.0 0.0 0.0 0.983629 0.0 0.0 0.0 0.0 0.0 0.0 0.0 0.0 0.0 0.0 0.0 0.0 0.0 0.0 0.0 0.0 0.0 0.0 0.0 0.0 0.0 0.0 0.0 0.0 0.0
0.0 0.0 0.0 0.0 0.0 0.0 0.0 0.0 0.0 0.0 0.0 0.993651 0.0 0.0 0.0 0.0 0.0 0.0 0.0 0.043168 0.0 0.0 0.0 0.0 0.0 0.0003815 0.0 2.98023e-08 0.0 0.0 0.0 0.208981 1.01328e-06 0.0 0.0 0.0 0.0 0.0 0.0 0.0 0.0 0.0015074 0.0 4.25875e-05 0.0 0.0 0.0 0.0 0.0 0.0 0.0 0.0 0.000664115 0.0 0.0 0.0 0.0 0.0 0.0 0.0 0.0 0.0 0.0 0.0
0.0 0.0 0.0 0.0 0.0 0.0 0.0 0.0 0.0 0.0 0.0 0.0 0.0 0.0 0.0 0.0 0.0 0.0 0.0 0.0 0.0 0.0 0.0 0.0 0.0 0.0 0.0 0.0 5.96046e-08 0.0 0.0 0.0 0.0 0.0 0.0 0.0 0.0 0.0 0.0 0.0 0.0 0.0 0.0 0.0 0.0 0.0 0.0 0.0 0.0 0.0 0.0 0.0 0.0 0.0 0.0 0.0 0.0 0.0 0.0 0.0 0.990242 0.0 0.0 0.0
0.0 0.0 0.0 0.0 0.0 0.0 0.0 0.0 0.0 0.0 0.0 0.0661619 0.0 0.0 0.0 0.0 0.0 0.0 0.0 0.981028 0.0 0.0 0.0 0.0 0.0 1.66893e-06 0.0 0.0 0.0 0.0 0.0 0.29368 7.39098e-06 0.0 0.0 0.0 0.0 0.0 0.0 0.0 0.0 0.598891 0.0 0.0234949 0.0 0.0 0.0 0.0 0.0 0.0 0.0 0.0 6.85453e-07 0.0 0.0 0.0 0.0 0.0 0.0 0.0 0.0 0.0 0.0 0.0
0.0 0.0 0.0 0.0 0.0 0.0 0.0 0.0 0.0 0.0 0.0 0.0 0.0 0.203928 0.00142691 5.33462e-06 0.0 0.0 0.0 0.0 0.0 0.858697 0.0 0.0 0.0 0.0 0.391375 0.0 0.0 0.0 0.799526 0.0 0.0 0.0 0.0 0.790432 0.0 0.0 0.0 0.0 0.0116044 0.0 5.96046e-08 0.0 0.0 0.0 0.0128516 0.0 0.813895 0.0 0.0 0.0 0.0 0.0 0.0 0.0 0.0 0.0 0.0 0.0 0.0 0.0 0.0 0.0
0.0 0.994003 0.0 0.0 0.0 0.0 0.0 0.0 0.0 0.0 0.0 0.0 0.0 0.0 0.0 0.0 0.0 0.00566512 0.0 0.0 0.0 0.0 0.0 0.0 0.0 0.0 0.0 0.0 0.0 0.0 0.0 0.0 0.0 0.0 0.0 0.0 0.0 0.0 0.0 0.0 0.0 0.0 0.0 0.0 0.0 0.0 0.0 0.0 0.0 0.0 0.0 0.0 0.0 0.0 0.0 0.0 0.0 0.0 0.0 0.0 0.0 0.0 0.0 0.0
0.0 0.0 0.0 0.0 0.982643 0.0 0.0 0.0 0.0 0.0 0.0051266 0.0 0.0 0.0 0.0 0.0 0.0 0.0 0.0 0.0 0.0 0.0 0.0 1.19209e-07 0.0 0.0 0.0 0.0 0.0 0.0 0.0 0.0 0.0 0.0 0.0 0.0 0.0 0.0 0.0 0.0 0.0 0.0 0.0 0.0 0.0 0.0 0.0 0.0 0.0 0.0 0.0 1.49012e-07 0.0 0.0 0.0 0.0 6.39558e-05 0.0 0.0 0.0 0.0 0.0 0.304967 0.0
0.0 0.0 0.0 0.0 1.13249e-06 0.0 0.0 0.0 0.0 0.0 5.21541e-06 0.0 0.0 0.0 0.0 0.0 0.0 0.0 0.0 0.0 0.0 0.0 0.0 0.983292 0.0 0.0 0.0 0.0 0.0 0.0 0.0 0.0 0.0 0.0 0.0 0.0 0.0 0.0 0.0 0.0 0.0 0.0 0.0 0.0 0.0 0.0 0.0 0.0 0.0 1.53184e-05 0.0 2.08616e-07 0.0 0.0 0.0 8.9407e-08 0.998376 0.0 0.0 0.0 0.0 3.99351e-06 0.000374317 0.0
0.0 0.0 0.0 0.0 0.0 0.0 0.0 0.0 0.0 0.0 0.0 0.0 0.0 0.816184 2.68221e-07 0.0 0.0 0.0 0.0 0.0 0.0 0.60593 0.0 0.0 0.0 0.0 0.000137508 0.0 0.0 0.0 0.00186235 0.0 0.0 0.0 0.0 0.819683 0.0 0.0 0.0 0.0 9.95398e-06 0.0 0.0 0.0 0.0 0.0 2.74181e-06 0.0 0.827069 0.0 0.0 0.0 0.0 0.0 0.0 0.0 0.0 0.0 0.0 0.0 0.0 0.0 0.0 0.0
0.000315219 0.0 0.0 0.0 0.0 0.000117511 0.980244 0.0 0.00180715 0.0 0.0 0.0 0.0101853 0.0 0.0 0.0 0.00030145 0.0 0.0 0.0 0.0 0.0 0.0 0.0 0.0 0.0 0.0 0.0 0.821723 0.0 0.0 0.0 0.0 2.98023e-08 0.0 0.0 0.0 0.000110984 0.0 3.56734e-05 0.0 0.0 0.0 0.0 1.29044e-05 1.49012e-07 0.0 8.9407e-08 0.0 0.0 0.0 0.0 0.0 2.38419e-07 0.0 0.0 0.0 1.32918e-05 9.38475e-05 0.0 0.0 0.0 0.0 0.0
0.0 0.0 0.0 0.0 0.0 0.0 0.0 0.0 0.0 0.0 0.0 0.0 0.0 0.0 0.0 0.0 0.0 0.0 7.59959e-05 0.0 0.0 0.0 0.990191 0.0 0.0 2.38419e-06 0.0 2.98023e-08 0.0 0.0 0.0 0.0 0.0 0.0 0.0 0.0 0.0 0.0 0.0 0.0 0.0 0.0 0.0 0.0 0.0 0.0 0.0 0.0 0.0 0.0 6.55651e-07 0.0 1.3411e-06 0.0 0.0 0.0 0.0 0.0 0.0 0.0 0.0 0.0 0.0 0.0414578
0.0 0.0 0.0 2.98023e-07 0.0 0.0 0.0 0.0 0.0 0.0 0.0 0.0 0.0 0.0 0.0 0.0 0.0 0.0 0.0 0.0 0.0 0.0 0.0 0.0 0.994179 0.0 0.0 0.0 0.0 0.0 0.0 0.0 0.0 0.0 0.0 0.0 1.49012e-07 0.0 0.0 0.0 0.0 0.0 0.0 0.0 0.0 0.0 0.0 0.0 0.0 0.0 0.0 0.0 0.0 0.0 0.0 0.0 0.0 0.0 0.0 0.0 0.0 0.0 0.0 0.0
0.0 0.0 0.0 0.0 0.0 0.0 0.0 0.0 1.49012e-06 0.0 0.0 0.0 0.0 0.0 0.0 0.0 0.00031516 0.0 0.0 0.0 0.0 0.0 0.0 0.0 0.0 0.0 0.0 0.0 6.85453e-07 0.0 0.0 0.0 0.0 0.98194 0.0 0.0 0.0 0.0538061 0.0 0.00626016 0.0 0.0 0.0 0.0 0.0 0.975593 0.0 0.965697 0.0 1.2368e-05 0.0 0.0 0.0 0.0 0.0 0.235014 0.0 0.0544525 0.0 0.0 0.0 0.00897533 0.0 0.0
0.0 0.0 0.0 0.0 0.0 0.0 0.0 0.0 0.0 0.0 0.0 0.0028415 0.0 0.0 0.0 0.0 0.0 0.0 0.0 2.32458e-06 0.0 0.0 1.27852e-05 0.0 0.0 2.98023e-08 0.0 0.0 0.0 0.0 0.0 5.93066e-06 0.0 0.0 0.0 0.0 0.0 0.0 0.0 0.0 0.0 0.0 0.0 0.0 0.0 0.0 0.0 0.0 0.0 0.0 0.0 0.0 0.991674 0.0 0.0 0.0 0.0 0.0 0.0 0.0 0.0 0.0 0.0 0.0
0.0 0.0 2.38419e-07 0.0 0.0 0.0 0.0 0.0 0.0 0.0 0.0 0.0165534 0.0 0.0 0.0 0.0 0.0 0.0 0.0 0.0109341 0.0 0.0 8.9407e-08 0.0 0.0 0.00906479 0.0 1.10269e-06 0.0 0.0 0.0 0.977713 0.00860044 0.0 0.0 0.0 0.0 0.0 0.0 0.0 0.0 0.00125787 0.0 0.334532 0.0 0.0 0.0 0.0 0.0 0.0 0.0 0.0 8.9407e-08 0.0 0.0 0.0 0.0 0.0 0.0 0.0 0.0 0.0 0.0 0.0
0.798636 0.0 0.0 0.0 0.0 0.600951 0.0 0.0 0.0 0.0 0.0 0.0 0.982322 0.0 0.0 0.0 0.0 0.0 0.0 0.0 0.0 0.0 0.0 0.0 0.0 0.0 0.0 0.0 0.0 0.0 0.0 0.0 0.0 0.000445485 0.0 0.0 0.0 7.09295e-06 0.0 2.563e-06 0.0 0.0 0.0 0.0 0.0 0.0 0.0 1.54972e-06 0.0 2.5034e-06 0.0 0.0 0.0 0.0 0.0 0.0 0.0 0.0 0.831671 0.0 0.0 0.0 0.0 0.0
0.0 1.81794e-06 0.0 0.0 0.0 0.0 0.0 0.0 0.0 0.0 0.0 2.98023e-08 0.0 0.0 0.0 0.0 0.0 0.0 1.78814e-07 5.96046e-08 0.0 0.0 2.44379e-06 0.0 0.0 0.0 0.0 0.00014928 0.0 0.0 0.0 0.966586 6.04391e-05 0.0 0.0 0.0 0.0 0.0 0.0 0.0 0.0 0.0 0.0 0.0 0.0 0.0 0.0 0.0 0.0 0.0 8.9407e-08 0.0 0.000624627 0.0 0.0 0.0 0.0 0.0 0.0 0.0 0.0 0.0 0.0 1.99378e-05
0.0 0.0 2.11895e-05 0.0 0.0 0.0 0.0 0.0 0.0 0.0 0.0 0.0 0.0 0.0 0.0 0.0 0.0 0.0 0.00225279 4.94719e-06 0.0 0.0 1.19209e-07 0.0 0.0 0.0 0.0 6.25849e-07 0.0 0.0 0.0 0.000136137 0.981032 0.0 0.0 0.0 0.0 0.0 0.0 0.0 0.0 1.41859e-05 0.0 0.00218692 0.0 0.0 0.0 0.0 0.0 0.0 0.0 0.0 0.0 0.0 0.0 0.0 0.0 0.0 0.0 0.0 0.0 0.0 0.0 0.0
0.0 0.0 0.0 0.950778 0.0 0.0 0.0 0.982284 0.0 0.0 0.0 0.0 0.0 0.0 0.0 0.0 0.0 0.0 0.0 0.0 0.0 0.0 0.0 0.0 0.0 0.0 0.0 0.0 0.0 1.96099e-05 0.0 0.0 0.0 0.0 0.0 0.0 0.0 0.0 0.0 0.0 0.0 0.0 0.0 0.0 0.0 0.0 0.0 0.0 0.0 0.0 0.0 0.000269473 0.0 0.0 0.0 0.0 0.0 0.0 0.0 0.0 0.0312661 0.0 0.0 0.0
0.0 0.0 0.0 0.0 0.840326 0.0 0.0 0.0 0.0 0.0 2.89083e-06 0.0 0.0 0.0 0.0 0.0 0.0 0.984639 0.0 0.0 0.0 0.0 0.0 0.0 0.0 0.0 0.0 0.0 0.0 0.0 0.0 0.0 0.0 0.0 0.0 0.0 0.0 0.0 0.0 0.0 0.0 0.0 0.0 0.0 0.0 0.0 0.0 0.0 0.0 0.0 0.0 0.0 0.0 0.0 0.0 0.0 0.0 0.0 0.0 0.0 0.0 0.0 0.0 0.0
0.204184 0.0 0.0 0.0 0.0 0.895361 0.0 0.0 0.0 0.0 0.0 0.0 0.85021 0.0 0.0 0.0 0.0 0.0 0.0 0.0 0.0 0.0 0.0 0.0 0.0 0.0 0.0 0.0 0.0 0.0 0.0 0.0 0.0 0.00322479 0.0 0.0 0.0 5.09918e-05 0.0 4.06206e-05 0.0 0.0 0.0 0.0 0.0 0.0 0.0 7.98702e-06 0.0 1.5229e-05 0.0 0.0 0.0 0.0 0.0 0.0 0.0 0.0 0.981928 0.0 0.0 8.9407e-08 0.0 0.0
2.98023e-08 0.0 0.0 0.0 0.0 0.0 0.0 0.0 0.0 0.0 0.0 0.0 0.0 0.0 0.950066 0.965594 0.0 0.0 0.0 0.0 0.0 0.0 0.0 0.0 0.0 0.0 0.967388 0.0 0.0 0.0 0.0 0.0 0.0 0.0 0.0 2.98023e-08 0.0 0.0 0.0 0.0 0.0 0.0 0.0 0.0 0.0 0.0 0.392908 0.0 0.0 0.0 0.0 0.0 0.0 0.0 0.0 0.0 0.0 0.0 0.0 0.0 0.0 0.0 0.0 0.0
0.0 0.0 8.9407e-08 0.0 0.0 0.0 0.0 0.0 0.0 0.0 0.0 0.0 0.0 0.0 0.0 0.0 0.0 0.0 0.00428981 3.01301e-05 0.0 0.0 6.85453e-07 0.0 0.0 0.0 0.0 0.0 0.0 0.0 0.0 2.98023e-08 0.00659004 0.0 0.0 0.0 0.0 0.0 0.0 0.0 0.0 0.00147268 0.0 0.98736 0.0 0.0 0.0 0.0 0.0 0.0 0.0 0.0 0.0 0.0 0.0 0.0 0.0 0.0 0.0 0.0 0.0 0.0 0.0 0.0
0.0 0.0 0.0 0.0 0.0 0.0 0.0 0.0 0.0 0.0 0.0 0.0 0.0 0.0 0.0 0.0 0.0 0.0 0.0 0.0 0.0 0.0 0.0 0.0 0.0 0.0 0.0 0.0 0.0 0.0 0.0 0.0 0.0 0.0 0.0 0.0 0.0 0.0 0.0 0.0 0.0 0.0 0.0 0.0 0.0 0.000380486 0.0 0.0 0.0 0.0 0.0 0.0 0.0 0.0 0.0 0.0 0.0 0.991647 0.0 0.0 0.0 0.0 0.0 0.0
0.0 0.0 0.0 0.0 0.0 0.0 0.0 0.0 0.0 0.0 0.0 0.0 0.0 0.997807 0.0 0.0 0.0 0.0 0.0 0.0 0.0 0.0 0.0 0.0 0.0 0.0 0.0 0.0 0.0 0.0 0.0 0.0 0.0 0.0 0.0 0.0 0.0 0.0 0.0 0.0 0.0 0.0 0.0 0.0 0.0 0.0 0.0 0.0 0.0 0.0 0.0 0.0 0.0 0.0 0.0 0.0 0.0 0.0 0.0 0.0 0.0 0.0 0.0 0.0
0.0 0.0 0.0 0.0014669 0.0 0.0 0.0 3.0458e-05 0.0 0.0 0.0 0.0 0.0 0.0 0.0 0.0 0.0 0.0 0.0 0.0 0.0 0.0 0.0 0.0 0.0 0.0 0.0 0.0 0.0 0.000172555 0.0 0.0 0.0 0.0 0.0 0.0 0.0 0.0 0.0 0.0 0.0 0.0 0.0 0.0 0.0 0.0 0.0 0.0 0.0 0.0 0.0 0.993975 0.0 0.0 0.0 0.0 0.0 0.0 0.0 0.0 8.9407e-08 0.0 0.0 0.0
0.0 0.0 1.75536e-05 0.0 0.0 0.0 0.0 0.0 0.0 0.0 0.0 0.0 0.0 0.0 0.0 0.0 0.0 0.0 0.0164038 1.04606e-05 0.0 0.0 0.0 0.0 0.0 0.0 0.0 0.0 0.0 0.0 0.0 0.0 0.00272039 0.0 0.0 0.0 0.0 0.0 0.0 0.0 0.0 0.000137925 0.0 0.183694 0.0 0.0 0.0 0.0 0.0 0.0 0.0 0.0 0.0 0.0 0.0 0.0 0.0 0.0 0.0 0.0 0.0 0.0 0.0 0.0
0.0 0.0 0.0 0.0 0.0 0.0 0.0 0.0 0.0 0.000548959 0.0 0.0 0.0 0.0 2.08616e-07 0.0 0.0 0.0 0.0 0.0 0.0 0.0554582 0.0 0.0 0.0 0.0 0.0 0.0 0.0 0.0 0.0319987 0.0 0.0 0.0 0.0 0.0497024 0.0 0.0 0.0 0.0 0.882089 0.0 0.852862 0.0 0.801964 0.0 2.37823e-05 0.0 0.0565711 0.0 0.0 0.0 0.0 0.834213 0.00880197 0.0 0.0 0.0 0.0 0.0 0.0 0.0 0.0 0.0
0.0 0.0 0.0 0.0 0.0 0.0 0.0 0.0 0.0 0.000450432 0.0 0.0 0.0 0.0 3.57628e-07 0.0 0.0 0.0 0.0 0.0 0.0 0.443315 0.0 0.0 0.0 0.0 0.0 0.0 0.0 0.0 0.279878 0.0 0.0 0.0 0.0 0.0952908 0.0 0.0 0.0 0.0 0.0167328 0.0 0.00252616 0.0 0.00912207 0.0 3.93689e-05 0.0 0.476284 0.0 0.0 0.0 0.0 0.00423756 0.989312 0.0 0.0 0.0 0.0 0.0 0.0 0.0 0.0 0.0
2.98023e-08 0.0 0.0 0.0 0.0 2.38419e-07 0.0 0.0 0.0 0.0 0.0 0.0 0.0 0.0 0.915195 0.976097 0.0 0.0 0.0 0.0 0.0 0.0 0.0 0.0 0.0 0.0 0.920998 0.0 0.0 0.0 0.0 0.0 0.0 0.0 0.0 0.0 0.0 0.0 0.0 0.0 0.0 0.0 0.0 0.0 0.0 0.0 0.0797987 0.0 0.0 0.0 0.0 0.0 0.0 0.0 0.0 0.0 0.0 0.0 0.0 0.0 0.0 0.0 0.0 0.0
0.0 0.0 0.0 0.0 0.0 0.0 0.0 0.0 0.0 0.0 0.0 0.0 0.0 0.0 0.0 0.0 0.0 0.0 0.0 0.0 0.0 0.0 0.0 0.0 0.0 0.0 0.0 0.0 0.0 0.0 0.0 0.0 0.0 0.0 0.0 0.0 0.0 0.0 0.0 0.0 0.0 0.0 0.0 0.0 0.0 0.0 0.0 0.0 0.0 0.0 0.0 0.0 0.0 0.0 0.0 0.0 0.0 0.0 0.0 0.0 0.0 0.0 0.0 0.0
0.925897 0.0 0.0 0.0 0.0 0.9811 0.0 0.0 0.0 0.0 0.0 0.0 0.87957 0.0 0.0 0.0 0.0 0.0 0.0 0.0 0.0 0.0 0.0 0.0 0.0 0.0 0.0 0.0 0.0 0.0 0.0 0.0 0.0 5.54323e-06 0.0 0.0 0.0 8.9407e-08 0.0 8.9407e-08 0.0 0.0 0.0 0.0 0.0 0.0 0.0 0.0 0.0 1.19209e-07 0.0 0.0 0.0 0.0 0.0 0.0 0.0 0.0 0.966673 0.0 0.0 0.0 0.0 0.0
0.0 1.19209e-07 0.0 0.0 0.0 0.0 0.0 0.0 0.0 0.0 0.0 0.0 0.0 0.0 0.0 0.0 0.0 0.0 0.0 9.29832e-06 0.0 0.0 0.978545 0.0 0.0 0.0 0.0 5.96046e-08 0.0 0.0 0.0 2.80738e-05 4.76837e-07 0.0 0.0 0.0 0.0 0.0 0.0 0.0 0.0 0.0 0.0 3.8743e-07 0.0 0.0 0.0 0.0 0.0 0.0 0.0 0.0 2.98023e-08 0.0 0.0 0.0 0.0 0.0 0.0 0.0 0.0 0.0 0.0 5.66244e-07
0.0 7.36117e-06 0.0 0.0 0.0 0.0 0.0 0.0 0.0 0.0 0.0 0.0 0.0 0.0 0.0 0.0 0.0 0.0 0.0 0.0 0.0 0.0 0.0 0.0 0.0 0.0 0.0 3.53456e-05 0.0 0.0 0.0 1.10269e-06 0.0 0.0 0.0 0.0 0.0 0.0 0.0 0.0 0.0 0.0 0.0 0.0 0.0 0.0 0.0 0.0 0.0 0.0 0.991673 0.0 0.0038467 0.0 0.0 0.0 0.0 0.0 0.0 8.22544e-06 0.0 0.0 0.0 0.00173685
0.0 0.0 0.989896 0.0 0.0 0.0 0.0 0.0 0.0 0.0 0.0 0.0 0.0 0.0 0.0 0.0 0.0 0.0 0.0397684 1.66893e-06 0.0 0.0 0.0 0.0 0.0 0.0 0.0 9.53674e-07 0.0 0.0 0.0 1.78814e-07 0.000765681 0.0 0.0 0.0 0.0 0.0 0.0 0.0 0.0 0.000143647 0.0 2.38419e-06 0.0 0.0 0.0 0.0 0.0 0.0 0.0 0.0 0.0 0.0 0.0 0.0 0.0 0.0 0.0 0.0 0.0 0.0 0.0 0.0
0.0 7.7486e-07 0.0 0.0 0.0 0.0 0.0 0.0 0.0 0.0 0.0 0.0 0.0 0.0 0.0 0.0 0.0 0.0 0.0 0.0 0.0 0.0 0.0 0.0 0.0 0.0 0.0 0.0 0.0 0.0 0.0 0.0 0.0 0.0 0.0 0.0 0.0 0.0 0.0 0.0 0.0 0.0 0.0 0.0 0.0 0.0 0.0 0.0 0.0 0.0 0.000311524 0.0 5.96046e-08 0.0 0.0 0.0 0.0 0.0 0.0 0.995585 0.0 0.0 0.0 1.78814e-07
0.0 0.0 0.0 0.0 0.0 0.0 0.0 0.0 0.0 0.00011307 0.0 0.0 0.0 0.0 4.81904e-05 1.19209e-07 0.0 0.0 0.0 0.0 0.0 0.848078 0.0 0.0 0.0 0.0 2.80142e-06 0.0 0.0 0.0 0.892355 0.0 0.0 0.0 0.0 0.875174 0.0 0.0 0.0 0.0 0.0355397 0.0 0.00147793 0.0 0.0282794 0.0 0.00965777 0.0 0.804556 0.0 0.0 0.0 0.0 0.00203148 0.309988 0.0 0.0 0.0 0.0 0.0 0.0 0.0 0.0 0.0
0.0 0.0102399 0.0 0.0 0.0 0.0 0.0 0.0 0.0 0.0 0.0 8.9407e-08 0.0 0.0 0.0 0.0 0.0 0.0 0.0 1.78814e-06 0.0 0.0 0.0 0.0 0.0 2.98023e-08 0.0 0.98713 0.0 0.0 0.0 0.000734121 1.01328e-06 0.0 0.0 0.0 0.0 0.0 0.0 0.0 0.0 0.0 0.0 0.0 0.0 0.0 0.0 0.0 0.0 0.0 7.83205e-05 0.0 0.163065 0.0 0.0 0.0 0.0 0.0 0.0 0.0 0.0 0.0 0.0 0.161001
0.0 0.0 0.0 0.0 0.0 0.0 2.38419e-07 0.0 0.0 0.0 0.0 0.0 0.0 0.0 0.0 0.0 0.982334 0.0 0.0 0.0 0.0 0.0 0.0 0.00097844 0.0 0.0 0.0 0.0 0.000262797 0.0 0.0 0.0 0.0 0.00274351 0.0 0.0 0.0 0.0516327 0.72972 5.42402e-06 0.0 0.0 0.0 0.0 0.0 0.0 0.0 0.143238 0.0 0.055472 0.0 0.0 0.0 0.0 0.0 0.0276668 0.0 0.0 0.0 0.0 0.0 0.984576 0.0 0.0
0.0 0.0 0.0 0.0 0.0 0.0 0.0 0.0 0.0 0.0 0.0 0.0 0.0 0.0 0.0 0.0 0.0 0.0 0.0 0.0 0.0 0.0 0.0 0.0 0.0 0.0 0.0 0.0 0.0 0.0 0.0 0.0 0.0 0.0 0.0 0.0 0.0 0.0 0.0 0.0 0.0 0.0 0.0 0.0 0.0 0.0 0.0 0.0 0.0 0.0 0.0 0.0 0.0 0.0 0.0 0.0 0.0 0.0 0.0 0.0 0.0 0.0 0.999893 0.0
0.0 0.0 0.0543478 0.0 0.0 0.0 0.0 0.0 0.0 0.0 0.0 0.0 0.0 0.0 0.0 0.0 0.0 0.0 0.991562 0.000646502 0.0 0.0 8.9407e-08 0.0 0.0 0.0 0.0 0.0 0.0 0.0 0.0 3.18885e-06 0.0105959 0.0 0.0 0.0 0.0 0.0 0.0 0.0 0.0 0.190506 0.0 0.0310543 0.0 0.0 0.0 0.0 0.0 0.0 0.0 0.0 0.0 0.0 0.0 0.0 0.0 0.0 0.0 0.0 0.0 0.0 0.0 0.0
0.0 0.0 0.0 0.0 0.0 0.0 0.0 0.0 0.0 7.15256e-07 0.0 0.0 0.0 0.0 0.949081 0.321194 0.0 0.0 0.0 0.0 0.0 7.53999e-06 0.0 0.0 0.0 0.0 0.803457 0.0 0.0 0.0 0.000466794 0.0 0.0 0.0 0.0 0.000421464 0.0 0.0 0.0 0.0 9.53674e-07 0.0 2.98023e-08 0.0 6.55651e-07 0.0 0.967707 0.0 2.29478e-06 0.0 0.0 0.0 0.0 0.0 2.03252e-05 0.0 0.0 0.0 0.0 0.0 0.0 0.0 0.0 0.0
0.0 0.0396753 0.0 0.0 0.0 0.0 0.0 0.0 0.0 0.0 0.0 0.0 0.0 0.0 0.0 0.0 0.0 0.0 0.0 0.0 0.0 0.0 1.49012e-07 0.0 0.0 2.98023e-08 0.0 0.240876 0.0 0.0 0.0 0.00212872 0.0 0.0 0.0 0.0 0.0 0.0 0.0 0.0 0.0 0.0 0.0 0.0 0.0 0.0 0.0 0.0 0.0 0.0 0.00528634 0.0 0.986698 0.0 0.0 0.0 0.0 0.0 0.0 0.0 0.0 0.0 0.0 0.288739
0.980602 0.0 0.0 0.0 0.0 0.932696 0.0 0.0 0.0 0.0 0.0 0.0 0.968262 0.0 0.0 0.0 0.0 0.0 0.0 0.0 0.0 0.0 0.0 0.0 0.0 0.0 0.0 0.0 0.0 0.0 0.0 0.0 0.0 5.66244e-07 0.0 0.0 0.0 0.0 0.0 0.0 0.0 0.0 0.0 0.0 0.0 0.0 0.0 0.0 0.0 0.0 0.0 0.0 0.0 0.0 0.0 0.0 0.0 0.0 0.549942 0.0 0.0 0.0 0.0 0.0
0.0 0.0 0.0 0.0459484 0.0 0.0 0.0 0.0178297 0.0 0.0 0.0 0.0 0.0 0.0 0.0 0.0 0.0 0.0 0.0 0.0 0.0 0.0 0.0 0.0 0.0 0.0 0.0 0.0 0.0 0.00182912 0.0 0.0 0.0 0.0 0.0 0.0 0.0 0.0 0.0 0.0 0.0 0.0 0.0 0.0 0.0 0.0 0.0 0.0 0.0 0.0 0.0 2.08616e-07 0.0 0.0 0.0 0.0 0.0 0.0 0.0 0.0 0.986594 0.0 0.0 0.0
0.0 0.0 0.0 0.0 0.0 0.0 0.0 0.0 0.0 9.51886e-05 0.0 0.0 0.0 0.0 7.7486e-07 0.0 0.0 0.0 0.0 0.0 0.0 0.956773 0.0 0.0 0.0 0.0 1.19209e-07 0.0 0.0 0.0 0.953021 0.0 0.0 0.0 0.0 0.911625 0.0 0.0 0.0 0.0 0.0741799 0.0 0.00341579 0.0 0.0514594 0.0 0.000187814 0.0 0.942534 0.0 0.0 0.0 0.0 0.00432706 0.206407 0.0 0.0 0.0 0.0 0.0 0.0 0.0 0.0 0.0
0.0 0.0 0.0 0.0 0.0 0.0 0.0 0.0 0.0 0.0 0.0 0.0 0.0 0.0 0.0 0.0 0.0 0.0 1.37091e-06 8.9407e-08 0.0 0.0 2.08616e-07 0.0 0.0 0.0 0.0 0.0 0.0 0.0 0.0 0.00476882 0.00488856 0.0 0.0 0.0 0.0 0.0 0.0 0.0 0.0 0.0 0.0 0.00011915 0.0 0.0 0.0 0.0 0.0 0.0 0.0 0.0 0.0 0.0 0.0 0.0 0.0 0.0 0.0 0.0 0.0 0.0 0.0 0.0
0.0 0.0 0.0 0.0 0.0 0.0 0.0 0.0 0.0 0.0 0.0 0.982777 0.0 0.0 0.0 0.0 0.0 0.0 0.0 0.0 0.0 0.0 0.0 0.0 0.0 1.16229e-06 0.0 2.38419e-07 0.0 0.0 0.0 2.38419e-07 3.27826e-07 0.0 0.0 0.0 0.0 0.0 0.0 0.0 0.0 0.0 0.0 0.0 0.0 0.0 0.0 0.0 0.0 0.0 0.0 0.0 0.0 0.0 0.0 0.0 0.0 0.0 0.0 0.0 0.0 0.0 0.0 5.96046e-08
0.0 0.0 0.0 0.0 0.0 0.0 2.57492e-05 0.0 0.0 0.0 0.0 0.0 0.0 0.0 0.0 0.0 0.465134 0.0 0.0 0.0 0.0 0.0 0.0 6.55651e-07 0.0 0.0 0.0 0.0 8.9407e-08 0.0 0.0 0.0 0.0 0.940232 0.0 0.0 0.0 0.97368 0.182043 0.0912562 0.0 0.0 0.0 0.0 0.0 0.0 0.0 0.983994 0.0 0.982297 0.0 0.0 0.0 0.0 0.0 0.00393626 0.0 0.0 8.9407e-08 0.0 0.0 0.821953 0.0 0.0
0.0 0.0019404 0.0 0.0 0.0 0.0 0.0 0.0 0.0 0.0 0.0 2.98023e-08 0.0 0.0 0.0 0.0 0.0 0.0 0.0 2.68221e-07 0.0 0.0 4.85778e-06 0.0 0.0 0.0 0.0 0.0709943 0.0 0.0 0.0 0.146894 2.5034e-06 0.0 0.0 0.0 0.0 0.0 0.0 0.0 0.0 0.0 0.0 0.0 0.0 0.0 0.0 0.0 0.0 0.0 0.000126153 0.0 0.0866855 0.0 0.0 0.0 0.0 0.0 0.0 0.0 0.0 0.0 0.0 0.0742499
0.0 0.0 0.0 0.0 0.0 0.0 0.0 0.0 0.0 0.000501543 0.0 0.0 0.0 0.0 6.85453e-07 0.0 0.0 0.0 0.0 0.0 0.0 0.873523 0.0 0.0 0.0 0.0 2.98023e-08 0.0 0.0 0.0 0.881885 0.0 0.0 0.0 0.0 0.859545 0.0 0.0 0.0 0.0 0.117255 0.0 0.00809813 0.0 0.0560608 0.0 0.000138044 0.0 0.871985 0.0 0.0 0.0 0.0 0.0161396 0.51466 0.0 0.0 0.0 0.0 0.0 0.0 0.0 0.0 0.0
0.0 0.996925 0.0 0.0 0.0 0.0 0.0 0.0 0.0 0.0 0.0 0.0 0.0 0.0 0.0 0.0 0.0 0.0 0.0 0.0 0.0 0.0 2.68221e-07 0.0 0.0 0.0 0.0 0.00839654 0.0 0.0 0.0 1.2517e-05 0.0 0.0 0.0 0.0 0.0 0.0 0.0 0.0 0.0 0.0 0.0 0.0 0.0 0.0 0.0 0.0 0.0 0.0 7.64132e-05 0.0 0.0207775 0.0 0.0 0.0 0.0 0.0 0.0 2.98023e-08 0.0 0.0 0.0 0.13967
0.0 0.0 0.0 0.0 0.0 0.0 0.000980318 0.0 0.0 0.0 0.0 0.0 8.9407e-08 0.0 0.0 0.0 0.000115663 0.0 0.0 0.0 0.0 0.0 0.0 2.98023e-08 0.0 0.0 0.0 0.0 0.0 0.0 0.0 0.0 0.0 0.00850177 0.0 0.0 0.0 0.00876498 0.00349295 0.984103 0.0 0.0 0.0 0.0 0.0 0.0 0.0 0.539073 0.0 0.114944 0.0 0.0 0.0 0.0 0.0 0.00101495 0.0 0.0 5.06639e-07 0.0 0.0 0.000425756 0.0 0.0
0.0 0.0 0.0 0.000283271 0.0 0.0 0.0 3.27826e-07 0.0 0.0 0.0 0.0 0.0 0.0 0.0 0.0 0.0 0.0 0.0 0.0 0.0 0.0 0.0 0.0 0.0 0.0 0.0 0.0 0.0 0.986951 0.0 0.0 0.0 0.0 0.0 0.0 0.0 0.0 0.0 0.0 0.0 0.0 0.0 0.0 0.0 0.0 0.0 0.0 0.0 0.0 0.0 8.34167e-05 0.0 0.0 0.0 0.0 0.0 0.0 0.0 0.0 3.29316e-05 0.0 0.0 0.0
0.0 0.0 0.0 0.0 0.0 0.0 0.991168 0.0 0.0 0.0 0.0 0.0 0.0 0.0 0.0 0.0 0.0 0.0 0.0 0.0 0.0 0.0 0.0 0.0 0.0 0.0 0.0 0.0 0.0 0.0 0.0 0.0 0.0 1.49012e-07 0.0 0.0 0.0 2.38419e-07 4.38392e-05 2.46167e-05 0.0 0.0 0.0 0.0 0.0 0.0 0.0 1.52588e-05 0.0 1.63913e-06 0.0 0.0 0.0 0.0 0.0 0.0595385 0.0 0.0 0.0 0.0 0.0 1.49012e-07 0.0 0.0
0.0 0.0 0.0 0.0 0.0 0.0 0.0 0.0 0.0 0.00013712 0.0 0.0 0.0 0.0 0.0 0.0 0.0 0.0 0.0 0.0 0.0 0.00274649 0.0 0.0 0.0 0.0 0.0 0.0 0.0 0.0 0.00139439 0.0 0.0 0.0 0.0 0.00181505 0.0 0.0 0.0 0.0 0.779443 0.0 0.888577 0.0 0.864468 0.0 1.69873e-06 0.0 0.00304756 0.0 0.0 0.0 0.0 0.854178 0.00128394 0.0 0.0 0.0 0.0 0.0 0.0 0.0 0.0 0.0
0.0 0.0 4.47035e-07 0.0 0.0 0.0 0.0 0.0 0.0 0.0 0.0 0.0 0.0 0.0 0.0 0.0 0.0 0.0 0.000174969 0.968915 0.0 0.0 2.56598e-05 0.0 0.0 7.7486e-07 0.0 1.88053e-05 0.0 0.0 0.0 1.3411e-06 6.54459e-05 0.0 0.0 0.0 0.0 0.0 0.0 0.0 0.0 7.59959e-06 0.0 3.95775e-05 0.0 0.0 0.0 0.0 0.0 0.0 0.0 0.0 1.19209e-07 0.0 0.0 0.0 0.0 0.0 0.0 0.0 0.0 0.0 0.0 1.49012e-07
0.0 0.0 0.0 0.0 0.0 0.0 0.0 0.0 0.0 0.000682503 0.0 0.0 0.0 0.0 0.0 0.0 0.0 0.0 0.0 0.0 0.0 0.00831628 0.0 0.0 0.0 0.0 0.0 0.0 0.0 0.0 0.00248057 0.0 0.0 0.0 0.0 0.00165701 0.0 0.0 0.0 0.0 0.816455 0.0 0.888211 0.0 0.882747 0.0 7.7486e-07 0.0 0.00941324 0.0 0.0 0.0 0.0 0.886429 0.0028882 0.0 0.0 0.0 0.0 0.0 0.0 0.0 0.0 0.0
0.0 0.0 7.79927e-05 0.0 0.0 0.0 0.0 0.0 0.0 0.0 0.0 0.0 0.0 0.0 0.0 0.0 0.0 0.0 0.255021 0.000334352 0.0 0.0 2.98023e-08 0.0 0.0 0.0 0.0 0.0 0.0 0.0 0.0 1.49012e-07 0.000488937 0.0 0.0 0.0 0.0 0.0 0.0 0.0 0.0 0.966591 0.0 0.0298986 0.0 0.0 0.0 0.0 0.0 0.0 0.0 0.0 0.0 0.0 0.0 0.0 0.0 0.0 0.0 0.0 0.0 0.0 0.0 0.0
0.0 0.0 0.0 0.0 0.0 0.0 0.0 0.0 0.0 0.00261196 0.0 0.0 0.0 0.0 0.0 0.0 0.0 0.0 0.0 0.0 0.0 0.0334551 0.0 0.0 0.0 0.0 0.0 0.0 0.0 0.0 0.0106779 0.0 0.0 0.0 0.0 0.00519726 0.0 0.0 0.0 0.0 0.802281 0.0 0.806716 0.0 0.944915 0.0 1.2219e-06 0.0 0.034141 0.0 0.0 0.0 0.0 0.908559 0.00600627 0.0 0.0 0.0 0.0 0.0 0.0 0.0 0.0 0.0
0.0 0.0 0.0 0.0 0.0 0.0 0.0 0.0 0.0 0.0 0.0 0.0 0.0 0.0 0.0 0.0 0.0 0.0 0.0 0.0 0.0 0.0 0.0 0.0 0.0 0.0 0.0 0.0 0.0 0.0 0.0 0.0 0.0 0.0 0.999994 0.0 0.0 0.0 0.0 0.0 0.0 0.0 0.0 0.0 0.0 0.0 0.0 0.0 0.0 0.0 0.0 0.0 0.0 0.0 0.0 0.0 0.0 0.0 0.0 0.0 0.0 0.0 0.0 0.0
0.0 0.0 0.0 0.0 0.0 0.0 0.0 0.0 0.0 5.96046e-08 0.0 0.0 0.0 0.0 0.977732 0.962645 0.0 0.0 0.0 0.0 0.0 5.96046e-08 0.0 0.0 0.0 0.0 0.963551 0.0 0.0 0.0 1.2219e-06 0.0 0.0 0.0 0.0 2.23517e-06 0.0 0.0 0.0 0.0 0.0 0.0 0.0 0.0 0.0 0.0 0.884712 0.0 0.0 0.0 0.0 0.0 0.0 0.0 0.0 0.0 0.0 0.0 0.0 0.0 0.0 0.0 0.0 0.0
0.0 0.0 0.0 0.0 0.0 0.0 0.000108033 0.0 0.0 0.0 0.0 0.0 0.0 0.0 0.0 0.0 0.794275 0.0 0.0 0.0 0.0 0.0 0.0 0.0163859 0.0 0.0 0.0 0.0 0.00539732 0.0 0.0 0.0 0.0 0.000182927 0.0 0.0 0.0 0.00365025 0.982315 0.000133604 0.0 0.0 0.0 0.0 0.0 0.0 0.0 0.205528 0.0 0.0158747 0.0 0.0 0.0 0.0 0.0 0.68653 0.0 0.0 0.0 0.0 0.0 0.647031 0.0 0.0
0.0 0.0 0.0 0.0 0.0 0.0 0.0 0.0 0.0 0.000712603 0.0 0.0 0.0 0.0 1.63913e-06 0.0 0.0 0.0 0.0 0.0 0.0 0.877519 0.0 0.0 0.0 0.0 1.19209e-07 0.0 0.0 0.0 0.884319 0.0 0.0 0.0 0.0 0.849853 0.0 0.0 0.0 0.0 0.108738 0.0 0.0060578 0.0 0.0609297 0.0 0.000347018 0.0 0.875377 0.0 0.0 0.0 0.0 0.0130766 0.495107 0.0 0.0 0.0 0.0 0.0 0.0 0.0 0.0 0.0
0.0 0.0 0.0 0.0 0.00110662 0.0 0.0 0.0 2.38419e-07 0.0 0.993685 0.0 0.0 0.0 0.0 0.0 0.0 1.37091e-06 0.0 0.0 0.0 0.0 0.0 0.0 0.0 0.0 0.0 0.0 0.0 0.0 0.0 0.0 0.0 0.0 0.0 0.0 0.0 0.0 0.0 0.0 0.0 0.0 0.0 0.0 0.0 0.0 0.0 0.0 0.0 0.0 0.0 0.0 0.0 0.0 0.0 0.0 0.0 0.0 0.0 0.0 0.0 0.0 0.0 0.0
0.0 7.27177e-06 9.56655e-06 0.0 0.0 0.0 0.0 0.0 0.0 0.0 0.0 0.000291437 0.0 0.0 0.0 0.0 0.0 0.0 7.32243e-05 0.00365284 0.0 0.0 0.000125229 0.0 0.0 1.46031e-06 0.0 0.00426221 0.0 0.0 0.0 0.0135718 0.0114151 0.0 0.0 0.0 0.0 0.0 0.0 0.0 0.0 5.06639e-07 0.0 4.76837e-07 0.0 0.0 0.0 0.0 0.0 0.0 0.0 0.0 3.79682e-05 0.0 0.0 0.0 0.0 0.0 0.0 0.0 0.0 0.0 0.0 0.000118762
0.0 0.0 0.0 0.0 0.0 0.0 0.0 0.0 0.998251 0.0 0.0 0.0 0.0 0.0 0.0 0.0 0.0 0.0 0.0 0.0 0.0 0.0 0.0 0.0 0.0 0.0 0.0 0.0 0.0 0.0 0.0 0.0 0.0 0.0 0.0 0.0 0.0 0.0 0.0 0.0 0.0 0.0 0.0 0.0 0.0 0.0 0.0 0.0 0.0 0.0 0.0 0.0 0.0 0.0 0.0 0.0 0.0 0.0 0.0 0.0 0.0 0.0 0.0 0.0
0.0 0.0 0.0 0.0 0.0 0.0 0.0 0.0 0.0 0.0 0.0 2.0206e-05 0.0 0.0 0.0 0.0 0.0 0.0 0.0 5.0962e-06 0.0 0.0 0.0 0.0 0.0 0.987563 0.0 2.20537e-06 0.0 0.0 0.0 0.0 0.0 0.0 0.0 0.0 0.0 0.0 0.0 0.0 0.0 0.0 0.0 0.0 0.0 0.0 0.0 0.0 0.0 0.0 0.0 0.0 3.57628e-07 0.0 0.0 0.0 0.0 0.0 0.0 0.0 0.0 0.0 0.0 1.2517e-06
0.0 0.0 0.0 0.0 0.0 0.0 0.0 0.0 0.0 0.000559837 0.0 0.0 0.0 0.0 1.19209e-07 0.0 0.0 0.0 0.0 0.0 0.0 0.0226315 0.0 0.0 0.0 0.0 0.0 0.0 0.0 0.0 0.02022 0.0 0.0 0.0 0.0 0.0162702 0.0 0.0 0.0 0.0 0.740933 0.0 0.826611 0.0 0.898967 0.0 1.24872e-05 0.0 0.0183762 0.0 0.0 0.0 0.0 0.832503 0.00417089 0.0 0.0 0.0 0.0 0.0 0.0 0.0 0.0 0.0
0.0 0.238926 0.0 0.0 0.0 0.0 0.0 0.0 0.0 0.0 0.0 0.0 0.0 0.0 0.0 0.0 0.0 0.0 0.0 2.98023e-08 0.0 0.0 5.36442e-07 0.0 0.0 2.98023e-08 0.0 0.232568 0.0 0.0 0.0 0.000202298 0.0 0.0 0.0 0.0 0.0 0.0 0.0 0.0 0.0 0.0 0.0 0.0 0.0 0.0 0.0 0.0 0.0 0.0 0.00498915 0.0 0.341081 0.0 0.0 0.0 0.0 0.0 0.0 0.0 0.0 0.0 0.0 0.980227
0.0 0.0 0.0 0.0 0.0 0.0 0.0 0.0 0.0 0.0 0.0 0.0 0.0 0.0 0.0 0.0 0.0 0.0 0.0 0.0 0.999934 0.0 0.0 0.0 0.0 0.0 0.0 0.0 0.0 0.0 0.0 0.0 0.0 0.0 0.0 0.0 0.0 0.0 0.0 0.0 0.0 0.0 0.0 0.0 0.0 0.0 0.0 0.0 0.0 0.0 0.0 0.0 0.0 0.0 0.0 0.0 0.0 0.0 0.0 0.0 0.0 0.0 0.0 0.0
0.0 0.0 0.0 0.0 0.0 0.0 0.0 0.0 0.0 0.0 0.0 0.0 0.0 0.0 0.0 0.0 7.21216e-06 0.0 0.0 0.0 0.0 0.0 0.0 0.985316 0.0 0.0 0.0 0.0 0.982446 0.0 0.0 0.0 0.0 0.0 0.0 0.0 0.0 0.0 0.00014466 0.0 0.0 0.0 0.0 0.0 0.0 0.0 0.0 0.0 0.0 0.0 0.0 0.0 0.0 0.0 0.0 2.22325e-05 2.68221e-07 0.0 0.0 0.0 0.0 1.40071e-06 0.0 0.0
0.0 0.0 0.0 0.0 0.0 0.0 0.0 0.0 0.0 0.0 0.0 0.0 0.0 0.0 0.0 0.0 0.0 0.0 0.0 0.0 0.0 0.0 0.0 0.0 0.0 0.0 0.0 0.0 0.0 0.0 0.0 0.0 0.0 0.0 0.0 0.0 0.0 0.0 0.0 0.0 0.0 0.0 0.0 0.0 0.0 0.99921 0.0 0.0 0.0 0.0 0.0 0.0 0.0 0.0 0.0 0.0 0.0 4.76837e-07 0.0 0.0 0.0 0.0 0.0 0.0
0.0 0.0 0.0 0.0 0.0 0.0 0.0 0.0 0.0 9.38773e-06 0.0 0.0 0.0 0.0 0.000106573 3.8743e-07 0.0 0.0 0.0 0.0 0.0 0.703893 0.0 0.0 0.0 0.0 7.21216e-06 0.0 0.0 0.0 0.849582 0.0 0.0 0.0 0.0 0.8861 0.0 0.0 0.0 0.0 0.0367447 0.0 0.0010739 0.0 0.017067 0.0 0.0114006 0.0 0.67034 0.0 0.0 0.0 0.0 0.000654101 0.0474822 0.0 0.0 0.0 0.0 0.0 0.0 0.0 0.0 0.0
0.0 0.0 0.0 0.0 0.0 0.0 0.0 0.0 0.0 0.0 0.0 0.0 0.0 0.0 0.0 0.0 0.0 0.0 0.0 0.0 0.0 0.0 0.0 0.0 0.999361 0.0 0.0 0.0 0.0 0.0 0.0 0.0 0.0 0.0 0.0 0.0 0.0 0.0 0.0 0.0 0.0 0.0 0.0 0.0 0.0 0.0 0.0 0.0 0.0 0.0 0.0 0.0 0.0 0.0 0.0 0.0 0.0 0.0 0.0 0.0 0.0 0.0 0.0 0.0
0.0 0.0 0.0 0.0 0.0 0.0 0.0 0.0 0.0 0.998657 0.0 0.0 0.0 0.0 3.8743e-07 0.0 0.0 0.0 0.0 0.0 0.0 0.000254035 0.0 0.0 0.0 0.0 2.98023e-08 0.0 0.0 0.0 4.99487e-05 0.0 0.0 0.0 0.0 9.53674e-06 0.0 0.0 0.0 0.0 0.000288934 0.0 0.000122666 0.0 0.000536919 0.0 5.54323e-06 0.0 0.000134259 0.0 0.0 0.0 0.0 0.00040397 0.000903577 0.0 0.0 0.0 0.0 0.0 0.0 0.0 0.0 0.0
0.0 0.0 0.0 0.0 0.0 0.0 1.2517e-06 0.0 0.0 0.0 0.0 0.0 0.0 0.0 0.0 0.0 0.426259 0.0 0.0 0.0 0.0 0.0 0.0 1.19209e-07 0.0 0.0 0.0 0.0 0.0 0.0 0.0 0.0 0.0 0.977864 0.0 0.0 0.0 0.982314 0.0339079 0.00457406 0.0 0.0 0.0 0.0 0.0 0.0 0.0 0.968085 0.0 0.978862 0.0 0.0 0.0 0.0 0.0 0.000692695 0.0 0.0 1.19209e-07 0.0 0.0 0.856501 0.0 0.0
0.0 0.0 0.0 0.0 0.0 0.0 0.0 0.0 0.0 0.0 0.0 0.0 0.0 0.0 0.0 0.0 0.0 0.0 0.0 0.0 0.0 0.0 0.0 0.0 0.0 0.0 0.0 0.0 0.0 0.0 0.0 0.0 0.0 0.0 0.0 0.0 0.99773 0.0 0.0 0.0 0.0 0.0 0.0 0.0 0.0 0.0 0.0 0.0 0.0 0.0 0.0 0.0 0.0 0.0 0.0 0.0 0.0 0.0 0.0 0.0 0.0 0.0 0.0 0.0
0.0 0.0 0.0 0.0 0.0 0.0 0.0 0.0 0.0 0.0 0.0 0.0 0.0 0.0 0.0 0.0 0.0 0.0 3.24845e-06 4.21703e-05 0.0 0.0 1.31726e-05 0.0 0.0 5.96046e-08 0.0 0.0 0.0 0.0 0.0 8.9407e-08 0.000144243 0.0 0.0 0.0 0.0 0.0 0.0 0.0 0.0 1.84774e-06 0.0 0.0495771 0.0 0.0 0.0 0.0 0.0 0.0 0.0 0.0 0.0 0.0 0.0 0.0 0.0 0.0 0.0 0.0 0.0 0.0 0.0 0.0
56 23 61 33 47 55 4 3 28 16 37 49 38 20 17 7 0 5 39 10 29 59 22 43 12 58 6 51 60 24 27 41 40 35 26 8 9 62 52 19 42 48 46 57 13 36 25 2 53 21 14 45 54 1 18 32 44 30 15 34 63 31 50 11
