8
0.855247 0.230114 0.0 2.98023e-07 0.986046 0.00298741 0.0 0.0 0.0 0.0 0.0 0.0 0.000765294 0.0 0.0 0.0 0.0 0.0 0.00112188 0.0 0.0 0.0 0.0 0.0 0.0 0.0 0.629717 0.00652426 1.43051e-06 0.0 0.00261098 0.55794 0.0 0.00656918 0.0 0.0 0.0 0.0 0.0 0.0 0.0678453 0.011961 0.0 0.00593999 0.0 0.0 0.0 2.22623e-05 0.0891942 5.06639e-07 0.0 0.581459 0.0 0.0 0.0 0.0 0.0 0.0 0.0 0.0 0.0 1.97291e-05 0.0 0.0
1.22488e-05 0.966077 0.0 0.0 0.0139619 0.980389 0.0 0.0 0.0 0.0 0.0 0.0 0.977848 0.0 0.0 0.0 0.0 0.0 0.982493 0.0 0.0 0.0 0.0 0.0 0.0 0.0 0.837156 0.981639 0.0 0.0 0.972865 0.756215 0.0 0.981174 0.0 0.0 0.0 0.0 0.0 0.0 0.970123 0.942305 0.0 0.977304 0.0 0.0 0.0 0.935464 0.314923 0.0 0.0 5.96046e-06 0.0 0.0 0.0 0.0 0.0 0.0 0.0 0.0 0.0 0.950597 0.0 0.0
0.0 0.0 0.0 2.05636e-06 0.0 0.0 0.0 0.0 0.0 0.0 0.0 0.0 0.0 0.0 0.0 0.0 0.0 0.0 0.0 0.0 0.0 0.0 0.0 0.99652 0.0 0.0 0.0 0.0 0.0 0.0 0.0 0.0 0.0 0.0 0.0 0.0 0.0 0.0 0.0 0.0 0.0 0.0 0.0 0.0 0.0 0.0 0.0 0.0 0.0 0.0 0.0 0.0 0.0 0.0 0.0 0.0 0.0 0.0 0.0 0.0 2.36928e-05 0.0 0.0 0.0
0.00402132 0.980917 0.0 0.0 0.595632 0.893176 0.0 0.0 0.0 0.0 0.0 0.0 0.779329 0.0 0.0 0.0 0.0 0.0 0.852395 0.0 0.0 0.0 0.0 0.0 0.0 0.0 0.982478 0.942029 0.0 0.0 0.882923 0.975671 0.0 0.942929 0.0 0.0 0.0 0.0 0.0 0.0 0.973629 0.932943 0.0 0.940655 0.0 0.0 0.0 0.165561 0.83821 0.0 0.0 0.00150824 0.0 0.0 0.0 0.0 0.0 0.0 0.0 0.0 0.0 0.170505 0.0 0.0
0.937496 4.25279e-05 0.0 0.000836164 0.279752 3.57628e-07 0.0 0.0 0.0 0.0 0.0 0.0 1.19209e-07 0.0 0.0 0.0 0.0 0.0 1.19209e-07 0.0 0.0 0.0 0.0 0.0 0.0 0.0 0.000287503 5.66244e-07 7.36713e-05 0.0 3.8743e-07 0.000530779 0.0 6.85453e-07 0.0 0.0 0.0 0.0 0.0 0.0 1.23084e-05 2.563e-06 0.0 5.06639e-07 0.0 0.0 0.0 0.0 0.000136733 9.88841e-05 0.0 0.982731 0.0 0.0 0.0 0.0 0.0 0.0 0.0 0.0 0.0 0.0 0.0 0.0
3.32892e-05 0.929409 0.0 0.0 0.01888 0.982777 0.0 0.0 0.0 0.0 0.0 0.0 0.977842 0.0 0.0 0.0 0.0 0.0 0.966065 0.0 0.0 0.0 0.0 0.0 0.0 0.0 0.874616 0.978641 0.0 0.0 0.983884 0.823649 0.0 0.978732 0.0 0.0 0.0 0.0 0.0 0.0 0.978277 0.982788 0.0 0.971866 0.0 0.0 0.0 0.931065 0.732182 0.0 0.0 1.06692e-05 0.0 0.0 0.0 0.0 0.0 0.0 0.0 0.0 0.0 0.703134 0.0 0.0
0.0 0.0 0.0 0.0 0.0 0.0 0.0 0.0130475 0.0 0.0 0.0 0.0 0.0 0.0 0.0 0.0 0.0 0.0 0.0 0.0 0.0 0.0 0.0 0.0 0.0 0.0 0.0 0.0 0.0 0.0 0.0 0.0 0.0 0.0 0.0 0.0 0.0 0.0 0.0 0.0 0.0 0.0 0.0 0.0 0.0 0.0 0.993649 0.0 0.0 6.55651e-07 0.0 0.0 0.0 0.0120409 0.000116616 0.0 0.0 0.0 0.0 0.0 0.0 0.0 0.0 0.0
0.0 0.0 0.0 0.0 0.0 0.0 0.0 0.025685 0.0 0.0 0.0 0.0 0.0 0.0 0.0 0.0 0.0 0.0 0.0 0.0 0.0 0.0 0.0 0.0 0.0 0.0 0.0 0.0 0.0 0.0 0.0 0.0 0.0 0.0 0.0 0.0 0.0 0.0 0.0 0.0 0.0 0.0 0.0 0.0 0.0 0.0 1.43349e-05 0.0 0.0 0.0 0.0 0.0 0.0 0.0140941 0.999227 0.0 0.0 0.0 0.0 0.0 0.0 0.0 0.0 0.0
0.0 0.0 0.0 0.0 0.0 0.0 0.0 0.0 2.98023e-08 0.0 0.0 0.0 0.0 0.0 0.240465 0.0 0.0 0.0 0.0 0.0 0.0 0.0 0.0 0.0 0.0 0.0 0.0 0.0 0.0 0.0 0.0 0.0 0.0 0.0 0.0 0.0 0.99709 0.0 0.0 5.96046e-07 0.0 0.0 0.0 0.0 0.0 0.0 0.0 0.0 0.0 0.0 0.0 0.0 0.0 0.0 0.0 0.0 0.0 0.0 0.0 0.0 0.0 0.0 0.0 0.0
0.0 0.0 0.0 0.0 0.0 0.0 0.0 0.0 0.0 0.0 0.0 0.0 0.0 0.0 0.0 0.0 0.0 0.0 0.0 0.0 0.0 0.0 0.0 0.0 0.0 0.0 0.0 0.0 0.0 0.0 0.0 0.0 0.0 0.0 0.0 0.0 0.0 0.0 0.0 0.0 0.0 0.0 0.0 0.0 0.0 0.0 0.0 0.0 0.0 0.0 0.0 0.0 0.0 0.0 0.0 0.0 0.0 0.0 0.0 0.999809 0.0 0.0 0.0 0.0
0.0 0.0 0.0 0.0 0.0 0.0 0.0 0.0 0.0 0.0 0.0 0.0 0.0 0.0 0.0 0.0 0.0 0.0 0.0 0.0 0.0 0.0 0.0 0.0 0.0 0.0 0.0 0.0 0.0 0.0 0.0 0.0 0.0 0.0 0.0 2.98023e-08 0.0 0.999909 0.0 0.0 0.0 0.0 0.0 0.0 0.0 0.0 0.0 0.0 0.0 0.0 0.0 0.0 0.0 8.9407e-08 1.10269e-06 0.0 0.0 0.0 0.0 0.0 1.78814e-07 0.0 0.0 0.0
0.0 0.0 0.0 0.0 0.0 0.0 0.0 0.0 0.0 2.98023e-08 0.0 2.17557e-06 0.0 0.0 0.0 0.0 0.0 0.0 0.0 2.98023e-08 0.0 0.0 0.0 0.0 0.0 0.0 0.0 0.0 0.0 0.0 0.0 0.0 0.0 0.0 0.0 0.999255 0.0 0.0 0.0 0.0 0.0 0.0 0.0 0.0 0.0 0.0 0.0 0.0 0.0 0.0 0.0 0.0 0.0 0.0 0.0 0.0 0.0 0.0 0.0 0.0 0.0 0.0 0.0 0.0
5.06639e-07 0.506707 0.0 0.0 0.000442237 0.970554 0.0 0.0 0.0 0.0 0.0 0.0 0.978549 0.0 0.0 0.0 0.0 0.0 0.968469 0.0 0.0 0.0 0.0 0.0 0.0 0.0 0.192183 0.953074 0.0 0.0 0.967915 0.0978294 0.0 0.956113 0.0 0.0 0.0 0.0 0.0 0.0 0.818907 0.909858 0.0 0.94063 0.0 0.0 0.0 0.982948 0.0414202 0.0 0.0 2.08616e-07 0.0 0.0 0.0 0.0 0.0 0.0 0.0 0.0 0.0 0.976057 0.0 0.0
0.0 0.0 0.999901 0.0 0.0 0.0 0.0 0.0 0.0 0.0 0.0 0.0 0.0 0.0 0.0 0.0 0.0 0.0 0.0 0.0 0.0 0.0 0.0 0.0 0.0 0.000791371 0.0 0.0 0.0 0.0 0.0 0.0 0.0 0.0 0.0 0.0 0.0 0.0 0.0 0.0 0.0 0.0 0.0 0.0 0.0 0.0 0.0 0.0 0.0 0.0 0.0 0.0 0.0 0.0 0.0 0.0 0.0 0.0 0.0 0.0 0.0 0.0 0.0978116 0.0
0.0 0.0 0.0 0.0 0.0 0.0 0.0 0.0 0.0 0.999385 0.0 0.0 0.0 0.0 0.0 0.0 0.0 0.0 0.0 0.0 0.0 0.0 0.0 0.0 0.0 0.0 0.0 0.0 0.0 0.0 0.0 0.0 0.0 0.0 0.0 0.0 0.0 0.0 0.0 0.0 0.0 0.0 0.0 0.0 0.0 0.0 0.0 0.0 0.0 0.0 0.0 0.0 0.0 0.0 0.0 0.0 0.0 0.0 0.0 0.0 0.0 0.0 0.0 0.0
0.0 0.0 0.0 0.0 0.0 0.0 0.0 0.0 0.0 0.0 0.0 0.0 0.0 0.0 0.0 0.0 0.0 0.0 0.0 0.0 0.0 7.45058e-07 0.0 0.0 1.49012e-07 0.0 0.0 0.0 0.0 0.0 0.0 0.0 0.0 0.0 8.9407e-08 0.0 0.0 0.0 0.0 0.0 0.0 0.0 0.0 0.0 0.0 0.0 0.0 0.0 0.0 0.0 0.999997 0.0 0.973946 0.0 0.0 0.0 0.949717 0.0 0.0 0.0 0.0 0.0 0.0 0.999985
0.0 0.0 0.0 0.0 0.0 0.0 0.0 0.0 1.49012e-07 0.0 0.998736 0.0 0.0 0.0 0.0 0.0 0.0 0.0 0.0 0.0 0.0 0.0 0.0 0.0 0.0 0.0 0.0 0.0 0.0 0.0 0.0 0.0 0.0 0.0 0.0 0.0 0.0 0.0 0.0 0.0 0.0 0.0 0.0 0.0 0.0 0.0 0.0 0.0 0.0 0.0 0.0 0.0 0.0 0.0 0.0 0.0 0.0 0.0 0.0 0.0 0.0 0.0 0.0 0.0
0.0 0.0 0.0 0.0 0.0 0.0 0.0 0.0 0.0 0.0 0.0 0.0 0.0 0.0 0.0 0.0156831 0.0 0.0 0.0 0.0 2.88486e-05 0.951997 0.0 0.0 0.0 0.0 0.0 0.0 0.0 0.0 0.0 0.0 0.997677 0.0 0.719178 0.0 0.0 0.0 0.0 0.0 0.0 0.0 0.0 0.0 0.0 0.893408 0.0 0.0 0.0 0.0 0.0 0.0 2.5332e-05 0.0 0.0 0.0 1.10269e-06 0.0 0.0 0.0 0.0 0.0 0.0 0.0461534
5.90384e-05 0.973281 0.0 0.0 0.0491949 0.978962 0.0 0.0 0.0 0.0 0.0 0.0 0.965699 0.0 0.0 0.0 0.0 0.0 0.975862 0.0 0.0 0.0 0.0 0.0 0.0 0.0 0.952242 0.98246 0.0 0.0 0.975395 0.925461 0.0 0.981864 0.0 0.0 0.0 0.0 0.0 0.0 0.980776 0.969075 0.0 0.982823 0.0 0.0 0.0 0.876969 0.587327 0.0 0.0 2.70307e-05 0.0 0.0 0.0 0.0 0.0 0.0 0.0 0.0 0.0 0.895634 0.0 0.0
0.0 0.0 0.0 0.0 0.0 0.0 0.0 0.0 0.0 0.0 0.0 0.0 0.0 0.0 0.0 0.0 0.0 0.0 0.0 0.0 0.0 0.0 0.0 0.0 0.0 0.0 0.0 0.0 0.0 0.0 0.0 0.0 3.50177e-05 0.0 0.162352 0.0 0.0 0.0 0.0 0.0 0.0 0.0 0.0 0.0 0.0 0.911103 0.0 0.0 0.0 0.0 0.0 0.0 5.66244e-07 0.0 0.0 0.0 0.0 0.0 0.0 0.0 0.0 0.0 0.0 6.05285e-05
0.0 0.0 0.0 0.0 0.0 0.0 0.0 0.0 0.0 0.0 0.0 0.0 0.0 0.0 0.0 1.78814e-07 0.0 0.0 0.0 0.0 0.0 0.000732929 0.0 0.0 0.0 0.0 0.0 0.0 0.0 0.0 0.0 0.0 0.000369638 0.0 0.230451 0.0 0.0 0.0 0.0 0.0 0.0 0.0 0.0 0.0 0.0 0.0433341 0.0 0.0 0.0 0.0 0.0 0.0 3.09944e-05 0.0 0.0 0.0 8.04663e-07 0.0 0.0 0.0 0.0 0.0 0.0 0.00236309
0.0 0.0 0.0 0.0 0.0 0.0 0.0 0.0 0.0 0.0 0.0 0.0 0.0 0.0 0.0 0.0 0.0 0.0 0.0 0.0 1.0 0.0 0.0 0.0 0.0 0.0 0.0 0.0 0.0 0.0 0.0 0.0 0.0 0.0 0.0 0.0 5.96046e-08 0.0 0.0 0.0 0.0 0.0 8.04663e-07 0.0 0.0 0.0 0.0 0.0 0.0 0.0 0.0 0.0 0.0 0.0 0.0 0.0 0.0 0.0 0.0 0.0 0.0 0.0 0.0 0.0
0.0 0.0 0.0 0.0 0.0 0.0 0.0 0.0 0.0 0.0 0.0 0.0 0.0 0.0 0.0 0.0 0.0 0.0 0.0 0.0 0.0 0.0 0.00362796 0.0 0.0 0.0 0.0 0.0 0.0 0.0 0.0 0.0 0.0 0.0 0.0 0.0 0.0 0.0 0.963056 0.0 0.0 0.0 0.0 0.0 0.0 0.0 0.0 0.0 0.0 0.0 0.0 0.0 0.0 0.0 0.0 0.0 0.0 0.999621 0.0 0.0 0.0 0.0 0.0 0.0
0.0 0.0 0.0 0.0 0.0 0.0 0.0 0.138253 0.0 0.0 0.0 0.0 0.0 0.0 0.0 0.0 0.0 0.0 0.0 0.0 0.0 0.0 0.0 0.0 0.0 0.0 0.0 0.0 0.0 0.0 0.0 0.0 0.0 0.0 0.0 0.0 0.0 0.0 0.0 0.0 0.0 0.0 0.0 0.0 0.0 0.0 0.0377468 0.0 0.0 0.00090301 0.0 0.0 0.0 0.00652468 7.97212e-05 0.0 0.0 0.0 0.0 0.0 0.0 0.0 0.0 0.0
0.0 0.0 0.00355625 0.0 0.0 0.0 0.0 0.0 0.0 0.0 0.0 0.0 0.0 0.0 0.0 0.0 0.0 0.0 0.0 0.0 0.0 0.0 0.0 0.0 0.0 6.49095e-05 0.0 0.0 0.0 0.0 0.0 0.0 0.0 0.0 0.0 0.0 0.0 0.0 0.0 0.0 0.0 0.0 0.0 0.0 0.0 0.0 0.0 0.0 0.0 0.0 0.0 0.0 0.0 0.0 0.0 0.0 0.0 0.0 0.0 0.0 0.0 0.0 0.993441 0.0
0.983478 5.40614e-05 0.0 0.000605971 0.565806 4.17233e-07 0.0 0.0 0.0 0.0 0.0 0.0 5.96046e-08 0.0 0.0 0.0 0.0 0.0 1.19209e-07 0.0 0.0 0.0 0.0 0.0 0.0 0.0 0.000768334 7.15256e-07 4.14848e-05 0.0 7.45058e-07 0.0013113 0.0 7.15256e-07 0.0 0.0 0.0 0.0 0.0 0.0 2.00272e-05 5.0962e-06 0.0 5.96046e-07 0.0 0.0 0.0 0.0 0.000596046 0.000455618 0.0 0.954929 0.0 0.0 0.0 0.0 0.0 0.0 0.0 0.0 0.0 0.0 0.0 0.0
7.83801e-06 0.89744 0.0 0.0 0.00646445 0.98274 0.0 0.0 0.0 0.0 0.0 0.0 0.982928 0.0 0.0 0.0 0.0 0.0 0.980044 0.0 0.0 0.0 0.0 0.0 0.0 0.0 0.732538 0.98103 0.0 0.0 0.982025 0.657669 0.0 0.981866 0.0 0.0 0.0 0.0 0.0 0.0 0.968187 0.971385 0.0 0.977823 0.0 0.0 0.0 0.972831 0.375403 0.0 0.0 3.63588e-06 0.0 0.0 0.0 0.0 0.0 0.0 0.0 0.0 0.0 0.92153 0.0 0.0
3.68953e-05 0.972118 0.0 0.0 0.0357696 0.981702 0.0 0.0 0.0 0.0 0.0 0.0 0.974605 0.0 0.0 0.0 0.0 0.0 0.979725 0.0 0.0 0.0 0.0 0.0 0.0 0.0 0.919975 0.982204 0.0 0.0 0.977095 0.900785 0.0 0.982447 0.0 0.0 0.0 0.0 0.0 0.0 0.98114 0.968383 0.0 0.98215 0.0 0.0 0.0 0.912577 0.604165 0.0 0.0 1.83284e-05 0.0 0.0 0.0 0.0 0.0 0.0 0.0 0.0 0.0 0.871765 0.0 0.0
0.0 0.0 0.0 0.0 0.0 0.0 0.0 0.0 0.0 0.0 0.0 0.0 0.0 0.0 0.0 0.00203103 0.0 0.0 0.0 0.0 0.0 0.0 0.0 0.0 0.999868 0.0 0.0 0.0 0.0 0.0 0.0 0.0 0.0 0.0 0.0 0.0 0.0 0.0 0.0 0.0 0.0 0.0 0.0 0.0 0.0 0.0 0.0 0.0 0.0 0.0 0.0 0.0 0.0 0.0 0.0 0.0 0.0 0.0 0.0 0.0 0.0 0.0 0.0 0.0
0.0253406 0.957549 0.0 0.0 0.729052 0.655215 0.0 0.0 0.0 0.0 0.0 0.0 0.373123 0.0 0.0 0.0 0.0 0.0 0.438513 0.0 0.0 0.0 0.0 0.0 0.0 0.0 0.982208 0.793876 2.08616e-07 0.0 0.688278 0.983474 0.0 0.786956 0.0 0.0 0.0 0.0 0.0 0.0 0.952117 0.853248 0.0 0.788249 0.0 0.0 0.0 0.0183074 0.924792 0.0 0.0 0.00650308 0.0 0.0 0.0 0.0 0.0 0.0 0.0 0.0 0.0 0.0153448 0.0 0.0
0.000273466 0.927786 0.0 0.0 0.0565151 0.969788 0.0 0.0 0.0 0.0 0.0 0.0 0.946539 0.0 0.0 0.0 0.0 0.0 0.902591 0.0 0.0 0.0 0.0 0.0 0.0 0.0 0.928635 0.961658 2.98023e-08 0.0 0.97984 0.943639 0.0 0.960257 0.0 0.0 0.0 0.0 0.0 0.0 0.977815 0.98298 0.0 0.947353 0.0 0.0 0.0 0.727425 0.950145 0.0 0.0 7.236e-05 0.0 0.0 0.0 0.0 0.0 0.0 0.0 0.0 0.0 0.25462 0.0 0.0
8.13603e-06 0.000572562 0.0 0.0 0.000544548 0.00031969 0.0 0.0 0.0 0.0 0.0 0.0 0.000347018 0.0 0.0 0.0 0.0 0.0 0.00131005 0.0 0.0 0.0 0.0 0.0 0.0 0.0 0.000296295 0.000693619 0.0 0.0 0.000128746 4.3422e-05 0.0 0.000416368 0.0 0.0 0.0 0.0 0.0 0.0 0.000104874 3.12924e-05 0.0 0.0012449 0.0 0.0 0.0 0.000858545 6.25849e-07 0.0 0.0 3.38256e-05 0.0 0.0 0.0 0.0 0.0 0.0 0.0 0.0 0.0 0.608008 0.0 0.0
0.0 0.0 0.0 0.0 0.0 0.0 0.0 0.0 0.0 0.0 0.0 0.0 0.0 0.997565 0.0 0.0 0.0 0.0 0.0 0.0 0.0 0.0 0.0 0.0 0.0 0.0 0.0 0.0 0.0 0.0 0.0 0.0 0.0 0.0 0.0 0.0 0.0 0.0 0.0 0.0 0.0 0.0 2.94447e-05 0.0 0.0 0.0 0.0 0.0 0.0 0.0 0.0 0.0 0.0 0.0 0.0 0.0 0.0 0.0 0.0 0.0 0.0 0.0 0.0 0.0
0.000698119 0.975282 0.0 0.0 0.178049 0.969548 0.0 0.0 0.0 0.0 0.0 0.0 0.941574 0.0 0.0 0.0 0.0 0.0 0.937635 0.0 0.0 0.0 0.0 0.0 0.0 0.0 0.966113 0.974517 0.0 0.0 0.968749 0.973119 0.0 0.974809 0.0 0.0 0.0 0.0 0.0 0.0 0.982234 0.975861 0.0 0.969124 0.0 0.0 0.0 0.613279 0.919619 0.0 0.0 0.000237644 0.0 0.0 0.0 0.0 0.0 0.0 0.0 0.0 0.0 0.329475 0.0 0.0
0.0 0.0 0.0 0.0 0.0 0.0 0.0 0.0 0.884245 0.0 0.0 0.0 0.0 0.0 0.000548959 0.0 0.0 0.0 0.0 3.33786e-06 0.0 0.0 0.0 0.0 0.0 0.0 0.0 0.0 0.0 0.0 0.0 0.0 0.0 0.0 0.0 0.0 9.89437e-06 0.0 0.0 0.996075 0.0 0.0 0.0 0.0 0.0 0.0 0.0 0.0 0.0 0.0 0.0 0.0 0.0 0.0 0.0 0.0 0.0 0.0 0.0 0.0 0.0 0.0 0.0 0.0
0.0 0.0 0.0 0.0 0.0 0.0 0.0 0.0 2.68221e-07 0.0 0.0 0.0 0.0 0.0 0.996736 0.0 0.0 0.0 0.0 0.0 0.0 0.0 0.0 0.0 0.0 0.0 0.0 0.0 0.0 0.0 0.0 0.0 0.0 0.0 0.0 0.0 0.0564123 0.0 0.0 8.07643e-06 0.0 0.0 0.0 0.0 0.0 0.0 0.0 0.0 0.0 0.0 0.0 0.0 0.0 0.0 0.0 0.0 0.0 0.0 0.0 0.0 0.0 0.0 0.0 0.0
0.0 0.0 0.0 0.0 0.0 0.0 0.0 0.0 1.51396e-05 0.0 0.0 0.0 0.0 0.0 0.0 0.0 1.3411e-06 0.0 0.0 0.998232 0.0 0.0 0.0 0.0 0.0 0.0 0.0 0.0 0.0 0.0 0.0 0.0 0.0 0.0 0.0 0.0 0.0 0.0 0.0 9.23872e-07 0.0 0.0 0.0 0.0 0.0 0.0 0.0 0.0 0.0 0.0 0.0 0.0 0.0 0.0 0.0 0.0 0.0 0.0 0.0 0.0 0.0 0.0 0.0 0.0
0.0 0.0 0.0 0.0 0.0 0.0 0.0 0.0 0.0 0.0 0.0 0.998861 0.0 0.0 0.0 0.0 0.0 0.0 0.0 4.17233e-07 0.0 0.0 0.0 0.0 0.0 0.0 0.0 0.0 0.0 0.0 0.0 0.0 0.0 0.0 0.0 1.99676e-06 0.0 0.0 0.0 0.0 0.0 0.0 0.0 0.0 0.0 0.0 0.0 0.0 0.0 0.0 0.0 0.0 0.0 0.0 0.0 0.0 0.0 0.0 0.0 0.0 0.0 0.0 0.0 0.0
0.0 0.0 0.0 0.0 0.0 0.0 0.0 0.0 0.0 0.0 0.0 0.0 0.0 0.0 0.0 0.0 0.0 0.0 0.0 0.0 0.0 0.0 3.27826e-07 0.0 0.0 0.0 0.0 0.0 0.0 0.0 0.0 0.0 0.0 0.0 0.0 0.0 0.0 0.0 0.0 0.0 0.0 0.0 0.0 0.0 0.0 0.0 0.0 0.0 0.0 0.0 0.0 0.0 0.0 0.0 0.0 0.0 0.0 2.98023e-08 0.0 0.0 0.0 0.0 0.0 0.0
0.0 0.0 0.0 0.0 0.0 0.0 0.0 0.0 0.995672 0.0 0.0 0.0 0.0 0.0 0.000158101 0.0 0.0 0.0 0.0 1.60933e-06 0.0 0.0 0.0 0.0 0.0 0.0 0.0 0.0 0.0 0.0 0.0 0.0 0.0 0.0 0.0 0.0 3.9041e-06 0.0 0.0 0.956917 0.0 0.0 0.0 0.0 0.0 0.0 0.0 0.0 0.0 0.0 0.0 0.0 0.0 0.0 0.0 0.0 0.0 0.0 0.0 0.0 0.0 0.0 0.0 0.0
0.0 0.00211847 0.0 0.0 2.08616e-07 0.122518 0.0 0.0 0.0 0.0 0.0 0.0 0.32752 0.0 0.0 0.0 0.0 0.0 0.299504 0.0 0.0 0.0 0.0 0.0 0.0 0.0 0.000153512 0.071976 0.0 0.0 0.0727837 7.28965e-05 0.0 0.0755867 0.0 0.0 0.0 0.0 0.0 0.0 0.00524494 0.010228 0.0 0.0706605 0.0 0.0 0.0 0.911691 2.14577e-05 0.0 0.0 0.0 0.0 0.0 0.0 0.0 0.0 0.0 0.0 0.0 0.0 0.999215 0.0 0.0
0.00879714 0.574296 0.0 0.0 0.154517 0.388069 0.0 0.0 0.0 0.0 0.0 0.0 0.161728 0.0 0.0 0.0 0.0 0.0 0.0980567 0.0 0.0 0.0 0.0 0.0 0.0 0.0 0.840832 0.347116 8.64267e-07 0.0 0.615477 0.92244 0.0 0.399958 0.0 0.0 0.0 0.0 0.0 0.0 0.824807 0.897363 0.0 0.286469 0.0 0.0 0.0 0.00584769 0.982537 0.0 0.0 0.00110397 0.0 0.0 0.0 0.0 0.0 0.0 0.0 0.0 0.0 0.000855118 0.0 0.0
0.0 0.0 0.0 0.0 0.0 0.0 0.0 0.0 0.0 0.0 0.0 0.0 0.0 0.0 0.0 0.0 0.0 0.0 0.0 0.0 0.0 0.0 0.0 0.0 0.0 0.0 0.0 0.0 0.0 0.0 0.0 0.0 0.0 0.0 0.0 0.0 0.0 0.0 0.0 0.0 0.0 0.0 0.0 0.0 0.0 0.0 0.0 0.0 0.0 0.0 0.0 0.0 0.0 0.0 0.0 0.0 0.0 0.0 0.976852 0.0 0.0 0.0 0.0 0.0
3.26931e-05 0.964781 0.0 0.0 0.0261357 0.980325 0.0 0.0 0.0 0.0 0.0 0.0 0.971558 0.0 0.0 0.0 0.0 0.0 0.974975 0.0 0.0 0.0 0.0 0.0 0.0 0.0 0.930935 0.982597 0.0 0.0 0.978558 0.88875 0.0 0.981875 0.0 0.0 0.0 0.0 0.0 0.0 0.979654 0.974578 0.0 0.980492 0.0 0.0 0.0 0.900077 0.604433 0.0 0.0 1.33812e-05 0.0 0.0 0.0 0.0 0.0 0.0 0.0 0.0 0.0 0.866704 0.0 0.0
0.0 0.0 0.0 0.0 0.0 0.0 0.0 0.0 0.0 0.0 0.0 0.0 0.0 0.0 0.0 4.47035e-07 0.0 0.0 0.0 0.0 0.0 0.0 0.0 0.0 0.0 0.0 0.0 0.0 0.0 0.0 0.0 0.0 0.990213 0.0 0.0 0.0 0.0 0.0 0.0 0.0 0.0 0.0 0.0 0.0 0.0 5.06639e-07 0.0 0.0 0.0 0.0 0.0 0.0 0.0 0.0 0.0 0.0 0.0 0.0 0.0 0.0 0.0 0.0 0.0 0.0
0.0 0.0 0.0 0.0 0.0 0.0 0.0 0.0 0.0 0.0 0.0 0.0 0.0 5.24521e-06 0.0 0.0 0.0 0.0 0.0 0.0 0.000961751 0.0 0.0 0.0 0.0 0.0 0.0 0.0 0.0 0.0 0.0 0.0 0.0 0.0 0.0 0.0 0.0 0.0 0.0 0.0 0.0 0.0 0.952404 0.0 0.0 0.0 0.0 0.0 0.0 0.0 0.0 0.0 0.0 0.0 0.0 0.0 0.0 0.0 0.0 0.0 0.0 0.0 0.0 0.0
0.0 0.0 0.0 0.0 0.0 0.0 0.0 0.996874 0.0 0.0 0.0 0.0 0.0 0.0 0.0 0.0 0.0 0.0 0.0 0.0 0.0 0.0 0.0 0.0 0.0 0.0 0.0 0.0 0.0 0.0 0.0 0.0 0.0 0.0 0.0 0.0 0.0 0.0 0.0 0.0 0.0 0.0 0.0 0.0 0.0 0.0 0.000918061 0.0 0.0 0.0 0.0 0.0 0.0 0.936497 0.21671 0.0 0.0 0.0 0.0 0.0 0.0 0.0 0.0 0.0
3.04282e-05 0.954001 0.0 0.0 0.0230874 0.983035 0.0 0.0 0.0 0.0 0.0 0.0 0.97866 0.0 0.0 0.0 0.0 0.0 0.972623 0.0 0.0 0.0 0.0 0.0 0.0 0.0 0.869491 0.9807 0.0 0.0 0.981562 0.795351 0.0 0.98048 0.0 0.0 0.0 0.0 0.0 0.0 0.979534 0.978472 0.0 0.977961 0.0 0.0 0.0 0.927732 0.688147 0.0 0.0 1.02222e-05 0.0 0.0 0.0 0.0 0.0 0.0 0.0 0.0 0.0 0.765542 0.0 0.0
8.9407e-08 0.323998 0.0 0.0 0.000100791 0.969696 0.0 0.0 0.0 0.0 0.0 0.0 0.987445 0.0 0.0 0.0 0.0 0.0 0.976427 0.0 0.0 0.0 0.0 0.0 0.0 0.0 0.0575346 0.940209 0.0 0.0 0.954254 0.0312497 0.0 0.94204 0.0 0.0 0.0 0.0 0.0 0.0 0.64014 0.813196 0.0 0.92902 0.0 0.0 0.0 0.998938 0.0134245 0.0 0.0 8.9407e-08 0.0 0.0 0.0 0.0 0.0 0.0 0.0 0.0 0.0 0.99787 0.0 0.0
0.0 0.0 9.68575e-06 0.0 0.0 0.0 0.0 0.0 0.0 0.0 0.0 0.0 0.0 0.0 0.0 0.0 0.0 0.0 0.0 0.0 0.0 0.0 0.0 0.0 0.0 0.999939 0.0 0.0 0.0 0.0 0.0 0.0 0.0 0.0 0.0 0.0 0.0 0.0 0.0 0.0 0.0 0.0 0.0 0.0 0.0 0.0 0.0 0.0 0.0 0.0 0.0 0.0 0.0 0.0 0.0 0.0 0.0 0.0 0.0 0.0 0.0 0.0 5.52833e-05 0.0
0.0 0.0 0.0 0.0 0.0 0.0 0.0 0.0 0.0 0.0 0.0 0.0 0.0 0.0 0.0 0.0 0.0 0.9996 0.0 0.0 0.0 0.0 0.0 0.0 0.0 0.0 0.0 0.0 0.0 0.0 0.0 0.0 0.0 0.0 0.0 0.0 0.0 0.0 0.0 0.0 0.0 0.0 0.0 0.0 0.0 0.0 0.0 0.0 0.0 0.0 0.0 0.0 0.0 0.0 0.0 0.0 0.0 0.0 0.0 0.0 0.0 0.0 0.0 0.0
0.0 0.0 0.0 0.0 0.0 0.0 0.0 0.0 0.0 0.0 0.0 0.0 0.0 0.0 0.0 0.0 0.0 0.0 0.0 0.0 0.0 0.0 0.0 0.0 0.0 0.0 0.0 0.0 0.0 0.0 0.0 0.0 0.0 0.0 0.0 0.0 0.0 0.0 0.0 0.0 0.0 0.0 0.0 0.0 0.0 0.0 0.0 0.0 0.0 0.0 0.0 0.0 0.0 0.0 0.0 0.999831 0.0 0.0 0.0 0.0 0.0 0.0 0.0 0.0
0.0 0.0 0.0 0.0 0.0 0.0 0.0 0.0 0.0 0.0 0.0 0.0 0.0 0.0 0.0 0.0 0.0 0.0 0.0 0.0 0.0 0.0 0.0 0.0 0.0 0.0 0.0 0.0 0.0 0.0 0.0 0.0 0.0 0.0 2.45869e-05 0.0 0.0 0.0 0.0 0.0 0.0 0.0 0.0 0.0 0.0 2.08616e-07 0.0 0.0 0.0 0.0 2.86996e-05 0.0 0.996278 0.0 0.0 0.0 0.973804 0.0 0.0 0.0 0.0 0.0 0.0 0.391109
0.0 0.0 0.0 0.0 0.0 0.0 0.0 0.0 0.0 0.0 0.0 0.0 0.0 0.0 0.0 0.0 0.0 0.0 0.0 0.0 0.0 0.0 0.999858 0.0 0.0 0.0 0.0 0.0 0.0 0.0 0.0 0.0 0.0 0.0 0.0 0.0 0.0 0.0 1.54674e-05 0.0 0.0 0.0 0.0 0.0 0.0 0.0 1.49012e-07 0.0 0.0 0.0 0.0 0.0 0.0 0.0 0.0 0.0 0.0 0.0556936 0.0 0.0 0.0 0.0 0.0 0.0
0.0 0.0 0.0 0.0 0.0 0.0 0.0 0.890174 0.0 0.0 0.0 0.0 0.0 0.0 0.0 0.0 0.0 0.0 0.0 0.0 0.0 0.0 0.0 0.0 0.0 0.0 0.0 0.0 0.0 0.0 0.0 0.0 0.0 0.0 0.0 0.0 0.0 0.0 0.0 0.0 0.0 0.0 0.0 0.0 0.0 0.0 0.0106046 0.0 0.0 0.0 0.0 0.0 0.0 0.995192 0.259939 0.0 0.0 0.0 0.0 0.0 0.0 0.0 0.0 0.0
0.0 0.0 0.0 0.0 0.0 0.0 0.0 0.0 0.0 0.0 0.0 0.0 0.0 0.0 0.0 0.0 0.0 0.0 0.0 0.0 0.0 0.0 0.0 0.0 0.0 0.0 0.0 0.0 0.0 0.999946 0.0 0.0 0.0 0.0 0.0 0.0 0.0 0.0 0.0 0.0 0.0 0.0 0.0 0.0 0.0 0.0 0.0 0.0 0.0 0.0 0.0 0.0 0.0 0.0 0.0 0.0 0.0 0.0 0.0 0.0 0.0 0.0 0.0 0.0
0.0 0.0 0.0 0.0 0.0 0.0 0.0 0.0 0.0 0.0 0.0 0.0 0.0 0.0 0.0 0.996668 0.0 0.0 0.0 0.0 0.0 1.19209e-07 0.0 0.0 0.000883758 0.0 0.0 0.0 0.0 0.0 0.0 0.0 0.00107896 0.0 0.0 0.0 0.0 0.0 0.0 0.0 0.0 0.0 0.0 0.0 0.0 0.0 0.0 0.0 0.0 0.0 0.0 0.0 0.0 0.0 0.0 0.0 0.0 0.0 0.0 0.0 0.0 0.0 0.0 4.47035e-07
0.0 0.0 0.0 0.0 0.0 0.0 0.0 0.0 0.0 0.0 0.0 0.0 0.0 0.0 0.0 0.0 0.0 0.0 0.0 0.0 0.0 0.0 5.96046e-08 0.0 0.0 0.0 0.0 0.0 0.0 0.0 0.0 0.0 0.0 0.0 0.0 0.0 0.0 0.0 0.999454 0.0 0.0 0.0 0.0 0.0 0.0 0.0 0.0 0.0 0.0 0.0 0.0 0.0 0.0 0.0 0.0 0.0 0.0 0.776854 0.0 0.0 0.0 0.0 0.0 0.0
0.0 0.0 0.0 0.0 0.0 0.0 0.0 0.0 0.0 0.0 0.0 0.0 0.0 0.0 0.0 0.0 0.0 0.0 0.0 0.0 0.00877279 0.0 0.0 0.0 0.0 0.0 0.0 0.0 0.0 0.0 0.0 0.0 0.0 0.0 0.0 0.0 0.0 0.0 0.0 0.0 0.0 0.0 0.0 0.0 0.0 0.0 0.0 0.0 0.0 0.0 0.0 0.0 0.0 0.0 0.0 0.0 0.0 0.0 0.0 0.0 0.0 0.0 0.0 0.0
0.0 0.0 0.0 0.000343829 0.0 0.0 0.0 0.0 0.0 0.0 0.0 0.0 0.0 0.0 0.0 0.0 0.0 0.0 0.0 0.0 0.0 0.0 0.0 4.17233e-07 0.0 0.0 0.0 0.0 0.0 0.0 0.0 0.0 0.0 0.0 0.0 0.0 0.0 0.0 0.0 0.0 0.0 0.0 0.0 0.0 0.0 0.0 0.0 0.0 0.0 0.575198 0.0 0.0 0.0 0.0 0.0 0.0 0.0 0.0 0.0 0.0 0.0128831 0.0 0.0 0.0
8.22544e-06 0.0 0.0 0.980163 0.0 0.0 0.0 0.0 0.0 0.0 0.0 0.0 0.0 0.0 0.0 0.0 0.0 0.0 0.0 0.0 0.0 0.0 0.0 2.93553e-05 0.0 0.0 0.0 0.0 1.63615e-05 0.0 0.0 0.0 0.0 0.0 0.0 0.0 0.0 0.0 0.0 0.0 0.0 0.0 0.0 0.0 0.0 0.0 0.0 0.0 0.0 0.0157408 0.0 1.37389e-05 0.0 0.0 0.0 0.0 0.0 0.0 0.0 0.0 0.000187248 0.0 0.0 0.0
0.0152082 0.960066 0.0 0.0 0.812996 0.649052 0.0 0.0 0.0 0.0 0.0 0.0 0.375572 0.0 0.0 0.0 0.0 0.0 0.456196 0.0 0.0 0.0 0.0 0.0 0.0 0.0 0.984695 0.794166 1.19209e-07 0.0 0.660517 0.981722 0.0 0.788387 0.0 0.0 0.0 0.0 0.0 0.0 0.940525 0.823009 0.0 0.777127 0.0 0.0 0.0 0.0232417 0.861014 0.0 0.0 0.00474319 0.0 0.0 0.0 0.0 0.0 0.0 0.0 0.0 0.0 0.0210455 0.0 0.0
0.0 0.0 0.0 0.0 0.0 0.0 0.0 0.0 0.0 0.0 0.0 0.0 0.0 0.0 0.0 0.0 0.0 0.0 0.0 0.0 0.0 0.0 0.0 0.0 0.0 0.0 0.0 0.0 0.0 0.0 0.0 0.0 0.0 0.0 0.0 0.0 0.0 0.0 0.0 0.0 0.0 0.0 0.0 0.0 0.99968 0.0 0.0 0.0 0.0 0.0 0.0 0.0 0.0 0.0 0.0 0.0 0.0 0.0 0.0 0.0 0.0 0.0 0.0 0.0
0.0 0.0 0.0 0.0 0.0 0.0 0.0 0.0 0.0 0.0 0.0 0.0 0.0 0.0 0.0 0.0 0.0 0.0 0.0 0.0 0.0 0.983741 0.0 0.0 0.0 0.0 0.0 0.0 0.0 0.0 0.0 0.0 8.9407e-08 0.0 0.0 0.0 0.0 0.0 0.0 0.0 0.0 0.0 0.0 0.0 0.0 0.0 0.0 0.0 0.0 0.0 0.0 0.0 0.0 0.0 0.0 0.0 0.0 0.0 0.0 0.0 0.0 0.0 0.0 6.4075e-06
0.0 0.0 7.03335e-06 0.0 0.0 0.0 0.0 0.0 0.0 0.0 0.0 0.0 0.0 0.0 0.0 0.0 0.0 0.0 0.0 0.0 0.0 0.0 0.0 4.02033e-05 0.0 0.0011903 0.0 0.0 0.0 0.0 0.0 0.0 0.0 0.0 0.0 0.0 0.0 0.0 0.0 0.0 0.0 0.0 0.0 0.0 0.00822127 0.0 0.0 0.0 9.71556e-06 0.0 0.0 0.0 0.0 0.0 0.0 0.0 0.0 0.0 0.0 1.78814e-07 0.75505 0.0 0.982536 0.0
0.982397 0.756353 0.00170591 0.974685 0.949758 0.972716 0.0 0.0 0.0 0.0 0.0 0.0 0.930145 0.0 0.0 0.0 0.0 0.0 0.479347 0.0 0.0 0.0 0.0 6.55651e-07 0.0 4.73857e-06 0.980226 0.911995 0.0 0.97828 0.976642 0.974649 0.0 0.953242 0.0 0.0 0.0 0.0 0.0 0.0 0.973637 0.75453 0.0 0.951108 0.0 0.0 0.0 0.928237 0.00221309 0.0 0.0 0.975098 0.0 0.0 0.0 0.982033 0.0 0.0 0.0 0.0 0.0 0.969439 0.0 0.0
0.0 0.0 0.0 0.0 0.0 0.0 0.0 0.0 0.0 0.993353 0.0 0.0 0.0 0.0 0.0 0.0 0.0 0.0 0.0 0.0 0.0 0.0 0.0 0.0 0.0 0.0 0.0 0.0 0.0 0.0 0.0 0.0 0.0 0.0 0.0 0.0 0.0 0.0 0.0 0.0 0.0 0.0 0.0 0.0 0.0 0.0 0.0 0.0 0.0 2.08616e-07 0.0 0.0 0.0 0.0 0.0 0.0 0.0 0.0 0.0 0.0 0.0 0.0 0.0 0.0
5.96046e-08 0.0 0.382573 2.98023e-08 0.0 2.98023e-08 0.0 0.0 0.0 0.0 0.0 0.0 0.0 0.0 0.0 0.0 0.0 0.0 0.0 0.0 0.0 0.0 0.0 0.0 0.0 0.983096 0.0 0.0 0.0 8.9407e-08 6.25849e-07 1.78814e-07 0.0 0.0 0.0 0.0 0.0 0.0 0.0 0.0 2.08616e-07 0.000148177 0.0 0.0 0.0 0.0 0.0 0.0 0.000900209 0.0 0.0 5.06639e-07 0.0 0.0 0.0 0.0 0.0 0.0 0.0 0.0 0.0371045 5.69224e-06 0.00378019 0.0
0.0 0.0 0.0 0.0 0.0 0.0 0.0 0.0 0.0 0.0 0.0 0.0 0.0 0.0 0.0 0.0 0.0 0.0 0.0 0.0 0.0 0.0 0.0 0.0 0.0 0.0 0.0 0.0 0.0 0.0 0.0 0.0 0.0 0.0 0.0 0.0 0.0 0.0 0.0 0.0 0.0 0.0 0.0 0.0 0.999305 0.0 0.0 0.0 0.0 0.0 0.0 0.0 0.0 0.0 0.0 0.0 0.0 0.0 0.0 0.0 5.78165e-06 0.0 0.000172079 0.0
0.972767 0.973505 3.63886e-05 0.898809 0.978909 0.9684 0.0 0.0 0.0 0.0 0.0 0.0 0.982447 0.0 0.0 0.0 0.0 0.0 0.956527 0.0 0.0 0.0 0.0 2.98023e-08 0.0 1.78814e-07 0.975797 0.982353 0.0 0.980911 0.962866 0.973891 0.0 0.982329 0.0 0.0 0.0 0.0 0.0 0.0 0.965733 0.0951143 0.0 0.981824 0.0 0.0 0.0 0.982032 4.19617e-05 0.0 0.0 0.94066 0.0 0.0 0.0 0.974886 0.0 0.0 0.0 0.0 0.0 0.800534 0.0 0.0
0.910382 0.0144966 0.130262 0.769067 0.699474 0.889271 0.0 0.0 0.0 0.0 0.0 0.0 0.192167 0.0 0.0 0.0 0.0 0.0 0.00575155 0.0 0.0 0.0 0.0 3.317e-05 0.0 0.000341743 0.889182 0.181809 0.0 0.905792 0.970095 0.946991 0.0 0.54555 0.0 0.0 0.0 0.0 0.0 0.0 0.943622 0.978732 0.0 0.354674 0.0 0.0 0.0 0.240357 0.207166 0.0 0.0 0.963932 0.0 0.0 0.0 0.917642 0.0 0.0 0.0 0.0 6.85453e-07 0.982407 0.0 0.0
0.969292 0.977216 2.41399e-05 0.886379 0.97635 0.955768 0.0 0.0 0.0 0.0 0.0 0.0 0.983234 0.0 0.0 0.0 0.0 0.0 0.959371 0.0 0.0 0.0 0.0 0.0 0.0 1.49012e-07 0.971504 0.983376 0.0 0.978074 0.945934 0.960465 0.0 0.982895 0.0 0.0 0.0 0.0 0.0 0.0 0.955451 0.0639822 0.0 0.982358 0.0 0.0 0.0 0.98263 2.75373e-05 0.0 0.0 0.924235 0.0 0.0 0.0 0.970069 0.0 0.0 0.0 0.0 0.0 0.718226 0.0 0.0
0.0 0.0 0.0 0.0 0.0 0.0 0.0 0.997582 0.0 0.0 0.0 0.0 0.0 0.0 0.0 0.0 9.4384e-05 0.0 0.0 0.0 0.0 0.0 0.0 0.0 0.0 0.0 0.0 0.0 0.0 0.0 0.0 0.0 0.0 0.0 0.0 0.0 0.0 0.0 0.0 0.0 0.0 0.0 0.0 0.0 0.0 0.0 0.0031431 0.0 0.0 0.0 0.0 0.0 0.0 0.0 0.000129879 0.0 0.0 0.0 0.0 0.0 0.0 0.0 0.0 0.0
0.0 0.0 0.0 0.0 0.0 0.0 0.0 0.0 0.0 0.0 0.0 0.0 0.0 0.0 0.0 0.0 0.0 0.0 0.0 0.0 0.0 0.0 0.0 2.08616e-07 0.0 2.98023e-08 0.0 0.0 0.0 0.0 0.0 0.0 0.0 0.0 0.0 0.0 0.0 0.0 0.0 0.0 0.0 0.0 0.0 0.0 0.00807664 0.0 0.0 0.0 0.0 0.0 0.0 0.0 0.0 0.0 0.0 0.0 0.0 0.0 0.0 0.000126809 6.56545e-05 0.0 0.00739312 0.0
0.0 0.0 0.0 0.0 0.0 0.0 0.0 0.0 0.0 0.0 0.0 0.0 0.0 0.0 0.0 0.0 0.0 0.0 0.0 0.0 0.0 0.0 0.0 0.0 0.0 0.0 0.0 0.0 0.0 0.0 0.0 0.0 0.0 0.0 0.0 0.0 0.0 0.0 0.0 0.0 0.0 0.0 0.0 0.0 0.0 0.0 0.0 0.0 0.0 0.0 0.0 0.0 0.0 0.0 0.0 0.0 0.0 0.0 0.0 0.0 0.0 0.0 0.0 0.0
0.0 0.0 0.0 0.0 0.0 0.0 0.0 0.0 0.0 0.0 0.0 0.0 0.0 0.0 0.0 0.0 0.0 0.0 0.0 0.0 0.0 0.0 0.0 2.08616e-07 0.0 0.0 0.0 0.0 0.0 0.0 0.0 0.0 0.0 0.0 0.0 0.0 0.0 0.0 0.0 0.0 0.0 0.0 0.0 0.0 0.0253396 0.0 0.0 0.0 0.0 0.0 0.0 0.0 0.0 0.0 0.0 0.0 0.0 0.0 0.0 0.0 0.0 0.0 2.08616e-07 0.0
0.897502 0.98226 1.54972e-06 0.743948 0.942078 0.859658 0.0 0.0 0.0 0.0 0.0 0.0 0.980532 0.0 0.0 0.0 0.0 0.0 0.977401 0.0 0.0 0.0 0.0 0.0 0.0 0.0 0.913133 0.979799 0.0 0.923362 0.653936 0.828814 0.0 0.974356 0.0 0.0 0.0 0.0 0.0 0.0 0.766488 0.00398666 0.0 0.979587 0.0 0.0 0.0 0.978938 1.75834e-06 0.0 0.0 0.534574 0.0 0.0 0.0 0.890784 0.0 0.0 0.0 0.0 0.0 0.145704 0.0 0.0
0.0 0.0 0.0 0.0 0.0 0.0 0.0 0.0 0.0 0.0 0.0 0.0 0.0 0.0 0.991796 3.8743e-07 0.0 1.84774e-06 0.0 0.0 1.48714e-05 0.000136167 0.000105798 0.0 0.0 0.0 0.0 0.0 0.0 0.0 0.0 0.0 0.0 0.0 0.0 0.0 0.0 0.0 0.0 0.0 0.0 0.0 0.0 0.0 0.0 0.0 0.0 0.0 0.0 0.0 3.51667e-06 0.0 1.58846e-05 0.0 0.0 0.0 0.000123113 1.66893e-06 0.0 0.0 0.0 0.0 0.0 8.9407e-08
0.0 0.0 0.0 0.0 0.0 0.0 0.0 6.85453e-07 0.0 0.000666887 0.0 0.0 0.0 0.0 0.0 0.0 0.0 0.0 0.0 0.0 0.0 0.0 0.0 0.0 0.0 0.0 0.0 0.0 0.0 0.0 0.0 0.0 0.0 0.0 0.0 0.0 0.0 0.0 0.0 0.0 0.0 0.0 0.0 0.0 0.0 0.0 2.98023e-08 0.0 0.0 0.0 0.0 0.0 0.0 0.0 1.49012e-07 0.0 0.0 0.0 0.0 0.0 0.0 0.0 0.0 0.0
0.0 0.0 0.0 0.0 0.0 0.0 0.0 0.0 0.986838 0.0 0.0 2.08616e-07 0.0 0.0 0.0 0.0 0.0 0.0 0.0 0.0 0.0 0.0 0.0 0.0 0.0 0.0 0.0 0.0 0.0 0.0 0.0 0.0 0.0 0.0 0.0 1.49012e-07 0.0 0.0 0.0 0.0 0.0 0.0 0.0 0.0 0.0 0.0 0.0 0.0 0.0 0.0 0.0 0.0 0.0 0.0 0.0 0.0 0.0 0.0 0.0 0.0 0.0 0.0 0.0 0.0
0.0 0.0 0.0 0.0 0.0 0.0 0.0 0.0 0.0 0.0 0.0 0.0 0.0 0.0 0.0 0.0 0.0 0.0 0.0 0.0 0.0 0.0 0.0 0.0 0.0 0.0 0.0 0.0 0.0 0.0 0.0 0.0 0.0 0.0 0.0 0.0 0.0 0.0 0.0 0.0 0.0 0.0 0.0 0.0 0.0 0.0 0.0 0.0 0.0 0.0 0.0 0.0 0.0 0.0 0.0 0.0 0.0 0.0 0.0 0.0 0.0 0.0 0.0 0.0
0.0 0.0 0.0 0.0 0.0 0.0 0.0 0.0 0.0 0.0 0.0 0.0 0.0 0.0 0.0 0.0 0.0 0.0 0.0 0.999954 0.0 0.0 0.0 0.0 0.0 0.0 0.0 0.0 7.43568e-05 0.0 0.0 0.0 0.0 0.0 0.0 0.0 0.0 0.0 0.0 0.0 0.0 0.0 0.0 0.0 0.0 0.0 0.0 0.0 0.0 0.0 0.0 0.0 0.0 0.0 0.0 0.0 0.0 0.0 0.0 0.0 0.0 0.0 0.0 0.0
0.975249 0.880182 0.000582516 0.87827 0.982312 0.981738 0.0 0.0 0.0 0.0 0.0 0.0 0.964771 0.0 0.0 0.0 0.0 0.0 0.845979 0.0 0.0 0.0 0.0 2.38419e-07 0.0 1.3411e-06 0.976787 0.966743 0.0 0.982163 0.981387 0.982214 0.0 0.979612 0.0 0.0 0.0 0.0 0.0 0.0 0.981668 0.615052 0.0 0.970928 0.0 0.0 0.0 0.970519 0.000645757 0.0 0.0 0.976481 0.0 0.0 0.0 0.978962 0.0 0.0 0.0 0.0 0.0 0.942015 0.0 0.0
0.0 0.0 0.0 0.0 0.0 0.0 0.0 0.0 0.0 0.0 0.0 0.0 0.0 6.25849e-07 0.0 0.0 0.0 0.0 0.0 0.0 0.0 0.0 0.0 0.0 0.0 0.0 0.0 0.0 0.0 0.0 0.0 0.0 0.0 0.0 0.0 0.0 0.0 0.0 0.0 0.0 0.0 0.0 4.69387e-05 0.0 0.0 0.0 0.0 0.0 0.0 0.0 0.0 0.0 0.0 0.999951 0.0 0.0 0.0 0.0 0.0 0.0 0.0 0.0 0.0 0.0
0.0 0.0 0.0 0.0 0.0 0.0 0.0 0.0 0.0 0.0 0.0 0.0 0.0 9.53674e-07 0.0 0.0 0.0 0.0 0.0 0.0 0.0 0.0 0.0 0.0 0.0 0.0 0.0 0.0 0.0 0.0 0.0 0.0 0.0 0.0 0.0 0.0 0.0 0.0 4.42863e-05 0.0 0.0 0.0 0.0 0.0 0.0 2.20537e-06 0.0 0.0 0.0 0.0 0.0 0.0 0.0 0.0 0.0 0.0 0.0 0.0 0.99244 0.0 0.0 0.0 0.0 0.0
0.0 0.0 0.0 0.0 0.0 0.0 0.0 0.0 0.0 0.0 0.0 0.0 0.0 2.42591e-05 0.0 0.0 0.0 0.0 0.0 0.0 0.0 0.0 0.0 0.0 0.0 0.0 0.0 0.0 0.0 0.0 0.0 0.0 0.0 0.0 0.0 0.0 0.0 0.0 0.0 0.0 0.0 0.0 0.990985 0.0 0.0 0.0 0.0 0.0 0.0 0.0 0.0 0.0 0.0 0.000710368 0.0 0.0 0.0 0.0 0.0 0.0 0.0 0.0 0.0 0.0
0.970002 0.636122 0.00151497 0.883646 0.973544 0.968902 0.0 0.0 0.0 0.0 0.0 0.0 0.922107 0.0 0.0 0.0 0.0 0.0 0.46262 0.0 0.0 0.0 0.0 6.25849e-07 0.0 4.08292e-06 0.972696 0.926714 0.0 0.982941 0.985756 0.981616 0.0 0.964144 0.0 0.0 0.0 0.0 0.0 0.0 0.982793 0.778093 0.0 0.948464 0.0 0.0 0.0 0.928204 0.00166655 0.0 0.0 0.980943 0.0 0.0 0.0 0.976597 0.0 0.0 0.0 0.0 0.0 0.950983 0.0 0.0
0.0 0.0 0.0 0.0 0.0 0.0 0.0 0.0 0.0 0.0 0.0 0.0 0.0 0.0 0.0 0.0 0.0 0.0 0.0 0.0 0.0 0.0 0.0 0.0 0.0 0.0 0.0 0.0 0.0 0.0 0.0 0.0 0.0 0.0 0.0 0.0 0.0 0.0 0.0 0.0 0.0 0.0 0.0 0.0 0.0 0.0 0.0 0.0 0.0 0.0 0.0 0.0 0.0 0.0 0.0 0.0 0.0 0.0 0.0 0.994387 0.0 0.0 0.0 0.0
0.0 0.0 0.0 0.0 0.0 0.0 0.0 0.0 0.0 0.0 0.999966 0.0 0.0 0.0 0.0 0.0 0.0 0.0 0.0 0.0 0.0 0.0 0.0 0.0 0.0 0.0 0.0 0.0 0.0 0.0 0.0 0.0 0.0 0.0 0.0 0.0 0.0 0.0 0.0 0.0 0.0 0.0 0.0 0.0 0.0 0.0 0.0 0.0 0.0 0.0 0.0 0.0 0.0 0.0 0.0 0.0 0.0 0.0 0.0 0.0 0.0 0.0 0.0 0.0
0.0 0.0 0.0 0.0 0.0 0.0 0.0 0.0 0.0 0.0 0.0 0.0 0.0 0.0 0.0 0.0 0.0 0.0 0.0 0.0 0.0 0.0 0.0 0.0 0.998851 0.0 0.0 0.0 0.0 0.0 0.0 0.0 0.0 0.0 0.0 0.0 0.0 0.0 0.0 0.0 0.0 0.0 0.0 0.0 0.0 0.0 0.0 0.0 0.0 0.0 0.0 0.0 0.0 0.0 0.0 0.0 0.0 0.0 0.0 0.0 0.0 0.0 0.0 0.0
0.973136 0.546966 0.00135997 0.98278 0.809174 0.885272 0.0 0.0 0.0 0.0 0.0 0.0 0.778329 0.0 0.0 0.0 0.0 0.0 0.250492 0.0 0.0 0.0 0.0 2.38419e-07 0.0 3.36766e-06 0.962033 0.731437 0.0 0.935594 0.948334 0.920678 0.0 0.850162 0.0 0.0 0.0 0.0 0.0 0.0 0.900698 0.464216 0.0 0.868051 0.0 0.0 0.0 0.811294 0.00144687 0.0 0.0 0.926716 0.0 0.0 0.0 0.966536 0.0 0.0 0.0 0.0 0.0 0.936545 0.0 0.0
0.982168 0.752066 0.00211689 0.971542 0.961136 0.975519 0.0 0.0 0.0 0.0 0.0 0.0 0.93435 0.0 0.0 0.0 0.0 0.0 0.514826 0.0 0.0 0.0 0.0 8.34465e-07 0.0 6.13928e-06 0.981436 0.925436 0.0 0.980274 0.982402 0.979689 0.0 0.960836 0.0 0.0 0.0 0.0 0.0 0.0 0.979288 0.820848 0.0 0.957952 0.0 0.0 0.0 0.937747 0.00254378 0.0 0.0 0.979498 0.0 0.0 0.0 0.982608 0.0 0.0 0.0 0.0 0.0 0.972578 0.0 0.0
0.0 0.0 0.0 0.0 0.0 0.0 0.0 0.000246525 0.0 0.0 0.0 0.0 0.0 0.0 0.0 0.0 0.986487 0.0 0.0 0.0 0.0 0.0 0.0 0.0 0.0 0.0 0.0 0.0 0.0 0.0 0.0 0.0 0.0 0.0 0.0 0.0 0.0 0.0 0.0 0.0 0.0 0.0 0.0 0.0 0.0 0.0 0.0692835 0.0 0.0 2.5034e-06 0.0 0.0 0.0 0.0 1.78814e-07 0.0 0.0 0.0 0.0 0.0 0.0 0.0 0.0 0.0
5.35846e-05 5.96046e-08 0.983589 4.12464e-05 8.85129e-06 5.54323e-05 0.0 0.0 0.0 0.0 0.0 0.0 2.38419e-07 0.0 0.0 0.0 0.0 0.0 0.0 0.0 0.0 0.0 0.0 3.99351e-06 0.0 0.684458 3.32296e-05 2.98023e-07 0.0 4.39882e-05 0.000770479 0.000177205 0.0 2.38419e-06 0.0 0.0 0.0 0.0 0.0 0.0 0.000220895 0.135056 0.0 6.25849e-07 0.0 0.0 0.0 3.8743e-07 0.365424 0.0 0.0 0.000680715 0.0 0.0 0.0 5.78165e-05 0.0 0.0 0.0 0.0 0.00619781 0.00801247 0.000221819 0.0
0.96593 0.973446 2.44081e-05 0.865589 0.980026 0.964412 0.0 0.0 0.0 0.0 0.0 0.0 0.981845 0.0 0.0 0.0 0.0 0.0 0.964285 0.0 0.0 0.0 0.0 0.0 0.0 1.49012e-07 0.97149 0.982448 0.0 0.978755 0.960199 0.968746 0.0 0.982279 0.0 0.0 0.0 0.0 0.0 0.0 0.964538 0.067849 0.0 0.981805 0.0 0.0 0.0 0.98257 2.89679e-05 0.0 0.0 0.930428 0.0 0.0 0.0 0.967959 0.0 0.0 0.0 0.0 0.0 0.725028 0.0 0.0
0.0 0.0 2.98023e-08 0.0 0.0 0.0 0.0 0.0 0.0 0.0 0.0 0.0 0.0 0.0 0.0 0.0 0.0 0.0 0.0 0.0 0.0 0.0 0.0 0.998374 0.0 0.0 0.0 0.0 0.0 0.0 2.98023e-08 0.0 0.0 0.0 0.0 0.0 0.0 0.0 0.0 0.0 0.0 2.6226e-06 0.0 0.0 4.44055e-06 0.0 0.0 0.0 0.000465989 0.0 0.0 1.19209e-07 0.0 0.0 0.0 0.0 0.0 0.0 0.0 0.0 3.39746e-06 1.49012e-07 8.14199e-05 0.0
0.0 0.0 0.0 0.0 0.0 0.0 0.0 0.0 3.18885e-06 0.0 0.0 1.78814e-07 0.0 0.0 0.0 0.0 0.0 0.0 0.0 0.0 0.0 0.0 0.0 0.0 0.0 0.0 0.0 0.0 0.0 0.0 0.0 0.0 0.0 0.0 0.0 0.990667 0.0 0.0 0.0 0.0 0.0 0.0 0.0 0.0 0.0 0.0 0.0 0.0 0.0 0.0 0.0 0.0 0.0 0.0 0.0 0.0 0.0 0.0 0.0 0.0 0.0 0.0 0.0 0.0
0.98083 0.817744 0.00138888 0.94486 0.976047 0.979125 0.0 0.0 0.0 0.0 0.0 0.0 0.953732 0.0 0.0 0.0 0.0 0.0 0.661681 0.0 0.0 0.0 0.0 6.25849e-07 0.0 4.08292e-06 0.980003 0.95114 0.0 0.982145 0.983399 0.98219 0.0 0.973574 0.0 0.0 0.0 0.0 0.0 0.0 0.98244 0.786529 0.0 0.96325 0.0 0.0 0.0 0.957923 0.00161436 0.0 0.0 0.981399 0.0 0.0 0.0 0.982113 0.0 0.0 0.0 0.0 0.0 0.960876 0.0 0.0
0.0 0.0 0.0 0.0 0.0 0.0 0.997288 0.0 0.0 0.0 0.0 0.0 0.0 0.0 0.0 0.0 0.0 0.0 0.0 0.0 0.0 0.0 0.0 0.0 0.0 0.0 0.0 0.0 0.0 0.0 0.0 0.0 0.0 0.0 0.0 0.0 0.0 0.0 0.0 0.0 0.0 0.0 0.0 0.0 0.0 0.0 0.0 0.0 0.0 0.0 0.0 0.0 0.0 0.0 0.0 0.0 0.0 0.0 0.0 0.0 0.0 0.0 0.0 0.0
0.0 0.0 0.0 0.0 0.0 0.0 0.0 1.78814e-07 0.0 0.0 0.0 0.0 0.0 0.0 0.0 0.0 0.0 0.0 0.0 0.0 0.0 0.0 0.0 0.0 0.0 0.0 0.0 0.0 0.0 0.0 0.0 0.0 0.0 0.0 0.0 0.0 0.0 0.0 0.0 0.0 0.0 0.0 0.0 0.0 0.0 0.0 0.0 0.0 0.0 0.0 0.0 0.0 0.0 0.0 5.96046e-08 0.0 0.0 0.0 0.0 0.0 0.0 0.0 0.0 0.0
0.0 0.0 0.0 0.0 0.0 0.0 0.0 3.33786e-06 0.0 0.0 0.0 0.0 0.0 0.0 0.0 0.0 0.0 0.0 0.0 0.0 0.0 0.0 0.0 0.0 0.0 0.0 0.0 0.0 0.0 0.0 0.0 0.0 0.0 0.0 0.0 0.0 0.0 0.0 0.0 0.0 0.0 0.0 0.0 0.0 0.0 0.0 0.0 0.0 0.0 0.0 0.0 0.0 0.0 0.0 0.994164 0.0 0.0 0.0 0.0 0.0 0.0 0.0 0.0 0.0
0.0 0.0 8.9407e-08 0.0 0.0 0.0 0.0 0.0 0.0 0.0 0.0 0.0 0.0 0.0 0.0 0.0 0.0 0.0 0.0 0.0 0.0 0.0 0.0 0.00445437 0.0 0.0 0.0 0.0 0.0 0.0 0.0 0.0 0.0 0.0 0.0 0.0 0.0 0.0 0.0 0.0 0.0 5.66244e-07 0.0 0.0 0.0136848 0.0 0.0 0.0 3.67463e-05 0.0 0.0 0.0 0.0 0.0 0.0 0.0 0.0 0.0 0.0 0.0 1.41859e-05 2.98023e-08 2.63155e-05 0.0
0.000142366 0.0 0.486583 0.000107199 1.94609e-05 0.000167191 0.0 0.0 0.0 0.0 0.0 0.0 6.25849e-07 0.0 0.0 0.0 0.0 0.0 5.96046e-08 0.0 0.0 0.0 0.0 0.0104593 0.0 0.00583428 8.55327e-05 7.15256e-07 0.0 0.000103652 0.00260866 0.000400722 0.0 4.82798e-06 0.0 0.0 0.0 0.0 0.0 0.0 0.000618488 0.574 0.0 1.54972e-06 0.0 0.0 0.0 1.01328e-06 0.984882 0.0 0.0 0.00231588 0.0 0.0 0.0 0.000154167 0.0 0.0 0.0 0.0 0.00489289 0.0238266 0.000221491 0.0
0.0 0.0 0.0 0.0 0.0 0.0 0.0 0.0109378 0.0 0.0 0.0 0.0 0.0 0.0 0.0 0.0 0.0605235 0.0 0.0 0.0 0.0 0.0 0.0 0.0 0.0 0.0 0.0 0.0 0.0 0.0 0.0 0.0 0.0 0.0 0.0 0.0 0.0 0.0 0.0 0.0 0.0 0.0 0.0 0.0 0.0 0.0 0.984875 0.0 0.0 1.18613e-05 0.0 0.0 0.0 0.0 1.19209e-07 0.0 0.0 0.0 0.0 0.0 0.0 0.0 0.0 0.0
0.972735 0.489774 0.00605318 0.888692 0.970594 0.975892 0.0 0.0 0.0 0.0 0.0 0.0 0.889588 0.0 0.0 0.0 0.0 0.0 0.332616 0.0 0.0 0.0 0.0 2.563e-06 0.0 1.27554e-05 0.969992 0.886228 0.0 0.979579 0.983744 0.982433 0.0 0.956703 0.0 0.0 0.0 0.0 0.0 0.0 0.981986 0.934261 0.0 0.925448 0.0 0.0 0.0 0.906308 0.00769064 0.0 0.0 0.982232 0.0 0.0 0.0 0.975773 0.0 0.0 0.0 0.0 2.98023e-08 0.97692 0.0 0.0
0.976484 0.953641 0.000126451 0.901369 0.981561 0.976735 0.0 0.0 0.0 0.0 0.0 0.0 0.979282 0.0 0.0 0.0 0.0 0.0 0.930246 0.0 0.0 0.0 0.0 5.96046e-08 0.0 4.17233e-07 0.978067 0.979085 0.0 0.981779 0.978163 0.980311 0.0 0.981959 0.0 0.0 0.0 0.0 0.0 0.0 0.977341 0.282922 0.0 0.981158 0.0 0.0 0.0 0.980731 0.000145286 0.0 0.0 0.969574 0.0 0.0 0.0 0.978014 0.0 0.0 0.0 0.0 0.0 0.884251 0.0 0.0
0.0 0.0 0.0 0.0 0.0 0.0 0.0 0.0 0.0 0.0 0.0 0.0 0.0 0.0 5.00679e-06 8.9407e-08 0.0 0.259981 0.0 0.0 0.0026193 0.0752556 0.998036 0.0 0.0 0.0 0.0 0.0 0.0 0.0 0.0 0.0 0.0 0.0 0.0 0.0 0.0 0.0 0.0 0.0 0.0 0.0 0.0 0.0 0.0 0.0 0.0 0.0 0.0 0.0 0.872697 0.0 0.0305241 0.0 0.0 0.0 0.000813097 0.982368 0.0 0.0 0.0 0.0 0.0 0.119138
0.966655 0.27837 0.015664 0.893409 0.948782 0.966921 0.0 0.0 0.0 0.0 0.0 0.0 0.788903 0.0 0.0 0.0 0.0 0.0 0.14584 0.0 0.0 0.0 0.0 7.59959e-06 0.0 4.05312e-05 0.958926 0.788241 0.0 0.974234 0.983364 0.977887 0.0 0.91872 0.0 0.0 0.0 0.0 0.0 0.0 0.979691 0.952999 0.0 0.864269 0.0 0.0 0.0 0.80859 0.0324491 0.0 0.0 0.982564 0.0 0.0 0.0 0.970869 0.0 0.0 0.0 0.0 8.9407e-08 0.97694 0.0 0.0
0.0 0.0 0.0 0.0 0.0 0.0 0.0 0.0 2.98023e-07 0.0 0.0 0.999193 0.0 0.0 0.0 0.0 0.0 0.0 0.0 0.0 0.0 0.0 0.0 0.0 0.0 0.0 0.0 0.0 0.0 0.0 0.0 0.0 0.0 0.0 0.0 5.96046e-08 0.0 0.0 0.0 1.19209e-07 0.0 0.0 0.0 0.0 0.0 0.0 0.0 0.0 0.0 0.0 0.0 0.0 0.0 0.0 0.0 0.0 0.0 0.0 0.0 0.0 0.0 0.0 0.0 0.0
0.0 0.0 0.0 0.0 0.0 0.0 0.0 0.0 0.0 0.0 0.0 0.0 0.0 0.0 1.2815e-06 0.000232041 0.0 0.623807 0.0 0.0 0.0195242 0.489736 0.999921 0.0 0.0 0.0 0.0 0.0 0.0 0.0 0.0 0.0 0.0 0.0 8.9407e-08 0.0 0.0 0.0 0.0 0.0 0.0 0.0 0.0 0.0 0.0 0.0 0.0 0.0 0.0 0.0 0.37767 0.0 0.584718 0.0 0.0 0.0 0.104252 0.333564 0.0 0.0 0.0 0.0 0.0 0.759916
0.982864 0.799571 0.0012973 0.975597 0.956986 0.965777 0.0 0.0 0.0 0.0 0.0 0.0 0.940919 0.0 0.0 0.0 0.0 0.0 0.523969 0.0 0.0 0.0 0.0 5.06639e-07 0.0 3.75509e-06 0.983112 0.933962 0.0 0.980004 0.980457 0.976267 0.0 0.96149 0.0 0.0 0.0 0.0 0.0 0.0 0.974864 0.749031 0.0 0.959971 0.0 0.0 0.0 0.944083 0.00158483 0.0 0.0 0.970559 0.0 0.0 0.0 0.982787 0.0 0.0 0.0 0.0 0.0 0.962178 0.0 0.0
0.759609 0.975839 9.53674e-07 0.470568 0.938544 0.843914 0.0 0.0 0.0 0.0 0.0 0.0 0.975129 0.0 0.0 0.0 0.0 0.0 0.982743 0.0 0.0 0.0 0.0 0.0 0.0 0.0 0.791228 0.977231 0.0 0.84735 0.511469 0.739273 0.0 0.962935 0.0 0.0 0.0 0.0 0.0 0.0 0.645198 0.0023306 0.0 0.972123 0.0 0.0 0.0 0.970748 1.01328e-06 0.0 0.0 0.359348 0.0 0.0 0.0 0.74788 0.0 0.0 0.0 0.0 0.0 0.087496 0.0 0.0
0.971421 0.523176 0.00444695 0.85805 0.974068 0.978164 0.0 0.0 0.0 0.0 0.0 0.0 0.888508 0.0 0.0 0.0 0.0 0.0 0.358937 0.0 0.0 0.0 0.0 2.02656e-06 0.0 8.16584e-06 0.968247 0.896072 0.0 0.979725 0.983987 0.982639 0.0 0.958572 0.0 0.0 0.0 0.0 0.0 0.0 0.982891 0.900021 0.0 0.925466 0.0 0.0 0.0 0.913289 0.00552574 0.0 0.0 0.981846 0.0 0.0 0.0 0.976272 0.0 0.0 0.0 0.0 0.0 0.97154 0.0 0.0
0.0 0.0 0.0 0.0 0.0 0.0 0.0 0.0 0.0 0.0 0.0 0.0 0.0 0.0 0.0 0.0 0.0 0.0 0.0 0.56076 0.0 0.0 0.0 0.0 0.0 0.0 0.0 0.0 0.999898 0.0 0.0 0.0 0.0 0.0 0.0 0.0 0.0 0.0 0.0 0.0 0.0 0.0 0.0 0.0 0.0 0.0 0.0 0.0 0.0 0.0 0.0 0.0 0.0 0.0 0.0 0.0 0.0 0.0 0.0 0.0 0.0 0.0 0.0 0.0
0.0 0.0 0.0 0.0 0.0 0.0 2.98023e-07 0.0 0.0 0.0 0.0 0.0 0.0 0.0 0.0 0.0 0.0 0.0 0.0 0.0 0.0 0.0 0.0 0.0 0.0 0.0 0.0 0.0 0.0 0.0 0.0 0.0 0.0 0.0 0.0 0.0 0.98882 0.0 0.0 1.78814e-06 0.0 0.0 0.0 0.0 0.0 0.0 0.0 0.0 0.0 0.0 0.0 0.0 0.0 0.0 8.9407e-08 0.0 0.0 0.0 0.0 0.0 0.0 0.0 0.0 0.0
0.0 0.0 0.0 0.0 0.0 0.0 0.0 0.0 0.0 0.0 0.0 0.0 0.0 0.0 0.0 0.0 0.0 0.0 0.0 0.0 0.0 0.0 0.0 0.0 0.0 0.0 0.0 0.0 0.0 0.0 0.0 0.0 0.999733 0.0 0.0 0.0 0.0 0.0 0.0 0.0 0.0 0.0 0.0 0.0 0.0 0.0 0.0 0.0 0.0 0.0 0.0 0.0 0.0 0.0 0.0 0.0 0.0 0.0 0.0 0.0 0.0 0.0 0.0 0.0
0.0 0.0 0.0 0.0 0.0 0.0 0.0 0.0 0.0 0.0 0.0 0.0 0.0 0.0 6.25849e-07 0.373192 0.0 0.000677824 0.0 0.0 3.10242e-05 7.12872e-05 1.0103e-05 0.0 0.0 0.0 0.0 0.0 0.0 0.0 0.0 0.0 0.0 0.0 0.985898 0.0 0.0 0.0 0.0 0.0 0.0 0.0 0.0 0.0 0.0 1.19209e-07 0.0 0.0 0.0 0.0 1.19209e-07 0.0 0.000378489 0.0 0.0 0.0 0.00256875 0.0 0.0 0.0 0.0 0.0 0.0 5.87106e-06
0.980007 0.776657 0.00130245 0.913011 0.979669 0.985345 0.0 0.0 0.0 0.0 0.0 0.0 0.950548 0.0 0.0 0.0 0.0 0.0 0.697757 0.0 0.0 0.0 0.0 9.23872e-07 0.0 2.20537e-06 0.974342 0.944259 0.0 0.98173 0.980934 0.982723 0.0 0.973557 0.0 0.0 0.0 0.0 0.0 0.0 0.981322 0.762202 0.0 0.961824 0.0 0.0 0.0 0.955986 0.00179169 0.0 0.0 0.976479 0.0 0.0 0.0 0.979643 0.0 0.0 0.0 0.0 0.0 0.966704 0.0 0.0
0.966425 0.972014 2.38121e-05 0.890848 0.979995 0.963515 0.0 0.0 0.0 0.0 0.0 0.0 0.981564 0.0 0.0 0.0 0.0 0.0 0.959873 0.0 0.0 0.0 0.0 0.0 0.0 8.9407e-08 0.973242 0.981835 0.0 0.976987 0.951818 0.969497 0.0 0.982185 0.0 0.0 0.0 0.0 0.0 0.0 0.961325 0.0664901 0.0 0.982076 0.0 0.0 0.0 0.9826 2.82526e-05 0.0 0.0 0.922008 0.0 0.0 0.0 0.968296 0.0 0.0 0.0 0.0 0.0 0.72943 0.0 0.0
0.0 0.0 0.0 0.0 0.0 0.0 0.0 0.0 0.0 0.0 0.0 0.0 0.0 0.99997 0.0 0.0 0.0 0.0 0.0 0.0 0.0 0.0 0.0 0.0 0.0 0.0 0.0 0.0 0.0 0.0 0.0 0.0 0.0 0.0 0.0 0.0 0.0 0.0 0.0 0.0 0.0 0.0 9.20892e-06 0.0 0.0 0.0 0.0 0.0 0.0 0.0 0.0 0.0 0.0 5.96046e-08 0.0 0.0 0.0 0.0 8.9407e-08 0.0 0.0 0.0 0.0 0.0
0.0 0.0 0.0 0.0 0.0 0.0 0.0 0.0 0.0 0.0 0.0 4.17233e-07 0.0 0.0 0.0 0.0 0.0 0.0 0.0 0.0 0.0 0.0 0.0 0.0 0.0 0.0 0.0 0.0 0.0 0.0 0.0 0.0 0.0 0.0 0.0 1.19209e-07 1.19209e-07 0.0 0.0 0.993959 0.0 0.0 0.0 0.0 0.0 0.0 0.0 0.0 0.0 0.0 0.0 0.0 0.0 0.0 0.0 0.0 0.0 0.0 0.0 0.0 0.0 0.0 0.0 0.0
0.490581 0.000309259 0.55258 0.251152 0.10779 0.488952 0.0 0.0 0.0 0.0 0.0 0.0 0.00539818 0.0 0.0 0.0 0.0 0.0 0.000135541 0.0 0.0 0.0 0.0 0.000128597 0.0 0.0024884 0.368914 0.00550455 0.0 0.412033 0.867417 0.69066 0.0 0.0361907 0.0 0.0 0.0 0.0 0.0 0.0 0.685677 0.985766 0.0 0.0118608 0.0 0.0 0.0 0.00710076 0.695828 0.0 0.0 0.852267 0.0 0.0 0.0 0.511244 0.0 0.0 0.0 0.0 9.53674e-06 0.964514 1.19209e-07 0.0
0.0 0.0 0.0 0.0 0.0 0.0 0.0 0.0 0.0 0.0 0.0 0.0 0.0 0.0 0.0 0.0 0.0 0.0 0.0 0.0 0.0 0.0 0.0 0.0 0.0 0.0 0.0 0.0 0.0 0.0 0.0 0.0 0.0 0.0 0.0 0.0 0.0 0.0 0.97192 0.0 0.0 0.0 0.0 0.0 0.0 0.0 0.0 0.0 0.0 0.0 0.0 0.0 0.0 0.0 0.0 0.0 0.0 0.0 4.17233e-07 0.0 0.0 0.0 0.0 0.0
0.0 0.0 0.0 0.0 0.0 0.0 0.0 0.0 0.0 0.0 0.0 0.0 0.0 0.0 0.0 0.0 0.0 0.0 0.0 0.0 0.0 0.0 0.0 0.0 0.0 0.0 0.0 0.0 0.0 0.0 0.0 0.0 0.0 0.0 0.0 0.0 0.0 0.0 0.0 0.0 0.0 0.0 0.0 0.0 1.55866e-05 0.0 0.0 0.0 0.0 1.19209e-06 0.0 0.0 0.0 0.0 0.0 0.0 0.0 0.0 0.0 1.2815e-06 0.0 0.0 0.0 0.0
0.0 0.0 0.0 0.0 0.0 0.0 0.0 5.96046e-08 0.0 5.06639e-07 0.0 0.0 0.0 0.0 0.0 0.0 7.30157e-06 0.0 0.0 0.0 0.0 0.0 0.0 0.0 0.0 0.0 0.0 0.0 0.0 0.0 0.0 0.0 0.0 0.0 0.0 0.0 0.0 0.0 0.0 0.0 0.0 0.0 0.0 0.0 0.0 0.0 0.000854105 0.0 0.0 0.991825 0.0 0.0 0.0 0.0 0.0 0.0 0.0 0.0 0.0 0.0 0.0 0.0 0.0 0.0
0.0 0.0 0.000632048 0.0 0.0 0.0 0.0 0.0 0.0 0.0 0.0 0.0 0.0 0.0 0.0 0.0 0.0 0.0 0.0 0.0 0.0 0.0 0.0 6.31809e-06 0.0 0.0305829 0.0 0.0 0.0 0.0 0.0 0.0 0.0 0.0 0.0 0.0 0.0 0.0 0.0 0.0 0.0 2.08616e-07 0.0 0.0 0.00031966 0.0 0.0 0.0 0.000343025 0.0 0.0 0.0 0.0 0.0 0.0 0.0 0.0 0.0 0.0 1.90735e-06 0.982846 0.0 0.80565 0.0
0.0 0.0 0.0 0.0 0.0 0.0 0.0 0.0 0.0 0.0 0.0 0.0 0.0 0.0 0.0 0.0 0.0 0.0 0.0 0.0 0.0 0.0 0.0 0.0 0.0 0.0 0.0 0.0 0.0 0.0 0.0 0.0 0.0 0.0 0.0 0.0 0.0 0.993556 0.0 0.0 0.0 0.0 0.0 0.0 0.0 2.98023e-08 0.0 0.0 0.0 0.0 0.0 0.0 0.0 0.0 0.0 0.0 0.0 0.0 0.0 0.0 0.0 0.0 0.0 0.0
0.0 0.0 0.0 0.0 0.0 0.0 0.0 0.0 0.0 0.0 0.0 0.0 0.0 0.0 0.0 0.0 0.0 0.0 0.0 0.0 0.0 0.0 0.0 0.0 0.0 0.0 0.0 0.0 0.0 0.0 0.0 0.0 0.0 0.0 0.0 0.0 0.0 0.0 0.0 0.0 0.0 0.0 0.0 0.0 0.0 0.98534 0.0 0.0 0.0 0.0 0.0 0.0 0.0 0.0 0.0 0.0 0.0 0.0 2.98023e-08 0.0 0.0 0.0 0.0 0.0
52 56 15 50 17 63 21 20 34 39 8 36 19 45 42 58 6 46 7 54 53 22 57 38 61 26 12 47 5 30 41 48 60 3 1 18 43 27 33 40 49 25 0 4 51 55 29 31 28 24 62 44 32 13 2 23 16 10 37 11 35 14 9 59
