8
0.0 0.0 0.0 0.0 0.0 0.961733 1.79112e-05 0.0 0.0 0.0 0.0 0.000662565 0.0 0.0 0.0 0.0 0.0 0.0 0.0 0.0 5.96046e-08 0.0 0.0 0.0 0.0 0.0 5.96046e-08 0.0 2.98023e-08 0.0 0.0 0.0 0.0 0.0 0.0 0.0 0.0 0.0 0.0 0.0 0.0 0.0 0.0 0.0 0.0 0.0 0.0 0.0 0.0 0.0 0.0 0.0 0.0 0.0 0.0 0.0 0.0 0.0 0.0 0.0 0.0 0.0 0.0 0.0
0.0 0.0 0.0 0.0 0.0 0.0 0.0 0.0 0.0 0.0 0.0 0.0 0.0 0.0 0.0 0.0 0.0 0.0 0.0 0.0 0.0 0.0 0.0 0.0 0.0 0.0 0.0 0.0 0.0 0.0 0.0 0.0 0.0 0.0 0.0 0.0 0.988441 0.0 0.0 0.0 0.0 0.0 0.0 0.0 0.0 0.0 0.0 0.0 0.0 0.0 0.0 0.0 0.0 0.0 0.0 0.0 0.0 0.0 0.0 0.0 0.0 0.0 0.0 0.0
0.0 0.0 0.0 0.0 6.97374e-06 0.0 0.0 0.0 0.0 8.9407e-08 0.0 0.0 4.94719e-06 0.0 0.0 0.0 0.0 9.47714e-06 0.0 0.0 0.0 0.0 0.0 0.0 0.0 0.0 0.0 3.57628e-07 0.0 0.0 0.0 0.0 2.14577e-06 0.0 0.999767 0.000219226 0.0 0.000547677 0.0 0.0 0.0 0.0 0.0 0.0 0.0 0.0 0.0 0.0 1.0699e-05 0.0 0.0 0.0 0.0 0.0 0.0 0.0 0.0 0.0 0.0 0.0 0.0 0.0 5.54323e-05 0.0
0.0 0.994831 0.0 0.0 0.0 1.78814e-07 8.9407e-08 0.0 0.0 0.0 0.0 0.0 0.0 0.0 0.0 0.0 0.0 0.0 0.0 0.0 0.0 0.0 0.0 0.0 0.0 2.98023e-08 0.0 0.0 1.78814e-07 0.0 0.0 0.0 0.0 0.0 0.0 0.0 0.0 0.0 0.0 0.0 0.0 0.0 0.0 0.0 0.0 0.0 0.0 0.0 0.0 0.0 0.0 0.0 0.0 0.0 0.0 0.0 2.98023e-08 0.0 0.0 1.01328e-06 0.0 0.0 0.0 0.0
0.998106 0.0 0.0 0.0 0.000154585 0.0 0.0 0.0 5.96046e-08 4.58956e-06 0.0 0.0 0.31484 0.00404814 0.0 0.0 0.0 6.61612e-06 0.0 0.0 0.0 0.0 0.0 0.0 0.0 0.0 0.0 0.0 0.0 0.0 0.0 0.0 8.04663e-07 0.0 8.9407e-08 0.0238773 0.0 0.091051 0.0 0.0 0.0 0.0 0.0 0.0 2.08616e-07 0.0699798 0.0 0.0 7.29859e-05 0.0 0.0 0.0 0.0 1.49012e-07 0.0 0.0 0.0 0.0 0.0 0.0 0.0 0.00615352 0.000700891 0.0
1.93715e-06 0.0 0.0 0.0 5.96046e-08 0.0 0.0 0.000148326 0.0 2.98023e-08 0.0 0.0 0.0132572 0.0 0.00166813 0.0 0.0 0.999869 0.0 0.0 0.0 0.0 0.0 0.0 0.0 0.0 0.0 0.0 0.0 0.0 0.0 3.39746e-06 0.0 0.0 0.00108683 0.00313181 0.0 0.315335 0.0 0.0 0.0 0.0 0.0 0.0 0.0 3.07262e-05 0.0 0.0 0.0 0.0 0.0 0.0 0.0 2.86102e-06 0.0 0.0 0.0 0.0 0.0 0.0 0.0 1.49012e-07 0.000227243 0.0
0.0 0.0 0.0 0.0 3.06964e-06 0.0 0.0 0.0 0.999898 0.0 0.0 0.0 0.0 0.051738 0.0 0.0 0.0 0.0 0.0 0.0 0.0 2.08616e-07 0.0 0.0 0.0 0.0 0.0 1.60933e-06 0.0 0.0 0.0 0.0 0.0023084 0.0 0.0 0.0 0.0 4.18127e-05 0.001073 0.0 0.0 0.0 0.0 0.0 0.0 0.0 0.0 0.0 3.9041e-06 0.0 0.0 0.0 0.0 0.0 0.0 0.0 0.0 0.0 0.0 0.0 0.0 1.66893e-06 0.0 0.0
1.2815e-06 0.0 0.0 0.0 0.0 0.0 0.0 0.0 2.08616e-07 0.000104994 0.0 0.0 1.01328e-06 1.49012e-07 0.0 0.0 0.0 0.0 0.0 0.0 0.0 5.17666e-05 0.0 0.0 0.0 0.0 0.0 0.0 0.0 0.0 0.0 0.0 0.0 0.0 0.0 1.19507e-05 0.0 0.690398 1.49012e-07 2.68221e-07 0.0 0.0 0.0 0.0 0.0 4.52995e-06 0.0 1.19209e-07 1.19209e-07 0.0 0.0 0.0 0.0 9.5576e-05 0.0 0.0 0.0 0.0 0.0 0.0 0.0 0.982321 0.00104082 0.0
0.0 0.0 0.0 0.0 0.0 0.0 0.0 0.0 0.0 0.0 6.85453e-07 0.0 0.0 0.0 0.0 0.0 0.0 0.0 0.0 0.0 0.0 0.0 0.0 0.0 0.0 0.0 0.0 0.0 0.0 0.0 0.0 0.0 0.0 0.0 0.0 0.0 0.0 0.0 0.0 0.0 0.0 0.0 0.0 0.948359 0.0 0.0 0.0 0.0 0.0 0.0 0.0 0.0 0.0 0.0 0.0 0.0 0.0 0.0 0.0 0.0 0.0 0.0 0.0 0.513242
3.26335e-05 0.0 0.0 0.0 7.15256e-07 0.0 0.0 0.0 0.0 0.0 0.0 0.0 0.000889361 9.20892e-06 1.19209e-07 0.0 0.0 0.129469 0.0 0.0 0.0 0.0 0.0 0.0 0.0 0.0 0.0 0.0 0.0 0.0 0.0 0.0 0.0 0.0 0.00523439 0.303233 0.0 0.89932 0.0 0.0 0.0 0.0 0.0 0.0 0.0 2.08616e-07 0.0 0.0 1.78814e-07 0.0 0.0 0.0 0.0 2.08616e-07 0.0 0.0 0.0 0.0 0.0 0.0 0.0 6.82473e-05 1.82688e-05 0.0
1.49012e-07 0.0 0.0 0.0 0.0 0.0 0.0 0.99933 0.0 0.0 0.0 0.0 2.20537e-06 0.0 0.0 0.0 0.0 3.27826e-07 0.0 0.0 0.0 0.0 6.88732e-05 0.0 0.0 0.0 0.0 0.0 0.0 5.96046e-08 0.0 1.05798e-05 0.0 0.0 0.0 0.0 0.0 7.15256e-07 0.0 0.0 0.0 0.0 0.0 0.0 5.06639e-07 7.689e-05 0.0 0.0 0.0 0.0 0.0 0.0 0.0 0.0 0.0 0.0 0.0 0.0 0.0 0.0 0.0 0.0 0.000594527 0.0
0.0 0.0 0.0 2.08616e-07 0.0 0.0 0.0 0.0 0.0 0.0 0.0 0.0 0.0 0.0 0.0 0.0 0.0 0.0 0.0 1.19209e-07 0.0 0.0 0.0 0.0 0.0 5.06639e-07 0.0 0.0 0.0 0.0 0.0 0.0 0.0 0.0 0.0 0.0 0.0 0.0 0.0 0.0 0.0 0.0 0.0 0.0 0.0 0.0 0.0 0.0 0.0 0.0 1.47521e-05 0.0 0.0 0.0 0.0 0.0 0.996617 0.0 1.04308e-06 0.000524163 0.0 0.0 0.0 0.0
8.9407e-08 0.0 1.07288e-06 0.0 0.0 0.0 0.0 5.96046e-08 0.0 5.96046e-08 0.0 0.0 0.0 0.0 0.0 0.0 0.0 0.0 0.0 0.0 0.0 1.49012e-07 0.0 0.0 0.0 0.0 0.0 0.0 0.0 0.999889 0.0 0.0 0.0 0.0 0.0 0.0 0.0 1.49012e-07 2.98023e-08 3.57628e-07 0.0 0.0 0.0 0.0 0.0 0.0 0.0 7.15256e-07 0.0 0.0 0.0 0.0 0.0 0.0 0.0 0.0 0.0 0.0 0.0 0.0 0.0 1.78814e-06 7.73072e-05 0.0
1.87755e-06 0.0 0.0 0.0 4.17233e-07 0.0 0.0 0.0975092 0.0 0.000156313 0.0 0.0 0.000129163 0.0 0.0 0.0 0.0 4.30644e-05 0.0 0.0 0.0 0.0 6.97374e-06 0.0 0.0 0.0 0.0 0.0 0.0 1.14739e-05 0.0 1.37687e-05 0.0 0.0 4.88758e-06 1.06394e-05 0.0 0.000304103 0.0 0.0 0.0 0.0 0.0 0.0 0.0 8.04663e-06 0.0 0.0 2.98023e-08 0.0 0.0 0.0 0.0 9.38773e-06 0.0 0.0 0.0 0.0 0.0 0.0 0.0 5.75781e-05 0.999979 0.0
0.0 0.0 0.0 0.0 4.47035e-06 0.0 0.0 0.0 0.0 0.0 0.0 0.0 0.0 0.0 0.0 0.0 0.0 0.0 0.0 0.0 0.0 7.7486e-07 0.0 0.0 0.0 0.0 0.0 0.0 0.0 0.0 0.0 0.0 0.0 0.0 0.0 0.0 0.0 0.0 0.0 0.0 0.0 0.0 0.99937 0.0 0.0 0.0 0.0 0.0 0.0 0.0 0.0 0.0 0.0 0.0 0.0 0.0 0.0 0.0 0.0 0.0 0.0 0.0 0.0 0.0
0.0 0.0 0.0 0.0 0.0 0.0 0.0 0.0 0.0 0.0 0.0 0.0 0.0 0.0 0.0 1.49012e-07 0.0 0.0 0.0 0.0168861 0.0 0.0 0.0 0.0 2.64049e-05 1.63913e-06 0.0 0.0 0.0 0.0 0.0 0.0 0.0 0.0 0.0 0.0 0.0 0.0 0.0 0.0 0.0 6.79493e-06 0.0 0.0 0.0 0.0 6.4671e-06 0.0 0.0 0.0 0.0248455 0.0 0.0 0.0 0.0 0.0 1.31726e-05 0.0 0.000111371 0.990876 0.0 0.0 0.0 0.0
0.0 0.0 0.0 0.0 0.0 0.0 0.0 0.0 0.0 0.0 0.0 0.0 0.0 0.0 0.990471 0.0 0.0 0.172191 0.0 0.0 1.94609e-05 0.0 0.0 0.0 0.0 0.0 0.0 0.0 0.0 0.0 0.0 0.0 0.0 0.0 0.0 0.0 0.0 3.27826e-07 0.0 0.0 0.0 0.0 0.0 0.0 0.0 0.0 0.0 0.0 0.0 0.0 0.0 0.0 0.0 0.0 0.0 0.0 0.0 0.0 0.0 0.0 0.0 0.0 0.0 0.0
0.0 0.0 0.0 0.0 0.0 8.9407e-06 0.0 0.0 0.0 0.0 0.0 0.0 0.0 0.0 0.0 0.0 0.0 0.0 0.0 0.0 0.0 0.0 0.0 0.0 0.0 0.0 0.451855 0.0 0.0 0.0 0.0 6.85453e-07 0.0 0.0 0.0 0.0 0.0 0.0 0.0 0.0 0.0 0.0 0.0 0.0 0.0 0.0 0.0 0.0 0.0 0.0 0.0 0.996975 0.0 0.0 0.0 0.0 0.0 0.0 0.0 0.0 0.0 0.0 0.0 0.0
0.0 0.0 0.0 0.0 0.0 0.0 0.0 0.0 0.0 2.74181e-06 0.0 0.0 0.0 0.0 0.0 0.0 0.0 0.0 0.0 0.0 0.0 0.000120759 0.0 0.0 0.0 0.0 0.0 0.0 0.0 2.71201e-06 0.0 0.0 0.0 0.0 0.0 0.0 0.0 0.0 0.000172198 0.996079 1.66893e-06 0.0 0.0 0.0 9.50694e-06 7.7486e-07 0.0 7.15256e-07 0.0 0.0 0.0 0.0 0.0 7.36117e-06 1.07288e-06 0.0 0.0 0.0 0.0 0.0 0.0 2.47359e-06 2.98023e-08 0.0
0.0 0.0 0.0 0.998164 0.0 0.0 0.0 0.0 0.0 0.0 0.0 0.0 0.0 0.0 0.0 0.0 0.0 0.0 0.0 0.0 0.0 0.0 0.0 0.0 0.0 0.0 0.0 0.0 1.19209e-07 0.0 0.0 0.0 0.0 0.0 0.0 0.0 0.0 0.0 0.0 0.0 0.0 0.0 0.0 0.0 0.0 0.0 0.0 0.0 0.0 0.0 0.0 0.0 0.0 0.0 0.0 0.0 1.78814e-07 0.0 0.0 0.0 0.0 0.0 0.0 0.0
0.0 0.0 0.0 0.0 0.0 0.0 0.0 0.0 0.0 0.0 0.0 0.0 0.0 0.0 0.0 0.0 0.0 0.0 0.0 0.0 0.0 0.0 0.0 0.0 0.0 0.0 0.0 0.0 0.0 0.0 0.0 0.0 0.0 0.0 0.0 0.0 0.0 0.0 0.0 0.0 0.0 0.0 0.0 0.0 0.0 0.0 0.0 0.0 0.0 0.98442 0.0 0.0 0.0 0.0 0.0 0.0 0.0 0.0 0.0 0.0 0.0 0.0 0.0 0.0
0.0 0.0 0.0 0.0 1.40965e-05 0.0 0.0 0.0 0.0680188 9.17912e-05 0.0 0.0 0.0 4.23193e-06 0.0 0.0 0.0 0.0 0.0 0.0 0.0 0.00175983 0.0 0.0 0.0 0.0 0.0 0.0 0.0 0.0 0.0 0.0 2.58088e-05 0.0 0.0 0.0 0.0 2.06232e-05 0.999992 5.79059e-05 8.9407e-08 0.0 0.0 0.0 0.0 0.0 0.0 1.2964e-05 0.000176489 0.0 0.0 0.0 0.0 4.76837e-07 0.00362265 0.0 0.0 0.0 0.0 0.0 0.0 0.00104561 1.19209e-07 0.0
1.17421e-05 0.0 0.0 0.0 0.0 0.0 0.0 0.000445157 0.0 6.58631e-06 0.0 0.0 0.00892016 0.0 0.0 0.0 0.0 1.51992e-06 0.0 0.0 0.0 0.0 2.58386e-05 0.0 0.0 0.0 0.0 0.0 0.0 0.0 0.0 0.0 0.0 0.0 0.0 8.64267e-07 0.0 0.000134856 0.0 3.57628e-07 0.0 0.0 0.0 0.0 1.32322e-05 0.999995 0.0 0.0 0.0 0.0 0.0 0.0 0.0 2.68519e-05 0.0 0.0 0.0 0.0 0.0 0.0 0.0 1.4931e-05 1.93715e-06 0.0
0.0 0.0 0.0 0.0 0.000697404 0.0 0.0 0.0 5.96046e-08 0.0 0.0 0.0 0.0 6.88434e-06 0.0 0.0 0.0 0.0 0.0 0.0 0.0 0.0 0.0 0.0 0.0 0.0 0.0 0.99862 0.0 0.0 0.0 0.0 0.0995659 0.0 1.48118e-05 0.0 0.0 2.98023e-07 0.0 0.0 0.0 0.0 0.0 0.0 0.0 0.0 0.0 0.0 0.0243398 0.0 0.0 0.0 0.0 0.0 0.0 0.0 0.0 0.0 0.0 0.0 0.0 0.0 0.0 0.0
0.0 0.0 0.0 0.0 0.0 0.0 0.0 0.0 0.0 0.0 0.0 0.0 0.0 0.0 0.0 0.0 0.0 0.0 0.0 0.986066 0.0 0.0 0.0 0.0 2.98023e-08 2.98023e-08 0.0 0.0 0.0 0.0 0.0 0.0 0.0 0.0 0.0 0.0 0.0 0.0 0.0 0.0 0.0 0.0 0.0 0.0 0.0 0.0 1.19209e-07 0.0 0.0 0.0 2.98023e-08 0.0 0.0 0.0 0.0 0.0 0.0 0.0 1.2815e-06 0.136504 0.0 0.0 0.0 0.0
0.0 0.0 0.0 0.0 0.0 0.0 0.0 0.0 0.0 0.0 0.0 0.0 0.0 0.0 0.0 0.00027737 0.0 0.0 0.0 8.9407e-08 0.0 0.0 0.0 0.0 0.020017 0.0 0.0 0.0 0.0 0.0 0.0 0.0 0.0 0.0 0.0 0.0 0.0 0.0 0.0 0.0 0.0 9.64403e-05 0.0 0.0 0.0 0.0 8.89599e-05 0.0 0.0 0.0 0.995635 0.0 0.0 0.0 0.0 0.0 5.96046e-07 1.78814e-07 2.20537e-06 0.000551462 0.0 0.0 0.0 0.0
0.0 0.0 0.0 0.0 0.0 0.0 0.0 0.0 0.0 0.0 0.0 0.0 0.0 0.0 0.0 0.0 0.0 0.0 0.0 0.0 0.0 0.0 0.0 0.0 0.0 0.0 0.0 0.0 0.0 0.0 0.993954 0.0 0.0 0.0 0.0 0.0 0.0 0.0 0.0 0.0 0.0 0.0 0.0 0.0 0.0 0.0 0.0 0.0 0.0 0.0 0.0 0.0 7.7486e-07 0.0 0.0 0.0 0.0 0.0 0.0 0.0 0.0 0.0 0.0 0.0
4.83692e-05 0.0 2.38419e-07 0.0 1.69873e-06 0.0 0.0 2.86102e-06 1.51992e-06 1.2219e-06 0.0 0.0 0.0 5.54323e-06 0.0 0.0 0.0 0.0 0.0 0.0 0.0 0.000141472 0.0 0.0 0.0 0.0 0.0 0.0 0.0 8.9407e-08 0.0 0.0 0.0 0.0 0.0 0.0 0.0 0.00061357 0.0 0.0 0.0 0.0 2.98023e-08 0.0 0.0 1.19209e-07 0.0 7.52807e-05 5.96046e-08 0.0 0.0 0.0 0.0 0.0 0.0 0.0 0.0 0.0 0.0 0.0 0.0 0.000160009 2.20537e-06 0.0
0.0 8.9407e-08 0.0 0.0 0.0 4.39882e-05 0.0 0.0 0.0 0.0 0.0 0.0 0.0 0.0 0.0 0.0 0.0 0.0 0.0 0.0 3.27826e-07 0.0 0.0 0.0 0.0 0.0 4.11272e-06 0.0 4.76837e-07 0.0 0.0 0.0 0.0 0.0 0.0 0.0 0.0 0.0 0.0 0.0 0.0 0.0 0.0 0.0 0.0 0.0 0.0 0.0 0.0 0.0 0.0 8.37445e-06 0.0 0.0 0.0 0.0 0.0 0.0 0.0 0.0 0.0 0.0 0.0 0.0
0.0 0.0 0.0 0.0 0.0 0.0 0.0 0.0 0.0 0.0 0.0 0.0 0.0 0.0 0.0 0.0 0.0 0.0 0.0 0.0 0.0 0.0 0.0 0.0 0.0 0.0 0.0 0.0 0.0 0.0 0.0 0.0 0.0 0.0 0.0 0.0 0.0 0.0 0.0 0.0 0.0 0.0 0.0 0.0 0.0 0.0 0.0 0.0 0.0 0.0 0.0 0.0 0.0 0.0 0.0 0.999849 0.0 0.0 0.0 0.0 0.0 0.0 0.0 0.0
0.0 0.0 0.0 0.0 0.0 0.0 0.0 0.0 0.0 0.0 1.3411e-06 0.0 0.0 0.0 0.0 0.0 0.0 0.0 0.0 0.0 0.0 0.0 0.0 0.0 0.0 0.0 0.0 0.0 0.0 0.0 0.0 0.0 0.0 0.0 0.0 0.0 0.0 0.0 0.0 0.0 0.0 0.0 0.0 0.233854 0.0 0.0 0.0 0.0 0.0 0.0 0.0 0.0 0.0 0.0 0.0 0.0 0.0 0.0 0.0 0.0 0.0 0.0 0.0 0.991142
9.44734e-06 0.0 0.0 0.0 1.72853e-06 0.0 0.0 0.0 0.0 1.70767e-05 0.0 0.0 0.177241 8.64267e-07 0.0 0.0 0.0 0.0484357 0.0 0.0 0.0 0.0 0.0 0.0 0.0 0.0 0.0 0.0 0.0 0.0 0.0 0.0 0.0 0.0 0.000322223 0.997611 0.0 0.322871 0.0 0.0 0.0 0.0 0.0 0.0 2.98023e-08 4.03523e-05 0.0 0.0 1.81794e-06 0.0 0.0 0.0 0.0 0.000229657 0.0 0.0 0.0 0.0 0.0 0.0 0.0 1.88053e-05 2.70605e-05 0.0
0.0 0.0 0.0 0.0 5.96046e-08 0.0 0.0 0.0 0.0 0.0 0.0 0.0 0.0 0.0 0.0 0.0 0.0 0.0 0.0 0.0 0.0 0.00162464 0.0 0.0 0.0 0.0 0.0 0.0 0.0 0.0 0.0 0.0 0.0 0.0 0.0 0.0 0.0 0.0 5.96046e-08 0.0 0.0 0.0 0.0 0.0 0.0 0.0 0.0 0.999966 0.0 0.0 0.0 0.0 0.0 0.0 0.0 0.0 0.0 0.0 0.0 0.0 0.0 0.0 0.0 0.0
0.0 0.0 0.999994 0.0 0.0 0.0 0.0 0.0 0.0 0.0 0.0 0.0 0.0 0.0 0.0 0.0 0.0 0.0 0.0 0.0 0.0 0.0 0.0 0.0 0.0 0.0 0.0 0.0 0.0 0.0 0.0 0.0 0.0 0.0 0.0 0.0 0.0 0.0 0.0 0.0 0.0 0.0 0.0 0.0 0.0 0.0 0.0 0.0 0.0 0.0 0.0 0.0 0.0 0.0 0.0 0.0 0.0 0.0 0.0 0.0 0.0 0.0 0.0 0.0
0.0 0.0 0.0 0.0 0.0 0.0 0.0 0.0 0.0 0.0 0.0 0.0 0.0 0.0 0.0 0.0 0.0 0.0 0.0 0.0 0.0 5.96046e-08 0.0 0.998494 0.0 0.0 0.0 0.0 0.0 0.0 0.0 0.0 0.0 0.0 0.0 0.0 0.0 0.0 0.0 0.0 0.0 0.0 0.0 0.0 0.0 0.0 0.0 0.0 0.0 0.0 0.0 0.0 0.0 0.0 0.0 0.0 0.0 0.0 0.0 0.0 0.0 0.0 0.0 0.0
0.0 0.0 0.0 0.0 0.0 0.0 0.0 0.0278702 0.0 0.0 0.0 0.0 0.0 0.0 0.0 0.0 0.0 4.71771e-05 0.0 0.0 0.0 0.0 0.0 0.0 0.0 0.0 0.00034529 0.0 0.0 0.0 0.0 0.044199 0.0 0.0 0.0 0.0 0.0 1.49012e-07 0.0 0.0 0.0 0.0 0.0 0.0 0.0 2.98023e-08 0.0 0.0 0.0 0.0 0.0 8.10921e-05 0.0 0.0 0.0 0.0 0.0 0.0 0.0 0.0 0.0 0.0 9.23872e-07 0.0
0.0 0.0 0.0 7.15256e-07 0.0 0.0 0.0 0.0 0.0 0.0 0.0 0.0 0.0 0.0 0.0 0.0 0.0 0.0 0.0 0.0 0.0 0.0 0.0 0.0 0.0 0.0 0.0 0.0 0.985593 0.0 0.0 0.0 0.0 0.0 0.0 0.0 0.0 0.0 0.0 0.0 0.0 0.0 0.0 0.0 0.0 0.0 0.0 0.0 0.0 0.0 0.0 0.0 0.0 0.0 0.0 0.0 2.38419e-07 0.0 0.0 0.0 0.0 0.0 0.0 0.0
0.0 0.0 0.0 0.0 0.0 0.0 0.0 0.0 0.0 0.0 0.0 0.0 0.0 0.0 0.0 0.0 0.0 0.0 0.0 0.0 0.0 0.0 0.0 0.0 0.0 0.0 0.0 0.0 0.0 0.0 0.0 0.0 0.0 0.0 0.0 0.0 0.0 0.0 0.0 0.0 0.0 0.0 0.0 0.0 0.0 0.0 0.0 0.0 0.0 0.0 0.0 0.0 0.0 0.0 0.0 0.0 0.0 0.0 0.0 0.0 0.0 0.0 0.0 0.0
2.38419e-07 0.0 0.0 0.0 0.0226712 0.0 0.0 0.0 2.95639e-05 5.07534e-05 0.0 0.0 2.38419e-07 4.61936e-05 0.0 0.0 0.0 0.0 0.0 0.0 0.0 0.0 0.0 0.0 0.0 0.0 0.0 0.291516 0.0 0.0 0.0 0.0 0.0182006 0.0 0.000285774 3.93391e-06 0.0 0.000289559 1.78814e-06 0.0 0.0 0.0 0.0 0.0 0.0 0.0 0.0 0.0 0.99993 0.0 0.0 0.0 0.0 0.0 0.0 0.0 0.0 0.0 0.0 0.0 0.0 1.3411e-06 3.27826e-07 0.0
0.0 0.0 0.0 0.0 0.0 0.0 0.0 0.0 0.0 0.0 0.0 0.0 0.0 0.0 0.0 0.0 0.0 0.0 0.0 0.0 0.0 0.0 1.04904e-05 0.0 0.0 0.0 0.0 0.0 0.0 0.0 0.0 0.0 0.0 0.0 0.0 0.0 0.0 0.0 0.0 0.0 0.0 0.0 0.0 0.0 0.0 0.0 0.0 0.0 0.0 0.0 0.0 0.0 0.0 0.0 0.0 0.0 0.0 0.0 0.0 0.0 0.9973 0.0 0.0 0.0
2.17557e-06 0.0 0.0 0.0 1.72853e-06 0.0 0.0 2.41399e-06 0.0 0.0 0.0 0.0 0.000730097 0.0 0.0 0.0 0.0 0.0 0.0 0.0 0.0 0.0 0.0 0.0 0.0 0.0 0.0 0.0 0.0 0.0 0.0 0.0 0.0 0.0 0.0 0.0 0.0 1.19209e-07 0.0 8.9407e-08 0.0 0.0 0.0 0.0 0.999831 0.000916183 0.0 0.0 0.0 0.0 0.0 0.0 0.0 0.0 0.0 0.0 0.0 0.0 0.0 0.0 0.0 0.0 0.0 0.0
0.0 0.0 0.0 0.0 0.0 0.0 0.0 0.0 0.0 0.0 0.0 0.0 0.0 0.0 0.0 5.03659e-06 0.0 0.0 0.0 0.000102192 0.0 0.0 0.0 0.0 1.508e-05 0.0 0.0 0.0 0.0 0.0 0.0 0.0 0.0 0.0 0.0 0.0 0.0 0.0 0.0 0.0 0.0 0.0605452 0.0 0.0 0.0 0.0 4.6581e-05 0.0 0.0 0.0 1.80602e-05 0.0 0.0 0.0 0.0 0.0 1.10269e-06 8.9407e-08 0.994412 0.00172296 0.0 0.0 0.0 0.0
0.0 0.0 0.0 0.0 0.0 0.0 0.0 8.9407e-08 0.0 3.65674e-05 0.0 0.0 0.000287116 0.0 0.0 0.0 0.0 1.19209e-06 0.0 0.0 0.0 0.0 0.0 0.0 0.0 0.0 0.0 0.0 0.0 0.0 0.0 0.0 0.0 0.0 2.68221e-07 0.000499338 0.0 0.0151072 0.0 1.00732e-05 0.0 0.0 0.0 0.0 8.9407e-08 0.000202537 0.0 0.0 0.0 0.0 0.0 0.0 0.0 0.993546 0.0 0.0 0.0 0.0 0.0 0.0 0.0 0.000895619 0.000508547 0.0
0.0 0.0 0.0 0.0 0.0 0.0 0.0 0.0 0.0 0.0 0.0 0.0 0.0 0.0 0.0 0.0 0.0 0.0 0.0 0.0 0.0 0.0 0.0 0.0 0.0 0.0 0.0 0.0 0.0 0.0 0.0 0.0 0.0 0.99946 0.0 0.0 0.0 0.0 0.0 0.0 0.0 0.0 0.0 0.0 0.0 0.0 0.0 0.0 0.0 0.0 0.0 0.0 0.0 0.0 0.0 0.0 0.0 0.0 0.0 0.0 0.0 0.0 0.0 0.0
0.0 0.0 0.0 0.0 2.02656e-06 0.0 0.0 0.0 0.0 0.0 0.0 0.0 0.0 0.0 0.0 0.0 0.0 0.0 0.0 0.0 0.0 0.25734 0.0 0.0 0.0 0.0 0.0 0.0 0.0 0.0 0.0 0.0 0.0 0.0 0.0 0.0 0.0 0.0 4.61936e-05 5.66244e-07 0.0 0.0 0.0 0.0 0.0 0.0 0.0 0.288611 0.0 0.0 0.0 0.0 0.0 0.0 0.0 0.0 0.0 0.0 0.0 0.0 0.0 2.98023e-08 0.0 0.0
0.0 0.0 0.0 0.0 0.0 0.0 0.0 0.0 0.0 0.0 0.0 0.0 0.0 0.0 0.0 0.0 0.0 0.0 0.0 0.0 0.0 8.9407e-08 0.0 8.9407e-08 0.0 0.0 0.0 0.0 0.0 0.0 0.0 0.0 0.0 0.0 0.0 0.0 0.0 0.0 0.0429709 1.24574e-05 0.0 0.0 0.0 0.0 0.0 0.0 0.0 0.0 0.0 0.0 0.0 0.0 0.0 0.0 0.999971 0.0 0.0 0.0 0.0 0.0 0.0 0.0 0.0 0.0
0.0 0.0 0.0 0.0 0.0 0.0 0.0 0.0 0.0 0.0 0.0 0.0 0.0 0.0 0.0 0.00407058 0.0 0.0 0.0 0.0 0.0 0.0 0.0 0.0 0.000113577 0.0 0.0 0.0 0.0 0.0 0.0 0.0 0.0 0.0 0.0 0.0 0.0 0.0 0.0 0.0 0.0 2.76864e-05 0.0 0.0 0.0 0.0 0.0304849 0.0 0.0 0.0 2.08616e-07 0.0 0.0 0.0 0.0 0.0 0.0 0.990263 1.78814e-07 0.0 0.0 0.0 0.0 0.0
0.00160971 0.0 0.0 0.0 1.99676e-06 0.0 0.0 0.0 1.69873e-06 9.23872e-07 0.0 0.0 0.00197408 8.78274e-05 0.0 0.0 0.0 0.000596225 0.0 0.0 0.0 1.49012e-07 0.0 0.0 0.0 0.0 0.0 4.47035e-07 0.0 0.0 0.0 0.0 4.73857e-06 0.0 0.000545442 0.102292 0.0 0.999999 0.0 0.0 0.0 0.0 0.0 0.0 0.0 6.85453e-07 0.0 0.0 1.04308e-06 0.0 0.0 0.0 0.0 1.10865e-05 0.0 0.0 0.0 0.0 0.0 0.0 0.0 0.174117 0.00165817 0.0
2.94149e-05 0.0 0.0 0.0 0.00010711 0.0 0.0 0.0 8.45492e-05 0.0 0.0 0.0 1.49012e-07 0.999905 0.0 0.0 0.0 0.0 0.0 0.0 0.0 0.0 0.0 0.0 0.0 0.0 0.0 4.47035e-07 0.0 0.0 0.0 0.0 4.17233e-07 0.0 0.0 2.08616e-07 0.0 0.000636876 0.0 0.0 0.0 0.0 0.0 0.0 0.0 0.0 0.0 0.0 0.0 0.0 0.0 0.0 0.0 0.0 0.0 0.0 0.0 0.0 0.0 0.0 0.0 1.63913e-06 0.0 0.0
0.0 0.0 0.0 0.0 0.0 0.0 0.0 0.0 0.0 0.0 0.0 0.0 0.0 0.0 0.0 0.0 0.995742 0.0 0.0 0.0 0.0 0.0 0.0 0.0 0.0 0.0 0.0 0.0 0.0 0.0 0.0 0.0 0.0 0.0 0.0 0.0 0.0 0.0 0.0 0.0 0.0 0.0 0.0 0.0 0.0 0.0 0.0 0.0 0.0 0.0 0.0 0.0 0.0 0.0 0.0 0.0 0.0 0.0 0.0 0.0 0.0 0.0 0.0 0.0
0.0 0.0 0.0 0.0 0.0 0.0 0.0 0.0 0.0 0.0 0.0 0.0 0.0 0.0 0.0 0.021394 0.0 0.0 0.0 5.66244e-07 0.0 0.0 0.0 0.0 0.997288 1.19209e-07 0.0 0.0 0.0 0.0 0.0 0.0 0.0 0.0 0.0 0.0 0.0 0.0 0.0 0.0 0.0 2.78652e-05 0.0 0.0 0.0 0.0 0.000525981 0.0 0.0 0.0 0.0972608 0.0 0.0 0.0 0.0 0.0 1.19209e-07 0.000156313 4.52995e-06 2.66731e-05 0.0 0.0 0.0 0.0
0.0 0.0 0.0 0.0 0.0 0.0 0.0 0.0053277 0.0 2.98023e-08 0.0 0.0 0.0 0.0 0.0 0.0 0.0 0.0 0.0 0.0 0.0 0.0 0.999871 0.0 0.0 0.0 0.0 0.0 0.0 0.0 0.0 2.98023e-08 0.0 0.0 0.0 0.0 0.0 1.78814e-07 0.0 0.0 0.0 0.0 0.0 0.0 0.0 2.07424e-05 0.0 0.0 0.0 0.0 0.0 0.0 0.0 1.19209e-07 0.0 0.0 0.0 0.0 0.0 0.0 1.49012e-07 4.05312e-06 0.000145078 0.0
0.0 0.0 0.0 0.0 0.0 0.0 0.0 0.0 0.0 0.0 0.976407 0.0 0.0 0.0 0.0 0.0 0.0 0.0 0.0 0.0 0.0 0.0 0.0 0.0 0.0 0.0 0.0 0.0 0.0 0.0 0.0 0.0 0.0 0.0 0.0 0.0 0.0 0.0 0.0 0.0 0.0 0.0 0.0 0.0 0.0 0.0 0.0 0.0 0.0 0.0 0.0 0.0 0.0 0.0 0.0 0.0 0.0 0.0 0.0 0.0 0.0 0.0 0.0 0.0
0.0 0.0 0.0 0.0 0.0 0.0 0.0 9.47714e-06 0.0 0.0 0.0 0.0 0.0 0.0 0.0 0.0 0.0 2.08616e-07 0.0 0.0 0.0 0.0 0.0 0.0 0.0 0.0 0.000413835 0.0 0.0 0.0 0.0 0.998779 0.0 0.0 0.0 0.0 0.0 1.19209e-07 0.0 0.0 0.0 0.0 0.0 0.0 0.0 0.0 0.0 0.0 0.0 0.0 0.0 1.08778e-05 0.0 0.0 0.0 0.0 0.0 0.0 0.0 0.0 0.0 0.0 0.0 0.0
0.0 0.0 0.0 0.0 0.0 0.0 0.0 0.0 0.0 0.0 0.0 0.0 0.0 0.0 0.0 0.0 0.0 0.0 0.0 0.0 0.0 6.59227e-05 0.0 6.79493e-06 0.0 0.0 0.0 0.0 0.0 0.0 0.0 0.0 0.0 1.78814e-07 0.0 0.0 0.0 0.0 0.0 0.0 0.0 0.0 0.0 0.0 0.0 0.0 0.0 0.0 0.0 0.0 0.0 0.0 0.0 0.0 0.0 0.0 0.0 0.0 0.0 0.0 0.0 0.0 0.0 0.0
0.0 0.0 0.0 0.0 0.0 0.0 0.0 0.0 0.0 0.0 0.0 0.0 0.0 0.0 0.0 0.0 0.0 0.0 0.99941 0.0 0.0 0.0 0.0 0.0 0.0 0.0 0.0 0.0 0.0 0.0 0.0 0.0 0.0 0.0 0.0 0.0 0.0 0.0 0.0 0.0 0.0 0.0 0.0 0.0 0.0 0.0 0.0 0.0 0.0 0.0 0.0 0.0 0.0 0.0 0.0 0.0 0.0 0.0 0.0 0.0 0.0 0.0 0.0 0.0
0.0 0.0 0.0 0.0 0.0 0.0 0.0 0.0 0.0 0.0 0.0 0.0 0.0 0.0 0.0 0.998178 0.0 0.0 0.0 0.0 0.0 0.0 0.0 0.0 0.0276882 0.0 0.0 0.0 0.0 0.0 0.0 0.0 0.0 0.0 0.0 0.0 0.0 0.0 0.0 0.0 0.0 3.71039e-05 0.0 0.0 0.0 0.0 0.00121135 0.0 0.0 0.0 4.44949e-05 0.0 0.0 0.0 0.0 0.0 0.0 0.011625 0.0 0.0 0.0 0.0 0.0 0.0
0.0 0.0 0.0 0.0 0.0 0.0 0.0 0.0 0.0 0.0 0.0 0.0 0.0 0.0 0.0 0.00256243 0.0 0.0 0.0 2.98023e-08 0.0 0.0 0.0 0.0 6.3777e-05 0.0 0.0 0.0 0.0 0.0 0.0 0.0 0.0 0.0 0.0 0.0 0.0 0.0 0.0 0.0 0.0 0.996103 0.0 0.0 0.0 0.0 0.00690663 0.0 0.0 0.0 7.4029e-05 0.0 0.0 0.0 0.0 0.0 0.0 1.31726e-05 0.0929996 5.75185e-06 0.0 0.0 0.0 0.0
0.0 0.0 0.0 0.0 0.0 0.0 0.0 0.0 0.0 0.0 0.0 0.0 0.0 0.0 0.0 0.0 0.0 0.0 0.0 2.32458e-06 0.0 0.0 0.0 0.0 0.0 7.15256e-07 0.0 0.0 0.0 0.0 0.0 0.0 0.0 0.0 0.0 0.0 0.0 0.0 0.0 0.0 0.0 0.0 0.0 0.0 0.0 0.0 0.0 0.0 0.0 0.0 1.81794e-06 0.0 0.0 0.0 0.0 0.0 0.00863793 0.0 3.8743e-07 0.00032109 0.0 0.0 0.0 0.0
0.0 0.0 0.0 0.0 0.0 0.0 0.0 0.0 0.0 0.0 0.0 0.0 0.0 0.0 0.0 0.0042845 0.0 0.0 0.0 1.04308e-06 0.0 0.0 0.0 0.0 0.000760287 0.0 0.0 0.0 0.0 0.0 0.0 0.0 0.0 0.0 0.0 0.0 0.0 0.0 0.0 0.0 0.0 0.0139773 0.0 0.0 0.0 0.0 0.996753 0.0 0.0 0.0 1.89841e-05 0.0 0.0 0.0 0.0 0.0 0.0 0.00204006 7.07209e-05 2.08616e-07 0.0 0.0 0.0 0.0
0.0 0.0 0.0 0.0 0.0 0.0 0.0 0.0 0.0 0.0 0.0 0.0 0.0 0.0 0.0 0.0 0.0 0.0 0.0 0.0 0.0 0.0 0.0 0.0 0.0 0.0 0.0 0.0 0.0 0.0 0.0 0.0 0.0 0.0 0.0 0.0 0.0 0.0 5.96046e-07 0.0 0.999983 0.0 0.0 0.0 0.0 0.0 0.0 0.0 0.0 0.0 0.0 0.0 0.0 0.0 0.0 0.0 0.0 0.0 0.0 0.0 0.0 0.0 0.0 0.0
5.66244e-07 0.0 0.0 0.0 0.000137001 0.0 0.0 2.98023e-08 0.0 0.997734 0.0 0.0 0.000184655 0.0 0.0 0.0 0.0 0.0 0.0 0.0 0.0 2.02656e-06 0.0 0.0 0.0 0.0 0.0 0.0 0.0 0.0 0.0 0.0 0.0 0.0 3.27826e-07 9.79006e-05 0.0 0.00107986 1.78814e-07 2.08616e-07 0.0 0.0 0.0 0.0 1.19209e-07 0.000249594 0.0 0.0 0.00210509 0.0 0.0 0.0 0.0 1.2815e-05 0.0 0.0 0.0 0.0 0.0 0.0 0.0 0.0017913 0.00109059 0.0
0.0 0.0 0.0 0.0 1.75834e-06 0.0 0.0 0.0 1.46031e-05 0.0 0.0 0.0 0.0 0.000649095 0.0 0.0 0.0 0.0 0.0 0.0 0.0 0.0 0.0 0.0 0.0 0.0 0.0 0.00246358 0.0 0.0 0.0 0.0 0.998486 0.0 2.98023e-08 0.0 0.0 1.19209e-07 0.0 0.0 0.0 0.0 0.0 0.0 0.0 0.0 0.0 0.0 0.000162721 0.0 0.0 0.0 0.0 0.0 0.0 0.0 0.0 0.0 0.0 0.0 0.0 5.96046e-08 0.0 0.0
0.0 0.0 0.0 0.0 0.0 0.0 0.0 0.0 0.0 0.0 0.0 0.0 0.0 0.0 0.0 0.0 0.0 0.0 0.0 0.0 0.0 0.0 0.0 0.0 0.0 0.0 0.0 0.0 0.0 0.0 2.50936e-05 0.0 0.0 0.0 0.0 0.0 0.0 0.0 0.0 0.0 0.0 0.0 0.0 0.0 0.0 0.0 0.0 0.0 0.0 0.0 0.0 0.0 0.998762 0.0 0.0 0.0 0.0 0.0 0.0 0.0 0.0 0.0 0.0 0.0
0.0 0.0 0.0 0.0 0.0 0.0 0.0 0.0 0.0 0.0 0.0 0.0 0.0 0.0 0.0 0.0 0.0 0.0 0.0 0.0 0.0 0.0 0.0 0.0 0.0 0.0 0.0 0.0 7.30157e-05 0.998661 0.0 0.0 0.0 0.0 0.0 0.0 0.0 0.0 0.0 5.27501e-06 0.0 0.0 0.0 0.0 0.0 0.0 0.0 0.0 0.0 0.0 0.0 4.32134e-06 0.0 0.0 0.0 0.0 0.0 0.0 0.0 0.0 0.0 0.0 0.0 0.0
0.0 0.0 0.0 0.0 0.0 0.0 0.0 0.0 0.0 0.0 0.0 0.0113792 0.0 0.0 0.0 0.0 0.0 0.0 0.0 0.0 0.0 0.0 0.0 0.0 5.96046e-08 0.0 0.0 0.0 0.0 0.0 0.0 0.0 0.0 0.0 0.0 0.0 0.0 0.0 0.0 0.0 0.0 0.238443 0.0 0.0 0.0 0.0 3.60608e-06 0.0 0.0 0.0 0.000173897 0.0 0.0 0.0 0.0 0.0 2.76864e-05 0.998961 0.000641435 1.3113e-06 0.0 0.0 0.0 0.0
0.0 0.0 0.0 0.0 0.0 0.0 1.19209e-07 0.0 0.0 8.9407e-08 0.999934 0.0 9.23872e-07 0.0 0.0 0.0 0.0 0.0 0.0 0.0 0.0 0.0 0.0 0.0 0.0 0.0 0.0 0.0 0.0 0.0 0.0 0.0 0.0 0.0 0.0 8.9407e-08 0.0 0.0 0.0 0.0 5.96046e-08 0.0 0.0 0.0 0.0 0.0 0.0 2.08616e-07 0.0 0.0 0.0 0.0 0.0 0.0 0.0 0.0 0.0 0.0 0.0 0.0 0.0 0.0 0.0 0.0
0.0 0.0 0.0 0.0 0.0 0.0 0.0 0.0 0.0 0.0 0.0 0.0 0.0 0.0 0.0 0.0 0.0 0.0 0.0 0.0 0.0 0.0 0.0 0.0 7.45058e-05 0.0 0.0 0.0 0.0 0.0 0.0 0.0 0.0 0.0 0.0 0.0 0.0 0.0 0.0 0.0 0.0 3.45409e-05 0.0 0.0 0.0 0.0 0.997596 0.0 0.0 0.0 8.9407e-08 0.0 0.0 0.0 0.0 0.0 0.0 0.0 2.36034e-05 5.42402e-06 0.0 0.0 0.0 0.0
0.0 8.40425e-06 0.0 0.00126952 0.0 8.04663e-07 5.95152e-05 0.0 0.0 0.00153011 0.0 0.0 0.999941 6.97374e-06 0.0 0.0 0.0 0.0 0.0 0.0 0.0 0.0 4.17233e-07 0.0 0.0 0.0 0.0 0.0 0.0 0.0 0.0 1.66893e-06 0.0 0.0 0.0 2.23517e-06 0.0 0.0 0.0 6.85453e-06 2.08616e-07 0.0 0.0 0.0 0.0 0.0 0.0 0.0101999 0.0 0.0 0.0 5.24521e-06 0.0 7.15256e-07 0.0 0.0 0.0 0.0 0.0 0.0 0.0 0.0 0.0 0.0
0.0 0.0 0.0 0.0 0.0 0.0 0.0 0.0 0.0 0.0 0.0 0.0 0.0 0.0 0.0 0.0 0.0 0.0 1.63913e-06 2.98023e-08 0.0 0.0 0.0 0.0 0.0 0.0 1.19209e-07 0.0 4.13656e-05 0.0 0.0 0.0 0.0 0.0 0.0 1.19209e-07 2.98023e-07 0.0 0.0 6.25849e-07 0.0 0.0 0.0 0.0 0.0 0.0 0.0 0.0 0.0 0.0 0.0 0.0 0.0 0.0 0.0 0.994672 0.0 0.0 0.0 0.0 0.0 0.0 0.0 0.0
0.0 0.0 0.0 0.0154581 0.0 0.0 0.0 0.0 0.0 0.0 8.9407e-08 0.0 5.36442e-07 0.0 0.0 0.0 0.0 0.0 0.0 0.000149578 0.0 0.0 0.0 0.0 0.0 0.0 0.981753 0.0 0.0 0.0 0.0 0.0 0.0 0.0 0.0 0.000145823 1.63317e-05 0.0 0.0 0.0 0.0 0.0 0.0 0.0 0.0 0.0 0.0 2.74181e-06 0.0 0.0 0.0 0.0 0.0 0.0 0.0 0.0 0.0 0.0 0.0 0.0 0.0 0.0 0.0 0.0
0.0 0.0 0.0 0.0 7.48038e-06 0.000130028 0.0 0.0 0.0 0.000207663 0.0 0.0 0.000360191 2.08616e-07 0.0 0.0 0.0 0.0 0.0 0.0 0.0 0.0 0.580309 0.0 0.0 0.0 0.0 0.0 0.0 0.0 0.0 0.0 0.0 0.0 0.0 0.0 0.0 0.0 0.0 0.0 2.08616e-07 0.0 0.0 0.0 0.0 0.00117847 0.0 0.0122205 0.0 0.0 0.0 0.0 0.0 0.997038 0.0 0.0 0.0 0.0 0.0 0.0 0.0 0.0 8.9407e-08 0.0
0.0 0.0 0.0 0.0 0.0 0.0 0.0 0.0 0.0 0.0 0.0 0.0 0.0 0.0 0.0 0.0 0.0 0.0 0.0 0.0 0.0 0.0 0.0 0.0 0.0 0.0 0.0 0.0 0.0 0.0 0.983065 0.0 0.0 0.0 0.0 0.0 0.0 0.0 0.0 0.0 0.0 0.0 0.0 0.0 0.0 0.0 0.0 0.0 0.0 0.0 0.0 0.0 8.76784e-05 0.0 8.64267e-07 0.0 0.0 0.0 0.0 0.0 0.0 0.0 0.0 0.0
0.0 0.0 0.0 0.684891 0.0 0.0 0.0 0.0 0.0 0.0 8.9407e-08 0.0 3.45409e-05 0.0 0.0 0.0 0.0 0.0 0.0 0.0 0.0 0.0 0.0 0.0 0.0 0.0 2.6226e-06 0.0 0.0 0.0 0.0 0.0 0.0 0.0 0.0 0.998164 0.0 0.0 0.0 0.0040803 0.0 0.0 0.0 0.0 0.0 0.0 0.0 2.65241e-06 0.0 0.0 0.0 2.68221e-07 0.0 0.0 0.0 0.0 0.0 0.0 0.0 0.0 0.0 0.0 0.0 0.0
2.02656e-06 0.0 0.0 0.0 0.0 0.0 0.0 0.0 0.0 0.0 0.0 0.0 0.0 0.0 0.0 0.0 0.0 0.0 0.0 0.0 0.0 1.78814e-07 0.0 0.0 0.0 0.0 0.0 0.0 0.0 0.0 0.0 0.0 0.000344306 0.0 0.0 0.0 0.0 0.0 0.0 0.0 0.0 0.0 0.999765 0.0 0.0 0.0 0.0 0.0 5.96046e-08 0.0 0.0 0.0 0.0 0.0 0.0 0.0 0.0 0.0 0.0 0.0 0.0 0.0 0.0 0.0
0.0 0.0 0.0 0.0 0.0 0.0 0.0 0.0 0.0 0.0 0.0 0.00401071 0.0 0.0 0.0 0.0 0.0 0.0 0.0 0.0 0.0 0.0 0.0 0.0 0.0 0.0 0.0 0.0 0.0 0.0 0.0 0.0 0.0 0.0 0.0 0.0 0.0 0.0 0.0 0.0 0.0 8.51452e-05 0.0 0.0 0.0 0.0 0.0 0.0 0.0 0.0 0.0 0.0 0.0 0.0 0.0 0.0 0.0 0.000897706 5.96046e-08 0.0 0.0 0.0 0.0 0.0
0.0 0.0 0.0 0.0 0.0 0.0 0.999611 0.0 0.0 0.0 0.0 0.0 8.9407e-08 0.0 0.0 0.0 0.0 0.0 0.0 0.0 0.0 0.0 0.0 0.0 0.0 0.0 0.0 0.0 0.0 0.0 0.0 0.0 0.0 0.0 0.0 0.0 0.0 0.0 0.0 0.0 0.0 0.0 0.0 0.0 0.0 0.0 0.0 2.38419e-05 0.0 0.0 0.0 2.08616e-07 0.0 0.0 0.0 0.0 0.0 0.0 0.0 0.0 0.0 0.0 0.0 0.0
0.000567406 0.0 4.76837e-07 0.0 1.54972e-06 0.0 0.0 0.0 0.0 0.0 0.0 0.0 0.0 0.0819079 0.0 0.0 0.0 0.999999 0.0 0.0 0.0 8.9407e-08 0.00032258 0.0 0.0 0.0 0.0 0.0 0.0 0.0 0.0 0.0 5.96046e-08 0.0 0.0 0.0 0.0 0.0 3.57628e-07 0.0 0.0 0.0 0.0 0.0 1.19209e-07 0.0 0.0 3.66569e-06 0.00149369 0.0 0.0 0.0 0.0 0.0 0.0 0.0 0.0 0.0 0.0 0.0 0.0 0.0 0.0258455 0.0
0.0 0.0 0.0 0.0 0.0 0.0 0.0 0.0 0.0 0.0 0.0 0.0 0.0 0.0 0.0 0.0 0.0 0.0 0.0 0.996652 0.0 0.0 0.0 0.0 0.0 0.0 0.000466466 0.0 0.0 0.0 0.0 0.0 0.0 0.0 0.0 0.0 0.36864 0.0 0.0 0.0 0.0 0.0 0.0 0.0 0.0 0.0 0.0 2.98023e-08 0.0 0.0 0.0 0.0 0.0 0.0 0.0 1.49012e-07 0.0 0.0 0.0 0.0 0.0 0.0 0.0 0.0
0.0 0.0 0.0 0.0 0.0 0.0 0.0 0.0 0.0 0.0 0.0 0.0 0.0 0.0 0.0 0.00259811 0.0 0.0 0.0 0.0 0.0 0.0 0.0 0.0 2.38419e-06 0.00177601 0.0 0.0 0.0 0.0 0.0 0.0 0.0 0.0 0.0 0.0 0.0 0.0 0.0 0.0 0.0 4.69089e-05 0.0 0.0 0.0 0.0 8.9407e-08 0.0 0.0 0.0 0.0142776 0.0 0.0 0.0 0.0 0.0 0.00101247 0.0 0.115813 0.0322719 0.0 0.0 0.0 0.0
0.0 0.0 0.0 0.0 0.0 0.0 0.0 0.0 0.0 0.0 0.0 0.0 0.0 0.0 0.0 0.0 0.0 0.0 0.0 0.0 0.0 0.0 0.0 0.0 0.996974 0.0 0.0 0.0 0.0 0.0 0.0 0.0 0.0 0.0 0.0 0.0 0.0 0.0 0.0 0.0 0.0 2.08616e-07 0.0 0.0 0.0 0.0 5.52535e-05 0.0 0.0 0.0 2.08616e-07 0.0 0.0 0.0 0.0 0.0 0.0 0.0 5.1558e-06 0.00295085 0.0 0.0 0.0 0.0
0.0 0.0 0.0 5.96046e-08 0.0 0.0 0.0 0.0 0.0 0.0 0.0 0.0 0.0 0.0 0.0 0.0 0.0 0.0 0.992778 0.0 0.0 0.0 0.0 0.0 0.0 0.0 0.0 0.0 8.12113e-05 1.19209e-07 0.0 0.0 0.0 0.0 0.0 0.0 0.0 0.0 0.0 1.49012e-07 0.0 0.0 0.0 0.0 0.0 0.0 0.0 0.0 0.0 0.0 0.0 0.000349134 0.0 0.0 0.0 8.9407e-08 0.0 0.0 0.0 0.0 0.0 0.0 0.0 0.0
0.0 0.0 2.08616e-07 0.0 0.0010429 0.0 0.0 1.19209e-07 0.0 0.0 0.0 0.0 0.0 0.0329221 0.0 0.0 0.0 0.0 0.0 0.0 0.0 2.68221e-07 2.98023e-08 0.0 0.0 0.0 0.0 4.08292e-05 0.0 0.0 0.0 0.0 0.0 0.999928 0.0 0.0 0.0 0.0 6.25849e-07 0.0 1.78516e-05 0.0 0.0 0.0 3.95775e-05 0.0 0.0 6.25849e-07 3.8743e-07 0.0 0.0 0.0 0.0 0.0 0.0 0.0 0.0 0.0 0.0 0.0 0.0 1.63913e-06 1.78814e-07 0.0
0.0 0.0 0.0 0.0 0.0 0.0 0.0 0.0 0.0 0.0 0.0 0.0 0.0 0.0 0.0 0.00775596 0.0 0.0 0.0 0.0 0.0 0.0 0.0 0.0 6.31809e-06 0.582712 0.0 0.0 0.0 0.0 0.0 0.0 0.0 0.0 0.0 0.0 0.0 0.0 0.0 0.0 0.0 4.73857e-06 0.0 0.0 0.0 0.0 1.49012e-07 0.0 0.0 0.0 0.0189947 0.0 0.0 0.0 0.0 0.0 0.000793517 0.0 0.000771135 0.997775 0.0 0.0 0.0 0.0
0.0 0.0 0.0 0.0 0.0 0.0 0.0 0.0 0.0 0.0 0.0 0.0 0.0 0.0 0.0 0.00261763 0.0 0.0 0.0 0.0 0.0 0.0 0.0 0.0 0.0 0.982498 0.0 0.0 0.0 0.0 0.0 0.0 0.0 0.0 0.0 0.0 0.0 0.0 0.0 0.0 0.0 0.0 0.0 0.0 0.0 0.0 0.0 0.0 0.0 0.0 3.02494e-05 0.0 0.0 0.0 0.0 0.0 5.00381e-05 0.0 7.7486e-07 0.0402744 0.0 0.0 0.0 0.0
1.19209e-07 0.0 1.82986e-05 0.0 0.999461 1.49012e-07 0.0 1.78814e-07 0.0 0.0 0.0 0.0 0.0 5.00679e-06 0.0 0.0 0.0 0.0 0.0 0.0 0.0 1.10269e-06 0.000190556 0.0 0.0 0.0 0.0 2.80142e-06 0.0 0.0 0.0 0.0 0.0 0.000520736 0.0 0.0 0.0 0.0 1.2517e-05 0.0 0.0 0.0 0.0 0.0 0.00265047 0.0 0.0 9.71556e-06 0.000652343 0.0 0.0 0.0 0.0 0.0 0.0 0.0 0.0 0.0 0.0 0.0 0.0 0.000132352 4.88162e-05 0.0
0.0 0.0 0.0 0.0 5.96046e-08 0.0 0.0 0.0 0.0 0.0 0.0 0.0 0.0 0.0 0.0 0.0 0.0 0.0 0.0 0.0 0.0 0.0 0.0 0.0 0.0 0.0 0.0 0.0 0.0 0.0 0.0 2.08616e-07 0.0 0.0 0.0 0.0 0.0 0.0 0.0 0.0 0.0 0.0 0.0 0.0 0.0 0.0 0.0 5.1558e-06 0.0 0.0 0.0 0.0 0.0 0.0 0.0 0.0 0.0 0.0 0.0 0.0 1.0 0.0 0.0 0.0
3.74913e-05 0.0 0.0018267 0.0 0.97554 1.19209e-07 0.0 0.0 0.0 0.0 0.0 0.0 0.0 2.98023e-07 0.0 0.0 0.0 0.0 0.0 0.0 0.0 0.128964 2.74181e-06 0.0 0.0 0.0 0.0 0.000653982 0.0 0.0 0.0 0.0 5.36442e-07 0.000148147 0.0 0.0 0.0 0.0 0.00606605 0.0 2.98023e-08 0.0 0.0 0.0 0.00671622 0.0 0.0 2.08616e-07 1.57952e-06 0.0 0.0 0.0 0.0 0.0 0.0 0.0 0.0 0.0 0.0 0.0 0.0 0.995763 0.000366807 0.0
0.0 0.0 0.0 0.0 0.0 0.0 0.0 0.0 0.0 0.0 0.0 0.0 0.0 0.0 0.0 0.991957 0.0 0.0 0.0 0.0 0.0 0.0 0.0 0.0 1.78814e-07 0.000865549 0.0 0.0 0.0 0.0 0.0 0.0 0.0 0.0 0.0 0.0 0.0 0.0 0.0 0.0 0.0 1.73748e-05 0.0 0.0 0.0 0.0 1.78814e-07 0.0 0.0 0.0 0.0109713 0.0 0.0 0.0 0.0 0.0 9.0003e-06 0.0 1.57952e-05 0.00604603 0.0 0.0 0.0 0.0
0.0 0.0 0.0 0.0 0.0 0.0 0.0 0.0 0.0 0.0 0.0 0.997679 0.0 0.0 0.0 0.0 0.0 0.0 0.0 0.0 0.0 0.0 0.0 0.0 0.0 0.0 0.0 0.0 1.19209e-07 0.0 0.0 0.0 0.0 0.0 0.0 0.0 0.0 0.0 0.0 0.0 0.0 5.66542e-05 0.0 0.0 0.0 0.0 0.0 0.0 0.0 0.0 0.0 0.0 0.0 0.0 0.0 0.0 0.0 0.0216306 9.23872e-07 0.0 0.0 0.0 0.0 0.0
0.0 0.0 0.0 0.0 0.0 0.0 0.0 0.0 0.0 0.0 0.0 0.0 0.0 0.0 0.0 0.0 0.0 0.0 0.0 0.0 0.977216 0.0 0.0 0.0 0.0 0.0 0.0 0.0 0.0 0.0 0.0 0.0 0.0 0.0 0.0 0.0 0.0 0.0 0.0 0.0 0.0 0.0 0.0 0.0 0.0 0.0 0.0 0.0 0.0 0.0 0.0 0.0 0.0 0.0 0.0 0.0 0.0 0.0 0.0 0.0 0.0 0.0 0.0 0.0
0.0 0.0 0.0 1.17719e-05 0.0 6.47306e-05 1.49012e-07 0.0 0.0 0.996295 9.83477e-07 0.0 0.0770931 9.53674e-05 0.0 0.0 0.0 0.0 0.0 0.0 0.0 0.0 3.8445e-06 0.0 0.0 0.0 0.0 0.0 0.0 0.0 0.0 0.0153213 0.0 0.0 0.0 0.0 0.0 0.0 0.0 0.0 0.00190642 0.0 0.0 0.0 0.0 0.0 0.0 0.905657 0.0 0.0 0.0 0.0 0.0 7.15256e-06 0.0 0.0 0.0 0.0 0.0 0.0 0.0 0.0 0.0 0.0
0.0 0.0 0.0 0.0 0.0 0.0 0.0 0.0 0.0 0.0 0.0 9.23872e-07 0.0 0.0 0.0 6.29425e-05 0.0 0.0 0.0 0.0 0.0 0.0 0.0 0.0 1.07288e-05 7.26283e-05 0.0 0.0 0.0 0.0 0.0 0.0 0.0 0.0 0.0 0.0 0.0 0.0 0.0 0.0 0.0 0.504448 0.0 0.0 0.0 0.0 0.000110358 0.0 0.0 0.0 0.0137239 0.0 0.0 0.0 0.0 0.0 0.00072822 4.28259e-05 0.99781 0.137437 0.0 0.0 0.0 0.0
0.0 0.0 0.0 0.0 0.0 0.0 0.0 0.0 0.997452 0.0 0.0 0.0 0.0 0.0 0.0 0.0 0.0 0.0 0.0 0.0 0.0 0.0 0.0 0.0 0.0 0.0 0.0 0.0 0.0 0.0 0.0 0.0 0.0 0.0 0.0510677 0.0 0.0 0.0 0.0 0.0 0.0 0.0 0.0 0.0 0.0 0.0 0.0 0.0 0.0 0.0 0.0 0.0 0.0 0.0 0.0 0.0 0.0 0.0 0.0 0.0 0.0 0.0 0.0 0.0
0.0 0.0 0.0 0.0 0.0 0.0 0.0 0.0 0.0 0.0 0.0 0.0 0.0 0.0 0.0 0.0 3.57628e-07 0.0 0.0 0.0 0.0 0.0 0.0 0.0 0.0 0.0 0.0 0.0 0.0 0.0 0.0 0.0 0.0 0.0 0.0 0.0 0.0 0.0 0.0 0.0 0.0 0.0 0.0 0.0 0.0 0.0 0.0 0.0 0.0 0.996408 0.0 0.0 0.0 0.0 0.0 0.0 0.0 0.0 0.0 0.0 0.0 0.0 0.0 0.0
0.0 0.0 0.0 1.49012e-07 0.0 0.0 0.0 0.0 0.0 0.0 3.27826e-07 0.0 0.0 0.0 0.0 0.0 0.0 0.0 0.0 0.209589 0.0 0.0 0.0 0.0 0.0 0.0 7.21812e-05 0.0 0.0 0.0 0.0 0.0 0.0 0.0 0.0 0.0 0.999805 0.0 0.0 0.0 0.0 0.0 0.0 0.0 0.0 0.0 0.0 0.0 0.0 0.0 0.0 2.98023e-08 0.0 0.0 0.0 1.78814e-07 0.0 0.0 0.0 0.0 0.0 0.0 0.0 0.0
0.0 0.0 0.0 0.0 2.38419e-05 2.18153e-05 0.0 0.0 0.0 4.17233e-07 0.0 0.0 0.00025633 2.98023e-08 0.0 0.0 0.0 0.0 0.0 0.0 0.0 0.0 0.971538 0.0 0.0 0.0 0.0 0.0 0.0 0.0 0.0 0.0 0.0 0.0 0.0 0.0 0.0 0.0 0.0 0.0 0.0 0.0 0.0 0.0 0.0 0.00175241 0.0 0.000112057 4.76837e-07 0.0 0.0 0.0 0.0 0.0825139 0.0 0.0 0.0 0.0 0.0 0.0 0.0 0.0 7.15256e-07 0.0
0.0 0.0 0.0 0.0 0.0 0.0 0.0 0.0 0.0 0.0 0.0 0.0 0.0 0.0 0.0 0.0 0.0 0.0 0.0 0.0 0.0 0.0 0.0 0.0 0.0 0.0 0.0 0.0 0.0 0.0 4.56274e-05 0.0 0.0 0.0 0.0 0.0 0.0 0.0 0.0 0.0 0.0 0.0 0.0 0.0 0.0 0.0 0.0 0.0 0.0 0.0 0.0 0.0 0.992619 0.0 5.96046e-08 0.0 0.0 0.0 0.0 0.0 0.0 0.0 0.0 0.0
0.0 0.0 0.0 0.0 0.0 0.0 0.0 0.997875 0.0 0.0 0.0 0.0 0.0 5.51641e-05 0.0 0.0 0.0 0.0 0.0 0.0 0.0 0.0 0.0 0.0 0.0 0.0 0.0 0.0 0.0 0.0 0.0 0.0 0.0 2.08616e-07 0.0 0.0 0.0 0.0 0.0 0.0 0.0 0.0 0.0 0.0 0.0 0.0 0.0 0.0 0.0 0.0 0.0 0.0 0.0 0.0 0.0 0.0 0.0 0.0 0.0 0.0 0.0 0.0 0.0 0.0
0.0 0.0 0.0 0.0 0.0 0.0 0.0 0.0 0.0 0.0 0.0 1.49012e-07 0.0 0.0 0.0 0.0 0.0 0.0 0.00197074 0.0 0.0 0.0 0.0 0.0 0.0 0.0 0.0 0.0 0.999734 0.00020799 0.0 0.0 0.0 0.0 0.0 0.0 0.0 0.0 0.0 0.0 0.0 0.0 0.0 0.0 0.0 0.0 0.0 0.0 0.0 0.0 0.0 8.9407e-08 0.0 0.0 0.0 0.000218838 0.0 0.0 0.0 0.0 0.0 0.0 0.0 0.0
0.0 0.0 0.0 0.0 0.0 0.0 0.0 0.0 0.0 0.0 0.0 2.98023e-07 0.0 0.0 0.0 1.27256e-05 0.0 0.0 0.0 0.0 0.0 0.0 0.0 0.0 2.65241e-06 3.57628e-07 0.0 0.0 0.0 0.0 0.0 0.0 0.0 0.0 0.0 0.0 0.0 0.0 0.0 0.0 0.0 0.969498 0.0 0.0 0.0 0.0 0.000239432 0.0 0.0 0.0 0.00626308 0.0 0.0 0.0 0.0 0.0 0.000243008 0.0141565 0.178101 0.000171691 0.0 0.0 0.0 0.0
0.0 0.0 0.0 0.0 0.0 0.0 0.0 0.0 0.0 0.0 0.0 0.0 0.0 0.0 0.0 0.0 0.0 0.0 0.0 0.0 0.0 0.0 0.0 0.0 0.0 0.0 0.0 0.0 0.0 0.0 4.17233e-07 0.0 0.0 0.0 0.0 0.0 0.0 0.0 0.0 0.0 0.0 0.0 0.0 0.0 0.0 0.0 0.0 0.0 0.0 0.0 0.0 0.0 0.0 0.0 0.995932 0.0 0.0 0.0 0.0 0.0 0.0 0.0 0.0 0.0
0.999768 0.0 0.261308 0.0 0.333589 0.0 0.0 0.0 0.0 0.0 0.0 0.0 0.0 2.10106e-05 0.0 0.0 0.0 3.27826e-07 0.0 0.0 0.0 0.0544303 0.00432885 0.0 0.0 0.0 0.0 3.85046e-05 0.0 0.0 0.0 0.0 3.57628e-07 0.0 0.0 0.0 0.0 0.0 0.0910944 0.0 0.0 0.0 0.0 0.0 0.0138859 0.0 0.0 0.0 0.0155931 0.0 0.0 0.0 0.0 0.0 0.0 0.0 0.0 0.0 0.0 0.0 0.0 0.00219536 0.00157264 0.0
0.172734 0.0 0.988544 0.0 0.976924 0.0 0.0 0.0 0.0 0.0 0.0 0.0 0.0 0.000151455 0.0 0.0 0.0 5.96046e-08 0.0 0.0 0.0 0.00457466 0.00237054 0.0 0.0 0.0 0.0 1.44839e-05 0.0 0.0 0.0 0.0 0.0 1.65105e-05 0.0 0.0 0.0 0.0 0.306397 0.0 2.98023e-08 0.0 0.0 0.0 0.0280184 0.0 0.0 1.78814e-07 0.0662506 0.0 0.0 0.0 0.0 0.0 0.0 0.0 0.0 0.0 0.0 0.0 0.0 0.0313365 0.186452 0.0
0.0 0.0 0.0 0.0 0.0 0.0 0.0 0.0 0.0 0.0 0.0 0.0 0.0 0.0 0.0 0.0 2.38419e-07 0.0 0.0 0.0 0.0 0.0 0.0 0.998553 0.0 0.0 0.0 0.0 0.0 0.0 0.0 0.0 0.0 0.0 0.0 0.0 0.0 0.0 0.0 0.0 0.0 0.0 0.0 0.0 0.0 0.0 0.0 0.0 0.0 1.19209e-07 0.0 0.0 0.0 0.0 0.0 0.0 0.0 0.0 0.0 0.0 0.0 0.0 0.0 1.53482e-05
0.0 0.0 0.0 0.0 0.0 0.0 0.0 0.0 0.0 0.0 0.0 0.0 0.0 0.0 0.0 4.91142e-05 0.0 0.0 0.0 0.0 0.0 0.0 0.0 0.0 0.0 0.0139306 0.0 0.0 0.0 0.0 0.0 0.0 0.0 0.0 0.0 0.0 0.0 0.0 0.0 0.0 0.0 0.0 0.0 0.0 0.0 0.0 0.0 0.0 0.0 0.0 2.563e-06 0.0 0.0 0.0 0.0 0.0 1.01328e-06 0.0 0.0 0.00138465 0.0 0.0 0.0 0.0
0.0 2.38419e-07 0.0 0.998617 0.0 0.0 0.0 0.0 0.0 2.38419e-07 0.0 0.0 0.000683606 0.0 0.0 0.0 0.0 0.0 5.36442e-07 0.0 0.0 0.0 0.0 0.0 0.0 0.0 8.40127e-05 0.0 0.0 0.0 0.0 0.0 0.0 0.0 0.0 0.243093 2.98023e-08 0.0 0.0 2.38717e-05 0.0 0.0 0.0 0.0 0.0 0.0 0.0 1.09971e-05 0.0 0.0 0.0 5.36442e-07 0.0 0.0 0.0 0.0 0.0 0.0 0.0 0.0 0.0 0.0 0.0 0.0
0.0 0.0 0.0 0.0 0.0 0.0 0.0 0.0 0.0 0.0 0.0 0.0 0.0 0.0 0.0 0.0 0.00102273 0.0 0.0 0.0 0.0 0.0 0.0 4.20213e-06 0.0 0.0 0.0 0.0 0.0 0.0 0.0 0.0 0.0 0.0 0.0 0.0 0.0 0.0 0.0 0.0 0.0 0.0 0.0 0.0 0.0 0.0 0.0 0.0 0.0 0.0 0.0 0.0 0.0 0.0 0.0 0.0 0.0 0.0 0.0 0.0 0.0 0.0 0.0 0.997697
0.168702 0.0 0.0310132 0.0 0.0777305 0.0 0.0 0.0 0.0 0.0 0.0 0.0 0.0 2.5332e-06 0.0 0.0 0.0 0.0 0.0 0.0 0.0 0.0971912 8.9407e-08 0.0 0.0 0.0 0.0 0.990149 0.0 0.0 0.0 0.0 0.0 0.000509083 0.0 0.0 0.0 0.0 0.798842 0.0 0.0 0.0 0.0 0.0 0.817305 0.0 0.0 0.0 0.00298142 0.0 0.0 0.0 0.0 0.0 0.0 0.0 0.0 0.0 0.0 0.0 0.0 0.0829198 0.000207186 0.0
0.0 0.0 0.0 4.17233e-06 1.99676e-06 0.00870302 1.12653e-05 0.0 0.0 0.043391 0.000516266 0.0 0.00061968 0.521864 0.0 0.0 0.0 0.0 0.0 0.0 0.0 0.0 2.08616e-06 0.0 0.0 0.0 0.0 0.0 0.0 0.0 0.0 0.000557601 0.0 8.9407e-08 0.0 8.9407e-08 0.0 0.0 0.0 0.0 0.999326 0.0 0.0 0.0 0.0 0.0 0.0 0.98798 0.0 0.0 0.0 0.0 0.0 5.96046e-08 0.0 0.0 0.0 0.0 0.0 0.0 0.0 0.0 1.75834e-06 0.0
0.0 0.0 0.0 0.0 0.0 0.0 0.0 0.0 0.0 0.0 0.0 0.0 0.0 0.0 0.0 0.000396878 0.0 0.0 0.0 0.0 0.0 0.0 0.0 0.0 0.0 0.142587 0.0 0.0 0.0 0.0 0.0 0.0 0.0 0.0 0.0 0.0 0.0 0.0 0.0 0.0 0.0 0.0 0.0 0.0 0.0 0.0 0.0 0.0 0.0 0.0 1.01626e-05 0.0 0.0 0.0 0.0 0.0 3.12924e-05 0.0 2.08616e-07 0.00454742 0.0 0.0 0.0 0.0
1.19209e-07 0.0 0.0 0.0 2.49147e-05 9.23872e-07 0.0 0.0 0.0 0.0 0.0 0.0 0.0 1.2517e-06 0.0 0.0 0.0 0.0 0.0 0.0 0.0 0.0 0.938879 0.0 0.0 0.0 0.0 0.0 0.0 0.0 0.0 0.0 0.0 0.0 0.0 0.0 0.0 0.0 0.0 0.0 0.0 0.0 0.0 0.0 0.0 0.999976 0.0 2.08616e-07 1.19209e-07 0.0 0.0 0.0 0.0 0.0049485 0.0 0.0 0.0 0.0 0.0 0.0 0.0 0.0 2.68221e-07 0.0
0.0 0.0 0.0 8.9407e-08 0.00379261 0.999814 0.0 0.0 0.0 0.0465803 2.68221e-07 0.0 0.0016959 0.00300282 0.0 0.0 0.0 0.0 0.0 0.0 0.0 0.0 0.0732289 0.0 0.0 0.0 0.0 0.0 0.0 0.0 0.0 1.2815e-06 1.49012e-06 0.0 0.0 0.0 0.0 0.0 0.0 0.0 0.000847965 0.0 0.0 0.0 0.0 4.20213e-06 0.0 0.147285 2.98023e-08 0.0 0.0 0.0 0.0 0.0102313 0.0 0.0 0.0 0.0 0.0 0.0 0.0 0.0 6.70552e-06 0.0
0.0 0.0 0.0 0.0 0.0 0.0 0.0 0.0 0.0 0.0 0.0 0.0 0.0 0.0 0.0 0.00682652 0.0 0.0 0.0 0.0 0.0 0.0 0.0 0.0 9.44734e-06 0.000305891 0.0 0.0 0.0 0.0 0.0 0.0 0.0 0.0 0.0 0.0 0.0 0.0 0.0 0.0 0.0 0.000247002 0.0 0.0 0.0 0.0 4.44949e-05 0.0 0.0 0.0 0.977647 0.0 0.0 0.0 0.0 0.0 0.00168929 1.78814e-07 0.00123075 0.981507 0.0 0.0 0.0 0.0
0.0 0.0 0.0 0.0 0.0 0.0 0.0 0.0 0.0 0.0 0.0 0.0 0.0 0.0 0.0 4.96805e-05 0.0 0.0 0.0 0.0 0.0 0.0 0.0 0.0 1.49012e-07 0.00127324 0.0 0.0 0.0 0.0 0.0 0.0 0.0 0.0 0.0 0.0 0.0 0.0 0.0 0.0 0.0 0.000156581 0.0 0.0 0.0 0.0 8.9407e-08 0.0 0.0 0.0 0.000770003 0.0 0.0 0.0 0.0 0.0 0.98337 8.9407e-08 0.000696123 0.0209611 0.0 0.0 0.0 0.0
0.0 0.0 0.0 8.73208e-06 0.0 0.0 0.0 0.0 0.0 0.0 0.0 0.0 2.70009e-05 0.0 0.0 0.0 0.0 0.0 1.35303e-05 0.0 0.0 0.0 0.0 0.0 0.0 0.0 0.0 0.0 1.19209e-07 2.80142e-05 0.0 0.0 0.0 0.0 0.0 0.000480741 0.0 0.0 0.0 0.995443 0.0 0.0 0.0 0.0 0.0 0.0 0.0 0.0 0.0 0.0 0.0 1.86861e-05 0.0 0.0 0.0 0.0 0.0 0.0 0.0 0.0 0.0 0.0 0.0 0.0
0.0 0.0 0.0 0.0 0.0 0.0 0.0 0.0 0.0 0.0 0.0 0.0 0.0 0.0 0.998582 0.0 0.0 0.0 0.0 0.0 0.0 0.0 0.0 0.0 0.0 0.0 0.0 0.0 0.0 0.0 0.0 0.0 0.0 0.0 0.0 0.0 0.0 0.0 2.98023e-08 0.0 0.0 0.0 0.0 0.0 0.0 0.0 0.0 0.0 2.05636e-06 0.0 0.0 0.0 0.0 0.0 0.0 0.0 0.0 0.0 0.0 0.0 0.0 0.0 0.0 0.0
0.0 0.993178 0.0 7.15256e-07 0.0 0.0 0.0 0.0 0.0 1.19209e-07 0.0 0.0 0.000126839 0.0 0.0 0.0 0.0 0.0 0.0 0.0 0.0 0.0 0.0 0.0 0.0 0.0 1.19209e-07 0.0 0.0 0.0 0.0 0.0 0.0 0.0 0.0 0.0 0.0 0.0 0.0 0.0 0.0 0.0 0.0 0.0 0.0 0.0 0.0 2.08616e-07 0.0 0.0 0.0 0.0 0.0 0.0 0.0 0.0 0.0 0.0 0.0 0.0 0.0 0.0 0.0 0.0
0.00598484 0.0 0.365566 0.0 0.980481 0.0 0.0 0.0 0.0 0.0 0.0 0.0 0.0 0.000342548 0.0 0.0 0.0 1.19209e-07 0.0 0.0 0.0 0.0411978 3.06964e-06 0.0 0.0 0.0 0.0 0.153084 0.0 0.0 0.0 0.0 0.0 0.00750008 0.0 0.0 0.0 0.0 0.434448 0.0 1.78814e-07 0.0 0.0 0.0 0.99941 0.0 0.0 2.38419e-07 0.000189126 0.0 0.0 0.0 0.0 0.0 0.0 0.0 0.0 0.0 0.0 0.0 0.0 0.315741 0.0130028 0.0
0.0 0.0 0.0 0.0 0.0 0.0 0.0 0.0 0.0 0.0 0.0 0.0 0.0 0.0 0.0 0.0 1.37091e-06 0.0 0.0 0.0 0.0 0.0 0.0 0.0 0.0 0.0 0.0 0.0 0.0 0.0 0.0 0.0 0.0 0.0 0.0 0.0 0.0 0.0 0.0 0.0 0.0 0.0 0.0 0.887503 0.0 0.0 0.0 0.0 0.0 2.65241e-06 0.0 0.0 0.0 0.0 0.0 0.0 0.0 0.0 0.0 0.0 0.0 0.0 0.0 0.0
0.0 0.0 0.0 0.0 0.0 0.0 0.0 0.0 0.0 0.0 0.0 0.0 0.0 0.0 0.0 4.53889e-05 0.0 0.0 0.0 0.0 0.0 0.0 0.0 0.0 5.26309e-05 0.00130811 0.0 0.0 0.0 0.0 0.0 0.0 0.0 0.0 0.0 0.0 0.0 0.0 0.0 0.0 0.0 0.000787437 0.0 0.0 0.0 0.0 1.99676e-06 0.0 0.0 0.0 0.00944614 0.0 0.0 0.0 0.0 0.0 0.000164449 1.19209e-07 0.0270547 0.366165 0.0 0.0 0.0 0.0
0.0 0.0 0.0 0.0 0.0 0.0 0.0 0.0 0.0 0.0 0.0 0.0 0.0 0.0 0.0 0.0 0.0 0.0 0.0 0.0 0.0 0.0 0.0 0.0 0.0 3.15905e-06 0.0 0.0 0.0 0.0 0.0 0.0 0.0 0.0 0.0 0.0 0.0 0.0 0.0 0.0 0.0 0.0 0.0 0.0 0.0 0.0 0.0 0.0 0.0 0.0 0.0 0.0 0.0 0.0 0.0 0.0 0.0 0.0 0.0 0.0 0.0 0.0 0.0 0.0
0.0 0.0 0.0 0.0 0.0 0.0 0.0 0.0 0.0 0.0 0.0 0.0 0.0 0.0 0.0 0.0373712 0.0 0.0 0.0 0.0 0.0 0.0 0.0 0.0 2.98023e-08 0.0227152 0.0 0.0 0.0 0.0 0.0 0.0 0.0 0.0 0.0 0.0 0.0 0.0 0.0 0.0 0.0 2.98023e-08 0.0 0.0 0.0 0.0 0.0 0.0 0.0 0.0 0.0017072 0.0 0.0 0.0 0.0 0.0 2.98023e-06 0.0 9.23872e-07 0.638093 0.0 0.0 0.0 0.0
0.0 0.0 0.0 0.0 0.0 0.0 0.0 0.0 0.0 0.0 0.0 0.0 0.0 0.0 0.0 1.19209e-07 0.0 0.0 0.0 0.0 0.0 0.0 0.0 0.0 0.0 0.000211984 0.0 0.0 0.0 0.0 0.0 0.0 0.0 0.0 0.0 0.0 0.0 0.0 0.0 0.0 0.0 4.29153e-06 0.0 0.0 0.0 0.0 0.0 0.0 0.0 0.0 9.80496e-06 0.0 0.0 0.0 0.0 0.0 0.00454178 1.19209e-07 0.000725299 1.8537e-05 0.0 0.0 0.0 0.0
0.0 0.0 0.0 0.0 0.0 0.0 0.0 0.0 0.994458 0.0 0.0 0.0 0.0 0.0 0.0 0.0 0.0 0.0 0.0 0.0 0.0 0.0 0.0 0.0 0.0 0.0 0.0 0.0 0.0 0.0 0.0 0.0 0.0 0.0 0.999123 0.0 0.0 0.0 0.0 0.0 0.0 0.0 0.0 0.0 0.0 0.0 0.0 0.0 0.0 0.0 0.0 0.0 0.0 0.0 0.0 0.0 0.0 0.0 0.0 0.0 0.0 0.0 0.0 0.0
0.0 0.0 0.0 1.3113e-06 0.0 1.19209e-07 8.9407e-08 0.0 0.0 0.0497261 0.0 0.0 0.00164515 0.000855654 0.0 0.0 0.0 0.0 0.0 0.0 0.0 0.0 0.0 0.0 0.0 0.0 0.0 0.0 0.0 0.0 0.0 0.994163 0.0 0.0 0.0 0.0 0.0 0.0 0.0 0.0 9.50098e-05 0.0 0.0 0.0 0.0 0.0 0.0 0.531259 0.0 0.0 0.0 0.0 0.0 5.96046e-08 0.0 0.0 0.0 0.0 0.0 0.0 2.08616e-07 0.0 5.96046e-08 0.0
0.0 0.0 0.0 8.9407e-08 0.0 0.0 4.17233e-07 0.0 0.0 0.0 0.0 0.0 0.0 0.0 0.0 0.0 0.0 0.0 0.000126839 0.0 0.0 0.0 0.0 0.0 0.0 0.0 0.0 0.0 0.0 3.8743e-07 0.0 0.0 0.0 0.0 0.0 0.0 8.9407e-08 0.0 0.0 0.0 0.0 0.0 0.0 0.0 0.0 0.0 0.0 0.0 0.0 0.0 0.0 0.999312 0.0 0.0 0.0 0.0 0.0 0.0 0.0 0.0 0.0 0.0 0.0 0.0
0.0 0.0 0.0 0.0 0.0 0.0 0.0 0.0 0.0 0.0 0.0 0.0 0.0 0.0 0.0 0.0 0.999208 0.0 0.0 0.0 0.0 0.0 0.0 0.0 0.0 0.0 0.0 0.0 0.0 0.0 0.0 0.0 0.0 0.0 0.0 0.0 0.0 0.0 0.0 0.0 0.0 0.0 0.0 0.0 0.0 0.0 0.0 0.0 0.0 2.5928e-06 0.0 0.0 0.0 0.0 0.0 0.0 0.0 0.0 0.0 0.0 0.0 0.0 0.0 0.0100804
21 38 48 13 62 32 47 37 4 0 5 17 51 22 45 54 12 29 55 18 39 60 40 44 6 8 43 33 2 34 23 27 26 30 63 52 10 7 61 9 20 49 16 14 42 53 31 35 25 50 24 19 3 1 36 28 11 56 15 59 46 57 41 58
