8
0.791852 0.791852 0.791852 0.791852 0.791852 0.791852 0.791852 0.791852 0.791852 0.791852 0.791852 0.791852 0.791852 0.791852 0.791852 0.791852 0.791852 0.791852 0.791852 0.98326 0.791852 0.791852 0.791852 0.791852 0.791852 0.791852 0.791852 0.791852 0.791852 0.791852 0.791852 0.791852 0.791852 0.791852 0.791852 0.791852 0.879951 0.791852 0.791852 0.792998 0.791852 0.791852 0.791852 0.791852 0.919226 0.791852 0.791852 0.791852 0.791852 0.791852 0.791852 0.791852 0.791852 0.791852 0.791852 0.791852 0.791852 0.791852 0.791852 0.791852 0.791852 0.791852 0.791852 0.791852
0.791852 0.791852 0.791852 0.791852 0.791852 0.791852 0.791852 0.791852 0.791852 0.791852 0.791852 0.791852 0.791852 0.791852 0.791852 0.791852 0.791852 0.791852 0.791852 0.98326 0.791852 0.791852 0.791852 0.791852 0.791852 0.791852 0.791852 0.791852 0.791852 0.791852 0.791852 0.791852 0.791852 0.791852 0.791852 0.791852 0.879951 0.791852 0.791852 0.792998 0.791852 0.791852 0.791852 0.791852 0.919226 0.791852 0.791852 0.791852 0.791852 0.791852 0.791852 0.791852 0.791852 0.791852 0.791852 0.791852 0.791852 0.791852 0.791852 0.791852 0.791852 0.791852 0.791852 0.791852
0.791852 0.791852 0.791852 0.791852 0.791852 0.791852 0.791852 0.791852 0.791852 0.791852 0.791852 0.791852 0.791852 0.791852 0.791852 0.791852 0.791852 0.791852 0.791852 0.98326 0.791852 0.791852 0.791852 0.791852 0.791852 0.791852 0.791852 0.791852 0.791852 0.791852 0.791852 0.791852 0.791852 0.791852 0.791852 0.791852 0.879951 0.791852 0.791852 0.792998 0.791852 0.791852 0.791852 0.791852 0.919226 0.791852 0.791852 0.791852 0.791852 0.791852 0.791852 0.791852 0.791852 0.791852 0.791852 0.791852 0.791852 0.791852 0.791852 0.791852 0.791852 0.791852 0.791852 0.791852
0.791852 0.791852 0.791852 0.791852 0.791852 0.791852 0.791852 0.791852 0.791852 0.791852 0.791852 0.791852 0.791852 0.791852 0.791852 0.791852 0.791852 0.791852 0.791852 0.98326 0.791852 0.791852 0.791852 0.791852 0.791852 0.791852 0.791852 0.791852 0.791852 0.791852 0.791852 0.791852 0.791852 0.791852 0.791852 0.791852 0.879951 0.791852 0.791852 0.792998 0.791852 0.791852 0.791852 0.791852 0.919226 0.791852 0.791852 0.791852 0.791852 0.791852 0.791852 0.791852 0.791852 0.791852 0.791852 0.791852 0.791852 0.791852 0.791852 0.791852 0.791852 0.791852 0.791852 0.791852
0.791852 0.791852 0.791852 0.791852 0.791852 0.791852 0.791852 0.791852 0.791852 0.791852 0.791852 0.791852 0.791852 0.791852 0.791852 0.791852 0.791852 0.791852 0.791852 0.98326 0.791852 0.791852 0.791852 0.791852 0.791852 0.791852 0.791852 0.791852 0.791852 0.791852 0.791852 0.791852 0.791852 0.791852 0.791852 0.791852 0.879951 0.791852 0.791852 0.792998 0.791852 0.791852 0.791852 0.791852 0.919226 0.791852 0.791852 0.791852 0.791852 0.791852 0.791852 0.791852 0.791852 0.791852 0.791852 0.791852 0.791852 0.791852 0.791852 0.791852 0.791852 0.791852 0.791852 0.791852
0.791852 0.791852 0.791852 0.791852 0.791852 0.791852 0.791852 0.791852 0.791852 0.791852 0.791852 0.791852 0.791852 0.791852 0.791852 0.791852 0.791852 0.791852 0.791852 0.98326 0.791852 0.791852 0.791852 0.791852 0.791852 0.791852 0.791852 0.791852 0.791852 0.791852 0.791852 0.791852 0.791852 0.791852 0.791852 0.791852 0.879951 0.791852 0.791852 0.792998 0.791852 0.791852 0.791852 0.791852 0.919226 0.791852 0.791852 0.791852 0.791852 0.791852 0.791852 0.791852 0.791852 0.791852 0.791852 0.791852 0.791852 0.791852 0.791852 0.791852 0.791852 0.791852 0.791852 0.791852
0.791852 0.791852 0.791852 0.791852 0.791852 0.791852 0.791852 0.791852 0.791852 0.791852 0.791852 0.791852 0.791852 0.791852 0.791852 0.791852 0.791852 0.791852 0.791852 0.98326 0.791852 0.791852 0.791852 0.791852 0.791852 0.791852 0.791852 0.791852 0.791852 0.791852 0.791852 0.791852 0.791852 0.791852 0.791852 0.791852 0.879951 0.791852 0.791852 0.792998 0.791852 0.791852 0.791852 0.791852 0.919226 0.791852 0.791852 0.791852 0.791852 0.791852 0.791852 0.791852 0.791852 0.791852 0.791852 0.791852 0.791852 0.791852 0.791852 0.791852 0.791852 0.791852 0.791852 0.791852
0.791852 0.791852 0.791852 0.791852 0.791852 0.791852 0.791852 0.791852 0.791852 0.791852 0.791852 0.791852 0.791852 0.791852 0.791852 0.791852 0.791852 0.791852 0.791852 0.98326 0.791852 0.791852 0.791852 0.791852 0.791852 0.791852 0.791852 0.791852 0.791852 0.791852 0.791852 0.791852 0.791852 0.791852 0.791852 0.791852 0.879951 0.791852 0.791852 0.792998 0.791852 0.791852 0.791852 0.791852 0.919226 0.791852 0.791852 0.791852 0.791852 0.791852 0.791852 0.791852 0.791852 0.791852 0.791852 0.791852 0.791852 0.791852 0.791852 0.791852 0.791852 0.791852 0.791852 0.791852
0.791852 0.791852 0.791852 0.791852 0.791852 0.791852 0.791852 0.791852 0.791852 0.791852 0.791852 0.791852 0.791852 0.791852 0.791852 0.791852 0.791852 0.791852 0.791852 0.98326 0.791852 0.791852 0.791852 0.791852 0.791852 0.791852 0.791852 0.791852 0.791852 0.791852 0.791852 0.791852 0.791852 0.791852 0.791852 0.791852 0.879951 0.791852 0.791852 0.792998 0.791852 0.791852 0.791852 0.791852 0.919226 0.791852 0.791852 0.791852 0.791852 0.791852 0.791852 0.791852 0.791852 0.791852 0.791852 0.791852 0.791852 0.791852 0.791852 0.791852 0.791852 0.791852 0.791852 0.791852
0.791852 0.791852 0.791852 0.791852 0.791852 0.791852 0.791852 0.791852 0.791852 0.791852 0.791852 0.791852 0.791852 0.791852 0.791852 0.791852 0.791852 0.791852 0.791852 0.98326 0.791852 0.791852 0.791852 0.791852 0.791852 0.791852 0.791852 0.791852 0.791852 0.791852 0.791852 0.791852 0.791852 0.791852 0.791852 0.791852 0.879951 0.791852 0.791852 0.792998 0.791852 0.791852 0.791852 0.791852 0.919226 0.791852 0.791852 0.791852 0.791852 0.791852 0.791852 0.791852 0.791852 0.791852 0.791852 0.791852 0.791852 0.791852 0.791852 0.791852 0.791852 0.791852 0.791852 0.791852
0.0948229 0.0948229 0.0948229 0.0948229 0.0948229 0.0948229 0.0948229 0.0948229 0.0948229 0.0948229 0.0948229 0.0948229 0.0948229 0.0948229 0.0948229 0.0948229 0.0948229 0.0948229 0.0948229 0.617942 0.0948229 0.0948229 0.0948229 0.0948229 0.0948229 0.0948229 0.0948229 0.0948229 0.0948229 0.0948229 0.094823 0.094823 0.0948229 0.0948229 0.0948229 0.0948229 0.467669 0.0948229 0.0948229 0.0954226 0.0948229 0.0948229 0.0948229 0.0948229 0.2386 0.0948229 0.0948229 0.0948229 0.0948229 0.0948229 0.0948229 0.0948229 0.0948229 0.0948229 0.0948229 0.0948229 0.0948229 0.0948229 0.0948229 0.0948229 0.0948229 0.0948229 0.094823 0.094823
0.791852 0.791852 0.791852 0.791852 0.791852 0.791852 0.791852 0.791852 0.791852 0.791852 0.791852 0.791852 0.791852 0.791852 0.791852 0.791852 0.791852 0.791852 0.791852 0.98326 0.791852 0.791852 0.791852 0.791852 0.791852 0.791852 0.791852 0.791852 0.791852 0.791852 0.791852 0.791852 0.791852 0.791852 0.791852 0.791852 0.879951 0.791852 0.791852 0.792998 0.791852 0.791852 0.791852 0.791852 0.919226 0.791852 0.791852 0.791852 0.791852 0.791852 0.791852 0.791852 0.791852 0.791852 0.791852 0.791852 0.791852 0.791852 0.791852 0.791852 0.791852 0.791852 0.791852 0.791852
0.791852 0.791852 0.791852 0.791852 0.791852 0.791852 0.791852 0.791852 0.791852 0.791852 0.791852 0.791852 0.791852 0.791852 0.791852 0.791852 0.791852 0.791852 0.791852 0.98326 0.791852 0.791852 0.791852 0.791852 0.791852 0.791852 0.791852 0.791852 0.791852 0.791852 0.791852 0.791852 0.791852 0.791852 0.791852 0.791852 0.879951 0.791852 0.791852 0.792998 0.791852 0.791852 0.791852 0.791852 0.919226 0.791852 0.791852 0.791852 0.791852 0.791852 0.791852 0.791852 0.791852 0.791852 0.791852 0.791852 0.791852 0.791852 0.791852 0.791852 0.791852 0.791852 0.791852 0.791852
0.791852 0.791852 0.791852 0.791852 0.791852 0.791852 0.791852 0.791852 0.791852 0.791852 0.791852 0.791852 0.791852 0.791852 0.791852 0.791852 0.791852 0.791852 0.791852 0.98326 0.791852 0.791852 0.791852 0.791852 0.791852 0.791852 0.791852 0.791852 0.791852 0.791852 0.791852 0.791852 0.791852 0.791852 0.791852 0.791852 0.879951 0.791852 0.791852 0.792998 0.791852 0.791852 0.791852 0.791852 0.919226 0.791852 0.791852 0.791852 0.791852 0.791852 0.791852 0.791852 0.791852 0.791852 0.791852 0.791852 0.791852 0.791852 0.791852 0.791852 0.791852 0.791852 0.791852 0.791852
0.791852 0.791852 0.791852 0.791852 0.791852 0.791852 0.791852 0.791852 0.791852 0.791852 0.791852 0.791852 0.791852 0.791852 0.791852 0.791852 0.791852 0.791852 0.791852 0.98326 0.791852 0.791852 0.791852 0.791852 0.791852 0.791852 0.791852 0.791852 0.791852 0.791852 0.791852 0.791852 0.791852 0.791852 0.791852 0.791852 0.879951 0.791852 0.791852 0.792998 0.791852 0.791852 0.791852 0.791852 0.919226 0.791852 0.791852 0.791852 0.791852 0.791852 0.791852 0.791852 0.791852 0.791852 0.791852 0.791852 0.791852 0.791852 0.791852 0.791852 0.791852 0.791852 0.791852 0.791852
0.791852 0.791852 0.791852 0.791852 0.791852 0.791852 0.791852 0.791852 0.791852 0.791852 0.791852 0.791852 0.791852 0.791852 0.791852 0.791852 0.791852 0.791852 0.791852 0.98326 0.791852 0.791852 0.791852 0.791852 0.791852 0.791852 0.791852 0.791852 0.791852 0.791852 0.791852 0.791852 0.791852 0.791852 0.791852 0.791852 0.879951 0.791852 0.791852 0.792998 0.791852 0.791852 0.791852 0.791852 0.919226 0.791852 0.791852 0.791852 0.791852 0.791852 0.791852 0.791852 0.791852 0.791852 0.791852 0.791852 0.791852 0.791852 0.791852 0.791852 0.791852 0.791852 0.791852 0.791852
0.791852 0.791852 0.791852 0.791852 0.791852 0.791852 0.791852 0.791852 0.791852 0.791852 0.791852 0.791852 0.791852 0.791852 0.791852 0.791852 0.791852 0.791852 0.791852 0.98326 0.791852 0.791852 0.791852 0.791852 0.791852 0.791852 0.791852 0.791852 0.791852 0.791852 0.791852 0.791852 0.791852 0.791852 0.791852 0.791852 0.879951 0.791852 0.791852 0.792998 0.791852 0.791852 0.791852 0.791852 0.919226 0.791852 0.791852 0.791852 0.791852 0.791852 0.791852 0.791852 0.791852 0.791852 0.791852 0.791852 0.791852 0.791852 0.791852 0.791852 0.791852 0.791852 0.791852 0.791852
0.791852 0.791852 0.791852 0.791852 0.791852 0.791852 0.791852 0.791852 0.791852 0.791852 0.791852 0.791852 0.791852 0.791852 0.791852 0.791852 0.791852 0.791852 0.791852 0.98326 0.791852 0.791852 0.791852 0.791852 0.791852 0.791852 0.791852 0.791852 0.791852 0.791852 0.791852 0.791852 0.791852 0.791852 0.791852 0.791852 0.879951 0.791852 0.791852 0.792998 0.791852 0.791852 0.791852 0.791852 0.919226 0.791852 0.791852 0.791852 0.791852 0.791852 0.791852 0.791852 0.791852 0.791852 0.791852 0.791852 0.791852 0.791852 0.791852 0.791852 0.791852 0.791852 0.791852 0.791852
0.791852 0.791852 0.791852 0.791852 0.791852 0.791852 0.791852 0.791852 0.791852 0.791852 0.791852 0.791852 0.791852 0.791852 0.791852 0.791852 0.791852 0.791852 0.791852 0.98326 0.791852 0.791852 0.791852 0.791852 0.791852 0.791852 0.791852 0.791852 0.791852 0.791852 0.791852 0.791852 0.791852 0.791852 0.791852 0.791852 0.879951 0.791852 0.791852 0.792998 0.791852 0.791852 0.791852 0.791852 0.919226 0.791852 0.791852 0.791852 0.791852 0.791852 0.791852 0.791852 0.791852 0.791852 0.791852 0.791852 0.791852 0.791852 0.791852 0.791852 0.791852 0.791852 0.791852 0.791852
0.791852 0.791852 0.791852 0.791852 0.791852 0.791852 0.791852 0.791852 0.791852 0.791852 0.791852 0.791852 0.791852 0.791852 0.791852 0.791852 0.791852 0.791852 0.791852 0.98326 0.791852 0.791852 0.791852 0.791852 0.791852 0.791852 0.791852 0.791852 0.791852 0.791852 0.791852 0.791852 0.791852 0.791852 0.791852 0.791852 0.879951 0.791852 0.791852 0.792998 0.791852 0.791852 0.791852 0.791852 0.919226 0.791852 0.791852 0.791852 0.791852 0.791852 0.791852 0.791852 0.791852 0.791852 0.791852 0.791852 0.791852 0.791852 0.791852 0.791852 0.791852 0.791852 0.791852 0.791852
0.791852 0.791852 0.791852 0.791852 0.791852 0.791852 0.791852 0.791852 0.791852 0.791852 0.791852 0.791852 0.791852 0.791852 0.791852 0.791852 0.791852 0.791852 0.791852 0.98326 0.791852 0.791852 0.791852 0.791852 0.791852 0.791852 0.791852 0.791852 0.791852 0.791852 0.791852 0.791852 0.791852 0.791852 0.791852 0.791852 0.879951 0.791852 0.791852 0.792998 0.791852 0.791852 0.791852 0.791852 0.919226 0.791852 0.791852 0.791852 0.791852 0.791852 0.791852 0.791852 0.791852 0.791852 0.791852 0.791852 0.791852 0.791852 0.791852 0.791852 0.791852 0.791852 0.791852 0.791852
0.791852 0.791852 0.791852 0.791852 0.791852 0.791852 0.791852 0.791852 0.791852 0.791852 0.791852 0.791852 0.791852 0.791852 0.791852 0.791852 0.791852 0.791852 0.791852 0.98326 0.791852 0.791852 0.791852 0.791852 0.791852 0.791852 0.791852 0.791852 0.791852 0.791852 0.791852 0.791852 0.791852 0.791852 0.791852 0.791852 0.879951 0.791852 0.791852 0.792998 0.791852 0.791852 0.791852 0.791852 0.919226 0.791852 0.791852 0.791852 0.791852 0.791852 0.791852 0.791852 0.791852 0.791852 0.791852 0.791852 0.791852 0.791852 0.791852 0.791852 0.791852 0.791852 0.791852 0.791852
0.791852 0.791852 0.791852 0.791852 0.791852 0.791852 0.791852 0.791852 0.791852 0.791852 0.791852 0.791852 0.791852 0.791852 0.791852 0.791852 0.791852 0.791852 0.791852 0.98326 0.791852 0.791852 0.791852 0.791852 0.791852 0.791852 0.791852 0.791852 0.791852 0.791852 0.791852 0.791852 0.791852 0.791852 0.791852 0.791852 0.879951 0.791852 0.791852 0.792998 0.791852 0.791852 0.791852 0.791852 0.919226 0.791852 0.791852 0.791852 0.791852 0.791852 0.791852 0.791852 0.791852 0.791852 0.791852 0.791852 0.791852 0.791852 0.791852 0.791852 0.791852 0.791852 0.791852 0.791852
0.791852 0.791852 0.791852 0.791852 0.791852 0.791852 0.791852 0.791852 0.791852 0.791852 0.791852 0.791852 0.791852 0.791852 0.791852 0.791852 0.791852 0.791852 0.791852 0.98326 0.791852 0.791852 0.791852 0.791852 0.791852 0.791852 0.791852 0.791852 0.791852 0.791852 0.791852 0.791852 0.791852 0.791852 0.791852 0.791852 0.879951 0.791852 0.791852 0.792998 0.791852 0.791852 0.791852 0.791852 0.919226 0.791852 0.791852 0.791852 0.791852 0.791852 0.791852 0.791852 0.791852 0.791852 0.791852 0.791852 0.791852 0.791852 0.791852 0.791852 0.791852 0.791852 0.791852 0.791852
0.791852 0.791852 0.791852 0.791852 0.791852 0.791852 0.791852 0.791852 0.791852 0.791852 0.791852 0.791852 0.791852 0.791852 0.791852 0.791852 0.791852 0.791852 0.791852 0.98326 0.791852 0.791852 0.791852 0.791852 0.791852 0.791852 0.791852 0.791852 0.791852 0.791852 0.791852 0.791852 0.791852 0.791852 0.791852 0.791852 0.879951 0.791852 0.791852 0.792998 0.791852 0.791852 0.791852 0.791852 0.919226 0.791852 0.791852 0.791852 0.791852 0.791852 0.791852 0.791852 0.791852 0.791852 0.791852 0.791852 0.791852 0.791852 0.791852 0.791852 0.791852 0.791852 0.791852 0.791852
0.791852 0.791852 0.791852 0.791852 0.791852 0.791852 0.791852 0.791852 0.791852 0.791852 0.791852 0.791852 0.791852 0.791852 0.791852 0.791852 0.791852 0.791852 0.791852 0.98326 0.791852 0.791852 0.791852 0.791852 0.791852 0.791852 0.791852 0.791852 0.791852 0.791852 0.791852 0.791852 0.791852 0.791852 0.791852 0.791852 0.879951 0.791852 0.791852 0.792998 0.791852 0.791852 0.791852 0.791852 0.919226 0.791852 0.791852 0.791852 0.791852 0.791852 0.791852 0.791852 0.791852 0.791852 0.791852 0.791852 0.791852 0.791852 0.791852 0.791852 0.791852 0.791852 0.791852 0.791852
0.79354 0.79354 0.79354 0.79354 0.79354 0.79354 0.79354 0.79354 0.79354 0.79354 0.79354 0.79354 0.79354 0.79354 0.79354 0.79354 0.79354 0.79354 0.79354 0.983428 0.79354 0.79354 0.79354 0.79354 0.79354 0.79354 0.79354 0.79354 0.79354 0.79354 0.79354 0.79354 0.79354 0.79354 0.79354 0.79354 0.881032 0.79354 0.79354 0.794649 0.79354 0.79354 0.79354 0.79354 0.919986 0.79354 0.79354 0.79354 0.79354 0.79354 0.79354 0.79354 0.79354 0.79354 0.79354 0.79354 0.79354 0.79354 0.79354 0.79354 0.79354 0.79354 0.79354 0.79354
0.791852 0.791852 0.791852 0.791852 0.791852 0.791852 0.791852 0.791852 0.791852 0.791852 0.791852 0.791852 0.791852 0.791852 0.791852 0.791852 0.791852 0.791852 0.791852 0.98326 0.791852 0.791852 0.791852 0.791852 0.791852 0.791852 0.791852 0.791852 0.791852 0.791852 0.791852 0.791852 0.791852 0.791852 0.791852 0.791852 0.879951 0.791852 0.791852 0.792998 0.791852 0.791852 0.791852 0.791852 0.919226 0.791852 0.791852 0.791852 0.791852 0.791852 0.791852 0.791852 0.791852 0.791852 0.791852 0.791852 0.791852 0.791852 0.791852 0.791852 0.791852 0.791852 0.791852 0.791852
0.791852 0.791852 0.791852 0.791852 0.791852 0.791852 0.791852 0.791852 0.791852 0.791852 0.791852 0.791852 0.791852 0.791852 0.791852 0.791852 0.791852 0.791852 0.791852 0.98326 0.791852 0.791852 0.791852 0.791852 0.791852 0.791852 0.791852 0.791852 0.791852 0.791852 0.791852 0.791852 0.791852 0.791852 0.791852 0.791852 0.879951 0.791852 0.791852 0.792998 0.791852 0.791852 0.791852 0.791852 0.919226 0.791852 0.791852 0.791852 0.791852 0.791852 0.791852 0.791852 0.791852 0.791852 0.791852 0.791852 0.791852 0.791852 0.791852 0.791852 0.791852 0.791852 0.791852 0.791852
0.791852 0.791852 0.791852 0.791852 0.791852 0.791852 0.791852 0.791852 0.791852 0.791852 0.791852 0.791852 0.791852 0.791852 0.791852 0.791852 0.791852 0.791852 0.791852 0.98326 0.791852 0.791852 0.791852 0.791852 0.791852 0.791852 0.791852 0.791852 0.791852 0.791852 0.791852 0.791852 0.791852 0.791852 0.791852 0.791852 0.879951 0.791852 0.791852 0.792998 0.791852 0.791852 0.791852 0.791852 0.919226 0.791852 0.791852 0.791852 0.791852 0.791852 0.791852 0.791852 0.791852 0.791852 0.791852 0.791852 0.791852 0.791852 0.791852 0.791852 0.791852 0.791852 0.791852 0.791852
0.791852 0.791852 0.791852 0.791852 0.791852 0.791852 0.791852 0.791852 0.791852 0.791852 0.791852 0.791852 0.791852 0.791852 0.791852 0.791852 0.791852 0.791852 0.791852 0.98326 0.791852 0.791852 0.791852 0.791852 0.791852 0.791852 0.791852 0.791852 0.791852 0.791852 0.791852 0.791852 0.791852 0.791852 0.791852 0.791852 0.879951 0.791852 0.791852 0.792998 0.791852 0.791852 0.791852 0.791852 0.919226 0.791852 0.791852 0.791852 0.791852 0.791852 0.791852 0.791852 0.791852 0.791852 0.791852 0.791852 0.791852 0.791852 0.791852 0.791852 0.791852 0.791852 0.791852 0.791852
0.791852 0.791852 0.791852 0.791852 0.791852 0.791852 0.791852 0.791852 0.791852 0.791852 0.791852 0.791852 0.791852 0.791852 0.791852 0.791852 0.791852 0.791852 0.791852 0.98326 0.791852 0.791852 0.791852 0.791852 0.791852 0.791852 0.791852 0.791852 0.791852 0.791852 0.791852 0.791852 0.791852 0.791852 0.791852 0.791852 0.879951 0.791852 0.791852 0.792998 0.791852 0.791852 0.791852 0.791852 0.919226 0.791852 0.791852 0.791852 0.791852 0.791852 0.791852 0.791852 0.791852 0.791852 0.791852 0.791852 0.791852 0.791852 0.791852 0.791852 0.791852 0.791852 0.791852 0.791852
0.791974 0.791974 0.791974 0.791974 0.791974 0.791974 0.791974 0.791974 0.791974 0.791974 0.791974 0.791974 0.791974 0.791974 0.791974 0.791974 0.791974 0.791974 0.791974 0.983272 0.791974 0.791974 0.791974 0.791974 0.791974 0.791974 0.791974 0.791974 0.791974 0.791974 0.791974 0.791974 0.791974 0.791974 0.791974 0.791974 0.88003 0.791974 0.791974 0.79312 0.791974 0.791974 0.791974 0.791974 0.919281 0.791974 0.791974 0.791974 0.791974 0.791974 0.791974 0.791974 0.791974 0.791974 0.791974 0.791974 0.791974 0.791974 0.791974 0.791974 0.791974 0.791974 0.791974 0.791974
0.791852 0.791852 0.791852 0.791852 0.791852 0.791852 0.791852 0.791852 0.791852 0.791852 0.791852 0.791852 0.791852 0.791852 0.791852 0.791852 0.791852 0.791852 0.791852 0.98326 0.791852 0.791852 0.791852 0.791852 0.791852 0.791852 0.791852 0.791852 0.791852 0.791852 0.791852 0.791852 0.791852 0.791852 0.791852 0.791852 0.879951 0.791852 0.791852 0.792998 0.791852 0.791852 0.791852 0.791852 0.919226 0.791852 0.791852 0.791852 0.791852 0.791852 0.791852 0.791852 0.791852 0.791852 0.791852 0.791852 0.791852 0.791852 0.791852 0.791852 0.791852 0.791852 0.791852 0.791852
0.791852 0.791852 0.791852 0.791852 0.791852 0.791852 0.791852 0.791852 0.791852 0.791852 0.791852 0.791852 0.791852 0.791852 0.791852 0.791852 0.791852 0.791852 0.791852 0.98326 0.791852 0.791852 0.791852 0.791852 0.791852 0.791852 0.791852 0.791852 0.791852 0.791852 0.791852 0.791852 0.791852 0.791852 0.791852 0.791852 0.879951 0.791852 0.791852 0.792998 0.791852 0.791852 0.791852 0.791852 0.919226 0.791852 0.791852 0.791852 0.791852 0.791852 0.791852 0.791852 0.791852 0.791852 0.791852 0.791852 0.791852 0.791852 0.791852 0.791852 0.791852 0.791852 0.791852 0.791852
0.835626 0.835626 0.835626 0.835626 0.835626 0.835626 0.835626 0.835626 0.835626 0.835626 0.835626 0.835626 0.835626 0.835626 0.835626 0.835626 0.835626 0.835626 0.835626 0.987525 0.835626 0.835626 0.835626 0.835626 0.835626 0.835626 0.835626 0.835626 0.835626 0.835626 0.835626 0.835626 0.835626 0.835626 0.835626 0.835626 0.906348 0.835626 0.835626 0.83658 0.835626 0.835626 0.835626 0.835626 0.9383 0.835626 0.835626 0.835626 0.835626 0.835626 0.835626 0.835626 0.835626 0.835626 0.835626 0.835626 0.835626 0.835626 0.835626 0.835626 0.835626 0.835626 0.835626 0.835626
0.930807 0.930807 0.930807 0.930807 0.930807 0.930807 0.930807 0.930807 0.930807 0.930807 0.930807 0.930807 0.930807 0.930807 0.930807 0.930807 0.930807 0.930807 0.930807 0.995208 0.930807 0.930807 0.930807 0.930807 0.930807 0.930807 0.930807 0.930807 0.930807 0.930807 0.930807 0.930807 0.930807 0.930807 0.930807 0.930807 0.969207 0.930807 0.930807 0.931255 0.930807 0.930807 0.930807 0.930807 0.975753 0.930807 0.930807 0.930807 0.930807 0.930807 0.930807 0.930807 0.930807 0.930807 0.930807 0.930807 0.930807 0.930807 0.930807 0.930807 0.930807 0.930807 0.930807 0.930807
0.791852 0.791852 0.791852 0.791852 0.791852 0.791852 0.791852 0.791852 0.791852 0.791852 0.791852 0.791852 0.791852 0.791852 0.791852 0.791852 0.791852 0.791852 0.791852 0.98326 0.791852 0.791852 0.791852 0.791852 0.791852 0.791852 0.791852 0.791852 0.791852 0.791852 0.791852 0.791852 0.791852 0.791852 0.791852 0.791852 0.879951 0.791852 0.791852 0.792998 0.791852 0.791852 0.791852 0.791852 0.919226 0.791852 0.791852 0.791852 0.791852 0.791852 0.791852 0.791852 0.791852 0.791852 0.791852 0.791852 0.791852 0.791852 0.791852 0.791852 0.791852 0.791852 0.791852 0.791852
0.791852 0.791852 0.791852 0.791852 0.791852 0.791852 0.791852 0.791852 0.791852 0.791852 0.791852 0.791852 0.791852 0.791852 0.791852 0.791852 0.791852 0.791852 0.791852 0.98326 0.791852 0.791852 0.791852 0.791852 0.791852 0.791852 0.791852 0.791852 0.791852 0.791852 0.791852 0.791852 0.791852 0.791852 0.791852 0.791852 0.879951 0.791852 0.791852 0.792998 0.791852 0.791852 0.791852 0.791852 0.919226 0.791852 0.791852 0.791852 0.791852 0.791852 0.791852 0.791852 0.791852 0.791852 0.791852 0.791852 0.791852 0.791852 0.791852 0.791852 0.791852 0.791852 0.791852 0.791852
0.791852 0.791852 0.791852 0.791852 0.791852 0.791852 0.791852 0.791852 0.791852 0.791852 0.791852 0.791852 0.791852 0.791852 0.791852 0.791852 0.791852 0.791852 0.791852 0.98326 0.791852 0.791852 0.791852 0.791852 0.791852 0.791852 0.791852 0.791852 0.791852 0.791852 0.791852 0.791852 0.791852 0.791852 0.791852 0.791852 0.879951 0.791852 0.791852 0.792998 0.791852 0.791852 0.791852 0.791852 0.919226 0.791852 0.791852 0.791852 0.791852 0.791852 0.791852 0.791852 0.791852 0.791852 0.791852 0.791852 0.791852 0.791852 0.791852 0.791852 0.791852 0.791852 0.791852 0.791852
0.791852 0.791852 0.791852 0.791852 0.791852 0.791852 0.791852 0.791852 0.791852 0.791852 0.791852 0.791852 0.791852 0.791852 0.791852 0.791852 0.791852 0.791852 0.791852 0.98326 0.791852 0.791852 0.791852 0.791852 0.791852 0.791852 0.791852 0.791852 0.791852 0.791852 0.791852 0.791852 0.791852 0.791852 0.791852 0.791852 0.879951 0.791852 0.791852 0.792998 0.791852 0.791852 0.791852 0.791852 0.919226 0.791852 0.791852 0.791852 0.791852 0.791852 0.791852 0.791852 0.791852 0.791852 0.791852 0.791852 0.791852 0.791852 0.791852 0.791852 0.791852 0.791852 0.791852 0.791852
0.791852 0.791852 0.791852 0.791852 0.791852 0.791852 0.791852 0.791852 0.791852 0.791852 0.791852 0.791852 0.791852 0.791852 0.791852 0.791852 0.791852 0.791852 0.791852 0.98326 0.791852 0.791852 0.791852 0.791852 0.791852 0.791852 0.791852 0.791852 0.791852 0.791852 0.791852 0.791852 0.791852 0.791852 0.791852 0.791852 0.879951 0.791852 0.791852 0.792998 0.791852 0.791852 0.791852 0.791852 0.919226 0.791852 0.791852 0.791852 0.791852 0.791852 0.791852 0.791852 0.791852 0.791852 0.791852 0.791852 0.791852 0.791852 0.791852 0.791852 0.791852 0.791852 0.791852 0.791852
0.791852 0.791852 0.791852 0.791852 0.791852 0.791852 0.791852 0.791852 0.791852 0.791852 0.791852 0.791852 0.791852 0.791852 0.791852 0.791852 0.791852 0.791852 0.791852 0.98326 0.791852 0.791852 0.791852 0.791852 0.791852 0.791852 0.791852 0.791852 0.791852 0.791852 0.791852 0.791852 0.791852 0.791852 0.791852 0.791852 0.879951 0.791852 0.791852 0.792998 0.791852 0.791852 0.791852 0.791852 0.919226 0.791852 0.791852 0.791852 0.791852 0.791852 0.791852 0.791852 0.791852 0.791852 0.791852 0.791852 0.791852 0.791852 0.791852 0.791852 0.791852 0.791852 0.791852 0.791852
0.791852 0.791852 0.791852 0.791852 0.791852 0.791852 0.791852 0.791852 0.791852 0.791852 0.791852 0.791852 0.791852 0.791852 0.791852 0.791852 0.791852 0.791852 0.791852 0.98326 0.791852 0.791852 0.791852 0.791852 0.791852 0.791852 0.791852 0.791852 0.791852 0.791852 0.791852 0.791852 0.791852 0.791852 0.791852 0.791852 0.879951 0.791852 0.791852 0.792998 0.791852 0.791852 0.791852 0.791852 0.919226 0.791852 0.791852 0.791852 0.791852 0.791852 0.791852 0.791852 0.791852 0.791852 0.791852 0.791852 0.791852 0.791852 0.791852 0.791852 0.791852 0.791852 0.791852 0.791852
0.791852 0.791852 0.791852 0.791852 0.791852 0.791852 0.791852 0.791852 0.791852 0.791852 0.791852 0.791852 0.791852 0.791852 0.791852 0.791852 0.791852 0.791852 0.791852 0.98326 0.791852 0.791852 0.791852 0.791852 0.791852 0.791852 0.791852 0.791852 0.791852 0.791852 0.791852 0.791852 0.791852 0.791852 0.791852 0.791852 0.879951 0.791852 0.791852 0.792998 0.791852 0.791852 0.791852 0.791852 0.919226 0.791852 0.791852 0.791852 0.791852 0.791852 0.791852 0.791852 0.791852 0.791852 0.791852 0.791852 0.791852 0.791852 0.791852 0.791852 0.791852 0.791852 0.791852 0.791852
0.791852 0.791852 0.791852 0.791852 0.791852 0.791852 0.791852 0.791852 0.791852 0.791852 0.791852 0.791852 0.791852 0.791852 0.791852 0.791852 0.791852 0.791852 0.791852 0.98326 0.791852 0.791852 0.791852 0.791852 0.791852 0.791852 0.791852 0.791852 0.791852 0.791852 0.791852 0.791852 0.791852 0.791852 0.791852 0.791852 0.879951 0.791852 0.791852 0.792998 0.791852 0.791852 0.791852 0.791852 0.919226 0.791852 0.791852 0.791852 0.791852 0.791852 0.791852 0.791852 0.791852 0.791852 0.791852 0.791852 0.791852 0.791852 0.791852 0.791852 0.791852 0.791852 0.791852 0.791852
0.791852 0.791852 0.791852 0.791852 0.791852 0.791852 0.791852 0.791852 0.791852 0.791852 0.791852 0.791852 0.791852 0.791852 0.791852 0.791852 0.791852 0.791852 0.791852 0.98326 0.791852 0.791852 0.791852 0.791852 0.791852 0.791852 0.791852 0.791852 0.791852 0.791852 0.791852 0.791852 0.791852 0.791852 0.791852 0.791852 0.879951 0.791852 0.791852 0.792998 0.791852 0.791852 0.791852 0.791852 0.919226 0.791852 0.791852 0.791852 0.791852 0.791852 0.791852 0.791852 0.791852 0.791852 0.791852 0.791852 0.791852 0.791852 0.791852 0.791852 0.791852 0.791852 0.791852 0.791852
0.791852 0.791852 0.791852 0.791852 0.791852 0.791852 0.791852 0.791852 0.791852 0.791852 0.791852 0.791852 0.791852 0.791852 0.791852 0.791852 0.791852 0.791852 0.791852 0.98326 0.791852 0.791852 0.791852 0.791852 0.791852 0.791852 0.791852 0.791852 0.791852 0.791852 0.791852 0.791852 0.791852 0.791852 0.791852 0.791852 0.879951 0.791852 0.791852 0.792998 0.791852 0.791852 0.791852 0.791852 0.919226 0.791852 0.791852 0.791852 0.791852 0.791852 0.791852 0.791852 0.791852 0.791852 0.791852 0.791852 0.791852 0.791852 0.791852 0.791852 0.791852 0.791852 0.791852 0.791852
0.791852 0.791852 0.791852 0.791852 0.791852 0.791852 0.791852 0.791852 0.791852 0.791852 0.791852 0.791852 0.791852 0.791852 0.791852 0.791852 0.791852 0.791852 0.791852 0.98326 0.791852 0.791852 0.791852 0.791852 0.791852 0.791852 0.791852 0.791852 0.791852 0.791852 0.791852 0.791852 0.791852 0.791852 0.791852 0.791852 0.879951 0.791852 0.791852 0.792998 0.791852 0.791852 0.791852 0.791852 0.919226 0.791852 0.791852 0.791852 0.791852 0.791852 0.791852 0.791852 0.791852 0.791852 0.791852 0.791852 0.791852 0.791852 0.791852 0.791852 0.791852 0.791852 0.791852 0.791852
0.791852 0.791852 0.791852 0.791852 0.791852 0.791852 0.791852 0.791852 0.791852 0.791852 0.791852 0.791852 0.791852 0.791852 0.791852 0.791852 0.791852 0.791852 0.791852 0.98326 0.791852 0.791852 0.791852 0.791852 0.791852 0.791852 0.791852 0.791852 0.791852 0.791852 0.791852 0.791852 0.791852 0.791852 0.791852 0.791852 0.879951 0.791852 0.791852 0.792998 0.791852 0.791852 0.791852 0.791852 0.919226 0.791852 0.791852 0.791852 0.791852 0.791852 0.791852 0.791852 0.791852 0.791852 0.791852 0.791852 0.791852 0.791852 0.791852 0.791852 0.791852 0.791852 0.791852 0.791852
0.791852 0.791852 0.791852 0.791852 0.791852 0.791852 0.791852 0.791852 0.791852 0.791852 0.791852 0.791852 0.791852 0.791852 0.791852 0.791852 0.791852 0.791852 0.791852 0.98326 0.791852 0.791852 0.791852 0.791852 0.791852 0.791852 0.791852 0.791852 0.791852 0.791852 0.791852 0.791852 0.791852 0.791852 0.791852 0.791852 0.879951 0.791852 0.791852 0.792998 0.791852 0.791852 0.791852 0.791852 0.919226 0.791852 0.791852 0.791852 0.791852 0.791852 0.791852 0.791852 0.791852 0.791852 0.791852 0.791852 0.791852 0.791852 0.791852 0.791852 0.791852 0.791852 0.791852 0.791852
0.791852 0.791852 0.791852 0.791852 0.791852 0.791852 0.791852 0.791852 0.791852 0.791852 0.791852 0.791852 0.791852 0.791852 0.791852 0.791852 0.791852 0.791852 0.791852 0.98326 0.791852 0.791852 0.791852 0.791852 0.791852 0.791852 0.791852 0.791852 0.791852 0.791852 0.791852 0.791852 0.791852 0.791852 0.791852 0.791852 0.879951 0.791852 0.791852 0.792998 0.791852 0.791852 0.791852 0.791852 0.919226 0.791852 0.791852 0.791852 0.791852 0.791852 0.791852 0.791852 0.791852 0.791852 0.791852 0.791852 0.791852 0.791852 0.791852 0.791852 0.791852 0.791852 0.791852 0.791852
0.791852 0.791852 0.791852 0.791852 0.791852 0.791852 0.791852 0.791852 0.791852 0.791852 0.791852 0.791852 0.791852 0.791852 0.791852 0.791852 0.791852 0.791852 0.791852 0.98326 0.791852 0.791852 0.791852 0.791852 0.791852 0.791852 0.791852 0.791852 0.791852 0.791852 0.791852 0.791852 0.791852 0.791852 0.791852 0.791852 0.879951 0.791852 0.791852 0.792998 0.791852 0.791852 0.791852 0.791852 0.919226 0.791852 0.791852 0.791852 0.791852 0.791852 0.791852 0.791852 0.791852 0.791852 0.791852 0.791852 0.791852 0.791852 0.791852 0.791852 0.791852 0.791852 0.791852 0.791852
0.791852 0.791852 0.791852 0.791852 0.791852 0.791852 0.791852 0.791852 0.791852 0.791852 0.791852 0.791852 0.791852 0.791852 0.791852 0.791852 0.791852 0.791852 0.791852 0.98326 0.791852 0.791852 0.791852 0.791852 0.791852 0.791852 0.791852 0.791852 0.791852 0.791852 0.791852 0.791852 0.791852 0.791852 0.791852 0.791852 0.879951 0.791852 0.791852 0.792998 0.791852 0.791852 0.791852 0.791852 0.919226 0.791852 0.791852 0.791852 0.791852 0.791852 0.791852 0.791852 0.791852 0.791852 0.791852 0.791852 0.791852 0.791852 0.791852 0.791852 0.791852 0.791852 0.791852 0.791852
0.791852 0.791852 0.791852 0.791852 0.791852 0.791852 0.791852 0.791852 0.791852 0.791852 0.791852 0.791852 0.791852 0.791852 0.791852 0.791852 0.791852 0.791852 0.791852 0.98326 0.791852 0.791852 0.791852 0.791852 0.791852 0.791852 0.791852 0.791852 0.791852 0.791852 0.791852 0.791852 0.791852 0.791852 0.791852 0.791852 0.879951 0.791852 0.791852 0.792998 0.791852 0.791852 0.791852 0.791852 0.919226 0.791852 0.791852 0.791852 0.791852 0.791852 0.791852 0.791852 0.791852 0.791852 0.791852 0.791852 0.791852 0.791852 0.791852 0.791852 0.791852 0.791852 0.791852 0.791852
0.791852 0.791852 0.791852 0.791852 0.791852 0.791852 0.791852 0.791852 0.791852 0.791852 0.791852 0.791852 0.791852 0.791852 0.791852 0.791852 0.791852 0.791852 0.791852 0.98326 0.791852 0.791852 0.791852 0.791852 0.791852 0.791852 0.791852 0.791852 0.791852 0.791852 0.791852 0.791852 0.791852 0.791852 0.791852 0.791852 0.879951 0.791852 0.791852 0.792998 0.791852 0.791852 0.791852 0.791852 0.919226 0.791852 0.791852 0.791852 0.791852 0.791852 0.791852 0.791852 0.791852 0.791852 0.791852 0.791852 0.791852 0.791852 0.791852 0.791852 0.791852 0.791852 0.791852 0.791852
0.791852 0.791852 0.791852 0.791852 0.791852 0.791852 0.791852 0.791852 0.791852 0.791852 0.791852 0.791852 0.791852 0.791852 0.791852 0.791852 0.791852 0.791852 0.791852 0.98326 0.791852 0.791852 0.791852 0.791852 0.791852 0.791852 0.791852 0.791852 0.791852 0.791852 0.791852 0.791852 0.791852 0.791852 0.791852 0.791852 0.879951 0.791852 0.791852 0.792998 0.791852 0.791852 0.791852 0.791852 0.919226 0.791852 0.791852 0.791852 0.791852 0.791852 0.791852 0.791852 0.791852 0.791852 0.791852 0.791852 0.791852 0.791852 0.791852 0.791852 0.791852 0.791852 0.791852 0.791852
0.791852 0.791852 0.791852 0.791852 0.791852 0.791852 0.791852 0.791852 0.791852 0.791852 0.791852 0.791852 0.791852 0.791852 0.791852 0.791852 0.791852 0.791852 0.791852 0.98326 0.791852 0.791852 0.791852 0.791852 0.791852 0.791852 0.791852 0.791852 0.791852 0.791852 0.791852 0.791852 0.791852 0.791852 0.791852 0.791852 0.879951 0.791852 0.791852 0.792998 0.791852 0.791852 0.791852 0.791852 0.919226 0.791852 0.791852 0.791852 0.791852 0.791852 0.791852 0.791852 0.791852 0.791852 0.791852 0.791852 0.791852 0.791852 0.791852 0.791852 0.791852 0.791852 0.791852 0.791852
0.791852 0.791852 0.791852 0.791852 0.791852 0.791852 0.791852 0.791852 0.791852 0.791852 0.791852 0.791852 0.791852 0.791852 0.791852 0.791852 0.791852 0.791852 0.791852 0.98326 0.791852 0.791852 0.791852 0.791852 0.791852 0.791852 0.791852 0.791852 0.791852 0.791852 0.791852 0.791852 0.791852 0.791852 0.791852 0.791852 0.879951 0.791852 0.791852 0.792998 0.791852 0.791852 0.791852 0.791852 0.919226 0.791852 0.791852 0.791852 0.791852 0.791852 0.791852 0.791852 0.791852 0.791852 0.791852 0.791852 0.791852 0.791852 0.791852 0.791852 0.791852 0.791852 0.791852 0.791852
0.791852 0.791852 0.791852 0.791852 0.791852 0.791852 0.791852 0.791852 0.791852 0.791852 0.791852 0.791852 0.791852 0.791852 0.791852 0.791852 0.791852 0.791852 0.791852 0.98326 0.791852 0.791852 0.791852 0.791852 0.791852 0.791852 0.791852 0.791852 0.791852 0.791852 0.791852 0.791852 0.791852 0.791852 0.791852 0.791852 0.879951 0.791852 0.791852 0.792998 0.791852 0.791852 0.791852 0.791852 0.919226 0.791852 0.791852 0.791852 0.791852 0.791852 0.791852 0.791852 0.791852 0.791852 0.791852 0.791852 0.791852 0.791852 0.791852 0.791852 0.791852 0.791852 0.791852 0.791852
0.791852 0.791852 0.791852 0.791852 0.791852 0.791852 0.791852 0.791852 0.791852 0.791852 0.791852 0.791852 0.791852 0.791852 0.791852 0.791852 0.791852 0.791852 0.791852 0.98326 0.791852 0.791852 0.791852 0.791852 0.791852 0.791852 0.791852 0.791852 0.791852 0.791852 0.791852 0.791852 0.791852 0.791852 0.791852 0.791852 0.879951 0.791852 0.791852 0.792998 0.791852 0.791852 0.791852 0.791852 0.919226 0.791852 0.791852 0.791852 0.791852 0.791852 0.791852 0.791852 0.791852 0.791852 0.791852 0.791852 0.791852 0.791852 0.791852 0.791852 0.791852 0.791852 0.791852 0.791852
0.791852 0.791852 0.791852 0.791852 0.791852 0.791852 0.791852 0.791852 0.791852 0.791852 0.791852 0.791852 0.791852 0.791852 0.791852 0.791852 0.791852 0.791852 0.791852 0.98326 0.791852 0.791852 0.791852 0.791852 0.791852 0.791852 0.791852 0.791852 0.791852 0.791852 0.791852 0.791852 0.791852 0.791852 0.791852 0.791852 0.879951 0.791852 0.791852 0.792998 0.791852 0.791852 0.791852 0.791852 0.919226 0.791852 0.791852 0.791852 0.791852 0.791852 0.791852 0.791852 0.791852 0.791852 0.791852 0.791852 0.791852 0.791852 0.791852 0.791852 0.791852 0.791852 0.791852 0.791852
0.791852 0.791852 0.791852 0.791852 0.791852 0.791852 0.791852 0.791852 0.791852 0.791852 0.791852 0.791852 0.791852 0.791852 0.791852 0.791852 0.791852 0.791852 0.791852 0.98326 0.791852 0.791852 0.791852 0.791852 0.791852 0.791852 0.791852 0.791852 0.791852 0.791852 0.791852 0.791852 0.791852 0.791852 0.791852 0.791852 0.879951 0.791852 0.791852 0.792998 0.791852 0.791852 0.791852 0.791852 0.919226 0.791852 0.791852 0.791852 0.791852 0.791852 0.791852 0.791852 0.791852 0.791852 0.791852 0.791852 0.791852 0.791852 0.791852 0.791852 0.791852 0.791852 0.791852 0.791852
0.791852 0.791852 0.791852 0.791852 0.791852 0.791852 0.791852 0.791852 0.791852 0.791852 0.791852 0.791852 0.791852 0.791852 0.791852 0.791852 0.791852 0.791852 0.791852 0.98326 0.791852 0.791852 0.791852 0.791852 0.791852 0.791852 0.791852 0.791852 0.791852 0.791852 0.791852 0.791852 0.791852 0.791852 0.791852 0.791852 0.879951 0.791852 0.791852 0.792998 0.791852 0.791852 0.791852 0.791852 0.919226 0.791852 0.791852 0.791852 0.791852 0.791852 0.791852 0.791852 0.791852 0.791852 0.791852 0.791852 0.791852 0.791852 0.791852 0.791852 0.791852 0.791852 0.791852 0.791852
0.791852 0.791852 0.791852 0.791852 0.812694 0.791852 0.791852 0.791852 0.791852 0.791852 0.791852 0.791852 0.791852 0.791852 0.791852 0.791852 0.791852 0.791852 0.791852 0.791852 0.791852 0.791852 0.791852 0.791852 0.791852 0.791852 0.791852 0.791852 0.791852 0.791852 0.791852 0.791852 0.791852 0.791852 0.791852 0.699701 0.791852 0.791852 0.791852 0.791852 0.791852 0.791852 0.791852 0.791852 0.791852 0.791852 0.791852 0.791852 0.794088 0.791852 0.791852 0.791852 0.791852 0.791852 0.791852 0.791852 0.348085 0.791852 0.818159 0.791852 0.791852 0.791852 0.791852 0.791852
0.791852 0.791852 0.791852 0.791852 0.812694 0.791852 0.791852 0.791852 0.791852 0.791852 0.791852 0.791852 0.791852 0.791852 0.791852 0.791852 0.791852 0.791852 0.791852 0.791852 0.791852 0.791852 0.791852 0.791852 0.791852 0.791852 0.791852 0.791852 0.791852 0.791852 0.791852 0.791852 0.791852 0.791852 0.791852 0.699701 0.791852 0.791852 0.791852 0.791852 0.791852 0.791852 0.791852 0.791852 0.791852 0.791852 0.791852 0.791852 0.794088 0.791852 0.791852 0.791852 0.791852 0.791852 0.791852 0.791852 0.348085 0.791852 0.818159 0.791852 0.791852 0.791852 0.791852 0.791852
0.791852 0.791852 0.791852 0.791852 0.812694 0.791852 0.791852 0.791852 0.791852 0.791852 0.791852 0.791852 0.791852 0.791852 0.791852 0.791852 0.791852 0.791852 0.791852 0.791852 0.791852 0.791852 0.791852 0.791852 0.791852 0.791852 0.791852 0.791852 0.791852 0.791852 0.791852 0.791852 0.791852 0.791852 0.791852 0.699701 0.791852 0.791852 0.791852 0.791852 0.791852 0.791852 0.791852 0.791852 0.791852 0.791852 0.791852 0.791852 0.794088 0.791852 0.791852 0.791852 0.791852 0.791852 0.791852 0.791852 0.348085 0.791852 0.818159 0.791852 0.791852 0.791852 0.791852 0.791852
0.791852 0.791852 0.791852 0.791852 0.812694 0.791852 0.791852 0.791852 0.791852 0.791852 0.791852 0.791852 0.791852 0.791852 0.791852 0.791852 0.791852 0.791852 0.791852 0.791852 0.791852 0.791852 0.791852 0.791852 0.791852 0.791852 0.791852 0.791852 0.791852 0.791852 0.791852 0.791852 0.791852 0.791852 0.791852 0.699701 0.791852 0.791852 0.791852 0.791852 0.791852 0.791852 0.791852 0.791852 0.791852 0.791852 0.791852 0.791852 0.794088 0.791852 0.791852 0.791852 0.791852 0.791852 0.791852 0.791852 0.348085 0.791852 0.818159 0.791852 0.791852 0.791852 0.791852 0.791852
0.791852 0.791852 0.791852 0.791852 0.812694 0.791852 0.791852 0.791852 0.791852 0.791852 0.791852 0.791852 0.791852 0.791852 0.791852 0.791852 0.791852 0.791852 0.791852 0.791852 0.791852 0.791852 0.791852 0.791852 0.791852 0.791852 0.791852 0.791852 0.791852 0.791852 0.791852 0.791852 0.791852 0.791852 0.791852 0.699701 0.791852 0.791852 0.791852 0.791852 0.791852 0.791852 0.791852 0.791852 0.791852 0.791852 0.791852 0.791852 0.794088 0.791852 0.791852 0.791852 0.791852 0.791852 0.791852 0.791852 0.348085 0.791852 0.818159 0.791852 0.791852 0.791852 0.791852 0.791852
0.791852 0.791852 0.791852 0.791852 0.812694 0.791852 0.791852 0.791852 0.791852 0.791852 0.791852 0.791852 0.791852 0.791852 0.791852 0.791852 0.791852 0.791852 0.791852 0.791852 0.791852 0.791852 0.791852 0.791852 0.791852 0.791852 0.791852 0.791852 0.791852 0.791852 0.791852 0.791852 0.791852 0.791852 0.791852 0.699701 0.791852 0.791852 0.791852 0.791852 0.791852 0.791852 0.791852 0.791852 0.791852 0.791852 0.791852 0.791852 0.794088 0.791852 0.791852 0.791852 0.791852 0.791852 0.791852 0.791852 0.348085 0.791852 0.818159 0.791852 0.791852 0.791852 0.791852 0.791852
0.791852 0.791852 0.791852 0.791852 0.812694 0.791852 0.791852 0.791852 0.791852 0.791852 0.791852 0.791852 0.791852 0.791852 0.791852 0.791852 0.791852 0.791852 0.791852 0.791852 0.791852 0.791852 0.791852 0.791852 0.791852 0.791852 0.791852 0.791852 0.791852 0.791852 0.791852 0.791852 0.791852 0.791852 0.791852 0.699701 0.791852 0.791852 0.791852 0.791852 0.791852 0.791852 0.791852 0.791852 0.791852 0.791852 0.791852 0.791852 0.794088 0.791852 0.791852 0.791852 0.791852 0.791852 0.791852 0.791852 0.348085 0.791852 0.818159 0.791852 0.791852 0.791852 0.791852 0.791852
0.443469 0.443469 0.443469 0.443469 0.476117 0.443469 0.443469 0.443469 0.443469 0.443469 0.443469 0.443469 0.443469 0.443469 0.443469 0.443469 0.443469 0.443469 0.443469 0.443469 0.443469 0.443469 0.443469 0.443469 0.443469 0.443469 0.443469 0.443469 0.443469 0.443469 0.443469 0.443469 0.443469 0.443469 0.443469 0.323669 0.443469 0.443469 0.443469 0.443469 0.443469 0.443469 0.443469 0.443469 0.443469 0.443469 0.443469 0.443469 0.446833 0.443469 0.443469 0.443469 0.443469 0.443469 0.443469 0.443469 0.0990863 0.443469 0.485181 0.443469 0.443469 0.443469 0.443469 0.443469
0.791852 0.791852 0.791852 0.791852 0.812694 0.791852 0.791852 0.791852 0.791852 0.791852 0.791852 0.791852 0.791852 0.791852 0.791852 0.791852 0.791852 0.791852 0.791852 0.791852 0.791852 0.791852 0.791852 0.791852 0.791852 0.791852 0.791852 0.791852 0.791852 0.791852 0.791852 0.791852 0.791852 0.791852 0.791852 0.699701 0.791852 0.791852 0.791852 0.791852 0.791852 0.791852 0.791852 0.791852 0.791852 0.791852 0.791852 0.791852 0.794088 0.791852 0.791852 0.791852 0.791852 0.791852 0.791852 0.791852 0.348085 0.791852 0.818159 0.791852 0.791852 0.791852 0.791852 0.791852
0.791852 0.791852 0.791852 0.791852 0.812694 0.791852 0.791852 0.791852 0.791852 0.791852 0.791852 0.791852 0.791852 0.791852 0.791852 0.791852 0.791852 0.791852 0.791852 0.791852 0.791852 0.791852 0.791852 0.791852 0.791852 0.791852 0.791852 0.791852 0.791852 0.791852 0.791852 0.791852 0.791852 0.791852 0.791852 0.699701 0.791852 0.791852 0.791852 0.791852 0.791852 0.791852 0.791852 0.791852 0.791852 0.791852 0.791852 0.791852 0.794088 0.791852 0.791852 0.791852 0.791852 0.791852 0.791852 0.791852 0.348085 0.791852 0.818159 0.791852 0.791852 0.791852 0.791852 0.791852
0.791852 0.791852 0.791852 0.791852 0.812694 0.791852 0.791852 0.791852 0.791852 0.791852 0.791852 0.791852 0.791852 0.791852 0.791852 0.791852 0.791852 0.791852 0.791852 0.791852 0.791852 0.791852 0.791852 0.791852 0.791852 0.791852 0.791852 0.791852 0.791852 0.791852 0.791852 0.791852 0.791852 0.791852 0.791852 0.699701 0.791852 0.791852 0.791852 0.791852 0.791852 0.791852 0.791852 0.791852 0.791852 0.791852 0.791852 0.791852 0.794088 0.791852 0.791852 0.791852 0.791852 0.791852 0.791852 0.791852 0.348085 0.791852 0.818159 0.791852 0.791852 0.791852 0.791852 0.791852
0.791852 0.791852 0.791852 0.791852 0.812694 0.791852 0.791852 0.791852 0.791852 0.791852 0.791852 0.791852 0.791852 0.791852 0.791852 0.791852 0.791852 0.791852 0.791852 0.791852 0.791852 0.791852 0.791852 0.791852 0.791852 0.791852 0.791852 0.791852 0.791852 0.791852 0.791852 0.791852 0.791852 0.791852 0.791852 0.699701 0.791852 0.791852 0.791852 0.791852 0.791852 0.791852 0.791852 0.791852 0.791852 0.791852 0.791852 0.791852 0.794088 0.791852 0.791852 0.791852 0.791852 0.791852 0.791852 0.791852 0.348085 0.791852 0.818159 0.791852 0.791852 0.791852 0.791852 0.791852
0.791852 0.791852 0.791852 0.791852 0.812694 0.791852 0.791852 0.791852 0.791852 0.791852 0.791852 0.791852 0.791852 0.791852 0.791852 0.791852 0.791852 0.791852 0.791852 0.791852 0.791852 0.791852 0.791852 0.791852 0.791852 0.791852 0.791852 0.791852 0.791852 0.791852 0.791852 0.791852 0.791852 0.791852 0.791852 0.699701 0.791852 0.791852 0.791852 0.791852 0.791852 0.791852 0.791852 0.791852 0.791852 0.791852 0.791852 0.791852 0.794088 0.791852 0.791852 0.791852 0.791852 0.791852 0.791852 0.791852 0.348085 0.791852 0.818159 0.791852 0.791852 0.791852 0.791852 0.791852
0.791852 0.791852 0.791852 0.791852 0.812694 0.791852 0.791852 0.791852 0.791852 0.791852 0.791852 0.791852 0.791852 0.791852 0.791852 0.791852 0.791852 0.791852 0.791852 0.791852 0.791852 0.791852 0.791852 0.791852 0.791852 0.791852 0.791852 0.791852 0.791852 0.791852 0.791852 0.791852 0.791852 0.791852 0.791852 0.699701 0.791852 0.791852 0.791852 0.791852 0.791852 0.791852 0.791852 0.791852 0.791852 0.791852 0.791852 0.791852 0.794088 0.791852 0.791852 0.791852 0.791852 0.791852 0.791852 0.791852 0.348085 0.791852 0.818159 0.791852 0.791852 0.791852 0.791852 0.791852
0.791852 0.791852 0.791852 0.791852 0.812694 0.791852 0.791852 0.791852 0.791852 0.791852 0.791852 0.791852 0.791852 0.791852 0.791852 0.791852 0.791852 0.791852 0.791852 0.791852 0.791852 0.791852 0.791852 0.791852 0.791852 0.791852 0.791852 0.791852 0.791852 0.791852 0.791852 0.791852 0.791852 0.791852 0.791852 0.699701 0.791852 0.791852 0.791852 0.791852 0.791852 0.791852 0.791852 0.791852 0.791852 0.791852 0.791852 0.791852 0.794088 0.791852 0.791852 0.791852 0.791852 0.791852 0.791852 0.791852 0.348085 0.791852 0.818159 0.791852 0.791852 0.791852 0.791852 0.791852
0.791852 0.791852 0.791852 0.791852 0.812694 0.791852 0.791852 0.791852 0.791852 0.791852 0.791852 0.791852 0.791852 0.791852 0.791852 0.791852 0.791852 0.791852 0.791852 0.791852 0.791852 0.791852 0.791852 0.791852 0.791852 0.791852 0.791852 0.791852 0.791852 0.791852 0.791852 0.791852 0.791852 0.791852 0.791852 0.699701 0.791852 0.791852 0.791852 0.791852 0.791852 0.791852 0.791852 0.791852 0.791852 0.791852 0.791852 0.791852 0.794088 0.791852 0.791852 0.791852 0.791852 0.791852 0.791852 0.791852 0.348085 0.791852 0.818159 0.791852 0.791852 0.791852 0.791852 0.791852
0.791852 0.791852 0.791852 0.791852 0.812694 0.791852 0.791852 0.791852 0.791852 0.791852 0.791852 0.791852 0.791852 0.791852 0.791852 0.791852 0.791852 0.791852 0.791852 0.791852 0.791852 0.791852 0.791852 0.791852 0.791852 0.791852 0.791852 0.791852 0.791852 0.791852 0.791852 0.791852 0.791852 0.791852 0.791852 0.699701 0.791852 0.791852 0.791852 0.791852 0.791852 0.791852 0.791852 0.791852 0.791852 0.791852 0.791852 0.791852 0.794088 0.791852 0.791852 0.791852 0.791852 0.791852 0.791852 0.791852 0.348085 0.791852 0.818159 0.791852 0.791852 0.791852 0.791852 0.791852
0.791852 0.791852 0.791852 0.791852 0.812694 0.791852 0.791852 0.791852 0.791852 0.791852 0.791852 0.791852 0.791852 0.791852 0.791852 0.791852 0.791852 0.791852 0.791852 0.791852 0.791852 0.791852 0.791852 0.791852 0.791852 0.791852 0.791852 0.791852 0.791852 0.791852 0.791852 0.791852 0.791852 0.791852 0.791852 0.699701 0.791852 0.791852 0.791852 0.791852 0.791852 0.791852 0.791852 0.791852 0.791852 0.791852 0.791852 0.791852 0.794088 0.791852 0.791852 0.791852 0.791852 0.791852 0.791852 0.791852 0.348085 0.791852 0.818159 0.791852 0.791852 0.791852 0.791852 0.791852
0.791852 0.791852 0.791852 0.791852 0.812694 0.791852 0.791852 0.791852 0.791852 0.791852 0.791852 0.791852 0.791852 0.791852 0.791852 0.791852 0.791852 0.791852 0.791852 0.791852 0.791852 0.791852 0.791852 0.791852 0.791852 0.791852 0.791852 0.791852 0.791852 0.791852 0.791852 0.791852 0.791852 0.791852 0.791852 0.699701 0.791852 0.791852 0.791852 0.791852 0.791852 0.791852 0.791852 0.791852 0.791852 0.791852 0.791852 0.791852 0.794088 0.791852 0.791852 0.791852 0.791852 0.791852 0.791852 0.791852 0.348085 0.791852 0.818159 0.791852 0.791852 0.791852 0.791852 0.791852
0.791852 0.791852 0.791852 0.791852 0.812694 0.791852 0.791852 0.791852 0.791852 0.791852 0.791852 0.791852 0.791852 0.791852 0.791852 0.791852 0.791852 0.791852 0.791852 0.791852 0.791852 0.791852 0.791852 0.791852 0.791852 0.791852 0.791852 0.791852 0.791852 0.791852 0.791852 0.791852 0.791852 0.791852 0.791852 0.699701 0.791852 0.791852 0.791852 0.791852 0.791852 0.791852 0.791852 0.791852 0.791852 0.791852 0.791852 0.791852 0.794088 0.791852 0.791852 0.791852 0.791852 0.791852 0.791852 0.791852 0.348085 0.791852 0.818159 0.791852 0.791852 0.791852 0.791852 0.791852
0.791852 0.791852 0.791852 0.791852 0.812694 0.791852 0.791852 0.791852 0.791852 0.791852 0.791852 0.791852 0.791852 0.791852 0.791852 0.791852 0.791852 0.791852 0.791852 0.791852 0.791852 0.791852 0.791852 0.791852 0.791852 0.791852 0.791852 0.791852 0.791852 0.791852 0.791852 0.791852 0.791852 0.791852 0.791852 0.699701 0.791852 0.791852 0.791852 0.791852 0.791852 0.791852 0.791852 0.791852 0.791852 0.791852 0.791852 0.791852 0.794088 0.791852 0.791852 0.791852 0.791852 0.791852 0.791852 0.791852 0.348085 0.791852 0.818159 0.791852 0.791852 0.791852 0.791852 0.791852
0.791852 0.791852 0.791852 0.791852 0.812694 0.791852 0.791852 0.791852 0.791852 0.791852 0.791852 0.791852 0.791852 0.791852 0.791852 0.791852 0.791852 0.791852 0.791852 0.791852 0.791852 0.791852 0.791852 0.791852 0.791852 0.791852 0.791852 0.791852 0.791852 0.791852 0.791852 0.791852 0.791852 0.791852 0.791852 0.699701 0.791852 0.791852 0.791852 0.791852 0.791852 0.791852 0.791852 0.791852 0.791852 0.791852 0.791852 0.791852 0.794088 0.791852 0.791852 0.791852 0.791852 0.791852 0.791852 0.791852 0.348085 0.791852 0.818159 0.791852 0.791852 0.791852 0.791852 0.791852
0.791852 0.791852 0.791852 0.791852 0.812694 0.791852 0.791852 0.791852 0.791852 0.791852 0.791852 0.791852 0.791852 0.791852 0.791852 0.791852 0.791852 0.791852 0.791852 0.791852 0.791852 0.791852 0.791852 0.791852 0.791852 0.791852 0.791852 0.791852 0.791852 0.791852 0.791852 0.791852 0.791852 0.791852 0.791852 0.699701 0.791852 0.791852 0.791852 0.791852 0.791852 0.791852 0.791852 0.791852 0.791852 0.791852 0.791852 0.791852 0.794088 0.791852 0.791852 0.791852 0.791852 0.791852 0.791852 0.791852 0.348085 0.791852 0.818159 0.791852 0.791852 0.791852 0.791852 0.791852
0.791852 0.791852 0.791852 0.791852 0.812694 0.791852 0.791852 0.791852 0.791852 0.791852 0.791852 0.791852 0.791852 0.791852 0.791852 0.791852 0.791852 0.791852 0.791852 0.791852 0.791852 0.791852 0.791852 0.791852 0.791852 0.791852 0.791852 0.791852 0.791852 0.791852 0.791852 0.791852 0.791852 0.791852 0.791852 0.699701 0.791852 0.791852 0.791852 0.791852 0.791852 0.791852 0.791852 0.791852 0.791852 0.791852 0.791852 0.791852 0.794088 0.791852 0.791852 0.791852 0.791852 0.791852 0.791852 0.791852 0.348085 0.791852 0.818159 0.791852 0.791852 0.791852 0.791852 0.791852
0.791852 0.791852 0.791852 0.791852 0.812694 0.791852 0.791852 0.791852 0.791852 0.791852 0.791852 0.791852 0.791852 0.791852 0.791852 0.791852 0.791852 0.791852 0.791852 0.791852 0.791852 0.791852 0.791852 0.791852 0.791852 0.791852 0.791852 0.791852 0.791852 0.791852 0.791852 0.791852 0.791852 0.791852 0.791852 0.699701 0.791852 0.791852 0.791852 0.791852 0.791852 0.791852 0.791852 0.791852 0.791852 0.791852 0.791852 0.791852 0.794088 0.791852 0.791852 0.791852 0.791852 0.791852 0.791852 0.791852 0.348085 0.791852 0.818159 0.791852 0.791852 0.791852 0.791852 0.791852
0.791852 0.791852 0.791852 0.791852 0.812694 0.791852 0.791852 0.791852 0.791852 0.791852 0.791852 0.791852 0.791852 0.791852 0.791852 0.791852 0.791852 0.791852 0.791852 0.791852 0.791852 0.791852 0.791852 0.791852 0.791852 0.791852 0.791852 0.791852 0.791852 0.791852 0.791852 0.791852 0.791852 0.791852 0.791852 0.699701 0.791852 0.791852 0.791852 0.791852 0.791852 0.791852 0.791852 0.791852 0.791852 0.791852 0.791852 0.791852 0.794088 0.791852 0.791852 0.791852 0.791852 0.791852 0.791852 0.791852 0.348085 0.791852 0.818159 0.791852 0.791852 0.791852 0.791852 0.791852
0.993561 0.993561 0.993561 0.993561 0.99435 0.993561 0.993561 0.993561 0.993561 0.993561 0.993561 0.993561 0.993561 0.993561 0.993561 0.993561 0.993561 0.993561 0.993561 0.993561 0.993561 0.993561 0.993561 0.993561 0.993561 0.993561 0.993561 0.993561 0.993561 0.993561 0.993561 0.993561 0.993561 0.993561 0.993561 0.989529 0.993561 0.993561 0.993561 0.993561 0.993561 0.993561 0.993561 0.993561 0.993561 0.993561 0.993561 0.993561 0.993682 0.993561 0.993561 0.993561 0.993561 0.993561 0.993561 0.993561 0.965119 0.993561 0.994392 0.993561 0.993561 0.993561 0.993561 0.993561
0.791852 0.791852 0.791852 0.791852 0.812694 0.791852 0.791852 0.791852 0.791852 0.791852 0.791852 0.791852 0.791852 0.791852 0.791852 0.791852 0.791852 0.791852 0.791852 0.791852 0.791852 0.791852 0.791852 0.791852 0.791852 0.791852 0.791852 0.791852 0.791852 0.791852 0.791852 0.791852 0.791852 0.791852 0.791852 0.699701 0.791852 0.791852 0.791852 0.791852 0.791852 0.791852 0.791852 0.791852 0.791852 0.791852 0.791852 0.791852 0.794088 0.791852 0.791852 0.791852 0.791852 0.791852 0.791852 0.791852 0.348085 0.791852 0.818159 0.791852 0.791852 0.791852 0.791852 0.791852
0.791852 0.791852 0.791852 0.791852 0.812694 0.791852 0.791852 0.791852 0.791852 0.791852 0.791852 0.791852 0.791852 0.791852 0.791852 0.791852 0.791852 0.791852 0.791852 0.791852 0.791852 0.791852 0.791852 0.791852 0.791852 0.791852 0.791852 0.791852 0.791852 0.791852 0.791852 0.791852 0.791852 0.791852 0.791852 0.699701 0.791852 0.791852 0.791852 0.791852 0.791852 0.791852 0.791852 0.791852 0.791852 0.791852 0.791852 0.791852 0.794088 0.791852 0.791852 0.791852 0.791852 0.791852 0.791852 0.791852 0.348085 0.791852 0.818159 0.791852 0.791852 0.791852 0.791852 0.791852
0.791852 0.791852 0.791852 0.791852 0.812694 0.791852 0.791852 0.791852 0.791852 0.791852 0.791852 0.791852 0.791852 0.791852 0.791852 0.791852 0.791852 0.791852 0.791852 0.791852 0.791852 0.791852 0.791852 0.791852 0.791852 0.791852 0.791852 0.791852 0.791852 0.791852 0.791852 0.791852 0.791852 0.791852 0.791852 0.699701 0.791852 0.791852 0.791852 0.791852 0.791852 0.791852 0.791852 0.791852 0.791852 0.791852 0.791852 0.791852 0.794088 0.791852 0.791852 0.791852 0.791852 0.791852 0.791852 0.791852 0.348085 0.791852 0.818159 0.791852 0.791852 0.791852 0.791852 0.791852
0.791852 0.791852 0.791852 0.791852 0.812694 0.791852 0.791852 0.791852 0.791852 0.791852 0.791852 0.791852 0.791852 0.791852 0.791852 0.791852 0.791852 0.791852 0.791852 0.791852 0.791852 0.791852 0.791852 0.791852 0.791852 0.791852 0.791852 0.791852 0.791852 0.791852 0.791852 0.791852 0.791852 0.791852 0.791852 0.699701 0.791852 0.791852 0.791852 0.791852 0.791852 0.791852 0.791852 0.791852 0.791852 0.791852 0.791852 0.791852 0.794088 0.791852 0.791852 0.791852 0.791852 0.791852 0.791852 0.791852 0.348085 0.791852 0.818159 0.791852 0.791852 0.791852 0.791852 0.791852
0.791852 0.791852 0.791852 0.791852 0.812694 0.791852 0.791852 0.791852 0.791852 0.791852 0.791852 0.791852 0.791852 0.791852 0.791852 0.791852 0.791852 0.791852 0.791852 0.791852 0.791852 0.791852 0.791852 0.791852 0.791852 0.791852 0.791852 0.791852 0.791852 0.791852 0.791852 0.791852 0.791852 0.791852 0.791852 0.699701 0.791852 0.791852 0.791852 0.791852 0.791852 0.791852 0.791852 0.791852 0.791852 0.791852 0.791852 0.791852 0.794088 0.791852 0.791852 0.791852 0.791852 0.791852 0.791852 0.791852 0.348085 0.791852 0.818159 0.791852 0.791852 0.791852 0.791852 0.791852
0.791852 0.791852 0.791852 0.791852 0.812694 0.791852 0.791852 0.791852 0.791852 0.791852 0.791852 0.791852 0.791852 0.791852 0.791852 0.791852 0.791852 0.791852 0.791852 0.791852 0.791852 0.791852 0.791852 0.791852 0.791852 0.791852 0.791852 0.791852 0.791852 0.791852 0.791852 0.791852 0.791852 0.791852 0.791852 0.699701 0.791852 0.791852 0.791852 0.791852 0.791852 0.791852 0.791852 0.791852 0.791852 0.791852 0.791852 0.791852 0.794088 0.791852 0.791852 0.791852 0.791852 0.791852 0.791852 0.791852 0.348085 0.791852 0.818159 0.791852 0.791852 0.791852 0.791852 0.791852
0.791852 0.791852 0.791852 0.791852 0.812694 0.791852 0.791852 0.791852 0.791852 0.791852 0.791852 0.791852 0.791852 0.791852 0.791852 0.791852 0.791852 0.791852 0.791852 0.791852 0.791852 0.791852 0.791852 0.791852 0.791852 0.791852 0.791852 0.791852 0.791852 0.791852 0.791852 0.791852 0.791852 0.791852 0.791852 0.699701 0.791852 0.791852 0.791852 0.791852 0.791852 0.791852 0.791852 0.791852 0.791852 0.791852 0.791852 0.791852 0.794088 0.791852 0.791852 0.791852 0.791852 0.791852 0.791852 0.791852 0.348085 0.791852 0.818159 0.791852 0.791852 0.791852 0.791852 0.791852
0.791852 0.791852 0.791852 0.791852 0.812694 0.791852 0.791852 0.791852 0.791852 0.791852 0.791852 0.791852 0.791852 0.791852 0.791852 0.791852 0.791852 0.791852 0.791852 0.791852 0.791852 0.791852 0.791852 0.791852 0.791852 0.791852 0.791852 0.791852 0.791852 0.791852 0.791852 0.791852 0.791852 0.791852 0.791852 0.699701 0.791852 0.791852 0.791852 0.791852 0.791852 0.791852 0.791852 0.791852 0.791852 0.791852 0.791852 0.791852 0.794088 0.791852 0.791852 0.791852 0.791852 0.791852 0.791852 0.791852 0.348085 0.791852 0.818159 0.791852 0.791852 0.791852 0.791852 0.791852
0.791852 0.791852 0.791852 0.791852 0.812694 0.791852 0.791852 0.791852 0.791852 0.791852 0.791852 0.791852 0.791852 0.791852 0.791852 0.791852 0.791852 0.791852 0.791852 0.791852 0.791852 0.791852 0.791852 0.791852 0.791852 0.791852 0.791852 0.791852 0.791852 0.791852 0.791852 0.791852 0.791852 0.791852 0.791852 0.699701 0.791852 0.791852 0.791852 0.791852 0.791852 0.791852 0.791852 0.791852 0.791852 0.791852 0.791852 0.791852 0.794088 0.791852 0.791852 0.791852 0.791852 0.791852 0.791852 0.791852 0.348085 0.791852 0.818159 0.791852 0.791852 0.791852 0.791852 0.791852
0.791852 0.791852 0.791852 0.791852 0.812694 0.791852 0.791852 0.791852 0.791852 0.791852 0.791852 0.791852 0.791852 0.791852 0.791852 0.791852 0.791852 0.791852 0.791852 0.791852 0.791852 0.791852 0.791852 0.791852 0.791852 0.791852 0.791852 0.791852 0.791852 0.791852 0.791852 0.791852 0.791852 0.791852 0.791852 0.699701 0.791852 0.791852 0.791852 0.791852 0.791852 0.791852 0.791852 0.791852 0.791852 0.791852 0.791852 0.791852 0.794088 0.791852 0.791852 0.791852 0.791852 0.791852 0.791852 0.791852 0.348085 0.791852 0.818159 0.791852 0.791852 0.791852 0.791852 0.791852
0.791852 0.791852 0.791852 0.791852 0.812694 0.791852 0.791852 0.791852 0.791852 0.791852 0.791852 0.791852 0.791852 0.791852 0.791852 0.791852 0.791852 0.791852 0.791852 0.791852 0.791852 0.791852 0.791852 0.791852 0.791852 0.791852 0.791852 0.791852 0.791852 0.791852 0.791852 0.791852 0.791852 0.791852 0.791852 0.699701 0.791852 0.791852 0.791852 0.791852 0.791852 0.791852 0.791852 0.791852 0.791852 0.791852 0.791852 0.791852 0.794088 0.791852 0.791852 0.791852 0.791852 0.791852 0.791852 0.791852 0.348085 0.791852 0.818159 0.791852 0.791852 0.791852 0.791852 0.791852
0.791852 0.791852 0.791852 0.791852 0.812694 0.791852 0.791852 0.791852 0.791852 0.791852 0.791852 0.791852 0.791852 0.791852 0.791852 0.791852 0.791852 0.791852 0.791852 0.791852 0.791852 0.791852 0.791852 0.791852 0.791852 0.791852 0.791852 0.791852 0.791852 0.791852 0.791852 0.791852 0.791852 0.791852 0.791852 0.699701 0.791852 0.791852 0.791852 0.791852 0.791852 0.791852 0.791852 0.791852 0.791852 0.791852 0.791852 0.791852 0.794088 0.791852 0.791852 0.791852 0.791852 0.791852 0.791852 0.791852 0.348085 0.791852 0.818159 0.791852 0.791852 0.791852 0.791852 0.791852
0.109831 0.109831 0.109831 0.109831 0.123361 0.109831 0.109831 0.109831 0.109831 0.109831 0.109831 0.109831 0.109831 0.109831 0.109831 0.109831 0.109831 0.109831 0.109831 0.109831 0.109831 0.109831 0.109831 0.109831 0.109831 0.109831 0.109831 0.109831 0.109831 0.109831 0.109831 0.109831 0.109831 0.109831 0.109831 0.0702589 0.109831 0.109831 0.109831 0.109831 0.109831 0.109831 0.109831 0.109831 0.109831 0.109831 0.109831 0.109831 0.111169 0.109831 0.109831 0.109831 0.109831 0.109831 0.109831 0.109831 0.0170223 0.109831 0.127342 0.109831 0.109831 0.109831 0.109831 0.109831
0.791852 0.791852 0.791852 0.791852 0.812694 0.791852 0.791852 0.791852 0.791852 0.791852 0.791852 0.791852 0.791852 0.791852 0.791852 0.791852 0.791852 0.791852 0.791852 0.791852 0.791852 0.791852 0.791852 0.791852 0.791852 0.791852 0.791852 0.791852 0.791852 0.791852 0.791852 0.791852 0.791852 0.791852 0.791852 0.699701 0.791852 0.791852 0.791852 0.791852 0.791852 0.791852 0.791852 0.791852 0.791852 0.791852 0.791852 0.791852 0.794088 0.791852 0.791852 0.791852 0.791852 0.791852 0.791852 0.791852 0.348085 0.791852 0.818159 0.791852 0.791852 0.791852 0.791852 0.791852
0.791852 0.791852 0.791852 0.791852 0.812694 0.791852 0.791852 0.791852 0.791852 0.791852 0.791852 0.791852 0.791852 0.791852 0.791852 0.791852 0.791852 0.791852 0.791852 0.791852 0.791852 0.791852 0.791852 0.791852 0.791852 0.791852 0.791852 0.791852 0.791852 0.791852 0.791852 0.791852 0.791852 0.791852 0.791852 0.699701 0.791852 0.791852 0.791852 0.791852 0.791852 0.791852 0.791852 0.791852 0.791852 0.791852 0.791852 0.791852 0.794088 0.791852 0.791852 0.791852 0.791852 0.791852 0.791852 0.791852 0.348085 0.791852 0.818159 0.791852 0.791852 0.791852 0.791852 0.791852
0.791852 0.791852 0.791852 0.791852 0.812694 0.791852 0.791852 0.791852 0.791852 0.791852 0.791852 0.791852 0.791852 0.791852 0.791852 0.791852 0.791852 0.791852 0.791852 0.791852 0.791852 0.791852 0.791852 0.791852 0.791852 0.791852 0.791852 0.791852 0.791852 0.791852 0.791852 0.791852 0.791852 0.791852 0.791852 0.699701 0.791852 0.791852 0.791852 0.791852 0.791852 0.791852 0.791852 0.791852 0.791852 0.791852 0.791852 0.791852 0.794088 0.791852 0.791852 0.791852 0.791852 0.791852 0.791852 0.791852 0.348085 0.791852 0.818159 0.791852 0.791852 0.791852 0.791852 0.791852
0.791852 0.791852 0.791852 0.791852 0.812694 0.791852 0.791852 0.791852 0.791852 0.791852 0.791852 0.791852 0.791852 0.791852 0.791852 0.791852 0.791852 0.791852 0.791852 0.791852 0.791852 0.791852 0.791852 0.791852 0.791852 0.791852 0.791852 0.791852 0.791852 0.791852 0.791852 0.791852 0.791852 0.791852 0.791852 0.699701 0.791852 0.791852 0.791852 0.791852 0.791852 0.791852 0.791852 0.791852 0.791852 0.791852 0.791852 0.791852 0.794088 0.791852 0.791852 0.791852 0.791852 0.791852 0.791852 0.791852 0.348085 0.791852 0.818159 0.791852 0.791852 0.791852 0.791852 0.791852
0.786106 0.786106 0.786106 0.786106 0.807384 0.786106 0.786106 0.786106 0.786106 0.786106 0.786106 0.786106 0.786106 0.786106 0.786106 0.786106 0.786106 0.786106 0.786106 0.786106 0.786106 0.786106 0.786106 0.786106 0.786106 0.786106 0.786106 0.786106 0.786106 0.786106 0.786106 0.786106 0.786106 0.786106 0.786106 0.6924 0.786106 0.786106 0.786106 0.786106 0.786106 0.786106 0.786106 0.786106 0.786106 0.786106 0.786106 0.786106 0.788387 0.786106 0.786106 0.786106 0.786106 0.786106 0.786106 0.786106 0.340294 0.786106 0.812968 0.786106 0.786106 0.786106 0.786106 0.786106
0.791852 0.791852 0.791852 0.791852 0.812694 0.791852 0.791852 0.791852 0.791852 0.791852 0.791852 0.791852 0.791852 0.791852 0.791852 0.791852 0.791852 0.791852 0.791852 0.791852 0.791852 0.791852 0.791852 0.791852 0.791852 0.791852 0.791852 0.791852 0.791852 0.791852 0.791852 0.791852 0.791852 0.791852 0.791852 0.699701 0.791852 0.791852 0.791852 0.791852 0.791852 0.791852 0.791852 0.791852 0.791852 0.791852 0.791852 0.791852 0.794088 0.791852 0.791852 0.791852 0.791852 0.791852 0.791852 0.791852 0.348085 0.791852 0.818159 0.791852 0.791852 0.791852 0.791852 0.791852
0.791852 0.791852 0.791852 0.791852 0.812694 0.791852 0.791852 0.791852 0.791852 0.791852 0.791852 0.791852 0.791852 0.791852 0.791852 0.791852 0.791852 0.791852 0.791852 0.791852 0.791852 0.791852 0.791852 0.791852 0.791852 0.791852 0.791852 0.791852 0.791852 0.791852 0.791852 0.791852 0.791852 0.791852 0.791852 0.699701 0.791852 0.791852 0.791852 0.791852 0.791852 0.791852 0.791852 0.791852 0.791852 0.791852 0.791852 0.791852 0.794088 0.791852 0.791852 0.791852 0.791852 0.791852 0.791852 0.791852 0.348085 0.791852 0.818159 0.791852 0.791852 0.791852 0.791852 0.791852
0.791852 0.791852 0.791852 0.791852 0.812694 0.791852 0.791852 0.791852 0.791852 0.791852 0.791852 0.791852 0.791852 0.791852 0.791852 0.791852 0.791852 0.791852 0.791852 0.791852 0.791852 0.791852 0.791852 0.791852 0.791852 0.791852 0.791852 0.791852 0.791852 0.791852 0.791852 0.791852 0.791852 0.791852 0.791852 0.699701 0.791852 0.791852 0.791852 0.791852 0.791852 0.791852 0.791852 0.791852 0.791852 0.791852 0.791852 0.791852 0.794088 0.791852 0.791852 0.791852 0.791852 0.791852 0.791852 0.791852 0.348085 0.791852 0.818159 0.791852 0.791852 0.791852 0.791852 0.791852
0.791852 0.791852 0.791852 0.791852 0.812694 0.791852 0.791852 0.791852 0.791852 0.791852 0.791852 0.791852 0.791852 0.791852 0.791852 0.791852 0.791852 0.791852 0.791852 0.791852 0.791852 0.791852 0.791852 0.791852 0.791852 0.791852 0.791852 0.791852 0.791852 0.791852 0.791852 0.791852 0.791852 0.791852 0.791852 0.699701 0.791852 0.791852 0.791852 0.791852 0.791852 0.791852 0.791852 0.791852 0.791852 0.791852 0.791852 0.791852 0.794088 0.791852 0.791852 0.791852 0.791852 0.791852 0.791852 0.791852 0.348085 0.791852 0.818159 0.791852 0.791852 0.791852 0.791852 0.791852
0.791852 0.791852 0.791852 0.791852 0.812694 0.791852 0.791852 0.791852 0.791852 0.791852 0.791852 0.791852 0.791852 0.791852 0.791852 0.791852 0.791852 0.791852 0.791852 0.791852 0.791852 0.791852 0.791852 0.791852 0.791852 0.791852 0.791852 0.791852 0.791852 0.791852 0.791852 0.791852 0.791852 0.791852 0.791852 0.699701 0.791852 0.791852 0.791852 0.791852 0.791852 0.791852 0.791852 0.791852 0.791852 0.791852 0.791852 0.791852 0.794088 0.791852 0.791852 0.791852 0.791852 0.791852 0.791852 0.791852 0.348085 0.791852 0.818159 0.791852 0.791852 0.791852 0.791852 0.791852
0.791852 0.791852 0.791852 0.791852 0.812694 0.791852 0.791852 0.791852 0.791852 0.791852 0.791852 0.791852 0.791852 0.791852 0.791852 0.791852 0.791852 0.791852 0.791852 0.791852 0.791852 0.791852 0.791852 0.791852 0.791852 0.791852 0.791852 0.791852 0.791852 0.791852 0.791852 0.791852 0.791852 0.791852 0.791852 0.699701 0.791852 0.791852 0.791852 0.791852 0.791852 0.791852 0.791852 0.791852 0.791852 0.791852 0.791852 0.791852 0.794088 0.791852 0.791852 0.791852 0.791852 0.791852 0.791852 0.791852 0.348085 0.791852 0.818159 0.791852 0.791852 0.791852 0.791852 0.791852
0.791852 0.791852 0.791852 0.791852 0.812694 0.791852 0.791852 0.791852 0.791852 0.791852 0.791852 0.791852 0.791852 0.791852 0.791852 0.791852 0.791852 0.791852 0.791852 0.791852 0.791852 0.791852 0.791852 0.791852 0.791852 0.791852 0.791852 0.791852 0.791852 0.791852 0.791852 0.791852 0.791852 0.791852 0.791852 0.699701 0.791852 0.791852 0.791852 0.791852 0.791852 0.791852 0.791852 0.791852 0.791852 0.791852 0.791852 0.791852 0.794088 0.791852 0.791852 0.791852 0.791852 0.791852 0.791852 0.791852 0.348085 0.791852 0.818159 0.791852 0.791852 0.791852 0.791852 0.791852
0.791852 0.791852 0.791852 0.791852 0.812694 0.791852 0.791852 0.791852 0.791852 0.791852 0.791852 0.791852 0.791852 0.791852 0.791852 0.791852 0.791852 0.791852 0.791852 0.791852 0.791852 0.791852 0.791852 0.791852 0.791852 0.791852 0.791852 0.791852 0.791852 0.791852 0.791852 0.791852 0.791852 0.791852 0.791852 0.699701 0.791852 0.791852 0.791852 0.791852 0.791852 0.791852 0.791852 0.791852 0.791852 0.791852 0.791852 0.791852 0.794088 0.791852 0.791852 0.791852 0.791852 0.791852 0.791852 0.791852 0.348085 0.791852 0.818159 0.791852 0.791852 0.791852 0.791852 0.791852
0.791852 0.791852 0.791852 0.791852 0.812694 0.791852 0.791852 0.791852 0.791852 0.791852 0.791852 0.791852 0.791852 0.791852 0.791852 0.791852 0.791852 0.791852 0.791852 0.791852 0.791852 0.791852 0.791852 0.791852 0.791852 0.791852 0.791852 0.791852 0.791852 0.791852 0.791852 0.791852 0.791852 0.791852 0.791852 0.699701 0.791852 0.791852 0.791852 0.791852 0.791852 0.791852 0.791852 0.791852 0.791852 0.791852 0.791852 0.791852 0.794088 0.791852 0.791852 0.791852 0.791852 0.791852 0.791852 0.791852 0.348085 0.791852 0.818159 0.791852 0.791852 0.791852 0.791852 0.791852
0.791852 0.791852 0.791852 0.791852 0.812694 0.791852 0.791852 0.791852 0.791852 0.791852 0.791852 0.791852 0.791852 0.791852 0.791852 0.791852 0.791852 0.791852 0.791852 0.791852 0.791852 0.791852 0.791852 0.791852 0.791852 0.791852 0.791852 0.791852 0.791852 0.791852 0.791852 0.791852 0.791852 0.791852 0.791852 0.699701 0.791852 0.791852 0.791852 0.791852 0.791852 0.791852 0.791852 0.791852 0.791852 0.791852 0.791852 0.791852 0.794088 0.791852 0.791852 0.791852 0.791852 0.791852 0.791852 0.791852 0.348085 0.791852 0.818159 0.791852 0.791852 0.791852 0.791852 0.791852
0.791852 0.791852 0.791852 0.791852 0.812694 0.791852 0.791852 0.791852 0.791852 0.791852 0.791852 0.791852 0.791852 0.791852 0.791852 0.791852 0.791852 0.791852 0.791852 0.791852 0.791852 0.791852 0.791852 0.791852 0.791852 0.791852 0.791852 0.791852 0.791852 0.791852 0.791852 0.791852 0.791852 0.791852 0.791852 0.699701 0.791852 0.791852 0.791852 0.791852 0.791852 0.791852 0.791852 0.791852 0.791852 0.791852 0.791852 0.791852 0.794088 0.791852 0.791852 0.791852 0.791852 0.791852 0.791852 0.791852 0.348085 0.791852 0.818159 0.791852 0.791852 0.791852 0.791852 0.791852
0.791852 0.791852 0.791852 0.791852 0.812694 0.791852 0.791852 0.791852 0.791852 0.791852 0.791852 0.791852 0.791852 0.791852 0.791852 0.791852 0.791852 0.791852 0.791852 0.791852 0.791852 0.791852 0.791852 0.791852 0.791852 0.791852 0.791852 0.791852 0.791852 0.791852 0.791852 0.791852 0.791852 0.791852 0.791852 0.699701 0.791852 0.791852 0.791852 0.791852 0.791852 0.791852 0.791852 0.791852 0.791852 0.791852 0.791852 0.791852 0.794088 0.791852 0.791852 0.791852 0.791852 0.791852 0.791852 0.791852 0.348085 0.791852 0.818159 0.791852 0.791852 0.791852 0.791852 0.791852
0.791852 0.791852 0.791852 0.791852 0.812694 0.791852 0.791852 0.791852 0.791852 0.791852 0.791852 0.791852 0.791852 0.791852 0.791852 0.791852 0.791852 0.791852 0.791852 0.791852 0.791852 0.791852 0.791852 0.791852 0.791852 0.791852 0.791852 0.791852 0.791852 0.791852 0.791852 0.791852 0.791852 0.791852 0.791852 0.699701 0.791852 0.791852 0.791852 0.791852 0.791852 0.791852 0.791852 0.791852 0.791852 0.791852 0.791852 0.791852 0.794088 0.791852 0.791852 0.791852 0.791852 0.791852 0.791852 0.791852 0.348085 0.791852 0.818159 0.791852 0.791852 0.791852 0.791852 0.791852
0.714876 0.714876 0.714876 0.714876 0.740904 0.714876 0.714876 0.714876 0.714876 0.714876 0.714876 0.714876 0.714876 0.714876 0.714876 0.714876 0.714876 0.714876 0.714876 0.714876 0.714876 0.714876 0.714876 0.714876 0.714876 0.714876 0.714876 0.714876 0.714876 0.714876 0.714876 0.714876 0.714876 0.714876 0.714876 0.605619 0.714876 0.714876 0.714876 0.714876 0.714876 0.714876 0.714876 0.714876 0.714876 0.714876 0.714876 0.714876 0.717644 0.714876 0.714876 0.714876 0.714876 0.714876 0.714876 0.714876 0.253796 0.714876 0.747814 0.714876 0.714876 0.714876 0.714876 0.714876
0.791852 0.791852 0.791852 0.791852 0.812694 0.791852 0.791852 0.791852 0.791852 0.791852 0.791852 0.791852 0.791852 0.791852 0.791852 0.791852 0.791852 0.791852 0.791852 0.791852 0.791852 0.791852 0.791852 0.791852 0.791852 0.791852 0.791852 0.791852 0.791852 0.791852 0.791852 0.791852 0.791852 0.791852 0.791852 0.699701 0.791852 0.791852 0.791852 0.791852 0.791852 0.791852 0.791852 0.791852 0.791852 0.791852 0.791852 0.791852 0.794088 0.791852 0.791852 0.791852 0.791852 0.791852 0.791852 0.791852 0.348085 0.791852 0.818159 0.791852 0.791852 0.791852 0.791852 0.791852
0.791852 0.791852 0.791852 0.791852 0.812694 0.791852 0.791852 0.791852 0.791852 0.791852 0.791852 0.791852 0.791852 0.791852 0.791852 0.791852 0.791852 0.791852 0.791852 0.791852 0.791852 0.791852 0.791852 0.791852 0.791852 0.791852 0.791852 0.791852 0.791852 0.791852 0.791852 0.791852 0.791852 0.791852 0.791852 0.699701 0.791852 0.791852 0.791852 0.791852 0.791852 0.791852 0.791852 0.791852 0.791852 0.791852 0.791852 0.791852 0.794088 0.791852 0.791852 0.791852 0.791852 0.791852 0.791852 0.791852 0.348085 0.791852 0.818159 0.791852 0.791852 0.791852 0.791852 0.791852
0.791852 0.791852 0.791852 0.791852 0.812694 0.791852 0.791852 0.791852 0.791852 0.791852 0.791852 0.791852 0.791852 0.791852 0.791852 0.791852 0.791852 0.791852 0.791852 0.791852 0.791852 0.791852 0.791852 0.791852 0.791852 0.791852 0.791852 0.791852 0.791852 0.791852 0.791852 0.791852 0.791852 0.791852 0.791852 0.699701 0.791852 0.791852 0.791852 0.791852 0.791852 0.791852 0.791852 0.791852 0.791852 0.791852 0.791852 0.791852 0.794088 0.791852 0.791852 0.791852 0.791852 0.791852 0.791852 0.791852 0.348085 0.791852 0.818159 0.791852 0.791852 0.791852 0.791852 0.791852
0.791852 0.791852 0.791852 0.791852 0.812694 0.791852 0.791852 0.791852 0.791852 0.791852 0.791852 0.791852 0.791852 0.791852 0.791852 0.791852 0.791852 0.791852 0.791852 0.791852 0.791852 0.791852 0.791852 0.791852 0.791852 0.791852 0.791852 0.791852 0.791852 0.791852 0.791852 0.791852 0.791852 0.791852 0.791852 0.699701 0.791852 0.791852 0.791852 0.791852 0.791852 0.791852 0.791852 0.791852 0.791852 0.791852 0.791852 0.791852 0.794088 0.791852 0.791852 0.791852 0.791852 0.791852 0.791852 0.791852 0.348085 0.791852 0.818159 0.791852 0.791852 0.791852 0.791852 0.791852
0.791852 0.791852 0.791852 0.791852 0.812694 0.791852 0.791852 0.791852 0.791852 0.791852 0.791852 0.791852 0.791852 0.791852 0.791852 0.791852 0.791852 0.791852 0.791852 0.791852 0.791852 0.791852 0.791852 0.791852 0.791852 0.791852 0.791852 0.791852 0.791852 0.791852 0.791852 0.791852 0.791852 0.791852 0.791852 0.699701 0.791852 0.791852 0.791852 0.791852 0.791852 0.791852 0.791852 0.791852 0.791852 0.791852 0.791852 0.791852 0.794088 0.791852 0.791852 0.791852 0.791852 0.791852 0.791852 0.791852 0.348085 0.791852 0.818159 0.791852 0.791852 0.791852 0.791852 0.791852
24 45 6 63 38 28 10 46 36 47 25 34 55 14 22 16 19 51 21 60 5 31 32 43 44 12 41 15 27 4 0 30 35 7 9 26 39 57 49 37 50 48 18 56 13 11 29 1 52 42 8 3 17 62 53 59 58 40 23 2 61 54 20 33
