8
0.966067 0.0 0.0 0.0 0.0 0.0 0.0 0.0 0.0 0.0 0.0 0.0 0.0 0.0 0.0 0.0 0.0 3.27826e-07 0.0 0.0 0.0 3.8743e-07 0.0 0.0 0.0 0.0 0.0 0.975155 0.0 0.134057 0.0 0.59771 0.0 0.0 0.0 0.152223 0.0 1.19209e-07 0.0 0.0651747 0.0 0.570101 0.0 0.0 0.0153283 0.0 0.0 0.0 0.0 0.0 0.0 2.98023e-07 0.00366715 0.0 0.866903 0.0 0.982668 1.12653e-05 0.0 0.0 0.0 0.0 0.0 0.0
0.000330091 0.0 0.0 0.0 0.0 0.0 0.0 0.0 0.932901 0.0 0.0 0.000129789 0.0712353 0.0 0.0 0.0 0.0 0.919856 0.0 0.0 0.0 0.0 0.0 0.0 0.0 0.0 0.0 3.8147e-06 0.0 0.00725672 0.758223 0.000909358 9.60529e-05 0.0 0.0 0.999381 0.0 0.999999 1.49012e-07 0.999743 0.0 0.974635 0.000184327 0.0 0.999999 0.0 0.0 0.0 0.0 0.0 0.0 0.996007 0.0 0.0 0.737555 0.0 0.505652 0.0 0.0 0.0 0.0 0.0 0.0 0.0
0.0 0.0 0.0818169 0.0 1.78814e-07 7.9602e-05 1.055e-05 0.000672162 0.0 5.54323e-06 0.0 0.0 0.0 0.0 0.0 0.0 0.0 0.0 0.0 0.0 0.0 0.0 0.0 0.00023067 0.992354 0.0 0.0 0.0 0.0 0.0 0.0 0.0 0.0 0.0 0.0 0.0 0.0 0.0 0.0 0.0 0.0331792 0.0 0.0 0.0 0.0 0.0 2.08616e-07 0.0 0.0 0.000131339 0.0 0.0 0.0 0.0 0.0 2.38419e-07 0.0 0.0 0.00668231 0.0 0.0 0.0 0.0 2.08616e-07
0.0 0.0 0.0 0.0 0.0 0.0 0.0 0.0 0.0 0.0 0.0 0.0 0.0 0.0 0.0 0.0 0.0 0.0 0.0 0.0 0.0 0.0 0.0 0.0 0.0 0.0 0.0 0.0 0.984698 0.0 0.0 0.0 0.0 0.0 0.0 0.0 0.0 0.0 0.0 0.0 0.0 0.0 0.0 5.96046e-08 0.0 0.0 0.0 0.0 0.0 0.0 0.0 0.0 0.0 0.0 0.0 0.0 0.0 0.0 0.0 0.0 0.0 0.0 0.0 0.0
0.0 0.0 0.0 0.0 0.0 0.0 0.0 0.0 0.0 0.0 0.0 0.0 0.0 0.0 0.0 0.0 0.0 0.0 0.0 0.0 0.0 0.0 0.999998 0.0 0.0 0.0 0.0 0.0 0.0 0.0 0.0 0.0 0.0 0.0 0.0 0.0 0.0 0.0 0.0 0.0 0.0 0.0 0.0 0.0 0.0 0.0 0.0 0.0 0.0 0.0 0.0 0.0 0.0 7.15256e-07 0.0 0.0 0.0 0.0 0.0 0.0 0.0 0.0 0.0 0.0
0.0 0.0 0.000373155 0.0 2.14577e-05 0.441792 0.0785431 0.0193121 0.0 0.000359833 0.0 0.0 0.0 0.0 0.0 0.0 0.0 0.0 0.0 2.06828e-05 0.0 0.0 0.0 0.0995932 0.306542 0.0 0.0 0.0 0.0 0.0 0.0 0.0 0.0 1.19209e-07 0.0 0.0 0.0 0.0 0.0 0.0 0.000122696 0.0 0.0 0.0 0.0 0.0 0.000204682 6.20484e-05 0.0 0.143609 0.0 0.0 0.0 0.0 0.0 3.57628e-07 0.0 0.0 0.82123 0.0 0.0 0.0 0.0 5.90086e-06
0.0 0.0 0.0 0.0 0.999812 0.184705 0.158011 6.25849e-07 0.0 0.0 0.0 0.0 0.0 0.0 0.0 0.0 6.25849e-07 0.0 0.0 0.00021553 0.0 0.0 0.0 0.00210109 2.08616e-07 0.0 0.0 0.0 0.0 0.0 0.0 0.0 0.0 0.0 0.0 0.0 0.0 0.0 0.0 0.0 8.9407e-08 0.0 0.0 0.0 0.0 0.0 0.00910076 0.541997 0.0 0.0 0.0 0.0 0.0 0.0 0.0 7.14958e-05 0.0 0.0 0.0775611 0.0 0.0 0.0 0.0 0.0
0.0 0.0 0.0 0.0827532 0.0 0.0 0.0 0.0 0.0 0.0 0.0 0.0 0.0 0.0 0.0 0.0 0.0 0.0 0.0 0.0 0.0 0.0 0.0 0.0 0.0 0.0 0.0 0.0 0.0 0.0 0.0 0.0 0.0 0.992823 0.0 0.0 0.0 0.0 0.0 0.0 3.27826e-07 0.0 0.0 0.0 0.0 0.0 5.96046e-08 0.0 0.0 0.0 0.0 0.0 0.0 0.0294057 0.0 0.0 0.0 0.0 2.98023e-08 0.0 0.0 0.0 0.0 0.0
0.0 0.0 0.0 0.0 0.0 0.0 0.0 0.0 1.0 0.0 0.0 0.410618 0.999999 0.0 0.0 0.0 0.0 0.845073 0.0 0.0 0.0 0.0 0.0 0.0 0.0 0.0 0.0 0.0 0.0 0.0 0.999998 0.0 0.999971 0.0 0.0 1.19209e-07 0.0 0.999587 0.790028 3.15905e-06 0.0 0.0 0.999999 0.0 0.211043 0.0 0.0 0.0 0.0 0.0 0.0 0.257461 0.0 0.0 0.0 0.0 0.0 0.0 0.0 0.0 0.0 0.0 0.0 0.0
0.0 0.0 0.149918 0.0 0.0 1.40071e-06 0.00011754 1.19209e-07 0.0 0.992044 0.0 0.0 0.0 0.0 0.0 0.0 0.0 0.0 0.0 0.0 0.0 0.0 0.0 0.000928283 0.000886381 0.0 0.0 0.0 0.0 0.0 0.0 0.0 0.0 0.0 0.0 0.0 0.0 0.0 0.0 0.0 1.19209e-07 0.0 0.0 0.0 0.0 0.0 0.0 0.0 0.0 0.999809 0.0 0.0 0.0 0.0 0.0 0.0 0.0 0.0 0.000168175 0.0 0.0 0.0 0.0 0.781145
2.35438e-06 0.0 0.0 0.0 0.0 0.0 0.0 0.0 0.0 0.0 0.0 0.0 0.0 0.0 0.0 0.0 0.0 0.0 0.871577 0.0 0.0591418 0.0 0.0 0.0 0.0 0.0 0.0 0.125298 0.0 0.000829995 0.0 7.34329e-05 0.0 0.0 0.0 2.08616e-07 0.547329 0.0 0.0 5.96046e-08 0.0 0.00222328 0.0 0.0 2.68221e-07 0.0 0.0 0.0 0.0 0.0 0.0 0.0 2.98023e-06 0.0 2.5332e-05 0.0 1.51098e-05 0.0 0.0 0.0 0.0 0.00214115 1.0 0.0
0.0 0.0 0.0 0.0 0.0 0.0 0.0 0.0 0.980509 0.0 0.0 0.0 0.0031983 0.0 0.0 0.0 0.0 0.812287 0.0 0.0 0.0 0.0 0.0 0.0 0.0 0.0 0.0 0.0 0.0 0.0 0.551769 0.0 0.0181042 0.0 0.0 5.06639e-07 0.0 0.362008 0.978708 5.06639e-07 0.0 0.0 0.999036 0.0 9.74536e-06 0.0 0.0 0.0 0.0 0.0 0.0 0.0408542 0.0 0.0 0.0 0.0 0.0 0.0 0.0 0.0 0.0 0.0 0.0 0.0
0.00435206 0.0 0.0 0.0 0.0 0.0 0.0 0.0 5.96046e-08 0.0 0.0 0.000307918 0.0 0.0 0.0 0.0 0.0 0.00410262 0.0 0.0 0.0 0.0 0.0 0.0 0.0 0.0 0.0 0.000110865 0.0 0.0168248 3.27826e-07 0.348927 0.0 0.0 0.0 0.00229007 0.0 0.0026823 0.0 0.150641 0.0 0.998616 0.0 0.0 0.0321281 0.0 0.0 0.0 0.0 0.0 2.98023e-07 0.00198528 0.0 0.0 0.012962 0.0 0.000212699 0.0 0.0 0.0 0.0 0.0 0.0 0.0
0.0 0.0 0.0 0.0 0.0 0.0 0.0 0.0 0.0 0.0 0.0 0.0 0.0 0.0 0.985296 0.0 0.0 0.0 0.0 0.0 0.0 0.0 0.0 0.0 0.0 0.0 0.0 0.0 0.0 0.0 0.0 0.0 0.0 0.0 0.0 0.0 0.0 0.0 0.0 0.0 0.0 0.0 0.0 0.0 0.0 0.0 0.0 0.0 0.0 0.0 6.6787e-05 0.0 0.0 0.0 0.0 0.0 0.0 0.0 0.0 0.0 0.0 0.0 0.0 0.0
0.0 0.0 0.0 0.0 0.0 0.0 0.0 0.0 0.99704 0.0 0.0 2.05636e-06 0.417948 0.0 0.0 0.0 0.0 0.119974 0.0 0.0 0.0 0.0 0.0 0.0 0.0 0.0 0.0 0.0 0.0 5.90086e-06 0.918212 0.0 0.00575978 0.0 0.0 0.0466067 0.0 0.998439 2.98023e-08 0.00980181 0.0 0.000795275 0.266406 0.0 0.98462 0.0 0.0 0.0 0.0 0.0 0.0 0.0997694 0.0 0.0 1.37091e-06 0.0 4.17233e-07 0.0 0.0 0.0 0.0 0.0 0.0 0.0
0.0 0.0 0.0 0.0 0.0 0.0 0.0 0.0 0.0 0.0 0.0107597 0.0 0.0 2.68221e-07 0.0 8.64267e-06 0.0 0.0 0.0 0.0 0.0 0.0 0.0 0.0 0.0 0.0 0.0 0.0 0.0 0.0 0.0 0.0 0.0 0.0 0.0 0.0 0.0 0.0 0.0 0.0 0.0 0.0 0.0 0.0 0.0 0.0 0.0 0.0 0.999132 0.0 0.0 0.0 0.0 0.0 0.0 0.0 0.0 0.0 0.0 7.11679e-05 0.0 0.0 0.0 0.0
0.0 0.0 0.0 0.0 0.0 0.0 0.0 0.0 0.0 0.0 0.0 0.0 0.0 0.0 0.0 0.0 0.0 0.0 0.0 0.0 4.47035e-07 0.0 0.0 0.0 0.0 0.0 0.0 0.0 0.0 0.0 0.0 0.0 0.0 0.0 0.0 0.0 0.947899 0.0 0.0 0.0 0.0 0.0 0.0 0.0 0.0 0.0 0.0 0.0 0.0 0.0 0.0 0.0 0.0 0.0 0.0 0.0 0.0 4.17233e-07 0.0 0.0 0.0 0.999918 0.000109226 0.0
0.0 0.0 0.0 5.27501e-06 0.0 0.0 0.0 4.17233e-07 0.0 0.0 0.0 0.0 0.0 0.0 0.0 0.0 0.0 0.0 0.0 0.0 0.0 0.0 0.0 0.0 0.0 0.0 0.0 0.0 0.0 0.0 0.0 0.0 0.0 9.44734e-06 0.999694 0.0 0.0 0.0 0.0 0.0 0.0 0.0 0.0 0.0 0.0 0.0 0.00162342 0.0 0.0 0.0 0.0 0.0 0.0 1.19209e-07 0.0 0.0 0.0 0.0 0.0 0.0 0.0 0.0 0.0 0.0
0.0 0.0 0.0 0.0 0.0 0.0 0.0 0.0 0.0 0.0 0.0 0.0 0.0 0.0 0.0 0.0 0.0 0.0 4.52101e-05 0.0 3.27826e-07 0.0 0.0 0.0 0.0 0.0 0.0 0.0 0.0 0.0 0.0 0.0 0.0 0.0 0.0 0.0 0.0 0.0 0.0 0.0 0.0 0.0 0.0 0.0 0.0 0.0 0.0 0.0 0.0 0.0 0.0 0.0 0.0 0.0 0.0 0.0 0.0 0.0 0.0 0.0 0.999997 0.0 3.27826e-07 0.0
0.0 0.0 0.0 0.0 0.0 0.0 0.0 0.0 0.0 0.0 0.0 0.0 0.0 0.0 0.0 0.998204 0.0 0.0 0.0 0.0 0.0 0.0 0.0 0.0 0.0 4.17233e-07 0.0 0.0 0.0 0.0 0.0 0.0 0.0 0.0 0.0 0.0 0.0 0.0 0.0 0.0 0.0 0.0 0.0 0.0 0.0 0.0 0.0 0.0 2.23517e-06 0.0 0.0 0.0 0.0 8.9407e-08 0.0 0.0 0.0 0.0 0.0 0.0 0.0 0.0 0.0 0.0
0.0013631 0.0 0.0 0.0 0.0 0.0 0.0 0.0 0.0 0.0 0.0 0.0 0.0 0.0 0.0 0.0 0.0 0.0 0.0 0.0 0.0 0.401139 0.0 0.0 0.0 0.0 0.0 0.581653 0.0 0.0 0.0 0.000142992 0.0 0.0 0.0 0.0 0.0 0.0 0.0 0.0 0.0 0.000185579 0.0 0.0 0.0 0.0 0.0 0.0 0.0 0.0 0.0 0.0 0.890893 0.0 0.0 0.0 0.0 2.08616e-07 0.0 0.0 0.0 0.0 0.0 0.0
0.456022 0.0 0.0 0.0 0.0 0.0 0.0 0.0 0.0 0.0 0.0 0.0 0.0 0.0 0.0 0.0 0.0 1.19209e-07 0.0 0.0 0.0 1.49012e-06 0.0 0.0 0.0 0.0 0.0 0.852192 0.0 0.734607 0.0 0.723386 0.0 0.0 0.0 0.00943208 0.0 0.0 0.0 0.00989401 0.0 0.142401 0.0 0.0 0.00323534 0.0 0.0 0.0 0.0 0.0 0.0 0.0 0.00390521 0.0 0.974021 0.0 0.962898 0.000301957 0.0 0.0 0.0 0.0 5.06639e-07 0.0
0.0 0.0 0.0 3.23653e-05 0.0 0.0 0.0 0.0 0.0 0.0 0.0 0.0 0.0 8.9407e-08 0.0 0.0 0.0 0.0 0.0 0.0 0.0 0.0 0.0 0.0 0.0 0.0 0.0 0.0 0.0 0.0 0.0 0.0 0.0 0.0 0.0 0.0 0.0 0.0 0.0 0.0 0.0 0.0 0.0 0.999985 0.0 0.0 0.0 0.0 0.0 0.0 0.0 0.0 0.0 0.0 0.0 0.0 0.0 0.0 0.0 0.0 0.0 0.0 0.0 0.0
0.0 0.0 0.0 8.64267e-07 0.0798311 0.000198901 2.5034e-06 2.14577e-06 0.0 0.0 0.0 0.0 0.0 0.0 0.0 5.96046e-08 0.0 0.0 0.0 2.74181e-06 0.0 0.0 0.0 4.96805e-05 0.0 0.0 0.0 0.0 0.0 0.0 0.0 0.0 0.0 9.26852e-06 0.000226468 0.0 0.0 0.0 0.0 0.0 8.9407e-08 0.0 0.0 0.0 0.0 0.0 0.992304 5.66244e-07 0.0 0.0 0.0 0.0 0.0 1.78814e-07 0.0 0.0 0.0 0.0 0.000714242 0.0 0.0 0.0 0.0 0.0
0.0 0.0 0.0 0.0 0.0147502 0.0770969 0.000159025 1.87755e-06 0.0 0.0 0.0 0.0 0.0 0.0 0.0 0.0 4.76837e-07 0.0 0.0 0.000118792 0.0 0.0 0.0 9.95398e-06 0.0 0.0 0.0 0.0 0.0 0.0 0.0 0.0 0.0 0.0 0.0 0.0 0.0 0.0 0.0 0.0 0.0 0.0 0.0 0.0 0.0 0.0 1.01328e-06 0.0121475 0.0 8.9407e-08 0.0 0.0 0.0 0.0 0.0 0.999845 0.0 0.0 1.27554e-05 0.0 0.0 0.0 0.0 0.0
0.0 0.0 0.0 0.0 0.0 0.0 0.0 0.0 0.0 0.0 0.99159 0.0 0.0 3.11434e-05 0.0 0.000283957 0.0 0.0 0.0 0.0 0.0 0.0 0.0 0.0 0.0 3.57628e-07 0.0 0.0 0.0 0.0 0.0 0.0 0.0 0.0 0.0 0.0 0.0 0.0 0.0 0.0 0.0 0.0 0.0 0.0 0.0 0.0 0.0 0.0 0.210674 0.0 0.0 0.0 0.0 0.0 0.0 0.0 0.0 0.0 0.0 1.40369e-05 0.0 0.0 0.0 0.0
0.0 0.0 0.000257224 0.0 0.0 0.0 1.15037e-05 0.0 0.0 0.994095 0.0 0.0 0.0 0.0 0.0 0.0 0.0 0.0 0.0 0.0 0.0 0.0 0.0 4.73559e-05 2.80142e-06 0.0 0.0 0.0 0.0 0.0 0.0 0.0 0.0 0.0 0.0 0.0 0.0 0.0 0.0 0.0 0.0 0.0 0.0 0.0 0.0 0.0 0.0 0.0 0.0 0.866085 0.0 0.0 0.0 0.0 0.0 0.0 0.0 0.0 8.46386e-06 0.0 0.0 0.0 0.0 0.27145
0.0 0.0 0.0 0.0 0.0 0.0 0.0 0.0 0.0 0.0 0.0 0.0 0.0 0.0 0.0 0.0 0.0 0.0 0.99997 0.0 2.08616e-07 0.0 0.0 0.0 0.0 0.0 0.0 0.0 0.0 0.0 0.0 0.0 0.0 0.0 0.0 0.0 2.65241e-06 0.0 0.0 0.0 0.0 0.0 0.0 0.0 0.0 0.0 0.0 0.0 0.0 0.0 0.0 0.0 0.0 0.0 0.0 0.0 0.0 0.0 0.0 0.0 0.00462556 0.0 0.978412 0.0
2.68221e-07 0.0 0.0 0.0 0.0 0.0 0.0 0.0 0.0 0.0 0.0 0.0 0.0 0.0 0.000392467 0.0 0.0 0.0 0.0 0.0 0.0 0.0 0.0 0.0 0.0 0.0 0.0 0.0 0.0 0.0 0.0 2.08616e-07 0.0 0.0 0.0 0.0 0.0 0.0 0.0 0.0 0.0 1.07288e-06 0.0 0.0 0.0 0.0 0.0 0.0 0.0 0.0 0.999962 0.0 5.96046e-08 0.0 0.0 0.0 0.0 0.0 0.0 0.0 0.0 0.0 0.0 0.0
0.778948 0.0 0.0 0.0 0.0 0.0 0.0 0.0 0.00315937 0.0 0.0 2.78652e-05 4.47035e-07 0.0 0.0 0.0 0.0 0.999552 0.0 0.0 0.0 0.0 0.0 0.0 0.0 0.0 0.0 0.00156447 0.0 0.999868 0.034427 0.954603 0.0 0.0 0.0 0.999995 0.0 0.981199 0.0 0.999954 0.0 0.991961 0.0 0.0 0.999586 0.0 0.0 0.0 0.0 0.0 0.0 0.988257 2.98023e-08 0.0 0.999981 0.0 0.999979 6.07967e-06 0.0 0.0 0.0 0.0 0.0 0.0
0.0 0.0 0.0 0.844256 0.0 0.0 0.0 0.0 0.0 0.0 0.0 0.0 0.0 0.0 0.0 0.0 0.0 0.0 0.0 0.0 0.0 0.0 0.0 0.0 0.0 0.0 0.0 0.0 0.0 0.0 0.0 0.0 0.0 0.0 0.0 0.0 0.0 0.0 0.0 0.0 0.0 0.0 0.0 0.0 0.0 0.0 0.0 0.0 0.0 0.0 0.0 0.0 0.0 0.0 0.0 0.0 0.0 0.0 0.0 0.0 0.0 0.0 0.0 0.0
2.5332e-06 0.0 0.0 0.0 0.0 0.0 0.0 0.0 0.0 0.0 0.0 0.0 0.0 0.0 0.0 0.0 0.0 0.0 0.0 0.0 0.0 5.66244e-07 0.0 0.0 0.0 0.0 0.0 0.994416 0.0 1.37091e-05 0.0 8.82745e-05 0.0 0.0 0.0 0.0 0.0 0.0 0.0 1.78814e-07 0.0 0.000161827 0.0 0.0 1.78814e-07 0.0 0.0 0.0 0.0 0.0 0.0 0.0 0.000259101 0.0 8.51154e-05 0.0 1.08182e-05 0.0 0.0 0.0 0.0 0.0 8.9407e-08 0.0
0.0 0.0 0.0 0.0 0.0 0.0 0.0 0.0 0.998583 0.0 0.0 1.54972e-06 0.997722 0.0 0.0 0.0 0.0 0.0997368 0.0 0.0 0.0 0.0 0.0 0.0 0.0 0.0 0.0 0.0 0.0 0.0 0.999599 0.0 0.999705 0.0 0.0 0.0 0.0 0.480945 0.356189 0.0 0.0 0.0 0.999997 0.0 3.45707e-06 0.0 0.0 0.0 0.0 0.0 0.0 0.0008623 0.0 0.0 0.0 0.0 0.0 0.0 0.0 0.0 0.0 0.0 0.0 0.0
0.0 0.0 0.0 0.0 0.0 0.0 0.0 0.0 0.0 0.0 0.0 0.0 0.0 0.0 0.0 1.20699e-05 0.0 0.0 0.0 0.0 0.0 0.0 0.0 0.0 0.0 0.995986 0.0 0.0 0.0 0.0 0.0 0.0 0.0 0.0 0.0 0.0 0.0 0.0 0.0 0.0 0.0 0.0 0.0 1.62721e-05 0.0 0.0 5.96046e-08 0.0 0.0 0.0 0.0 0.0 0.0 0.0 0.0 0.0 0.0 0.0 0.0 0.0 0.0 0.0 0.0 0.0
0.0 0.0 4.42266e-05 0.0 2.08616e-07 9.4533e-05 0.0136796 0.0101947 0.0 4.76837e-07 0.0 0.0 0.0 0.0 0.0 0.0 0.0 0.0 0.0 2.262e-05 0.0 0.0 0.0 0.581904 0.0235986 0.0 0.0 0.0 0.0 0.0 0.0 0.0 0.0 0.0 0.0 0.0 0.0 0.0 0.0 0.0 8.80957e-05 0.0 0.0 0.0 0.0 0.0 6.27041e-05 0.0 0.0 7.59959e-06 0.0 0.0 0.0 0.0 0.0 1.13249e-06 0.0 0.0 0.873452 0.0 0.0 0.0 0.0 6.79493e-06
0.779682 0.0 0.0 0.0 0.0 0.0 0.0 0.0 0.0 0.0 0.0 4.51803e-05 0.0 0.0 0.0 0.0 0.0 0.0233175 0.0 0.0 0.0 0.0 0.0 0.0 0.0 0.0 0.0 8.01384e-05 0.0 0.991754 1.66893e-06 0.937922 0.0 0.0 0.0 0.9999 0.0 0.0293174 0.0 0.988 0.0 0.999641 0.0 0.0 0.175491 0.0 0.0 0.0 0.0 0.0 0.0 0.061322 2.98023e-08 0.0 0.999301 0.0 0.99985 1.78814e-07 0.0 0.0 0.0 0.0 0.0 0.0
0.0 0.0 0.000123709 0.0 0.0 0.0 0.0 0.0 0.0 0.00479063 0.0 0.0 0.0 0.0 0.0 0.0 0.0 0.0 0.0 0.0 0.0 0.0 0.0 0.0 5.96046e-08 0.0 0.0 0.0 0.0 0.0 0.0 0.0 0.0 0.0 0.0 0.0 0.0 0.0 0.0 0.0 0.0 0.0 0.0 0.0 0.0 0.0 0.0 0.0 0.0 0.000278801 0.0 0.0 0.0 0.0 0.0 0.0 0.0 0.0 0.0 0.0 0.0 0.0 0.0 0.993874
0.0 0.0 0.0 0.0 0.122364 0.0861865 0.0375718 1.19209e-07 0.0 0.0 0.0 0.0 0.0 0.0 0.0 0.0 4.50015e-06 0.0 0.0 0.0109909 0.0 0.0 0.0 5.45979e-05 0.0 0.0 0.0 0.0 0.0 0.0 0.0 0.0 0.0 0.0 0.0 0.0 0.0 0.0 0.0 0.0 0.0 0.0 0.0 0.0 0.0 0.0 1.16229e-06 0.998217 0.0 0.0 0.0 0.0 0.0 0.0 0.0 2.68221e-07 0.0 0.0 0.00515744 0.0 0.0 0.0 0.0 0.0
0.0 0.0 0.0 0.0 0.0 0.0 0.0 0.0 0.999685 0.0 0.0 0.000622749 0.996648 0.0 0.0 0.0 0.0 0.0597742 0.0 0.0 0.0 0.0 0.0 0.0 0.0 0.0 0.0 0.0 0.0 0.0 0.975497 0.0 0.996725 0.0 0.0 0.0 0.0 0.158173 0.935496 0.0 0.0 0.0 0.999966 0.0 5.0962e-06 0.0 0.0 0.0 0.0 0.0 0.0 0.000129193 0.0 0.0 0.0 0.0 0.0 0.0 0.0 0.0 0.0 0.0 0.0 0.0
0.0 0.0 0.0 0.0 0.0 0.0 0.0 0.0 0.0 0.0 0.0 0.0 0.0 0.0 0.0 0.0 0.0 0.0 5.85914e-05 0.0 0.000791073 0.0 0.0 0.0 0.0 0.0 0.0 0.0 0.0 0.0 0.0 0.0 0.0 0.0 0.0 0.0 0.999974 0.0 0.0 0.0 0.0 0.0 0.0 0.0 0.0 0.0 0.0 0.0 0.0 0.0 0.0 0.0 0.0 0.0 0.0 0.0 0.0 0.0 0.0 0.0 0.0 0.975279 0.939781 0.0
0.0 0.0 0.0 0.0 1.12057e-05 0.00849655 1.87755e-05 0.997076 0.0 0.0 0.0 0.0 0.0 0.0 0.0 0.0 0.0 0.0 0.0 0.0 0.0 0.0 0.0 0.000135124 0.0146348 0.0 0.0 0.0 0.0 0.0 0.0 0.0 0.0 1.04308e-06 2.98023e-08 0.0 0.0 0.0 0.0 0.0 0.0117252 0.0 0.0 0.0 0.0 0.0 0.0191943 5.96046e-08 0.0 0.0 0.0 0.0 0.0 0.0 0.0 5.96046e-08 0.0 0.0 0.19362 0.0 0.0 0.0 0.0 0.0
0.0 0.0 0.0 0.0 4.17233e-07 0.000811398 2.72393e-05 0.0 0.0 0.0 0.0 0.0 0.0 0.0 0.0 0.0 7.7486e-07 0.0 0.0 0.999663 0.0 0.0 0.0 0.00047645 0.0 0.0 0.0 0.0 0.0 0.0 0.0 0.0 0.0 0.0 0.0 0.0 0.0 0.0 0.0 0.0 0.0 0.0 0.0 0.0 0.0 0.0 5.93066e-06 1.7643e-05 0.0 0.0 0.0 0.0 0.0 0.0 0.0 0.0 0.0 0.0 6.22869e-06 0.0 0.0 0.0 0.0 0.0
0.0 0.0 0.0 0.0 0.0 0.0 0.0 0.0 0.999998 0.0 0.0 0.997454 1.0 0.0 0.0 0.0 0.0 0.999712 0.0 0.0 0.0 0.0 0.0 0.0 0.0 0.0 0.0 0.0 0.0 2.38419e-07 1.0 0.0 0.999997 0.0 0.0 0.000769824 0.0 1.0 0.671855 0.0128072 0.0 8.16286e-05 0.999971 0.0 0.991926 0.0 0.0 0.0 0.0 0.0 0.0 0.999885 0.0 0.0 0.0 0.0 0.0 0.0 0.0 0.0 0.0 0.0 0.0 0.0
0.000546187 0.0 0.0 0.0 0.0 0.0 0.0 0.0 0.0 0.0 0.0 0.0 0.0 0.0 0.0 0.0 0.0 0.0 0.0 0.0 0.0 2.08616e-07 0.0 0.0 0.0 0.0 0.0 0.0 0.0 7.7486e-07 0.0 1.99676e-05 0.0 0.0 0.0 0.0 0.0 0.0 0.0 0.0 0.0 5.60284e-06 0.0 0.0 0.0 0.0 0.0 0.0 0.0 0.0 0.0 0.0 1.19209e-07 0.0 3.8743e-07 0.0 1.78814e-07 0.999724 0.0 0.0 0.0 0.0 0.0 0.0
0.16946 0.0 0.0 0.0 0.0 0.0 0.0 0.0 0.999871 0.0 0.0 0.999659 0.99998 0.0 0.0 0.0 0.0 1.0 0.0 0.0 0.0 0.0 0.0 0.0 0.0 0.0 0.0 4.76837e-07 0.0 0.995398 1.0 0.474819 0.999218 0.0 0.0 0.999997 0.0 1.0 0.00394398 0.999999 0.0 1.0 0.568635 0.0 1.0 0.0 0.0 0.0 0.0 0.0 0.0 1.0 0.0 0.0 0.997998 0.0 0.991022 0.0 0.0 0.0 0.0 0.0 0.0 0.0
0.0 0.0 0.0 0.000135303 0.0 0.0 0.0 0.0 0.0 0.0 0.0 0.0 0.0 0.00275359 0.0 1.21593e-05 0.0 0.0 0.0 0.0 0.0 0.0 0.0 0.0 0.0 0.0 0.0 0.0 0.0 0.0 0.0 0.0 0.0 4.82798e-06 0.0 0.0 0.0 0.0 0.0 0.0 0.0 0.0 0.0 1.35005e-05 0.0 0.0 0.0 0.0 0.0 0.0 0.0 0.0 0.0 0.996858 0.0 0.0 0.0 0.0 0.0 0.0 0.0 0.0 0.0 0.0
0.0 0.0 0.0 0.0 0.0 0.0 0.0 0.0 0.0 0.0 0.0 0.0 0.0 0.0 0.0 0.0 0.0 0.0 0.0 0.0 0.0 0.0 0.0 0.0 0.0 0.0 0.0 0.0 0.0 0.0 0.0 0.0 0.0 0.0 0.0 0.0 0.0 0.0 0.0 0.0 0.0 0.0 0.0 0.0 0.0 0.997848 0.0 0.0 0.0 0.0 0.0 0.0 0.0 0.0 0.0 0.0 0.0 0.0 0.0 0.0 0.0 0.0 0.0 0.0
0.0 0.0 4.81904e-05 0.0 0.0 0.0 2.98023e-08 0.041496 0.0 0.0 0.0 0.0 0.0 0.0 0.0 0.0 0.0 0.0 0.0 0.0 0.0 0.0 0.0 5.96046e-08 0.148021 0.0 0.0 0.0 0.0 0.0 0.0 0.0 0.0 2.98023e-07 0.0 0.0 0.0 0.0 0.0 0.0 0.998926 0.0 0.0 0.0 0.0 0.0 1.16229e-06 0.0 0.0 0.0 0.0 0.0 0.0 0.0 0.0 0.0 0.0 0.0 3.17395e-05 0.0 0.0 0.0 0.0 0.0
0.0 0.0 0.0 0.0 0.0 0.0 0.0 0.0 0.0 0.0 0.0 0.0 0.0 0.999949 0.0 0.0 0.0 0.0 0.0 0.0 0.0 0.0 0.0 0.0 0.0 0.0 0.0 0.0 0.0 0.0 0.0 0.0 0.0 0.0 0.0 0.0 0.0 0.0 0.0 0.0 0.0 0.0 0.0 1.49012e-07 0.0 0.0 0.0 0.0 0.0 0.0 0.0 0.0 0.0 3.57628e-07 0.0 0.0 0.0 0.0 0.0 9.53674e-07 0.0 0.0 0.0 0.0
0.0 0.0 0.0 0.0 8.64267e-07 1.49012e-07 5.96046e-08 0.0 0.0 0.0 0.0 0.0 0.0 0.0 0.0 0.0 0.999954 0.0 0.0 0.000485808 0.0 0.0 0.0 0.0 0.0 0.0 0.0 0.0 0.0 0.0 0.0 0.0 0.0 0.0 0.0 0.0 0.0 0.0 0.0 0.0 0.0 0.0 0.0 0.0 0.0 0.0 0.0 7.46846e-05 0.0 0.0 0.0 0.0 0.0 0.0 0.0 0.0 0.0 0.0 0.0 0.0 0.0 0.0 0.0 0.0
7.27177e-06 0.0 0.0 0.0 0.0 0.0 0.0 0.0 0.00660774 0.0 0.0 0.973014 0.199508 0.0 0.0 0.0 0.0 0.0066902 0.0 0.0 0.0 0.0 0.0 0.0 0.0 0.0 0.0 0.0 0.0 0.000125051 0.609995 5.00977e-05 0.000115693 0.0 0.0 0.0139023 0.0 0.999478 1.75834e-06 0.426732 0.0 0.978092 0.000420541 0.0 0.038393 0.0 0.0 0.0 0.0 0.0 0.0 0.845198 0.0 0.0 0.000229299 0.0 5.45382e-06 0.0 0.0 0.0 0.0 0.0 0.0 0.0
0.0 0.0 0.0 0.0 0.000683486 0.99135 0.00928149 4.69983e-05 0.0 8.9407e-08 0.0 0.0 0.0 0.0 0.0 0.0 0.0 0.0 0.0 3.84152e-05 0.0 0.0 0.0 0.000108629 0.000263631 0.0 0.0 0.0 0.0 0.0 0.0 0.0 0.0 0.0 0.0 0.0 0.0 0.0 0.0 0.0 1.19209e-07 0.0 0.0 0.0 0.0 0.0 0.000194013 0.00143421 0.0 9.11951e-05 0.0 0.0 0.0 0.0 0.0 4.73857e-06 0.0 0.0 0.0517649 0.0 0.0 0.0 0.0 0.0
1.49012e-07 0.0 0.0 0.0 0.0 0.0 0.0 0.0 0.0 0.0 0.0 0.0 0.0 0.0 0.0 0.0 0.0 0.0 0.0 0.0 0.0 0.98945 0.0 0.0 0.0 0.0 0.0 0.0011476 0.0 0.0 0.0 0.0 0.0 0.0 0.0 0.0 0.0 0.0 0.0 0.0 0.0 2.08616e-07 0.0 0.0 0.0 0.0 0.0 0.0 0.0 0.0 0.0 0.0 0.774808 0.0 0.0 0.0 0.0 0.0 0.0 0.0 0.0 0.0 0.0 0.0
0.0 1.0 0.0 0.0 0.0 0.0 0.0 0.0 0.0 0.0 0.0 0.0 0.0 0.0 0.0 0.0 0.0 0.0 0.0 0.0 0.0 0.0 0.0 0.0 0.0 0.0 0.0 0.0 0.0 0.0 0.0 0.0 0.0 0.0 0.0 0.0 0.0 0.0 0.0 0.0 0.0 0.0 0.0 0.0 0.0 0.0 0.0 0.0 0.0 0.0 0.0 0.0 0.0 0.0 0.0 0.0 0.0 0.0 0.0 0.0 0.0 0.0 0.0 0.0
0.452303 0.0 0.0 0.0 0.0 0.0 0.0 0.0 0.0 0.0 0.0 0.0 0.0 0.0 0.0 0.0 0.0 2.08616e-07 0.0 0.0 0.0 1.19209e-07 0.0 0.0 0.0 0.0 0.0 0.0247045 0.0 0.232965 0.0 0.999613 0.0 0.0 0.0 0.00122634 0.0 0.0 0.0 0.00262204 0.0 0.998792 0.0 0.0 2.47657e-05 0.0 0.0 0.0 0.0 0.0 2.98023e-08 2.98023e-08 0.00036037 0.0 0.840045 0.0 0.0267237 1.87755e-06 0.0 0.0 0.0 0.0 0.0 0.0
0.0 0.0 0.0 0.0 0.0 0.0 0.0 0.0 0.0 0.0 2.14577e-06 0.0 0.0 0.0223107 0.0 0.0 0.0 0.0 0.0 0.0 0.0 0.0 0.0 0.0 0.0 0.0 0.0 0.0 0.0 0.0 0.0 0.0 0.0 0.0 0.0 0.0 0.0 0.0 0.0 0.0 0.0 0.0 0.0 0.0 0.0 0.0 0.0 0.0 4.94719e-06 0.0 0.0 0.0 0.0 0.0 0.0 0.0 0.0 0.0 0.0 0.765113 0.0 0.0 0.0 0.0
0.0 0.0 0.0 0.0 0.0 0.0 0.0 0.0 0.0 0.0 0.0 0.0 0.0 0.0 0.0 0.0 0.0 0.0 0.0 0.0 0.0 0.0 0.0 0.0 0.0 0.0 0.999987 0.0 0.0 0.0 0.0 0.0 0.0 0.0 0.0 0.0 0.0 0.0 0.0 0.0 0.0 0.0 0.0 0.0 0.0 0.0 0.0 0.0 0.0 0.0 0.0 0.0 0.0 0.0 0.0 0.0 0.0 0.0 0.0 0.0 0.0 0.0 0.0 0.0
7.7188e-06 0.0 0.0 0.0 0.0 0.0 0.0 0.0 1.0 0.0 0.0 0.964688 0.999334 0.0 0.0 0.0 0.0 0.999995 0.0 0.0 0.0 0.0 0.0 0.0 0.0 0.0 0.0 0.0 0.0 0.838992 0.999996 0.00015375 0.902858 0.0 0.0 0.99936 0.0 1.0 0.0022364 0.9998 0.0 0.00950116 0.999296 0.0 1.0 0.0 0.0 0.0 0.0 0.0 0.0 0.999992 0.0 0.0 0.763518 0.0 0.396324 0.0 0.0 0.0 0.0 0.0 0.0 0.0
0.0 0.0 0.0 0.0 0.000349492 0.00058791 0.999506 0.0 0.0 0.0 0.0 0.0 0.0 0.0 0.0 0.0 0.0 0.0 0.0 2.68221e-07 0.0 0.0 0.0 0.000129968 5.54323e-06 0.0 0.0 0.0 0.0 0.0 0.0 0.0 0.0 0.0 0.0 0.0 0.0 0.0 0.0 0.0 0.0 0.0 0.0 0.0 0.0 0.0 0.0 0.0177202 0.0 6.55651e-07 0.0 0.0 0.0 0.0 0.0 0.0 0.0 0.0 0.190828 0.0 0.0 0.0 0.0 0.0
0.0939021 0.0 0.0 0.0 0.0 0.0 0.0 0.0 2.68221e-07 0.0 0.0 1.75834e-06 0.0 0.0 0.0 0.0 0.0 0.00382236 0.0 0.0 0.0 0.0 0.0 0.0 0.0 0.0 0.0 0.000357479 0.0 0.907901 4.76837e-07 0.755342 0.0 0.0 0.0 0.889193 0.0 0.000165969 0.0 0.952478 0.0 0.8311 0.0 0.0 0.979603 0.0 0.0 0.0 0.0 0.0 0.0 0.000553221 2.08616e-07 0.0 0.98889 0.0 0.811455 2.29478e-06 0.0 0.0 0.0 0.0 0.0 0.0
0.0 0.0 0.0 0.0 0.0 0.0 0.0 0.0 0.0 0.0 0.0 0.0 0.0 0.0 0.0 0.0 0.0 0.0 0.000256598 0.0 0.999823 5.96046e-08 0.0 0.0 0.0 0.0 0.0 0.0 0.0 0.0 0.0 0.0 0.0 0.0 0.0 0.0 2.08616e-07 0.0 0.0 0.0 0.0 0.0 0.0 0.0 0.0 0.0 0.0 0.0 0.0 0.0 0.0 0.0 0.0 0.0 0.0 0.0 0.0 0.0 0.0 0.0 0.0 2.68221e-07 0.0452768 0.0
0.951741 0.0 0.0 0.0 0.0 0.0 0.0 0.0 0.0 0.0 0.0 0.0 0.0 0.0 0.0 0.0 0.0 0.0 0.0 0.0 0.0 2.55108e-05 0.0 0.0 0.0 0.0 0.0 0.16298 0.0 0.000588387 0.0 0.987699 0.0 0.0 0.0 6.22869e-06 0.0 0.0 0.0 4.47035e-07 0.0 0.972727 0.0 0.0 5.96046e-08 0.0 0.0 0.0 0.0 0.0 5.03659e-06 0.0 0.0557029 0.0 0.0399679 0.0 0.00209117 1.81794e-06 0.0 0.0 0.0 0.0 0.0 0.0
0.999901 0.0 0.0 0.0 0.0 0.0 0.0 0.0 0.0491507 0.0 0.0 0.99341 8.96454e-05 0.0 0.0 0.0 0.0 0.999989 0.0 0.0 0.0 5.06639e-07 0.0 0.0 0.0 0.0 0.0 0.943177 0.0 0.999999 0.969458 1.0 5.33462e-06 0.0 0.0 0.999991 0.0 0.999817 0.0 0.999999 0.0 1.0 5.96046e-08 0.0 0.999998 0.0 0.0 0.0 0.0 0.0 5.81145e-06 0.999495 0.00364989 0.0 1.0 0.0 0.999992 0.0368826 0.0 0.0 0.0 0.0 3.65973e-05 0.0
0.0 0.0 0.995327 0.0 0.0 0.0 0.0 1.78814e-07 0.0 5.26905e-05 0.0 0.0 0.0 0.0 0.0 0.0 0.0 0.0 0.0 0.0 0.0 0.0 0.0 5.90086e-06 0.0143262 0.0 0.0 0.0 0.0 0.0 0.0 0.0 0.0 0.0 0.0 0.0 0.0 0.0 0.0 0.0 4.69387e-05 0.0 0.0 0.0 0.0 0.0 0.0 0.0 0.0 4.78625e-05 0.0 0.0 0.0 0.0 0.0 0.0 0.0 0.0 8.9407e-08 0.0 0.0 0.0 0.0 0.00369525
0.954944 4.46141e-05 0.0 0.0 0.0 0.0 0.0 0.0 0.0 0.0 0.0 0.0 0.0 0.0 0.0 0.0 0.0 0.999999 0.0 0.0 0.0 0.538797 0.0 0.0 0.0 0.0 0.0 0.0 0.0 0.0 0.0 0.0415822 0.0 0.0 0.0 0.390409 0.0 0.0 0.0 0.00127912 0.0 0.0 0.0 1.49012e-07 0.993363 0.0 0.0 0.0 0.0 0.0 0.0 0.0 0.999965 0.0 0.212858 0.0 0.0 0.000268281 0.0 0.0 0.0 0.999968 0.0 0.0
0.998371 0.0 0.0 0.99998 0.0 0.0 0.0 0.0 1.0 0.0 0.0 0.00352064 0.999412 1.17719e-05 1.0 0.0 0.0 0.979124 0.0 0.0 0.0 0.0 0.0 0.0 0.0 0.0 0.0 0.0 1.0 0.999988 0.601454 0.613613 0.0575917 0.0 0.0 0.999957 0.0 0.0 1.78814e-07 1.88053e-05 0.0 0.0 0.0123691 1.0 1.0 0.0 0.0 0.0 0.0 0.0 0.999835 0.0 0.0 0.0 0.896403 0.0 0.0 0.992632 0.0 0.0 0.0 0.000423223 0.0 0.0
0.0 0.0 0.0 0.0 0.0 0.0 0.0 0.0 0.0 0.929896 0.0 0.0 0.0 0.0 0.0 0.0 0.0 0.0 1.19209e-07 0.0 0.0 0.0 0.0 0.0 0.0 0.0 0.922887 0.0 0.0 0.0 0.0 0.0 0.0 0.0 0.0 0.0 0.0101854 0.0 0.0 0.0 0.0 0.0 0.0 0.0 0.0 0.0 0.0 2.98023e-06 0.0 0.0 0.0 0.0 0.0 0.0 0.0 0.0 0.0 0.0 0.0 0.0 0.0 0.0 0.0 0.000820249
0.0 0.0 0.0 0.0 0.0 0.0 0.0431412 1.04308e-06 0.0 0.0 0.0 0.0 0.0 0.0 0.0 0.000142723 0.0 0.0 0.0 0.988912 2.98023e-08 0.0 0.0 0.0 0.0 2.95043e-06 0.0 0.0 0.0 0.0 0.0 0.0 0.0 0.0 0.0 0.0 0.0 0.0 0.0 0.0 1.71959e-05 0.0 0.0 0.0 0.0 0.0 0.0 0.0 0.0 0.0 0.0 0.0 0.0 0.0 0.0 7.59363e-05 0.0 0.0 0.0 0.0 0.0 0.0 0.0 0.0
0.0 0.0 0.0 0.0 0.0 0.0 0.0 0.0 0.0 0.0 0.0 0.0 0.0 0.0 0.0 1.19209e-07 0.0 0.0 0.0 0.0 0.0 0.0 0.0 0.0 0.0 0.0 0.0 0.0 0.0 0.0 0.0 0.0 0.0 0.999878 0.0 0.0 0.0 0.0 0.0 0.0 0.0 0.0 0.0 0.0 0.0 0.000104994 0.0 0.0 0.0 0.0 0.0 0.0 0.0 2.83122e-06 0.0 0.0 0.0 0.0 0.0 0.0 0.0 0.0 0.0 0.0
0.0 0.0 1.78814e-07 0.0 0.0 1.16229e-06 0.0 0.0 0.0 1.51992e-06 0.0 0.0 0.0 0.0 0.0 0.0 0.0 0.0 5.23329e-05 0.0 0.0 0.0 0.0 0.0187774 0.0 0.0 3.12924e-06 0.0 0.0 0.0 0.0 0.0 0.0 0.0 0.0 0.0 2.86698e-05 0.0 0.0 0.0 0.0 0.0 0.0 0.0 0.0 0.0 0.0 0.998842 0.0 0.0 0.0 0.0 0.0 0.0 0.0 0.0 0.0 0.0 0.10026 0.0 0.0 0.0 0.0 0.00795847
0.0 0.0 0.0 0.0 0.0 0.0 8.9407e-08 0.999987 0.0 0.0 0.0 0.0 0.0 0.0 0.0 7.7486e-07 0.0 0.0 0.0 0.000100881 0.0 0.0 0.0 0.0 0.0 0.0 0.0 0.0 0.0 0.0 0.0 0.0 0.0 0.0 8.9407e-08 0.0 0.0 0.0 0.0 0.0 0.0 0.0 0.0 0.0 0.0 0.0 0.0 0.0 0.0 0.0 0.0 0.0 0.0 0.0 0.0 0.0 0.0 0.0 0.0 0.0 0.0 0.0 0.0 0.0
0.0 0.0 0.999228 0.0 0.0 0.0 0.0 0.0 0.0 0.0 0.0 0.0 0.0 0.0 0.0 0.0 0.0 0.0 4.96507e-05 0.0 0.0 0.0 0.0 3.36766e-06 0.0 6.85453e-07 0.0 0.0 0.0 0.0 0.0 0.0 0.0 0.0 0.0 0.0 0.0 0.0 0.0 0.0 0.0 0.0 0.0 0.0 0.0 0.0 0.0 3.57628e-07 0.0 0.0 0.0 0.0 0.0 0.0 0.0 0.0 0.0 0.0 8.46386e-06 0.0 0.0 0.0 0.0 0.0
0.110638 0.0 0.0 1.0 0.0 0.0 0.0 0.0 0.999995 0.0 0.0 0.00101385 0.999972 0.0 1.0 0.0 0.0 0.30347 0.0 0.0 0.0 0.0 0.0 0.0 0.0 0.0 0.0 0.0 0.999814 0.999922 0.144843 2.79844e-05 0.124057 0.0 0.0 0.986676 0.0 0.0 2.68221e-07 5.126e-06 0.0 0.0 0.160888 0.999988 0.99428 0.0 0.0 0.0 0.0 0.0 0.952847 0.0 0.0 0.0 0.134006 0.0 0.0 0.6929 0.0 0.0 0.0 6.25849e-07 0.0 0.0
0.0 0.0 0.000124991 0.0 0.0 0.000395387 0.0 0.0 0.0 0.0 0.0 0.0 0.0 0.0 0.0 0.0 0.0 0.0 0.997271 0.0 0.0 0.0 0.0 0.09369 1.11759e-05 0.0 0.0 0.0 0.0 0.0 0.0 0.0 0.0 0.0 0.0 0.0 8.9407e-08 0.0 0.0 0.0 0.0 0.0 0.0 0.0 0.0 0.0 0.0 0.00104192 0.0 0.0 0.0 0.0 0.0 0.0 0.0 0.0 0.0 0.0 0.000160277 0.0 0.0 0.0 0.0 8.46386e-06
0.0 2.98023e-08 0.0 0.0 0.0 0.0 0.0 0.0 0.0 0.0 0.0 0.0 0.0 0.0 0.0 0.0 0.0 8.9407e-08 0.0 0.0 0.0 2.98023e-08 0.0 0.0 0.0 0.0 0.0 0.0 0.0 0.0 0.0 0.0 0.0 0.0 0.0 0.0 0.0 0.0 0.0 0.0 0.0 0.0 0.0 0.0 0.00592008 0.0 0.0 0.0 0.0 0.0 0.0 0.0 1.48416e-05 0.0 0.0 0.0 0.0 0.0 0.0 0.999999 0.0 0.0 0.999617 0.0
0.0 0.0 0.0 0.0 0.0 0.0 0.0 0.0 0.0 0.0 0.0 0.0 0.0 0.999428 0.0 0.0 0.0 0.0607014 0.0 0.0 0.0 1.2219e-06 0.0 0.0 0.0 0.0 0.0 0.0 0.0 0.0 0.0 0.0 0.0 0.0 0.0 2.68221e-07 0.0 0.0 0.0 0.0 0.0 0.0 0.0 0.0 1.0 0.0 0.0 0.0 0.0 0.0 0.0 0.0 8.98242e-05 0.0 0.0 0.0 0.0 0.0 0.0 0.0 0.0 8.58307e-06 6.25849e-07 0.0
1.0 0.025819 0.0 0.861714 0.0 0.0 0.0 0.0 2.563e-06 0.0 0.0 0.0 0.791649 0.0 0.99542 0.0 0.0 1.0 0.0 0.0 0.0 0.998904 0.0 0.0 0.0 0.0 0.0 0.0 0.0 0.99458 0.0 0.999993 0.0 0.0 0.0 0.999999 0.0 3.04878e-05 0.0 0.999994 0.0 0.0 0.0 0.32613 0.999892 0.0 0.0 0.0 1.19209e-06 0.0 0.0 0.981498 0.999993 0.0 0.999943 0.0 0.0 0.127123 0.0 0.0 0.0 0.99999 0.0 0.0
0.0 0.0 0.0 0.0 0.0 0.0 0.0 0.0 0.0 0.0 0.0 0.0 0.0 0.0 0.0 0.0 0.0 0.0 0.0 0.0 0.0 1.19209e-07 0.0 0.0 0.0 0.0 0.0 0.0 0.0 0.0 0.0 0.0 0.0 2.68221e-06 0.0 0.0 0.0 0.0 0.0 0.0 0.0 0.0 0.0 0.0 0.0 0.000469178 0.0 0.0 0.0 0.0 0.0 0.0 0.0 0.999775 0.0 0.0 0.0 0.0 0.0 0.0 0.0 0.0 0.0 0.0
0.0 0.978242 0.0 0.0 0.0 0.0 0.0 0.0 0.0 0.0 0.0 0.0 0.0 0.0 0.0 0.0 0.0 0.000428408 0.0 0.0 0.0 0.000484943 0.0 0.0 0.0 0.0 0.0 0.0 0.0 0.0 0.0 0.0 0.0 0.0 0.0 0.0 0.0 0.0 0.0 0.0 0.0 0.0 0.0 0.0 0.60889 0.0 0.0 0.0 0.0 0.0 0.0 0.0 0.973621 0.0 0.0 0.0 0.0 0.0 0.0 2.65241e-06 0.0 0.000224531 0.548012 0.0
0.0 0.0 0.0 0.0 0.0 0.0 0.0 0.0 0.0 0.0 0.0 0.0 0.0 0.0 0.0 0.000896454 0.0 0.0 0.0 0.0 0.332909 0.0 1.93715e-06 0.0 0.0 0.0 0.0 0.0 0.0 0.0 0.0 0.0 0.0 0.0 0.0 0.0 0.0 0.0 0.0 0.0 0.0 0.0 0.0 0.0 0.0 3.8743e-07 0.946119 0.0 0.0 0.0 0.0 0.0 0.0 0.0 0.0 0.0 0.0 0.0 0.0 0.0 0.0 0.0 0.0 0.0
0.0 0.0 0.0 0.0 0.0 0.0 0.0 0.0 0.0 0.0 0.0 0.0 0.0 0.0 0.0 0.503714 0.0 0.0 0.0 0.0 0.999994 0.0 0.00144395 0.0 0.0 0.0 0.0 0.0 0.0 0.0 0.0 0.0 0.0 0.0 0.0 0.0 0.0 0.0 0.0 0.0 0.0 0.0 0.0 0.0 0.0 4.17233e-07 0.192246 0.0 0.0 0.0 0.0 0.0 0.0 0.0 0.0 1.19209e-07 0.0 0.0 0.0 8.9407e-08 0.0 0.0 5.93066e-06 0.0
0.351514 0.0 0.0 0.0 8.9407e-08 0.0 0.0 0.0 0.0 0.0 0.0 0.0 0.0 0.0 0.0 0.0 0.0 0.640077 0.0 0.0 0.0 8.9407e-07 0.0 0.0 0.0 0.0 0.0 0.0 0.0 0.0 0.0 1.19805e-05 0.0 0.0 0.0 1.41263e-05 0.0 0.585636 0.0 0.873662 0.0 0.0 0.0 0.0 6.25849e-07 0.0 0.0 0.0 0.0 0.0 0.0 0.999808 5.34952e-05 0.0 0.00158796 0.0 0.0 0.0 0.0 0.0 0.0 4.02331e-06 0.0 0.0
1.0 0.0 0.0 0.952433 0.0 0.0 0.0 0.0 0.0815066 0.0 0.0 0.0 0.983177 5.96046e-08 0.999633 0.0 0.0 1.0 0.0 0.0 0.0 0.00438908 0.0 0.0 0.0 0.0 0.0 0.0 5.96046e-08 0.998083 0.0 1.0 0.0 0.0 0.0 1.0 0.0 1.49012e-07 0.0 0.998907 0.0 0.0 0.0 0.999998 0.99999 0.0 0.0 0.0 0.0 0.0 0.0 0.00450921 0.997099 0.0 1.0 0.0 0.0 0.997979 0.0 0.0 0.0 0.999983 0.0 0.0
0.0 0.0 8.64267e-07 0.0 0.0 1.2517e-06 0.0 0.0 0.0 0.0 0.0 0.0 0.0 0.0 0.0 0.0 0.0 0.0 0.00101021 0.0 0.0 0.0 0.0 0.994046 0.0 5.66244e-06 0.0 0.0 0.0 0.0 0.0 0.0 0.0 0.0 2.51234e-05 0.0 0.0 0.0 0.0 0.0 0.0 0.0 0.0 0.0 0.0 0.0 0.0 0.002042 0.0 2.08616e-07 0.0 0.0 0.0 0.0 0.0 0.0 0.0 0.0 0.000618249 0.0 3.54648e-06 0.0 0.0 0.0
8.9407e-08 0.900636 0.0 0.0 0.956667 0.0 0.0 0.0 0.0 0.0 0.00117213 0.0 0.0 0.0 0.0 4.17233e-06 0.0 0.00439149 0.0 0.0 6.70552e-06 0.999691 6.7085e-05 0.0 0.0 0.0 0.0 0.0 0.0 0.0 0.0 0.0 0.0 0.0168159 0.0 0.0 0.0 1.49012e-06 0.0 0.989273 0.0 0.0 0.0 0.0 0.012001 0.00350326 1.19209e-07 0.0 0.999871 0.0 0.0 2.72393e-05 0.999571 0.931227 0.00201708 0.0 0.0 0.0 0.0 0.0 0.0 0.00208125 0.000103831 0.0
0.322666 0.00377652 0.0 0.0 0.0 0.0 0.0 0.0 0.0 0.0 6.73532e-06 0.0 0.0 0.000700325 0.0 0.0 0.0 1.0 0.0 0.0 0.0 0.999992 0.0 0.0 0.0 0.0 0.0 0.0 0.0 0.0 0.0 0.216796 0.0 0.0 0.0 0.962735 0.0 0.0 0.0 6.42836e-05 0.0 0.0 0.0 3.8743e-07 0.999968 0.0 0.0 0.0 0.0 0.0 0.0 0.0 1.0 0.0 0.99924 0.0 0.0 0.00716746 0.0 0.0 0.0 0.996989 0.101796 0.0
0.0 0.0 2.41399e-06 0.0 0.0 0.0 0.00103197 0.0 0.0 0.0 0.0 0.0 0.0 0.0 0.0 0.0 0.0 0.0 0.0 9.5427e-05 0.0 0.0 0.0 2.2918e-05 0.00101709 0.998644 0.0 0.0 0.0 0.0 0.0 0.0 0.0 0.0 0.000970781 0.0 0.0 0.0 0.0 0.0 5.72801e-05 0.0 0.0 0.0 0.0 0.0 0.0 0.0 0.0 0.0 0.0 0.0 0.0 0.0 0.0 0.00989938 0.0 0.0 0.0 0.0 2.98023e-08 0.0 0.0 0.0
0.0 0.0 3.29614e-05 0.0 0.0 2.68221e-07 0.0 0.0 0.0 0.0 0.0 0.0 0.0 0.0 0.0 0.0 0.0 0.0 0.000380486 0.0 0.0 0.0 0.0 0.138356 0.0 0.0 0.0 0.0 0.0 0.0 0.0 0.0 0.0 0.0 0.0 0.0 2.17557e-06 0.0 0.0 0.0 0.0 0.0 0.0 0.0 0.0 0.0 0.0 0.530865 0.0 0.0 0.0 0.0 0.0 0.0 0.0 0.0 0.0 0.0 0.966666 0.0 0.0 0.0 0.0 3.33488e-05
0.0 0.0 0.0 0.0 0.0 0.0 0.0 0.0 0.0 0.0 0.0 0.0 0.0 0.0 0.0 0.0 0.0 0.0 0.0 0.0 0.0 0.0 0.0 5.1856e-06 0.0 0.0 0.0 0.0 0.0 0.0 0.0 0.0 0.0 0.0 0.0 0.0 0.0 0.0 0.0 0.0 0.0 0.0 0.0 0.0 0.0 0.0 0.0 5.96046e-08 0.0 0.995433 0.0 0.0 0.0 0.0 0.0 0.0 0.0 0.0 1.78814e-07 0.0 1.19209e-07 0.0 0.0 0.0
0.0 0.0 0.0 0.0 0.0 0.0 5.21839e-05 0.0 0.0 0.0 0.0 0.0 0.0 0.0 0.0 2.38419e-07 2.00868e-05 0.0 0.0 2.68221e-07 1.19209e-07 0.0 0.0 0.0 0.0 1.84774e-06 0.0 0.0 0.0 0.0 0.0 0.0 0.0 0.0 0.0 0.0 0.0 0.0 0.0 0.0 3.57628e-07 0.0 0.0 0.0 0.0 0.0 0.0 0.0 0.0 0.0 0.0 0.0 0.0 0.0 0.0 0.998679 0.0 0.0 0.0 0.0 0.0 0.0 0.0 0.0
0.0 0.0 0.0 0.0 0.0 0.0 0.0 0.0 0.0 0.0 0.0 0.0 0.0 0.0 0.0 0.0 0.0 0.0 0.0 0.0 0.0 0.0 0.0 0.0 0.0 0.0 0.0 0.99386 0.0 0.0 0.0 0.0 0.0 0.0 0.0 0.0 0.0 0.0 0.0 0.0 0.0 0.173077 0.0 0.0 0.0 0.0 0.0 0.0 0.0 0.0 0.0 0.0 0.0 0.0 0.0 0.0 0.124876 0.0 0.0 0.0 0.0 0.0 0.0 0.0
0.996545 0.0 0.0 2.38419e-07 0.0 0.0 0.0 0.0 0.0 0.0 0.0 0.0 0.00134951 0.0 0.00390223 0.0 0.0 0.985808 0.0 0.0 0.0 0.284244 0.0 0.0 0.0 0.0 0.0 0.0 0.0 0.416178 0.0 0.814549 0.0 0.0 0.0 0.999435 0.0 0.0 0.0 0.912642 0.0 0.0 0.0 0.260073 0.997795 0.0 0.0 0.0 0.0 0.0 0.0 2.08616e-07 0.632318 0.0 0.730858 0.0 0.0 0.000105351 0.0 0.0 0.0 0.992749 0.0 0.0
0.0 0.0 0.0 0.0 0.0 0.0 0.0 0.0 0.0 0.0 0.0 0.0 0.0 0.0 0.0 0.999992 0.0 0.0 0.0 0.0 3.94583e-05 0.0 1.03414e-05 0.0 0.0 0.0 0.0 0.0 0.0 0.0 0.0 0.0 0.0 0.0 0.0 0.0 0.0 0.0 0.0 0.0 0.0 0.0 0.0 0.0 0.0 1.3411e-06 7.39396e-05 0.0 0.0 0.0 0.0 0.0 0.0 0.0 0.0 5.96046e-08 0.0 0.0 0.0 0.0 0.0 0.0 3.18885e-06 0.0
1.0 0.0 0.0 0.957866 0.0 0.0 0.0 0.0 0.119567 0.0 0.0 0.0 1.0 0.0 0.999999 0.0 0.0 0.999984 0.0 0.0 0.0 0.000364691 0.0 0.0 0.0 0.0 0.0 0.0 8.43406e-06 1.0 0.0 1.0 0.0 0.0 0.0 0.999673 0.0 0.00444323 0.0 1.0 0.0 0.0 0.0 1.0 0.0168298 0.0 0.0 0.0 0.0 0.0 5.96046e-08 0.998316 0.0515745 0.0 1.0 0.0 0.0 0.0836694 0.0 0.0 0.0 0.666726 0.0 0.0
0.0 0.0 0.0 0.0 0.0 0.0 0.0 0.0 0.0 0.0 0.0 0.0 0.0 0.0 0.0 0.0 0.0 0.0 0.0 0.0 0.0 0.0 0.0 0.0 0.0 0.0 0.0 0.0 0.0 0.0 0.0 0.0 0.0 0.0 0.0 0.0 0.0 0.0 0.0 0.0 0.0 0.99999 0.0 0.0 0.0 0.0 0.0 0.0 0.0 0.0 0.0 0.0 0.0 0.0 0.0 0.0 0.0 0.0 0.0 0.0 0.0 0.0 0.0 0.0
0.999823 0.0 0.0 0.0163708 0.0 0.0 0.0 0.0 0.00029102 0.0 0.0 0.0 0.0271775 1.15931e-05 0.565362 0.0 0.0 0.999945 0.0 0.0 0.0 0.372263 0.0 0.0 0.0 0.0 0.0 0.0 0.0 0.00227004 0.0 0.999341 0.0 0.0 0.0 0.999995 0.0 0.0 0.0 0.999976 0.0 0.0 0.0 0.991032 1.0 0.0 0.0 0.0 0.0 0.0 0.0 0.0 0.999839 0.0 1.0 0.0 0.0 0.00557634 0.0 0.0 0.0 0.999999 1.87755e-06 0.0
7.53999e-06 0.0 0.0 0.000785142 0.0 0.0 0.0 0.0 0.970019 0.0 0.0 0.00330275 0.999999 0.0 0.980075 0.0 0.0 7.15256e-07 0.0 0.0 0.0 0.0 0.0 0.0 0.0 0.0 0.0 0.0 0.144037 0.99999 0.00289375 4.17233e-07 3.27229e-05 0.0 0.0 8.9407e-08 0.0 0.0 7.15256e-07 0.0 0.0 0.0 0.0501362 0.452293 0.0 0.0 0.0 0.0 0.0 0.0 7.83801e-06 0.0 0.0 0.0 0.000652105 0.0 0.0 3.57628e-07 0.0 0.0 0.0 0.0 0.0 0.0
0.0 0.0 8.9407e-08 0.0 0.0 0.0 1.19209e-07 0.0 0.0 0.0 0.0 0.0 0.0 0.0 0.0 0.0 0.0 0.0 5.96046e-07 3.57628e-07 0.0 0.0 0.0 5.96046e-08 0.999131 0.031827 0.0 0.0 0.0 0.0 0.0 0.0 0.0 0.0 1.19209e-07 0.0 0.0 0.0 0.0 0.0 1.84774e-05 0.0 0.0 0.0 0.0 0.0 0.0 0.0 0.0 0.0 0.0 0.0 0.0 0.0 0.0 6.85453e-07 0.0 0.0 0.0 0.0 0.0 0.0 0.0 0.0
0.0 0.0 1.19209e-07 0.0 0.0 0.98451 0.0 0.0 0.0 1.93715e-06 0.0 0.0 0.0 0.0 0.0 0.0 0.0 0.0 0.000779957 0.0 0.0 0.0 0.0 4.17233e-06 0.0 0.0 1.10269e-06 0.0 0.0 0.0 0.0 0.0 0.0 0.0 0.0 0.0 5.96046e-08 0.0 0.0 0.0 0.0 0.0 0.0 0.0 0.0 0.0 0.0 6.63102e-05 0.0 0.0 0.0 0.0 0.0 0.0 0.0 0.0 0.0 0.0 8.9407e-08 0.0 0.0 0.0 0.0 6.58333e-05
0.999548 0.000102967 0.0 8.9407e-08 0.0 0.0 0.0 0.0 0.000876814 0.0 0.000131279 0.0 0.994688 0.047545 0.991556 0.0 0.0 1.0 0.0 0.0 0.0 0.999995 0.0 0.0 0.0 0.0 0.0 0.0 0.0 0.994706 0.0 1.0 0.0 0.0 0.0 0.967231 0.0 0.0481747 0.0 0.98978 0.0 0.0 0.0 0.99957 0.999999 0.0 0.0 0.0 0.0 0.0 0.0 0.988947 1.0 0.0 1.0 0.0 0.0 1.0 0.0 0.0 0.0 0.999987 2.32458e-06 0.0
0.0 0.0 0.0 0.0 0.0 0.0 0.0 0.0 0.0 0.0 0.0 0.0 0.0 0.0 0.0 0.0 0.0 0.0 0.0 0.0 0.0 0.0 0.0 0.0 0.0 0.0 0.0 0.000124454 0.0 0.0 0.0 0.0 0.0 0.0 0.0 0.0 0.0 0.0 0.0 0.0 0.0 1.00136e-05 0.0 0.0 0.0 0.0 0.0 0.0 0.0 0.0 0.0 0.0 0.0 0.0 0.0 0.0 0.999984 0.0 0.0 0.0 0.0 0.0 0.0 0.0
0.259861 0.0 0.0 0.0 2.17557e-06 0.0 0.0 0.0 0.0 0.0 0.0 0.0 0.235235 0.0 4.70877e-06 0.0 0.0 0.999943 0.0 0.0 0.0 0.125795 0.0 0.0 0.0 0.0 0.0 0.0 0.0 0.00776902 0.0 0.998653 0.0 0.0 0.0 0.0151601 0.0 0.999968 0.0 1.0 0.0 0.0 0.0 3.68953e-05 0.117336 0.0 0.0 0.0 0.0 0.0 0.0 1.0 0.0198332 0.0 1.0 0.0 0.0 0.0395179 0.0 0.0 0.0 0.00225708 0.0 0.0
0.0 0.0 0.0 0.0 0.0 0.0 0.0 0.0 0.00399777 0.0 0.0 1.0 5.96046e-08 0.0 0.0 0.0 0.0 0.0 0.0 0.0 0.0 0.0 0.0 0.0 0.0 0.0 0.0 0.0 1.0 0.0 1.0 0.0 0.99826 0.0 0.0 0.0 0.0 0.0 0.998375 0.0 0.0 0.0 1.0 0.0 0.0 0.0 0.0 0.0 0.0 0.0 0.999989 0.0 0.0 0.0 0.0 0.0 0.0 0.0 0.0 0.0 0.0 0.0 0.0 0.0
0.999997 0.0 0.0 0.944579 0.0 0.0 0.0 0.0 0.319991 0.0 0.0 0.0 0.00151983 5.06639e-07 0.999693 0.0 0.0 1.0 0.0 0.0 0.0 2.33054e-05 0.0 0.0 0.0 0.0 0.0 0.0 8.9407e-08 0.0278747 0.0 0.999833 0.0 0.0 0.0 1.0 0.0 0.0 0.0 0.64476 0.0 0.0 0.0 0.998696 1.0 0.0 0.0 0.0 0.0 0.0 0.0 8.04663e-07 0.689814 0.0 0.999999 0.0 0.0 0.988839 0.0 0.0 0.0 0.999991 0.0 0.0
0.0 0.0 0.0 0.0 0.0 1.87755e-06 0.0 0.0 0.0 1.81794e-06 0.0 0.0 0.0 0.0 0.0 0.0 0.0 0.0 2.98023e-08 0.0 0.0 0.0 0.0 0.0 0.0 0.0 5.87106e-06 0.0 0.0 0.0 0.0 0.0 0.0 0.0 0.0 0.0 1.47223e-05 0.0 0.0 0.0 0.0 0.0 0.0 0.0 0.0 0.0 0.0 0.000201553 0.0 0.0 0.0 0.0 0.0 0.0 0.0 0.0 0.0 0.0 2.71201e-06 0.0 0.0 0.0 0.0 0.974496
0.0 0.0 0.0 0.0 0.0 0.0 0.0 8.9407e-08 0.0 0.0 0.0 0.0 0.0 0.0 0.0 0.0 0.0 0.0 0.0 0.0 0.0 0.0 0.0 1.19209e-06 0.0 0.000211447 0.0 0.0 0.0 0.0 0.0 0.0 0.0 0.0 0.999971 0.0 0.0 0.0 0.0 0.0 0.0 0.0 0.0 0.0 0.0 0.0 0.0 0.0 0.0 0.0 0.0 0.0 0.0 0.0 0.0 0.0 0.0 0.0 0.0 0.0 0.0 0.0 0.0 0.0
0.692895 0.0 0.0 0.946595 0.0 0.0 0.0 0.0 1.0 0.0 0.0 4.47035e-06 0.999945 1.49012e-07 1.0 0.0 0.0 0.798122 0.0 0.0 0.0 0.0 0.0 0.0 0.0 0.0 0.0 0.0 0.999996 1.0 0.00123715 0.0690561 0.00103495 0.0 0.0 0.999751 0.0 0.0 0.0 0.000815988 0.0 0.0 0.00160357 1.0 0.996036 0.0 0.0 0.0 0.0 0.0 0.0740783 0.0 8.9407e-08 0.0 0.245838 0.0 0.0 0.441393 0.0 0.0 0.0 0.00412402 0.0 0.0
0.0 1.19209e-07 0.0 0.0 0.0 0.0 0.0 0.0 0.0 0.0 0.999992 0.0 0.0 0.0 0.0 0.0 0.0 0.00532466 0.0 0.0 0.0 0.999852 0.0 0.0 0.0 0.0 0.0 0.0 0.0 0.0 0.0 0.0 0.0 0.0 0.0 0.0 0.0 0.0 0.0 0.0 0.0 0.0 0.0 0.0 0.110617 0.0 0.0 0.0 0.0 0.0 0.0 0.0 0.00240657 0.0 8.9407e-08 0.0 0.0 0.0 0.0 0.0 0.0 0.0 0.957728 0.0
1.01328e-06 0.0 0.0 0.0 0.0 0.0 0.0 0.0 0.000396252 0.0 0.0 0.0 7.15256e-07 1.19209e-07 0.00158697 0.0 0.0 0.998157 0.0 0.0 0.0 8.9407e-08 0.0 0.0 0.0 0.0 0.0 0.0 0.0 0.0369065 0.0 0.00302735 0.0 0.0 0.0 0.00217107 0.0 0.0 0.0 8.9407e-08 0.0 0.0 0.0 0.0054276 0.0026398 0.0 0.0 0.0 0.0 0.0 0.0 0.000553399 0.0 0.0 0.412001 0.0 0.0 0.998652 0.0 0.0 0.0 5.96046e-08 0.0 0.0
0.0 0.0 0.0 0.0 0.999656 0.0 0.0 0.0 0.0 0.0 1.69873e-06 0.0 0.0 0.0 0.0 0.0 0.0 1.06096e-05 0.0 0.0 0.0 0.0312403 0.0 0.0 0.0 0.0 0.0 0.0 0.0 0.0 0.0 0.0 0.0 0.0 0.0 0.0 0.0 0.0 0.0 1.19209e-07 0.0 0.0 0.0 0.0 3.94285e-05 0.0 0.0 0.0 0.000171334 0.0 0.0 0.0 0.000324249 0.0 0.0 0.0 0.0 0.0 0.0 0.0 0.0 0.0 0.000255287 0.0
0.0 0.0 0.0 0.0 0.0 0.0 0.993425 1.78814e-07 0.0 0.0 0.0 0.0 0.0 0.0 0.0 1.08182e-05 0.0 0.0 0.0 0.043279 2.68221e-07 0.0 0.0 0.0 0.0 2.08914e-05 0.0 0.0 0.0 0.0 0.0 0.0 0.0 0.0 0.0 0.0 0.0 0.0 0.0 0.0 2.91169e-05 0.0 0.0 0.0 0.0 0.0 0.0 0.0 0.0 0.0 0.0 0.0 0.0 0.0 0.0 0.0015389 0.0 0.0 0.0 0.0 0.0 0.0 0.0 0.0
0.0 0.0 9.68575e-06 0.0 0.0 0.0 0.0 0.0 0.0 0.000306636 0.0 0.0 0.0 0.0 0.0 0.0 0.0 0.0 5.1856e-06 0.0 0.0 0.0 0.0 0.0 0.0 0.0 0.0029417 0.0 0.0 0.0 0.0 0.0 0.0 0.0 0.0 0.0 0.997624 0.0 0.0 0.0 0.0 0.0 0.0 0.0 0.0 0.0 0.0 1.88053e-05 0.0 0.0 0.0 0.0 0.0 0.0 0.0 0.0 0.0 0.0 1.28746e-05 0.0 0.0 0.0 0.0 0.000682652
0.0 1.43051e-06 0.0 0.0 0.0 0.0 0.0 2.98023e-08 0.0 0.0 0.0 0.0 0.0 0.0 0.0 0.344665 0.0 0.0 0.0 0.0 1.13845e-05 1.78814e-07 0.000768393 0.0 0.0 0.0 0.0 0.0 0.0 0.0 0.0 0.0 0.0 0.317242 0.0 0.0 0.0 0.0 0.0 0.0 0.0 0.0 0.0 0.0 0.0 0.999992 0.00243208 0.0 0.0 0.0 0.0 0.0 0.0 0.13015 0.0 8.9407e-08 0.0 0.0 0.0 0.000214487 0.0 0.0 4.95613e-05 0.0
0.0 0.0 0.0 0.0 0.0 2.98023e-08 0.0 0.0 0.0 0.0 0.0 0.0 0.0 0.0 0.0 0.0 0.0 0.0 5.96046e-08 0.0 0.0 0.0 0.0 0.00090304 0.0 0.0 0.0 0.0 0.0 0.0 0.0 0.0 0.0 0.0 0.0 0.0 0.0 0.0 0.0 0.0 0.0 0.0 0.0 0.0 0.0 0.0 0.0 2.44379e-06 0.0 5.36442e-07 0.0 0.0 0.0 0.0 0.0 0.0 0.0 0.0 8.9407e-08 0.0 0.997978 0.0 0.0 0.0
0.0 5.84126e-06 0.0 0.0 0.000201523 0.0 0.0 0.0 0.0 0.0 0.0 0.0 0.0 0.0 0.0 0.0 0.0 8.9407e-07 0.0 0.0 0.0 0.112768 0.0 0.0 0.0 0.0 0.0 0.0 0.0 0.0 0.0 0.0 0.0 0.0 0.0 0.0 0.0 0.0 0.0 1.43051e-06 0.0 0.0 0.0 0.0 1.20103e-05 0.0 0.0 0.0 0.991198 0.0 0.0 0.0 0.0197902 0.0 0.0 0.0 0.0 0.0 0.0 0.0 0.0 0.0 7.689e-06 0.0
1.3262e-05 0.0 0.0 0.0 0.0 0.0 0.0 0.0 0.0 0.0 0.0 0.0 1.2815e-06 0.0 1.2219e-06 0.0 0.0 0.956242 0.0 0.0 0.0 3.69549e-06 0.0 0.0 0.0 0.0 0.0 0.0 0.0 9.47714e-06 0.0 0.801932 0.0 0.0 0.0 0.00451276 0.0 1.0 0.0 0.975212 0.0 0.0 0.0 2.5034e-06 0.000667244 0.0 0.0 0.0 0.0 0.0 0.0 1.0 2.08616e-07 0.0 0.999906 0.0 0.0 2.26498e-06 0.0 0.0 0.0 0.0 0.0 0.0
0.0109645 0.999733 0.0 0.0 0.0 0.0 0.0 0.0 0.0 0.0 6.88434e-06 0.0 0.0 0.000386566 0.0 0.0 0.0 0.999999 0.0 0.0 0.0 0.999997 1.19209e-07 0.0 0.0 0.0 0.0 0.0 0.0 0.0 0.0 3.01003e-05 0.0 0.0 0.0 0.00191376 0.0 0.0 0.0 1.2517e-06 0.0 0.0 0.0 0.0 0.999992 0.0 0.0 0.0 2.00272e-05 0.0 0.0 0.0 1.0 0.0 0.389682 0.0 0.0 1.63913e-06 0.0 0.0 0.0 0.99982 0.957622 0.0
0.0 0.0 0.0 0.0 0.0 0.0 0.0 0.0 0.0 0.0 0.0 0.0 0.0 0.0 0.0 0.131837 0.0 0.0 0.0 0.0 0.958104 2.5928e-06 0.99999 0.0 0.0 0.0 0.0 0.0 0.0 0.0 0.0 0.0 0.0 0.0 0.0 0.0 0.0 0.0 0.0 0.0 0.0 0.0 0.0 0.0 0.0 0.0 3.00705e-05 0.0 0.0 0.0 0.0 0.0 0.0 0.0 0.0 0.0 0.0 0.0 0.0 0.0 0.0 0.0 0.00345001 0.0
1.0 2.98023e-08 0.0 0.453813 0.0 0.0 0.0 0.0 0.00402281 0.0 0.0 0.0 0.0232019 0.0001252 0.987663 0.0 0.0 1.0 0.0 0.0 0.0 0.641189 0.0 0.0 0.0 0.0 0.0 0.0 0.0 0.0561166 0.0 0.870709 0.0 0.0 0.0 1.0 0.0 0.0 0.0 0.00104773 0.0 0.0 0.0 0.999242 1.0 0.0 0.0 0.0 0.0 0.0 0.0 0.0 0.999999 0.0 0.999803 0.0 0.0 0.999299 0.0 0.0 0.0 1.0 2.28882e-05 0.0
0.0 0.0 0.0 0.0 0.0 0.0 0.0 0.0 0.0 0.0 0.0 0.0 0.0 0.0 0.0 0.0 0.999997 0.0 0.0 0.0 0.0 0.0 0.0 0.0 0.0 0.0 0.0 0.0 0.0 0.0 0.0 0.0 0.0 0.0 0.0 0.0 0.0 0.0 0.0 0.0 0.0 0.0 0.0 0.0 0.0 0.0 0.0 0.0 0.0 0.0 0.0 0.0 0.0 0.0 0.0 0.000305116 0.0 0.0 0.0 0.0 0.0 0.0 0.0 0.0
0.999998 0.0 0.0 0.00818637 0.0 0.0 0.0 0.0 6.9499e-05 0.0 0.0 0.0 0.81771 0.0 0.987194 0.0 0.0 1.0 0.0 0.0 0.0 0.514967 0.0 0.0 0.0 0.0 0.0 0.0 0.0 0.990165 0.0 0.999999 0.0 0.0 0.0 0.999986 0.0 1.37091e-06 0.0 0.972377 0.0 0.0 0.0 0.997948 0.999834 0.0 0.0 0.0 0.0 0.0 0.0 0.247402 0.996616 0.0 1.0 0.0 0.0 0.999889 0.0 0.0 0.0 0.999896 0.0 0.0
0.000206202 0.996055 0.0 0.0 0.000706077 0.0 0.0 0.0 0.0 0.0 2.27094e-05 0.0 0.0 1.49012e-07 0.0 6.31809e-06 0.0 0.976262 0.0 0.0 0.143045 0.999904 0.2026 0.0 0.0 0.0 0.0 0.0 0.0 0.0 0.0 9.83477e-07 0.0 0.0 0.0 1.19805e-05 0.0 0.0 0.0 7.95722e-06 0.0 0.0 0.0 0.0 0.999616 0.0 2.98023e-07 0.0 0.0968095 0.0 0.0 0.0 1.0 0.0 0.00589266 0.0 0.0 0.0 0.0 0.0858102 0.0 0.909728 1.0 0.0
0.0 0.0 0.0 0.0 0.0 0.0 0.000113487 0.0 0.0 0.0 0.0 0.0 0.0 0.0 0.0 1.4782e-05 0.0 0.0 0.0 1.01328e-06 0.0 0.0 0.0 0.0 1.78814e-07 0.000485182 0.0 0.0 0.0 0.0 0.0 0.0 0.0 0.0 0.0 0.0 0.0 0.0 0.0 0.0 0.998137 0.0 0.0 0.0 0.0 0.0 0.0 0.0 0.0 0.0 0.0 0.0 0.0 0.0 0.0 0.000473082 0.0 0.0 0.0 0.0 0.0 0.0 0.0 0.0
0.167491 0.00836095 0.0 2.98023e-08 0.0 0.0 0.0 0.0 0.0 0.0 0.000305921 0.0 0.0 0.856313 1.19209e-06 0.0 0.0 1.0 0.0 0.0 0.0 0.999999 0.0 0.0 0.0 0.0 0.0 0.0 0.0 0.0 0.0 0.00519201 0.0 0.0 0.0 0.999269 0.0 0.0 0.0 0.00553396 0.0 0.0 0.0 1.96695e-06 1.0 0.0 0.0 0.0 0.0 0.0 0.0 0.0 1.0 0.0 0.999904 0.0 0.0 0.0290969 0.0 0.0 0.0 1.0 0.999343 0.0
0.999978 0.000816524 0.0 0.0 0.000497788 0.0 0.0 0.0 0.0 0.0 2.08616e-07 0.0 0.669944 0.0 6.60717e-05 0.0 0.0 1.0 0.0 0.0 0.0 0.998589 0.0 0.0 0.0 0.0 0.0 0.0 0.0 0.111603 0.0 0.999997 0.0 0.0 0.0 0.986835 0.0 0.978854 0.0 1.0 0.0 0.0 0.0 1.69575e-05 0.811954 0.0 0.0 0.0 0.000203907 0.0 0.0 1.0 0.999968 0.0 1.0 0.0 0.0 0.276076 0.0 0.0 0.0 0.991818 0.0 0.0
1.0 0.0 0.0 3.69549e-06 0.0 0.0 0.0 0.0 1.78814e-07 0.0 0.0 0.0 0.126836 0.0 0.0848606 0.0 0.0 1.0 0.0 0.0 0.0 0.999567 0.0 0.0 0.0 0.0 0.0 0.0 0.0 0.898039 0.0 0.999994 0.0 0.0 0.0 0.999997 0.0 4.14252e-06 0.0 0.999983 0.0 0.0 0.0 0.763983 0.99999 0.0 0.0 0.0 0.0 0.0 0.0 0.00202915 0.999977 0.0 0.999965 0.0 0.0 0.424513 0.0 0.0 0.0 1.0 0.0 0.0
1.0 0.0 0.0 0.999603 0.0 0.0 0.0 0.0 0.998448 0.0 0.0 0.0 0.999969 0.0 1.0 0.0 0.0 1.0 0.0 0.0 0.0 0.0 0.0 0.0 0.0 0.0 0.0 0.0 0.000177979 1.0 0.0 0.999997 0.0 0.0 0.0 1.0 0.0 0.0 0.0 0.994833 0.0 0.0 0.0 1.0 0.999713 0.0 0.0 0.0 0.0 0.0 0.0 8.85129e-06 0.00010556 0.0 0.999897 0.0 0.0 0.998321 0.0 0.0 0.0 0.297893 0.0 0.0
0.0 0.0 0.0 0.0 0.0 3.31998e-05 0.0 0.0 0.0 0.992304 0.0 0.0 0.0 0.0 0.0 0.0 0.0 0.0 1.58846e-05 0.0 0.0 0.0 0.0 1.19209e-07 0.0 0.0 0.996672 0.0 0.0 0.0 0.0 0.0 0.0 0.0 0.0 0.0 0.250016 0.0 0.0 0.0 0.0 0.0 0.0 0.0 0.0 0.0 0.0 0.000717133 0.0 0.0 0.0 0.0 0.0 0.0 0.0 0.0 0.0 0.0 1.49012e-07 0.0 0.0 0.0 0.0 0.374014
42 30 3 28 50 11 38 32 12 41 19 15 48 13 14 8 17 34 23 46 45 53 1 44 51 5 58 6 4 22 43 57 37 47 40 7 33 25 10 62 39 36 63 2 24 55 59 29 35 56 26 9 49 16 61 0 54 31 27 18 60 20 52 21
