8
0.0 0.0 0.0 0.0 3.30508e-05 0.0 0.0 0.0 0.0 0.0 0.0 0.0 2.7597e-05 0.0 0.0 0.0 0.0 0.0 0.0 0.0 0.0 0.0 0.0 0.0 0.0 0.0 0.0 0.0 0.999642 0.0 0.0 5.36442e-07 0.0 0.0 0.0 0.0 0.0 0.0 0.0 0.0 0.0 0.0 5.21243e-05 0.0 0.0 0.0 0.0 3.27826e-07 0.0 0.0 4.17233e-07 0.0 0.0 0.0 0.0 0.0 0.0 0.0 0.0 0.0 0.0 0.0 0.0 0.0
0.0 0.0 0.0 0.0 0.0 0.0 0.0 0.0 0.0 0.0 0.0 0.0 0.0 0.0 0.0 0.0 0.0 0.0 0.0 0.0 0.0 0.0 0.0 0.0 0.0 0.0 0.0 0.0 0.0 0.0 0.0 0.0 5.06639e-07 0.0 0.0 0.0 0.0 0.0 0.0 0.0 8.64267e-07 0.0 0.0 0.0 0.0 0.0 0.0 0.0 0.0 0.0 0.0 0.0 0.0 0.0 0.0 0.0 0.0 0.0 0.0 0.0 0.0 0.0 0.0 0.0
0.0 0.0 0.0 0.0 6.3777e-05 0.0 0.00644135 0.0 0.0 0.0 0.0 0.0 0.240506 0.0 0.0 0.0 0.0 0.0 0.0 0.0 0.0 0.0 5.06639e-07 0.0 0.0 0.0 0.0 0.0 0.0 0.0 0.0 0.0 0.0 0.0 0.0 0.0 0.0 5.06639e-07 0.0 0.0 0.0 0.0 8.60989e-05 0.0 0.0 0.0 0.0 4.11272e-06 0.0 0.0 0.00588641 0.0 0.0 0.0 0.0 0.0 0.00152403 0.0 0.0 0.0 0.0 0.0 0.0 0.0
0.0 0.0 0.0 0.0 0.0 0.997952 0.0 0.0 0.0 0.0 0.0 0.0 0.0 0.0 0.0 0.0 0.0 0.0 0.0 0.0 0.0 0.000171721 1.45137e-05 0.0 0.31892 0.0 0.0 0.0 0.0 0.0 0.0 0.0 0.0 0.0 0.982299 0.0 0.0 2.41995e-05 0.0 0.0 0.0 0.0 0.0 0.0 0.0 0.0 0.0 0.0 0.0 0.0 0.0 0.0 0.0 0.0 0.0 0.0 0.0 0.0 0.0 0.0 0.0 3.3021e-05 0.0 0.0
0.0 0.0 0.0 0.0 0.0 0.0 0.0 0.0 0.0 0.0 0.0 3.27826e-07 0.000377208 0.0 0.0 0.0 0.0 0.0 0.0 9.0301e-06 0.0 0.0 0.0 0.0 0.0 8.9407e-08 0.0 0.0 0.0 0.0 0.0 0.0 0.00325701 0.0 0.0 0.0 0.0 0.0 0.0 0.0 1.0 0.0 0.0 0.0 0.0 0.0 0.0 2.92957e-05 8.9407e-08 0.0 0.000538409 0.0 0.0 0.0 0.0 0.0 0.0 0.0 0.0 0.0 0.0 0.0 0.0 2.98023e-08
0.0 0.0 0.0 0.0 2.98023e-08 0.0 0.00639915 0.0 0.0 0.000760198 0.0 6.64592e-06 0.154516 0.0 0.0 0.0 0.0 0.0 0.0 0.0 1.49012e-07 0.0 0.0 5.96046e-08 0.0 0.0 0.0 0.0 0.0 0.0 2.98023e-08 5.96046e-08 0.0 0.0 0.0 0.0 7.59959e-06 0.0 0.0 0.0 0.0 0.0 0.0 0.0 0.0 1.72853e-06 0.0 4.06206e-05 0.0 0.0 0.0015392 0.0 0.0 0.0 0.0 0.0 0.999994 8.64267e-07 0.0 0.0 0.0 0.0 2.98023e-08 0.0
0.0 0.0 0.0 0.0 0.0 0.0 0.0 0.0 8.9407e-08 0.0140638 0.0 1.19209e-07 0.0 0.0 0.0 0.0 0.0 0.0 0.0 0.0 0.0 0.0 0.0 0.0 0.0 0.002951 0.0 0.0 0.0 0.0 8.9407e-08 0.0 0.000261933 0.0 0.0 0.0 5.65052e-05 0.0 0.0 0.0 0.0 0.0 8.9407e-08 0.0 0.0 0.0 0.0 1.13249e-06 1.0 0.0 0.0 0.0 0.0 0.0 0.0 9.23872e-07 1.19209e-07 0.0205199 9.62615e-06 0.0 0.0 0.0 0.0 1.66893e-06
0.0 0.0 0.0 0.0 0.0 0.0 0.0 9.17017e-05 0.0 0.0 7.7486e-07 0.0 0.0 0.0 0.0 0.0 0.0 0.0 0.0 0.0 0.0 0.0 0.0 0.0 0.0 0.0 0.0 0.717443 0.0 7.36415e-05 0.0 0.0 0.0 5.96046e-08 0.0 0.0 0.0 0.0 0.983465 0.00175375 0.0 0.0 0.0 0.0 0.0 0.0 0.0 0.0 0.0 0.0 0.0 0.0 0.0 0.00458094 0.0 0.0 0.0 0.0 0.0 0.0 2.38419e-07 0.0 0.0 0.0
0.0 0.0 0.0 0.0 0.0 0.0 0.0 0.0 5.96046e-08 0.00540134 0.0 3.8445e-06 0.0 0.0 5.96046e-07 0.0 0.0 0.0 0.0 0.0 0.993889 0.0 0.0 0.0 0.0 0.0 0.0 0.0 0.0 0.0 0.0 0.0 0.0 0.0 0.0 0.0 0.0138346 0.0 0.0 0.0 0.0 0.000231296 0.0 0.0 0.0 0.0 0.0 0.0 0.0 5.23031e-05 0.0 0.0 0.0 0.0 0.0 0.0 0.00181118 0.0 0.0 0.0 0.0 0.0 0.0 2.563e-06
0.0 0.0 0.0 0.0 0.0 0.0 0.0 0.0 0.0 0.0 0.0 0.0 0.0 0.0 0.0 0.0 2.98023e-07 0.0 0.0 0.304453 0.0 0.0 0.0 0.0 0.0 0.000113934 0.0 0.0 0.0 0.0 0.0 0.0 6.86944e-05 0.0 0.0 0.0 0.0 0.0 0.0 0.0 0.024602 0.0 0.0 1.0 0.0 0.0 0.0 2.35438e-06 5.96046e-08 0.0 5.06639e-07 0.0 0.0 0.0 0.0 0.0 0.0 0.0 5.96046e-08 0.0 0.0 0.0 0.0 0.0
0.0 0.0 3.63588e-05 0.0 0.0 0.0 0.0 0.0 0.0 0.0 0.0 0.0 0.0 0.0 0.0 0.00362897 0.0 0.641195 0.0 0.0 0.0 0.0 0.0 0.0 0.0 0.0 0.0 0.0 0.0 0.0 0.0 0.0 0.0 0.0 0.0 0.0 0.0 0.0 0.0 0.0 0.0 0.0 0.0 0.0 8.9407e-08 0.0 0.0 0.0 0.0 0.0 0.0 0.0 0.0 0.0 0.0 0.0 0.0 0.0 0.0 0.0 0.0 0.0 0.0 0.0
0.0 1.0 0.0 0.0 0.0 0.0 0.0 2.08616e-07 0.0 2.45273e-05 0.0 0.0 0.0 0.0 0.0 0.0 0.0 0.0 0.0 0.0 0.0 0.0 0.0 0.0 0.0 0.0 0.0 0.0 0.0 0.0 0.0 0.0 0.0 0.0 0.0 0.0 0.0 0.0 0.0 0.0 0.0 0.0 0.0 0.0 0.0 0.0 0.0 0.0 0.0 0.0 0.0 0.0 0.0 0.0 0.0 0.0 0.0 0.0 0.0 0.0 0.0 0.0 0.0 0.0
0.0 0.0 0.0 0.0 0.0 0.0 1.49012e-07 0.0 0.991945 0.0 0.0 0.0 0.0 0.0 0.0 0.0 0.0 0.0 0.0 0.0 0.0 0.0 0.0 0.0 0.0 1.13547e-05 0.0 0.0 0.0 0.0 2.98023e-08 0.0 0.000548482 0.0 0.0 0.0 0.0 0.0 0.0 0.0 3.27826e-07 0.0 0.0 0.0 0.0 0.0 0.0 0.0 0.000188351 0.0 0.0 0.0 0.0 0.0 0.0 0.0 0.0 0.0 0.0 0.0 0.0 0.0 2.98023e-08 0.0
0.0 0.0 0.0 0.0 0.0 0.0 0.0 0.0 0.0 0.0 1.89543e-05 0.0 0.0 0.0 0.0 0.0 0.0 0.0 2.44379e-06 0.0 0.0 0.0 0.0 0.0 0.0 0.0 6.64592e-06 3.60608e-05 0.0 0.999989 0.0 0.0 0.0 4.71175e-05 0.0 0.0 0.0 0.0 0.0102352 0.000209242 0.0 0.0 0.0 0.0 0.0 0.0 0.0 0.0 0.0 0.0 0.0 0.0 0.0 0.0387035 0.00047189 0.0 0.0 0.0 0.0 0.0 0.00787821 0.0 0.0 0.0
0.0 0.0 0.0 0.0 0.0 0.0 0.0 0.0 0.0 0.0 0.00502622 0.0 0.0 0.0 0.0 0.0 0.0 0.0 0.0 0.0 0.0 0.0 0.0 0.0 0.0 0.0 0.0 1.49012e-06 0.0 5.06639e-06 0.0 0.0 0.0 5.66244e-07 0.0 0.0 0.0 0.0 8.9407e-08 0.0 0.0 0.0 0.0 0.0 4.82798e-06 0.0 0.0 0.0 0.0 0.0 0.0 0.0 0.0 4.29153e-06 0.954468 0.0 0.0 0.0 0.0 0.0 3.87728e-05 0.0 0.0 0.0
0.0 0.0 0.0 0.0 0.0 0.0 0.0 0.0 0.0 0.0 0.0 0.0 0.0 0.0 0.0 0.0 0.0 0.0 0.0 0.0 0.0 0.0 0.0 0.0 0.0 0.0 0.0 0.0 0.0 0.0 0.0 0.0 0.0 0.0 0.0 0.0 0.0 0.0 0.0 0.0 0.0 0.0 0.0 0.0 0.0 0.0 0.0 0.0 0.0 0.0 0.0 1.19209e-07 0.0 0.0 0.0 0.0 0.0 0.0 0.0 0.0 0.0 0.0 0.0 0.0
0.0 0.0 0.0 0.0 0.0 0.0 0.0 0.0 0.0 0.0 0.0 0.0 0.0 0.0 0.0 0.0 0.0 0.0 0.0 0.0 0.0 0.0 0.0 0.0 0.0 0.0 0.0 0.0 0.0 0.0 0.0 0.0 0.0 0.0 0.0 0.0 0.0 0.0 0.0 0.0 0.0 0.0 0.0 0.0 0.0 0.0 0.0 0.0 0.0 0.0 0.0 0.0 0.0 0.0 0.0 0.0 0.0 0.0 0.0 0.0 0.0 0.0 0.0 0.0
0.0 0.0 0.852706 0.0 0.0 0.0 0.0 0.0 0.0 0.0 0.0 0.0 0.0 0.0 0.0 0.000479579 0.0 0.619065 0.0 0.0 0.0 0.0 0.0 0.0 0.0 0.0 0.0 0.0 0.0 0.0 0.0 0.0 0.0 0.0 0.0 0.0 0.0 0.0 0.0 0.0 0.0 0.0 0.0 0.0 0.0 0.0 0.0 0.0 0.0 0.0 0.0 0.0 0.0 0.0 0.0 0.0 0.0 0.0 0.0 0.0 0.0 0.0 0.0 0.0
0.0 0.0 0.0 0.0 0.0 0.0 0.0 0.0 0.0 0.0 3.6478e-05 0.0 0.0 0.0 0.0 0.0 0.0 0.0 0.0 0.0 0.0 0.0 0.0 0.0 0.0 0.0 0.000528514 1.54972e-06 0.0 0.0 0.0 0.0 0.0 0.964898 0.0 0.0 0.0 0.0 0.000128806 0.00471729 0.0 0.0 0.0 0.0 0.0 0.0 0.0 0.0 0.0 0.0 0.0 0.0 0.0 0.0 0.0 0.0 0.0 0.0 0.0 0.0 3.12924e-06 0.0 0.0 0.0
0.0 0.0 0.0 0.0 0.0 0.0 0.0 0.0 0.000383228 0.000251204 0.0 0.0 0.0 0.0 1.96695e-06 0.0 0.0 0.0 0.0 0.0 3.96371e-06 0.0 0.0 0.0 0.0 0.0 0.0 0.0 0.0 0.0 0.0 0.0 0.0 0.0 0.0 0.0 8.9407e-08 0.0 0.0 0.0 0.0 0.999984 0.0 0.0 0.0 0.0 0.0 0.0 0.0 1.2219e-06 0.0 0.0 0.0 0.0 0.0 0.0 3.618e-05 0.0 0.0 0.0 0.0 0.0 0.0 8.9407e-08
0.0 0.0 0.0 0.0 0.0 0.0 0.0 0.0 0.0 0.99996 0.0 1.33514e-05 0.0 0.0 0.0 0.0 0.0 0.0 0.0 0.0 7.12276e-06 0.0 0.0 0.0 0.0 1.19209e-07 0.0 0.0 0.0 0.0 0.0 0.0 0.0 0.0 0.0 0.0 0.999969 0.0 0.0 0.0 0.0 3.27826e-07 0.0 0.0 0.0 0.0 0.0 0.0 0.00409746 1.77026e-05 0.0 0.0 0.0 0.0 0.0 3.9041e-06 1.49012e-05 1.63913e-06 0.0 0.0 0.0 0.0 0.0 1.36197e-05
0.0 0.0 0.0 0.0 0.0 0.000606149 0.0 0.0 0.0 0.0 0.0 0.0 0.0 0.0 0.0 0.0 0.0 0.0 0.0 0.0 0.0 0.0 0.979603 0.0 0.0 0.0 0.0 0.0 0.0 0.0 0.0 0.0 0.0 0.0 3.27826e-07 0.0 0.0 0.98228 0.0 0.0 0.0 0.0 0.0 0.0 0.0 0.0 0.0 0.0 0.0 0.0 0.0 1.60038e-05 0.0 0.0 0.0 0.0 0.0 0.0 0.0 0.0 0.0 0.0 0.0 0.0
0.0 0.0 0.0 0.0 0.0 0.0 0.0 0.0 0.0 0.0 2.08616e-07 0.0 0.0 0.0 0.0 0.0 0.0 0.0 0.0 0.0 0.0 0.0 0.0 0.0 0.0 0.0 0.985824 0.0 0.0 2.68221e-07 0.0 0.0 0.0 0.592629 0.0 0.0 0.0 0.0 8.70228e-06 0.00055477 0.0 0.0 0.0 0.0 0.0 0.0 0.0 0.0 0.0 0.0 0.0 0.0 0.0 2.08616e-07 0.0 0.0 0.0 0.0 0.0 0.0 0.000110716 0.0 0.0 0.0
0.0 0.0 0.0 0.0 0.0 0.0 0.0 0.0 0.0 0.0383203 0.0 0.0 4.47035e-07 0.0 0.0 0.0 0.0 0.0 0.0 1.01328e-06 0.0 0.0 0.0 0.0190679 0.0 1.57952e-06 0.0 0.0 0.0 0.0 0.0 0.0 0.0 0.0 0.0 0.0 0.000720918 0.0 0.0 0.0 0.0 0.0 0.0 0.0 0.0 9.81987e-05 0.0 0.000165075 6.58631e-06 0.0 5.96046e-08 0.0 0.0 0.0 0.0 0.985134 9.53674e-07 0.00207499 0.0 0.0 0.0 0.0 0.0 2.43485e-05
0.0 0.0 0.0 0.0 0.0 0.000212669 0.0 0.0 0.0 0.0 0.0 0.0 0.0 0.0 0.0 0.0 0.0 0.0 0.0 0.0 0.0 0.0 0.982283 0.0 0.0 0.0 0.0 0.0 0.0 0.0 0.0 0.0 0.0 0.0 1.78814e-07 0.0 0.0 0.9737 0.0 0.0 0.0 0.0 0.0 0.0 0.0 0.0 0.0 0.0 0.0 0.0 0.0 5.0813e-05 0.0 0.0 0.0 0.0 0.0 0.0 0.0 0.0 0.0 0.0 0.0 0.0
0.0 0.0 0.0 0.0 0.0 0.0 5.66244e-07 0.0 1.49012e-07 2.08616e-07 0.0 0.0922873 0.00113183 0.0 0.0 0.0 0.0 0.0 0.0 0.0 0.0 0.0 0.0 0.0 0.0 0.0 0.0 0.0 0.0 0.0 2.38419e-07 0.0 0.0 0.0 0.0 0.0 0.0 0.0 0.0 0.0 0.0 0.0 0.0 0.0 0.0 0.0 0.0 1.46031e-06 0.0 0.0 8.79467e-05 0.0 0.0 0.0 0.0 0.0 9.35793e-06 0.0 0.0 0.0 0.0 0.0 0.999999 0.0
0.0 5.96046e-08 0.0 0.0 0.0 0.0 0.0 1.49012e-07 0.0 0.0 0.0 0.0 0.0 0.0 0.0 0.0 0.0 0.0 0.0 0.0 0.0 0.0 0.0 0.0 0.0 0.0 5.66244e-07 0.0116168 0.0 4.76837e-07 0.0 0.0 0.0 4.88758e-06 0.0 0.0 0.0 0.0 0.562974 0.948853 0.0 0.0 0.0 0.0 0.0 0.0 0.0 0.0 0.0 0.0 0.0 0.0 0.0 0.000356346 0.0 0.0 0.0 0.0 0.0 0.0 1.19209e-07 0.0 0.0 0.0
0.0 0.0 1.12653e-05 0.0 0.0 0.0 0.0 0.0 0.0 0.0 0.0 0.0 0.0 0.0 0.0 0.997187 0.0 0.00323805 0.0 0.0 0.0 0.0 0.0 0.0 0.0 0.0 0.0 0.0 0.0 0.0 0.0 0.0 0.0 0.0 0.0 0.0 0.0 0.0 0.0 0.0 0.0 0.0 0.0 0.0 1.51992e-06 0.0 0.0 0.0 0.0 0.0 0.0 0.0 0.0 0.0 0.0 0.0 0.0 0.0 0.0 0.0 0.0 0.0 0.0 0.0
0.0 0.0 0.0 0.0 0.0 0.0 0.0 0.0 6.70552e-06 0.0017274 0.0 1.0 1.49012e-07 0.0 0.0 0.0 0.0 0.0 0.0 0.0 5.36442e-07 0.0 0.0 0.0 0.0 0.0 0.0 0.0 0.0 0.0 0.0 0.0 0.0 0.0 0.0 0.0 0.922471 0.0 0.0 0.0 4.28259e-05 0.0 0.0 0.0 0.0 0.0 0.0 0.0 2.68221e-07 0.0 1.01328e-06 0.0 0.0 0.0 0.0 1.78814e-07 1.19209e-07 0.0 0.0 0.0 0.0 0.0 3.94285e-05 0.0
0.0 0.0 0.0 0.0 0.0 0.0 0.0 0.0 0.0 0.0 0.00715435 0.0 0.0 0.0 0.0 0.0 0.0 0.0 8.9407e-07 0.0 0.0 0.0 0.0 0.0 0.0 0.0 0.0 0.0 0.0 2.74479e-05 0.0 0.0 0.0 9.51588e-05 0.0 0.0 0.0 0.0 3.27826e-07 0.0 0.0 0.0 0.0 0.0 8.9407e-08 0.0 0.0 0.0 0.0 0.0 0.0 0.0 0.0 5.96046e-08 0.0199798 0.0 0.0 0.0 0.0 0.0 0.0196048 0.0 0.0 0.0
0.0 0.0 0.0 0.979211 0.0 1.7643e-05 0.0 0.0 0.0 0.0 0.0 0.0 0.0 0.0 0.0 0.0 0.0 0.0 0.0 0.0 0.0 0.795526 0.0 0.0 0.00224957 0.0 0.0 0.0 0.0 0.0 0.0 0.0 0.0 0.0 3.27826e-07 0.0 0.0 0.0 0.0 0.0 0.0 0.0 0.0 0.0 0.0 0.0 0.0 0.0 0.0 0.0 0.0 0.0 0.0 0.0 0.0 0.0 0.0 0.0 0.0 0.193637 0.0 0.997845 0.0 0.0
0.0 0.0 0.0 0.0 0.0 0.0 5.96046e-08 0.0 0.0 0.000160694 0.0 0.0 6.4671e-06 0.0 0.0 0.0 0.0 0.0 0.0 1.81794e-05 0.0 0.0 0.0 0.983101 0.0 7.39098e-06 0.0 0.0 0.0 0.0 0.0 0.0 0.0 0.0 0.0 0.0 7.7486e-07 0.0 0.0 0.0 0.0 0.0 0.0 0.0 0.0 0.0133903 0.0 0.125624 1.2368e-05 0.0 1.66893e-06 0.0 0.0 0.0 0.0 0.0340881 8.34465e-07 0.426751 0.0 0.0 0.0 0.0 0.0 0.0
0.0 0.0 0.0 0.0 0.9841 0.0 3.27826e-07 0.0 0.0 0.0 0.0 0.0 0.192789 0.0 0.0 0.0 0.0 0.0 0.0 0.0 0.0 0.0 0.0 0.0 0.0 0.0 0.0 0.0 0.0 0.0 0.0 0.0 0.0 0.0 0.0 0.0 0.0 0.0 0.0 0.0 0.0 0.0 1.19209e-06 0.0 0.0 0.0 0.0 1.19209e-06 0.0 0.0 2.98023e-08 5.57303e-06 0.0 0.0 0.0 0.0 1.37687e-05 0.0 0.0 0.0 0.0 0.0 0.0 2.38419e-07
0.999993 0.0 0.0 0.0 0.0 0.0 0.0 0.0 0.0 0.0 0.0 0.0 0.000566006 0.0 0.0 0.0 0.0 0.0 0.0 0.0 0.0 0.0 0.0 0.0 0.0 0.0 0.0 0.0 0.0 0.0 0.0 0.0 0.0 0.0 0.0 0.0 0.0 0.0 0.0 0.0 0.0 0.0 5.40614e-05 1.49012e-07 0.0 0.0 0.0 0.0115514 0.0 0.0 0.606639 0.0 0.0 0.0 0.0 0.0 0.0 0.0 0.0 0.0 0.0 0.0 0.0 0.0
0.0 0.0 0.0 0.0 0.0 0.0 0.0 0.0 0.0 0.0 0.0 0.0 0.0 0.0 0.969117 0.0 0.0 0.0 0.0 0.0 8.9407e-08 0.0 0.0 0.0 0.0 0.0 0.0 0.0 0.0 0.0 0.0 0.0 0.0 0.0 0.0 0.0 0.0 0.0 0.0 0.0 0.0 0.000121415 0.0 0.0 0.0 0.0 0.0 0.0 0.0 5.54323e-06 0.0 0.0 0.0 0.0 0.0 0.0 0.0 0.0 0.0 0.0 0.0 0.0 0.0 0.0
0.0 0.0 0.0 0.0 0.0 0.0 0.0 0.0 0.0 0.0 0.0 0.0 0.0 0.999958 0.0 0.0 0.0059512 0.0 0.0 0.0 0.0 0.0 0.0 0.0 0.0 0.0 0.0 0.0 0.0 0.0 0.0 0.0 0.0 0.0 0.0 0.0 0.0 0.0 0.0 0.0 0.0 0.0 0.0 8.9407e-08 0.0 0.0 0.0 4.52995e-06 2.08616e-07 0.0 9.0301e-06 0.0 0.0 0.0 0.0 0.0 0.0 8.9407e-08 0.000596464 0.0 0.0 0.0 3.51667e-06 0.0
0.0 0.0 0.0 0.0 0.0 0.0 0.0 0.0 0.0 7.7188e-06 0.0 1.37091e-05 0.0 0.0 0.0 0.0 0.0 0.0 0.0 0.0 2.08616e-07 0.0 0.0 0.0 0.0 0.0 0.0 0.0 0.0 0.0 0.0 0.0 0.0 0.0 0.0 0.0 0.0 0.0 0.0 0.0 2.44379e-06 2.08616e-07 0.0 0.0 0.0 0.0 0.0 0.0 0.0 1.93715e-06 0.0 0.0 0.0 0.0 0.0 0.0 0.0 0.0 0.0 0.0 0.0 0.0 0.0 0.0
0.0 0.0 0.0 0.0 0.0 0.0 0.0 0.0 0.0 0.000887036 0.0 1.19209e-07 0.0 0.0 6.31809e-06 0.0 0.0 0.0 0.0 0.0 3.42727e-06 0.0 0.0 0.0 0.0 0.0 0.0 0.0 0.0 0.0 0.0 0.0 0.0 0.0 0.0 0.0 2.15471e-05 0.0 0.0 0.0 0.0 2.02656e-06 0.0 0.0 0.0 0.0 0.0 0.0 0.0 0.994046 0.0 0.0 0.0 0.0 0.0 0.0 0.0 0.0 0.0 0.0 0.0 0.0 0.0 0.0
0.0 8.9407e-08 0.0 0.0 0.0 0.0 0.0 1.00732e-05 0.0 0.0 0.0 0.0 0.0 0.0 0.0 0.0 0.0 0.0 0.0 0.0 0.0 0.0 0.0 0.0 0.0 0.0 0.0 1.49012e-07 0.0 0.00581136 0.0 0.0 0.0 0.0 0.0 0.999959 0.0 0.0 0.0 0.0 0.0 0.0 0.0 0.0 0.0 0.0 0.0 0.0 0.0 0.0 0.0 0.0 0.0 0.00342739 5.36442e-07 0.0 0.0 0.0 0.0 0.0 3.67761e-05 0.0 0.0 0.0
0.0 0.0 0.0 0.0 0.0 0.0 0.0 0.0 0.0 0.0 0.0630219 0.0 0.0 0.0 0.0 0.0 0.0 0.0 5.87106e-06 0.0 0.0 0.0 0.0 0.0 0.0 0.0 0.0053032 2.99215e-05 0.0 0.000100613 0.0 0.0 0.0 0.678268 0.0 1.78814e-07 0.0 0.0 3.3021e-05 0.00142953 0.0 0.0 0.0 0.0 1.07884e-05 0.0 0.0 0.0 0.0 0.0 0.0 0.0 0.0 0.00033021 0.0022141 0.0 0.0 0.0 0.0 0.0 0.998414 0.0 0.0 0.0
0.0 1.39475e-05 0.0 0.0 0.0 0.0 0.0 0.0 1.19209e-07 0.999999 0.0 0.00908774 0.0 0.0 2.98023e-08 0.0 0.0 0.0 0.0 0.000113219 1.78814e-06 0.0 0.0 2.77162e-06 0.0 7.27177e-06 0.0 0.0 0.0 0.0 0.0 0.0 3.12924e-06 0.0 0.0 0.0 0.992292 0.0 0.0 0.0 0.142518 3.51667e-06 0.0 0.0 0.0 2.98023e-08 0.0 4.44055e-06 9.62615e-06 6.07967e-06 1.49012e-07 0.0 0.0 0.0 0.0 0.000288963 2.68221e-07 1.23084e-05 0.0 0.0 0.0 0.0 0.0 0.000680506
0.0 0.0 0.0 0.0 0.0 0.0 1.46031e-06 0.0 0.0 0.0398468 0.0 0.0 8.9407e-08 0.0 0.0 0.0 0.0 0.0 0.0 5.96046e-08 0.0 0.0 0.0 0.0296961 0.0 0.000205398 0.0 0.0 0.0 0.0 0.0 0.0 2.00272e-05 0.0 0.0 0.0 1.51992e-06 0.0 0.0 0.0 0.0 0.0 3.8743e-07 0.0 0.0 5.24521e-05 0.0 0.0121476 0.761355 0.0 2.98023e-08 0.0 0.0 0.0 0.0 0.000735015 1.63317e-05 0.999981 5.06639e-07 0.0 0.0 0.0 0.0 1.19209e-07
0.0 0.0 0.0 0.0 0.0 0.0 0.0 0.0 0.0 0.0 0.0 1.49012e-07 0.00101289 7.7486e-07 0.0 0.0 1.19209e-07 0.0 0.0 5.96046e-08 0.0 0.0 0.0 1.43051e-06 0.0 2.77162e-06 0.0 0.0 2.98023e-08 0.0 0.0 0.0 1.49012e-07 0.0 0.0 0.0 0.0 0.0 0.0 0.0 0.0 0.0 2.14577e-06 0.000186026 0.0 5.1558e-06 0.0 0.0132447 0.000734001 0.0 0.0521684 0.0 0.0 0.0 0.0 0.0 0.0 0.00107041 0.999998 0.0 0.0 0.0 5.06639e-07 0.0
0.0 0.0 0.0 0.0 0.0 0.0 0.0 0.0 0.0 0.0 0.0 0.0 0.0 0.0 0.0 0.0 0.0 0.0 0.0 0.0 0.0 0.0 0.0 0.0 0.0 0.0 0.0 0.0 0.0 0.0 0.0 0.0 0.0 0.0 0.0 0.0 0.0 0.0 0.0 0.0 0.0 0.0 0.0 0.0 0.0 0.0 0.0 0.0 0.0 0.0 0.0 0.0 0.0 0.0 0.0 0.0 0.0 0.0 0.0 0.0 0.0 0.0 0.0 0.0
0.0 0.0737252 0.0 0.0 0.0 0.0 0.0 0.000920296 0.0 5.49257e-05 0.0 0.00028646 0.0 0.540222 0.0 0.0 0.999808 0.0 0.0 0.0 0.0 0.0 0.0 0.0 0.0 0.0 0.0 3.27528e-05 0.0 0.0 0.0 0.0 8.9407e-08 0.0 0.0 0.0 1.72853e-06 0.0 9.26852e-06 3.27826e-07 8.9407e-08 0.0 0.0 0.00290328 0.0 0.0 0.0 5.96046e-08 5.1558e-06 0.0 8.34465e-07 0.0 0.0 0.0 0.0 0.0 0.0 1.19209e-07 4.17233e-07 0.0 0.0 0.0 0.0 0.0
0.0 0.0 0.0 0.0 4.65512e-05 0.0 0.0 0.0 0.0 0.000122547 0.0 0.0 0.00833735 0.0 0.0 0.0 0.0 0.0 0.0 2.65241e-06 9.89437e-06 0.0 0.0 0.0 0.0 2.05636e-06 0.0 0.0 0.0 0.0 0.0 0.0 0.0 0.0 0.0 0.0 9.98378e-06 0.0 0.0 0.0 1.78814e-07 3.27826e-07 0.0 0.0 0.0 0.0 0.0 2.98023e-08 8.34465e-07 0.0 0.0 0.0 0.0 0.0 0.0 7.15256e-07 2.31266e-05 0.0 0.0 0.0 0.0 0.0 0.0 1.0
0.0 0.0 0.0 0.513893 0.0 0.0 0.0 0.0 0.0 0.0 0.0 0.0 0.0 0.0 0.0 0.0 0.0 0.0 0.0 0.0 0.0 9.35197e-05 0.0 0.0 1.19209e-07 0.0 0.0 0.0 0.0 0.0 0.0 0.0 0.0 0.0 0.0 0.0 0.0 0.0 0.0 0.0 0.0 0.0 0.0 0.0 0.0 0.0 0.0 0.0 0.0 0.0 0.0 0.0 0.0 0.0 0.0 0.0 0.0 0.0 0.0 0.971954 0.0 0.745985 0.0 0.0
0.0 0.0 0.0 0.0 1.01328e-05 0.0 0.0 0.0 2.98023e-08 0.0 0.0 0.0 1.49012e-07 0.0 0.0 0.0 0.0 0.0 0.0 0.0 0.0 0.0 0.0 0.0 0.0 0.0 0.0 0.0 0.0 0.0 7.53999e-06 0.949606 0.0 0.0 0.0 0.0 0.0 0.0 0.0 0.0 0.0 0.000125498 0.0 0.0 0.0 0.0 0.0 0.0 0.0 0.0 0.0 1.19209e-07 0.0 0.0 0.0 0.0 1.20103e-05 0.0 0.0 0.0 0.0 0.0 0.0 0.0
0.0 0.0 0.0 0.0 0.0 0.0 0.0 0.0 0.0 2.41399e-05 0.0 0.0 0.0 0.0 0.0 0.0 0.0 0.0 0.0 0.0363255 0.0 0.0 0.0 5.96046e-08 0.0 0.987094 0.0 0.0 0.0 0.0 0.0 0.0 1.0 0.0 0.0 0.0 0.0 0.0 0.0 0.0 0.0567771 0.0 0.0187203 5.51343e-06 0.0 2.98023e-08 0.0 0.00465518 0.999979 0.0 5.50151e-05 0.0 0.0 0.0 0.0 2.68221e-07 0.0 0.00402081 6.25849e-07 0.0 0.0 0.0 0.0 1.60933e-06
0.0 0.0 0.0 0.0 0.0 0.0 0.0 0.0 0.0 0.0 0.991433 0.0 0.0 0.0 0.0 0.0 0.0 0.0 7.7486e-07 0.0 0.0 0.0 0.0 0.0 0.0 0.0 0.0 2.30372e-05 0.0 5.19454e-05 0.0 0.0 0.0 0.00137082 0.0 0.0 0.0 0.0 1.69873e-06 2.98023e-08 0.0 0.0 0.0 0.0 1.19209e-07 0.0 0.0 0.0 0.0 0.0 0.0 0.0 0.0 3.8147e-06 0.000379354 0.0 0.0 0.0 0.0 0.0 7.92444e-05 0.0 0.0 0.0
0.0 0.0 0.0 0.0 0.995754 0.0 5.97835e-05 0.0 0.0 0.0 0.0 2.98023e-08 0.999999 0.0 0.0 0.0 0.0 0.0 0.0 8.9407e-08 5.66244e-07 0.0 0.0 5.66244e-07 0.0 2.68221e-07 0.0 0.0 0.0 0.0 0.0 0.0015054 0.0 0.0 0.0 0.0 0.0 0.0 0.0 0.0 1.44243e-05 1.49012e-07 6.31809e-06 0.0 0.0 0.000328451 0.0 0.32199 2.38419e-07 0.0 0.0104358 0.000133336 0.0 0.0 0.0 5.96046e-08 0.855824 0.0 0.0 0.0 0.0 0.0 2.68221e-07 0.0023205
0.0 0.0 0.0 0.0 1.19209e-07 0.0 0.999925 0.0 0.0 0.0 0.0 0.0 0.0007599 0.0 0.0 0.0 0.0 0.0 0.0 0.0 0.0 0.0 0.0 0.0 0.0 0.0 0.0 0.0 0.0 0.0 0.0 0.0 0.0 0.0 0.0 0.0 0.0 0.0 0.0 0.0 0.0 0.0 0.0 0.0 0.0 0.0 0.0 6.39856e-05 0.0 0.0 1.66893e-06 0.0 0.0 0.0 0.0 0.0 0.0491249 0.0 0.0 0.0 0.0 0.0 1.78814e-07 0.0
0.0 0.0 0.0 0.000218153 0.0 0.955103 0.0 0.0 0.0 0.0 0.0 0.0 0.0 0.0 0.0 0.0 0.0 0.0 0.0 0.0 0.0 0.753144 0.0 0.0 0.986051 0.0 0.0 0.0 0.0 0.0 0.0 0.0 0.0 0.0 0.763701 0.0 0.0 0.0 0.0 0.0 0.0 0.0 0.0 0.0 0.0 0.0 0.0 0.0 0.0 0.0 0.0 0.0 0.0 0.0 0.0 0.0 0.0 0.0 0.0 0.0 0.0 0.753544 0.0 0.0
0.0 0.0 0.0 0.0 0.0 0.0 0.0 3.96371e-06 0.0 0.0 0.0825619 0.0 0.0 0.0 0.0 0.0 0.0 0.0 4.70877e-06 0.0 0.0 0.0 0.0 0.0 0.0 0.0 0.0 0.997496 0.0 0.166239 0.0 0.0 0.0 5.51343e-06 0.0 0.0 0.0 0.0 0.00465244 1.66893e-06 0.0 0.0 0.0 0.0 4.88162e-05 0.0 0.0 0.0 0.0 0.0 0.0 0.0 0.0 0.187023 0.000970542 0.0 0.0 0.0 0.0 0.0 5.48363e-06 0.0 0.0 0.0
0.0 0.0 0.0 0.0 0.0 0.0 0.0 8.9407e-08 0.0 0.0 0.000450224 0.0 0.0 0.0 0.0 0.0 0.0 0.0 0.0 0.0 0.0 0.0 0.0 0.0 0.0 0.0 0.0 0.853282 0.0 0.015029 0.0 0.0 0.0 1.54376e-05 0.0 0.0 0.0 0.0 0.00032869 1.09375e-05 0.0 0.0 0.0 0.0 1.19209e-07 0.0 0.0 0.0 0.0 0.0 0.0 0.0 0.0 0.863508 2.07424e-05 0.0 0.0 0.0 0.0 0.0 2.79248e-05 0.0 0.0 0.0
0.0 0.0 0.0 0.0 0.0 0.0 0.0 0.0 0.0 0.0 0.0 0.0 0.0 0.0 0.0 0.0 0.0 0.0 0.0 0.0 0.0 0.0 0.0 0.0 0.0 0.0 0.0 0.0 0.0 5.36442e-07 0.0 0.0 0.0 0.0 0.0 0.0 0.0 0.0 0.000526309 0.0 0.0 0.0 0.0 0.0 0.0 0.0 0.0 0.0 0.0 0.0 0.0 0.0 0.0 0.0 0.0 0.0 0.0 0.0 0.0 0.0 0.0 0.0 0.0 0.0
0.0 0.0 0.0 0.0 0.0 0.0 0.0 0.0 0.0 0.0 0.0 0.0 0.0 0.0 0.0 0.0 0.0 0.0 0.998237 0.0 0.0 0.0 0.0 0.0 0.0 0.0 0.0 0.0 0.0 2.98023e-08 0.0 0.0 0.0 1.19209e-07 0.0 0.0 0.0 0.0 1.19209e-07 0.0 0.0 0.0 0.0 0.0 0.0 0.0 0.0 0.0 0.0 0.0 0.0 0.0 0.0 0.0 0.0 0.0 0.0 0.0 0.0 0.0 0.0 0.0 0.0 0.0
4.87864e-05 0.0 0.0 0.0 0.0 0.0 2.38419e-07 0.0 0.0 0.0 0.0 0.0 0.051592 0.0 0.0 0.0 0.0 0.0 0.0 1.63913e-05 0.0 0.0 0.0 0.0 0.0 3.8743e-07 0.0 0.0 0.0 0.0 0.0 0.0 1.78814e-07 0.0 0.0 0.0 0.0 0.0 0.0 0.0 2.43485e-05 0.0 8.9407e-08 0.0 0.0 0.0 0.0 0.920739 0.0 0.0 1.0 0.0 0.0 0.0 0.0 0.0 5.96046e-08 0.0 1.78814e-07 0.0 0.0 0.0 2.68221e-07 0.0
0.0 0.0 0.0 0.0 0.0 0.0 2.21133e-05 0.0 0.0 4.88758e-06 0.0 1.49012e-07 0.000503063 0.0 0.0 0.0 0.0 0.0 0.0 1.3411e-06 0.0 0.0 0.0 0.115354 0.0 0.000114322 0.0 0.0 0.0 0.0 0.0 0.0 0.0 0.0 0.0 0.0 5.96046e-08 0.0 0.0 0.0 0.0 0.0 0.0 0.0 0.0 0.980777 0.0 0.00169456 4.70877e-06 0.0 5.06639e-07 0.0 0.0 0.0 0.0 0.00124082 0.000100613 0.00697991 0.0 0.0 0.0 0.0 0.0 1.19209e-07
0.0 0.0 0.0 0.374509 0.0 0.102641 0.0 0.0 0.0 0.0 0.0 0.0 0.0 0.0 0.0 0.0 0.0 0.0 0.0 0.0 0.0 0.982122 0.0 0.0 0.894574 0.0 0.0 0.0 0.0 0.0 0.0 0.0 0.0 0.0 0.00541613 0.0 0.0 0.0 0.0 0.0 0.0 0.0 0.0 0.0 0.0 0.0 0.0 0.0 0.0 0.0 0.0 0.0 0.0 0.0 0.0 0.0 0.0 0.0 0.0 3.63588e-06 0.0 0.991332 0.0 0.0
0.0 0.0 0.0 0.0 0.0 0.0 0.0 0.0 0.0 0.0 7.80821e-06 0.0 0.0 0.0 0.0 0.0 0.0 0.0 0.0 0.0 0.0 0.0 0.0 0.0 0.0 0.0 0.0 2.98023e-08 0.0 0.0 0.0 0.0 0.0 0.0 0.0 0.0 0.0 0.0 0.0 0.0 0.0 0.0 0.0 0.0 0.978911 0.0 0.0 0.0 0.0 0.0 0.0 0.0 0.0 0.0 3.24845e-05 0.0 0.0 0.0 0.0 0.0 2.91169e-05 0.0 0.0 0.0
0.0 0.0 0.0 0.0 1.49012e-07 0.0 1.60933e-06 0.0 0.0 1.09076e-05 0.0 2.98023e-08 0.000399292 0.0 0.0 0.0 0.0 0.0 0.0 0.0575554 0.0 0.0 0.0 1.04308e-06 0.0 0.999999 0.0 0.0 0.0 0.0 0.000317186 0.0 0.000441581 0.0 0.0 0.0 0.0 0.0 0.0 0.0 2.98023e-08 0.0 1.19209e-06 0.0 0.0 2.96533e-05 0.0 3.74317e-05 0.329177 0.0 6.76513e-06 0.0 0.0 0.0 0.0 2.68221e-07 4.47035e-07 7.7188e-06 0.0 0.0 0.0 0.0 1.19209e-07 2.71201e-06
0.0 8.9407e-08 0.0 0.0 0.0 0.0 0.0 0.997065 0.0 0.0 0.0 0.0 0.0 0.0 0.0 0.0 1.49012e-07 0.0 0.0 0.0 0.0 0.0 0.0 0.0 0.0 0.0 0.0 0.0119013 0.0 0.0 0.0 0.0 0.0 0.0 0.0 0.0 0.0 0.0 4.44651e-05 2.08616e-07 0.0 0.0 0.0 0.0 0.0 0.0 0.0 0.0 0.0 0.0 0.0 0.0 0.0 8.64267e-07 0.0 0.0 0.0 0.0 0.0 0.0 0.0 0.0 0.0 0.0
0.961371 0.0 0.0 0.0 0.0 0.0 0.0245192 0.0 0.0 5.36442e-06 0.0 6.55651e-07 0.989063 0.0 0.0 0.0 0.0 0.0 0.0 0.529628 0.0 0.0 0.0 0.00832549 0.0 0.000130504 0.0 0.0 0.0 0.0 0.0 0.0 0.174079 0.0 0.0 0.0 0.0 0.0 0.0 0.0 0.569894 0.0 0.00776276 0.00010106 0.0 8.84235e-05 0.0 1.0 0.000147492 0.0 0.999957 0.0 0.0 0.0 0.0 2.53022e-05 6.79493e-06 0.0413872 1.055e-05 0.0 0.0 0.0 4.79817e-06 3.01003e-06
0.0 0.0 0.0 0.0 0.999997 0.0 0.0 0.0 1.8239e-05 0.0 0.0 0.0 0.0 0.0 0.0 0.0 0.0 0.0 0.0 2.38419e-07 0.0 0.0 0.0 0.0 0.0 0.0 0.0 0.0 0.0 0.0 0.0 0.0 1.2219e-06 0.0 0.0 0.0 0.0 0.0 0.0 0.0 1.15633e-05 1.19209e-07 0.000298321 0.0 0.0 1.51992e-06 0.0 0.0 0.0 0.0 0.0 0.0 0.0 0.0 0.0 0.0 1.54972e-06 0.0 0.0 0.0 0.0 0.0 0.0 0.0
0.0 0.0 0.0 0.0 0.0 0.0 0.0 5.96046e-08 0.0 0.0 0.0 0.0 0.0 0.00115219 0.0 0.0 0.0 0.0 0.0 0.0 0.0 0.0 0.0 0.0 0.0 0.0 0.0 0.0 0.0 0.0 0.0 0.0 0.0 0.0 0.0 0.0 0.0 0.0 0.0 0.0 0.0 0.0 0.0 1.0 0.0 0.0 0.0 0.0 0.0 0.0 0.0 0.0 0.0 0.0 0.0 0.0 0.0 0.0 0.0 0.0 0.0 0.0 0.0 0.0
0.0 0.0 0.0 0.0 0.0 0.0 0.0 0.0 0.0 0.0 0.0 0.0 0.0 0.0 0.0 0.99999 0.0 0.0 0.0 0.0 0.0 0.0 0.0 0.0 0.0 0.0 0.0 0.0 0.0 0.0 0.0 0.0 0.0 0.0 0.0 0.0 0.0 0.0 0.0 0.0 0.0 0.0 0.0 0.0 0.0 0.0 0.0 0.0 0.0 0.0 0.0 0.0 0.0 0.0 0.0 0.0 0.0 0.0 0.0 0.0 0.0 0.0 0.0 0.0
0.0 0.0 0.0 0.00467733 0.0 0.0 0.0 0.0 0.0 0.0 0.0 0.0 0.0 0.0 0.0 0.0 0.0 0.0 0.0 0.0 0.0 0.00172058 0.0 0.0 0.982304 1.78814e-07 0.0 0.0 0.0 0.0 0.0 0.0 0.0 0.0 0.000481576 0.0 0.0 1.20103e-05 0.0 0.0 0.0 0.0 0.0 0.0 0.0 0.0 0.0 0.0 0.0 0.0 0.0 0.0 0.0 0.0 0.0 0.0 0.0 0.0 0.0 0.0 0.0 0.0 0.0 0.0
0.0 0.0 0.0 0.0 0.0 0.0 0.0 0.0 0.0 0.0 0.0 0.0 0.999957 0.0 0.0 0.0 0.0 0.0 0.0 0.0 0.0 0.0 0.0 0.0 0.0 0.0 0.0 0.0 0.0 0.0 0.0 0.0 0.0 0.0 0.0 0.0 0.0 0.0 0.0 0.0 0.0 0.000822186 0.0 0.0 0.0 0.0 0.0 1.19209e-07 0.0 0.0 0.0 0.0 0.0 0.0 0.0 0.0 0.0 0.0 0.0 0.0 0.0 0.0 0.0 0.0
0.0 0.0 0.0 0.0 0.0 0.0 0.0 0.0 0.0 0.0 0.0 0.0 0.0 0.0 0.0 0.0 0.0 0.0 0.0 0.0 1.49012e-07 0.0 0.0 0.0 0.0 0.0 0.0 0.0 0.0 0.0 0.0 0.0 0.0 0.0 0.0 0.0 0.0 0.0 0.0 0.0 0.0 0.0 0.0 0.0 0.0 0.0 0.0 5.90086e-06 0.0 0.0 0.0 0.999998 0.0 0.0 0.0 0.0 0.0 0.0 0.0 0.0 0.0 0.0 0.0 0.0
0.0 0.0 0.0 0.0 0.0 0.0 0.0 0.0 9.77516e-06 0.0 0.0 0.0 0.00458708 0.0 0.0 0.0 0.0 0.0 0.0 0.0 0.0 0.0 0.0 0.0 0.0 0.0 0.0 0.0 0.0 0.0 0.0 0.0 0.0 0.0 0.0 0.0 0.0 0.0 0.0 0.0 0.000133842 1.0 0.0 0.0 0.0 0.0 0.0 0.0038887 0.0 0.0 0.0 2.68221e-07 0.0 0.0 0.0 0.0 0.0 0.0 0.0 0.0 0.0 0.0 0.0 0.0
0.0 0.0 0.0 0.0 0.0 0.0 0.0 0.0 0.0 0.0 0.0 0.0 0.0 0.0 0.0 0.0 0.0 0.0 0.0 0.0 0.0 0.0 0.0 0.0 0.0 0.0 0.0 0.0 0.0 0.0 0.0 0.0 0.0 0.993701 0.0 0.0 0.0 0.0 0.0 0.0 0.0 0.0 0.0 0.0 0.0 0.0 0.0 0.0 0.0 0.0 0.0 0.0 0.0 0.0 0.0 0.0 2.98023e-08 0.0 0.0 0.0 0.0 0.0 0.0 0.0
0.0 0.0 0.0 0.0 0.0 0.0 0.0 0.0 0.0600064 0.0 0.0 8.9407e-08 0.0 0.0 0.0 0.0 0.0 0.0 0.0 0.00126624 0.00326604 0.0 0.0 2.0504e-05 0.0 0.0 0.0 0.0 2.98023e-08 0.0 0.0 0.999993 0.0 0.0 0.0 0.0 0.0 0.0 0.0 0.0 9.74536e-05 0.0 0.0 0.0 0.0 4.47035e-07 0.0 0.0 0.0 0.0 0.0 0.0 0.0 0.0 0.0 0.0 0.000198275 0.0 1.10269e-06 0.0 0.0 0.0 0.0 0.0
0.0 0.0 0.0 0.0 0.0 0.0 0.0 0.0 8.34465e-07 5.66244e-07 0.0 5.66244e-07 0.0 0.0 0.0 0.0 0.0 0.0 0.0 3.78489e-06 0.997771 0.0 0.0 1.60933e-06 0.0 0.0 0.0 0.0 0.0 0.0 0.0 8.9407e-08 0.0 0.0 0.0 0.0 0.0 0.0 0.0 0.0 1.78814e-07 0.0 0.0 0.0 0.0 0.00101078 0.0 0.0 1.49012e-07 0.0 0.0 0.0 0.0 0.0 0.0 0.0 0.0 0.0 0.000421911 0.0 0.0 0.0 0.0 0.0
0.0 0.0 0.0 0.0 0.0 0.0 0.0 0.0 0.0 0.0 0.00144005 0.0 0.0 1.70767e-05 0.0 0.0 0.0 0.00243461 0.0 0.0 0.0 0.0 0.0 0.0 0.0 0.0 3.06666e-05 0.0 0.0 0.0 0.0 0.0 0.0 0.0 0.0 1.99676e-06 0.0 0.0 0.0 0.0 0.0 0.0 0.0 0.0 0.000644952 0.0 0.0 0.0 0.0 0.0 0.0 0.0 0.0 0.99124 0.0 0.0 0.0 0.0 0.0 0.0 7.80821e-06 0.0 0.0 0.0
0.0 0.0 0.0 0.0 6.02007e-06 0.0 0.0 0.0 2.79546e-05 0.999715 0.0 0.0 0.0 0.0 0.0 0.0 0.0 0.0 0.0 5.96046e-08 0.0 0.0 0.0 0.0 0.0 0.0 0.0 0.0 0.0 0.0 0.0 0.0 2.98023e-08 0.0 0.0 0.0 0.0 0.0 0.0 0.0 2.96533e-05 0.0 5.96046e-08 0.0 0.0 0.0 0.0 0.0 0.0 0.0 0.0 0.0 0.0 0.0 0.0 0.0 0.0856565 0.0 0.0 0.0 0.0 0.0 0.0 0.0
0.0 0.0 0.0 0.0 0.0 0.0 0.0 0.0 0.00860271 0.0 0.0 0.0 0.000193357 0.0 0.0 0.0 0.0 0.0 0.0 0.000342071 0.0 0.0 0.0 0.0 0.0 0.0 0.0 0.0 0.0 0.0 0.0 0.0 0.0 0.0 0.0 0.0 0.0 0.0 0.0 0.0 0.0 0.245475 9.05991e-06 0.0 0.0 0.0 0.0 1.0 0.0 0.0 0.0 0.119084 0.0 0.0 0.0 0.0 0.0 0.000705421 7.11381e-05 0.0 0.0 0.0 0.0 0.0
1.49012e-07 0.0 0.0 0.0 0.0 0.0 5.24521e-06 0.0 0.0 0.0 0.0 1.0 0.0 0.0 1.20401e-05 0.0 0.0 0.0 0.0 1.19209e-07 0.000152528 0.0 0.0 0.0 0.0 0.0 0.0 0.0 1.3113e-06 0.0 0.0 1.78814e-07 0.0 0.0 0.0 0.0 1.35601e-05 0.0 0.0 0.0 1.2815e-05 0.0 0.0 0.0 0.0 5.96046e-08 0.0 0.0 0.0 0.0 0.0 0.0 0.0 0.0 0.0 1.75536e-05 0.0 0.0 0.0 0.0 0.0 0.0 2.08616e-07 0.0
0.0 0.0 0.0 0.0 0.0 0.0 0.0 6.25849e-07 0.0 0.0 0.0 0.0 0.0 3.66569e-06 0.0 0.0 5.66244e-07 0.000129163 0.0 0.0 0.0 0.0 0.0 0.0 0.0 0.0 0.986026 0.0 0.0 0.0 0.0 0.0 0.0 0.0 0.0 0.0 0.0 0.0 8.9407e-08 0.0 0.0 0.0 0.0 2.98023e-08 0.0 0.0 0.0 0.0 0.0 0.0 0.0 0.0 0.0 0.0 0.000586748 0.0 0.0 0.0 0.0 0.0 0.733996 0.0 0.0 0.0
0.0 0.0 0.0 0.0 0.0 0.0 0.0 0.0 0.0 0.0 0.0 0.0 0.0 0.0 0.0 0.0 0.998877 0.0 0.0 0.0 0.0 0.0 0.0 0.0 0.0 0.0 0.0 0.0 0.0 0.0 0.0 0.0 0.0 0.0 0.0 0.0 0.0 0.0 0.0 0.0 0.0 0.0 0.0 0.0 0.0 0.0 0.0 0.0 0.0 0.0 0.0 0.0 0.0 0.0 0.0 0.0 0.0 0.0 0.0 0.0 0.0 0.0 0.0 0.0
0.0 0.0 0.0 0.0 0.0 0.0 2.13683e-05 0.0 0.0 0.0 0.0 0.0 0.0 0.0 0.0 0.0 0.0 0.0 0.0 0.0 0.0 0.0 0.0 0.0 0.0 0.0 0.0 0.0 0.0 0.999439 0.0 0.0 0.0 0.0 0.0 0.0 0.0 0.0 0.0 0.0 0.0 0.0 0.0 0.0 0.0 0.0 0.0 0.0 0.0 0.0 0.0 0.0 0.0 0.0 0.0 0.0 0.0 0.0 0.0 0.0 0.0 0.0 2.0653e-05 0.0
0.0 0.0 0.0119598 0.0 0.0 0.0 0.0 0.0 0.0 0.0 8.34465e-07 0.0 0.0 0.0 0.0 0.0 0.0 0.0 0.0 0.0 0.0 0.0 0.0 0.0 0.0 0.0 0.0 0.984202 0.0 0.0 0.0 0.0 0.0 0.0 0.0 0.0 0.0 0.0 0.0 0.0 0.0 0.0 0.0 0.0 3.09944e-06 0.0 0.0 0.0 0.0 0.0 0.0 0.0 0.0 0.0 0.0 0.0 0.0 0.0 0.0 0.0 0.0 0.0 0.0 0.0
0.0 0.0 0.0 0.0 0.0 0.0 0.0 0.0 0.0 0.0 0.0 0.0 0.0 0.0 0.0 0.0 0.0 0.0 0.0 0.0 5.96046e-08 0.0 0.0 0.0 0.0 0.0 0.0 0.0 1.19209e-07 0.0 0.0 0.0 0.0 0.0 0.0 0.0 0.0 0.0 0.0 0.0 5.96046e-08 0.0 0.0 0.0 0.0 0.0 0.0 0.0 0.999979 0.0 0.0 0.0 0.0 0.0 0.0 0.0 0.0 0.0 1.33514e-05 0.0 0.0 0.0 0.0 0.0
0.0 0.0 0.0 0.0 0.0383176 0.0 0.0 0.0 0.0421404 0.0 0.0 0.0 0.0 0.0 0.0 0.0 0.0 0.0 0.0 0.324499 0.0 0.0 0.0 0.0 0.0 0.0 0.0 0.0 8.9407e-08 0.0 0.0 0.0 0.0 0.0 0.0 0.0 2.98023e-08 0.0 0.0 0.0 5.99027e-05 0.0 1.0 0.0 0.0 0.0 0.0 8.34465e-07 0.0 0.0 4.56274e-05 0.0 0.0 0.0 0.0 2.98023e-08 2.38419e-07 0.0 0.000960469 0.0 0.0 0.0 0.0 0.0
0.0 0.0 0.0 0.0 0.0 0.0 0.0 0.0 0.000135332 0.0 0.0 8.9407e-08 0.0 0.0 0.0 0.0 0.0 0.0 0.0 0.000288248 0.00146267 0.0 0.0 0.986046 0.0 0.0 0.0 0.0 2.68221e-07 0.0 0.0 1.01626e-05 0.0 0.0 0.0 0.0 2.08616e-07 0.0 0.0 0.0 3.05176e-05 0.0 3.8743e-07 0.0 0.0 1.19209e-07 0.0 0.0 0.0 0.0 0.0 0.0 0.0 0.0 0.0 0.000165552 5.06639e-07 0.0 0.284704 0.0 0.0 0.0 0.0 0.0
0.0 0.0 0.0 0.0 0.0 1.71065e-05 0.0 0.0 0.0 0.0 0.0 0.0 0.0 0.0 0.0 0.0 0.0 0.0 0.0 0.0 0.0 0.0 0.0 0.0 1.96397e-05 0.815583 0.0 0.0 0.0 0.0 0.0 0.0 0.0 0.0 0.982336 0.0 0.0 0.982125 0.0 0.0 0.0 0.0 0.0 0.0 0.0 0.0 0.0 0.0 0.0 0.0 0.0 0.0 0.0 0.0 0.0 0.0 0.0 0.0 0.0 0.0 0.0 0.0 0.0 0.0
0.0 0.0 0.0 0.0 0.0 0.0 2.68221e-07 0.0 0.0 0.0 0.0 0.0 0.0 0.0 0.0 0.0 0.0 0.0 0.0 0.0 0.0 0.0 0.0 0.0 0.0 0.0 0.0 0.0 0.0 0.0 0.0 0.0 0.0 0.0 0.0 0.0 0.0 0.0 0.0 0.0 0.0 0.0 0.0 0.0 0.0 0.0 0.0 0.0 0.0 0.0 0.0 0.0 0.0 0.0 3.8743e-07 0.0 0.0 0.0 0.0 0.0 0.0 0.0 0.999991 0.0
0.0 0.0 0.0 0.0 0.0 0.0 0.0 0.0 0.000211209 0.0 0.0 5.06639e-07 0.0 0.0 0.0 0.0 0.0 0.0 0.0 0.000530362 0.0195338 0.0 0.0 0.128177 0.0 0.0 0.0 0.0 2.98023e-08 0.0 0.0 0.00498089 0.0 0.0 0.0 0.0 1.49012e-07 0.0 0.0 0.0 2.20537e-06 0.0 0.0 0.0 0.0 7.30157e-06 0.0 0.0 0.0 0.0 0.0 0.0 0.0 0.0 0.0 1.19209e-07 1.49012e-07 0.0 0.00114566 0.0 0.0 0.0 0.0 0.0
0.0 0.0 0.0 0.0 0.0 0.0338681 0.0 0.0 0.0 0.0 0.0 0.0 0.0 0.0 0.0 0.0 0.0 0.0 0.0 0.0 0.0 0.0 0.0 0.0 0.0 0.982315 0.0 0.0 0.0 0.0 0.0 0.0 0.0 0.0 0.523114 0.0 0.0 0.992523 0.0 0.0 0.0 0.0 0.0 0.0 0.0 0.0 0.0 0.0 0.0 0.0 0.0 0.0 0.0 0.0 0.0 0.0 0.0 0.0 0.0 0.0 0.0 0.0 0.0 1.19209e-07
0.0 0.0 0.0 0.0 7.53999e-06 0.0 0.0 0.0 0.000395566 2.17557e-06 0.0 0.0 0.0 0.0 0.0 0.0 0.0 0.0 0.0 2.80142e-06 1.43349e-05 0.0 0.0 1.81496e-05 0.0 0.0 0.0 0.0 2.08616e-07 0.0 0.0 0.000139415 6.73532e-06 6.85453e-07 0.0 0.0 1.49012e-07 0.0 0.0 0.0 0.000217676 0.0 6.31809e-06 0.0 0.0 8.9407e-08 0.0 0.0 0.0 0.0 0.0 0.0 0.0 0.0 0.0 1.19209e-07 0.999802 0.0 0.000100315 0.0 0.0 0.0 0.0 0.0
0.0 0.0 0.0 0.0 0.0 0.0 0.0 0.990538 0.0 0.0 0.0 0.0 0.0 0.0198065 0.0 0.0 0.0 0.000534326 0.0 0.0 0.0 0.0 0.0 0.0 0.0 0.0 2.12491e-05 0.0 0.0 0.0 0.0 0.0 0.0 0.0 0.0 0.0 0.0 0.0 0.0 2.68221e-07 0.0 0.0 0.0 8.64267e-07 0.0 0.0 0.0 0.0 0.0 0.0 0.0 0.0 0.0 0.0 0.000140727 0.0 0.0 0.0 0.0 0.0 2.17557e-06 0.0 0.0 0.0
0.0 0.0 0.0 0.0 0.0 0.0 0.0 0.0 0.0 0.0 7.24196e-06 0.0 0.0 0.0 0.0 0.0 0.0 0.0 0.0 0.0 0.0 0.0 0.0 0.0 0.0 0.0 0.0 0.0 0.0 0.0 0.0 0.0 0.0 0.0 0.0 0.000578105 0.0 0.0 0.0 0.0 0.0 0.0 0.0 0.0 0.934079 0.0 0.0 0.0 0.0 0.0 0.0 0.0 0.0 1.19507e-05 0.0 0.0 0.0 0.0 0.0 0.0 0.0 0.0 0.0 0.0
0.0 0.0 0.0 0.0 0.000572711 0.0 0.0 0.0 0.00235307 5.96046e-08 0.0 0.0 0.0 0.0 0.0 0.0 0.0 0.0 0.0 0.000361413 0.0 0.0 0.0 3.12924e-06 0.0 0.0 0.0 0.0 1.55568e-05 0.0 0.0 0.0 0.0 0.0 0.0 0.0 7.7486e-07 0.0 0.0 0.0 0.999998 0.000348985 0.143707 0.0 0.0 0.00030452 0.0 0.0 0.0 0.0 2.68221e-07 0.0 0.0 0.0 0.0 4.17233e-07 5.71907e-05 0.0 0.00333056 0.0 0.0 0.0 0.0 0.0
0.0 0.99972 0.0 0.0 0.0 0.0 0.0 0.0 0.0 0.0 0.0 0.0 0.0 0.0 0.0 0.0 0.0 0.0 0.0 0.0 0.0 0.0 0.0 0.0 0.0 0.0 0.0 0.0 0.0 0.0 0.0 0.0 0.0 0.0 0.0 0.0 0.0 0.0 4.76837e-07 0.0 0.0 0.0 0.0 0.0 0.0 0.0 0.0 0.0 0.0 0.0 0.0 0.0 0.0 0.0 0.0 0.0 0.0 0.0 0.0 0.0 0.0 0.0 0.0 0.0
0.0 0.0 0.0 0.0 0.0 0.0 0.0 0.0 0.0 0.0 0.0 0.0 0.0 0.0 0.0 0.0 0.0 0.0 0.0 0.0 0.0 0.0 0.0 0.0 0.0 0.0 0.0 0.0 0.0 0.0 0.0 0.0 0.0 0.0 0.0 0.0 0.0 0.0 0.0 0.0 0.0 0.0 0.0 0.0 0.0 0.0 0.0 0.0 0.0 0.0 0.0 0.0 0.999792 0.0 0.0 0.0 0.0 0.0 0.0 0.0 0.0 0.0 0.0 0.0
0.0 0.0 0.0 0.0 0.0 0.0 0.0 0.0 0.00625134 0.0 0.0 0.0 0.0 0.0 0.0 0.0 0.0 0.0 0.0 0.000677317 0.00444034 0.0 0.0 0.464925 0.0 0.0 0.0 0.0 0.0 0.0 0.0 1.3411e-05 0.0 0.0 0.0 0.0 5.96046e-08 0.0 0.0 0.0 2.44379e-06 0.0 1.78814e-07 0.0 0.0 0.000127137 0.0 0.0 0.0 0.0 0.0 0.0 0.0 0.0 0.0 1.49012e-07 1.78814e-07 0.0 0.479424 0.0 0.0 0.0 0.0 0.0
0.0 0.0 0.0 0.0 3.39746e-06 0.0 0.0 0.0 0.0 0.0 0.0 0.0 0.0 0.0 0.0 0.0 0.0 0.0 0.0 0.0 0.0 0.0 0.0 0.0 0.0 0.0 0.0 0.0 0.0 0.0 0.0 0.0 0.0 0.0 0.0 0.0 0.0 0.0 0.0 0.0 0.0 0.0 0.000127167 0.0 0.0 0.0 0.0 0.0 0.0 0.0 0.999999 0.0 0.0 0.0 0.0 0.0 0.0 0.0 0.0 0.0 0.0 0.0 0.0 7.48038e-06
0.0 0.0 0.0 0.0 0.0 0.0 0.0 0.0 0.0 0.0 0.0 0.0 0.0 0.0 0.0 0.0 0.0 0.0 0.0 0.0 0.0 0.0 0.0 0.0 0.0 0.0 0.0 0.0 0.0 0.0 0.0 0.0 0.363661 0.0 0.0 0.0 1.19209e-07 0.0 0.0 0.0 0.0 0.0 0.0 0.0 0.0 0.0 0.0 0.0 0.0 0.0 0.0 0.0 0.0 0.0 0.0 0.0 0.0 0.0 0.0 0.0 0.0 0.0 0.0 0.0
0.0 0.0 0.0 0.0 0.0 5.63264e-06 0.0 0.0 0.0 0.0 0.0 0.0 0.0 0.0 0.0 0.0 0.0 0.0 0.0 0.0 0.0 0.0 0.999892 0.0 0.0 0.0 0.0 0.0 0.0 0.0 0.0 0.0 0.0 0.0 0.0 0.0 0.0 0.0 0.0 0.0 0.0 0.0 0.0 0.0 0.0 0.0 0.0 0.0 0.0 0.0 0.0 3.78489e-06 0.0 0.0 0.0 0.0 0.0 0.0 0.0 0.0 0.0 0.0 0.0 0.0
0.0 0.0 0.0 0.0 0.0 0.0 0.0 0.0 0.0 0.0 0.0 1.49012e-07 0.0 0.0 0.0 0.0 0.0 0.0 0.0 0.0 0.0 0.0 0.0 0.0 0.0 0.0 0.0 0.0 0.999999 0.0 0.0 0.0 0.0 0.0 0.0 0.0 0.0 0.0 0.0 0.0 0.000323743 0.0 0.0 0.0 0.0 0.0 0.0 0.0 4.71473e-05 0.0 0.0 0.0 0.0 0.0 0.0 0.0 0.0 0.0 1.79112e-05 0.0 0.0 0.0 0.0 0.0
0.0 0.0 0.0 0.0 0.0 0.0 0.0 0.0 3.57628e-07 0.0 0.0 0.00256401 0.0 0.0 0.0 0.0 0.0 0.0 0.0 0.000939488 2.36928e-05 0.0 0.0 0.000168383 0.0 0.0 0.0 0.0 8.43406e-06 0.0 0.0 0.0 2.68221e-07 0.0 0.0 0.0 0.255865 0.0 0.0 0.0 2.11596e-06 0.0 1.87755e-06 0.0 0.0 0.0 0.0 0.0 0.0 0.0 0.0 0.0 0.0 0.0 0.0 0.999998 2.98023e-08 0.0 0.000177592 0.0 0.0 0.0 0.0 0.0
0.0 0.0 0.0 0.0 0.0 0.0 0.0 0.0 0.0 0.0 0.0 0.0 0.0 0.0 0.916901 0.0 0.0 0.0 0.0 0.0 0.0 0.0 0.0 0.0 0.0 0.0 0.0 0.0 0.0 0.0 0.0 0.0 0.0 0.0 0.0 0.0 0.0 0.0 0.0 0.0 0.0 0.0 0.0 0.0 0.0 0.0 0.0 0.0 0.0 0.0 0.0 0.0 0.0 0.0 0.0 0.0 0.0 0.0 0.0 0.0 0.0 0.0 0.0 0.0
0.999992 0.0 0.0 0.0 0.0 0.0 0.0 0.0 0.0 0.0 0.0 5.66244e-07 0.0 0.0 0.0 0.0 0.0 0.0 0.0 0.0 0.0 0.0 0.0 0.0 0.0 0.0 0.0 0.0 0.0 0.0 0.0 0.0 0.0 0.0 0.0 0.0 6.25849e-07 0.0 0.0 0.0 0.0 0.0 0.0 0.0 0.0 0.0 0.0 0.0 0.0 0.0 0.0 0.0 0.0 0.0 0.0 0.0 0.0 0.0 0.0 0.0 0.0 0.0 0.0 0.0
0.0 0.0 0.0 0.0 0.0 0.0 0.0 0.0 0.0 0.0 0.0 0.0 0.0 0.0 0.0 0.0 0.0 0.0 0.0 0.0 0.0 0.0 0.0 0.0 0.0 0.0 0.0 0.0 0.0 0.0 0.0 0.0 0.0 0.0 0.0 0.0 0.0 0.0 0.999587 0.0 0.0 0.0 0.0 0.0 0.0 0.0 0.0 0.0 0.0 0.0 0.0 0.0 0.0 0.0 5.63264e-06 0.0 0.0 0.0 0.0 0.0 5.96046e-08 0.0 0.0 0.0
0.0 0.0 0.0 0.0 0.00144571 0.0 0.0 0.0 1.0 8.9407e-08 0.0 0.0 0.0 0.0 0.0 0.0 0.0 0.0 0.0 0.0862417 0.000128806 0.0 0.0 2.08616e-07 0.0 0.0 0.0 0.0 0.0 0.0 0.0 0.00774303 0.0 0.0 0.0 0.0 0.0 0.0 0.0 0.0 0.000287265 2.11596e-06 0.188745 0.0 0.0 5.51343e-06 0.0 0.000117213 0.0 0.0 1.49012e-07 2.38419e-07 0.0 0.0 0.0 0.0 0.000516713 0.0 0.000146508 0.0 0.0 0.0 0.0 0.0
0.0 0.0 0.0 0.0 0.0 0.0 0.0 0.0 5.06639e-07 0.0 0.0 0.0 0.0 0.0 0.0 0.0 0.0 0.0 0.0 2.98023e-07 1.3411e-06 0.0 0.0 0.000281721 0.0 0.0 0.0 0.0 0.00935534 0.0 0.0 0.0 0.0 0.0 0.0 0.0 1.13249e-06 0.0 0.0 0.0 5.39422e-06 0.0 6.85453e-07 0.0 0.0 0.0 0.0 0.0 1.16229e-06 0.0 0.0 0.0 0.0 0.0 0.0 1.78814e-07 0.0 0.0 0.996083 0.0 0.0 0.0 0.0 0.0
0.0 0.0 0.0 0.0 3.98159e-05 0.0 0.0 0.0 0.0 0.0 0.0 0.0 0.0 0.0 0.0 0.0 0.0 0.0 0.0 1.2219e-06 0.0 0.0 0.0 0.0 0.0 0.0 0.0 0.0 0.0 0.0 0.0 0.0 0.0 0.0 0.0 0.0 0.0 0.0 0.0 0.0 0.0 0.0 0.136544 0.0 0.0 0.0 0.0 0.0 0.0 0.0 4.47035e-07 0.0 0.0 0.0 0.0 0.0 0.0 0.0 1.78814e-07 0.0 0.0 0.0 0.0 0.0
2.11596e-06 0.0 0.0 0.0 0.0 0.0 0.0 0.0 1.49012e-07 0.0 0.0 8.76188e-06 0.0 0.0 0.0 0.0 0.0 0.0 0.0 0.0071916 1.01328e-06 0.0 0.0 2.98023e-08 0.0 0.0 0.0 0.0 0.0 0.0 0.0 0.0 1.2517e-06 2.41995e-05 0.0 0.0 0.993866 0.0 0.0 0.0 2.98023e-08 0.0 4.85778e-05 0.0 0.0 0.0 0.0 0.0 0.0 0.0 0.0 0.0 0.0 0.0 0.0 0.00760442 8.9407e-08 2.08616e-07 1.19209e-07 0.0 0.0 0.0 0.0 0.0
0.0 0.0 0.0 0.0 0.0 0.0 0.0 0.0001342 0.0 0.0 0.0 0.0 0.0 0.962957 0.0 0.0 8.9407e-08 8.55029e-05 0.0 0.0 0.0 0.0 0.0 0.0 0.0 0.0 4.05312e-06 0.0 0.0 0.0 0.0 0.0 0.0 0.0 0.0 0.0 0.0 0.0 0.0 0.0 0.0 0.0 0.0 6.55651e-07 0.0 0.0 0.0 0.0 0.0 0.0 0.0 0.0 0.0 4.76837e-07 1.49012e-07 0.0 0.0 0.0 0.0 0.0 5.42402e-06 0.0 0.0 0.0
0.0 0.0 0.0 0.0 0.0 0.0 0.0 0.0 2.08616e-07 0.0 0.0 0.000554711 0.0 0.0 0.0 0.0 0.0 0.0 0.0 8.9407e-08 5.96046e-07 0.0 0.0 0.0 0.0 0.0 0.0 0.0 0.0 0.0 0.0 0.000130355 0.0 0.0 0.0 0.0 0.0 0.0 0.0 0.0 2.08616e-07 0.0 0.0 0.0 0.0 0.0 0.0 0.0 0.0 0.0 0.0 0.0 0.0 0.0 0.0 0.0 0.0 0.0 0.0 0.0 0.0 0.0 0.0 0.0
0.0 0.0 0.0 0.000463158 0.0 0.0 0.0 0.0 0.0 0.0 0.0 0.0 0.0 0.0 0.0 0.0 0.0 0.0 0.0 0.0 0.0 0.660373 0.0 0.0 0.0 0.0 0.0 0.0 0.0 0.0 0.973264 0.0 0.0 0.0 0.0 0.0 0.0 0.0 0.0 0.0 0.0 0.0 0.0 0.0 0.0 0.0 8.9407e-08 0.0 0.0 0.0 0.0 0.0 0.0 0.0 0.0 0.0 0.0 0.0 0.0 0.275444 0.0 0.0 0.0 0.0
0.0 0.0 0.0 0.0 0.0 4.29153e-06 0.0 0.0 0.0 0.0 0.0 0.0 0.990331 0.0 0.0 0.0 0.0 0.0 0.0 0.0 1.19209e-07 0.0 0.0 0.0 0.0 0.0 0.0 0.0 0.0 0.0 0.0 0.0 0.0 0.0 0.0 0.0 0.0 0.0 0.0 0.0 0.0 7.92742e-06 0.0 0.0 0.0 0.0 0.0 0.0 0.0 2.98023e-08 0.0 0.00212666 0.0 0.0 0.0 0.0 0.0 0.0 0.0 0.0 0.0 6.28829e-06 0.0 8.58307e-06
0.0 0.0 0.0 0.0 0.0 0.0 0.0 0.0 2.98023e-07 0.0 0.0 0.0 0.0 0.0 0.0 0.0 0.0 0.0 0.0 1.80304e-05 8.9407e-08 0.0 0.0 0.0 0.0 0.0 0.0 0.0 0.0 0.0 0.0 0.0 0.0 0.0 0.0 0.0 0.0 0.0 0.0 0.0 0.0 5.96046e-08 0.0 0.0 0.0 0.0 0.0 3.78191e-05 8.9407e-08 0.0 0.0 0.0 0.0 0.0 0.0 0.0 0.0 1.0 0.0 0.0 0.0 0.0 0.0 0.0
0.0 0.0 0.0 0.0 0.0 0.0 0.0 2.32458e-06 0.0 0.0 0.0 0.0 0.0 2.98023e-08 0.0 0.0 0.0 0.0 0.0 0.0 0.0 0.0 0.0 0.0 0.0 0.0 1.19209e-07 0.0 0.0 0.0 0.0 0.0 0.0 0.0 0.0 0.0 0.0 0.0 2.68221e-06 5.66244e-07 0.0 0.0 0.0 0.0 0.0 0.0 0.0 0.0 0.0 0.0 0.0 0.0 0.0 0.0 0.963125 0.0 0.0 0.0 0.0 0.0 0.0 0.0 1.19209e-07 0.0
0.0 0.0 0.0 0.0 0.0 2.6226e-06 0.0 0.0 0.0 0.0 0.0 0.0 0.0 0.0 0.0 0.0 0.0 0.0 0.0 0.0 0.0 0.0 0.0 0.0 0.0 0.0 0.0 0.0 0.0 0.0 0.0 0.0 0.0 0.0 0.0 0.0 0.0 0.0 0.0 0.0 0.0 0.0 0.0 0.0 0.0 0.0 0.0 0.0 0.0 0.0 0.0 0.0 0.0 0.0 0.0 0.0 0.0 0.0 0.0 0.0 0.0 0.0 0.0 0.999999
0.0 0.0 0.0 0.0 1.19209e-07 0.0 0.0 0.0 0.000916272 0.0 0.0 0.0 0.0 0.0 0.0 0.0 0.0 0.0 0.0 0.999994 0.0 0.0 0.0 0.0 0.0 0.0 0.0 0.0 0.0 0.0 0.0 0.0 0.0 0.0 0.0 0.0 2.27988e-05 0.0 0.0 0.0 2.68221e-07 0.0 0.0738636 0.0 0.0 0.0 0.0 2.5332e-06 0.0 0.0 8.9407e-08 0.0 0.0 0.0 0.0 0.0 0.0 0.0 8.9407e-08 0.0 0.0 0.0 0.0 0.0
0.0 0.0 0.0 0.0 0.0 0.0 0.0 0.0 0.0 0.0 0.0 0.0 0.0 0.0 0.0 0.0 0.0 0.0 0.0 0.0 0.0 0.0 0.0 0.0 0.0 0.0 0.0 0.0 0.0 0.0 0.0 0.0 0.0 0.0 0.0 0.0 0.0 0.0 0.0 0.0 0.0 0.0 0.0 0.0 0.0 0.0 0.0 0.0 0.0 0.0 0.0 0.0 0.0 0.0 0.0 0.0 0.0 0.0 0.0 0.0 0.0 0.999992 0.0 0.0
0.0 0.0 0.0 0.0 0.0 0.0 0.0 1.3411e-06 0.0 0.0 0.0 0.0 0.0 1.01328e-05 0.0 0.0 1.78814e-07 0.060495 0.0 0.0 0.0 0.0 0.0 0.0 0.0 0.0 0.454974 0.0 0.0 0.0 0.0 0.0 0.0 0.0 0.0 2.98023e-08 0.0 0.0 0.0 0.0 0.0 0.0 0.0 5.96046e-07 0.0 0.0 0.0 0.0 0.0 0.0 0.0 0.0 0.0 1.66893e-06 4.47035e-07 0.0 0.0 0.0 0.0 0.0 0.985429 0.0 0.0 0.0
0.0 0.0 0.0 0.0 0.0 0.0 0.0 1.57356e-05 0.0 0.0 0.0 0.0 0.0 2.20537e-06 0.0 0.0 0.0 0.0 2.08616e-07 0.0 0.0 0.0 0.0 0.0 0.0 0.0 0.0 0.0 0.0 0.0 0.0 0.0 0.0 0.0 0.0 0.0 0.0 0.0 0.0 0.996858 0.0 0.0 0.0 0.0 0.0 0.0 0.0 0.0 0.0 0.0 0.0 0.0 0.0 0.0 0.000189155 0.0 0.0 0.0 0.0 0.0 0.0 0.0 0.0 0.0
0.0 0.0 0.0 0.0 0.0 0.0 0.0 0.0 1.78814e-07 0.0 0.0 0.561971 0.0 0.0 0.0 0.0 0.0 0.0 0.0 7.15256e-07 1.19209e-07 0.0 0.0 0.0 0.0 0.0 0.0 0.0 1.78814e-07 0.0 0.0 1.72853e-06 0.0 0.0 0.0 0.0 2.68221e-07 0.0 0.0 0.0 0.00345543 0.0 0.0 0.0 0.0 3.45707e-06 0.0 0.0 0.0 0.0 0.0 0.0 0.0 0.0 0.0 1.60933e-06 4.17233e-07 0.0 0.0 0.0 0.0 0.0 0.0 0.0
0.0 0.0 0.0 0.0 0.0 0.0 0.999962 0.0 0.0 0.0 0.0 0.0 0.0 0.0 0.0 0.0 0.0 0.0 3.57628e-07 0.0 0.0 0.0 0.0 0.0 0.0 0.0 0.0 0.0 0.0 0.0 0.0 0.0 0.0 0.0 0.0 0.0 0.0 0.0 0.0 0.0 0.0 0.0 0.0 0.0 0.0 0.0 0.0 0.0 0.0 0.0 0.0 0.0 0.0 0.0 0.0 0.0 0.0 0.0 0.0 0.0 0.0 0.0 0.0 0.0
0.0 0.0 0.0 0.0 3.45707e-06 0.0 0.0 0.0 2.28584e-05 8.9407e-08 0.0 0.0 0.0 0.0 0.0 0.0 0.0 0.0 0.0 0.0 2.98023e-08 0.0 0.0 0.0 0.0 0.0 0.0 0.0 0.0 0.0 0.0 0.0 0.0 0.0 0.0 0.0 0.0 0.0 0.0 0.0 0.00107777 8.9407e-08 0.0 0.0 0.0 0.998185 0.0 0.0 0.0 0.0 0.0 0.0 0.0 0.0 0.0 0.0 0.0 0.0 0.0 0.0 0.0 0.0 0.0 0.0
0.0 0.0 0.0 0.0 0.0 0.0 0.0 0.0 2.98023e-08 0.0 0.0 0.0 0.0 0.0 0.0 0.0 0.0 0.0 0.0 8.64267e-07 6.07967e-06 0.0 0.0 0.0 0.0 0.0 0.0 0.0 0.0 0.0 0.0 0.0 0.0 0.0 0.0 0.0 0.0 0.0 0.0 0.0 0.0 0.0 0.0 0.0 0.0 0.0 0.0 2.98023e-08 0.0 0.0 0.0 1.78814e-07 0.0 0.0 0.0 0.0 0.0 0.0 8.9407e-08 0.0 0.0 0.0 0.0 0.0
0.0 0.0 0.0 0.979686 0.0 0.0 0.0 0.0 0.0 0.0 0.0 0.0 0.0 0.0 0.0 0.0 0.0 0.0 0.0 0.0 0.0 0.993822 0.0 0.0 0.0490066 0.0 0.0 0.0 0.0 0.0 1.51992e-05 0.0 0.0 0.0 0.0 0.0 0.0 0.0 0.0 0.0 0.0 0.0 0.0 0.0 0.0 0.0 0.0 0.0 0.0 0.0 0.0 0.0 0.0 0.0 0.0 0.0 0.0 0.0 0.0 0.0 0.0 0.0 0.0 0.0
0.0 0.0 0.0 0.0 0.0 0.0 0.0 0.0 0.0 0.0 1.00434e-05 0.0 0.0 0.0 0.0 0.0 0.0 1.19209e-07 0.0 0.0 0.0 0.0 0.0 0.0 0.0 0.0 0.0 0.0 0.0 0.0 0.0 0.0 0.0 0.0 0.0 0.994278 0.0 0.0 0.0 0.0 0.0 0.0 0.0 0.0 0.00247654 0.0 0.0 0.0 0.0 0.0 0.0 0.0 0.0 4.76837e-07 0.0 0.0 0.0 0.0 0.0 0.0 0.0 0.0 0.0 0.0
0.0 0.0 0.0 0.0 0.0 0.99798 0.0 0.0 0.0 0.0 0.0 0.0 0.0 0.0 0.0 0.0 0.0 0.0 0.0 0.0 0.0 0.0 1.3411e-06 0.0 0.0 0.00434721 0.0 0.0 0.0 0.0 0.0 0.0 0.0 0.0 4.76837e-07 0.0 0.0 0.137836 0.0 0.0 0.0 0.0 0.0 0.0 0.0 0.0 0.0 0.0 0.0 0.0 0.0 0.0 0.0 0.0 0.0 0.0 0.0 0.0 0.0 0.0 0.0 0.0 0.0 1.7494e-05
0.0 0.0 0.0 0.0 0.0 0.0 5.36442e-07 0.0 0.0 0.0 0.0 0.0 0.0 0.0 0.0 0.0 0.0 0.0 0.99999 0.0 0.0 0.0 0.0 0.0 0.0 0.0 0.0 0.0 0.0 0.0 0.0 0.0 0.0 0.0 0.0 0.0 0.0 0.0 0.0 0.0 0.0 0.0 0.0 0.0 0.0 0.0 0.0 0.0 0.0 0.0 0.0 0.0 0.0 0.0 0.0 0.0 0.0 0.0 0.0 0.0 0.0 0.0 0.0 0.0
0.0 0.0 0.0 0.0 0.0 0.0 0.0 0.0 0.0 0.0 0.0 0.0 0.000468075 0.0 0.0 0.0 0.0 0.0 0.0 0.0 0.0 0.0 0.0 0.0 0.0 5.96046e-08 0.0 0.0 0.0 0.0 0.0 0.0 0.0 0.0 0.0 0.0 0.0 1.49012e-07 0.0 0.0 0.0 2.98023e-08 0.0 0.0 0.0 0.0 0.0 1.78814e-07 0.0 0.0 0.0 0.0 0.0 0.0 0.0 0.0 0.0 0.0 0.0 0.0 0.0 0.0 0.0 2.98023e-08
46 59 21 37 49 10 17 2 30 3 34 14 54 53 27 15 52 24 22 26 39 60 44 16 61 25 62 7 38 35 13 29 5 56 18 33 0 28 11 1 51 6 48 32 4 40 9 43 19 41 57 50 12 8 20 36 42 58 45 63 47 31 23 55
