8
0.0 0.0 0.0 0.0 0.0 0.0 0.0 0.0 0.0 4.36306e-05 0.0 0.0 0.0 0.0 0.0 0.0 5.96046e-08 0.0 0.0 0.0 0.0 0.0 0.0 2.68221e-07 2.17557e-06 0.0 0.0 0.0 0.0 0.0 5.93066e-06 0.0 0.0 0.0 0.0 0.0 0.0 0.0 0.0 0.0 0.0 0.0 2.38419e-07 0.00118425 0.0 0.0 0.0 0.0 0.0 0.0 0.993538 0.0 0.0 0.0 0.0 0.0 0.0 0.0 0.0 0.0 0.0 7.03633e-05 0.0 0.0
0.0 0.0 0.0 0.0 5.96046e-08 0.0 0.0 0.0 0.0 0.0 0.0 0.0 8.9407e-08 5.96046e-08 0.0 0.0 0.0 0.0 0.0 0.0 4.47035e-07 0.000161201 0.0 0.0 0.0 0.0 0.0 0.0 0.0 0.0 0.0 0.0 0.0 0.000276446 5.96046e-08 0.0 0.0 0.999235 0.0 0.0 0.0 0.0 0.0 0.0 0.0 0.0 0.0 0.0 0.0 0.0 0.0 0.0 0.00143492 0.0 0.0 0.0 0.0 0.0 0.0 0.0 0.0 0.0 0.0 0.0
0.0 1.49012e-07 2.86102e-06 0.0 5.27501e-06 0.16905 0.999122 0.0 0.0 0.0 0.0 0.0 0.0 0.0 0.000679731 0.0 0.0 8.9407e-08 0.0 0.0 3.24845e-06 1.19209e-07 0.0 0.0 1.08182e-05 0.0 0.0 0.0 0.0 0.0 3.15905e-06 0.0 0.0 0.0 9.56655e-06 0.0 0.0 0.0 0.0 0.0 0.0 0.0 0.000575066 0.00030297 0.0 0.0 0.0 0.0 0.0 0.0 0.0 0.0 0.0 1.37389e-05 0.0221755 0.0 0.0 8.34465e-07 0.0 0.0 0.0 0.0 0.0 0.0
0.0 0.0 0.0 0.0 0.0 0.0 0.0 0.0 0.0 0.0 0.0 0.0 0.0 0.0 0.0 0.0 0.0 0.0 0.0 0.0 0.0 0.0 0.0 0.0 0.0 0.0 0.0 0.0 0.0 0.0 0.0 0.0 0.0 0.0 0.0 0.0 0.0 0.0 0.0 0.0 0.0 0.0 0.0 0.0 0.0 0.0 0.0 0.0 0.0 0.0 0.0 0.0 0.0 0.0 0.0 0.0 0.0 0.0 0.0 0.0 0.0 0.0 0.997585 0.0
0.0 0.00111371 0.0 1.49012e-07 0.8887 0.000919372 8.04663e-06 0.0 0.0 0.0 0.0 0.0 0.0 0.0 0.000744075 0.0 0.0 1.73748e-05 0.0 0.0 0.981444 0.00773898 0.0 0.0 0.000115484 0.0 0.0 0.0 0.0 0.0 3.45707e-06 0.0 0.0 6.68466e-05 0.0 2.02656e-06 0.0 5.66244e-07 0.000337303 0.0 0.0 0.0 0.00759417 1.96695e-06 0.0 0.0 0.0 0.0 0.0 0.0 0.0 8.11517e-05 0.0 0.0 1.40071e-06 0.0 0.0 0.0 0.0 1.78814e-07 0.0 0.0 0.0 0.0
0.0 2.98023e-07 4.47035e-07 0.0 1.12057e-05 0.195265 0.0384963 0.0 0.0 1.19209e-07 0.0 0.0 0.0 0.0 0.000513256 0.0 0.0 1.78814e-07 0.0 0.0 3.42727e-06 0.0 0.0 0.0 5.1558e-06 0.0 0.0 0.0 0.0 0.0 2.11e-05 0.0 0.0 0.0 1.2219e-06 9.53674e-07 0.0 0.0 8.9407e-08 0.0 0.0 0.0 0.000590265 6.88434e-06 0.0 0.0 0.0 0.0 0.0 0.0 5.96046e-08 0.0 0.0 0.0293486 0.99545 0.0 0.0 2.05636e-06 0.0 0.0 5.96046e-08 0.0 0.0 0.0
0.0 6.45816e-05 0.0 0.0 0.000157714 0.0398217 0.00326097 0.0 0.0 0.0 0.0 0.0 0.0 0.0 0.989793 0.0 0.0 0.0 0.0 0.0 0.000494182 5.36442e-07 0.0 0.0 0.000188559 0.0 0.0 0.0 0.0 0.0 1.49012e-07 0.0 0.0 2.98023e-08 1.78814e-07 8.9407e-08 0.0 0.0 2.98023e-07 0.0 0.0 0.0 0.0063633 0.000131816 0.0 0.0 0.0 0.0 0.0 0.0 0.0 0.0 0.0 6.88434e-06 0.00198907 0.0 0.0 0.0 0.0 0.0 0.0 0.0 0.0 0.0
0.0 0.0 0.0 0.0 0.0 0.0 0.0 0.000140727 0.0 0.0 0.0 0.0 0.0 0.0 0.0 0.0 0.0 0.0 0.0 0.0 0.0 0.0 0.0 0.0 0.0 0.0 0.0 0.0 0.0 0.0 0.0 0.0 0.0 0.0 0.0 0.0 0.0 0.0 0.0 0.0 0.0 0.0 0.0 0.0 0.0 0.0 0.0 0.0 0.0 0.0 0.0 0.0 0.0 0.0 0.0 0.999879 0.0 0.0 0.0 0.0 0.0 0.0 0.0 5.66244e-07
0.0 0.0433402 0.0 0.000396818 0.0396523 1.19209e-07 0.0 0.0 0.0 0.0 0.0 0.0 0.0 0.0 1.19209e-07 0.0 0.0 0.00122529 0.0 0.0 0.000133187 0.0 0.0 0.0 0.00855148 0.0 0.0 0.0 0.0 0.0 2.08616e-07 0.0 0.0 0.0 0.0 9.95398e-06 0.0 0.0 0.988437 0.0 0.0 0.0 0.00188455 0.0 0.0 0.0 0.0 0.0 0.0 0.0 0.0 0.00222003 0.0 0.0 0.0 0.0 0.0 0.0 0.0 0.0 0.0 0.0 0.0 0.0
0.0 8.9407e-08 0.0 0.0 2.98023e-08 0.0 0.0 0.0 0.0 0.0 0.0 0.0 0.0 0.0 0.0 0.0 0.0 0.0 0.0 0.0 0.0 1.00732e-05 0.0 0.0 0.0 0.0 0.0 0.0 0.0 0.0 0.0 0.0 0.0 2.08616e-07 0.0 0.0 0.0 0.000756651 2.98023e-08 0.0 0.0 0.0 0.0 0.0 0.0 0.0 0.0 0.0 0.0 0.0 0.0 1.92225e-05 0.999451 0.0 0.0 0.0 0.0 0.0 0.0 0.0 0.0 0.0 2.84612e-05 0.0
0.000389159 0.0 0.0 0.0 0.0 0.0 0.0 0.0 0.0 0.0 0.000120133 0.0 0.0 0.0 0.0 0.0 0.0 0.0 1.49012e-07 0.0 0.0 0.0 0.102422 0.0 0.0 5.69224e-06 0.0 0.0 0.0 4.1008e-05 0.0 0.0931766 0.0 0.0 0.0 0.0 0.0010668 0.0 0.0 4.33326e-05 0.0 1.4782e-05 0.0 0.0 0.0 0.722052 0.0 0.0 0.00541016 0.0 0.0 0.0 0.0 0.0 0.0 0.0 1.19209e-07 0.0 0.0 0.0 0.0 0.0 0.0 0.000168234
0.0 0.0 0.00580949 0.0 0.0 0.0 2.67029e-05 0.0 0.0 0.0 0.000333637 8.9407e-08 0.0 2.98023e-08 0.0 0.0 0.0 0.0 0.0 0.0 0.0 0.0 0.0 0.0 0.0 6.97374e-06 0.0 0.0 0.0 9.20892e-06 0.0 0.0 9.74536e-06 0.0 0.0030928 0.0 8.9407e-08 0.0 0.0 0.0 4.17233e-07 0.0 0.0 0.0 0.815758 0.0 0.0 0.0 0.0042223 0.0 0.0 0.0 0.0 0.000172108 1.06394e-05 0.0 1.19209e-07 3.46005e-05 0.0 0.0 7.21216e-06 1.00732e-05 0.0 0.0
0.0 0.0 0.0 0.0 0.0 0.0 0.0 0.0 0.0 0.0 0.0 0.0 2.50936e-05 0.0 0.0 0.0 0.0 0.0 0.0 0.0 0.0 0.0 0.0 0.0 0.0 0.0 0.998422 0.0 0.0 0.0 0.0 0.0 8.76188e-06 0.0 5.1856e-06 0.0 0.0 0.0 0.0 0.0 0.0 0.0 0.0 0.0 1.19209e-07 0.0 0.00062564 0.0 0.0 0.0 0.0 0.0 0.0 5.96046e-08 0.0 0.0 0.0 2.98023e-08 0.0 0.0 0.0 0.0 0.0 0.0
0.0 0.0 0.0 0.0 0.0 0.0 0.0 0.0 0.0 0.0 0.0 0.0 0.995719 0.000138193 0.0 0.0 0.0 0.0 0.0 0.0 0.0 0.0 0.0 0.0 0.0 0.0 4.94421e-05 0.000109166 0.0 0.0 0.0 0.0 5.96046e-08 8.64267e-07 3.72529e-06 0.0 0.0 5.66244e-07 0.0 0.0 0.0 0.0 0.0 0.0 0.0 0.0 0.852084 0.0 0.0 0.0 0.0 0.0 0.0 4.47035e-07 0.0 0.0 0.0 0.0 0.0 0.0 1.49012e-07 0.0 0.0 0.0
0.0 0.0 0.0 0.0 1.87755e-06 0.0 0.0 0.0 0.0 0.0 0.0 0.0 0.0 4.76837e-07 0.0 0.0 0.0 0.0 0.0 0.0 8.05259e-05 0.015991 0.0 0.0 0.0 0.0 0.0 1.49012e-07 0.0 0.0 0.0 0.0 0.0 0.998578 0.0 0.0 0.0 1.59144e-05 0.0 0.0 0.0 0.0 0.0 0.0 0.0 0.0 0.0 0.0 0.0 0.0 0.0 0.0 0.0 0.0 0.0 0.0 0.0 8.64267e-07 0.0 2.98023e-08 2.98023e-08 0.0 0.0 0.0
0.0 0.0 0.0 4.76837e-07 0.0 0.0 8.9407e-08 0.0 0.0 0.999877 0.0 0.0 0.0 0.0 0.0 1.60933e-06 0.0 1.49012e-07 0.0 0.0 0.0 0.0 0.0 1.78814e-07 4.29153e-06 0.0 0.0 0.0 0.0 0.0 4.79817e-06 0.0 0.0 0.0 0.0 5.93066e-06 0.0 0.0 0.0 0.0 0.0 0.0 5.96046e-08 5.13196e-05 0.0 0.0 0.0 0.0 0.0 0.0 1.98185e-05 0.0 0.0 0.0 1.78814e-07 0.0 0.0 0.0 0.0 0.0 0.0 0.0 0.0 0.0
0.0 0.0 0.0 0.0 0.0 0.0 0.0 0.0 0.0 0.0 0.0 0.0 0.198814 4.17233e-07 0.0 0.0 0.0 0.0 0.0 0.0 0.0 0.0 0.0 0.0 0.0 0.0 1.41263e-05 2.98023e-07 4.51803e-05 0.0 0.0 0.0 9.23872e-07 0.0 0.0 0.0 0.0 0.0 0.0 0.0 0.0 0.0 0.0 0.0 0.0 0.0 0.999559 0.0 0.0 0.0 0.0 0.0 0.0 0.0 0.0 0.0 0.0 0.0 0.0 0.0 0.0 0.0 0.0 0.0
0.0 6.07967e-05 0.0 6.55651e-07 0.000479639 1.49012e-07 0.0 0.0 0.0 1.43051e-06 0.0 0.0 0.0 0.0 8.9407e-08 0.0 0.0 1.63913e-06 0.0 0.0 1.2815e-06 0.0 0.0 0.0 6.13928e-06 0.0 0.0 0.0 0.0 0.0 1.78814e-07 0.0 0.0 0.0 0.0 0.999274 0.0 0.0 7.86781e-06 0.0 0.0 0.0 4.17233e-07 0.0 0.0 0.0 0.0 0.0 0.0 0.0 0.0 0.0 0.0 0.0 2.08616e-07 0.0 0.0 0.0 0.0 0.0 0.0 0.0 0.0 0.0
0.0 0.0 0.0 0.0 0.0 0.0 0.0 0.998376 0.0 0.0 0.0 0.0 0.0 0.0 0.0 0.0 0.0 0.0 0.0 0.0 0.0 0.0 0.0 0.0 0.0 0.0 0.0 0.0 0.0 0.0 0.0 0.0 0.0 0.0 0.0 0.0 0.0 0.0 0.0 0.0 0.0 0.0 0.0 0.0 0.0 0.0 0.0 0.0 0.0 0.0 0.0 0.0 0.0 0.0 0.0 0.00631893 0.0 0.0 0.0 0.0 0.0 0.0 0.0 0.0
0.0 5.96046e-08 0.0 2.21431e-05 0.0 0.0 0.0 0.0 0.0 0.0445704 0.0 0.0 0.0 0.0 0.0 0.999964 0.0 2.41399e-06 0.0 0.0 0.0 0.0 0.0 0.0 2.80142e-06 0.0 0.0 0.0 0.0 0.0 2.08616e-07 0.0 0.0 0.0 0.0 0.0 0.0 0.0 4.47035e-07 0.0 0.0 0.0 0.0 0.0 0.0 0.0 0.0 0.0 0.0 0.0 8.9407e-07 0.0 0.0 0.0 0.0 0.0 0.0 0.0 0.0 0.0 0.0 0.0 0.0 0.0
0.0 0.0 0.0 0.0 0.0 0.0 0.0 0.0 0.0 0.0 0.0149919 0.0 0.0 0.0 0.0 0.0 0.0 0.0 0.0 0.0 0.0 0.0 0.0 0.0 0.0 0.0 0.0 0.0 0.0 0.990728 0.0 0.0 0.0 0.0 8.9407e-08 0.0 0.0 0.0 0.0 0.0 0.0 0.0 0.0 0.0 3.31104e-05 0.00379476 5.0962e-06 0.0 0.00107074 0.0 0.0 0.0 0.0 1.78814e-07 0.0 0.0 8.9407e-08 0.0 0.0 0.0 0.0 0.0 0.0 0.0
0.0 0.0 1.3411e-06 0.0 0.0 1.2815e-06 0.000234872 0.0 0.0 0.0 0.0 0.0 8.9407e-08 0.00159416 1.19209e-07 0.0 0.0 0.0 0.0 0.0 0.0 1.19209e-07 0.0 0.0 0.0 0.0 5.66244e-07 0.0 0.0 0.0 0.0 0.0 5.54621e-05 1.78814e-07 0.975702 0.0 0.0 0.0 0.0 0.0 6.55651e-07 0.0 0.0 0.0 1.21295e-05 0.0 0.0 0.0 0.0 0.0 0.0 0.0 0.0 0.00954035 4.46141e-05 0.0 0.0 1.19209e-06 0.0 0.0 2.02656e-06 0.0 0.0 0.0
0.0 1.10269e-06 2.5034e-06 0.0 8.67248e-06 0.000188053 0.000195354 0.0 0.0 1.60933e-06 0.0 0.0 0.0 0.0 8.5175e-05 0.0 0.0 5.96046e-08 0.0 0.0 1.78814e-06 0.0 0.0 0.0 0.000100285 0.0 0.0 0.0 0.0 0.0 1.90735e-06 0.0 0.0 0.0 0.0 0.0 0.0 0.0 2.98023e-08 0.0 0.0 0.0 0.000409245 0.988607 0.0 0.0 0.0 0.0 0.0 0.0 0.00196755 0.0 0.0 0.0 1.31428e-05 0.0 0.0 0.0 0.0 0.0 0.0 7.7188e-06 0.0 0.0
0.0 0.0367178 0.0 0.00167665 0.00656039 2.35736e-05 8.04663e-07 0.0 0.0 5.66244e-07 0.0 0.0 0.0 0.0 0.000114083 0.0 0.0 0.00448716 0.0 0.0 5.40614e-05 0.0 0.0 0.0 0.988809 0.0 0.0 0.0 0.0 0.0 8.85725e-05 0.0 0.0 0.0 0.0 2.28882e-05 0.0 0.0 0.0144402 0.0 0.0 0.0 0.779205 7.89762e-06 0.0 0.0 0.0 0.0 0.0 0.0 2.11596e-06 8.37445e-06 0.0 0.0 2.68221e-07 0.0 0.0 0.0 0.0 0.0 0.0 0.0 0.0 0.0
0.0 0.942724 0.0 5.72205e-05 0.00305855 2.08616e-07 0.0 0.0 0.0 0.0 0.0 0.0 0.0 0.0 1.49608e-05 0.0 0.0 6.23167e-05 0.0 0.0 6.1661e-05 0.0 0.0 0.0 0.0414639 0.0 0.0 0.0 0.0 0.0 1.78814e-07 0.0 0.0 0.0 0.0 0.000157118 0.0 0.0 0.0937389 0.0 0.0 0.0 0.00405437 5.96046e-08 0.0 0.0 0.0 0.0 0.0 0.0 0.0 1.84774e-06 0.0 0.0 2.98023e-08 0.0 0.0 0.0 0.0 0.0 0.0 0.0 0.0 0.0
0.0 0.0 0.0 0.0 0.0 0.0 2.98023e-08 0.0 0.0 0.0 0.0 0.0 3.15905e-06 2.08616e-07 0.0 0.0 0.0 0.0 0.0 0.0 0.0 0.0 0.0 0.0 0.0 0.0 0.0 0.998645 0.0 0.0 0.0 0.0 0.0 2.68221e-07 0.0 0.0 0.0 0.0 0.0 0.0 0.0 0.0 0.0 0.0 0.0 0.0 2.98023e-07 0.0 0.0 0.0 0.0 0.0 0.0 0.000103712 1.49012e-07 0.0 0.0 8.04663e-07 0.0 1.12355e-05 0.000478387 0.0 0.0 0.0
0.0 0.0 2.98023e-08 0.0 0.0 0.0 0.0 0.0 0.0 0.0 0.0 0.0 0.0 0.0 0.0 0.0 0.0 0.0 0.0 0.0 0.0 0.0 0.0 0.0 0.0 0.0 0.0 0.0 0.0 0.0 0.0 0.0 0.0 0.0 0.0 0.0 0.0 0.0 0.0 1.19209e-07 0.995378 0.0 0.0 0.0 0.0 0.0 0.0 0.0 0.0 0.0 0.0 0.0 0.0 0.0 0.0 0.0 0.0 0.0 0.0 0.0 0.0 0.0 0.0 0.0
0.0 0.0 2.29478e-05 0.0 0.0 0.0 0.0 0.0 0.0 7.95722e-06 0.0 0.0 0.0 0.0 0.0 0.0 6.25849e-07 0.0 0.0 0.0 0.0 0.0 0.0 0.983628 0.0 1.01328e-06 0.0 0.0 0.0 0.0 0.0 0.0 0.0 0.0 0.0 0.0 0.0 0.0 0.0 0.0 0.0 0.0 0.0 0.0 0.0 0.0 0.0 0.0 0.0 0.0 2.60472e-05 0.0 0.0 0.0 5.96046e-08 0.0 0.0 0.0 0.0 0.0 0.0 2.08616e-07 0.0 0.0
2.20537e-06 0.0 0.0 0.0 0.0 0.0 0.0 0.0 0.994621 0.0 0.0 0.0 0.0 0.0 0.0 0.0 0.0 0.0 2.68221e-07 0.0 0.0 0.0 0.0 0.0 0.0 5.66244e-07 0.0 0.0 0.0 0.0 0.0 6.55651e-07 0.0 0.0 0.0 0.0 0.0 0.0 0.0 0.0 0.0 0.0 0.0 0.0 0.0 0.0 0.0 0.0 0.0 0.0 0.0 0.0 0.0 0.0 0.0 0.0 0.0 0.0 0.0 0.0 0.0 0.0 0.0 1.19209e-07
0.0 0.0 0.0 0.0 0.0 0.0 0.0 0.0 0.0 0.0 0.0 0.0 0.0 0.0 0.0 0.0 0.0 0.0 0.0 0.0 0.0 0.0 0.0 0.0 0.0 0.0 0.0 0.0 0.0 0.0 0.0 0.0 0.0 0.0 0.0 0.0 0.0 0.0 0.0 0.0 0.0 0.0 0.0 0.0 0.0 0.0 0.0 0.0 0.0 0.0 0.0 0.0 0.0 0.0 0.0 0.0 0.0 0.0 0.0 0.0 0.0 0.0 2.98023e-08 0.0
0.0 1.37091e-06 0.0 1.66595e-05 0.0085994 0.0 0.0 0.0 0.0 0.0 0.0 0.0 0.0 0.0 0.0 0.0 0.0 0.000264198 0.0 0.0 2.7895e-05 1.3411e-06 0.0 0.0 1.45137e-05 0.0 0.0 0.0 0.0 0.0 1.78814e-07 0.0 0.0 0.0 0.0 5.96046e-08 0.0 0.0 0.00100452 0.0 0.0 0.0 7.15256e-06 0.0 0.0 0.0 0.0 0.0 0.0 0.0 0.0 0.991795 1.2517e-06 0.0 0.0 0.0 0.0 0.0 0.0 0.0 0.0 0.0 8.9407e-08 0.0
0.0 0.0 0.0 0.0 0.0 0.0 0.0 0.0 0.0 0.0 0.0 0.0 0.0 0.0 0.0 0.0 0.0 0.0 0.0 2.98023e-08 0.0 0.0 0.0 0.0 0.0 2.98023e-08 0.0 0.0 0.0 0.0 0.0 0.0 0.0 0.0 0.0 0.0 0.0 0.0 0.0 4.05312e-06 0.0 0.0 0.0 0.0 0.0 0.0 0.0 0.0 0.0 0.0 0.0 0.0 0.0 0.0 0.0 0.0 0.0 0.0 0.999737 0.0 0.0 0.0 0.0 0.0
0.0 0.0 1.49012e-07 0.0 0.0 0.0 0.0 0.0 0.0 0.0 0.996298 0.0 0.0 0.0 0.0 0.0 0.0 0.0 0.0 5.36442e-07 0.0 0.0 0.0 0.0 0.0 3.27826e-07 0.0 0.0 0.0 0.00265992 0.0 0.0 0.0 0.0 3.8743e-07 0.0 0.0 0.0 0.0 2.80142e-06 0.0 1.2517e-06 0.0 0.0 0.0501821 0.0109192 5.96046e-08 0.0 0.503994 0.0 0.0 0.0 0.0 9.0301e-06 0.0 0.0 5.36442e-07 0.0 0.0 0.0 5.96046e-08 0.0 0.0 0.0
0.0 0.0 0.0 0.0 0.0 0.0 0.0 0.0 0.0 0.0 0.0 0.0 1.37091e-06 0.994283 0.0 0.0 0.0 0.0 0.0 0.0 0.0 7.15256e-07 0.0 0.0 0.0 0.0 0.0 8.34465e-07 0.0 0.0 0.0 0.0 0.0 2.35438e-06 7.9751e-05 0.0 0.0 0.0 0.0 0.0 0.0 0.0 0.0 0.0 0.0 0.0 4.05312e-06 0.0 0.0 0.0 0.0 0.0 0.0 0.000162333 0.0 0.0 0.0 2.38419e-07 0.0 0.0 8.34465e-07 0.0 0.0 0.0
0.0 0.0 1.78814e-07 0.0 0.0 4.13954e-05 7.90954e-05 0.0 0.0 0.0 0.0 0.0 0.0 2.563e-06 1.24574e-05 0.0 0.0 0.0 0.0 0.0 0.0 0.0 0.0 5.96046e-08 0.0 0.0 0.0 2.5332e-06 0.0 0.0 1.19209e-07 0.0 0.0 0.0 0.000112653 2.98023e-08 0.0 0.0 0.0 0.0 0.0 0.0 2.98023e-08 0.0 1.78814e-07 0.0 0.0 2.98023e-08 0.0 0.0 0.0 0.0 0.0 0.996834 0.0292389 0.0 0.0 1.91331e-05 0.0 0.0 0.000214785 0.0 0.0 0.0
0.0 0.0 0.0 0.0 0.0 0.0 0.0 0.0 0.0 0.0 8.04663e-07 0.0 0.0 0.0 0.0 0.0 0.0 0.0 0.0 0.0 0.0 0.0 0.0 0.0 0.0 8.9407e-08 0.0 0.0 0.0 0.0 0.0 0.0 0.0 0.0 0.0 0.0 0.0 0.0 0.0 0.0 0.0 0.999907 0.0 0.0 0.0 0.00214213 0.0 0.0 0.000110656 0.00068742 0.0 0.0 0.0 0.0 0.0 0.0 0.0 0.0 0.0 0.0 0.0 0.0 0.0 0.0
0.0 2.08616e-07 0.0 1.49012e-07 5.42402e-06 1.57952e-06 2.98023e-08 0.0 0.0 0.000443339 0.0 0.0 0.0 0.0 0.0 0.0 0.0 0.0030686 0.0 0.0 1.49012e-07 0.0 0.0 0.0 5.20349e-05 0.0 0.0 0.0 0.0 0.0 0.98985 0.0 0.0 0.0 0.0 8.9407e-07 0.0 0.0 4.76837e-07 0.0 0.0 0.0 2.262e-05 0.0 0.0 0.0 0.0 1.49012e-07 0.0 0.0 1.65701e-05 2.98023e-08 0.0 8.9407e-08 3.27826e-07 0.0 0.0 0.0 0.0 0.0 0.0 0.0 0.0 0.0
0.0 0.0 0.0 0.0 0.0 0.0 1.78814e-07 0.0 0.0 0.0 5.96046e-08 0.0 2.68221e-07 2.88188e-05 0.0 0.0 0.0 0.0 0.0 0.0 0.0 3.57628e-07 0.0 0.0 0.0 0.0 2.14577e-06 0.0 0.0 0.0 0.0 0.0 0.997123 2.98023e-08 0.00902575 0.0 0.0 0.0 0.0 0.0 0.0 0.0 0.0 0.0 3.68059e-05 0.0 2.83718e-05 0.0 8.9407e-08 0.0 0.0 0.0 0.0 5.57303e-06 0.0 0.0 0.0 0.0147225 0.0 0.0 0.0 0.0 0.0 0.0
0.0 2.71201e-06 5.96046e-08 0.0 0.000398248 0.976274 0.220173 0.0 0.0 0.0 0.0 0.0 0.0 0.0 0.0163976 0.0 0.0 2.29478e-06 0.0 0.0 0.000133485 1.78814e-07 0.0 0.0 0.000166476 0.0 0.0 0.0 0.0 0.0 0.000142962 0.0 0.0 0.0 8.9407e-08 3.57628e-07 0.0 0.0 1.19209e-06 0.0 0.0 0.0 0.0426255 0.000219315 0.0 0.0 0.0 0.0 0.0 0.0 0.0 0.0 0.0 8.86023e-05 0.21925 0.0 0.0 8.9407e-08 0.0 2.98023e-08 0.0 0.0 0.0 0.0
0.0 0.0 3.60608e-06 0.0 0.0 0.0 0.0 0.0 0.0 0.0 0.0 0.999934 0.0 0.0 0.0 0.0 0.0 0.0 0.0 0.0 0.0 0.0 0.0 0.0 0.0 0.0 0.0 0.0 0.0 0.0 0.0 0.0 0.0 0.0 0.0 0.0 0.0 0.0 0.0 0.0 0.0 0.0 0.0 0.0 0.0 0.0 0.0 0.0 0.0 0.0 0.0 0.0 0.0 0.0 0.0 0.0 1.66893e-06 0.0 0.0 0.0 0.0 0.0 0.0 0.0
0.0 3.27826e-07 0.00661942 0.0 5.96046e-08 0.00347447 0.0194456 0.0 0.0 1.49012e-07 0.0 0.0 0.0 0.0 0.000135422 0.0 0.0 0.0 0.0 0.0 1.63913e-06 1.19209e-07 0.0 2.98023e-08 2.38419e-07 2.98023e-08 0.0 5.96046e-08 0.0 0.0 0.0 0.0 0.0 0.0 2.89083e-06 5.96046e-08 0.0 0.0 0.0 0.0 8.9407e-08 0.0 2.08616e-06 0.00744539 2.98023e-08 0.0 0.0 0.0 0.0 0.0 2.68221e-07 0.0 0.0 0.000967741 0.0222633 0.0 0.0 9.89437e-06 0.0 2.98023e-08 0.000100523 0.000145435 0.0 0.0
0.0 0.0 0.0 0.0 0.0 0.0 0.0 0.0 0.0 2.98023e-08 0.0 0.0 0.0 0.0 0.0 0.0 0.0 0.0 0.0 0.0 0.0 0.0 0.0 0.0 0.0 0.0 0.0 0.0 0.0 0.0 0.0 0.0 0.0 0.0 0.0 0.0 0.0 0.0 0.0 0.0 0.0 0.0 0.0 0.0 0.0 0.0 0.0 0.0 0.0 0.0 0.0 0.0 0.0 0.0 0.0 0.0 0.0 0.0 0.0 0.0 0.0 0.0 0.0 0.0
0.0 0.0135676 0.0 4.17233e-07 0.997734 0.000114888 7.7486e-07 0.0 0.0 0.0 0.0 0.0 0.0 0.0 0.000202596 0.0 0.0 0.00106451 0.0 0.0 0.818152 0.00071159 0.0 0.0 0.00126666 0.0 0.0 0.0 0.0 0.0 2.32458e-05 0.0 0.0 4.05312e-06 0.0 9.05097e-05 0.0 0.0 0.00914392 0.0 0.0 0.0 0.0183793 1.2815e-06 0.0 0.0 0.0 0.0 0.0 0.0 0.0 0.00100619 0.0 0.0 9.53674e-07 0.0 0.0 0.0 0.0 0.0 0.0 0.0 0.0 0.0
0.0 0.0 0.0 0.0 0.0 0.0 0.0 0.0 0.0 0.0 1.78814e-07 0.0 0.0 0.0 0.0 0.0 0.0 0.0 0.0 0.0 0.0 0.0 2.98023e-07 0.0 0.0 0.000198662 0.0 0.0 0.0 8.9407e-08 0.0 2.02358e-05 0.0 0.0 0.0 0.0 0.997675 0.0 0.0 0.0 0.0 4.47035e-07 0.0 0.0 0.0 0.000545233 0.0 0.0 4.90248e-05 0.0 0.0 0.0 0.0 0.0 0.0 0.0 0.000287801 0.0 0.0 0.0 0.0 0.0 0.0 0.0
0.00723821 0.0 0.0 0.0 0.0 0.0 0.0 0.0 0.00027734 0.0 3.80278e-05 0.0 0.0 0.0 0.0 0.0 1.19209e-07 0.0 0.000307769 0.0 0.0 0.0 0.436918 0.0 0.0 0.000663519 0.0 0.0 0.0 7.80821e-06 0.0 0.999989 0.0 0.0 0.0 0.0 0.117856 0.0 0.0 0.0124283 0.0 4.64916e-06 0.0 0.0 0.0 0.317197 0.0 0.0 0.0175445 2.68221e-07 0.0 0.0 0.0 0.0 0.0 0.0 4.17233e-07 0.0 1.19209e-07 0.0 0.0 0.0 0.0 0.391314
0.0 0.0 1.78814e-07 0.0 0.0 0.0 0.0 0.0 0.0 5.96046e-08 0.0 0.0 0.0 0.0 0.0 0.0 0.999499 0.0 0.0 0.0 0.0 0.0 0.0 1.57356e-05 0.0 0.000119239 0.0 0.0 0.0 0.0 0.0 0.0 0.0 0.0 0.0 0.0 8.9407e-08 0.0 0.0 0.0 0.0 0.0 0.0 0.0 0.0 0.0 0.0 0.0 2.08616e-07 0.0 2.86102e-06 0.0 0.0 0.0 0.0 0.0 0.0 0.0 0.0 0.0 0.0 4.47035e-07 0.0 0.0
0.0 0.0 2.14577e-06 0.0 0.0 2.98023e-08 1.2815e-06 0.0 0.0 0.0 0.0 0.0 0.0 1.49012e-07 0.0 0.0 0.0 0.0 0.0 0.0 2.98023e-08 8.49068e-05 0.0 0.0 0.0 5.96046e-08 5.96046e-08 8.9407e-07 0.0 0.0 0.0 0.0 2.60472e-05 7.21216e-06 8.9407e-08 0.0 0.0 0.0 0.0 0.0 0.0 0.0 0.0 0.0 0.0 0.0 8.9407e-08 1.19209e-07 0.0 0.0 0.0 0.0 0.0 9.11951e-06 3.8743e-06 0.0 0.0 0.999405 0.0 0.204312 7.06315e-06 2.98023e-07 0.0 0.0
0.0 0.0 2.68221e-07 0.0 0.0 0.0 0.0 0.0 0.0 0.0 0.000111759 3.75807e-05 0.0 0.0 0.0 0.0 0.0 0.0 0.0 0.0 0.0 0.0 0.0 9.23872e-07 0.0 3.01003e-06 0.0 0.0 0.0 5.66244e-07 0.0 0.0 0.0 0.0 0.0 0.0 6.52671e-05 0.0 0.0 0.0 0.0 1.2219e-06 0.0 0.0 8.9407e-08 0.00136611 0.0 0.0 0.00158653 0.0 0.0 0.0 0.0 0.0 0.0 0.0 0.995007 0.0 0.0 0.0 0.0 0.0 0.0 0.0
0.0 0.0 0.0 0.0 0.0 0.0 0.0 0.0 0.0 0.0 2.08616e-07 0.0 0.0 0.0 0.0 0.0 0.0 0.0 0.0 0.997244 0.0 0.0 0.0 0.0 0.0 0.0 0.0 0.0 0.0 0.0 0.0 0.0 0.0 0.0 0.0 0.0 0.0 0.0 0.0 0.0 0.0 0.0 0.0 0.0 1.2517e-06 9.23872e-07 0.0 0.0 6.52671e-06 0.0 0.0 0.0 0.0 0.0 0.0 0.0 0.0 0.0 4.47035e-07 0.0 0.0 2.08616e-07 0.0 0.0
0.999416 0.0 0.0 0.0 0.0 0.0 0.0 0.0 6.25849e-07 0.0 0.0 0.0 0.0 0.0 0.0 0.0 0.0 0.0 3.04878e-05 0.0 0.0 0.0 0.0019933 0.0 0.0 0.0 0.0 0.0 0.0 0.0 0.0 1.24574e-05 0.0 0.0 0.0 0.0 0.0 0.0 0.0 0.000796616 0.0 0.0 0.0 0.0 0.0 5.36442e-07 0.0 0.0 0.0 0.0 0.0 0.0 0.0 0.0 0.0 0.0 0.0 0.0 0.0 0.0 0.0 0.0 0.0 3.27826e-07
0.0 0.0165423 0.0 4.86076e-05 0.130649 0.00800794 2.3365e-05 0.0 0.0 0.0 0.0 0.0 0.0 0.0 0.00423405 0.0 0.0 0.00114703 0.0 0.0 0.0080497 1.78814e-07 0.0 0.0 0.798578 0.0 0.0 0.0 0.0 0.0 0.000299603 0.0 0.0 0.0 0.0 3.03984e-06 0.0 0.0 0.0120195 0.0 0.0 0.0 0.993547 5.84126e-05 0.0 0.0 0.0 0.0 0.0 0.0 4.17233e-07 2.20835e-05 0.0 2.98023e-08 3.29912e-05 0.0 0.0 0.0 0.0 0.0 0.0 0.0 0.0 0.0
0.0 6.35982e-05 0.0 5.93364e-05 0.00195423 1.19209e-07 0.0 0.0 0.0 1.49012e-07 0.0 0.0 0.0 0.0 0.0 0.0 0.0 0.992842 0.0 0.0 2.15471e-05 0.0 0.0 0.0 0.00974095 0.0 0.0 0.0 0.0 0.0 0.000261694 0.0 0.0 0.0 0.0 3.57628e-07 0.0 0.0 0.00105816 0.0 0.0 0.0 0.000645041 0.0 0.0 0.0 0.0 0.0 0.0 0.0 0.0 0.000376701 0.0 0.0 0.0 0.0 0.0 0.0 0.0 0.0 0.0 0.0 0.0 0.0
0.0 0.0 0.0 0.0 0.0 0.0 0.0 0.0 0.0 0.0 0.0 0.0 0.0 0.0 0.0 0.0 0.0 0.0 0.0 0.0 0.0 0.0 0.0 0.0 0.0 0.0 0.0 0.0 0.0 0.0 0.0 0.0 0.0 0.0 0.0 0.0 0.0 0.0 0.0 0.0 0.0 0.0 0.0 0.0 0.0 0.0 0.0 0.999906 0.0 0.0 0.0 0.0 0.0 0.0 0.0 0.0 0.0 0.0 0.0 0.0 0.0 0.0 0.0 0.0
0.0 0.0 4.28557e-05 0.0 0.0 0.0 0.0 0.0 0.0 0.0 0.00867715 0.0 0.0 0.0 0.0 0.0 0.0 0.0 0.0 5.84126e-06 0.0 0.0 0.0 0.0 0.0 8.9407e-08 5.96046e-08 0.0 0.0 6.16908e-06 0.0 0.0 1.69873e-06 0.0 0.000127673 0.0 0.0 0.0 0.0 0.0 2.98023e-08 2.98023e-08 0.0 0.0 0.980947 5.06639e-07 0.0 0.0 0.0824815 0.0 0.0 0.0 0.0 1.54674e-05 0.0 0.0 0.0 0.0 0.0 0.0 4.76837e-07 8.9407e-08 0.0 0.0
0.0 0.0 0.0 0.0 0.0 0.0 0.0 0.0 0.0 0.0 0.0 0.0 0.0 0.0 0.0 0.0 0.0 0.0 0.0 0.0 0.0 0.0 0.0 0.0 0.0 0.0 0.0 0.0 0.0 0.0 0.0 0.0 0.0 0.0 0.0 0.0 0.0 0.0 0.0 0.0 0.0 0.0 0.0 0.0 0.0 0.0 0.0 0.0 0.0 0.0 0.0 0.0 0.0 0.0 0.0 0.0 0.0 0.0 0.0 0.0 0.0 0.0 1.32024e-05 0.0
0.0 0.0 0.0 0.0 0.0 0.0 0.0 0.0 0.0 0.0 0.0 0.0 0.0 0.0 0.0 0.0 0.0 0.0 0.0 0.0 0.0 0.0 0.0 0.0 0.0 0.0 0.0 0.0 0.99986 0.0 0.0 0.0 0.0 0.0 0.0 0.0 0.0 0.0 0.0 0.0 0.0 0.0 0.0 0.0 0.0 0.0 4.49717e-05 0.0 0.0 0.0 0.0 0.0 0.0 0.0 0.0 0.0 0.0 0.0 0.0 0.0 0.0 0.0 0.0 0.0
0.0 0.0 3.5882e-05 0.0 0.0 0.0 1.19209e-07 0.0 0.0 0.0 0.0 0.0 0.0 2.11596e-06 0.0 0.0 0.0 0.0 0.0 0.0 0.0 0.0 0.0 0.0 0.0 2.98023e-07 0.0 0.000211239 0.0 0.0 0.0 0.0 0.0 4.76837e-07 7.15256e-07 0.0 0.0 0.0 0.0 0.0 0.0 0.0 0.0 0.0 8.9407e-08 0.0 0.0 0.0 0.0 0.0 0.0 0.0 0.0 0.00216743 1.93715e-06 0.0 0.0 3.88324e-05 0.0 2.08616e-07 0.99512 8.9407e-08 0.0 0.0
0.0 0.0 0.00225595 0.0 0.0 0.0 0.0 0.0 0.0 0.0 0.0 0.0 0.0 0.0 0.0 0.0 1.19209e-07 0.0 0.0 2.98023e-08 0.0 0.0 0.0 1.19209e-07 0.0 1.40369e-05 0.0 0.0 0.0 0.0 0.0 0.0 0.0 0.0 0.0 0.0 0.0 0.0 0.0 0.0 0.0 0.0 0.0 5.47767e-05 1.19209e-07 0.0 0.0 0.0 0.0 0.0 0.00151369 0.0 0.0 0.0 0.0 0.0 0.0 4.17233e-07 0.0 0.0 8.9407e-08 0.996082 0.0 0.0
0.000169218 0.0 8.9407e-08 0.0 0.0 0.0 0.0 0.0 0.0 0.0 8.9407e-08 0.0 0.0 0.0 0.0 0.0 0.0 0.0 0.0 0.0 0.0 0.0 0.0 0.0 0.0 1.96099e-05 0.0 0.0 0.0 0.0 0.0 1.19209e-07 0.0 0.0 0.0 0.0 0.0 0.0 0.0 0.999166 1.78814e-07 5.96046e-08 0.0 0.0 0.0 6.85453e-07 0.0 0.0 2.23517e-06 0.0 0.0 0.0 0.0 0.0 0.0 0.0 0.0 0.0 1.72853e-06 0.0 0.0 0.0 0.0 0.0
0.0 2.5779e-05 0.0 0.993291 2.50638e-05 0.0 0.0 0.0 0.0 1.49012e-07 0.0 0.0 0.0 0.0 0.0 0.0 0.0 3.97265e-05 0.0 0.0 1.99676e-06 0.0 0.0 0.0 0.00258893 0.0 0.0 0.0 0.0 0.0 1.78814e-07 0.0 0.0 0.0 0.0 1.13249e-06 0.0 0.0 0.000690162 0.0 0.0 0.0 6.32107e-05 0.0 0.0 0.0 0.0 0.0 0.0 0.0 0.0 4.76837e-05 0.0 0.0 0.0 0.0 0.0 0.0 0.0 0.0 0.0 0.0 0.0 0.0
0.0 0.0 7.7486e-07 0.0 0.0 7.68602e-05 0.000262469 0.0 0.0 0.000201285 0.0 8.9407e-08 0.0 0.0 1.37091e-06 0.0 0.0 2.98023e-08 0.0 0.0 0.0 0.0 0.0 7.27177e-06 6.9052e-05 0.0 0.0 0.0 0.0 0.0 0.00128445 0.0 0.0 0.0 0.0 0.0 0.0 0.0 0.0 0.0 0.0 0.0 5.03957e-05 0.000172347 0.0 0.0 0.0 0.0 0.0 0.0 1.29342e-05 0.0 0.0 2.98023e-06 0.00605145 0.0 0.0 0.0 0.0 0.0 0.0 0.0 0.0 0.0
0.0 0.0 0.0 0.0 0.0 0.0 0.0 0.0 0.0 0.0 0.0 0.0 0.0 0.0 0.0 0.0 0.0 0.0 0.0 0.0 0.0 5.96046e-08 0.0 0.0 0.0 0.0 0.0 3.57628e-07 0.0 0.0 0.0 0.0 0.0 0.0 0.0 0.0 0.0 0.0 0.0 0.0 0.0 0.0 0.0 0.0 0.0 0.0 0.0 0.0 0.0 0.0 0.0 0.0 0.0 0.0 0.0 0.0 0.0 0.00637722 0.0 0.999352 0.0 0.0 0.0 0.0
0.0 0.0 0.0 0.0 0.0 0.0 0.0 0.0 0.0 0.0 0.0 0.0 2.62856e-05 2.98023e-08 0.0 0.0 0.0 0.0 0.0 0.0 0.0 5.96046e-08 0.0 0.0 0.0 0.0 1.96397e-05 8.9407e-08 1.43051e-06 0.0 0.0 0.0 5.06639e-07 0.0 2.98023e-08 0.0 0.0 0.0 0.0 0.0 0.0 0.0 0.0 0.0 0.0 0.0 0.00511175 0.0 0.0 0.0 0.0 0.0 0.0 0.0 0.0 0.0 0.0 2.68221e-07 0.0 8.76188e-06 0.0 0.0 0.0 0.0
0.0 0.0 0.0 0.0 0.0 0.0 0.0 0.0 0.0 0.0 0.0 0.0 0.0 0.0 0.0 0.0 0.0 0.0 3.48687e-06 0.0 0.0 0.0 0.0 0.0 0.0 0.0 0.0 0.0 0.0 0.0 0.0 0.0 0.0 0.0 0.0 0.0 0.0 0.0 0.0 5.96046e-08 0.0 0.00473163 0.0 0.0 0.0 2.98023e-08 0.0 0.0 0.0 0.997529 0.0 0.0 0.0 0.0 0.0 0.0 0.0 0.0 8.9407e-08 0.0 0.0 0.0 0.0 0.0
0.0 1.11759e-05 0.682364 8.34465e-07 0.0 0.000606656 0.0 0.0 0.000127196 0.0 0.0 0.0 0.0 0.0 2.68221e-07 8.28505e-05 0.0 0.00404283 0.0 0.0 0.0 0.0 0.0 0.0 2.68221e-07 0.0 0.0 0.0 0.0 0.0 3.8147e-06 0.0 0.0 0.0 5.96046e-08 0.0 0.999867 0.0 0.0 0.0 0.00145763 0.0 2.38419e-07 0.0 0.0 0.0 0.0 0.0 0.0 0.0 0.0 0.0 0.0 0.0 0.0 0.0 2.08616e-07 1.10269e-06 0.0 1.99676e-06 0.0 0.0 0.0 0.0
4.45247e-05 0.0 0.0 0.0 0.0 0.0 5.96046e-08 0.0 0.0 1.19209e-07 3.20077e-05 2.85208e-05 0.0 0.0 0.0 1.49012e-07 0.0 0.0 0.0 0.000921786 0.0 0.0 0.784178 0.0 0.0 2.32458e-06 0.0 0.0 0.0 2.98023e-08 0.0 0.0 0.0 0.0 0.0 4.5687e-05 0.0 0.0 0.0 1.07288e-06 0.0 8.9407e-08 0.0 0.0823928 3.51667e-06 0.393941 0.0 0.0 0.0 0.0 3.83854e-05 0.0 0.0 0.0 0.0 0.0 0.0 0.0 0.00683579 0.0 0.0 0.0 0.0 0.0511772
0.0 0.0 0.0 0.0 1.51992e-06 0.0 0.0 0.0 0.0 0.0 0.0 0.0 0.784803 0.0528178 7.15256e-07 0.0 0.0 0.0 0.0 0.0 5.96046e-08 0.985049 0.0 0.0 0.0 0.0 0.0 0.0 0.0 0.0 0.0 0.0 0.0 0.0541255 0.0 0.0 0.0 0.0 0.0 0.0 0.0 0.0 6.29723e-05 0.0 0.0 0.0 0.0 0.0 0.0 0.0 0.0 2.98023e-08 0.0 0.0 0.0 0.0 0.0 0.0 0.0 0.0 0.0 0.0 1.78814e-07 0.0
0.0 0.0 0.0 0.0 0.0 0.0 0.0 0.0 0.0 0.0 0.0 0.0 0.0 0.0 0.0 0.0 0.0 0.0 0.0 0.0 0.0 0.0 0.0 0.0 0.0 0.0 0.0 0.0 0.0 0.0 0.0 0.0 0.996701 0.0 0.0 0.0 0.0 0.0 0.0 0.0 0.0 0.0 0.0 0.0 0.0 0.0 0.0 0.0 0.0 0.0 0.0 0.0 0.0 0.0 0.0 0.0 0.0 0.0 0.0 0.0 0.0 0.0 0.0 0.0
0.0 0.015675 0.0372852 1.61231e-05 0.000199616 0.174714 0.0 0.0 0.0 0.0 0.0 0.0 3.57628e-07 0.0 0.0172761 0.0 0.0 0.997489 0.0 0.0 2.7746e-05 2.98023e-08 0.0 0.0 0.000118494 0.0 0.0 0.0 0.0 1.49012e-07 8.2314e-05 0.0 0.0 4.17233e-07 0.0346124 0.0 0.00170264 0.0 5.1856e-06 0.0 0.0 0.0 0.106858 0.0 0.0 0.0 0.0 0.0 0.0 0.0 0.0 2.26498e-06 0.0 2.98023e-08 0.0 0.0 0.0 1.66893e-06 0.0 0.000682682 0.0 8.9407e-08 0.0 0.0
0.0 9.97782e-05 9.23872e-07 0.0 0.0844083 5.01871e-05 0.0 0.0 0.0 0.0 0.0 0.0 9.11951e-06 0.0 0.00173956 0.0 0.0 0.000113904 0.0 0.0 0.975631 3.8743e-07 0.0 0.0 1.7643e-05 0.0 0.0 0.0 0.0 0.0 5.03659e-06 0.0 0.0 9.80496e-06 0.624507 0.0 0.0 0.0 0.00500378 0.0 0.0 0.0 0.0442326 0.0 0.0 0.0 0.0 0.0 0.0 0.0 0.0 0.219435 8.9407e-08 1.84774e-06 0.0 0.0 0.0 0.0 0.0 0.0 1.10269e-06 0.0 0.0 0.0
0.0 0.00656497 3.21567e-05 1.49012e-07 0.30578 0.00749373 0.0 0.0 0.0 0.0 0.0 0.0 1.27852e-05 0.0 0.0640767 0.0 0.0 0.0218748 0.0 0.0 0.185454 5.36442e-07 0.0 0.0 1.09971e-05 0.0 0.0 0.0 0.0 0.0 3.12924e-05 0.0 0.0 1.75238e-05 0.982858 0.0 2.68221e-07 0.0 0.00140697 0.0 0.0 0.0 0.52667 0.0 0.0 0.0 0.0 0.0 0.0 0.0 0.0 0.00831914 0.0 4.47035e-07 0.0 0.0 0.0 0.0 0.0 5.96046e-08 2.38419e-07 0.0 0.0 0.0
0.0 0.0 0.0 0.0 0.0 0.0 0.0 0.0 0.0 0.0 0.0 0.0 0.0 0.0 0.0 0.0 0.0 0.0 2.38419e-07 0.0 0.0 0.0 0.0 0.0 0.0 0.0 0.0 0.0 0.0 0.0 0.0 0.0 0.0 0.0 0.0 0.0 0.0 0.0 0.0 0.0 0.0 0.0 0.0 0.0 0.0 0.0 0.0 0.0 0.0 0.996691 0.0 0.0 0.0 0.0 0.0 0.0 0.0 0.0 0.0 0.0 0.0 0.0 0.0 0.0
0.0 7.81417e-05 8.21948e-05 0.0 0.0305969 0.00569689 0.0 0.0 0.0 0.0 0.0 0.0 0.0102256 1.27852e-05 0.818106 0.0 0.0 0.00139582 0.0 0.0 0.00628874 8.83639e-05 0.0 0.0 2.98023e-08 0.0 0.0 0.0 0.0 0.0 0.00020954 0.0 0.0 0.00922301 0.279238 0.0 1.19209e-07 0.0 1.17421e-05 0.0 0.0 0.0 0.996585 0.0 0.0 0.0 0.0 0.0 0.0 0.0 0.0 9.51886e-05 0.0 0.0 0.0 0.0 0.0 5.96046e-08 0.0 0.0 0.0 0.0 0.0 0.0
0.0 3.26633e-05 5.83231e-05 0.0 2.98023e-08 0.0112923 0.0 0.0 0.0 0.0 4.47035e-07 8.9407e-08 0.0 0.0 3.27826e-07 4.76837e-07 0.0 0.000739813 0.0 0.0 8.9407e-08 0.0 0.0 1.19209e-07 2.59876e-05 0.0 0.0 0.0 0.0 5.0813e-05 4.88758e-05 0.0 0.0 0.0 1.3113e-06 0.0 6.58631e-05 0.0 5.96046e-06 0.0 0.0 0.0 4.67896e-06 0.0 6.25849e-07 0.0 1.19209e-07 0.0 0.0 0.0 0.0 6.55651e-07 0.0 2.68221e-07 0.0 0.0 5.96046e-07 0.999801 0.0 2.38419e-07 0.0 3.57628e-07 0.0 0.0
0.168912 0.0 0.0 0.0 0.0 0.0 0.0 0.0 0.0 8.9407e-08 0.0 0.0 0.0 0.0 0.0 0.0 0.0 0.0 0.0 0.0 0.0 0.0 1.04308e-06 0.0 0.0 0.0 0.0 0.0 0.0 0.0 0.0 0.0822982 0.0 0.0 0.0 0.0 0.0 0.0 0.0 0.0 0.0 9.25362e-05 0.0 0.000472605 0.0 1.10865e-05 0.0 0.0 0.0 0.0 0.0 0.0 0.0 0.0 0.0 0.0 0.0 0.0 0.237049 0.0 0.0 0.0 0.0 3.57628e-07
0.0 9.59635e-06 0.0 0.0 5.1856e-06 6.25849e-07 2.98023e-08 0.0 0.0 0.0 2.62558e-05 1.04308e-06 0.0 0.0 0.0 0.0 0.0 0.0 0.0 0.0 3.18587e-05 0.0 0.0 0.0 7.53105e-05 0.0 0.0 0.0 0.0 1.56164e-05 0.0 0.0 0.0 0.0 2.6226e-06 1.78814e-07 0.0 0.0 0.00058639 0.0 0.0 0.0 0.0 0.0 6.31809e-06 0.0 0.0 3.57628e-07 1.01328e-05 0.0 0.0 0.000634581 1.21891e-05 0.002424 0.0 0.0 0.0 0.0 0.0 0.0 0.999889 0.0 0.0 0.0
0.525021 0.0 0.0 0.0 0.0 0.0 0.0 0.0 0.0 6.55651e-07 0.0 0.0 0.0 0.0 0.0 0.0 0.0 0.0 0.0 3.8147e-06 0.0 0.0 0.00545523 0.0 0.0 0.0 0.0 0.0 0.0 0.0 0.0 1.66893e-06 0.0 0.0 0.0 0.0 0.0 0.0 0.0 1.19209e-07 0.0 1.72853e-05 0.0 0.0455962 0.0 0.0454964 0.0 0.0 0.0 0.0 1.46031e-05 0.0 0.0 0.0 0.0 0.0 0.0 0.0 0.986149 0.0 0.0 0.0 0.0 9.2864e-05
0.0113043 0.0 0.0 0.0 0.0 0.0 0.0 0.0 0.0 0.0 0.0 0.0 0.0 0.0 0.0 0.0 0.0 0.0 0.0 0.0 0.0 0.0 0.0 0.0 0.0 0.0 0.0 0.0 0.0 0.0 0.0 0.987507 0.0 0.0 0.0 0.0 0.0 0.0 0.0 0.0 0.0 8.64267e-07 0.0 0.000101328 0.0 0.0 0.0 0.0 0.0 0.0 0.0 0.0 0.0 0.0 0.0 0.0 0.0 0.0 0.000264615 0.0 0.0 0.0 0.0 0.0
0.0 0.00184229 0.0 0.0 1.01328e-06 0.000503123 2.68221e-07 0.0 0.0 0.0 5.03957e-05 9.29832e-06 0.0 0.0 0.0 0.0 0.0 2.08616e-07 0.0 0.0 8.2761e-05 0.0 0.0 0.0 0.0518777 0.0 0.0 0.0 0.0 0.0523725 0.0 0.0 0.0 0.0 2.72095e-05 2.05636e-06 0.0 0.0 0.681724 0.0 0.0 0.0 1.19209e-07 0.0 4.77135e-05 0.0 0.0 0.0 0.0 0.0 0.0 0.00761092 2.98023e-08 0.982988 0.0 0.0 0.0 0.0 0.0 0.0 0.00112972 0.0 0.0 0.0
0.0 0.0 0.0 0.0 0.0 0.0 0.0 0.0 0.0 0.0 0.0 0.0 0.0 0.0 0.0 0.0 1.7643e-05 0.0 0.0 0.0 0.0 0.0 0.0 1.15335e-05 0.0 0.0 0.0 0.0 0.0 0.0 0.0 0.0 0.0 0.0 0.0 0.0 0.0 0.0 0.0 0.0 0.0 0.0 0.0 0.0 0.0 0.0 0.999968 0.0 0.0 0.0 0.0 0.0 0.0 0.0 0.0 0.0 0.000366688 2.68221e-07 0.0 0.0 0.0 0.0 0.0 0.0
0.0 0.0 0.0 0.0 0.0 0.0 0.0 0.0 0.0 0.0 0.0 0.0 0.0 0.0 0.0 0.0 0.0 0.0 0.0 0.0 0.0 0.0 0.0 0.0 0.0 0.0 0.0 0.999952 0.0 0.0 0.0 0.0 0.0 0.0 0.0 0.0 0.0 0.0 0.0 0.0 0.0 0.0 0.0 0.0 0.0 0.0 0.0 1.14143e-05 0.0 0.0 0.0 0.0 0.0 0.0 0.0 0.0 0.0 0.0 0.0 0.0 0.0 0.0 0.0 0.0
0.0 0.0 0.0 0.0 7.30157e-06 0.0 0.0 0.0 0.0 0.0 0.0 0.0 0.99333 0.283855 5.21541e-05 0.0 0.0 0.0 0.0 0.0 1.78814e-07 0.301126 0.0 0.0 0.0 0.0 0.0 0.0 0.0 0.0 4.17233e-07 0.0 0.0 0.73536 1.49012e-07 0.0 0.0 2.68221e-07 0.0 0.0 0.0 0.0 0.00583193 0.0 0.0 0.0 0.0 0.0 0.0 0.0 0.0 1.19209e-07 0.0 0.0 0.0 0.0 0.0 0.0 0.0 0.0 0.0 0.0 2.94149e-05 0.0
1.49012e-07 0.0 0.0 0.0 0.0 0.0 0.0 0.0 0.0 0.0 4.20213e-06 2.68221e-07 0.0 0.0 0.0 0.0 0.0 0.0 0.0 0.0011943 0.0 0.0 0.0135382 0.0 0.0 0.0 9.53674e-07 0.0 0.0 2.68221e-07 0.0 0.0 0.0 0.0 0.0 0.00142777 0.0 0.0 0.0 0.0 0.0 0.0 0.0 0.00025177 1.98781e-05 0.00298658 0.0 0.0 6.25849e-07 0.0 0.0 0.0 5.96046e-08 0.0 0.0 0.0 0.0 0.0 3.03984e-06 0.0 0.0 0.0 0.0 0.994847
0.0 0.0 0.0 0.0 0.0 0.0 0.0 0.0 0.0 0.0 0.0 0.0 0.0 0.0 0.0 0.0 0.999968 0.0 0.0 0.0 0.0 0.0 0.0 5.96046e-08 0.0 0.0 0.0 0.0 0.0 0.0 0.0 0.0 0.0 0.0 0.0 0.0 0.0 0.0 0.0 0.0 0.0 0.0 0.0 0.0 0.0 0.0 4.17233e-06 0.0 0.0 0.0 0.0 0.0 0.0 0.0 0.0 0.0 5.06639e-05 3.8743e-07 0.0 1.09375e-05 0.0 5.23627e-05 0.0 0.0
0.0 0.0 0.0 0.0 0.0 0.0 0.0 0.0 0.0 0.0 1.5378e-05 5.66244e-07 0.0 0.0 0.0 0.0 0.0 0.0 0.0 7.12276e-06 0.0 0.0 3.34382e-05 0.0 8.9407e-08 0.0 3.40641e-05 0.0 0.0 0.000282437 0.0 0.0 0.0 0.0 0.0 0.984491 0.0 0.0 6.55651e-07 0.0 0.0 0.0 0.0 0.0 0.000549287 8.9407e-08 0.0 0.0 6.16908e-06 0.0 0.0 0.0 9.86457e-06 4.41074e-05 0.0 0.0 0.0 0.0 0.0 0.0 2.11596e-06 0.0 0.0 0.000112295
0.0 0.0 0.0 0.0 0.0 0.0 2.40803e-05 0.0 0.0 2.38419e-07 0.00170442 1.48714e-05 0.0 0.0 0.0 0.0 0.0 0.0 0.0 0.0 0.0 0.0 3.71337e-05 0.0 7.15256e-07 0.0 0.0 0.0 0.0 0.000840038 0.0 0.0 0.0 0.0 0.0 0.000281334 0.0 0.0 0.0 0.0 0.0 0.0 0.0 0.0 0.0046556 1.51992e-06 0.0 0.0 0.993193 0.0 0.0 0.0 1.49012e-07 1.19209e-06 0.0 0.0 0.0 0.0 0.0 0.0 5.77569e-05 0.0 0.0 4.45843e-05
0.0 0.000261486 0.997174 1.19209e-07 7.7486e-07 0.00268111 0.0 0.0 0.0 0.0 0.0 0.0 0.0 0.0 7.689e-06 0.0 0.0 0.24169 0.0 0.0 1.78814e-07 0.0 0.0 1.19209e-07 3.01003e-06 0.0 0.0 0.0 0.0 0.0 4.22299e-05 0.0 0.0 0.0 8.39531e-05 0.0 0.826328 0.0 0.0 0.0 1.49012e-07 0.0 0.000280559 0.0 0.0 0.0 0.0 0.0 0.0 0.0 0.0 0.0 0.0 0.0 0.0 0.0 5.36442e-07 1.40071e-06 0.0 1.51694e-05 0.0 0.0 0.0 0.0
0.0 0.0 0.0 0.0 2.63751e-05 0.0 0.0 0.0 0.0 0.0 0.0 0.0 0.768273 0.0869391 0.0152622 0.0 0.0 1.49012e-07 0.0 0.0 2.98023e-07 0.0138479 0.0 0.0 0.0 0.0 0.0 0.0 0.0 0.0 7.03335e-06 0.0 0.0 0.901804 4.47035e-07 0.0 0.0 2.98023e-07 0.0 0.0 0.0 0.0 0.0156902 0.0 0.0 0.0 0.0 0.0 0.0 0.0 0.0 7.15256e-07 0.0 0.0 0.0 0.0 0.0 0.0 0.0 0.0 0.0 0.0 1.00434e-05 0.0
0.0 2.98023e-08 0.0 0.0 0.000396013 0.0 0.0 0.0 0.0 0.0 0.0 0.0 0.00119501 6.79493e-06 0.0 0.0 0.0 0.0 0.0 0.0 5.126e-05 0.00178343 0.0 0.0 0.0 0.0 0.0 0.0 0.0 0.0 0.0 0.0 2.08616e-07 0.000468522 2.90573e-05 0.0 0.0 0.0 2.5332e-06 0.0 0.0 0.0 1.2219e-06 0.0 0.0 0.0 0.0 0.0 0.0 0.0 0.0 0.0168578 0.0 0.0 0.0 0.0 0.0 0.0 0.0 0.0 0.0 0.0 0.0 0.0
0.0 0.0435827 0.0 3.57628e-07 2.17855e-05 0.0196425 9.0301e-06 0.0 0.0 0.0 9.71556e-06 2.65241e-06 0.0 0.0 0.0 0.0 0.0 5.69224e-06 0.0 0.0 9.10163e-05 0.0 0.0 0.0 0.217113 0.0 0.0 0.0 0.0 0.00852504 0.0 0.0 0.0 0.0 0.000539243 2.14577e-06 0.0 0.0 0.937984 0.0 0.0 0.0 2.98023e-07 0.0 1.82688e-05 0.0 0.0 0.0 0.0 0.0 0.0 0.00839147 0.0 0.863985 0.0 0.0 0.0 2.98023e-08 0.0 0.0 5.52833e-05 0.0 0.0 0.0
0.0 0.0 0.0 0.0 0.0 0.0 5.96046e-05 0.0 1.78814e-07 2.68221e-06 2.89083e-06 3.77595e-05 0.0 0.0 0.0 0.000308543 0.0 0.0 0.0 0.0 0.0 0.0 5.96046e-08 0.0 0.0 0.0 0.0 0.0 0.0 0.0 0.0 0.0 0.0 0.0 0.0 0.0 0.0 0.0 0.0 0.999874 0.0 0.0 0.0 0.0 0.0 5.96046e-08 0.0 0.0 0.0 0.0 9.00924e-05 0.0 0.0 0.0 0.0 0.0 8.9407e-08 0.0 2.98023e-08 0.0 0.0 0.0 0.0 0.0
0.0 3.09944e-06 7.77841e-06 0.0 0.445257 0.000139058 0.0 0.0 0.0 0.0 0.0 0.0 0.0142277 2.53618e-05 0.601114 0.0 0.0 0.000440061 0.0 0.0 0.00192982 0.00024417 0.0 0.0 0.0 0.0 0.0 0.0 0.0 0.0 2.44677e-05 0.0 0.0 0.117047 0.0349206 0.0 2.98023e-07 0.0 2.05636e-06 0.0 0.0 0.0 0.805235 0.0 0.0 0.0 0.0 0.0 0.0 0.0 0.0 0.00156596 0.0 0.0 0.0 0.0 0.0 0.0 0.0 0.0 0.0 0.0 0.0 0.0
0.0 0.0 0.0 0.0 0.0 0.0 4.93526e-05 0.0 8.9407e-08 0.0143349 6.07967e-06 0.00014621 0.0 0.0 0.0 4.42564e-05 0.0 0.0 0.0 0.0 0.0 0.0 5.66244e-07 0.0 0.0 0.0 0.0 0.0 0.0 0.0 0.0 0.0 0.0 0.0 0.0 0.0 0.0 0.0 0.0 5.77271e-05 0.0 0.0 0.0 9.53674e-07 0.0 5.04851e-05 0.0 0.0 0.0 0.0 0.998888 0.0 0.0 0.0 0.0 0.0 0.0 0.0 8.9407e-08 0.0 0.0 0.0 0.0 5.96046e-08
2.21729e-05 0.0 0.0 0.0 0.0 0.0 0.0 0.0 0.0 0.0 0.0 0.0 0.0 0.0 0.0 0.0 0.0 0.0 0.0 0.0 0.0 0.0 0.0 0.0 0.0 0.0 0.0 0.0 0.0 0.0 0.0 8.9407e-08 0.0 0.0 0.0 0.0 0.0 0.0 0.0 0.0 0.0 0.996909 0.0 8.9407e-08 0.0 0.0 0.0 0.0 0.0 0.0 0.0 0.0 0.0 0.0 0.0 0.0 0.0 0.0 2.67923e-05 0.0 0.0 0.0 0.0 0.0
0.0 0.0 0.0 0.0 3.12626e-05 0.0 0.0 0.0 0.0 0.0 0.0 0.0 0.757348 0.0805452 0.00211081 0.0 0.0 0.0 0.0 0.0 3.27826e-07 0.0298111 0.0 0.0 0.0 0.0 0.0 0.0 0.0 0.0 1.16229e-05 0.0 0.0 0.984931 6.25849e-07 0.0 0.0 7.7486e-07 0.0 0.0 0.0 0.0 0.00298607 0.0 0.0 0.0 0.0 0.0 0.0 0.0 0.0 5.66244e-07 0.0 0.0 0.0 0.0 0.0 0.0 0.0 0.0 0.0 0.0 2.39909e-05 0.0
0.0 0.0 0.0 0.0 0.0 0.0 0.0 0.0 0.0 0.0 0.0 0.0 0.0 0.0 0.0 0.0 0.0 0.0 0.0 4.85778e-06 0.0 0.0 0.0 1.19209e-07 0.0 0.00135478 2.98023e-08 0.0 0.0 0.0 0.0 0.0 0.0 0.0 0.0 1.49012e-07 0.0 0.0 0.0 0.0 0.0 0.0 0.0 0.0 0.0 0.0 0.0 0.0 0.0 0.0 0.0 0.0 0.999832 0.0 0.0 0.0 0.0 0.0 0.0 0.0 2.98023e-08 0.0 0.0 2.98023e-08
0.945892 0.0 0.0 0.0 0.0 0.0 0.0 0.0 0.0 0.0 0.0 0.0 0.0 0.0 0.0 0.0 0.0 0.0 0.0 0.0 0.0 0.0 2.98023e-08 0.0 0.0 0.0 0.0 0.0 0.0 0.0 0.0 0.523151 0.0 0.0 0.0 0.0 0.0 0.0 0.0 0.0 0.0 1.91331e-05 0.0 0.0203471 0.0 4.47035e-07 0.0 0.0 0.0 0.0 0.0 0.0 0.0 0.0 0.0 0.0 0.0 0.0 0.0253745 0.0 0.0 0.0 0.0 0.0
0.0 1.19209e-07 0.0 0.0 0.0 8.9407e-08 2.31862e-05 0.0 0.0 1.46031e-06 0.771706 0.0949304 0.0 0.0 0.0 0.0 0.0 0.0 0.0 0.0 0.0 0.0 2.77162e-06 0.0 7.42674e-05 0.0 0.0 0.0 0.0 0.66344 0.0 0.0 0.0 0.0 0.0 0.000439912 0.0 0.0 1.12653e-05 0.0 0.0 0.0 0.0 0.0 0.982247 1.19209e-07 0.0 0.0 0.000274897 0.0 0.0 0.0 0.0 0.00165033 0.0 0.0 0.0 0.0 0.0 0.0 3.96073e-05 0.0 0.0 6.73532e-06
0.0 0.0 0.0 0.0 0.0 0.0 0.0 0.0 0.0 0.0 0.0 2.98023e-08 0.0 0.0 0.0 0.0 0.0 0.0 0.0 0.999911 0.0 0.0 0.000731975 0.0 0.0 0.0 1.13845e-05 0.0 0.0 0.0 0.0 0.0 0.0 0.0 0.0 1.20103e-05 0.0 0.0 0.0 0.0 0.0 0.0 0.0 1.46031e-06 1.19209e-07 4.94421e-05 0.0 0.0 0.0 0.0 0.0 0.0 1.78814e-07 0.0 0.0 0.0 0.0 0.0 6.25849e-07 0.0 0.0 0.0 0.0 0.000820369
0.0 0.0 0.0 0.0 0.0 0.0 0.0 0.0 0.0 0.0 0.0 0.0 0.0 0.0 0.0 0.0 0.0 0.0 0.0 7.689e-06 0.0 0.0 1.78814e-07 0.0 0.0 0.0 0.997292 0.0 0.0 0.0 0.0 0.0 0.0 0.0 0.0 3.51667e-06 0.0 0.0 0.0 0.0 0.0 0.0 0.0 0.0 0.0 0.0 0.0 0.0 0.0 0.0 0.0 0.0 2.98023e-08 0.0 0.0 0.0 0.0 0.0 0.0 0.0 0.0 0.0 0.0 4.76837e-07
0.0 6.4671e-06 1.30236e-05 2.08616e-07 0.0023109 0.000291735 0.0 0.0 0.0 0.0 0.0 0.0 0.000376254 2.31266e-05 0.99607 0.0 0.0 0.00258768 0.0 0.0 0.000256807 6.4075e-06 0.0 0.0 0.0 0.0 0.0 0.0 0.0 0.0 0.000689834 0.0 0.0 0.00116709 0.0357271 0.0 4.17233e-07 1.19209e-07 8.64267e-07 0.0 0.0 0.0 0.959844 0.0 0.0 0.0 0.0 0.0 0.0 0.0 0.0 7.53999e-06 0.0 0.0 0.0 0.0 0.0 0.0 0.0 7.45058e-07 0.0 0.0 1.49012e-07 0.0
0.996078 0.0 0.0 0.0 0.0 0.0 0.0 0.0 0.0 0.0 0.0 0.0 0.0 0.0 0.0 0.0 0.0 0.0 0.0 0.0 0.0 0.0 1.75834e-06 0.0 0.0 0.0 0.0 0.0 0.0 0.0 0.0 0.0217731 0.0 0.0 0.0 0.0 0.0 0.0 0.0 0.0 0.0 0.000277668 0.0 0.424303 0.0 2.18749e-05 0.0 0.0 0.0 0.0 0.0 0.0 0.0 0.0 0.0 0.0 0.0 0.0 0.550099 0.0 0.0 0.0 0.0 2.68221e-07
0.0 0.0015268 9.53674e-07 0.0 0.986255 0.00130409 0.0 0.0 0.0 0.0 0.0 0.0 0.000323147 1.78814e-07 0.0140345 0.0 0.0 0.00067544 0.0 0.0 0.0428351 1.5378e-05 0.0 0.0 9.23872e-07 0.0 0.0 0.0 0.0 0.0 2.26498e-06 0.0 0.0 0.000878066 0.33462 0.0 2.08616e-07 0.0 0.000419647 0.0 0.0 0.0 0.0364838 0.0 0.0 0.0 0.0 0.0 0.0 0.0 0.0 0.259204 0.0 8.9407e-08 0.0 0.0 0.0 0.0 0.0 0.0 4.76837e-07 0.0 0.0 0.0
0.0 0.0 3.8743e-07 0.0 0.0 0.0 0.0 0.0 0.0 0.0 0.0 0.0 0.0 0.0 0.0 5.96046e-08 0.000685483 0.0 0.0 0.0 0.0 0.0 0.0 0.0312279 0.0 0.0 0.0 0.0 0.0 0.0 0.0 0.0 0.0 0.0 0.0 0.0 2.98023e-08 0.0 0.0 1.19209e-06 0.0 0.0 0.0 0.0 0.0 0.0 0.000485897 0.0 0.0 0.0 0.0 0.0 0.0 0.0 0.0 0.0 0.999997 2.38419e-07 0.0 4.33624e-05 0.0 0.109761 0.0 0.0
0.0 2.98023e-08 0.0 0.0 0.0 0.0 0.00108936 0.0 2.50936e-05 2.38419e-06 0.826389 0.994937 0.0 0.0 0.0 8.64267e-07 0.0 0.0 0.0 0.0 0.0 0.0 1.37091e-06 1.78814e-07 1.38879e-05 2.98023e-08 0.0 0.0 0.0 0.0158229 0.0 0.0 0.0 0.0 0.0 1.01328e-06 2.98023e-08 0.0 3.8743e-06 2.42889e-05 2.38419e-07 0.0 0.0 0.0 0.189725 1.78814e-07 0.0 0.0 2.44379e-06 0.0 4.09484e-05 0.0 0.0 0.000223637 0.0 0.0 0.0 0.0 0.0 0.0 8.31485e-06 0.0 0.0 4.47035e-07
0.0 0.0 3.39746e-06 0.0 0.0 4.47035e-07 0.0 0.0 0.846958 0.0 0.0 2.98023e-08 0.0 0.0 0.0 0.144034 0.0 0.0 0.0 0.0 0.0 0.0 0.0 0.0 0.0 0.0 0.0 0.0 0.0 0.0 0.0 0.0 0.0 0.0 0.0 0.0 0.010129 0.0 0.0 0.0 0.99981 0.0 0.0 0.0 0.0 0.0 0.0 0.0 0.0 0.0 0.0 0.0 0.0 0.0 0.0 0.0 0.0 0.0 0.0 0.0 0.0 0.0 0.0 0.0
0.0 0.000423491 0.0 0.0 0.0762589 0.000276417 0.0 0.0 0.0 0.0 0.0 0.0 1.49012e-07 0.0 2.5332e-06 0.0 0.0 3.15905e-06 0.0 0.0 0.0496594 5.96046e-08 0.0 0.0 0.000545561 0.0 0.0 0.0 0.0 5.36442e-07 0.0 0.0 0.0 2.68221e-07 0.00591972 0.0 0.0 0.0 0.585351 0.0 0.0 0.0 9.0301e-06 0.0 0.0 0.0 0.0 0.0 0.0 0.0 0.0 0.99818 0.0 0.00055787 0.0 0.0 0.0 0.0 0.0 0.0 2.26498e-06 0.0 0.0 0.0
0.0 3.98159e-05 8.9407e-08 0.000294715 0.0 1.4931e-05 0.985849 0.0 0.0203577 2.38419e-06 0.00114763 0.000224054 0.0 0.0 0.0 0.00307283 0.0 8.64267e-07 0.0 0.0 0.0 0.0 5.96046e-08 0.0 0.00207555 0.0 0.0 0.0 0.0 2.15173e-05 0.0 0.0 0.0 0.0 0.0 0.0 2.92063e-06 0.0 4.44055e-06 4.97699e-06 0.000247091 0.0 0.0 0.0 3.73125e-05 0.0 0.0 0.0 3.93391e-06 0.0 2.98023e-07 0.0 0.0 3.8743e-06 0.0 0.0 0.0 0.0 0.0 0.0 7.7486e-07 0.0 0.0 0.0
8.9407e-08 0.0 0.0 0.0 0.0 0.0 0.00120422 0.0 0.0 0.999595 5.46575e-05 6.13928e-06 0.0 0.0 0.0 1.2517e-06 0.0 0.0 0.0 0.0 0.0 0.0 7.7486e-07 0.0 0.0 0.0 0.0 0.0 0.0 2.68221e-06 0.0 0.0 0.0 0.0 0.0 1.78814e-07 0.0 0.0 0.0 1.42455e-05 0.0 0.0 0.0 1.19209e-07 4.05312e-06 0.00010702 0.0 0.0 1.78814e-07 0.0 0.14835 0.0 0.0 2.20537e-06 0.0 0.0 0.0 0.0 2.98023e-07 0.0 1.78814e-07 0.0 0.0 3.8743e-07
0.0 0.0 0.0 0.0 0.0 0.0 0.0 0.0 0.0 0.0 2.98023e-08 0.0 0.0 0.0 0.0 0.0 0.0 0.0 0.0 0.0 0.0 0.0 5.96046e-08 0.000225395 0.0 0.999839 0.0 0.0 0.0 0.0 0.0 0.0 0.0 0.0 0.0 0.0 0.0 0.0 0.0 0.0 0.0 0.0 0.0 0.0 0.0 2.98023e-08 0.0 0.0 0.0 0.0 0.0 0.0 4.18723e-05 0.0 0.0 0.0 1.19209e-07 0.0 0.0 0.0 0.0 0.0 0.0 0.0
0.0 0.0 0.0 0.0 0.0 0.0 0.0 0.0 0.0 0.0 0.0 0.0 0.0 0.0 0.0 0.0 0.0 0.0 0.0 0.0 0.0 0.0 0.0 0.999736 0.0 2.98023e-07 0.0 0.0 0.0 0.0 0.0 0.0 0.0 0.0 0.0 0.0 0.0 0.0 0.0 0.0 0.0 0.0 0.0 0.0 0.0 0.0 0.0 0.0 0.0 0.0 0.0 0.0 0.0 0.0 0.0 0.0 9.23872e-07 0.0 0.0 5.96046e-08 0.0 0.0 0.0 0.0
0.0 0.0 2.5332e-06 7.7486e-06 0.0 1.19209e-07 0.0 0.0 0.0 0.0 0.0 0.0 0.0 0.0 3.27826e-07 0.0 1.78218e-05 7.31647e-05 0.0 0.0 0.0 0.0 0.0 9.53674e-07 0.0 0.0 0.0 0.0 0.0 0.0 0.0 0.0 0.0 0.0 0.0 0.0 1.01328e-06 0.0 0.0 0.0 0.0 0.0 0.0 0.0 0.0 0.0 0.0 0.0 0.0 0.0 0.0 0.0 0.0 0.0 0.0 0.0 3.00705e-05 8.9407e-08 0.0 0.99987 0.0 1.19209e-07 0.0 0.0
2.53022e-05 0.0 0.0 0.0 0.0 0.0 5.96046e-08 0.0 0.0 1.51098e-05 1.10865e-05 1.96695e-06 0.0 0.0 0.0 0.0 0.0 0.0 0.0 3.92199e-05 0.0 0.0 0.269196 0.0 0.0 8.9407e-08 0.0 0.0 0.0 0.0 0.0 0.0 0.0 0.0 0.0 8.64267e-07 0.0 0.0 0.0 3.57628e-07 0.0 0.0 0.0 0.0715217 1.37091e-06 0.982844 0.0 0.0 8.9407e-08 0.0 0.000695378 0.0 0.0 0.0 0.0 0.0 0.0 0.0 0.00296378 0.0 0.0 0.0 0.0 0.0315812
0.023237 0.0 0.0 0.0 0.0 0.0 2.98023e-08 0.0 0.0 1.49012e-07 2.68221e-07 1.78814e-06 0.0 0.0 0.0 5.36442e-07 0.0 0.0 0.0 3.12924e-06 0.0 0.0 0.00283846 0.0 0.0 0.0 0.0 0.0 0.0 0.0 0.0 8.9407e-08 0.0 0.0 0.0 0.0 0.0 0.0 0.0 2.38419e-07 0.0 0.0 0.0 0.998596 5.96046e-08 0.126634 0.0 0.0 0.0 0.0 0.000462145 0.0 0.0 0.0 0.0 0.0 0.0 0.0 0.00456312 0.0 0.0 0.0 0.0 0.00166902
0.0 8.64267e-07 0.000683457 0.0 2.98023e-08 9.91523e-05 0.0 0.0 0.0 0.0 0.0 0.0 9.53674e-07 3.45707e-06 0.0077171 0.0 0.0 0.000112563 0.0 0.0 1.19209e-07 0.0 0.0 0.0 0.0 0.0 0.0 0.0 0.0 0.0 0.996912 0.0 0.0 9.59635e-06 5.21541e-06 0.0 7.52509e-05 2.98023e-08 0.0 0.0 0.0 0.0 0.00931102 0.0 0.0 0.0 0.0 0.0 0.0 0.0 0.0 0.0 0.0 0.0 0.0 0.0 0.0 4.76837e-07 0.0 5.96046e-08 0.0 0.0 8.9407e-08 0.0
0.0 0.0 0.0 0.0 0.0 0.0 0.0 0.0 0.0 0.0 0.0 0.0 0.107003 0.991552 2.98023e-07 0.0 0.0 0.0 0.0 0.0 0.0 0.0315858 0.0 0.0 0.0 0.0 0.0 0.0 4.47035e-07 0.0 2.98023e-08 0.0 0.0 0.0133702 0.0 0.0 0.0 3.8445e-06 0.0 0.0 0.0 0.0 6.25849e-07 0.0 0.0 0.0 0.0 0.0 0.0 0.0 0.0 0.0 0.0 0.0 0.0 0.0 0.0 0.0 0.0 0.0 0.0 0.0 0.00081858 0.0
0.0 0.0 2.98023e-08 0.0 0.0 0.0 0.0 0.0 0.0 0.0 0.0 0.0 0.0 0.0 0.0 0.0 0.000401795 0.0 0.0 0.0 0.0 0.0 0.0 8.58307e-06 0.0 0.0 0.0 0.0 0.0 0.0 0.0 0.0 0.0 0.0 0.0 0.0 0.0 0.0 0.0 0.0 0.0 0.0 0.0 0.0 0.0 0.0 0.0 0.0 0.0 0.0 0.0 0.0 0.0 0.0 0.0 0.0 0.0979775 0.0 0.0 0.0 0.0 0.999999 0.0 0.0
0.0 0.0 0.0 0.0 0.0 0.0 0.00991723 0.0 1.91331e-05 2.98023e-07 7.15256e-07 4.67598e-05 0.0 0.0 0.0 0.999817 0.0 0.0 0.0 0.0 0.0 0.0 1.49012e-07 0.0 0.0 0.0 0.0 0.0 0.0 0.0 0.0 0.0 0.0 0.0 0.0 0.0 8.34465e-07 0.0 0.0 0.0370543 0.000102192 0.0 0.0 2.08616e-07 0.0 1.19209e-07 8.9407e-08 0.0 0.0 0.0 2.22325e-05 0.0 0.0 0.0 0.0 0.0 3.57628e-07 0.0 0.0 0.0 0.0 0.0 0.0 0.0
0.0 7.35521e-05 0.0 0.0 0.0 4.38988e-05 7.15256e-07 0.0 0.0 1.19209e-07 0.00793645 0.000549793 0.0 0.0 0.0 0.0 0.0 8.34465e-07 0.0 0.0 0.0 0.0 0.0 5.96046e-08 0.0165245 0.0 0.0 0.0 0.0 0.993272 0.0 0.0 0.0 0.0 2.98023e-08 3.83556e-05 0.0 0.0 0.00304478 0.0 0.0 0.0 0.0 0.0 0.064825 0.0 0.0 0.0 8.49366e-06 0.0 0.0 2.86102e-06 0.0 0.0940148 0.0 0.0 0.0 0.0 0.0 0.0 1.35303e-05 0.0 0.0 1.19209e-07
0.997205 0.0 0.0 0.0 0.0 0.0 0.0 0.0 0.0 8.9407e-08 0.0 0.0 0.0 0.0 0.0 0.0 0.0 0.0 0.0 1.19209e-07 0.0 0.0 4.67002e-05 0.0 0.0 0.0 0.0 0.0 0.0 0.0 0.0 0.000438303 0.0 0.0 0.0 0.0 0.0 0.0 0.0 0.0 0.0 2.99513e-05 0.0 0.609223 0.0 0.0006513 0.0 0.0 0.0 0.0 6.25849e-07 0.0 0.0 0.0 0.0 0.0 0.0 0.0 0.842895 0.0 0.0 0.0 0.0 1.44839e-05
0.0 2.08616e-07 2.98023e-08 0.999987 0.0 2.98023e-08 1.13249e-06 0.0 2.98023e-08 0.0 0.0 0.0 0.0 0.0 0.0 0.0 0.0 7.15256e-07 0.0 0.0 0.0 0.0 0.0 0.0 3.8743e-07 0.0 0.0 0.0 0.0 0.0 0.0 0.0 0.0 0.0 0.0 0.0 1.78814e-07 0.0 1.19209e-07 0.0 0.0 0.0 0.0 0.0 0.0 0.0 0.0 0.0 0.0 0.0 0.0 0.0 0.0 0.0 0.0 0.0 5.96046e-08 0.0 0.0 4.76837e-07 0.0 0.0 0.0 0.0
0.0 0.705552 5.57303e-06 5.96046e-07 3.11434e-05 0.237804 6.55651e-07 0.0 4.47035e-07 0.0 2.20537e-06 2.38419e-07 0.0 0.0 5.96046e-08 0.0 0.0 0.00524026 0.0 0.0 0.000271678 0.0 0.0 0.0 0.984422 0.0 0.0 0.0 0.0 0.0039565 1.19209e-07 0.0 0.0 0.0 0.00134563 8.9407e-08 2.83122e-06 0.0 0.0594522 0.0 0.0 0.0 1.72853e-06 0.0 2.20537e-06 0.0 0.0 0.0 2.98023e-08 0.0 0.0 0.0027788 0.0 0.0326041 0.0 0.0 0.0 1.78814e-07 0.0 0.0 7.01845e-05 0.0 0.0 0.0
0.0 0.0 0.0 0.0 0.0 0.0 0.0 0.0 0.0 0.0 0.0 0.0 0.0 0.0 0.0 0.0 0.0 0.0 0.0 0.0 0.0 0.0 0.0 0.0 0.0 0.0 0.0 1.66297e-05 0.0 0.0 0.0 0.0 0.0 0.0 0.0 0.0 0.0 0.0 0.0 0.0 0.0 0.0 0.0 0.0 0.0 0.0 0.0 0.999904 7.7486e-07 0.0 0.0 0.0 1.49012e-06 0.0 0.0 0.0 0.0 0.0 0.0 0.0 4.47035e-07 0.0 0.0 0.0
0.0 0.0 0.0 0.0 0.0 0.0 0.0 0.0 0.0 0.0 0.0 0.0 1.49012e-07 7.21216e-05 0.0 0.0 0.0 0.0 0.0 0.0 0.0 0.0 0.0 0.0 0.0 0.0 0.0 0.0 3.20971e-05 0.0 0.0 0.0 0.0 2.38419e-07 0.0 0.0 0.0 0.986162 0.0 0.0 0.0 0.0 0.0 0.0 0.0 0.0 0.0 0.0 0.0 0.0 0.0 0.0 0.0 0.0 0.0 0.0 0.0 0.0 0.0 0.0 0.0 0.0 0.249845 0.0
0.0 0.0 0.0 0.0 0.0 0.0 0.0 0.0 0.0 0.0 0.0 0.0 6.28531e-05 0.00307366 2.98023e-08 0.0 0.0 0.0 0.0 0.0 0.0 1.13249e-06 0.0 0.0 0.0 0.0 0.0 0.0 1.24872e-05 0.0 0.0 0.0 0.0 5.99623e-05 0.0 0.0 0.0 0.0522422 0.0 0.0 0.0 0.0 2.98023e-08 0.0 0.0 0.0 0.0 0.0 0.0 0.0 0.0 0.0 0.0 0.0 0.0 1.78814e-07 0.0 0.0 0.0 0.0 0.0 0.0 0.997465 0.0
0.0 0.983856 7.82609e-05 3.57628e-07 0.00608748 0.841609 0.0 0.0 2.98023e-08 0.0 0.0 0.0 0.0 0.0 3.38256e-05 0.0 0.0 0.0507683 0.0 0.0 0.000159383 0.0 0.0 0.0 0.404972 0.0 0.0 0.0 0.0 1.00434e-05 8.9407e-06 0.0 0.0 0.0 0.0765751 0.0 3.48687e-05 0.0 0.0013676 0.0 1.49012e-07 0.0 0.000462472 0.0 0.0 0.0 0.0 0.0 0.0 0.0 0.0 0.00028193 0.0 0.000949949 0.0 0.0 0.0 1.49012e-07 0.0 0.0 8.79169e-06 0.0 0.0 0.0
0.0 1.19209e-07 0.0 0.0 0.0 8.9407e-08 0.00136328 0.0 3.54648e-06 4.41074e-06 0.990047 0.586739 0.0 0.0 0.0 2.98023e-08 0.0 0.0 0.0 0.0 0.0 0.0 1.57058e-05 0.0 7.06017e-05 0.0 0.0 0.0 0.0 0.314444 0.0 0.0 0.0 0.0 0.0 1.18315e-05 0.0 0.0 5.1558e-06 2.5928e-06 0.0 0.0 0.0 0.0 0.81302 3.57628e-07 0.0 0.0 0.000421464 0.0 8.64267e-07 0.0 0.0 0.000606537 0.0 0.0 0.0 0.0 0.0 0.0 0.000165135 0.0 0.0 6.4075e-06
7.15256e-07 0.0 0.0 0.0 0.0 0.0 4.47035e-07 0.0 0.0 6.25849e-07 0.000156969 6.25849e-06 0.0 0.0 0.0 0.0 0.0 0.0 0.0 6.42538e-05 0.0 0.0 0.990408 0.0 0.0 0.0 1.49012e-07 0.0 0.0 2.68221e-07 0.0 0.0 0.0 0.0 0.0 0.00057435 0.0 0.0 0.0 0.0 0.0 0.0 0.0 0.00180942 5.42402e-05 0.051938 0.0 0.0 3.03984e-06 0.0 2.86102e-06 0.0 2.08616e-07 0.0 0.0 0.0 0.0 0.0 8.64863e-05 0.0 0.0 0.0 0.0 0.0875676
18 7 55 28 8 38 5 54 63 49 0 50 42 4 20 29 22 43 36 30 51 17 35 41 2 6 14 33 13 12 26 40 21 34 53 44 31 58 39 11 48 19 15 9 52 47 56 60 45 16 46 57 61 59 3 62 25 27 23 24 1 37 32 10
