8
0.0 0.0 0.0 0.999998 0.0 0.0 0.0 0.0 0.0 0.0 0.0 0.0 0.0 0.0 0.0 0.0 0.0 0.0 0.0 0.0 0.0 0.0 0.0 0.0 0.0 0.0 0.0 0.0 0.0 0.0 0.0 0.0 0.0 0.0 0.0 0.0 0.0 0.0 0.0 0.0 0.0 0.0 0.0 0.0 0.0 0.0 0.0 0.0 0.0 0.0 0.0 0.0 0.0 0.0 0.0 0.0 0.0 0.0 0.0 0.0 0.0 0.0 0.0 0.0
0.0 0.925327 0.0 0.0 0.0 0.0 0.0 0.0 5.81145e-06 0.0 0.0 0.0 0.0 0.0 0.0 0.0 0.0 0.0 0.0 0.0 0.0 0.0 0.0 0.0 0.0 0.0 0.0 0.0 0.0 0.0 0.0 0.0 0.0 0.0 0.0 0.0 0.0 0.0 0.0 0.0 0.0 0.0 2.5034e-06 0.0 0.0 0.0 0.0 0.0 0.0 0.0 0.0 0.0 0.0 0.0 0.0 0.0 0.0 0.99999 0.0 0.0 0.0 0.0 0.0 0.0
0.0 0.0 3.96371e-06 0.0 0.0 0.0 0.0 0.0 0.0 0.0 0.0 0.0 0.852272 0.0 0.0 0.0 0.0 0.0 0.0 0.0 0.0 0.0 0.0 0.0 0.0 0.845239 0.0 0.0 0.0 0.0 0.810485 0.0 0.0 0.0 0.0 0.0 0.0 0.0 0.0 0.0 0.0 0.0 0.0 0.0 0.0 0.0 0.0 0.0 0.0 0.0 0.0 0.0 0.0 0.0 0.0 0.0 0.0 0.0 0.0 0.0 0.0 0.0 0.0 0.0
0.0 0.0 0.0 0.0 0.0 0.0 0.999949 5.93364e-05 9.89437e-06 0.0 0.0 0.0 0.0 0.0 0.0 0.0 0.0 0.0 0.0 0.0 0.0 0.0 0.0 0.0 0.0 0.0 0.0 0.0 0.0 0.0 0.0 0.0 0.0 0.0 0.0 0.0 0.0 0.0 0.0 0.0 0.0 0.00318596 0.0 0.0 0.0 1.01328e-06 0.0 0.0 0.0 0.0 0.0 2.35438e-06 0.0 0.0 0.0 0.0 0.0 0.0 8.9407e-08 8.94368e-05 0.0 0.000388473 0.0 0.000286222
0.0 0.0 0.0 0.0 0.906132 0.0 0.0 0.0 0.00100154 0.0 1.19209e-07 2.38419e-07 0.0 0.179429 0.0 0.0 1.78814e-07 0.0 0.0 0.0 3.57628e-07 0.0 0.0 0.0 0.0 0.0 1.03116e-05 0.0 0.0 0.0 0.0 5.96046e-08 0.0 0.0 0.0 0.0 0.0 0.0 0.0 0.0 0.0 0.0 3.8743e-07 0.0 0.0 3.27826e-07 0.0 8.9407e-08 0.0 0.0 0.0 0.0 0.999217 8.9407e-08 0.0 0.213026 1.81794e-06 1.19209e-07 0.0 3.27826e-07 0.0 0.0 3.24547e-05 0.0
0.0 0.0 2.83122e-06 0.0 0.0 0.0 0.0 0.0 0.0 0.0 0.0 0.0 0.955555 0.0 0.0 0.0 0.0 0.0 0.0 0.0 0.0 0.0 0.0 0.0 0.0 0.941427 0.0 0.0 0.0 0.0 0.86804 0.0 0.0 0.0 0.0 0.0 0.0 0.0 0.0 0.0 0.0 0.0 0.0 0.0 0.0 0.0 0.0 0.0 0.0 0.0 0.0 0.0 0.0 0.0 0.0 0.0 0.0 0.0 0.0 0.0 0.0 0.0 0.0 0.0
0.0 0.0 0.0 0.0 0.0 1.49012e-07 0.0 0.0 0.0 0.0 0.0 1.0 0.0 0.0 0.0 0.0 0.0 0.0 0.0 0.0 0.0 0.0 0.0 0.0 0.0 0.0 0.0 0.0 1.75238e-05 0.0 0.0 0.0 0.0 0.0 0.0 0.0 0.245346 0.0 0.0 0.0 0.0 0.0 0.0 0.0 0.0 0.0 0.0 0.0 0.0 0.0 0.0 0.0 0.0 0.0 0.0 2.02656e-06 1.78814e-07 0.0 0.0 0.0 2.95043e-06 0.0 2.38419e-06 0.0
0.0 0.0 0.0 0.0 0.496391 0.0 0.0 0.0 1.41263e-05 0.0 0.0085412 0.0 0.0 0.00102443 0.0 0.0 0.381386 0.0 8.9407e-08 0.0 0.970519 0.0 0.207689 0.0 0.0 0.0 6.28531e-05 0.857155 0.0 0.0 0.0 0.0149466 0.000155538 0.0 0.00347474 0.999948 0.0 0.0 0.0 5.66244e-07 0.0 0.0 2.38419e-07 0.0 0.0 4.05312e-05 0.0 0.926268 0.0 0.0 0.0 0.0 8.9407e-08 0.0 0.0 1.06692e-05 0.0 0.0 1.66893e-06 2.26796e-05 0.0 1.84774e-06 0.372759 0.00736174
0.0 0.0 9.53674e-07 0.0 0.0 0.0 0.0 0.0 0.0 0.0 0.0 0.0 0.997933 0.0 0.0 0.0 0.0 0.0 0.0 0.0 0.0 0.0 0.0 0.0 0.0 0.999451 0.0 0.0 0.0 0.0 0.999821 0.0 0.0 0.0 0.0 0.0 0.0 0.0 0.0 0.0 0.0 0.0 0.0 0.0 0.0 0.0 0.0 0.0 0.0 0.0 0.0 0.0 0.0 0.0 0.0 0.0 0.0 0.0 0.0 0.0 0.0 0.0 0.0 0.0
0.0 0.0 2.98023e-08 0.0 0.0 0.0 0.0 0.0 0.0 0.0 0.0 0.0 0.912712 0.0 0.0 0.0 0.0 0.0 0.0 0.0 0.0 0.0 0.0 0.0 0.0 0.975294 0.0 0.0 0.0 0.0 0.991703 0.0 0.0 0.0 0.0 0.0 0.0 0.0 0.0 0.0 0.0 0.0 0.0 0.0 0.0 0.0 0.0 0.0 0.0 0.0 0.0 0.0 0.0 0.0 0.0 0.0 0.0 0.0 0.0 0.0 0.0 0.0 0.0 0.0
0.0 0.0 0.0 0.0 4.47035e-07 0.0 0.0 0.0 2.77162e-06 0.0 0.0 5.96046e-08 0.0 0.0 0.0 0.0 1.2219e-06 0.0 0.0 0.0 1.96695e-06 0.0 0.0 0.0 0.0 0.0 6.55651e-07 1.32322e-05 0.0 0.0 0.0 9.23872e-07 0.0 0.0 0.0 0.0 0.0 0.0 0.0 0.0 0.0 0.0 0.0 0.0 0.0 1.73151e-05 0.0 0.0 0.0 0.0 0.0 0.0 0.0 0.0 0.0 0.0 0.0 0.0 0.0 8.5324e-05 0.0 2.74181e-06 7.4029e-05 1.0
0.0 0.0 0.0 0.0 8.9407e-08 0.0 0.0 0.0 0.0 0.0 0.999961 6.96182e-05 0.0 9.70662e-05 0.0 0.0 2.38419e-07 0.0 0.0 0.0 5.29885e-05 0.0 0.0 0.0 0.0 0.0 0.0 0.0 0.0 0.0 0.0 0.0 0.0 0.0 0.0 0.0 0.0 0.0 0.0 0.0 0.0 0.0 0.0 0.0 0.0 0.0 0.0 0.0 0.0 0.0 0.0 0.0 0.0 0.0 0.0 0.0 0.0 0.0 0.0 0.0 0.0 0.0 0.868769 0.0
0.0 0.0 6.25849e-07 0.0 0.0 0.0 0.0 0.0 0.0 0.0 0.0 0.0 0.45605 0.0 0.0 0.0 0.0 0.0 0.0 0.0 0.0 0.0 0.0 0.0 0.0 0.534954 0.0 0.0 0.0 0.0 0.690049 0.0 0.0 0.0 0.0 0.0 0.0 0.0 0.0 0.0 0.0 0.0 0.0 0.0 0.0 0.0 0.0 0.0 0.0 0.0 0.0 0.0 0.0 0.0 0.0 0.0 0.0 0.0 0.0 0.0 0.0 0.0 0.0 0.0
0.0 0.0 0.0 0.0 0.0 0.0 0.0 0.0 0.0 0.0 0.0 0.0 0.0 0.0 0.0 0.0 0.0 0.99742 0.0 0.0 0.0 0.0 0.0 0.0 0.0 0.0 0.0 0.0 0.0 0.0 0.0 0.0 0.0 0.0 0.0 0.0 0.0 0.0 0.0 0.0 0.0 0.0 0.0 0.0 0.0 0.0 0.0 0.0 5.66244e-07 0.0 0.0 0.0 0.0 0.0 0.0 0.0 0.0 0.0 0.0 0.0 0.0 0.0 0.0 0.0
0.0 0.0 0.0 0.0 0.0 0.0 0.0 0.0 0.0 0.0 0.0 0.0 0.0 0.0 0.0 0.0 0.0 0.0 0.0 0.0 0.0 0.0 0.0 0.0 0.0 0.0 0.0 0.0 0.0 0.0 0.0 0.0 0.0 0.0 0.0 0.0 0.0 0.0 0.0 0.0 1.0 0.0 0.0 0.0 0.0 0.0 0.0 0.0 0.0 0.0 0.0 0.0 0.0 0.0 0.0 0.0 0.0 3.8743e-07 0.0 0.0 0.0 0.0 0.0 0.0
0.0 0.0 0.0 0.0 0.000626624 0.0 0.0 0.0 0.032011 0.0 0.0 0.0 0.0 8.9407e-08 0.0 0.0 7.15256e-07 0.0 2.98023e-06 0.0 0.0 0.0 0.425439 0.0 0.0 0.0 0.000328392 1.49012e-07 0.0 0.0 0.0 1.93715e-06 0.451978 0.0 0.0 0.0 0.0 0.0 0.0 0.999987 0.0 0.0 3.30806e-06 0.0 0.0 3.18885e-06 0.0 0.0 0.0 0.0 0.0 0.0 2.98023e-08 3.27826e-07 0.0 2.68221e-07 0.0 0.0 0.240274 0.000145286 0.0 8.9407e-08 0.0 5.36442e-07
0.0 0.0 0.0 0.0 0.0 0.0 0.0 0.0 0.0 0.0 0.0 0.0 0.0 0.0 0.0 1.0 0.0 0.0 0.0 0.0 0.0 0.0 0.0 0.0 0.0 0.0 0.0 0.0 0.0 0.0 0.0 0.0 0.0 0.0 0.0 0.0 0.0 0.0 0.0 0.0 0.0 0.0 0.0 0.0 0.0 0.0 0.0 0.0 0.0 0.0 0.0 0.0 0.0 0.0 0.0 0.0 0.0 0.0 0.0 0.0 0.0 0.0 0.0 0.0
0.0 0.0 0.000383496 0.0 0.0 5.00679e-06 0.0 0.0 0.0 0.0 0.0 0.0 0.0 0.0 0.0 0.0 0.0 0.0 0.0 0.0 0.0 0.0 0.0 0.0 0.999017 0.0 0.0 0.0 0.0 0.0 0.0 0.0 0.0 0.0 0.0 0.0 0.0 0.0 0.999904 0.0 0.0 0.0 0.0 0.0 0.0 0.0 0.0 0.0 0.100962 0.0 0.0 0.0 0.0 0.0 0.0 0.0 2.23517e-06 0.0 0.0 0.0 0.0 0.0 0.0 0.0
1.19209e-07 0.0 0.0 0.0 0.0 0.0 8.9407e-08 1.5825e-05 0.0 0.0 0.0 0.0 0.0 0.0 0.0 0.0 0.0 0.0 0.0 0.0 0.0 0.0 0.0 0.0 0.0 0.0 0.0 0.0 0.0 0.0 0.0 0.0 0.0 0.0 0.0 0.0 0.0 0.0 0.0 0.0 0.0 0.0 0.0 0.0346295 0.0 0.0 0.999932 0.0 0.0 0.0 9.53674e-07 0.0385675 0.0 0.0 0.0 0.0 0.0 0.0 0.0124219 0.0 0.0 0.0 0.0 2.98023e-08
0.0 0.0 0.0 0.0 0.0 0.0 0.0 0.0 0.0 0.0 0.0 0.0 0.0 0.0 1.49012e-07 0.0 0.0 0.0 0.0 0.977539 0.0 0.0 0.0 0.0 0.0 0.0 0.0 0.0 0.0 0.00983274 0.0 0.0 0.0 0.0 0.0 0.0 0.0 0.999964 0.0 0.0 0.0 0.0 0.0 0.0 0.0 0.0 0.0 0.0 0.0 0.0 0.0 0.0 0.0 0.0 0.739861 0.0 0.0 0.0 0.0 0.0 0.0 0.0 0.0 0.0
0.0 0.0 0.0 0.0 5.91278e-05 0.0 0.0 0.0 0.0 0.0 8.9407e-08 0.00336701 0.0 7.62939e-06 0.0 0.0 0.0 0.0 0.0 0.0 1.49012e-07 0.0 0.0 0.0 0.0 0.0 0.0 0.0 0.0 0.0 0.0 0.0 0.0 0.0 0.0 0.0 0.0 0.0 0.0 0.0 0.0 0.0 0.0 0.0 0.0 0.0 0.0 0.0 0.0 0.0 0.0 0.0 0.000843316 0.0 0.0 0.986999 2.98023e-08 0.0 0.0 1.19209e-07 0.0 0.0 0.000142366 0.0
0.0 0.0 0.0 0.0 0.0 0.0 0.0 0.0 0.0 0.0 0.0 0.0 0.0 0.0 0.0 0.0 0.0 0.0 0.0 0.0 0.0 0.0 0.0 0.999979 0.0 0.0 0.0 0.0 0.0 0.0 0.0 0.0 0.0 0.0 0.0 0.0 0.0 0.0 0.0 0.0 0.0 0.0 0.0 0.0 0.0 0.0 0.0 0.0 0.0 0.0 0.0 0.0 0.0 0.0 0.0 0.0 0.0 0.0 0.0 0.0 0.0 0.0 0.0 0.0
0.991001 0.0 0.0 0.0 0.0 0.0 0.0 0.0 0.0 0.0 0.0 0.0 0.0 0.0 0.0 0.0 0.0 0.0 0.0 0.0 0.0 0.0 0.0 0.0 0.0 0.0 0.0 0.0 0.0 0.0 0.0 0.0 0.0 0.0 5.06639e-07 1.40071e-06 0.0 0.0 0.0 0.0 0.0 0.0 0.0 5.51343e-06 0.0 0.0 1.49012e-07 0.0 0.0 0.0 0.0 3.26037e-05 0.0 0.0 0.0 0.0 0.0 0.0 0.0 0.0 0.0 0.0 0.0 0.0
0.0 0.0 0.0 0.0 0.0 0.0 0.0 0.0 0.0 0.0 0.0 0.0 0.0 0.0 0.0 0.0 0.0 0.0 0.0 1.49012e-07 0.0 0.0 0.0 4.17233e-07 0.0 0.0 0.0 0.0 0.0 5.06639e-07 0.0 0.0 0.0 1.0 0.0 0.0 0.0 0.0 0.0 0.0 0.0 0.0 0.0 0.0 0.0 0.0 0.0 0.0 0.0 1.19209e-07 2.74181e-06 0.0 0.0 0.0 1.10269e-06 0.0 0.0 0.0 0.0 0.0 0.0 0.0 0.0 0.0
0.0 0.0 0.0 0.0 2.73287e-05 0.0 0.0 0.0 5.78165e-06 0.676603 0.0 5.96046e-08 0.0 3.11732e-05 0.0 0.0 0.0 0.0 0.0 0.0 0.0 0.0 0.0 0.0 0.0 0.0 3.27826e-07 0.0 0.0 0.0 0.0 0.0 0.0 0.0 0.0 0.0 0.0 0.0 2.86102e-06 0.0 0.0 0.0 0.0 0.0 0.0 5.96046e-08 0.0 0.0 0.000113845 0.0 0.0 0.0 0.03332 0.0 0.0 5.93066e-06 9.58145e-05 0.0 0.0 1.19209e-07 0.0 0.0 3.50773e-05 8.9407e-08
0.0 0.0 8.9407e-08 0.0 0.0 0.0 0.0 0.0 0.0 0.0 0.0 0.0 0.971165 0.0 0.0 0.0 0.0 0.0 0.0 0.0 0.0 0.0 0.0 0.0 0.0 0.992416 0.0 0.0 0.0 0.0 0.997468 0.0 0.0 0.0 0.0 0.0 0.0 0.0 0.0 0.0 0.0 0.0 0.0 0.0 0.0 0.0 0.0 0.0 0.0 0.0 0.0 0.0 0.0 0.0 0.0 0.0 0.0 0.0 0.0 0.0 0.0 0.0 0.0 0.0
0.0 3.93391e-06 0.0 0.0 0.999989 0.0 0.0 0.0 0.0600063 0.0 0.0 0.0 0.0 0.000876039 0.0 0.0 0.0926779 0.0 5.66244e-07 0.0 0.00702649 0.0 9.94802e-05 0.0 0.0 0.0 0.037327 0.000938803 0.0 0.0 0.0 0.099516 0.000268489 0.0 0.0 5.96046e-08 0.0 0.0 0.0 4.82798e-06 0.0 0.0 0.000331283 0.0 0.0 0.000850976 0.0 0.00208408 0.0 0.0 0.0 0.0 1.96695e-06 2.98023e-08 0.0 5.26607e-05 0.0 1.19209e-07 1.08182e-05 0.000813544 0.0 3.01003e-06 7.97212e-05 3.27826e-07
1.78814e-07 0.0 0.0 0.0 0.0 0.0 1.78814e-07 4.47035e-07 0.0 0.0 0.0 0.0 0.0 0.0 0.0 0.0 0.0 0.0 0.0 0.0 0.0 0.0 0.0 0.0 0.0 0.0 0.0 0.0 0.0 0.0 0.0 0.0 0.0 0.0 0.0 0.0 0.0 0.0 0.0 0.0 0.0 0.000191212 0.0 4.25279e-05 0.0 0.0 0.00188318 0.0 0.0 0.0 0.0 0.999993 0.0 0.0 0.0 0.0 0.0 0.0 0.00763485 0.0 0.0 1.19209e-07 0.0 1.65999e-05
0.0 0.0 0.966784 0.0 0.0 0.0 0.0 0.0 0.0 0.0 0.0 0.0 5.06639e-07 0.0 0.0 0.0 0.0 0.0 0.0 0.0 0.0 0.0 0.0 0.0 0.0 1.78814e-07 0.0 0.0 0.0 0.0 5.96046e-08 0.0 0.0 0.0 0.0 0.0 0.0 0.0 5.66244e-07 0.0 0.0 0.0 0.0 0.0 0.0 0.0 0.0 0.0 0.0 0.0 0.0 0.0 0.0 0.0 0.0 0.0 6.25849e-07 0.0 0.0 0.0 1.19209e-07 0.0 0.0 0.0
0.0 0.0 0.0 0.0 0.0 0.0 0.0 1.49012e-07 0.0 0.0 0.0 0.0 0.0 0.0 1.0 0.0 0.0 0.0 0.0 2.98023e-08 0.0 0.0 0.0 0.0 0.0 0.0 0.0 0.0 0.0 1.75834e-06 0.0 0.0 0.0 0.0 0.0 0.0 0.0 1.57952e-05 0.0 0.0 0.0 0.0 0.0 0.0 0.0 0.0 0.0 0.0 0.0 0.0 0.0 0.0 0.0 0.0 0.00148624 0.0 0.0 0.0 0.0 0.0 0.0 0.0 0.0 0.0
0.0 0.0 8.9407e-08 0.0 0.0 0.0 0.0 0.0 0.0 0.0 0.0 0.0 0.967957 0.0 0.0 0.0 0.0 0.0 0.0 0.0 0.0 0.0 0.0 0.0 0.0 0.991538 0.0 0.0 0.0 0.0 0.997251 0.0 0.0 0.0 0.0 0.0 0.0 0.0 0.0 0.0 0.0 0.0 0.0 0.0 0.0 0.0 0.0 0.0 0.0 0.0 0.0 0.0 0.0 0.0 0.0 0.0 0.0 0.0 0.0 0.0 0.0 0.0 0.0 0.0
0.0 0.0 0.0 0.0 0.0 0.0 2.47359e-06 0.999994 0.0 0.0 0.0 0.0 0.0 0.0 7.72774e-05 0.0 0.0 0.0 0.0 0.0 0.0 0.0 0.0 0.0 0.0 0.0 0.0 0.0 0.0 0.0 0.0 0.0 0.0 0.0 0.0 0.0 0.0 0.0 0.0 0.0 0.0 0.0 0.0 0.0 0.0 0.0 0.0 0.0 0.0 0.0 0.0 0.0 0.0 0.0 0.0 0.0 0.0 0.0 1.19209e-07 0.0 0.0 0.0 0.0 0.0
0.0 0.0 0.0 0.0 0.0 0.0 8.9407e-08 4.47035e-07 0.610323 0.0 0.0 0.0 0.0 0.0 0.0 0.0 0.0 0.0 1.16527e-05 0.0 0.0 0.0 3.48687e-06 0.0 0.0 0.0 5.06639e-07 0.0 0.0 0.0 0.0 0.0 0.0031395 0.0 0.0 0.0 0.0 0.0 0.0 8.17776e-05 0.0 4.26173e-06 0.0 5.96046e-08 0.0 3.57628e-07 0.0 0.0 0.0 0.0 0.0 0.0 0.0 2.11596e-06 0.0 0.0 0.0 0.0 0.307276 0.00057584 0.0 1.57952e-06 0.0 5.96046e-08
0.0 0.0 0.0 0.0 0.0 0.0 0.0 0.0 0.0 0.0 0.0 0.0 0.0 0.0 0.0 0.0 0.0 0.0 0.0 0.0 0.0 0.0 0.0 0.0 0.0 0.0 0.0 0.0 0.0 0.0 0.0 0.0 0.0 0.0 0.0 0.0 0.0 0.0 0.0 0.0 0.00441024 0.0 0.0 0.0 0.0 0.0 0.0 0.0 0.0 1.0 0.0 0.0 0.0 0.0 0.0 0.0 0.0 0.0 0.00671661 0.0 0.0 0.0 0.0 0.0
0.0 0.0 0.0 0.0 0.0 0.0 0.0 0.0 0.0 0.0 0.0 0.0 0.0 0.0 0.0 0.0 0.0 0.0 0.0 0.0 0.0 0.0 0.0 0.0 0.0 0.0 0.0 0.0 0.0 0.0 0.0 0.0 0.0 0.0 0.0 0.0 0.0 0.0 0.0 0.0 0.0 0.0 0.0 0.0 0.0 0.0 3.30806e-06 0.0 0.0 0.0 0.402043 0.0 0.0 0.0 0.0 0.0 0.0 0.0 0.0 0.0 0.0 0.0 0.0 0.0
0.0 0.0 0.0 0.0 0.0 0.0 0.0 0.0 0.0 0.0 0.0 0.0 0.0 0.0 0.0 0.0 0.0 0.0 0.0 0.0 0.0 0.0 0.0 0.0 0.0 0.0 0.0 0.0 0.0 0.0 0.0 0.0 0.0 0.0 0.999999 0.000203311 0.0 0.0 0.0 0.0 0.0 0.0 0.0 0.0 0.0 0.0 0.0 0.0 0.0 0.0 0.0 0.0 0.0 0.0 0.0 0.0 0.0 0.0 0.0 0.0 0.0 0.0 0.0 0.0
0.0 0.0 1.78814e-07 0.0 0.0 0.990087 0.0 0.0 0.0 0.0 0.0 0.0 0.0 0.0 0.0 0.0 0.0 0.0 0.0 0.0 0.0 0.0 0.0 0.0 1.48118e-05 0.0 0.0 0.0 0.0 0.0 0.0 0.0 0.0 0.0 0.0 0.0 0.0 0.0 0.0010843 0.0 0.0 0.0 0.0 0.0 0.0 0.0 0.0 0.0 0.00815129 0.0 0.0 0.0 0.0 0.0 0.0 0.0 0.635255 0.0 0.0 0.0 0.0110036 0.0 0.0 0.0
0.0 0.0 0.0 0.0 0.0 0.0 0.0 0.0 0.0 0.0 0.0 0.0 0.0 0.0 1.49012e-07 0.0 0.0 0.0 0.0 0.693934 0.0 0.0 0.0 0.0 0.0 0.0 0.0 0.0 0.0 1.0 0.0 0.0 0.0 0.0 0.0 0.0 0.0 3.1203e-05 0.0 0.0 0.0 0.0 0.0 0.0 0.0 0.0 0.0 0.0 0.0 0.0 0.0 0.0 0.0 0.0 0.500185 0.0 0.0 0.0 0.0 0.0 0.0 0.0 0.0 0.0
0.0 0.0 0.0 0.0 0.0 0.0 0.0 0.0 0.0 0.0 0.0 0.0 0.0 0.0 0.0 0.0 0.0 0.0 0.0 0.0 0.0 0.0 0.0 0.0 0.0 0.0 0.0 0.0 0.0 0.0 0.0 0.0 0.0 0.0 0.0 0.0 0.0 0.0 0.0 0.0 0.0 0.0 0.0 0.0 0.9998 0.0 0.0 0.0 0.0 5.73397e-05 0.0 8.9407e-08 0.0 0.0 0.0 0.0 0.0 0.0 0.0 0.0 0.0 0.0 0.0 0.0
5.06639e-07 0.0 0.0 0.0 0.0 0.0 1.49012e-07 0.0 0.0 0.0 0.0 0.0 0.0 0.0 0.0 0.0 0.0 0.0 2.98023e-08 0.0 0.0 0.0 0.000277609 0.0 0.0 0.0 0.0 1.10269e-05 0.0 0.0 0.0 0.0 0.0059475 0.0 0.0 5.96046e-08 0.0 0.0 0.0 5.96046e-07 0.0 2.32458e-06 0.0 0.753187 0.0 0.0 0.000174761 0.0 0.0 0.0 0.0 0.000252545 0.0 0.0 0.0 0.0 0.0 0.0 0.0348064 0.0 0.0 5.96046e-08 0.0 0.000585198
0.0 0.0 0.0 0.0 0.0 0.0 0.0 0.0 0.0 0.0 0.0 0.0 0.0 0.0 0.00128812 0.0 0.0 0.0 0.0 0.999997 0.0 0.0 0.0 0.0 0.0 0.0 0.0 0.0 0.0 0.998774 0.0 0.0 0.0 0.0 0.0 0.0 0.0 0.0950416 0.0 0.0 0.0 0.0 0.0 0.0 0.0 0.0 0.0 0.0 0.0 0.0 0.0 0.0 0.0 0.0 1.0 0.0 0.0 0.0 0.0 0.0 0.0 0.0 0.0 0.0
0.0 0.0 0.0 0.0 0.000897616 0.0 0.0 0.0 0.000452459 0.0 0.0 0.0 0.0 0.0 0.0 0.0 2.98023e-07 0.0 0.974999 0.0 0.0 0.0 0.050252 0.0 0.0 0.0 0.0262212 1.90139e-05 0.0 0.0 0.0 3.71039e-05 0.000909656 0.0 0.0 0.0 0.0 0.0 0.0 0.0300488 0.0 2.80738e-05 8.9407e-08 0.0 0.0 0.00144875 0.0 0.0 0.0 0.0 0.0 0.0 0.0 0.0 0.0 0.0 0.0 0.0 0.170394 0.00104168 0.0 0.0088692 0.0 4.76837e-07
0.0 0.0 0.0 0.0 0.00260079 0.0 0.0 0.0 0.0 0.0 0.000134856 2.93255e-05 0.0 0.998726 0.0 0.0 0.0 0.0 0.0 0.0 3.27826e-06 0.0 0.0 0.0 0.0 0.0 0.0 0.0 0.0 0.0 0.0 0.0 0.0 0.0 0.0 0.0 0.0 0.0 0.0 0.0 0.0 0.0 0.0 0.0 0.0 0.0 0.0 0.0 0.0 0.0 0.0 0.0 0.0691126 0.0 0.0 0.00286219 0.0 0.0 0.0 0.0 0.0 0.0 0.546965 0.0
0.0 0.0 0.0 0.0 3.75509e-05 0.0 0.0 0.0 0.00107232 0.0 0.0 0.0 0.0 0.0 0.0 0.0 0.0 0.0 0.0 0.0 0.0 0.0 0.0 0.0 0.0 0.0 5.93066e-06 0.0 0.0 0.0 0.0 0.0 0.0 0.0 0.0 0.0 0.0 0.0 0.0 3.44813e-05 0.0 0.0 2.86102e-06 0.0 0.0 8.9407e-08 0.0 0.0 0.0 0.0 0.0 0.0 0.0 0.998036 0.0 0.0 0.0 5.57303e-06 0.0 1.96695e-06 0.0 0.0 0.0 0.0
0.0 0.0 0.0 0.0 0.321532 0.0 0.0 0.0 0.854722 0.0 0.0 0.0 0.0 0.0 0.0 0.0 0.000754178 0.0 0.307134 0.0 2.98023e-08 0.0 0.922932 0.0 0.0 0.0 0.29863 0.0392499 0.0 0.0 0.0 0.0196989 0.999988 0.0 0.0 0.0 0.0 0.0 0.0 0.311102 0.0 0.000102133 0.000118077 3.57628e-07 0.0 0.0141506 0.0 5.96046e-08 0.0 0.0 0.0 2.98023e-08 0.0 8.64267e-07 0.0 0.0 0.0 0.0 0.984271 0.644825 0.0 0.00806537 0.0 0.000288963
0.0 3.27826e-07 0.0 0.0 0.93927 0.0 0.0 0.0 0.000418931 0.0 0.0 0.0 0.0 1.19209e-07 0.0 0.0 0.923352 0.0 3.01003e-06 0.0 0.00358349 0.0 0.000749886 0.0 0.0 0.0 0.301318 0.137958 0.0 0.0 0.0 0.985447 2.07722e-05 0.0 0.0 0.0 0.0 0.0 0.0 6.19888e-06 0.0 0.0 6.82175e-05 0.0 0.0 0.00877762 0.0 0.00212088 0.0 0.0 0.0 0.0 0.0 0.0 0.0 0.0 0.0 0.0 2.98023e-07 0.000536472 0.0 0.000567198 3.57628e-07 2.45571e-05
0.0 2.98023e-08 0.0 0.0 0.0268766 0.0 0.0 0.0 0.0740147 0.0 0.0 0.0 0.0 0.0 0.0 0.0 2.38419e-07 0.0 0.0 0.0 0.0 0.0 0.0 0.0 0.0 0.0 7.42674e-05 0.0 0.0 0.0 0.0 5.96046e-08 0.0 0.0 0.0 0.0 0.0 0.0 0.0 0.0 0.0 0.0 0.997717 0.0 0.0 1.32918e-05 0.0 0.0 0.0 0.0 0.0 0.0 0.0 2.38419e-07 0.0 2.08616e-07 0.0 2.04146e-05 0.0 0.000456274 0.0 0.0 0.0 0.0
0.0 2.98023e-08 0.0 0.0 0.986653 0.0 0.0 0.0 0.000779301 0.0 0.0 0.0 0.0 8.64267e-07 0.0 0.0 0.996021 0.0 1.11461e-05 0.0 0.042689 0.0 0.00557756 0.0 0.0 0.0 0.12977 0.16803 0.0 0.0 0.0 0.951361 7.12872e-05 0.0 0.0 0.0 0.0 0.0 0.0 8.71122e-05 0.0 0.0 0.000132203 0.0 0.0 0.00359032 0.0 0.0238144 0.0 0.0 0.0 0.0 0.0 1.19209e-07 0.0 0.0 0.0 2.98023e-08 1.3113e-06 0.000181109 0.0 0.000288457 4.79817e-06 3.65376e-05
0.0 0.0 0.0 0.0 0.0 4.17233e-07 0.0 0.0 0.0 0.0 0.0 0.0 0.0 0.0 0.0 0.0 0.0 0.0 0.0 0.0 0.0 0.0 0.0 0.0 1.19209e-07 0.0 0.0 0.0 0.0 0.0 0.0 0.0 0.0 0.0 0.0 0.0 0.0 0.0 5.07236e-05 0.0 0.0 0.0 0.0 0.0 0.0 0.0 0.0 0.0 4.20511e-05 0.0 0.0 0.0 0.0 0.0 0.0 0.0 0.999457 0.0 0.0 0.0 0.00057134 0.0 0.0 0.0
0.0 0.0 0.000229806 0.0 0.0 4.11272e-06 0.0 0.0 0.0 0.0 0.0 0.0 0.0 0.0 0.0 0.0 0.0 0.0 0.0 0.0 0.0 0.0 0.0 0.0 0.992279 0.0 0.0 0.0 0.0 0.0 0.0 0.0 0.0 0.0 0.0 0.0 0.0 0.0 0.99998 0.0 0.0 0.0 0.0 0.0 0.0 0.0 0.0 0.0 0.00318643 0.0 0.0 0.0 0.0 0.0 0.0 0.0 0.0100436 0.0 0.0 0.0 0.0 0.0 0.0 0.0
0.0 0.0 0.00442758 0.0 0.0 5.26607e-05 0.0 0.0 0.0 0.0 0.0 5.96046e-08 0.0 0.0 0.0 0.0 0.0 0.0 0.0 0.0 0.0 0.0 0.0 0.0 0.643694 0.0 0.0 0.0 0.0 0.0 0.0 0.0 0.0 0.0 0.0 0.0 0.0 0.0 0.999999 0.0 0.0 0.0 0.0 0.0 0.0 0.0 0.0 0.0 1.0 0.0 0.0 0.0 0.0 0.0 0.0 0.0 0.996723 0.0 0.0 0.0 5.96046e-08 0.0 0.0 0.0
0.0 0.0 0.0 0.0 0.00901663 0.0 0.0 0.0 0.0 0.0 4.05312e-06 5.96046e-07 0.0 0.00781837 0.0 0.0 0.00992283 0.0 0.0 0.0 0.999955 0.0 1.35303e-05 0.0 0.0 0.0 1.78814e-07 0.00784248 0.0 0.0 0.0 0.000287503 0.0 0.0 0.0 2.5332e-06 0.0 0.0 0.0 2.5928e-06 0.0 0.0 0.0 0.0 0.0 7.18236e-06 0.0 0.000877023 0.0 0.0 0.0 0.0 0.0 0.0 0.0 1.43051e-06 0.0 0.0 0.0 5.96046e-08 0.0 2.68221e-07 0.361147 1.42157e-05
0.0 0.0 0.0 0.0 0.0 0.0 0.0 0.0 0.0 0.0 0.0 0.00528133 0.0 0.0 0.0 0.0 0.0 0.0 0.0 0.0 0.0 0.0 0.0 0.0 0.0 0.0 0.0 0.0 1.3113e-06 0.0 0.0 0.0 0.0 0.0 0.0 0.0 0.998673 0.0 0.0 0.0 0.0 0.0 0.0 0.0 0.0 0.0 0.0 0.0 0.0 0.0 0.0 0.0 2.98023e-06 2.98023e-08 0.0 1.49012e-07 0.0 0.0 0.0 0.0 0.0 0.0 0.0 0.0
0.0 0.0 0.0 0.0 0.0 0.0 0.0 0.0 0.0 0.0 3.016e-05 0.165731 0.0 8.9407e-08 0.0 0.0 0.0 0.0 0.0 0.0 0.0 0.0 0.0 0.0 0.0 0.0 0.0 0.0 0.0 0.0 0.0 0.0 0.0 0.0 0.0 0.0 0.0 0.0 0.0 0.0 0.0 0.0 0.0 0.0 0.0 0.0 0.0 0.0 2.68221e-07 0.0 0.0 0.0 0.0 0.0 0.0 0.0 0.0 0.0 0.0 0.0 0.0 0.0 1.0 0.0
0.0 0.999912 0.0 0.0 0.0 0.0 0.0 0.0 0.0 0.0 0.0 0.0 0.0 0.0 0.0 0.0 0.0 0.0 0.0 0.0 0.0 0.0 0.0 0.0 0.0 0.0 0.0 0.0 0.0 0.0 0.0 0.0 0.0 0.0 0.0 0.0 0.0 0.0 0.0 0.0 0.0 0.0 0.0 0.0 0.0 0.0 0.0 0.0 0.0 0.0 0.0 0.0 0.0 0.0 0.0 0.0 0.0 0.0520417 0.0 0.0 0.0 0.0 0.0 0.0
0.0 0.0 0.0 0.0 0.0 0.0 0.0 0.0 0.0 0.0 0.0 0.000305504 0.0 0.0 0.0 0.0 0.0 0.0 0.0 0.0 0.0 0.0 0.0 0.0 0.0 0.0 0.0 0.0 0.998372 0.0 0.0 0.0 0.0 0.0 0.0 0.0 8.9407e-08 0.0 0.0 0.0 0.0 0.0 0.0 0.0 0.0 0.0 0.0 0.0 0.0 0.0 0.0 0.0 0.0 0.0 0.0 0.0 0.0 0.0 0.0 0.0 9.53674e-07 0.0 0.0 0.0
0.0 0.0 0.0 0.0 0.0 0.0 0.0 0.0 0.0 0.0 0.0 0.0 0.21509 0.0 0.0 0.0 0.0 0.0 0.0 0.0 0.0 0.0 0.0 0.0 0.0 0.511586 0.0 0.0 0.0 0.0 0.756228 0.0 0.0 0.0 0.0 0.0 0.0 0.0 0.0 0.0 0.0 0.0 0.0 0.0 0.0 0.0 0.0 0.0 0.0 0.0 0.0 0.0 0.0 0.0 0.0 0.0 0.0 0.0 0.0 0.0 0.0 0.0 0.0 0.0
0.0 0.0 0.0 0.0 0.0 0.0 0.0 0.0 0.0 0.0 0.0 0.0 0.6971 0.0 0.0 0.0 0.0 0.0 0.0 0.0 0.0 0.0 0.0 0.0 0.0 0.901048 0.0 0.0 0.0 0.0 0.965454 0.0 0.0 0.0 0.0 0.0 0.0 0.0 0.0 0.0 0.0 0.0 0.0 0.0 0.0 0.0 0.0 0.0 0.0 0.0 0.0 0.0 0.0 0.0 0.0 0.0 0.0 0.0 0.0 0.0 0.0 0.0 0.0 0.0
0.0 0.0 0.000196785 0.0 0.0 0.0 0.0 0.0 0.0 0.0 0.0 0.0 0.999989 0.0 0.0 0.0 0.0 0.0 0.0 0.0 0.0 0.0 0.0 0.0 0.0 0.999997 0.0 0.0 0.0 0.0 0.999999 0.0 0.0 0.0 0.0 0.0 0.0 0.0 2.98023e-08 0.0 0.0 0.0 0.0 0.0 0.0 0.0 0.0 0.0 0.0 0.0 0.0 0.0 0.0 0.0 0.0 0.0 0.0 0.0 0.0 0.0 0.0 0.0 0.0 0.0
0.0 2.38419e-07 0.0 0.0 0.287337 0.0 0.0 0.0 0.210918 0.0 0.0 0.0 0.0 0.0 0.0 0.0 0.00077042 0.0 0.0362268 0.0 0.0 0.0 4.81904e-05 0.0 0.0 0.0 0.980161 2.95937e-05 0.0 0.0 0.0 0.059416 7.08401e-05 0.0 0.0 0.0 0.0 0.0 0.0 4.75645e-05 0.0 5.24521e-06 0.000147551 0.0 0.0 0.941436 0.0 1.10269e-06 0.0 0.0 0.0 0.0 0.0 0.0 0.0 0.0 0.0 0.0 0.000163585 0.902097 0.0 0.552748 0.0 1.78516e-05
0.0 0.0 8.9407e-08 0.0 0.0 0.0 0.0 0.0 0.0 0.0 0.0 0.0 0.91601 0.0 0.0 0.0 0.0 0.0 0.0 0.0 0.0 0.0 0.0 0.0 0.0 0.975774 0.0 0.0 0.0 0.0 0.991711 0.0 0.0 0.0 0.0 0.0 0.0 0.0 0.0 0.0 0.0 0.0 0.0 0.0 0.0 0.0 0.0 0.0 0.0 0.0 0.0 0.0 0.0 0.0 0.0 0.0 0.0 0.0 0.0 0.0 0.0 0.0 0.0 0.0
0.0 9.23872e-07 0.0 0.0 0.819718 0.0 0.0 0.0 5.77867e-05 0.0 0.0 0.0 0.0 8.64267e-07 0.0 0.0 0.768643 0.0 5.75185e-06 0.0 0.418474 0.0 0.00213519 0.0 0.0 0.0 0.109957 0.774348 0.0 0.0 0.0 0.988529 6.37174e-05 0.0 0.0 1.2815e-06 0.0 0.0 0.0 2.563e-06 0.0 0.0 1.44243e-05 0.0 0.0 0.0866255 0.0 0.0349077 0.0 0.0 0.0 0.0 0.0 0.0 0.0 0.0 0.0 0.0 1.69873e-06 0.00548676 0.0 0.00181752 0.000296384 0.0013954
0.0 0.0 0.0 0.0 0.0 1.43945e-05 0.0 0.0 0.0 5.69224e-06 0.0 0.0 0.0 0.0 0.0 0.0 0.0 0.0 0.0 0.0 0.0 0.0 0.0 0.0 0.0 0.0 0.0 0.0 0.00178921 0.0 0.0 0.0 0.0 0.0 0.0 0.0 0.0 0.0 0.0 0.0 0.0 0.0 0.0 0.0 0.0 0.0 0.0 0.0 0.0 0.0 0.0 0.0 0.0 0.0 0.0 0.0 0.949584 0.0 0.0 0.0 0.999484 0.0 0.0 0.0
0.0 0.0 0.0 0.0 0.175328 0.0 0.0 0.0 0.00071156 0.0 1.49012e-07 6.55651e-07 0.0 1.13249e-06 0.0 0.0 0.0609072 0.0 0.432823 0.0 0.00105697 0.0 0.999996 0.0 0.0 0.0 0.0191827 0.0681248 0.0 0.0 0.0 0.0169362 0.863349 0.0 0.0 0.0 0.0 0.0 0.0 0.999842 0.0 0.00176799 4.26173e-06 0.000140995 0.0 0.0012857 0.0 0.00925919 0.0 0.0 0.0 7.48038e-05 0.0 3.54052e-05 0.0 0.0 0.0 0.0 0.999999 0.014962 0.0 0.00631523 0.00269216 0.000175238
0.0 0.0 0.0 0.0 0.0 0.0 0.0 0.0 0.0 0.0 0.0 0.0 0.0 0.0 0.0 0.0 0.999989 0.0 0.0 0.0 0.0 0.0 0.000479072 0.0 0.0 0.0 1.84774e-06 0.0149716 0.0 0.0 0.0 0.308268 0.0 0.0 0.0 0.0 0.0 0.0 0.10655 0.0 0.0 0.0 0.0 0.0 0.101359 0.0 0.0 0.0 0.0 0.0 0.001634 1.49012e-07 0.0 2.08616e-07 0.0 0.0 0.0 0.0 0.0 1.19209e-07 0.0 0.00195384 0.0 0.0
0.0 0.0 0.0 0.0 0.0 0.0 0.0 0.0 0.0 0.0 0.0 0.0 0.0 0.0 0.0 0.0 0.0 0.0 0.0 0.0 0.0 0.0 0.0 0.0 0.0 0.0 0.0 0.0 0.0 0.0 0.0 0.0 0.999999 0.0 0.0 0.0 0.0 0.0 0.0 0.0 0.0 0.0 7.15256e-07 1.19209e-07 0.0 0.0 0.0 0.0 0.0 0.0 0.0 0.0 2.563e-06 0.0 0.0 0.0 0.0 0.0 0.0 0.0 0.0 0.0 0.0 0.0
0.0 0.0509758 0.798238 0.0 0.0 0.0 0.0 0.0 0.0 0.00217673 0.0 0.0 0.88397 0.0 0.0509758 0.0 0.0 0.0 0.0 0.0509758 0.0 0.0 0.0 0.0 0.0 0.0 0.0 0.0 1.57952e-06 0.0509758 0.0 0.0 0.0 0.0 0.0 0.0 0.0 0.0509758 0.0 0.0 0.0509758 0.0 0.0 0.0 0.0 0.0 0.0 0.0 0.0 0.0 0.0 0.0 0.0 0.0 0.0509758 0.0 0.00266421 0.0509758 0.0 0.0 0.0 0.0 0.0 0.0
0.0 0.0 0.0 1.3411e-06 0.00198674 0.0 0.0 0.0 0.0 0.0 0.000724733 0.0 0.0 0.0 0.0 1.0 0.0 0.0 0.0 0.0 8.9407e-08 0.0 0.0 0.0 0.0 0.0 0.0 0.0 0.0 0.0 0.0 0.0 0.0 0.0 0.0 0.0 0.0 0.0 0.0 0.0 0.0 0.0 0.0 0.0 0.0 0.0 0.0 0.0 0.0 0.0 0.0 0.0 0.0 0.0 0.0 0.0 0.0 0.0 0.0 0.0 0.0 0.0 0.0 0.0
0.0 0.0 0.0 0.0 0.0 0.0 0.0 0.0 0.0 0.0 0.0 0.0 0.0 0.0 0.0 0.0 0.0 0.0 0.0 0.0 1.37091e-06 0.0 0.0 0.0 0.0 0.0 0.0 0.0 0.0 0.0 0.0 0.0 0.0 0.0 0.0 0.0 0.0 0.0 0.0 0.0 0.0 0.0 0.0 8.9407e-08 0.0 0.0 0.0 0.0 0.0 0.0 0.0 0.0 2.88486e-05 0.0 0.0 0.0 0.0 0.0 0.0 0.0 0.0 0.0 0.0 0.0
0.0 0.000222981 0.0133594 0.0 0.0 0.0 0.0 0.0 0.0 0.0606793 0.0 0.0 0.00178421 0.0 0.000222981 0.0 0.0 0.0 0.0 0.000222981 0.0 0.0 0.0 0.0 0.0 0.0 0.0 0.0 5.96046e-08 0.000222981 0.0 0.0 0.0 0.0 0.0 0.0 0.0 0.000222981 0.0 0.0 0.000222981 0.0 0.0 0.0 0.0 0.0 0.0 0.0 0.0 0.0 0.0 0.0 0.0 0.0 0.000222981 0.0 0.839946 0.000222981 0.0 0.0 0.0 0.0 0.0 0.0
0.0 0.0 0.0 0.0 0.0 0.0 0.0 0.0 0.0 0.0 0.0 0.0 0.0 0.697761 0.0 0.0 0.0 0.0 0.0 0.0 0.0 0.0 0.0 0.0 0.0 0.0 0.0 0.0 0.0 0.0 0.0 0.0 0.0 0.0 0.0 0.0 0.0 0.0 0.0 0.997571 0.0 0.0 0.0 0.0 0.0 0.0 0.0 0.0 0.0 0.0 0.0 0.0 0.0 0.0 0.0 0.0 0.0 0.0 0.0 0.0 0.0 0.0 0.0 0.0
0.0 0.0 0.0 0.0 0.0 0.0 0.0 0.0 0.0 0.0 0.0 0.0 0.0 0.0 0.0 0.0 0.0 0.0 0.0 0.0 0.0 0.0 3.57628e-07 0.0 0.0 0.0 7.03335e-06 0.0 0.0 0.0 0.0 0.0 0.0 0.0 0.0 0.0 0.0 0.0 0.0 0.0 0.0 0.0 0.0 0.0 0.0 0.0 0.99995 0.0 0.0 0.0 1.04308e-06 0.00123358 0.0 0.0 0.0 0.0 0.0 0.0 0.0 2.26498e-06 0.0 2.98023e-08 0.0 0.0
0.0 0.0 0.0 0.0 1.19209e-07 0.0 0.0 0.0 0.0 0.0 0.0 0.0 0.0 0.0 0.0 0.0 0.0 0.0 0.0 0.0 5.96046e-08 0.0 0.0 0.0 0.0 0.0 0.0 0.0 0.0 0.0 0.0 0.0 0.0 0.0 0.0 0.0 0.0 0.0 0.0 0.0 0.0 0.0 0.0 0.0 0.0 0.0 0.0 0.0 0.0 0.0 0.0 0.0 0.0 0.0 0.0 0.0 0.0 0.0 1.0 0.0 0.0 0.0 0.0 0.0
0.0 0.0 0.0 0.0 0.0 0.0 0.0 0.0 0.0 0.0 0.0 0.0 0.0 0.0 0.0 0.0 0.0 0.0 0.0 0.0 0.0 0.0 0.0 0.0 0.0 0.999047 0.0 0.0 0.0 0.0 0.0 0.0 0.0 0.0 0.0 0.0 0.0 0.0 0.0 0.0 0.0 0.0 0.0 0.0 0.0 0.0 0.0 0.0 0.0 0.0 0.0 0.0 0.0 0.0 0.0 0.0 0.0 0.0 0.0 0.0 0.0 0.0 0.0 0.0
0.0 0.0 0.0 0.0 0.00788224 0.0 0.0 0.0 5.42402e-06 0.0 0.0 0.0 0.0 0.0 0.0 0.0 0.0 0.0 2.38419e-07 0.0 3.37362e-05 0.0 2.98023e-08 0.0 0.0 0.0 2.20537e-06 0.0 0.0 0.0 0.0 0.0 0.0 0.0 0.0 0.0 0.0 0.0 3.33786e-06 0.0 0.0 0.000104666 0.0 1.19209e-07 9.23872e-07 0.000273556 0.0 0.0 0.0 0.0 0.0 2.98023e-08 0.0 0.999999 0.0 0.0 0.0 0.0 0.0 2.64645e-05 0.0 1.89245e-05 0.0 0.0
0.0 0.0 0.0 0.0 0.0 0.0 0.0 0.0 8.9407e-08 0.0 0.0 0.0 0.0 0.0 0.0 0.0 0.0 0.0 0.0 0.0 2.86102e-06 0.0 0.0 0.0 0.0 0.0 0.0 0.0 0.0 0.0 0.0 0.0 0.0 0.0 0.0 0.0 0.0 0.0 0.0 0.0 0.0 0.0 0.0 0.997909 0.0 0.0 0.0 0.0 0.0 0.0 0.0 0.0 2.71201e-06 0.0 0.0 0.0 0.0 0.0 0.0 0.0 0.0 0.0 0.0 0.0
0.0 0.893692 0.0785363 0.0 0.0 0.0 0.0 0.0 0.0 6.64592e-06 0.0 0.0 0.229541 0.0 0.893692 0.0 0.0 0.0 0.0 0.893692 0.0 0.0 0.0 0.0 0.0 0.0 0.0 0.0 0.0 0.893692 0.0 0.0 0.0 0.0 0.0 0.0 0.0 0.893692 0.0 0.0 0.893692 0.0 0.0 0.0 0.0 0.0 0.0 0.0 0.0 0.0 0.0 0.0 0.0 0.0 0.893692 0.0 4.53591e-05 0.893692 0.0 0.0 0.0 0.0 0.0 0.0
0.0 0.0 0.0 0.0 0.0 0.0 0.0 0.0 0.0 0.0 0.0 0.0 0.0 0.0 0.0 0.0 0.0 0.0 0.0 0.0 0.0 0.0 0.0 0.0 0.0 0.0 0.0 0.0 0.0 0.0 0.0 0.0 0.0 0.0 0.0 0.0 0.0013544 0.0 0.0 0.0 0.0 0.0 0.0 0.0 0.0 0.0 0.0 0.0 0.0 0.0 0.0 0.0 1.40071e-06 0.0 0.0 0.978075 0.0 0.0 0.0 0.0 0.0 0.0 0.0 0.0
0.0 0.0 0.0 0.0 0.0 0.0 0.0 0.0 0.0 0.0 0.0 0.000144422 0.0 0.0 0.0 0.0 0.0 0.0 0.0 0.0 0.0 0.0 0.0 0.0 0.0 0.0 0.0 0.0 0.0 0.0 0.0 0.0 0.0 0.0 0.0 0.0 0.0 0.0 0.0 0.0 0.0 0.0 0.0 0.0 0.0 0.0 0.0 0.0 0.0 0.999643 0.0 0.0 0.0 0.0 0.0 0.0 0.0 0.0 0.0 0.0 0.0 0.0 0.0 0.0
0.0 0.0 0.0 0.0 0.0 0.0 0.0 0.999999 0.0 0.0 0.0 0.0 0.0 0.0 0.0 0.0 0.0 0.0 0.0 0.0 0.0 0.0 0.0 0.0 0.0 0.0 0.0 0.0 0.0 0.0 0.0 0.0 0.0 0.0 0.0 0.0 0.0 0.0 0.0 0.0 0.0 0.0 0.0 0.0 0.0 0.0 0.0 0.0 0.0 0.0 0.0 0.0 0.0 0.0 0.0 0.0 0.0 0.0 0.0 0.0 0.0 0.0 0.0 0.0
0.0 0.0 0.0 0.0 0.0 0.0 0.0 0.0 0.0 0.0 0.0 0.0 0.0 0.0 0.0 0.0 0.0 0.0 0.0 0.0 0.0 0.0 2.08616e-07 0.0 0.0 0.0 0.000285327 4.46439e-05 0.0 0.0 0.0 0.999983 0.0 0.0 0.0 0.0 0.0 0.0 0.0 0.0 0.0 8.9407e-08 0.0 0.0 0.00477475 2.98023e-08 2.98023e-08 0.0 0.0 0.0 0.0 3.27826e-07 0.0 0.0 0.0 0.0 0.0 0.0 0.0 7.45058e-07 0.0 0.000294209 0.0 0.0
0.0 0.0 8.9407e-08 0.0 0.0 3.99053e-05 0.0 0.0 0.0 4.59254e-05 0.0 0.0 0.0 0.0 0.0 0.0 0.0 0.0 0.0 0.0 0.0 0.0 0.0 0.0 0.0 0.0 0.0 0.0 0.979209 0.0 0.0 0.0 0.0 0.0 0.0 0.0 0.0 0.0 0.0 0.0 0.0 0.0 0.0 0.0 0.0 0.0 0.0 0.0 0.0 0.0 0.0 0.0 0.0 0.0 0.0 0.0 2.98023e-08 0.0 0.0 0.0 0.0 0.0 0.0 0.0
0.0 0.0 0.0 0.0 0.0 0.0 0.0 0.0 0.0 0.0 0.0 0.0 0.0 0.0 0.0 0.0 8.64267e-07 0.0 0.0 0.0 0.0 0.0 0.0781435 0.0 0.0 0.0 5.96046e-08 0.999864 0.0 0.0 0.0 3.36766e-06 0.0 0.0 0.0 0.0 0.0 0.0 5.66244e-07 0.0 0.0 0.0 0.0 0.0 1.81794e-06 0.0 1.78814e-07 0.0 0.0 0.0 1.35899e-05 1.43051e-06 0.0 0.0 0.0 0.0 0.0 0.0 0.0 0.0 0.0 0.000176609 0.0 0.0
0.0 0.0 0.0 0.0 0.0 0.0 0.0 0.0 0.0 0.0 0.0 0.0 0.0 0.0 0.0 0.0 0.0 0.0 0.0 0.0 0.0 0.999954 0.0 0.0 0.0 0.0 0.0 0.0 0.0 0.0 0.0 0.0 0.0 0.0 0.0 0.0 0.0 0.0 0.0 0.0 0.0 0.0 0.0 0.0 0.0 0.0 0.0 0.0 0.0 0.0 0.0 0.0 0.0 0.0 0.0 0.0 0.0 0.0 0.0 0.0 0.0 0.0 0.0 0.0
0.0 0.0 0.0 0.0 0.0 0.0 0.0 0.0 0.0 0.0 0.0 0.0 0.0 0.0 0.0 0.0 0.0 0.0 0.0 0.0 0.0 0.0 0.0 0.0 0.0 0.0 0.0 0.0 0.0 0.0 0.0 0.0 0.0 0.0 0.0 0.0 0.0 0.0 0.0 0.0 0.0 0.0 5.96046e-08 8.9407e-08 0.0 0.0 0.0 0.0 0.0 0.0 0.0 0.0 0.99845 0.0 0.0 5.96046e-08 0.0 0.0 0.0 0.0 0.0 0.0 0.0 0.0
0.0 0.0 0.0 0.0 0.0 0.0 0.0 0.0 0.0 0.0 0.0 0.0 0.0 0.0 0.0 0.0 4.40478e-05 0.0 0.0 0.0 0.0 0.0 0.99982 0.0 0.0 0.0 0.0 0.473471 0.0 0.0 0.0 0.0 0.0 0.0 0.0 0.0 0.0 0.0 8.04663e-07 0.0 0.0 0.0 0.0 0.0 1.19209e-07 0.0 1.49012e-07 0.0 0.0 0.0 1.01328e-06 0.000505328 0.0 0.0 0.0 0.0 0.0 0.0 0.0 0.0 0.0 0.000573844 0.0 0.0
0.0 0.0 0.0 0.0 0.0 0.0 0.0 0.0 0.0 0.0 0.000171125 0.0 0.0 0.0 0.0 0.0 0.0 0.0 0.0 0.0 0.0 0.0 0.0 0.0 0.0 0.0 0.0 0.0 0.0 0.0 0.0 0.0 0.0 0.0 0.0 0.0 0.0 0.0 0.0 0.0 0.0 0.0 0.0 0.0 0.0 0.0 0.0 0.999991 0.0 0.0 0.0 0.0 0.0 0.0 0.0 0.0 0.0 0.0 0.0 0.0 0.0 0.0 0.0 0.0
0.999982 0.0 0.0 0.0 0.0 0.0 0.0 0.0 0.0 0.0 0.0 0.0 0.0 0.0 0.0 0.0 0.0 0.0 0.0 0.0 0.0 0.0 0.0 8.79169e-06 0.0 0.0 0.0 0.0 0.0 0.0 0.0 0.0 0.0 0.0 0.0 0.0 0.0 0.0 0.0 0.0 0.0 0.0 0.0 0.0 0.0 0.0 0.0 0.0 0.0 0.0 0.0 0.0 0.0 0.0 0.0 0.0 0.0 0.0 0.0 0.0 0.0 0.0 0.0 0.0
0.0 0.00551111 0.872339 0.0 0.0 0.0 0.0 0.0 0.0 0.00783306 0.0 0.0 0.590775 0.0 0.00551111 0.0 0.0 0.0 0.0 0.00551111 0.0 0.0 0.0 0.0 0.0 0.0 0.0 0.0 6.19888e-06 0.00551111 0.0 0.0 0.0 0.0 0.0 0.0 0.0 0.00551111 0.0 0.0 0.00551111 0.0 0.0 0.0 0.0 0.0 0.0 0.0 0.0 0.0 0.0 0.0 0.0 0.0 0.00551111 0.0 0.00461915 0.00551111 0.0 0.0 0.0 0.0 0.0 0.0
0.0 0.0 0.0 0.0 0.0 0.0 0.0 0.0 0.0 0.0 0.0 0.0 0.0 0.0 0.0 0.0 0.0 0.0 0.0 0.0 0.0 0.0 0.0 0.0 0.0 0.0 0.0 0.0 0.0 0.0 0.991816 0.0 0.0 0.0 0.0 0.0 0.0 0.0 0.0 0.0 0.0 0.0 0.0 0.0 0.0 0.0 0.0 0.0 0.0 0.0 0.0 0.0 0.0 0.0 0.0 0.0 0.0 0.0 0.0 0.0 0.0 0.0 0.0 0.0
0.0 0.0 0.0 0.0 0.00415227 0.0 0.0 0.0 0.0 0.0 0.0 0.0 0.0 0.0 0.0 0.0 0.0 0.0 8.9407e-08 0.0 0.0224478 0.0 0.0 0.0 0.0 0.0 1.49012e-07 0.0 0.0 0.0 0.0 0.0 0.0 0.0 0.0 0.0 0.0 0.0 0.0 0.0 0.0 0.000542134 0.0 0.0 0.0 0.00105646 8.9407e-08 0.0 0.0 0.0 0.0 0.0 0.0 0.0 0.0 0.0 0.0 0.0 0.0 8.9407e-08 0.0 0.0 0.0 0.0
0.0 0.0 0.0 0.0 0.0 0.0 0.0 0.0 0.0 0.0 0.0 0.0 0.0 0.0 0.0 0.0 0.0 0.0 8.13603e-06 0.0 0.0 0.0 1.91033e-05 0.0 0.0 0.0 0.999089 1.16229e-06 0.0 0.0 0.0 5.6535e-05 0.0 0.0 0.0 0.0 0.0 0.0 0.0 0.0 0.0 1.68383e-05 0.0 0.0 7.98702e-06 7.45058e-06 0.00183001 0.0 0.0 0.0 9.26852e-06 0.000113219 0.0 0.0 0.0 0.0 0.0 0.0 0.0 0.000135005 0.0 0.00140214 0.0 0.0
0.0 0.0 0.0 0.0 0.0 0.993452 0.0 0.0 0.0 0.0 0.0 0.0 0.0 0.0 0.0 0.0 0.0 0.0 0.0 0.0 0.0 0.0 0.0 0.0 0.0 0.0 0.0 0.0 1.07288e-06 0.0 0.0 0.0 0.0 0.0 0.0 0.0 0.0 0.0 0.0 0.0 0.0 0.0 0.0 0.0 0.0 0.0 0.0 0.0 0.0 0.0 0.0 0.0 0.0 0.0 0.0 0.0 0.0 0.0 0.0 0.0 0.0 0.0 5.19454e-05 0.0
0.0 0.0 0.0 0.0 0.0 0.0 0.0 0.0 0.0 0.0 0.0 0.0 0.0 0.0 0.0 0.0 0.0 0.0 0.0 0.0 0.0 0.0 0.0 0.0 0.0 0.0 0.0 0.0 0.0 0.0 0.0 0.0 0.0 0.999992 0.0 0.0 0.0 0.0 0.0 0.0 0.0 0.0 0.0 0.0 0.0 0.0 0.0 0.0 0.0 0.0 0.0 0.0 0.0 0.0 0.0 0.0 0.0 0.0 0.0 0.0 0.0 0.0 0.0 0.0
0.0 0.674831 0.768705 0.0 0.0 0.0 0.0 0.0 0.0 0.000112027 0.0 0.0 0.711861 0.0 0.674831 0.0 0.0 0.0 0.0 0.674831 0.0 0.0 0.0 0.0 0.0 0.0 0.0 0.0 0.0 0.674831 0.0 0.0 0.0 0.0 0.0 0.0 0.0 0.674831 0.0 0.0 0.674831 0.0 0.0 0.0 0.0 0.0 0.0 0.0 0.0 0.0 0.0 0.0 0.0 0.0 0.674831 0.0 0.000630379 0.674831 0.0 0.0 0.0 0.0 0.0 0.0
0.0 0.0 0.0 0.0 0.0 0.0 0.0 0.0 0.0 0.0 0.0 0.0 0.0 0.0 0.0 0.0 0.0 0.0 0.99833 0.0 2.98023e-08 0.0 0.0 0.0 0.0 0.0 0.00142387 0.0 0.0 0.0 0.0 0.0 0.0 0.0 0.0 0.0 0.0 0.0 0.0 0.0 0.0 1.84774e-06 0.0 0.0 0.000879228 7.30157e-06 0.0 0.0 0.0 0.0 0.0 0.0 0.0 0.0 0.0 0.0 0.0 0.0 0.0 0.0 0.0 0.0 0.0 0.0
0.0 0.0 0.0 0.0 0.0 0.0 0.0 0.0 0.0 0.0 0.0 0.0 0.0 0.0 0.0 0.0 0.0 0.0 0.0 0.0 0.0 0.0 0.0 0.0 0.0 0.0 0.0 0.0 0.0 0.0 0.0 0.0 0.0 0.0 0.0 0.0 0.0 0.0 0.0 0.0 0.0 0.0 0.0 0.0 0.0 0.0 0.0 0.0 0.0 0.0 0.0 0.0 0.0 0.0 0.0 0.0 0.0 0.0 0.0 0.0 0.0 0.0 0.0 0.999988
0.0 0.0 0.0 0.999997 0.0 0.0 0.0 0.0 0.0 0.0 0.0 0.0 0.0 0.0 0.0 0.0 0.0 0.0 0.0 0.0 0.0 0.0 0.0 0.0 0.0 0.0 0.0 0.0 0.0 0.0 0.0 0.0 0.0 0.0 0.0 0.0 0.0 0.0 0.0 0.0 0.0 0.0 0.0 0.0 0.0 0.0 0.0 0.0 0.0 0.0 0.0 0.0 0.0 0.0 0.0 0.0 0.0 0.0 0.0 0.0 0.0 0.0 0.0 0.0
0.0 0.0 0.0 0.0 0.0 0.0 0.0 0.0 0.0 0.0 0.0 0.0 0.0 0.999983 0.0 0.0 0.0 0.0 0.0 0.0 0.0 0.0 0.0 0.0 0.0 0.0 0.0 0.0 0.0 0.0 0.0 0.0 0.0 0.0 0.0 0.0 0.0 0.0 5.66244e-07 0.000175059 0.0 0.0 0.0 0.0 0.0 0.0 0.0 0.0 0.0 0.0 0.0 0.0 0.0 0.0 0.0 0.0 0.0 0.0 0.0 0.0 0.0 0.0 0.0 0.0
0.0 0.0 0.0 0.0 0.0 0.0 0.0 0.0 0.0 0.0 0.0 0.0 0.0 0.0 0.0 0.0 0.0 0.0 0.0 0.0 0.0 0.0 0.0 0.0 0.0 0.0 0.0 0.0 0.0 0.0 0.0 0.0 0.0 0.0 0.0 0.00303039 0.0 0.0 0.0 0.0 0.0 0.0 0.999995 0.0 0.0 0.0 0.0 0.0 0.0 0.0 0.0 0.0 0.0 0.0 0.0 0.0 0.0 0.0 0.0 0.0 0.0 0.0 0.0 0.0
0.0 0.0 0.0 0.0 0.0 0.0 0.0 0.0 5.21541e-06 0.0 0.0 0.0 0.0 0.0 0.0 0.0 0.0 0.0 0.0 0.0 0.0 0.0 0.0 0.0 0.0 0.0 0.0 0.0 0.0 0.0 0.0 0.0 0.0 0.0 0.0 0.0 0.0255604 0.0 0.0 0.0 0.0 0.0 0.0 0.0 0.0 0.0 0.0 0.0 0.0 0.0 0.0 0.0 6.85453e-07 0.0 0.0 0.00264868 0.0 0.0 0.0 0.0 0.0 0.0 0.0 0.0
1.69873e-06 0.0 0.0 0.0 0.0 0.0 0.0 0.0 0.0 0.0 0.0 0.0 0.0 0.0 0.0 0.0 0.0 0.0 0.0 0.0 0.0 0.0 0.0 0.999987 0.0 0.0 0.0 0.0 0.0 0.0 0.0 0.0 0.0 0.0 0.0 0.0 0.0 0.0 0.0 0.0 0.0 0.0 0.0 0.0 0.0 0.0 0.0 0.0 0.0 0.0 0.0 0.0 0.0 0.0 0.0 0.0 0.0 0.0 0.0 0.0 0.0 0.0 0.0 0.0
0.0 0.0 0.0 0.0 0.0 0.0 0.0 0.0 0.0 0.0 0.0 1.0 0.0 0.0 0.0 0.0 0.0 0.0 0.0 0.0 0.0 0.0 0.0 0.0 0.0 0.0 0.0 0.0 0.0 0.0 0.0 0.0 0.0 0.0 0.0 0.0 0.0 0.0 0.0 0.0 0.0 0.0 0.0 0.0 0.0 0.0 0.0 0.0 0.0 0.000327319 0.0 0.0 0.0 0.0 0.0 0.0 0.0 0.0 0.0 0.0 0.0 0.0 0.0 0.0
0.0 0.0 0.0 0.0 0.0 0.0 0.0 0.0 0.0 0.0 0.0 0.0 0.0 0.0 0.0 0.0 0.0 0.0 0.0 0.0 0.0 0.0 0.0 0.0 0.0 0.0 0.0 0.0 0.0 0.0 0.0 0.0 0.0 0.0 0.0 0.999696 0.0 0.0 0.0 0.0 0.0 0.0 0.954567 0.0 0.0 0.0 0.0 0.0 0.0 0.0 0.0 0.0 0.0 0.0 0.0 0.0 0.0 0.0 0.0 0.0 0.0 0.0 0.0 9.88245e-05
0.0 0.0 0.0 0.0 0.0 0.0 0.0 0.0 0.0 0.0 0.0 0.0 0.0 0.0 0.0 0.0 6.4075e-06 0.0 0.0 0.0 0.0 0.0 0.0 0.0 0.0 0.0 0.0 8.9407e-08 0.0 0.0 0.0 0.0 0.0 0.0 0.0 0.0 0.0 0.0 0.999491 0.0 0.0 0.0 0.0 0.0 6.51479e-05 0.0 0.0 0.0 0.0 0.0 0.0 0.0 0.0 6.85453e-07 0.0 0.0 0.0 0.0 0.0 0.0 0.0 0.0 0.0 0.0
0.0 0.0 0.0 0.0 0.0 0.0 0.0 0.0 0.0 0.0 0.0 0.0 0.0 0.0 0.0 0.0 0.0 0.0 0.0 0.0 0.0 0.0 0.433385 0.0 0.0 0.0 1.29044e-05 0.00182024 0.0 0.0 0.0 2.44379e-06 0.0 0.0 0.0 0.0 0.0 0.0 0.0 0.0 0.0 0.0 0.0 0.0 4.38094e-06 0.0 4.76837e-07 0.0 0.0 0.0 6.37472e-05 0.00483432 0.0 0.0 0.0 0.0 0.0 0.0 0.0 8.89897e-05 0.0 0.999385 0.0 0.0
0.0 0.0 0.0 0.0 0.000875205 0.0 0.0 0.0 0.0 0.0 0.0 0.0 0.0 0.0 0.0 0.0 0.0 0.0 0.0 0.0 0.999422 0.0 0.0 0.0 0.0 0.0 0.0 0.0 0.0 0.0 0.0 0.0 0.0 0.0 0.0 0.0 0.0 0.0 0.0 0.0 0.0 2.77162e-06 0.0 1.90735e-06 0.0 2.75373e-05 0.0 0.0 0.0 0.0 0.0 0.0 0.0 0.0 0.0 0.0 0.0 0.0 1.19209e-07 0.0 0.0 0.0 0.0 0.0
0.0 0.0 0.0 0.0 0.0 0.0 0.0 0.0 0.0 0.0 0.0 0.0 0.0 0.0 0.0 0.0 0.0 0.0 0.0 0.0 0.0 0.0 0.0 0.0 0.0 0.0 0.0 0.0 0.0 0.0 0.0 0.0 0.0 0.0 1.0 0.0 0.0 0.0 0.0 0.0 0.0 0.0 0.0 0.0 0.0 0.0 0.0 0.0 0.0 0.0 0.0 0.0 0.0 0.0 0.0 0.0 0.0 0.0 0.0 0.0 0.0 0.0 0.0 0.0
0.0 0.0 0.0 0.0 0.0 0.0 0.0 0.0 0.0 0.0 0.999983 0.0 0.0 0.0 0.0 6.93798e-05 0.0 0.0 0.0 0.0 0.0 2.98023e-08 0.0 0.0 0.0 0.0 0.0 0.0 0.0 0.0 0.0 0.0 0.0 0.0 0.0 0.0 0.0 0.0 0.0 0.0 0.0 0.0 0.0 0.0 0.0 0.0 0.0 0.0315429 0.0 0.0 0.0 0.0 0.0 0.0 0.0 0.0 0.0 0.0 0.0 0.0 0.0 0.0 0.0 0.0
0.0 0.0 0.0 0.0 0.0385413 0.0 0.0 0.0 0.0 0.0 0.0 0.0 0.0 0.0 0.0 0.0 0.0 0.0 1.07288e-06 0.0 1.78814e-07 0.0 0.0 0.0 0.0 0.0 0.0025737 0.0 0.0 0.0 0.0 0.0 0.0 0.0 0.0 0.0 0.0 0.0 0.0 0.0 0.0 0.988475 0.0 0.0 5.66244e-07 0.896782 5.66244e-07 0.0 0.0 0.0 0.0 0.0 0.0 2.98023e-08 0.0 0.0 0.0 0.0 0.0 0.0140282 0.0 3.57628e-07 0.0 0.0
0.0 0.0 0.0 0.0 0.0 0.0 0.0 0.0 0.0 0.0 1.78814e-07 0.0 0.0 0.0 0.0 0.0 0.0 0.0 0.0 0.0 0.0 0.0 0.0379225 0.0 0.0 0.0 5.30481e-06 1.60933e-06 0.0 0.0 0.0 0.0 0.0 0.0 0.0 0.0 0.0 0.0 0.0 0.0 0.0 0.0 0.0 0.0 0.0 0.0 0.000551283 0.0 0.0 0.0 0.000501961 0.999187 0.0 0.0 0.0 0.0 0.0 0.0 0.0 0.000282556 0.0 0.019099 0.0 0.0
0.0 0.0 0.0 0.0 0.0336087 0.0 0.0 0.0 0.0 0.0 0.0 0.0 0.0 0.0 0.0 0.0 0.0 0.0 3.72529e-06 0.0 6.55651e-07 0.0 0.0 0.0 0.0 0.0 0.00264019 0.0 0.0 0.0 0.0 0.0 0.0 0.0 0.0 0.0 0.0 0.0 0.0 0.0 0.0 0.945805 0.0 0.0 1.3113e-06 0.983999 6.85453e-07 0.0 0.0 0.0 0.0 0.0 0.0 2.98023e-08 0.0 0.0 0.0 0.0 0.0 0.00134951 0.0 2.98023e-08 0.0 0.0
0.0 0.0 0.0 0.0 0.0 0.0 0.0 0.0 0.0 0.0 0.0 0.0 0.0 0.0 0.0 0.0 0.0 0.0 0.0 0.0 0.0 0.0 0.0 0.0 0.999999 0.0 0.0 0.0 0.0 0.0 0.0 0.0 0.0 0.0 0.0 0.0 0.0 0.0 0.0 0.0 0.0 0.0 0.0 0.0 0.0 0.0 0.0 0.0 0.0 0.0 0.0 0.0 0.0 0.0 0.0 0.0 0.0 0.0 0.0 0.0 0.0 0.0 0.0 0.0
0.0 0.0 0.0 0.0 0.0 0.0 1.0 0.0 0.0 0.0 0.0 0.0 0.0 0.0 0.0 0.0 0.0 0.0 0.0 0.0 0.0 0.0 0.0 0.0 0.0 0.0 0.0 0.0 0.0 0.0 0.0 0.0 0.0 0.0 0.0 0.0 0.0 0.0 0.0 0.0 0.0 0.0 0.0 0.0 0.0 0.0 0.0 0.0 0.0 0.0 0.0 0.0 0.0 0.0 0.0 0.0 0.0 0.0 0.0 0.0 0.0 0.0 0.0 0.0
0.0 0.0 0.0 0.0 0.0 0.0 0.0 0.0 0.0 0.0 0.0 0.0 0.0 0.0 0.0 0.0 0.0 0.999908 0.0 0.0 0.0 0.0 0.0 0.0 0.0 0.0 0.0 0.0 0.0 0.0 0.0 0.0 0.0 0.0 0.0 0.0 0.0 0.0 0.0 0.0 0.0 0.0 0.0 0.0 0.0 0.0 0.0 0.0 0.0 0.0 0.0 0.0 0.0 0.0 0.0 0.0 0.0 0.0 0.0 0.0 0.0 0.0 0.0 0.0
0.0 0.0 0.0 0.0 0.99998 0.0 0.0 0.0 0.0 0.0 0.0 0.0 0.0 0.0 0.0 7.15256e-07 0.0 0.0 0.0 0.0 0.000226378 0.0 0.0 0.0 0.0 0.0 3.8743e-06 0.0 0.0 0.0 0.0 0.0 0.0 0.0 0.0 0.0 0.0 0.0 0.0 0.0 0.0 0.446276 0.0 0.0 8.9407e-08 0.200826 2.08616e-07 0.0 0.0 0.0 0.0 0.0 0.0 0.0 0.0 0.0 0.0 0.0 0.0 0.00283405 0.0 1.19209e-07 0.0 0.0
0.0 0.0 0.0 0.0 0.0 0.0 0.0 0.0 0.0 0.0 0.0 0.0 0.0 0.0 0.0 0.0 0.0 0.0 0.0 0.0 0.0 0.0 0.0 0.0 0.0 0.0 0.0 0.0 0.0 0.0 0.0 0.0 0.0 0.0 0.0 0.0 0.011252 0.0 0.0 0.0 0.0 0.0 2.98023e-08 0.0 0.0 0.0 0.0 0.0 0.0197659 0.0 0.0 0.0 2.98023e-08 0.0 0.0 0.00746763 0.0 0.0 0.0 0.0 0.0 0.0 2.08616e-07 0.0
0.0 0.0 0.0 0.0 0.0 0.0 0.0 0.0 0.0 0.0 0.0 0.0 0.0 0.0 0.0 0.0 0.0 0.0 0.0 0.0 0.0 0.0 0.000699699 0.0 0.0 0.0 4.73857e-06 0.00011009 0.0 0.0 0.0 0.0 0.0 0.0 0.0 0.0 0.0 0.0 5.96046e-08 0.0 0.0 0.0 0.0 0.0 1.19209e-07 0.0 3.48687e-05 0.0 0.0 0.0 0.998932 0.00292885 0.0 0.0 0.0 0.0 0.0 0.0 0.0 5.45382e-06 0.0 0.00580558 0.0 0.0
0.0 0.0 0.0 0.0 5.96046e-08 0.0 0.0 0.0 0.0 0.0 0.0 0.0 0.0 0.0 0.0 0.0 0.0 0.0 9.65297e-05 0.0 0.0 0.0 2.89083e-06 0.0 0.0 0.0 1.57952e-05 3.37958e-05 0.0 0.0 0.0 0.000239134 0.0 0.0 0.0 0.0 0.0 0.0 4.73857e-06 0.0 0.0 3.24845e-06 0.0 0.0 0.999521 5.00679e-06 0.0 0.0 0.0 0.0 0.0 0.0 0.0 0.0 0.0 0.0 0.0 0.0 5.96046e-08 1.2815e-06 0.0 8.20756e-05 0.0 0.0
0.0 0.0 0.0 0.0 0.0 0.0 0.0 0.0 0.0 0.0 0.0 0.0 0.0 0.0 0.0 0.0 0.0 0.0 0.0 0.0 0.0 0.0 0.0 0.0 0.0 0.0 0.0 0.0 0.0 0.0 0.0 0.0 0.0 0.0 0.0 0.0 0.999691 0.0 0.0 0.0 0.0 0.0 0.0 0.0 0.0 0.0 0.0 0.0 0.0 0.0 0.0 0.0 0.0 0.0 0.0 0.0222054 0.0 0.0 0.0 0.0 0.0 0.0 0.0 0.0
0.0 0.0 0.000337362 0.0 0.0 0.0 0.0 0.0 0.0 0.990028 0.0 0.0 4.84884e-05 0.0 0.0 0.0 0.0 0.0 0.0 0.0 0.0 0.0 0.0 0.0 0.0 0.0 0.0 0.0 0.000593662 0.0 0.0 0.0 0.0 0.0 0.0 0.0 0.0 0.0 0.0 0.0 0.0 0.0 0.0 0.0 0.0 0.0 0.0 0.0 0.0 0.0 0.0 0.0 0.0 0.0 0.0 0.0 0.0380576 0.0 0.0 0.0 0.0 0.0 0.0 0.0
0.0 0.0 0.0 0.0 0.0 0.0 0.0 0.0 1.0 0.0 0.0 0.0 0.0 0.0 0.0 0.0 0.0 0.0 0.0 0.0 0.0 0.0 0.0 0.0 0.0 0.0 0.0 0.0 0.0 0.0 0.0 0.0 0.0 0.0 0.0 0.0 0.0 0.0 0.0 0.0 0.0 0.0 0.0 0.0 0.0 0.0 0.0 0.0 0.0 0.0 0.0 0.0 0.0 0.0 0.0 5.96046e-08 0.0 0.0 0.0 0.0 0.0 0.0 0.0 0.0
0.0 0.0 0.0 0.0 0.0 0.0 0.0 0.0 1.78814e-07 0.0 0.0 0.0 0.0 0.0 0.0 0.0 0.0 0.0 0.0 0.0 0.0 0.0 0.0 0.0 0.0 0.0 0.0 0.0 0.0 0.0 0.0 0.0 0.0 0.0 0.0 0.0 0.0 0.0 0.0 0.0 0.0 0.0 0.0 0.0 0.0 0.0 0.0 0.0 0.0 0.0 0.0 0.0 0.0 0.0 0.0 0.0 0.0 0.0 0.0 0.0 1.0 0.0 0.0 0.0
0.0 0.0 0.0 0.0 0.426993 0.0 0.0 0.0 0.0 0.0 0.0 0.0 0.0 0.0 0.0 0.0 0.0 0.0 8.34465e-07 0.0 0.000439852 0.0 0.0 0.0 0.0 0.0 9.64999e-05 0.0 0.0 0.0 0.0 0.0 0.0 0.0 0.0 0.0 0.0 0.0 0.0 0.0 0.0 0.906382 0.0 2.98023e-08 2.98023e-08 0.814697 0.0 0.0 0.0 0.0 0.0 0.0 0.0 8.9407e-08 0.0 0.0 0.0 0.0 0.0 0.000104398 0.0 0.0 0.0 0.0
0.0 5.6684e-05 0.021873 0.0 0.0 0.0 0.0 0.0 0.0 0.574115 0.0 0.0 0.00566876 0.0 5.6684e-05 0.0 0.0 0.0 0.0 5.6684e-05 0.0 0.0 0.0 0.0 0.0 0.0 0.0 0.0 5.36442e-06 5.6684e-05 0.0 0.0 0.0 0.0 0.0 0.0 0.0 5.6684e-05 0.0 0.0 5.6684e-05 0.0 0.0 0.0 0.0 0.0 0.0 0.0 0.0 0.0 0.0 0.0 0.0 0.0 5.6684e-05 0.0 0.953661 5.6684e-05 0.0 0.0 0.0 0.0 0.0 0.0
0.0 0.0 0.0 0.0 6.49095e-05 0.0 0.0 0.0 0.0 0.0 0.0 0.0 0.0 0.0 0.0 0.0 0.0 0.0 0.0 0.0 0.0 0.0 0.0 0.0 0.0 0.0 7.68006e-05 0.0 0.0 0.0 0.0 0.0 0.0 0.0 0.0 0.0 0.0 0.0 0.0 0.0 0.0 0.0046843 0.0 0.0 0.0 0.000147074 0.000130504 0.0 0.0 0.0 2.05636e-06 0.000122726 0.0 2.98023e-08 0.0 0.0 0.0 0.0 0.0 0.995515 0.0 3.05176e-05 0.0 0.0
0.0 0.0 0.0 0.0 0.0 0.0 0.0 0.0 0.0 0.0 0.0 0.0 0.0 0.0 0.0 0.0 0.0 0.0 0.0 0.0 0.0 0.0 0.0 0.0 0.0 0.0 0.0 0.0 0.0 0.0 0.0 0.0 0.0 0.0 0.0 0.0 1.19209e-07 0.0 0.0 0.0 0.0 0.0 1.78814e-07 0.0 0.0 0.0 0.0 0.0 0.999999 0.0 0.0 0.0 0.0 0.0 0.0 0.0 0.0 0.0 0.0 0.0 0.0 0.0 0.0 0.0
0.0 0.0 0.0 0.0 0.0 3.72529e-06 0.0 0.0 0.0 0.0 0.0 0.0 0.0 0.0 0.0 0.0 0.0 0.0 0.0 0.0 0.0 0.0 0.0 0.0 0.0 0.0 0.0 0.0 0.0 0.0 0.0 0.0 0.0 0.0 0.0 0.0 1.49012e-07 0.0 0.0 0.0 0.0 0.0 0.0 0.0 0.0 0.0 0.0 0.0 1.76728e-05 0.0 0.0 0.0 0.0 0.0 0.0 0.0 0.0 0.0 0.0 0.0 0.0 0.0 0.997209 0.0
19 37 29 14 40 54 1 57 21 23 33 49 38 44 32 8 22 0 3 6 11 10 63 58 47 16 15 39 43 53 62 60 45 31 7 35 34 50 48 56 41 18 46 42 13 17 24 9 61 27 51 20 55 28 2 25 59 26 4 52 36 5 12 30
