8
0.0 0.0 0.0 0.0 0.0 0.0 0.0 0.0 0.0 0.0 0.0 0.0 0.0 0.0036481 0.0 0.0 0.0 0.0 0.0 0.0 0.987339 0.215338 0.0 0.0 0.00028491 0.0 0.0 0.0 0.0 0.0 0.0 0.0 0.0 0.00174913 0.0 0.0 0.0 0.0 0.0 0.0 0.0 0.0 0.0 0.0 0.0 0.0 0.0 0.0 0.0 0.0 7.39098e-06 0.0 0.0 0.0 0.0 0.0 0.0 0.000218868 0.0 0.0 0.0222731 0.0 0.0 0.0
0.0 0.00100085 0.0 0.00024578 1.49012e-07 0.0 0.0 0.0 0.0294466 0.30223 0.932245 0.0 0.0 0.0 0.0 0.0 0.0 0.0 0.0 0.0 0.0 0.0 0.0 0.0 0.0 0.00030309 0.0 0.0 0.999941 0.0 0.0212806 0.0 0.0 0.0 0.0 2.19345e-05 0.0 0.0 0.0 0.0 1.96695e-06 0.0 0.0 0.0 2.98023e-08 5.45382e-06 4.73857e-06 0.998384 1.54972e-06 0.0 0.0 0.0 0.0 3.39746e-06 5.59986e-05 7.48038e-06 0.0 0.0 0.0 0.0 0.0 0.0 0.0 0.0
0.0 0.0 2.26498e-05 0.0 0.0 0.0 0.0 0.0 0.0 0.0 0.0 0.0 0.0 0.0 0.944973 0.0 0.0 0.0 0.0 0.999896 0.0 0.0 0.0 0.0 0.0 0.0 0.0 0.0 0.0 0.0 0.0 0.0 0.0 0.0 0.0 0.0 0.0 0.0 0.0 0.0 0.0 0.0 0.0 0.0 0.0 0.0 0.0 0.0 0.0 0.0 0.0 0.0 0.000128299 0.0 0.0 0.0 0.0 0.0 0.0 0.0 0.0 0.0 0.0 0.0
0.0 0.0 0.0 0.0 0.0 1.0 0.0 0.0 0.0 0.0 0.0 0.0 0.0 0.0 0.999997 0.0 0.0 0.0 0.0 0.0 0.0 0.0 0.0 0.0 0.0 0.0 0.0 0.0 0.0 0.0 0.0 0.0 0.0 0.0 0.0 0.0 0.0 0.0 2.08616e-07 0.0 0.0 0.0 0.0 0.0 0.0 0.0 0.0 0.0 0.0 0.0 0.0 0.0 0.0 0.0 0.0 0.0 0.0 0.0 0.0 0.0 0.0 0.0 0.0 0.0
0.0 0.0 0.0 0.0 0.908575 0.0 0.0 0.0029645 0.999997 0.999995 0.999998 0.0 0.000885457 0.0 0.0 0.0 0.436905 0.0 0.0 0.0 0.0 0.0 0.0 0.0 0.0 0.99803 1.19209e-07 7.92742e-06 0.962861 0.416298 1.72853e-06 0.0 0.00022465 0.0 0.0 0.0 0.0 0.0552496 0.0 0.0 0.928076 0.0 0.0 1.40071e-05 0.0 0.993407 0.0 0.0 0.0 0.0 0.0 0.0 0.0 0.0 0.0 0.891904 0.0 0.0 0.0 0.134442 0.0 0.0 0.0 0.0
0.0 0.0 0.0 0.000170827 0.0 1.03414e-05 0.000264049 0.0 0.0 0.0 0.0 0.0 0.0 0.0 0.0589925 0.0 0.0 0.0 7.27177e-05 0.0 0.0 0.0 0.000158399 0.0 0.0 0.0 0.0 0.0 0.0 0.0 0.0 0.0 0.0 0.0 0.0 0.0 0.0 0.0 3.8743e-07 0.0 0.0 0.0 0.0 0.0 0.0 0.0 0.0162598 0.0 0.00612545 0.000545055 0.0 0.0 0.0 0.0 0.0 0.0 0.0 0.0 0.0 0.0 0.0 0.0 0.0 0.999751
0.0 0.0 0.0 0.0 0.0 0.0 0.0 0.0 0.0 0.0 0.0 2.41399e-06 0.0 0.0 0.0 0.0 0.0 0.0 0.0 0.0 0.0 0.0 0.0 0.0 0.0 0.0 0.0 0.0 0.0 0.0 0.0 0.0 0.0 0.0 0.0 0.0 0.0 0.0 0.0 0.0 0.0 0.0 0.0 0.0 0.0 0.0 0.0 0.0 0.0 0.0 0.0 0.0 0.0 0.0 0.0 0.0 0.0 0.0 0.999693 0.0 0.0 0.0 0.0 0.0
0.0 0.0347216 0.0 0.992725 0.0 3.8743e-07 0.000279874 0.0 1.66893e-06 0.000127107 0.000179529 0.0 0.0 0.0 0.0 0.0 0.0 0.996158 0.0 0.0 0.0 0.0 3.8743e-06 0.0 0.0 0.0 0.0 0.0 0.999946 0.0 0.945069 0.0 0.0 0.0 0.0 0.000249922 0.0 0.0 0.0 0.0 0.0 0.0 0.0 0.0 0.0 0.0 0.999987 0.0115896 0.146259 0.198009 0.0 0.0 0.0 0.000723124 0.0281517 0.0 0.0 0.0 0.0 0.0 0.0 0.0 0.0 3.8743e-06
0.0 6.02007e-06 0.0 0.00236893 0.0 0.0 0.935009 0.0 0.0 0.0 0.0 0.0 0.0 0.0 2.08616e-07 0.0 0.0 5.96046e-07 0.0 0.0 0.0 0.0 4.85778e-06 0.0 0.0 0.0 0.0 0.0 0.000149369 0.0 0.0 0.0 0.0 0.0 0.0 0.0 0.0 0.0 0.0 0.0 0.0 9.23872e-07 0.0 0.0 0.0 0.0 1.0 0.0 0.000269234 0.645441 0.0 0.0 0.0 1.78814e-07 0.0 0.0 0.0 0.0 0.0 0.0 0.0 0.0 2.98023e-08 9.41455e-05
0.0 0.0 0.0 0.0 0.0309363 0.0 0.0 0.806701 0.999977 0.999998 1.0 0.0 0.106736 0.0 0.0 0.0 0.984311 0.0 0.0 0.0 0.0 0.0 0.0 0.0 0.0 0.998562 0.055494 0.0333342 0.861523 0.160504 1.19209e-07 0.0 0.922889 0.0 0.0 0.0 0.0 0.879113 0.0 0.0 0.886874 0.0 0.0 0.0353759 5.96046e-08 0.99502 0.0 0.0 0.0 0.0 0.0 0.0 0.0 0.0 0.0 0.0726162 0.0 0.0 0.0 0.67968 0.0 0.0 0.0 0.0
0.0 0.000339568 0.0 0.0287555 0.0 0.0 0.000426143 0.0 0.0 0.0 0.0 0.0 0.0 0.0 0.0 0.0 0.0 8.9407e-08 0.0 0.0 0.0 0.0 3.21865e-06 0.0 0.0 0.0 0.0 0.0 0.0018945 0.0 1.2219e-06 0.0 0.0 0.0 0.0 0.0 0.0 0.0 0.0 0.0 0.0 5.96046e-08 0.0 0.0 0.0 0.0 0.999995 0.0 0.0101366 0.00585106 0.0 0.0 0.0 7.45058e-07 4.17233e-07 0.0 0.0 0.0 0.0 0.0 0.0 0.0 0.0 1.78516e-05
0.0 0.0 0.0 0.0 0.0 0.0 0.0 0.0 0.0 0.0 0.0 0.0 0.0 0.000170022 0.0 0.0 0.0 0.0 0.0 0.0 1.99974e-05 0.000478745 0.0 0.0 0.00154132 0.0 0.0 0.0 0.0 0.0 0.0 0.0 0.0 7.53999e-05 0.0 0.0 0.0 0.0 0.0 0.0 0.0 0.0 0.0 0.0 0.0 0.0 0.0 0.0 0.0 0.0 0.989095 0.0 0.0 0.0 0.0 0.0 0.0 0.014845 0.0 0.0 0.791875 0.0 0.0 0.0
0.0 0.0 0.0 0.0 0.609008 0.0 0.0 0.0219634 0.999996 0.999998 0.999999 0.0 0.00123903 0.0 0.0 0.0 0.812044 0.0 0.0 0.0 0.0 0.0 0.0 0.0 0.0 0.998879 3.27826e-06 2.61366e-05 0.858152 0.316734 1.19209e-07 0.0 0.00234544 0.0 0.0 0.0 0.0 0.108494 0.0 0.0 0.970778 0.0 0.0 2.27094e-05 8.9407e-08 0.996666 0.0 0.0 0.0 0.0 0.0 0.0 0.0 0.0 0.0 0.684156 0.0 0.0 0.0 0.219683 0.0 0.0 0.0 0.0
0.0 0.0 0.0 0.0 0.0 0.0 0.0 0.0 0.0 0.0 0.0 0.0 0.0 0.973286 0.0 0.0 0.0 0.0 0.0 0.0 0.00359163 0.0370133 0.0 0.0 0.0312861 0.0 0.0 0.0 0.0 0.0 0.0 0.0 0.0 0.985957 0.0 0.0 0.0 0.0 0.0 0.0 0.0 0.0 0.0 0.0 0.0 0.0 0.0 0.0 0.0 0.0 5.46277e-05 0.0 0.0 0.0 0.0 0.0 0.0 0.0100539 0.0 0.0 0.710872 0.0 0.0 0.0
0.0 0.0 0.0 0.0 0.0 0.0840505 0.0 0.0 0.0 0.0 0.0 0.0 0.0 0.0 0.915688 0.0 0.0 0.0 0.00156018 0.0 0.0 0.0 0.0 9.0003e-06 0.0 0.0 0.0 0.0 0.0 0.0 0.0 0.0 0.0 0.0 0.0 0.0 0.0 0.0 0.999649 1.19209e-07 0.0 0.0 0.0 0.0 0.0 0.0 0.0 0.0 0.0 0.0 0.0 0.0 0.0 0.0 0.0 0.0 0.0 0.0 0.0 0.0 0.0 0.0 0.0 2.68221e-07
0.0 0.0 0.0 0.0 0.0 0.0 0.0 0.0 0.0 0.0 0.0 0.0 0.0 0.0 0.0 0.0 0.0 0.0 0.0 0.0 0.0 0.0 0.0 0.0 0.0 0.0 0.0 0.0 0.0 0.0 0.0 0.0 0.0 0.0 0.0 0.0 0.0 0.0 0.0 0.0 0.0 0.0 0.0 0.0 0.0 0.0 0.0 0.0 0.0 0.0 2.68221e-07 0.0 0.0 0.0 0.0 0.0 0.0 0.0 0.0 0.0 0.00381386 0.0 0.0 0.0
0.0 0.0 0.0 0.0 0.0198248 0.0 0.0 0.236294 0.999977 0.999999 0.999995 0.0 0.216706 0.0 0.0 0.0 0.956247 0.0 0.0 0.0 0.0 0.0 0.0 0.0 0.0 0.984528 0.000946224 0.0119851 0.0577916 0.906311 0.0 0.0 0.0235726 0.0 0.0 0.0 0.0 0.830438 0.0 0.0 0.549127 0.0 0.0 0.00764605 0.0 0.954506 0.0 0.0 0.0 0.0 0.0 0.0 0.0 0.0 0.0 0.00783068 0.0 0.0 0.0 0.95036 0.0 0.0 0.0 0.0
0.0 1.49012e-07 0.0 0.0 0.0 0.0 0.0 0.0 0.0 0.0 0.0 0.0 0.0 0.0 5.96046e-08 0.0 0.0 0.0 0.0 0.0 0.0 0.0 0.0 0.0 0.0 0.0 0.0 0.0 1.10567e-05 0.0 0.0 0.0 0.0 0.0 0.0 0.0 0.0 0.0 0.0 0.0 0.0 0.999999 0.0 0.0 0.0 0.0 0.0 0.0 0.0 0.0 0.0 0.0 0.0 0.0 0.0 0.0 0.0 0.0 0.0 0.0 0.0 0.0 0.0 0.0
0.0 0.0 0.0 0.0 0.0 0.0 0.0 0.0 0.0 0.0 0.0 0.0 0.0 0.0 0.0 0.0 0.0 0.0 0.0 0.0 0.0 0.0 0.0 0.0 0.0 0.0 0.0 0.0 0.0 0.0 0.0 0.0 0.0 0.0 0.0 0.0 0.998042 0.0 0.0 0.0 0.0 0.0 0.087406 0.0 0.0 0.0 0.0 0.0 0.0 0.0 0.0 0.0 0.0 0.0 0.0 0.0 0.0 0.0 0.0 0.0 0.0 0.0 0.0 0.0
0.0 0.0 0.0 0.0 0.0 0.0 0.0 0.0 0.0 0.0 0.0 0.0 0.0 0.00309002 0.0 0.0 0.0 0.0 0.0 0.0 0.231877 0.987162 0.0 0.0 0.00692344 0.0 0.0 0.0 0.0 0.0 0.0 0.0 0.0 0.00890177 0.0 0.0 0.0 0.0 0.0 0.0 0.0 0.0 0.0 0.0 0.0 0.0 0.0 0.0 0.0 0.0 0.000105619 0.0 0.0 0.0 0.0 0.0 0.0 0.00246724 0.0 0.0 0.664264 0.0 0.0 0.0
0.0 0.0 0.0 0.0 0.0 0.0 0.0 0.0 0.0 0.0 0.0 0.0 0.0 0.1866 0.0 0.0 0.0 0.0 0.0 0.0 0.001486 0.0767562 0.0 0.0 0.982677 0.0 0.0 0.0 0.0 0.0 0.0 0.0 0.0 0.117755 0.0 0.0 0.0 0.0 0.0 0.0 0.0 0.0 0.0 0.0 0.0 0.0 0.0 0.0 0.0 0.0 0.00115716 0.0 0.0 0.0 0.0 0.0 0.0 0.962237 0.0 0.0 0.0521621 0.0 0.0 0.0
0.0 0.0 0.0 0.0 0.0 0.0 0.0 0.0 0.0 0.0 0.0 0.0 0.0 0.00837177 0.0 0.0 0.0 0.0 0.0 0.0 0.0732194 0.355324 0.0 0.0 0.335748 0.0 0.0 0.0 0.0 0.0 0.0 0.0 0.0 0.00196511 0.0 0.0 0.0 0.0 0.0 0.0 0.0 0.0 0.0 0.0 0.0 0.0 0.0 0.0 0.0 0.0 0.0249003 0.0 0.0 0.0 0.0 0.0 0.0 0.534317 0.0 0.0 0.172293 0.0 0.0 0.0
0.0 5.96046e-08 0.0 0.0 0.0 0.0 0.0 0.0 0.0 0.0 0.0 0.0 0.0 0.0 0.0 0.0 0.0 0.0 0.0 0.0 0.0 0.0 0.0 0.0 0.0 0.0 0.0 0.0 0.0 0.0 0.0 0.0 0.0 0.0 0.0 0.0 0.0 0.0 0.0 1.49012e-07 0.0 5.96046e-08 0.0 0.0 0.0 0.0 2.98023e-07 0.0 0.0 0.0 0.0 0.0 0.0 0.0 0.0 0.0 0.0 0.0 0.0 0.0 0.0 0.0 0.999997 0.0
0.0 0.0 2.98023e-08 0.0 0.0 0.0 0.0 0.0 0.0 0.0 0.0 0.0 0.0 0.0 0.897895 0.0 0.0 0.0 0.0 0.0011152 0.0 0.0 0.0 0.0 0.0 0.0 0.0 0.0 0.0 0.0 0.0 0.0 0.0 0.0 0.0 0.0 0.0 0.0 0.0 0.0 0.0 0.0 0.0 0.0 0.0 0.0 0.0 0.0 0.0 0.0 0.0 0.0 0.999973 0.0 0.0 0.0 0.0 0.0 0.0 0.0 0.0 0.0 0.0 0.0
0.0 0.0 0.0 0.0 0.0 0.0 0.0 0.0 0.0 0.0 0.0 0.0 0.0 0.00741825 0.0 0.0 0.0 0.0 0.0 0.0 0.523033 0.871346 0.0 0.0 0.000305384 0.0 0.0 0.0 0.0 0.0 0.0 0.0 0.0 0.00581574 0.0 0.0 0.0 0.0 0.0 0.0 0.0 0.0 0.0 0.0 0.0 0.0 0.0 0.0 0.0 0.0 0.000897855 0.0 0.0 0.0 0.0 0.0 0.0 0.000680864 0.0 0.0 0.671489 0.0 0.0 0.0
0.0 0.0 0.0 1.19209e-07 0.0 0.0 0.999997 0.0 0.0 0.0 0.0 0.0 0.0 0.0 0.408989 0.0 0.0 0.0 0.000200063 0.0 0.0 0.0 0.0 0.0 0.0 0.0 0.0 0.0 0.0 0.0 0.0 0.0 0.0 0.0 0.0 0.0 0.0 0.0 0.0 1.49012e-07 0.0 2.08616e-07 0.0 0.0 0.0 0.0 0.00431412 0.0 0.0 9.97782e-05 0.0 0.0 0.0 0.0 0.0 0.0 0.0 0.0 0.0 0.0 0.0 0.0 0.0 5.96046e-08
0.0 0.0 0.0 0.0 0.796438 0.0 0.0 0.020831 0.999998 0.999999 1.0 0.0 5.99027e-06 0.0 0.0 0.0 0.230884 0.0 0.0 0.0 0.0 0.0 0.0 0.0 0.0 0.999537 1.3411e-06 2.08616e-07 0.999141 0.00348172 2.94149e-05 0.0 0.00169685 0.0 0.0 8.9407e-08 0.0 0.000882983 0.0 0.0 0.987206 0.0 0.0 1.78814e-07 1.78814e-07 0.998975 0.0 1.01328e-06 0.0 0.0 0.0 0.0 0.0 0.0 0.0 0.981353 0.0 0.0 0.0 0.00179335 0.0 0.0 0.0 0.0
0.0 2.55108e-05 0.0 3.27826e-07 0.990641 0.0 0.0 0.140662 1.0 0.999999 1.0 0.0 0.0260302 0.0 0.0 0.0 0.887709 0.0 0.0 0.0 0.0 0.0 0.0 0.0 0.0 0.998727 0.00246012 0.000299245 0.99977 0.372728 0.0821505 0.0 0.219015 0.0 0.0 4.47035e-07 0.0 0.51617 0.0 0.0 0.989734 0.0 0.0 0.000567079 0.0 0.99919 0.0 1.13845e-05 0.0 0.0 0.0 0.0 0.0 1.49012e-07 0.0 0.995094 0.0 0.0 0.0 0.242473 0.0 0.0 0.0 0.0
0.0 0.0 0.0 0.0 0.0 1.13845e-05 0.729302 0.0 0.0 0.0 0.0 0.0 0.0 0.0 0.997858 0.0 0.0 0.0 0.999447 0.0 0.0 0.0 0.0 0.993801 0.0 0.0 0.0 0.0 0.0 0.0 0.0 0.0 0.0 0.0 0.0 0.0 0.0 0.0 0.00430608 1.30534e-05 0.0 0.0 0.0 0.0 0.0 0.0 0.0 0.0 0.0 1.57952e-06 0.0 0.0 0.0 0.0 0.0 0.0 0.0 0.0 0.0 0.0 0.0 0.0 0.0 2.68221e-07
0.0 8.9407e-07 0.0 0.0 0.998272 0.0 0.0 0.370401 1.0 1.0 1.0 0.0 0.000115931 0.0 0.0 0.0 0.896909 0.0 0.0 0.0 0.0 0.0 0.0 0.0 0.0 0.999993 2.262e-05 5.27501e-06 0.999992 0.127144 0.00767368 0.0 0.038927 0.0 0.0 3.24845e-06 0.0 0.0182597 0.0 0.0 0.999678 0.0 0.0 3.96371e-06 2.53916e-05 0.999908 0.0 8.25524e-05 0.0 0.0 0.0 0.0 0.0 8.9407e-08 0.0 0.999836 0.0 0.0 0.0 0.0467287 0.0 0.0 0.0 0.0
0.0 3.39746e-06 0.0 0.999985 0.0 0.0 3.57628e-07 0.0 0.0 0.0 0.0 0.0 0.0 0.0 2.5779e-05 0.0 0.0 0.0 0.0 0.0 0.0 0.0 0.99999 0.0 0.0 0.0 0.0 0.0 0.00173953 0.0 0.0 0.0 0.0 0.0 0.0 6.49691e-06 0.0 0.0 0.0 0.0 0.0 0.0 0.0 0.0 7.34925e-05 0.0 0.0084354 1.51992e-06 0.999988 7.7486e-07 0.0 0.0 0.0 0.0 0.00031963 0.0 0.0 0.0 0.0 0.0 0.0 0.0 0.0 0.00271881
0.0 0.0 0.0 0.0 0.0 0.0 0.0 0.0 0.0 0.0 0.0 0.0 0.0 0.071439 1.49012e-07 2.38419e-07 0.0 0.0 0.0 0.0 6.98864e-05 0.00720152 0.0 0.0 0.65935 0.0 0.0 0.0 0.0 0.0 0.0 0.0 0.0 0.0300624 0.0 0.0 0.0 0.0 0.0 0.0 0.0 0.0 0.0 0.0 0.0 0.0 0.0 0.0 0.0 0.0 0.00105771 0.0 0.0 0.0 0.0 0.0 0.0 0.27564 0.0 0.0 0.0129893 0.0 0.0 0.0
0.0 0.339926 0.0 0.0699384 1.16527e-05 0.0 0.0 0.0 0.0140755 0.010339 0.807304 0.0 0.0 0.0 0.0 0.0 0.0 8.9407e-08 0.0 0.0 0.0 0.0 0.0 0.0 0.0 2.67923e-05 0.0 0.0 0.999999 0.0 0.999886 0.0 0.0 0.0 0.0 0.0054256 0.0 0.0 0.0 0.0 6.85453e-07 0.0 0.0 0.0 1.19209e-07 5.06639e-07 0.000451863 0.00617036 3.27826e-07 0.0 0.0 0.0 0.0 0.0401424 0.000590384 0.00015685 0.0 0.0 0.0 0.0 0.0 0.0 0.0 0.0
0.0 0.0 0.0 0.0 0.0 0.0 0.0 0.0 0.0 0.0 0.0 0.0 0.0 1.37091e-06 0.0 0.0 0.0 0.0 0.0 0.0 0.0146477 0.0017848 0.0 0.0 0.0 0.0 0.0 0.0 0.0 0.0 0.0 0.0 0.0 1.69873e-06 0.0 0.0 0.0 0.0 0.0 0.0 0.0 0.0 0.0 0.0 0.0 0.0 0.0 0.0 0.0 0.0 1.38283e-05 0.0 0.0 0.0 0.0 0.0 0.0 2.98023e-08 0.0 0.0 0.267827 0.0 0.0 0.0
0.0 0.0 0.0 0.0 0.0 0.0 0.0 0.0 0.0 0.0 0.0 0.0 0.0 0.0 0.0 0.0 0.0 0.0 0.0 0.0 0.0 0.0 0.0 0.0 0.0 0.0 0.0 0.0 0.0 0.0 0.0 0.0 0.0 0.0 0.0 0.0 6.55651e-07 0.0 0.0 0.0 0.0 0.0 0.996914 0.0 0.0 0.0 0.0 0.0 0.0 0.0 0.0 0.0 0.0 0.0 0.0 0.0 0.0 0.0 0.0 0.0 0.0 0.0 0.0 0.0
0.0 0.0 0.0 0.0 0.0 0.0 0.0 0.0 0.0 0.0 0.0 0.0 0.0 0.0 0.0 0.0 0.0 0.0 0.0 0.0 0.0 0.0 0.0 0.0 0.0 0.0 0.0 0.0 0.0 0.0 0.0 0.0 0.0 0.0 0.0 0.0 0.0 0.0 0.0 0.0 0.0 0.0 0.0 0.0 0.0 0.0 0.0 0.0 0.0 0.0 0.0 0.0 0.0 0.0 0.0 0.0 0.0 0.0 0.0 0.0 1.0 0.0 0.0 0.0
0.0 0.0 0.0 0.0 0.0 0.0 0.0 0.0 0.0 0.0 0.0 0.0 0.0 0.0 0.0 0.0 0.0 0.0 0.0 0.0 0.0 0.0 0.0 0.0 0.0 0.0 0.0 0.0 0.0 0.0 0.0 0.0 0.0 0.0 0.0 0.0 0.822036 0.0 0.0 0.0 0.0 0.0 0.197363 0.0 0.0 0.0 0.0 0.0 0.0 0.0 0.0 0.0 0.0 0.0 0.0 0.0 0.0 0.0 0.0 0.0 0.0 0.0 0.0 0.0
0.0 0.0 0.0 0.0 0.839359 0.0 0.0 0.108791 0.999999 1.0 1.0 0.0 3.23653e-05 0.0 0.0 0.0 0.488456 0.0 0.0 0.0 0.0 0.0 0.0 0.0 0.0 0.999858 1.64509e-05 2.20537e-06 0.998377 0.0166983 1.23978e-05 0.0 0.0121869 0.0 0.0 8.9407e-08 0.0 0.00395146 0.0 0.0 0.992553 0.0 0.0 1.54972e-06 5.06639e-07 0.999245 0.0 7.15256e-07 0.0 0.0 0.0 0.0 0.0 0.0 0.0 0.976859 0.0 0.0 0.0 0.011438 0.0 0.0 0.0 0.0
0.0547457 0.0 0.0 0.0 0.0 0.0 0.0 0.0 0.0 0.0 0.0 0.0 0.0 0.0 0.0116941 0.0 0.0 0.0 0.0 0.0 0.0 0.0 0.0 0.0 0.0 0.0 0.0 0.0 0.0 0.0 0.0 0.0 0.0 0.0 0.0 0.0 0.0 0.0 0.0 0.0 0.0 2.38419e-07 0.0 0.0 0.0 0.0 0.0 0.0 0.0 0.0 0.0 0.973693 0.0 0.0 0.0 0.0 0.0 0.0 0.0 0.0 0.0 1.0 0.0 0.0
0.0 0.000319272 0.0 4.55976e-05 0.730366 0.0 0.0 0.266001 0.999989 0.999998 1.0 0.0 3.27826e-07 0.0 0.0 0.0 0.0272598 0.0 0.0 0.0 0.0 0.0 0.0 0.0 0.0 0.99877 9.23872e-07 0.0 1.0 5.64158e-05 0.777512 0.0 0.00448349 0.0 0.0 0.00305933 0.0 4.61042e-05 0.0 0.0 0.950742 0.0 0.0 0.0 0.000294864 0.980016 0.0 0.00532672 0.0 0.0 0.0 0.0 0.0 0.000161618 1.15931e-05 0.977528 0.0 0.0 0.0 6.16014e-05 0.0 0.0 0.0 0.0
0.0 0.0 0.0 0.415332 0.0 0.0 0.0 8.64267e-07 0.000691265 0.0542876 0.138525 0.0 0.0 0.0 0.0 0.0 0.0 0.0 0.0 0.0 0.0 0.0 8.9407e-08 0.0 0.0 6.58631e-06 0.0 0.0 0.853278 0.0 2.08616e-07 0.0 0.0 0.0 0.0 0.0521206 0.0 0.0 0.0 0.0 2.08616e-07 0.0 0.0 0.0 0.999981 4.08292e-06 0.0 0.0 0.00116491 0.0 0.0 0.0 0.0 0.0 2.38419e-07 1.19209e-07 0.0 0.0 0.0 0.0 0.0 0.0 0.0 0.0
0.0 5.96046e-08 0.0 1.0 0.0 2.08616e-07 0.0 0.0 0.0 0.0 0.0 0.0 0.0 0.0 7.21216e-06 0.0 0.0 0.0 0.0 0.0 0.0 0.0 0.0572098 0.0 0.0 0.0 0.0 0.0 0.000998348 0.0 2.68221e-07 0.0 0.0 0.0 0.0 2.5928e-06 0.0 0.0 0.0 0.0 0.0 0.0 0.0 0.0 0.0 0.0 0.0082655 0.0 0.9936 1.2517e-06 0.0 0.0 0.0 0.0 1.72853e-06 0.0 0.0 0.0 0.0 0.0 0.0 0.0 0.0 0.000131845
0.0 0.0 0.0 0.0 0.0 0.0 0.0 0.0 0.0 0.0 0.0 0.0 0.0 0.0 0.0 0.0 0.0 0.0 0.0 0.0 0.0 0.0 0.0 0.0 0.0 0.0 0.0 0.0 0.0 0.0 0.0 0.0 0.0 0.0 0.0 0.0 2.68221e-07 0.0 0.0 0.0 0.0 0.0 0.0017027 0.0 0.0 0.0 0.0 0.0 0.0 0.0 0.0 0.0 0.0 0.0 0.0 0.0 0.0 0.0 0.0 0.0 6.85453e-07 0.0 0.0 0.0
0.0 2.98023e-08 0.0 0.0 0.0 0.0 0.0 0.0 9.84967e-05 4.15742e-05 0.000921041 0.0 0.0 0.0 0.0 0.0 0.0 0.0 0.0 0.0 0.0 0.0 0.0 0.0 0.0 1.49012e-07 0.0 0.0 0.0174497 0.0 3.57628e-07 0.0 0.0 0.0 0.0 0.0 0.0 0.0 0.0 4.23193e-06 0.0 0.0 0.0 0.0 0.0 1.78814e-07 5.96046e-08 0.000230163 0.0 0.0 0.0 0.0 0.0 0.0 0.0 8.9407e-08 0.0 0.0 0.0 0.0 0.0 0.0 0.0 0.0
0.0 0.683758 0.0 0.0055564 2.89083e-06 0.0 0.0 0.0 0.253595 0.934113 0.994348 0.0 0.0 0.0 0.0 0.0 0.0 2.98023e-08 0.0 0.0 0.0 0.0 0.0 0.0 0.0 0.000949115 0.0 0.0 1.0 0.0 0.891805 0.0 0.0 0.0 0.0 0.0128293 0.0 0.0 0.0 0.0 1.36793e-05 3.27826e-07 0.0 0.0 1.2815e-06 4.79519e-05 4.69685e-05 0.94137 1.91331e-05 0.0 0.0 0.0 0.0 0.00176907 0.00621375 0.000120938 0.0 0.0 0.0 0.0 0.0 0.0 0.0 0.0
0.0 0.0 0.0 0.0 0.0448319 0.0 0.0 0.611116 0.999991 0.999999 0.999996 0.0 0.794773 0.0 0.0 0.0 0.99521 0.0 0.0 0.0 0.0 0.0 0.0 0.0 0.0 0.988965 0.0361369 0.373781 0.0597949 0.951922 0.0 0.0 0.556019 0.0 0.0 0.0 0.0 0.983533 0.0 0.0 0.626834 0.0 0.0 0.14108 0.0 0.968064 0.0 0.0 0.0 0.0 0.0 0.0 0.0 0.0 0.0 0.0104448 0.0 0.0 0.0 0.982304 0.0 0.0 0.0 0.0
0.0 0.0 0.0 0.0 0.0 0.0 0.0 0.0 0.0 0.0 0.0 0.0 0.0 0.0 0.0 0.0 0.0 0.0 0.0 0.0 0.0 0.0 0.0 0.0 0.0 0.0 0.0 0.0 0.0 0.0 0.0 0.0 0.0 0.0 0.0 0.0 0.0 0.0 0.0 0.0 0.0 0.0 0.0 0.0 0.0 0.0 0.0 0.0 0.0 0.0 0.0 0.999998 0.0 0.0 0.0 0.0 0.0 0.0 0.0 0.0 0.0 0.0 0.0 0.0
0.0 1.9908e-05 0.0 0.00517166 0.0 0.0 8.34465e-07 0.0 0.0 0.0 0.0 0.0 0.0 0.0 0.0 0.0 0.0 0.0 0.0 0.0 0.0 0.0 3.35872e-05 0.0 0.0 0.0 0.0 0.0 0.000290781 0.0 8.9407e-08 0.0 0.0 0.0 0.0 0.0 0.0 0.0 0.0 0.0 0.0 0.0 0.0 0.0 0.0 0.0 0.971175 0.0 0.0063847 0.933983 0.0 0.0 0.0 8.9407e-08 0.0 0.0 0.0 0.0 0.0 0.0 0.0 0.0 0.0 6.07073e-05
0.0 2.98023e-08 0.0 0.989512 0.0 0.0 0.0 0.0 9.53674e-07 0.000194341 0.000712186 0.0 0.0 0.0 0.0 0.0 0.0 0.0 0.0 0.0 0.0 0.0 1.3411e-06 0.0 0.0 0.0 0.0 0.0 0.996243 0.0 6.56843e-05 0.0 0.0 0.0 0.0 0.999285 0.0 0.0 0.0 0.0 0.0 0.0 0.0 0.0 0.833941 0.0 0.0 3.8743e-07 0.0131764 0.0 0.0 0.0 0.0 0.0 0.00135049 0.0 0.0 0.0 0.0 0.0 0.0 0.0 0.0 0.0
0.0 0.0 0.0 0.0 0.0 0.0 0.0 0.0 0.0 0.0 0.0 0.0 0.0 0.0 9.12249e-05 0.0 0.0 0.0 0.0 0.0 0.0 0.0 0.0 0.0 0.0 0.0 0.0 0.0 0.0 0.0 0.0 0.999881 0.0 0.0 0.0 0.0 0.0 0.0 0.0 0.0 0.0 0.0 0.0 0.0 0.0 0.0 0.0 0.0 0.0 0.0 0.0 0.0 0.0 0.0 0.0 0.0 0.0 0.0 0.0 0.0 0.0 0.0 0.0 0.0
0.0 0.0 0.0 0.0 0.0 0.0 0.0 0.0 0.0 0.0 0.0 0.0 0.0 0.0603661 0.0 0.0 0.0 0.0 0.0 0.0 0.000533789 0.0227129 0.0 0.0 0.940073 0.0 0.0 0.0 0.0 0.0 0.0 0.0 0.0 0.0163444 0.0 0.0 0.0 0.0 0.0 0.0 0.0 0.0 0.0 0.0 0.0 0.0 0.0 0.0 0.0 0.0 0.0467988 0.0 0.0 0.0 0.0 0.0 0.0 0.983687 0.0 0.0 0.104972 0.0 0.0 0.0
1.0 0.0 0.0 0.0 0.0 0.0 0.0 0.0 0.0 0.0 0.0 0.0 0.0 0.0 0.994021 0.0 0.0 0.0 0.0 0.0 0.0 0.0 0.0 0.0 0.0 0.0 0.0 0.0 0.0 0.0 0.0 0.0 0.0 0.0 0.0 0.0 0.0 0.0 0.0 0.0 0.0 0.0 0.0 0.0 0.0 0.0 0.0 0.0 0.0 0.0 0.0 0.0 0.0 0.0 0.0 0.0 0.0 0.0 0.0 0.0 0.0 0.00367758 0.0 0.0
0.0 0.0 0.999528 0.0 0.0 0.0 0.0 0.0 0.0 0.0 0.0 0.0 0.0 0.0 0.994082 0.0 0.0 0.0 0.0 0.00133106 0.0 0.0 0.0 0.0 0.0 0.0 0.0 0.0 0.0 0.0 0.0 0.0 0.0 0.0 0.0 0.0 0.0 0.0 0.0 0.0 0.0 0.0 0.0 0.0 0.0 0.0 0.0 0.0 0.0 0.0 0.0 0.0 1.78814e-07 0.0 0.0 0.0 0.0 0.0 0.0 0.0 0.0 0.0 0.0 0.0
0.0 0.883172 0.0 0.999985 4.02033e-05 0.0 8.9407e-08 0.000927925 0.20759 0.932174 0.990726 0.0 0.0 0.0 2.68221e-07 0.0 5.96046e-08 3.45707e-06 0.0 0.0 0.0 0.0 0.144466 0.0 0.0 0.00231948 0.0 0.0 1.0 1.19209e-07 0.791802 0.0 0.0 0.0 0.0 0.999853 0.0 0.0 0.0 0.0 1.69873e-05 0.000190407 0.0 0.0 0.763278 8.98838e-05 0.91308 0.66082 0.998885 8.9407e-08 0.0 0.0 0.0 0.278582 0.999998 0.000136822 0.0 0.0 0.0 1.19209e-07 0.0 0.0 0.0 2.98023e-08
0.0 0.0 0.0 0.0 0.0 1.04308e-06 0.0542698 0.0 0.0 0.0 0.0 0.0 0.0 0.0 0.303919 0.0 0.0 0.0 0.990673 0.0 0.0 0.0 1.78814e-07 1.19209e-07 0.0 0.0 0.0 0.0 0.0 0.0 0.0 0.0 0.0 0.0 0.0 0.0 0.0 0.0 7.95722e-06 0.0 0.0 0.0 0.0 0.0 0.0 0.0 1.54972e-06 0.0 3.8743e-07 4.64916e-05 0.0 0.0 0.0 0.0 0.0 0.0 0.0 0.0 0.0 0.0 0.0 0.0 0.0 2.85506e-05
0.0 0.0 0.0 0.0 0.0 0.0 0.0 0.0 0.0 0.0 0.0 0.0 0.0 0.0 0.972121 0.0 0.0 0.0 0.0 0.0 0.0 0.0 0.0 0.999957 0.0 0.0 0.0 0.0 0.0 0.0 0.0 0.0 0.0 0.0 0.0 0.0 0.0 0.0 1.19209e-07 0.0 0.0 0.0 0.0 0.0 0.0 0.0 0.0 0.0 0.0 0.0 0.0 0.0 0.0 0.0 0.0 0.0 0.0 0.0 0.0 0.0 0.0 0.0 0.0 0.0
0.0 0.0 0.0 0.0 0.0 0.0 0.0 0.0 0.0 0.0 0.0 0.0 0.0 0.0 0.906363 0.99812 0.0 0.0 0.0 0.0 0.0 0.0 0.0 0.0 0.0 0.0 0.0 0.0 0.0 0.0 0.0 0.0 0.0 0.0 0.0 0.0 0.0 0.0 0.0 0.0 0.0 0.0 0.0 0.0 0.0 0.0 0.0 0.0 0.0 0.0 0.0 0.0 0.0 0.0 0.0 0.0 0.0 0.0 0.0 0.0 0.0 0.0 0.0 0.0
0.0 0.0 0.0 0.0 0.0 0.0 0.0 0.0 0.0 0.0 0.0 0.0 0.0 0.00552011 0.0 0.0 0.0 0.0 0.0 0.0 0.0302919 0.930565 0.0 0.0 0.0161643 0.0 0.0 0.0 0.0 0.0 0.0 0.0 0.0 0.00365582 0.0 0.0 0.0 0.0 0.0 0.0 0.0 0.0 0.0 0.0 0.0 0.0 0.0 0.0 0.0 0.0 0.00114027 0.0 0.0 0.0 0.0 0.0 0.0 0.0200929 0.0 0.0 0.649164 0.0 0.0 0.0
0.0 0.0 0.0 0.0 0.0 0.0 0.0 0.0 0.0 0.0 0.0 0.996528 0.0 0.0 0.0 0.0 0.0 0.0 0.0 0.0 0.0 0.0 0.0 0.0 0.0 0.0 0.0 0.0 0.0 0.0 0.0 0.0 0.0 0.0 0.0 0.0 0.0 0.0 0.0 0.0 0.0 0.0 0.0 0.0 0.0 0.0 0.0 0.0 0.0 0.0 0.0 0.0 0.0 0.0 0.0 0.0 0.0 0.0 1.0848e-05 0.0 0.0 0.0 0.0 0.0
0.0 0.0 0.0 0.0 7.62939e-06 0.0 0.0 0.119672 0.999514 0.99998 0.999739 0.0 0.98432 0.0 0.0 0.0 0.935657 0.0 0.0 0.0 0.0 0.0 0.0 0.0 0.0 0.252219 0.0194696 0.886684 0.000107199 0.963272 0.0 0.0 0.0450916 0.0 0.0 0.0 0.0 0.991532 0.0 0.0 0.000921428 0.0 0.0 0.816091 0.0 0.0174161 0.0 0.0 0.0 0.0 0.0 0.0 0.0 0.0 0.0 1.60933e-06 0.0 0.0 0.0 0.996506 0.0 0.0 0.0 0.0
0.0 0.0 0.0 0.0 0.0 0.0 0.0 0.0 0.0 0.0 0.0 0.0 0.0 0.986233 0.0 0.0 0.0 0.0 0.0 0.0 0.00294679 0.0276093 0.0 0.0 0.0863141 0.0 0.0 0.0 0.0 0.0 0.0 0.0 0.0 0.964384 0.0 0.0 0.0 0.0 0.0 0.0 0.0 0.0 0.0 0.0 0.0 0.0 0.0 0.0 0.0 0.0 0.000130117 0.0 0.0 0.0 0.0 0.0 0.0 0.0387339 0.0 0.0 0.723321 0.0 0.0 0.0
0.0 0.0 0.0 0.0 0.0 0.0 0.0 0.0 0.0 0.0 0.0 0.0 0.0 0.0 0.0 0.0 0.0 0.0 0.0 0.0 0.0 0.0 0.0 0.0 0.0 0.0 0.0 0.0 0.0 0.0 0.0 0.0 0.0 0.0 1.0 0.0 0.0 0.0 0.0 0.0 0.0 0.0 0.0 0.0 0.0 0.0 0.0 0.0 0.0 0.0 0.0 0.0 0.0 0.0 0.0 0.0 0.0 0.0 0.0 0.0 2.98023e-08 0.0 0.0 0.0
0.0 0.37788 0.0 0.000568777 0.0 0.0 0.0 0.0 5.96046e-08 5.06639e-07 2.77162e-05 0.0 0.0 0.0 0.0 0.0 0.0 0.0 0.0 0.0 0.0 0.0 0.0 0.0 0.0 0.0 0.0 0.0 0.999875 0.0 0.263343 0.0 0.0 0.0 0.0 2.09212e-05 0.0 0.0 0.0 0.0 0.0 1.17421e-05 0.0 0.0 0.0 0.0 0.0443648 1.49012e-06 1.91629e-05 0.0 0.0 0.0 0.0 0.998423 5.16772e-05 0.0 0.0 0.0 0.0 0.0 0.0 0.0 0.0 0.0
0.0 0.0 0.0 0.0 0.0 0.0 0.0 0.0 0.0 0.0 0.0 0.0 0.0 2.98023e-08 0.048255 0.0 0.0 0.0 0.0 0.0 0.0 0.0 0.0 0.0 0.0 0.0 0.0 0.0 0.0 0.0 0.0 0.0 0.0 2.98023e-08 0.0 0.0 0.0 0.0 0.0 0.0 0.0 0.0 0.0 0.0 0.0 0.0 0.0 0.0 0.0 0.0 7.7486e-07 0.0 0.0 0.0 0.0 0.0 0.983396 0.0 0.0 0.0 1.0 0.0 0.0 0.0
0.0 0.0 0.0 0.0 0.0 0.0 0.0 0.0 0.0 0.0 0.0 0.996336 0.0 2.98023e-08 0.0 0.0 0.0 0.0 0.0 0.0 0.0 0.0 0.0 0.0 0.0 0.0 0.0 0.0 0.0 0.0 0.0 0.0 0.0 2.89679e-05 0.0 0.0 0.0 0.0 0.0 0.0 0.0 0.0 0.00068596 0.0 0.0 0.0 0.0 0.0 0.0 0.0 0.0 0.0 0.0 0.0 0.0 0.0 0.0 0.0 0.00196654 0.0 0.0 0.0 0.0 0.0
0.0 6.25849e-07 0.0 0.0 3.8743e-07 0.0 0.0 0.0 0.0 0.000169992 0.0 0.0 0.977524 0.0 0.0 0.0 0.0357974 1.49012e-07 0.0 0.0 0.0 0.0 0.0 0.0 0.0 0.0 2.05636e-06 0.80536 0.0 0.0 0.0 0.0 0.0 0.0 0.0 0.0 0.0 0.753326 0.0 0.0 0.0 0.0 0.0 0.969755 0.0 4.67896e-06 0.0 0.0 0.0 0.0 0.0 0.0 0.0 0.0 0.0 0.0 0.0 0.0 0.0 0.0545704 0.0 0.0 0.0 0.0
0.0 0.0 0.0 0.0 0.0 0.0 0.0 0.0 0.0 0.0 0.0 0.0 0.0 0.0 0.0 0.0 0.0 0.0 0.0 0.0 0.0 0.0 0.0 0.0 0.0 0.0 0.0 0.0 0.0 0.0 0.0 0.0 0.0 0.0 0.0 0.0 0.0 0.0 0.0 0.0 0.0 0.0 0.0 0.0 0.0 0.0 0.0 0.096431 0.0 0.0 0.0 0.0 0.0 0.0 0.0 0.0 0.0 0.0 0.0 0.0 0.0 0.0 0.0 0.0
0.0 0.000257969 0.0 0.0 2.98023e-07 0.0 0.0 0.0 0.0 0.0 0.0 0.0 0.0 0.0 0.000551075 0.0 0.0 0.877594 0.0 0.0 0.0 0.0 0.0 0.0 0.0 0.0 0.0 0.0 0.0 5.96046e-08 0.0 0.0 0.000739932 0.0 0.0 0.0 0.0 0.0 4.05312e-06 0.0 0.0 0.0 0.0 0.0 3.8147e-06 0.0 0.0 0.0 0.0 0.0 0.0 0.0 0.0 0.0 0.0 0.0 0.0 0.0 0.0 0.0 0.0 0.0 0.994472 0.0
0.0 1.23084e-05 0.0 0.0 0.457758 0.0 0.0 0.0 0.0 3.27826e-07 0.0 0.0 3.57628e-07 0.0 0.0 0.0 0.000892758 0.000314623 0.0 0.0 0.0 0.0 0.0 0.0 0.0 0.0 0.999944 1.8388e-05 0.0 0.604186 0.0 0.0 3.96371e-06 0.0 0.0 0.0 0.0 1.0699e-05 0.0 0.0 0.0 0.0 0.0 1.07288e-06 0.000701278 6.27935e-05 0.0 0.0 0.0 0.0 0.0 0.0 0.0 0.0 0.0 0.0 0.0 0.0 0.0 0.00027287 0.0 0.0 0.0 0.0
0.0 0.0 0.0 0.0 0.0 0.0 0.0 0.0 0.0 0.0 0.0 0.0 0.0 0.0 5.96046e-08 0.0 0.0 0.0 0.0 0.0 0.0 0.0 0.0 0.0 0.0 0.0 0.0 0.0 0.0 0.0 0.0 0.0 0.0 0.0 0.0 0.0 0.0 0.0 0.0 0.0 0.0 0.0 0.0 0.0 0.0 0.0 0.0 0.0 0.0 0.0 0.0 0.0 0.0 1.0 0.0 0.0 0.0 0.0 0.0 0.0 0.0 0.0 0.0 0.0
0.0 0.0 0.0 0.0 0.0 0.0 5.96046e-08 0.0 0.0 0.0 0.0 0.0 0.0 3.74317e-05 0.0 0.0 0.0 0.0 0.0 0.0 0.0 0.0 0.0 0.999402 0.0 0.0 0.0 0.0 0.0 0.0 0.0 0.0 0.0 3.48687e-06 0.0 2.21431e-05 0.0 0.0 0.0 0.0 0.0 0.0 0.0218374 0.0 0.0 0.0 0.0 0.0 0.0 0.0 0.0 0.0 0.0 0.0 0.0 0.0 0.0 0.0 0.0 0.0 0.0 0.0 0.0 0.0
0.0 0.0 0.0 0.0 7.15256e-07 0.0 0.0 0.0 0.0 0.0 0.0 0.0 0.0 0.0 0.0 0.0 0.0 0.000103652 0.0 0.0 0.0 0.0 1.99676e-06 0.0 0.0 0.0 0.0 0.0 0.0 8.9407e-08 0.0 0.0 0.994878 0.0 0.0 0.0 0.0 0.0 0.000228822 0.0 0.0 0.0 0.0 0.0 0.000500858 0.0 0.0 0.0 0.0 0.0 0.0 0.0 0.0 0.0 0.0 0.0 0.0 0.0 0.0 0.0 0.0 0.0 0.000158191 0.0
0.0 0.0 0.0 0.0 0.0 0.0 0.0 0.0 0.996939 0.0 0.982233 0.0 0.0 0.0 0.0 0.0 0.0 0.0 0.0 0.0 0.0 0.0 0.0 0.0 0.0 0.999691 0.0 0.0 0.976447 0.0 0.0 0.0 0.0 0.0 0.0 0.0 0.0 0.0 0.0 0.0 0.0 0.0 0.0 0.0 0.0 0.0 0.0 0.0 0.0 0.0 0.0 0.0 0.0 0.0 0.0 0.0 0.0 0.0 0.0 0.0 0.0 0.0 0.0 0.0
0.0 5.96046e-08 0.0 0.0 0.00326613 0.0 0.0 0.0 0.0 0.0604334 0.0 0.0 7.89762e-06 0.0 0.0 0.0 6.41644e-05 1.49012e-07 0.0 0.0 0.0 0.0 0.0 0.0 0.0 0.0 4.19617e-05 3.34978e-05 0.0 0.0 0.0 0.0 2.98023e-08 0.0 0.0 0.0 0.0 6.10948e-05 5.96046e-08 0.0 0.0 0.0 0.0 8.55327e-06 0.00061357 0.998987 0.0 0.0 0.0 0.0 0.0 0.0 0.0 0.0 0.0 0.0 0.0 0.0 0.0 3.17395e-05 0.0 0.0 0.0 0.0
0.0 0.0 0.0 0.0 0.0 0.0 0.0 0.0 0.99989 0.0 0.998856 0.0 0.0 0.0 0.0 0.0 0.0 0.0 0.0 0.0 0.0 0.0 0.0 0.0 0.0 0.992305 0.0 0.0 0.996303 0.0 0.0 0.0 0.0 0.0 0.0 0.0 0.0 0.0 0.0 0.0 0.0 0.0 0.0 0.0 0.0 0.0 0.0 0.0 0.0 0.0 0.0 0.0 0.0 0.0 0.0 0.0 0.0 0.0 0.0 0.0 0.0 0.0 0.0 0.0
0.0 0.0 0.996135 0.0 0.0 0.0 0.0 0.0 0.0 0.0 0.0 0.0 0.0 0.0 0.0 3.57628e-07 0.0 0.0 0.0 0.0 8.9407e-08 8.9407e-08 0.0 0.0 2.32458e-06 0.0 0.0 0.0 0.0 0.0 0.0 0.0 0.0 0.0 0.0 0.0 0.0 0.0 0.0 0.0 0.0 0.0 0.0 0.0 0.0 0.0 0.0 0.0 0.0 0.0 1.19209e-07 0.0 2.98023e-08 0.0 0.0 0.0 1.49012e-07 1.96695e-06 0.0 0.0 0.0 0.0 0.0 0.0
0.0 8.1867e-05 0.0 0.0 2.15471e-05 0.0 0.0 0.0 0.0 0.0013535 0.0 0.0 0.741215 0.0 0.0 0.0 0.589654 9.29832e-06 0.0 0.0 0.0 0.0 0.0 0.0 0.0 0.0 0.000152022 0.863349 0.0 1.2815e-06 0.0 0.0 0.0 0.0 0.0 0.0 0.0 0.971173 0.0 0.0 0.0 0.0 0.0 0.780767 0.0 0.000206977 0.0 0.0 0.0 0.0 0.0 0.0 0.0 0.0 0.0 0.0 0.0 0.0 0.0 0.326386 0.0 0.0 0.0 0.0
0.0 0.0 1.3113e-06 0.0 0.0 0.0 0.0 0.0 0.0 0.0 0.0 0.0 0.0 0.0 0.0 0.366373 0.0 0.0 0.0 0.00206023 0.985588 0.956795 0.0 0.0 0.927903 0.0 0.0 0.0 0.0 0.0 0.0 0.217439 0.0 0.0 0.0 0.0 0.0 0.0 0.0 0.0 0.0 0.0 0.0 0.0 0.0 0.0 0.0 0.0 0.0 0.0 0.334133 0.0 0.0214659 0.0 0.0 0.0 0.0 0.93762 0.0 0.0 0.0 0.0 0.0 0.0
0.0 0.0 0.0 0.0 0.0 0.0 0.0 0.0 0.0 0.0 0.0 0.0 0.0 0.0 0.0 0.0 0.0 0.0 0.0 0.0 0.0 0.0 2.68221e-07 0.0 0.0 0.0 0.0 0.0 0.0 0.0 0.0 0.0 0.0 0.0 0.0 0.0 0.0 0.0 0.0 0.0 0.0 0.0 0.0 0.0 0.0 0.0 0.0 0.0 0.999951 0.0 0.0 0.0 0.0 0.0 0.0 0.0 0.0 0.0 0.0 0.0 0.0 0.0 0.0 0.0
0.0 0.0 0.0 0.0 0.0 0.0 0.880418 0.0 0.0 0.0 0.0 0.0 0.0 0.0149977 0.0 0.0 0.0 0.0 0.0 0.0 0.0 0.0 0.0 8.9407e-08 0.0 0.0 0.0 0.0 0.0 0.0 0.0 0.0 0.0 1.78814e-06 0.0 1.49012e-07 0.998684 0.0 0.0 0.0 0.0 0.0 0.999965 0.0 0.0 0.0 0.0 0.0 0.0 0.0 0.0 0.0 0.0 0.0 0.0 0.0 0.0 0.0 2.34842e-05 0.0 0.000160307 0.0 0.0 0.0
0.0 6.4075e-06 0.0 0.0 4.05312e-06 0.0 0.0 0.0 0.0 0.000232279 0.0 0.0 0.971879 0.0 0.0 0.0 0.179883 6.55651e-07 0.0 0.0 0.0 0.0 0.0 0.0 0.0 0.0 1.2219e-05 0.861782 0.0 1.78814e-07 0.0 0.0 0.0 0.0 0.0 0.0 0.0 0.703105 0.0 0.0 0.0 0.0 0.0 0.92342 0.0 1.13249e-05 0.0 0.0 0.0 0.0 0.0 0.0 0.0 0.0 0.0 0.0 0.0 0.0 0.0 0.292187 0.0 0.0 0.0 0.0
0.0 0.0 0.0 0.0 0.0 0.0 0.0 0.0 0.0 0.0 0.0 0.0 0.0 0.0 0.0 0.0 0.0 0.0 0.0 0.0 0.0 0.0 0.0 0.0 0.0 0.0 0.0 0.0 0.0 0.0 0.998192 0.0 0.0 0.0 0.0 0.0 0.0 0.0 0.0 0.0 0.0 0.0 0.0 0.0 0.0 0.0 0.0 0.0 0.0 0.0 0.0 0.0 0.0 0.0 0.0 0.0 0.0 0.0 0.0 0.0 0.0 0.0 0.0 0.0
0.000629246 0.0 0.0 0.0 0.0 0.0 0.0 0.0 0.0 0.0 0.0 0.0 0.0 0.0 0.0 0.0 0.0 0.0 0.0 0.0 0.0 0.0 0.0 0.0 0.0 0.0 0.0 0.0 0.0 0.0 0.0 0.0 0.0 0.0 0.999983 0.0 0.0 0.0 0.0 0.0 0.0 0.0 0.0 0.0 0.0 0.0 0.0 0.0 0.0 1.90735e-06 0.0 0.0 0.0 0.0 0.0 0.0 0.0 0.0 0.0 0.0 0.0 0.0 0.0 0.0
6.25849e-06 0.0 0.0 0.0 0.0 0.0 0.0 0.0 0.0 0.0 0.0 0.0 0.0 0.0 0.0 0.0 0.0 0.0 0.0 0.0 0.0 0.0 0.0 0.0 0.0 0.0 0.0 0.0 0.0 0.0 0.0 0.0 0.0 0.0 0.0 0.0 0.0 0.0 0.0 0.0 0.0 0.0 0.0 0.0 0.0 0.0 0.0 0.000151128 0.0 0.999808 0.0 0.0 0.0 0.0 0.0 0.0 0.0 0.0 0.0 0.0 0.0 0.0 0.0 8.9407e-08
0.0 0.0 1.19209e-06 0.0 0.0 0.0 0.0 0.0 0.0 0.0 0.0 0.0 0.0 0.0 0.0 0.00215185 0.0 0.0 0.0 1.43051e-05 0.247718 0.0169874 0.0 0.0 0.272514 0.0 0.0 0.0 0.0 0.0 0.0 0.0128943 0.0 0.0 0.0 0.0 0.0 0.0 0.0 0.0 0.0 0.0 0.0 0.0 0.0 0.0 0.0 0.0 0.0 0.0 0.989163 0.0 5.96046e-06 0.0 0.0 0.0 0.0 0.0617552 0.0 0.0 0.0 0.0 0.0 0.0
0.0 0.0 8.9407e-08 0.0 0.0 0.0 0.0 0.0 0.0 0.0 0.0 0.0 0.0 0.0 0.0 0.0425592 0.0 0.0 0.0 0.000152856 0.176277 0.0981281 0.0 0.0 0.0438319 0.0 0.0 0.0 0.0 0.0 0.0 0.990766 0.0 0.0 0.0 0.0 0.0 0.0 0.0 0.0 0.0 0.0 0.0 0.0 0.0 0.0 0.0 0.0 0.0 0.0 0.0112456 0.0 0.000294119 0.0 0.0 0.0 0.0 0.175143 0.0 0.0 0.0 0.0 0.0 0.0
0.0 0.0 0.0 0.0 0.0 0.0 0.0 0.0 0.930338 0.0 0.671327 0.0 0.0 0.0 0.0 0.0 0.0 0.0 0.0 0.0 0.0 0.0 0.0 0.0 0.0 0.641197 0.0 0.0 0.999946 0.0 0.0 0.0 0.0 0.0 0.0 0.0 0.0 0.0 0.0 0.0 0.0 0.0 0.0 0.0 0.0 0.0 0.0 0.0 0.0 0.0 0.0 0.0 0.0 0.0 0.0 0.0 0.0 0.0 0.0 0.0 0.0 0.0 0.0 0.0
0.0 6.79493e-05 0.0 0.0 0.0223189 0.0 0.0 0.0 0.0 3.09944e-06 0.0 0.0 0.0 0.0 0.0 0.0 6.4075e-06 0.00494313 0.0 0.0 0.0 0.0 0.0 0.0 0.0 0.0 0.000246376 5.96046e-08 0.0 0.000447482 0.0 0.0 0.0208319 0.0 0.0 0.0 0.0 0.0 0.000422508 0.0 0.0 0.0 0.0 0.0 0.993585 9.01818e-05 0.0 0.0 0.0 0.0 0.0 0.0 0.0 0.0 0.0 0.0 0.0 0.0 0.0 2.95043e-06 0.0 0.0 3.57628e-07 0.0
0.0 0.0 1.60336e-05 0.0 0.0 0.0 0.0 0.0 0.0 0.0 0.0 0.0 0.0 0.0 0.0 0.423143 0.0 0.0 0.0 0.000219077 0.965225 0.943299 0.0 0.0 0.884986 0.0 0.0 0.0 0.0 0.0 0.0 0.0714722 0.0 0.0 0.0 0.0 0.0 0.0 0.0 0.0 0.0 0.0 0.0 0.0 0.0 0.0 0.0 0.0 0.0 0.0 0.156035 0.0 0.0224194 0.0 0.0 0.0 0.0 0.978118 0.0 0.0 0.0 0.0 0.0 0.0
0.0 0.0 0.0 0.0 0.0 0.0 0.0 0.0 0.0 0.0 0.0 0.0 0.0 0.0 0.0 0.0 0.0 0.0 0.0 0.0 0.0 0.0 0.0 0.0 0.0 0.0 0.0 0.0 0.0 0.0 0.0 0.0 0.0 0.0 0.0 0.0 0.0 0.0 0.0 0.0 0.000776261 0.0 0.0 0.0 0.0 0.0 0.0 0.0 0.0 0.0 0.0 0.0 0.0 0.0 0.0 0.997919 0.0 0.0 0.0 0.0 0.0 0.0 0.0 0.0
0.0 0.00124976 0.0 0.0 0.00288621 0.0 0.0 0.0 0.0 0.0 0.0 0.0 0.0 0.0 0.0 0.0 0.000551194 0.00419858 0.0 0.0 0.0 0.0 0.0 0.0 0.0 0.0 0.528477 2.80142e-06 0.0 0.999787 0.0 0.0 3.78489e-06 0.0 0.0 0.0 0.0 1.19209e-07 0.0 0.0 0.0 0.0 0.0 0.0 0.000244856 0.0 0.0 0.0 0.0 0.0 0.0 0.0 0.0 0.0 0.0 0.0 0.0 0.0 0.0 0.000266254 0.0 0.0 0.0 0.0
0.0 0.130026 0.0 0.0 0.0068936 0.0 0.0 0.0 0.0 0.000165373 0.0 0.0 0.0918554 0.0 0.0 0.0 0.973378 0.0119695 0.0 0.0 0.0 0.0 0.0 0.0 0.0 0.0 0.00165713 0.887113 0.0 0.00194967 0.0 0.0 2.98023e-08 0.0 0.0 0.0 0.0 0.347411 0.0 0.0 0.0 0.0 0.0 0.15947 3.317e-05 3.78788e-05 0.0 0.0 0.0 0.0 0.0 0.0 0.0 0.0 0.0 0.0 0.0 0.0 0.0 0.982363 0.0 0.0 0.0 0.0
0.0 0.0 0.0 0.0 0.0 0.0 0.0 0.0 0.999843 0.0 0.999847 0.0 0.0 0.0 0.0 0.0 0.0 0.0 0.0 0.0 0.0 0.0 0.0 0.0 0.0 0.990411 0.0 0.0 0.99208 0.0 0.0 0.0 0.0 0.0 0.0 0.0 0.0 0.0 0.0 0.0 0.0 0.0 0.0 0.0 0.0 0.0 0.0 0.0 0.0 0.0 0.0 0.0 0.0 0.0 0.0 0.0 0.0 0.0 0.0 0.0 0.0 0.0 0.0 0.0
0.0 0.000540167 0.0 0.0 9.23872e-07 0.0 0.0 0.0 0.0 0.0 0.0 0.0 2.98023e-07 0.0 0.0 0.0 0.000602961 0.000133663 0.0 0.0 0.0 0.0 0.0 0.0 0.0 0.0 0.000111133 9.32813e-05 0.0 0.0581577 0.0 0.0 0.0 0.0 0.0 0.0 0.0 6.25849e-07 0.0 0.0 0.0 0.0 0.0 5.96046e-07 1.43051e-06 0.0 0.0 0.0 0.0 0.0 0.0 0.0 0.0 0.0 0.0 0.0 0.0 0.0 0.0 0.000487924 0.0 0.0 8.9407e-08 0.0
0.0 0.0 0.0 0.0 0.0 0.0 0.0 0.0 0.0 0.0 0.0 0.0 0.0 0.0 0.0 0.0 0.0 0.0 0.0 0.0 0.0 0.0 2.08616e-07 0.0 0.0 0.0 0.0 0.0 0.0 0.0 0.0 0.0 0.0 0.0 0.0 0.0 0.0 0.0 0.0 0.999732 0.0 0.0 0.0 0.0 0.0 0.0 0.0 0.0 0.0 0.0 0.0 0.0 0.0 0.0 0.0 0.0 0.0 0.0 0.0 0.0 0.0 0.0 0.0 0.0
2.08616e-07 0.0 0.0 0.0 0.0 0.0 0.0 0.0 0.0 0.0 0.0 0.0 0.0 0.0 0.0 0.0 0.0 0.0 0.0 0.0 0.0 0.0 0.0 0.0 0.0 0.0 0.0 0.0 0.0 0.0 0.0 0.0 0.0 0.0 0.0 0.0 0.0 0.0 0.0 0.0 0.0 0.0 0.0 0.0 0.0 0.0 0.0 8.9407e-07 0.0 0.864264 0.0 0.0 0.0 0.0 0.0 0.0 0.0 0.0 0.0 0.0 0.0 0.0 0.0 0.0
0.0 1.95205e-05 0.0 0.0 3.72529e-06 0.0 0.0 0.0 0.0 0.000237018 0.0 0.0 0.933216 0.0 0.0 0.0 0.281639 1.93715e-06 0.0 0.0 0.0 0.0 0.0 0.0 0.0 0.0 3.16799e-05 0.729464 0.0 3.57628e-07 0.0 0.0 0.0 0.0 0.0 0.0 0.0 0.868289 0.0 0.0 0.0 0.0 0.0 0.950064 0.0 3.28422e-05 0.0 0.0 0.0 0.0 0.0 0.0 0.0 0.0 0.0 0.0 0.0 0.0 0.0 0.30061 0.0 0.0 0.0 0.0
0.0 0.0 2.0504e-05 0.0 0.0 0.0 0.0 0.0 0.0 0.0 0.0 0.0 0.0 0.0 0.0 0.0185259 0.0 0.0 0.0 0.00232849 0.942515 0.552107 0.0 0.0 0.988294 0.0 0.0 0.0 0.0 0.0 0.0 0.0177549 0.0 0.0 0.0 0.0 0.0 0.0 0.0 0.0 0.0 0.0 0.0 0.0 0.0 0.0 0.0 0.0 0.0 0.0 0.432811 0.0 0.0104504 0.0 0.0 0.0 0.0 0.951103 0.0 0.0 0.0 0.0 0.0 0.0
0.0 0.0 0.0 0.0 0.0 0.0 0.000233561 0.0 0.0 0.0 0.0 0.000363469 0.0 0.92795 0.0 0.0 0.0 0.0 0.0 0.0 0.0 0.0 0.0 0.000269651 0.0 0.0 0.0 0.0 0.0 0.0 0.0 0.0 0.0 0.997525 0.0 0.0 0.00182888 0.0 0.0 0.0 0.0 0.0 1.0 0.0 0.0 0.0 0.0 0.0 0.0 0.0 0.0 0.0 0.0 0.0 0.0 0.0 0.0 0.0 0.99997 0.0 0.0 0.0 0.0 0.0
0.0 0.0 0.0 0.0 0.0 0.0 0.0 0.0 0.0 0.0 0.0 0.0 0.0 0.0 0.0 0.0 0.0 0.0 0.0 0.0 0.0 0.0 0.0 0.0 0.0 0.0 0.0 0.0 0.0 0.0 0.0 0.0 0.0 0.0 0.0 0.0 0.0 0.0 0.0 0.0 0.0 0.0 0.0 0.0 0.0 0.0 0.0 0.0 0.0 0.0 0.0 0.999999 0.0 0.0 0.0 0.0 0.0 0.0 0.0 0.0 0.0 0.0 0.0 0.0
0.0 0.0 0.0 0.0 0.0 0.0 1.30534e-05 0.0 0.0 0.0 0.0 0.0 0.0 8.22544e-05 0.0 0.0 0.0 0.0 0.0 0.0 0.0 0.0 0.0 0.0 0.0 0.0 0.0 0.0 0.0 0.0 0.0 0.0 0.0 1.54972e-05 0.0 0.0 0.000160038 0.0 0.0 0.0 0.0 0.0 0.999862 0.0 0.0 0.0 0.0 0.0 0.0 0.0 0.0 0.0 0.0 0.0 0.0 0.0 0.0 0.0 0.000231981 0.0 0.0 0.0 0.0 0.0
0.0 0.00153273 0.0 0.0 0.000104964 0.0 0.0 0.0 0.0 0.000416398 0.0 0.0 0.448506 0.0 0.0 0.0 0.901116 8.58903e-05 0.0 0.0 0.0 0.0 0.0 0.0 0.0 0.0 0.000153601 0.9671 0.0 1.94907e-05 0.0 0.0 0.0 0.0 0.0 0.0 0.0 0.791747 0.0 0.0 0.0 0.0 0.0 0.587357 2.98023e-07 6.33001e-05 0.0 0.0 0.0 0.0 0.0 0.0 0.0 0.0 0.0 0.0 0.0 0.0 0.0 0.837108 0.0 0.0 0.0 0.0
0.0 0.0 0.0 0.0 0.0 0.0 0.0 0.0 0.0 0.0 0.0 0.0 0.0 0.0 0.0 0.0 0.0 0.0 0.0 0.0 0.0 0.0 0.0 5.60284e-06 0.0 0.0 0.0 0.0 0.0 0.0 0.0 0.0 0.0 0.0 0.0 0.999999 0.0 0.0 0.0 0.0 0.0 0.0 1.78814e-07 0.0 0.0 0.0 0.0 0.0 0.0 0.0 0.0 0.0 0.0 0.0 0.0 0.0 0.0 0.0 0.0 0.0 0.0 0.0 0.0 0.0
0.0 1.19209e-07 0.0 0.0 8.22544e-06 0.0 0.0 0.0 0.0 0.989055 0.0 0.0 0.000519305 0.0 0.0 0.0 0.00222999 1.78814e-07 0.0 0.0 0.0 0.0 0.0 0.0 0.0 0.0 2.6226e-06 0.0017564 0.0 0.0 0.0 0.0 0.0 0.0 0.0 0.0 0.0 0.00397581 0.0 0.0 0.0 0.0 0.0 0.000726312 0.000148535 0.274238 0.0 0.0 0.0 0.0 0.0 0.0 0.0 0.0 0.0 0.0 0.0 0.0 0.0 0.00050199 0.0 0.0 0.0 0.0
0.0 0.0 0.0 0.0 0.0 0.0 0.0 0.0 0.0 3.15905e-06 0.0 0.0 0.950989 0.0 0.0 0.0 0.000160396 0.0 0.0 0.0 0.0 0.0 0.0 0.0 0.0 0.0 0.0 0.0397542 0.0 0.0 0.0 0.0 0.0 0.0 0.0 0.0 0.0 0.315526 0.0 0.0 0.0 0.0 0.0 0.752049 0.0 1.49012e-07 0.0 0.0 0.0 0.0 0.0 0.0 0.0 0.0 0.0 0.0 0.0 0.0 0.0 0.000242412 0.0 0.0 0.0 0.0
0.0 0.0 0.0 0.0 0.0 0.0 0.0 0.0 0.0 0.0 0.0 0.0 0.0 0.0 0.0 0.0 0.0 0.0 0.0 0.0 0.0 0.0 0.999131 0.0 0.0 0.0 0.0 0.0 0.0 0.0 0.0 0.0 2.08616e-07 0.0 0.0 0.0 0.0 0.0 0.0 3.1054e-05 0.0 0.0 0.0 0.0 0.0 0.0 0.0 0.0 2.36928e-05 0.0 0.0 0.0 0.0 0.0 0.0 0.0 0.0 0.0 0.0 0.0 0.0 0.0 0.0 0.0
0.0 0.0 0.0 0.0 0.0 0.0 8.9407e-08 0.0 0.0 0.0 0.0 0.00106665 0.0 0.900495 0.0 0.0 0.0 0.0 0.0 0.0 0.0 0.0 0.0 0.0188274 0.0 0.0 0.0 0.0 0.0 0.0 0.0 0.0 0.0 0.997364 0.0 0.0 8.64267e-07 0.0 0.0 0.0 0.0 0.0 0.999906 0.0 0.0 0.0 0.0 0.0 0.0 0.0 0.0 0.0 0.0 0.0 0.0 0.0 0.0 0.0 0.628115 0.0 0.0 0.0 0.0 0.0
0.0 1.19209e-06 0.0 0.0 4.17233e-07 0.0 0.0 0.0 0.0 0.00013575 0.0 0.0 0.972386 0.0 0.0 0.0 0.0350068 1.78814e-07 0.0 0.0 0.0 0.0 0.0 0.0 0.0 0.0 2.38419e-06 0.474796 0.0 2.98023e-08 0.0 0.0 0.0 0.0 0.0 0.0 0.0 0.81298 0.0 0.0 0.0 0.0 0.0 0.921659 0.0 1.19507e-05 0.0 0.0 0.0 0.0 0.0 0.0 0.0 0.0 0.0 0.0 0.0 0.0 0.0 0.0843003 0.0 0.0 0.0 0.0
0.0 0.0 0.0 0.0 0.0 0.0 0.0 0.0 0.0 1.69873e-06 0.0 0.0 0.881197 0.0 0.0 0.0 8.49068e-05 0.0 0.0 0.0 0.0 0.0 0.0 0.0 0.0 0.0 0.0 0.0210377 0.0 0.0 0.0 0.0 0.0 0.0 0.0 0.0 0.0 0.116921 0.0 0.0 0.0 0.0 0.0 0.478553 0.0 5.96046e-08 0.0 0.0 0.0 0.0 0.0 0.0 0.0 0.0 0.0 0.0 0.0 0.0 0.0 0.000126839 0.0 0.0 0.0 0.0
0.0 0.0038785 0.0 0.0 0.999924 0.0 0.0 0.0 0.0 4.26173e-06 0.0 0.0 3.8743e-07 0.0 0.0 0.0 0.00407147 0.12872 0.0 0.0 0.0 0.0 0.0 0.0 0.0 0.0 0.46803 5.72503e-05 0.0 0.00687027 0.0 0.0 0.000273913 0.0 0.0 0.0 0.0 9.86457e-06 1.78814e-07 0.0 0.0 0.0 0.0 1.01328e-06 0.0365894 0.00286061 0.0 0.0 0.0 0.0 0.0 0.0 0.0 0.0 0.0 0.0 0.0 0.0 0.0 0.00447196 0.0 0.0 5.06639e-07 0.0
0.0 0.0 0.0 0.0 0.0 0.0 0.995126 0.0 0.0 0.0 0.0 0.0 0.0 4.17531e-05 0.0 0.0 0.0 0.0 0.0 0.0 0.0 0.0 0.0 5.96046e-08 0.0 0.0 0.0 0.0 0.0 0.0 0.0 0.0 0.0 8.9407e-08 0.0 1.04308e-06 0.642105 0.0 0.0 0.0 0.0 0.0 0.999703 0.0 0.0 0.0 0.0 0.0 0.0 0.0 0.0 0.0 0.0 0.0 0.0 0.0 0.0 0.0 5.24521e-06 0.0 2.08616e-07 0.0 0.0 0.0
0.0 0.0 0.0 0.0 0.0 0.0 0.0 0.0 0.0 0.0 0.0 0.0 0.0 0.0 0.0 0.0 0.0 2.08616e-07 0.0 0.0 0.0 0.0 0.0 0.0 0.0 0.0 0.0 0.0 0.0 0.0 0.0 0.0 0.0 0.0 0.0 0.0 0.0 0.0 0.0 0.0 0.0 0.0 0.0 0.0 0.0 0.0 0.0 0.0 0.0 0.0 0.0 0.0 0.0 0.0 0.0 0.0 0.0 0.0 0.0 0.0 0.0 0.0 1.66893e-06 0.0
0.0 0.0 0.0 0.0 0.0 0.0 0.0 0.0 0.0 0.0 0.0 0.0 0.0 0.0 0.0 0.0 0.0 0.0 0.0 0.0 0.0 0.0 0.0 0.0 0.0 0.0 0.0 0.0 0.0 0.0 0.0 0.0 0.0 0.0 0.0 0.0 0.0 0.0 0.0 0.0 0.0 0.0 0.0 0.0 0.0 0.0 0.999997 0.0 0.0 0.0 0.0 0.0 0.0 0.0 0.0 0.0 0.0 0.0 0.0 0.0 0.0 0.0 0.0 0.0
0.0 0.0 0.0 0.0 0.0 0.0 0.0 0.0 0.0 0.0 0.0 0.0 0.0 0.0 0.000235021 0.0 0.0 0.0 0.0 0.0 0.0 0.0 0.0 0.0 0.0 0.0 0.0 0.0 0.0 0.0 0.0 0.0 0.0 0.0 0.0 0.0 0.0 0.0 0.0 0.0 0.0 0.0 0.0 0.0 0.0 0.0 0.0 0.0 0.0 0.0 0.0 0.0 0.0 4.85778e-06 0.0 0.0 0.0 0.0 0.0 0.0 0.0 0.0 0.0 0.0
0.0 0.0 0.0 0.0 0.0 0.0 0.0 0.0 0.0 0.0 0.0 0.0 0.0 0.0 0.0 0.000145108 0.0 0.0 0.0 0.987556 0.00172436 0.00233284 0.0 0.0 0.00689858 0.0 0.0 0.0 0.0 0.0 0.0 0.000171363 0.0 0.0 0.0 0.0 0.0 0.0 0.0 0.0 0.0 0.0 0.0 0.0 0.0 0.0 0.0 0.0 0.0 0.0 3.33786e-05 0.0 0.0158116 0.0 0.0 0.0 0.0 0.00220174 0.0 0.0 0.0 0.0 0.0 0.0
0.0 0.0 0.0 0.0 0.0 0.0 3.18885e-06 0.0 0.0 0.0 0.0 0.0 0.0 0.00426158 0.0 0.0 0.0 0.0 0.0 0.0 0.0 0.0 0.0 1.06096e-05 0.0 0.0 0.0 0.0 0.0 0.0 0.0 0.0 0.0 0.060871 0.0 0.0 4.55976e-05 0.0 0.0 0.0 0.0 0.0 0.999979 0.0 0.0 0.0 0.0 0.0 0.0 0.0 0.0 0.0 0.0 0.0 0.0 0.0 0.0 0.0 0.326383 0.0 0.0 0.0 0.0 0.0
0.0 1.0 0.0 0.0 0.999471 0.0 0.0 0.0 0.0 0.0761132 0.0 0.0 0.77953 0.0 0.826463 0.0 0.999978 1.0 0.0 0.0 0.0 0.0 9.83477e-07 0.0 0.0 0.0 0.955758 0.998925 0.0 0.998292 0.0 0.0 0.625322 0.0 0.0 0.0 0.0 0.992467 0.000463873 0.0 0.524245 0.0 0.0 0.911002 0.971086 0.0808794 0.0 0.0 0.0 0.0 0.0 0.0 0.0 0.0 0.0 5.66244e-07 0.0 0.0 0.0 0.999982 0.0 0.0 0.998914 0.0
0.0 5.96046e-08 0.0 0.0 1.19209e-06 0.0 0.0 0.0 0.0 0.0 0.0 0.0 0.0 0.0 0.0 0.0 0.0 2.37823e-05 0.0 0.0 0.0 0.0 0.0 0.0 0.0 0.0 0.0 0.0 0.0 8.04663e-07 0.0 0.0 0.0044336 0.0 0.0 0.0 0.0 0.0 0.866224 0.0 0.0 0.0 0.0 0.0 0.0177117 0.0 0.0 0.0 0.0 0.0 0.0 0.0 0.0 0.0 0.0 0.0 0.0 0.0 0.0 0.0 0.0 0.0 6.91414e-06 0.0
0.0 0.0 0.0 0.0 0.0 0.0 0.0 0.0 0.0 0.0 0.0 0.0 0.0 0.0 0.0 0.0 0.0 0.0 0.0 0.0 0.0 0.0 0.0 0.0 0.0 0.0 0.0 0.0 0.0 0.0 0.0 0.0 0.0 0.0 0.0 0.0 0.0 0.0 0.0 0.0 0.0 0.0 0.0 0.0 0.0 0.0 0.0 0.0 0.0 0.0 0.0 0.0 0.0 0.0 0.0 0.0 0.0 0.0 0.0 0.0 0.0 0.999942 0.0 0.0
0.0 6.52671e-06 0.0 0.0 0.0 0.0 0.0 0.0 0.0 0.0 0.0 0.0 0.0 0.0 0.0 0.0 8.07643e-06 1.63913e-06 0.0 0.0 0.0 0.0 0.0 0.0 0.0 0.0 0.0 1.19209e-06 0.0 0.0 0.0 0.0 0.0 0.0 0.0 0.0 0.0 2.68221e-07 0.0 0.0 0.99995 0.0 0.0 1.78814e-07 0.0 0.0 0.0 0.0 0.0 0.0 0.0 0.0 0.0 0.0 0.0 0.0216158 0.0 0.0 0.0 6.16908e-06 0.0 0.0 0.0 0.0
0.0 0.0 0.0 0.0 0.0 0.000120997 0.0 1.78814e-07 0.0 0.0 0.0 0.0 0.0 0.0 0.0 0.0 0.0 0.0 0.999408 0.0 0.0 0.0 0.0 0.0 0.0 0.0 0.0 0.0 0.0 0.0 0.0 0.0 0.0 0.0 0.0 0.0 0.0 0.0 0.0 0.0 0.0 0.0 0.0 0.0 0.0 0.0 0.0 0.0 0.0 0.0 0.0 0.0 0.0 0.0 8.9407e-08 0.0 0.0 0.0 0.0 0.0 0.0 0.0 0.0 0.0
0.0 0.0 1.01328e-06 0.0 0.0 0.0 0.0 0.0 0.0 0.0 0.0 0.0 0.0 0.0 0.0 0.853946 0.0 0.0 0.0 0.0010283 0.950684 0.984099 0.0 0.0 0.539468 0.0 0.0 0.0 0.0 0.0 0.0 0.24611 0.0 0.0 0.0 0.0 0.0 0.0 0.0 0.0 0.0 0.0 0.0 0.0 0.0 0.0 0.0 0.0 0.0 0.0 0.0564001 0.0 0.102238 0.0 0.0 0.0 0.0 0.824258 0.0 0.0 0.0 0.0 0.0 0.0
0.0 0.0 1.10269e-06 0.0 0.0 0.0 0.0 0.0 0.0 0.0 0.0 0.0 0.0 0.0 0.0 0.0337088 0.0 0.0 0.0 0.0147122 0.00668612 0.0716038 0.0 0.0 0.00281399 0.0 0.0 0.0 0.0 0.0 0.0 0.000255078 0.0 0.0 0.0 0.0 0.0 0.0 0.0 0.0 0.0 0.0 0.0 0.0 0.0 0.0 0.0 0.0 0.0 0.0 8.31485e-06 0.0 0.988666 0.0 0.0 0.0 0.0 0.00611785 0.0 0.0 0.0 0.0 0.0 0.0
0.0 0.149635 0.0 0.0 0.00966302 0.0 0.0 0.0 0.0 0.00033775 0.0 0.0 0.00717112 0.0 0.0 0.0 0.978647 0.0144814 0.0 0.0 0.0 0.0 0.0 0.0 0.0 0.0 0.00344601 0.639077 0.0 0.00130281 0.0 0.0 1.49012e-07 0.0 0.0 0.0 0.0 0.148553 0.0 0.0 0.0 0.0 0.0 0.0256445 0.000145137 9.33707e-05 0.0 0.0 0.0 0.0 0.0 0.0 0.0 0.0 0.0 0.0 0.0 0.0 0.0 0.925335 0.0 0.0 0.0 0.0
0.999982 0.0 0.0 0.0 0.0 0.0 0.0 0.0 0.0 0.0 0.0 0.0 0.0 0.0 0.0 0.0 0.0 0.0 0.0 0.0 0.0 0.0 0.0 0.0 0.0 0.0 0.0 0.0 0.0 0.0 0.0 0.0 0.0 0.0 3.57628e-07 0.0 0.0 0.0 0.0 0.0 0.0 0.0 0.0 0.0 0.0 0.0 0.0 2.38419e-07 0.0 1.66893e-06 0.0 0.0 0.0 0.0 0.0 0.0 0.0 0.0 0.0 0.0 0.0 0.0 0.0 0.0
0.0 0.0 0.0 0.0 0.0 0.0 0.0 0.0 0.0 0.0 0.0 0.0 0.0 6.69658e-05 0.0 0.0 0.0 0.0 0.0 0.0 0.0 0.0 0.0 0.0 0.0 0.0 0.0 0.0 0.0 0.0 0.0 0.0 0.0 0.0 0.0 0.0 0.000383228 0.0 0.0 0.0 0.0 0.0 0.85542 0.0 0.0 0.0 0.0 0.0 0.0 0.0 0.0 0.0 0.0 0.0 0.0 0.0 0.0 0.0 0.0 0.0 0.999938 0.0 0.0 0.0
0.0 0.0 0.0 0.0 0.0 0.0 0.0 0.0 0.0 0.0 0.0 0.0 0.0 0.0 0.998342 0.0 0.0 2.68221e-07 0.0 0.0 0.0 0.0 0.0 0.0 0.0 0.0 0.0 0.0 0.0 0.0 0.0 0.0 0.0 0.0 0.0 0.0 0.0 0.0 0.0 0.0 0.0 0.0 0.0 0.0 0.0 0.0 0.0 0.0 0.0 0.0 0.0 0.0 0.0 0.0 0.0 0.0 0.0 0.0 0.0 0.0 0.0 0.0 6.15716e-05 0.0
0.0 0.0 0.0 0.0 0.0 0.000412583 0.0 0.0 0.0 0.0 0.0 0.0 0.0 0.0 0.0 0.0 0.0 0.0 0.0 0.0 0.0 0.0 0.0 0.0 0.0 0.0 0.0 0.0 0.0 0.0 0.0 0.0 0.0 0.0 0.0 0.0 0.0 0.0 0.0 0.0 0.0 0.0 0.0 0.0 0.0 0.0 0.0 8.9407e-08 0.0 0.0 0.0 0.0 0.0 0.0 0.999999 0.0 0.0 0.0 0.0 0.0 0.0 0.0 0.0 0.0
7 17 41 3 5 63 56 15 32 30 22 62 53 54 18 36 43 39 28 14 38 61 34 42 12 9 10 48 35 60 13 33 37 45 8 46 51 0 20 24 27 4 25 6 58 11 50 57 59 26 55 23 52 2 19 21 16 29 40 44 1 47 49 31
