8
0.0 0.114268 0.0 0.0 0.0 0.0 0.0 0.0 0.0 5.96046e-08 0.0 2.8044e-05 0.0 0.00610867 0.0 0.0 0.0 0.0 1.49012e-07 0.0 0.0 1.94311e-05 0.0 0.0 0.0 0.0 0.0 0.0 0.0 0.0 0.0 0.0 0.0 0.0 0.0 0.0 0.0 0.0 0.0 0.230162 0.0 0.0 0.00301525 0.0 0.0 0.0 0.0 0.0 0.955665 0.0 0.0 0.0 0.0 0.0 0.0 0.941961 0.0 0.0 0.0 0.0 0.0918156 0.0 0.0 0.9908
0.0 0.0 5.84126e-06 0.158742 0.0 0.0 0.0 0.0 0.0 0.0 0.0 0.0 0.0 0.0 0.0 0.0 0.0 0.0 0.0 8.40425e-06 0.0 0.0 0.0 0.0 0.0 0.0 0.116262 1.3411e-06 0.0 0.0 0.0 0.0 0.0 0.0 0.0 0.0 0.0 0.0 0.0 0.0 0.0 0.0 0.0 0.0 0.0 0.0 0.0 0.0 0.0 0.0 0.0 0.0 0.0 0.0 0.0 0.0 0.0 0.0 0.0 0.0 0.0 0.99161 0.0 0.0
0.0 0.0 5.73397e-05 0.0 0.0 0.999968 0.0 0.0 1.19209e-07 0.0 0.0 0.0 0.0 0.0 0.0 1.49012e-07 0.0 0.000609338 0.0 0.0 0.0 0.0 0.0 0.0 0.0 0.0 0.0 0.0 0.0 0.0 0.0 0.0 0.0 0.0 0.0 0.0 0.0 0.0 0.0 0.0 0.0 0.0 0.0 0.0 0.0 0.0 0.0 0.0 0.0 0.0 0.0 0.0 0.0 0.0 0.0 0.0 0.0 0.0 0.0 0.0 0.0 0.0 0.0 0.0
0.0 0.0 0.0 0.0 0.0 0.0 0.0 0.0 0.0 0.0 0.0 0.0 0.0 0.0 0.0 0.0 0.0 0.0 0.0 0.0 0.0 0.0 0.0 0.0 0.0 0.0 0.0 0.0 0.0 0.0 0.0 0.0 0.0 0.0 0.0 0.0 0.0 0.0 0.0 0.0 0.0 0.0 0.0 0.0 0.0 0.0 0.0 0.0 0.0 0.0 0.0 0.0 0.0 0.0 0.0 0.0 0.0 0.0 0.99999 0.0 0.0 0.0 0.0 0.0
0.0 0.0 0.0 0.0 0.0 0.0 0.0 0.0 0.0 0.0 0.0 0.0 0.0 0.0 0.0 0.0 0.0 0.0 0.0 0.0 0.0 0.0 0.0 0.0 0.0 0.0 0.0 0.999988 0.0 0.0 0.0 0.0 0.0 0.0 0.0 0.0 0.0 0.0 0.0 0.0 0.0 0.0 0.0 0.0 0.0 0.0 0.0 0.0 0.0 0.0 0.0 0.0 0.0 0.0 0.0 0.0 0.0 0.0 0.0 0.0 0.0 0.0 0.0 0.0
0.0 0.0 0.0854913 0.0 5.96046e-08 0.00751436 0.0 0.0 4.88758e-06 0.0 0.0 0.0 0.0 0.0 0.0 0.0 0.0 0.996351 0.0 0.0 0.0 0.0 0.0 0.0 0.0 0.0 0.0 0.0 0.0 0.0 0.0 0.0 0.0 0.0 0.0 0.0 0.0 0.0 0.0 0.0 0.0 0.0 0.0 0.0 0.0 2.98023e-08 0.0 0.0 0.0 0.0 0.0 0.0 0.0 0.0 0.0 0.0 0.0 0.0 0.0 0.0 0.0 0.0 5.06639e-07 0.0
0.0 0.0 0.0 0.0 0.0 0.0 0.0 0.0 0.0 0.0 0.0 0.0 0.0 0.0 0.0 5.66244e-07 0.0 0.0 0.0 0.0 0.0 0.0 0.0 0.0 1.19209e-07 0.0 0.0 0.0 0.0 0.0 0.0 0.0 0.0 0.0 0.0 0.0 0.0 0.0 0.0 0.0 0.999957 0.0 0.0 0.0 0.0 0.0 0.0 0.0 0.0 0.0 0.0 0.0 0.0 0.0 0.0 0.0 0.0 0.0 0.0 0.0 0.0 0.0 0.0 0.0
0.0 0.0 0.0 0.0 0.0 0.0 0.0 0.0 0.0 0.0 0.0 0.0 0.0 1.19209e-07 0.0 0.0 0.0 0.0 0.98562 0.0 0.0 0.0 0.0 0.0 0.0 0.0 0.0 0.0 0.0 0.0 0.0 0.0 0.0 0.343034 0.0 0.0 0.0 0.0 0.0 4.55379e-05 0.0 0.0 0.0 0.0 0.0129749 0.0 0.0 0.00473633 0.0 0.0 0.0 0.0 0.0 0.0 0.0 0.00123003 0.0 0.0 0.0 0.0177275 0.0720661 0.0 0.0 8.9407e-08
0.0 0.0 0.118551 0.0 0.00120822 4.47035e-07 0.0 0.0 0.980119 0.0 0.0 0.0 0.0 0.0 0.0 0.00358126 0.0 4.41372e-05 0.0 0.0 0.0 0.0 0.0 0.0 0.0 0.0 0.0 0.0 0.0 0.0 0.0 0.0 0.0 0.0 0.0 0.0 0.0 0.0 0.0 0.0 0.0 0.0 0.0 0.0 0.0 0.144757 0.0 0.0 0.0 0.0 0.0 0.0 0.0 0.0 0.0 0.0 0.0 0.0 0.0 0.0 0.0 0.0 0.997641 0.0
0.0274117 0.0 0.0 0.0 0.0 0.0 0.0 0.0 0.0 0.0 0.0 0.0 0.0 0.0 0.0 0.0 0.0 0.0 0.0 0.0 0.0 0.0 0.0 0.0 0.0 0.00059092 0.0 0.0 0.0 0.0 0.0 0.0 0.0 0.0 0.0 0.0 0.0 0.0 0.0 0.0 0.0 0.0 6.55651e-07 0.0 0.0 0.0 0.0 0.0 0.0 0.0 0.0 0.0 0.0 0.0 0.0 0.0 0.0 0.0 0.0 0.0 0.0 0.0 0.0 0.0
0.0 0.0 0.0 0.0 0.0 0.0 0.0 0.0 0.0 0.0 0.980026 0.0 0.0 0.0 0.929538 0.0 0.962911 0.0 0.0 0.0 0.979871 0.0 0.00135294 0.884157 0.0 0.0 0.0 0.0 0.0 0.0304104 0.0 0.000374705 0.969545 0.0 0.0 0.892525 0.00416249 0.0218304 0.0 0.0 0.0 0.974388 0.0 5.66244e-07 0.0 0.0 0.0 0.0 0.0 0.109708 0.0 0.0 0.0 0.963655 0.883458 0.0 0.860543 0.74129 0.0 0.0 0.0 0.0 0.0 0.0
0.0 0.711284 0.0 0.0 0.0 0.0 0.0 0.0 0.0 0.00019896 0.0 0.0196602 0.0 0.980836 0.0 0.0 0.0 0.0 2.98023e-08 0.0 0.0 0.000472695 0.0 0.0 0.0 0.0 0.0 0.0 0.0 0.0 0.0 0.0 0.0 0.0 0.0 0.0 0.0 0.0 0.0 0.13357 0.0 0.0 0.0225684 0.0 0.0 0.0 0.0 0.0 0.121941 0.0 0.0 0.0 0.0 0.0 0.0 0.425796 0.0 0.0 0.0 0.0 0.0733093 0.0 0.0 0.999977
0.0 0.0 0.0 0.0 0.0 0.0 0.0 0.0 0.0 0.0 0.970554 0.0 0.0 0.0 0.960849 0.0 0.908795 0.0 0.0 0.0 0.948862 0.0 0.00148243 0.725967 0.0 0.0 0.0 0.0 0.0 0.0255431 0.0 0.000301331 0.978975 0.0 0.0 0.948725 0.00336048 0.0503882 0.0 0.0 0.0 0.957623 0.0 4.76837e-07 0.0 0.0 0.0 0.0 0.0 0.0893607 0.0 0.0 0.0 0.965725 0.796896 0.0 0.696056 0.602601 0.0 0.0 0.0 0.0 0.0 0.0
0.0 0.0 2.68221e-07 0.0 0.000177056 0.0 0.851618 1.49012e-07 0.0 0.0 0.0 0.0 0.012766 0.0 0.0 1.0 0.0 0.0 0.0 0.0 0.0 0.0 0.0 0.0 0.999999 0.0 0.0 0.0 0.0 0.0 0.0 0.0 0.0 0.0 0.0 0.0 0.0 0.0 0.0 0.0 0.0 0.0 0.0 0.0 0.0 0.0 0.0 0.0 0.0 0.0 0.0 0.0 0.0 0.0 0.0 0.0 0.0 0.0 0.0 0.0 0.0 0.0 0.0 0.0
0.0 0.0 0.0 0.0 0.0 0.0 0.0 0.0 0.0 0.0 0.972554 0.0 0.0 0.0 0.856236 0.0 0.970229 0.0 0.0 0.0 0.974425 0.0 0.000293165 0.827321 0.0 0.0 0.0 0.0 0.0 0.00742313 0.0 8.12709e-05 0.943491 0.0 0.0 0.784142 0.00090453 0.0124113 0.0 0.0 0.0 0.972861 0.0 1.19209e-07 0.0 0.0 0.0 0.0 0.0 0.0825092 0.0 0.0 0.0 0.967103 0.75872 0.0 0.774198 0.516013 0.0 0.0 0.0 0.0 0.0 0.0
0.0 0.0 0.0 0.996789 0.0 0.0 0.0 0.0 0.0 0.0 0.0 0.0 0.0 0.0 0.0 0.0 0.0 0.0 0.0 0.00342888 0.0 0.0 0.0 0.0 0.0 0.0 0.00671458 0.0 0.0 0.0 0.0 0.0 0.0 0.0 0.0 0.0 0.0 0.0 0.0 0.0 0.0 0.0 0.0 0.0 0.0 0.0 0.0 0.0 0.0 0.0 0.0 0.0 0.0 0.0 0.0 0.0 0.0 0.0 0.0 0.0 0.0 8.85129e-06 0.0 0.0
0.0 0.0 0.0 0.0 0.0 0.0 0.0 0.0 0.0 0.0 0.591782 0.0 0.0 0.0 0.868972 0.0 0.15869 0.0 0.0 0.0 0.437053 0.0 0.0147931 0.962326 0.0 0.0 0.0 0.0 1.34408e-05 0.629638 0.0 0.0798968 0.828529 0.0 0.0 0.786587 0.48702 0.417432 0.0 0.0 0.0 0.359222 0.0 0.000479728 0.0 0.0 0.0 0.0 0.0 0.47922 0.0 8.9407e-08 0.0 0.431973 0.980992 0.0 0.879171 0.978525 0.0 0.0 0.0 0.0 0.0 0.0
0.0 0.0 0.194972 0.0 0.000538975 2.98023e-07 0.0 0.0 0.997569 0.0 0.0 0.0 0.0 0.0 0.0 0.0013189 0.0 0.000254363 0.0 0.0 0.0 0.0 0.0 0.0 0.0 0.0 0.0 0.0 0.0 0.0 0.0 0.0 0.0 0.0 0.0 0.0 0.0 0.0 0.0 0.0 0.0 0.0 0.0 0.0 0.0 0.0632762 0.0 0.0 0.0 0.0 0.0 0.0 0.0 0.0 0.0 0.0 0.0 0.0 0.0 0.0 0.0 0.0 0.972986 0.0
0.00461578 0.89479 0.0 0.0 0.0 0.0 0.0 0.0 0.0 0.00277635 0.0 0.996099 0.0 0.107239 0.0 0.0 0.0 0.0 0.0 0.0 0.0 0.412389 0.0 0.0 0.0 0.292635 0.0 0.0 0.0 0.0 0.0 0.0 0.0 0.0 0.0 0.0 0.0 0.0 0.0 2.98023e-08 0.0 0.0 0.999492 0.0 0.0 0.0 0.0 0.0 0.00266042 0.0 0.0 0.0 0.0 0.0 0.0 0.000222206 0.0 0.0 0.0 0.0 0.0 0.0 0.0 0.967477
0.0 0.0 0.0 0.0 0.0 0.0 0.0 0.0 0.0 0.0 0.0 0.0 0.0 0.0 0.0 0.0 0.0 0.0 0.0 0.0 0.0 0.0 0.0 0.0 0.0 0.0 0.0 0.0 0.0 0.0 0.0 0.0 0.0 0.0 0.0 0.0 0.0 0.0 5.96046e-08 0.0 0.0 0.0 0.0 0.0 0.0 0.0 2.98023e-08 0.0 0.0 0.0 0.996282 0.0 0.0 0.0 0.0 0.0 0.0 0.0 0.0 0.0 0.0 0.0 0.0 0.0
0.0 0.0 0.0 0.0 0.0 0.0 0.0 0.0 0.0 0.0 0.457402 0.0 0.0 0.0 0.67307 0.0 0.12249 0.0 0.0 0.0 0.320521 0.0 0.00130299 0.979223 0.0 0.0 0.0 0.0 1.44541e-05 0.456579 0.0 0.0181998 0.624731 0.0 0.0 0.523331 0.161626 0.508518 0.0 0.0 0.0 0.227495 0.0 0.000382155 0.0 0.0 0.0 0.0 0.0 0.822921 0.0 2.98023e-08 0.0 0.271906 0.973314 0.0 0.895987 0.972718 0.0 0.0 0.0 0.0 0.0 0.0
0.0293719 0.0 0.0 0.0 0.0 0.0 0.0 0.0 0.0 0.0 0.0 0.0 0.0 0.0 0.0 0.0 0.0 0.0 0.0 0.0 0.0 0.0 0.0 0.0 0.0 0.000848502 0.0 0.0 0.0 0.0 0.0 0.0 0.0 0.0 0.0 0.0 0.0 0.0 0.0 0.0 0.0 0.0 8.64267e-07 0.0 0.0 0.0 0.0 0.0 0.0 0.0 0.0 0.0 0.0 0.0 0.0 0.0 0.0 0.0 0.0 0.0 0.0 0.0 0.0 0.0
0.0 0.0 0.0 0.0 0.0 0.0 0.0 0.0 0.0 0.0 1.78814e-05 0.0 0.0 0.0 0.000312597 0.0 3.8743e-07 0.0 0.0 0.0 2.563e-06 0.0 0.556908 0.00166419 0.0 0.0 0.0 0.0 0.737517 0.0721541 0.000147074 0.966045 6.94394e-05 0.0 0.0 0.00043875 0.910877 0.00454435 0.0 0.0 0.0 1.72853e-06 0.0 0.983921 0.0 0.0 0.0 0.0 0.0 0.000251859 0.0 0.0243272 0.000641972 3.24845e-06 0.00587133 0.0 0.000232428 0.00871897 0.0 0.0 0.0 0.0 0.0 0.0
0.0 0.0 0.0 0.0 0.0 0.0 0.0 0.0 0.0 0.0 0.97602 0.0 0.0 0.0 0.938203 0.0 0.958937 0.0 0.0 0.0 0.976225 0.0 0.00126103 0.742691 0.0 0.0 0.0 0.0 0.0 0.0203994 0.0 0.000184178 0.974408 0.0 0.0 0.909877 0.0020946 0.0201419 0.0 0.0 0.0 0.979238 0.0 2.08616e-07 0.0 0.0 0.0 0.0 0.0 0.0345813 0.0 0.0 0.0 0.970408 0.8248 0.0 0.715267 0.592347 0.0 0.0 0.0 0.0 0.0 0.0
0.0 0.0 0.0 0.0347021 0.0 0.0 0.0 0.0 0.0 0.0 0.0 0.0 0.0 0.0 0.0 0.0 0.0 0.0 0.0 0.00259057 0.0 0.0 0.0 0.0 0.0 0.0 0.996226 0.0 0.0 0.0 0.0 0.0 0.0 0.0 0.0 0.0 0.0 0.0 0.0 0.0 0.0 0.0 0.0 0.0 0.0 0.0 0.0 0.0 0.0 0.0 0.0 0.0 0.0 0.0 0.0 0.0 0.0 0.0 0.0 0.0 0.0 0.00145525 0.0 0.0
0.0 0.0 0.0 0.0 0.0 0.0 0.880269 0.0 0.0 0.0 0.0 0.0 0.0 0.0 0.0 0.853793 0.0 0.0 0.0 0.0 0.0 0.0 0.0 0.0 0.999848 0.0 0.0 0.0 0.0 0.0 0.0 0.0 0.0 0.0 0.0 0.0 0.0 0.0 0.0 0.0 0.0 0.0 0.0 0.0 0.0 0.0 0.0 1.40071e-06 0.0 0.0 0.0 0.0 0.0 0.0 0.0 0.0 0.0 0.0 0.0 3.57628e-07 0.0 0.0 0.0 0.0
0.0 0.0 0.0 0.0 0.0 0.0 0.0 0.0 0.0 0.0 0.0 0.0 0.0 0.0 8.9407e-08 0.0 0.0 0.0 0.0 0.0 0.0 0.0 8.36849e-05 6.25849e-07 0.0 0.0 0.0 0.0 0.250862 3.25739e-05 0.141896 0.00115985 0.0 0.0 0.00274459 1.49012e-07 0.000418037 0.000177234 0.0 0.0 0.0 0.0 0.0 0.0482351 0.0 0.0 0.0 0.0 0.0 9.50694e-06 0.0 0.371166 0.997712 0.0 1.37091e-06 0.0 7.7486e-07 5.33462e-06 0.0 0.0 0.0 0.0 0.0 0.0
0.0 0.0 0.0 0.0 0.0 0.0 0.0 0.0 0.0 0.0 0.0 0.0 0.0 0.0 8.9407e-08 0.0 0.0 0.0 0.0 0.0 0.0 0.0 0.000805497 3.27826e-07 0.0 0.0 0.0 0.0 0.980217 0.00014618 0.0138359 0.00668082 0.0 0.0 0.000379205 1.49012e-07 0.001351 6.32107e-05 0.0 0.0 0.0 0.0 0.0 0.555207 0.0 0.0 0.0 0.0 0.0 1.01328e-06 0.0 0.504145 0.00704554 0.0 9.53674e-07 0.0 1.19209e-07 2.17557e-06 0.0 0.0 0.0 0.0 0.0 0.0
0.0 0.0 0.0 0.0 0.0 0.0 0.0 0.0 0.0 0.0 0.12132 0.0 0.0 0.0 0.146509 0.0 0.0102446 0.0 0.0 0.0 0.0262136 0.0 8.66354e-05 0.76728 0.0 0.0 0.0 0.0 2.87592e-05 0.0827724 0.0 0.00129864 0.126322 0.0 0.0 0.126468 0.0117433 0.824513 0.0 0.0 0.0 0.0175201 0.0 0.000148982 0.0 0.0 0.0 0.0 0.0 0.973167 0.0 8.9407e-08 0.0 0.0345852 0.561744 0.0 0.793596 0.779696 0.0 0.0 0.0 0.0 0.0 0.0
0.0 0.0 0.0 0.0 0.0 0.0 0.0 0.0 0.0 0.0 0.0013648 0.0 0.0 0.0 0.0190996 0.0 3.77297e-05 0.0 0.0 0.0 0.000200748 0.0 0.887099 0.0187777 0.0 0.0 0.0 0.0 0.164618 0.179409 2.32458e-06 0.979578 0.00462213 0.0 0.0 0.0272712 0.956411 0.0393704 0.0 0.0 0.0 0.000135839 0.0 0.660554 0.0 0.0 0.0 0.0 0.0 0.0015187 0.0 0.000484765 1.47223e-05 0.000247508 0.0883829 0.0 0.00540969 0.108863 0.0 0.0 0.0 0.0 0.0 0.0
0.0 0.0 0.0 0.0 0.0 0.0 0.0 0.0 0.0 0.0 0.0 0.0 0.0 0.0 0.0 0.0 0.0 0.0 0.0 0.0 0.0 0.0 0.0 0.0 0.0 0.0 0.0 0.0 0.00117761 0.0 0.193769 2.98023e-08 0.0 0.0 0.997197 0.0 0.0 0.0 0.0 0.0 0.0 0.0 0.0 2.40207e-05 0.0 0.0 0.0 0.0 0.0 0.0 0.0 0.0065068 3.92199e-05 0.0 0.0 0.0 0.0 0.0 0.0 0.0 0.0 0.0 0.0 0.0
0.0 0.0 0.0 0.0 0.0 0.0 0.0 0.0 0.0 0.0 0.0 0.0 0.0 0.0 0.0 0.0 0.0 0.0 0.00020349 0.0 0.0 0.0 0.0 0.0 0.0 0.0 0.0 0.0 0.0 0.0 0.0 0.0 0.0 0.0004659 0.0 0.0 0.0 0.0 0.0 0.0 0.0 0.0 0.0 0.0 0.0640967 0.0 0.0 0.998278 0.0 0.0 0.0 0.0 0.0 0.0 0.0 2.99513e-05 0.0 0.0 0.0 0.0556153 2.98023e-07 0.0 0.0 0.0
8.9407e-08 0.130314 0.0 0.0 0.0 0.0 0.0 0.0 0.0 0.993825 0.0 0.418997 0.0 0.998626 0.0 0.0 0.0 0.0 0.000145316 0.0 0.0 0.0131874 0.0 0.0 0.0 1.16229e-05 0.0 0.0 0.0 0.0 0.0 0.0 0.0 0.973079 0.0 0.0 0.0 0.0 0.0 0.0502034 0.0 0.0 0.293734 0.0 9.42647e-05 0.0 0.0 9.23872e-07 9.56953e-05 0.0 0.0 0.0 0.0 0.0 0.0 0.000810921 0.0 0.0 0.0 2.98023e-08 0.00242922 0.0 0.0 0.99548
0.0 0.982417 0.0 0.0 0.0 0.0 0.0 0.0 0.0 0.00083819 0.0 0.813001 0.0 0.997407 0.0 0.0 0.0 0.0 0.0 0.0 0.0 0.491128 0.0 0.0 0.0 1.78814e-07 0.0 0.0 0.0 0.0 0.0 0.0 0.0 0.0 0.0 0.0 0.0 0.0 0.0 0.00767595 0.0 0.0 0.982279 0.0 0.0 0.0 0.0 0.0 0.0322814 0.0 0.0 0.0 0.0 0.0 0.0 0.0237355 0.0 0.0 0.0 0.0 0.000138551 0.0 0.0 0.999988
0.0 0.0 0.0 0.0 0.0 0.0 0.0 0.0 0.0 0.0 0.0 0.0 0.0 0.0 0.0 0.0 0.0 0.0 0.0244425 0.0 0.0 0.0 0.0 0.0 0.0 0.0 0.0 0.0 0.0 0.0 0.0 0.0 0.0 0.999897 0.0 0.0 0.0 0.0 0.0 0.0 0.0 0.0 0.0 0.0 0.00126573 0.0 0.0 0.000109345 0.0 0.0 0.0 0.0 0.0 0.0 0.0 6.16312e-05 0.0 0.0 0.0 7.89762e-06 0.000284374 0.0 0.0 0.0
0.0 0.0 0.0 0.0 0.0 0.0 0.0 0.0 0.0 0.0 0.00519821 0.0 0.0 0.0 0.0813014 0.0 0.000160009 0.0 0.0 0.0 0.000891656 0.0 0.502269 0.101724 0.0 0.0 0.0 0.0 0.0328039 0.639637 9.23872e-07 0.962659 0.0210068 0.0 0.0 0.115259 0.986386 0.146432 0.0 0.0 0.0 0.000587553 0.0 0.535905 0.0 0.0 0.0 0.0 0.0 0.00854754 0.0 0.000177503 4.58956e-06 0.00111324 0.366708 0.0 0.0274566 0.402204 0.0 0.0 0.0 0.0 0.0 0.0
0.0 0.00195581 0.0 0.0 0.0 0.0 0.0 0.0 0.0 0.0 0.0 2.98023e-07 0.0 0.0664768 0.0 0.0 0.0 0.0 1.75238e-05 0.0 0.0 1.19209e-07 0.0 0.0 0.0 0.0 0.0 0.0 0.0 0.0 0.0 0.0 0.0 1.49012e-07 0.0 0.0 0.0 0.0 0.0 0.965707 0.0 0.0 4.63426e-05 0.0 5.06639e-07 0.0 0.0 0.0 0.11232 0.0 0.0 0.0 0.0 0.0 0.0 0.230687 0.0 0.0 0.0 0.0 0.545145 0.0 0.0 0.868053
0.0 0.0 0.0 0.0 0.0 0.0 0.0 0.0 0.0 0.0 0.0045571 0.0 0.0 0.0 0.0525605 0.0 0.000176638 0.0 0.0 0.0 0.000851661 0.0 0.0122618 0.0708568 0.0 0.0 0.0 0.0 0.00120893 0.966878 8.9407e-08 0.236596 0.0157577 0.0 0.0 0.068347 0.652846 0.0196774 0.0 0.0 0.0 0.000609875 0.0 0.0212097 0.0 0.0 0.0 0.0 0.0 0.00478858 0.0 4.91738e-06 5.96046e-08 0.00106442 0.209292 0.0 0.0104667 0.148586 0.0 0.0 0.0 0.0 0.0 0.0
0.0 0.0 0.0 0.0 0.0 0.0 0.0 0.999999 0.0 0.0 0.0 0.0 0.0 0.0 0.0 9.23872e-07 0.0 0.0 0.0 0.0 0.0 0.0 0.0 0.0 3.06964e-06 0.0 0.0 0.0 0.0 0.0 0.0 0.0 0.0 0.0 0.0 0.0 0.0 0.0 0.0 0.0 0.0 0.0 0.0 0.0 0.0 0.0 0.0 0.0 0.0 0.0 0.0 0.0 0.0 0.0 0.0 0.0 0.0 0.0 0.0 0.0 0.0 0.0 0.0 0.0
0.319849 0.0 0.0 0.0 0.0 0.0 0.0 0.0 0.0 0.0 0.0 0.0 0.0 0.0 0.0 0.0 0.0 0.0 0.0 0.0 0.0 0.0 0.0 0.0 0.0 0.0649031 0.0 0.0 0.0 0.0 0.0 0.0 0.0 0.0 0.0 0.0 0.0 0.0 0.0 0.0 0.0 0.0 4.9293e-05 0.0 0.0 0.0 0.0 0.0 0.0 0.0 0.0 0.0 0.0 0.0 0.0 0.0 0.0 0.0 0.0 0.0 0.0 0.0 0.0 0.0
0.0 0.0 0.0 0.0 0.0 0.0 0.0 0.0 0.0 0.0 0.00140598 0.0 0.0 0.0 0.0139142 0.0 4.73261e-05 0.0 0.0 0.0 0.000210643 0.0 0.985689 0.00124875 0.0 0.0 0.0 0.0 0.0899228 0.00968611 4.94719e-06 0.91172 0.00426894 0.0 0.0 0.022148 0.614255 0.00291768 0.0 0.0 0.0 0.000173301 0.0 0.40666 0.0 0.0 0.0 0.0 0.0 5.95152e-05 0.0 0.00118631 5.03957e-05 0.000288755 0.00990781 0.0 0.00090158 0.00903189 0.0 0.0 0.0 0.0 0.0 0.0
0.0 0.0 0.0 0.0 0.0 0.0 0.0 0.0 0.0 0.0 0.945022 0.0 0.0 0.0 0.978768 0.0 0.622787 0.0 0.0 0.0 0.828597 0.0 0.0171062 0.723266 0.0 0.0 0.0 0.0 2.08616e-07 0.273521 0.0 0.00594416 0.976974 0.0 0.0 0.980465 0.0597545 0.196898 0.0 0.0 0.0 0.86478 0.0 8.43406e-06 0.0 0.0 0.0 0.0 0.0 0.0902072 0.0 0.0 0.0 0.894799 0.899527 0.0 0.660475 0.798362 0.0 0.0 0.0 0.0 0.0 0.0
0.0 0.0 0.999994 0.0 0.999992 0.0513444 0.0 0.0 0.999115 0.0 0.0 0.0 2.23517e-06 0.0 0.0 0.999989 0.0 0.821792 0.0 0.0 0.0 0.0 0.0 0.0 0.000264287 0.0 0.0 0.0 0.0 0.0 0.0 0.0 0.0 0.0 0.0 0.0 0.0 0.0 0.0 0.0 0.0 0.0 0.0 0.0 0.0 0.992122 0.0 0.0 0.0 0.0 0.0 0.0 0.0 0.0 0.0 0.0 0.0 0.0 0.0 0.0 0.0 2.86102e-06 0.994708 0.0
0.0 0.0 0.0 0.0 0.0 0.0 0.0 0.0 0.0 0.0 0.884657 0.0 0.0 0.0 0.971364 0.0 0.313223 0.0 0.0 0.0 0.629494 0.0 0.0879141 0.677249 0.0 0.0 0.0 0.0 1.49012e-06 0.506413 0.0 0.0485449 0.952992 0.0 0.0 0.977696 0.308929 0.329415 0.0 0.0 0.0 0.638673 0.0 8.17478e-05 0.0 0.0 0.0 0.0 0.0 0.0794004 0.0 0.0 0.0 0.716639 0.901229 0.0 0.552353 0.818192 0.0 0.0 0.0 0.0 0.0 0.0
0.0 8.04663e-07 0.0 0.0 0.0 0.0 0.0 0.0 0.0 0.0 0.0 0.0 0.0 2.36928e-05 0.0 0.0 0.0 0.0 4.60148e-05 0.0 0.0 0.0 0.0 0.0 0.0 0.0 0.0 0.0 0.0 0.0 0.0 0.0 0.0 0.0 0.0 0.0 0.0 0.0 0.0 7.12276e-06 0.0 0.0 7.7486e-07 0.0 2.98023e-07 0.0 0.0 0.0 6.9499e-05 0.0 0.0 0.0 0.0 0.0 0.0 0.0025847 0.0 0.0 0.0 2.48253e-05 0.000114173 0.0 0.0 0.00587812
0.0 0.0 0.0 0.0 0.0 0.0 0.0 0.0 0.0 0.0 0.0 0.0 0.0 0.0 0.0 0.0 0.0 0.0 0.00105989 0.0 0.0 0.0 0.0 0.0 0.0 0.0 0.0 0.0 0.0 0.0 0.0 0.0 0.0 0.0655553 0.0 0.0 0.0 0.0 0.0 0.0 0.0 0.0 0.0 0.0 0.954233 0.0 0.0 0.0721676 0.0 0.0 0.0 0.0 0.0 0.0 0.0 2.563e-06 0.0 0.0 0.0 2.38717e-05 1.04606e-05 0.0 0.0 0.0
0.0 0.0 0.0 0.0 0.0 0.0 0.0 0.0 0.0 0.0 0.0 0.0 0.0 0.0 0.0 0.0 0.0 0.0 0.0 0.0 0.0 0.0 0.0 0.0 0.0 0.0 0.0 0.0 0.0 0.0 0.0 0.0 0.0 0.0 0.0 0.0 0.0 0.0 0.99043 0.0 0.0 0.0 0.0 0.0 0.0 0.0 0.498733 0.0 0.0 0.0 9.54866e-05 0.0 0.0 0.0 0.0 0.0 0.0 0.0 0.0 0.0 0.0 0.0 0.0 0.0
0.0 0.92655 0.0 0.0 0.0 0.0 0.0 0.0 0.0 0.0 0.0 0.00365022 0.0 9.92417e-06 0.0 0.0 0.0 0.0 0.0 0.0 0.0 0.0492889 0.0 0.0 0.0 2.65539e-05 0.0 0.0 0.0 0.0 0.0 0.0 0.0 0.0 0.0 0.0 0.0 0.0 0.0 2.05636e-06 0.0 0.0 0.998504 0.0 0.0 0.0 0.0 0.0 0.992964 0.0 0.0 0.0 0.0 0.0 0.0 0.0101264 0.0 0.0 0.0 0.0 2.98023e-08 0.0 0.0 0.360523
0.0 0.0 1.3411e-06 0.0 2.57194e-05 0.0 0.983279 0.0 0.0 0.0 0.0 0.0 9.53674e-07 0.0 0.0 1.0 0.0 0.0 0.0 0.0 0.0 0.0 0.0 0.0 0.999994 0.0 0.0 0.0 0.0 0.0 0.0 0.0 0.0 0.0 0.0 0.0 0.0 0.0 0.0 0.0 0.0 0.0 0.0 0.0 0.0 0.0 0.0 0.0 0.0 0.0 0.0 0.0 0.0 0.0 0.0 0.0 0.0 0.0 0.0 0.0 0.0 0.0 0.0 0.0
0.0 0.0 0.0 0.0 0.0 0.0 0.0 0.0 0.0 0.0 0.573302 0.0 0.0 0.0 0.812988 0.0 0.153124 0.0 0.0 0.0 0.410512 0.0 0.00389954 0.936617 0.0 0.0 0.0 0.0 6.58631e-06 0.286469 0.0 0.016133 0.733895 0.0 0.0 0.710288 0.13893 0.607583 0.0 0.0 0.0 0.295511 0.0 0.000144929 0.0 0.0 0.0 0.0 0.0 0.762671 0.0 0.0 0.0 0.382213 0.95147 0.0 0.970099 0.971627 0.0 0.0 0.0 0.0 0.0 0.0
0.0 0.0 0.0 0.0 0.0 0.0 0.0 0.0 0.0 0.0 0.0 0.0 0.0 0.0 0.0 0.0 0.0 0.0 0.0 0.0 0.0 0.0 0.0 0.0 0.0 0.0 0.0 0.0 0.0 0.0 0.0 0.0 0.0 0.0 0.0 0.0 0.0 0.0 0.209965 0.0 0.0 0.0 0.0 0.0 0.0 0.0 0.991845 0.0 0.0 0.0 1.78218e-05 0.0 0.0 0.0 0.0 0.0 0.0 0.0 0.0 0.0 0.0 0.0 0.0 0.0
0.0 0.0 0.0 0.0 0.0 0.0 0.0 0.0 0.0 0.0 0.0 0.0 0.0 0.0 0.0 0.0 0.0 0.0 0.0 0.0 0.0 0.0 3.12924e-06 0.0 0.0 0.0 0.0 0.0 0.0470296 2.08616e-07 0.980429 1.32322e-05 0.0 0.0 0.0275416 0.0 2.68221e-06 5.96046e-08 0.0 0.0 0.0 0.0 0.0 0.00842315 0.0 0.0 0.0 0.0 0.0 0.0 0.0 0.779025 0.00335169 0.0 0.0 0.0 0.0 0.0 0.0 0.0 0.0 0.0 0.0 0.0
0.0 0.0 0.0 0.0 0.0 0.0 0.0 0.0 0.0 0.0 0.0 0.0 0.0 0.0 0.0 0.0 0.0 0.0 0.0 0.0 0.0 0.0 0.000160396 1.19209e-07 0.0 0.0 0.0 0.0 0.741062 8.01682e-06 0.818791 0.000676841 0.0 0.0 0.000233293 0.0 0.000138432 5.63264e-06 0.0 0.0 0.0 0.0 0.0 0.330424 0.0 0.0 0.0 0.0 0.0 1.49012e-07 0.0 0.978705 0.060014 0.0 1.19209e-07 0.0 0.0 3.57628e-07 0.0 0.0 0.0 0.0 0.0 0.0
0.0 0.0 0.0 0.0 0.0 0.0 0.0 0.0 0.0 0.0 0.874114 0.0 0.0 0.0 0.976512 0.0 0.331699 0.0 0.0 0.0 0.642162 0.0 0.0371581 0.803396 0.0 0.0 0.0 0.0 1.01328e-06 0.519393 0.0 0.0270391 0.963051 0.0 0.0 0.977168 0.21844 0.348044 0.0 0.0 0.0 0.630322 0.0 5.01573e-05 0.0 0.0 0.0 0.0 0.0 0.161525 0.0 0.0 0.0 0.764407 0.937828 0.0 0.713045 0.900495 0.0 0.0 0.0 0.0 0.0 0.0
1.75834e-06 0.999792 0.0 0.0 0.0 0.0 0.0 0.0 0.0 0.00673851 0.0 0.997065 0.0 0.47707 0.0 0.0 0.0 0.0 0.0 0.0 0.0 0.997646 0.0 0.0 0.0 0.00825217 0.0 0.0 0.0 0.0 0.0 0.0 0.0 0.0 0.0 0.0 0.0 0.0 0.0 1.60038e-05 0.0 0.0 0.99999 0.0 0.0 0.0 0.0 0.0 0.957842 0.0 0.0 0.0 0.0 0.0 0.0 0.00979999 0.0 0.0 0.0 0.0 5.06639e-07 0.0 0.0 0.999329
0.0 0.0 0.0 0.0 4.44055e-06 0.0 0.000387847 0.0 0.0 0.0 0.0 0.0 0.998253 0.0 0.0 0.92496 0.0 0.0 0.0 0.0 0.0 0.0 0.0 0.0 0.000923723 0.0 0.0 0.0 0.0 0.0 0.0 0.0 0.0 0.0 0.0 0.0 0.0 0.0 0.0 0.0 0.0 0.0 0.0 0.0 0.0 0.0 0.0 0.0 0.0 0.0 0.0 0.0 0.0 0.0 0.0 0.0 0.0 0.0 0.0 0.0 0.0 0.0 0.0 0.0
0.0 0.0 0.0 0.0 0.0 0.0 0.0 0.0 0.0 0.0 0.197704 0.0 0.0 0.0 0.675728 0.0 0.0210347 0.0 0.0 0.0 0.0856807 0.0 0.0135305 0.896518 0.0 0.0 0.0 0.0 0.000162899 0.571166 0.0 0.119902 0.498797 0.0 0.0 0.584301 0.581174 0.848556 0.0 0.0 0.0 0.0630832 0.0 0.00277331 0.0 0.0 0.0 0.0 0.0 0.704054 0.0 4.76837e-07 0.0 0.0932757 0.955369 0.0 0.843481 0.977016 0.0 0.0 0.0 0.0 0.0 0.0
0.0 0.0 0.0 0.0 0.0 0.0 0.0 0.0 0.0 0.0 0.0 0.0 0.0 0.0 0.0 0.0 0.0 0.0 0.00201294 0.0 0.0 0.0 0.0 0.0 0.0 0.0 0.0 0.0 0.0 0.0 0.0 0.0 0.0 0.00060299 0.0 0.0 0.0 0.0 0.0 0.0 0.0 0.0 0.0 0.0 0.0960134 0.0 0.0 0.988205 0.0 0.0 0.0 0.0 0.0 0.0 0.0 3.97563e-05 0.0 0.0 0.0 0.626066 1.54972e-06 0.0 0.0 0.0
0.0 0.0 0.0 0.0 0.0 0.0 0.0 0.0 0.0 0.0 0.00971743 0.0 0.0 0.0 0.0816877 0.0 0.000380754 0.0 0.0 0.0 0.00170201 0.0 0.0073669 0.14641 0.0 0.0 0.0 0.0 0.0014511 0.0494053 0.0 0.0324112 0.0288103 0.0 0.0 0.0869369 0.148798 0.983116 0.0 0.0 0.0 0.00132549 0.0 0.00237232 0.0 0.0 0.0 0.0 0.0 0.515085 0.0 1.60933e-06 1.78814e-07 0.00252298 0.275391 0.0 0.244983 0.545666 0.0 0.0 0.0 0.0 0.0 0.0
0.126986 0.00134042 0.0 0.0 0.0 0.0 0.0 0.0 0.0 0.0 0.0 0.252857 0.0 0.0 0.0 0.0 0.0 0.0 0.0 0.0 0.0 5.6982e-05 0.0 0.0 0.0 0.999104 0.0 0.0 0.0 0.0 0.0 0.0 0.0 0.0 0.0 0.0 0.0 0.0 0.0 0.0 0.0 0.0 0.998776 0.0 0.0 0.0 0.0 0.0 1.75834e-06 0.0 0.0 0.0 0.0 0.0 0.0 0.0 0.0 0.0 0.0 0.0 0.0 0.0 0.0 1.18613e-05
0.0 0.0 0.999978 0.0 0.0 0.126074 0.0 0.0 2.85804e-05 0.0 0.0 0.0 0.0 0.0 0.0 3.68655e-05 0.0 0.0328172 0.0 0.0 0.0 0.0 0.0 0.0 0.0 0.0 8.9407e-08 0.0 0.0 0.0 0.0 0.0 0.0 0.0 0.0 0.0 0.0 0.0 0.0 0.0 0.0 0.0 0.0 0.0 0.0 1.75536e-05 0.0 0.0 0.0 0.0 0.0 0.0 0.0 0.0 0.0 0.0 0.0 0.0 0.0 0.0 0.0 0.100243 7.15256e-07 0.0
0.0 0.0 0.0 0.000496447 0.0 0.0 0.0 0.0 0.0 0.0 0.0 0.0 0.0 0.0 0.0 0.0 0.0 0.0 0.0 0.99266 0.0 0.0 0.0 0.0 0.0 0.0 8.35359e-05 0.0 0.0 0.0 0.0 0.0 0.0 0.0 0.0 0.0 0.0 0.0 0.0 0.0 0.0 0.0 0.0 0.0 0.0 0.0 0.0 0.0 0.0 0.0 5.90086e-06 0.0 0.0 0.0 0.0 0.0 0.0 0.0 0.0 0.0 0.0 0.0 0.0 0.0
0.0 0.0 0.740619 0.0 0.00276926 1.78814e-07 0.0 0.0 0.0610308 0.0 0.0 0.0 0.0 0.0 0.0 0.0030646 0.0 2.14577e-06 0.0 0.0 0.0 0.0 0.0 0.0 0.0 0.0 0.0 0.0 0.0 0.0 0.0 0.0 0.0 0.0 0.0 0.0 0.0 0.0 0.0 0.0 0.0 0.0 0.0 0.0 0.0 0.99888 0.0 0.0 0.0 0.0 0.0 0.0 0.0 0.0 0.0 0.0 0.0 0.0 0.0 0.0 0.0 0.0 0.0389245 0.0
0.0 0.0 0.0 0.0 0.0 0.0 0.0 0.0 0.0 0.0 0.984866 0.0 0.0 0.0 0.958999 0.0 0.829116 0.0 0.0 0.0 0.923278 0.0 0.00629175 0.828677 0.0 0.0 0.0 0.0 5.96046e-08 0.109409 0.0 0.00269035 0.969659 0.0 0.0 0.956569 0.0168712 0.0952638 0.0 0.0 0.0 0.925099 0.0 3.75509e-06 0.0 0.0 0.0 0.0 0.0 0.182098 0.0 0.0 0.0 0.928377 0.880803 0.0 0.742517 0.756241 0.0 0.0 0.0 0.0 0.0 0.0
0.000566214 0.0 0.0 0.0 0.0 0.0 0.0 0.0 0.0 0.0 0.0 0.020742 0.0 0.0 0.0 0.0 0.0 0.0 0.0 0.0 0.0 0.0 0.0 0.0 0.0 0.99531 0.0 0.0 0.0 0.0 0.0 0.0 0.0 1.04308e-06 0.0 0.0 0.0 0.0 0.0 1.19209e-07 0.0 0.0 0.0 0.0 3.27826e-07 0.0 0.0 0.0 1.49012e-07 0.0 0.0 0.0 0.0 0.0 0.0 0.0 0.0 0.0 0.0 0.0 0.0 0.0 0.0 0.0
0.0 0.0 0.0 0.0 0.0 0.0 0.0 0.0 0.0 0.0 0.0 0.0 0.0 0.0 0.0 0.0 0.0 0.0 0.0 0.0 0.0 0.0 0.0 0.0 0.0 0.0 0.0 0.0 0.0 0.0 0.0 0.0 0.0 0.0 0.0 0.0 0.0 0.0 0.0 0.0 0.0 0.0 0.0 0.0 0.0 0.0 0.0 0.0 0.0 0.0 0.0 0.0 0.0 0.0 0.0 0.0 0.0 0.0 0.0 0.0 0.999987 0.0 0.0 0.0
0.00013265 0.0753746 0.0 0.0 0.0 0.0 0.0 0.0 0.0 0.0 0.0 0.00118014 0.0 0.0180316 0.0 0.0 0.0 0.0 0.134404 0.0 0.0 0.0 0.0 0.0 0.0 5.96046e-08 0.0 0.0 0.0 0.0 0.0 0.0 0.0 0.023634 0.0 0.0 0.0 0.0 0.0 0.0 0.0 0.0 0.425307 0.0 0.0287015 0.0 0.0 0.00176725 0.119596 0.0 0.0 0.0 0.0 0.0 0.0 0.0 0.0 0.0 0.0 0.0 0.0 0.0 0.0 0.0
0.0 0.0 0.0 0.0 0.0 0.00190169 0.0 0.0 0.0 0.0 0.0 0.0 0.0 0.0 0.0 0.0 0.0 1.14739e-05 0.0 0.00344113 0.0 0.0 0.0 0.0 0.0 0.0 0.999963 0.0 0.0 0.0 0.0 0.0 0.0 0.0 0.0 0.0 0.0 0.0 0.0 0.0 0.0 0.0 0.0 0.0 0.0 0.0 0.0 0.0 0.0 0.0 0.0 0.0 0.0 0.0 0.0 0.0 0.0 0.0 0.0 0.0 0.0 0.0 0.0 0.0
0.0 0.0 0.0 0.0 0.0 0.0 0.0 0.0 0.0 0.0 0.0 0.0 0.0 0.0 0.0 0.999488 0.0 0.0 0.0 0.0 0.0 0.0 0.0 0.0 0.0 0.0 0.0 0.0 0.0 0.0 0.0 8.9407e-08 0.0 0.0 0.0 0.0 2.98023e-07 0.0 0.0 0.0 0.0 0.0 0.0 0.0 0.0 0.0 0.0 0.0 0.0 0.0 0.0 0.0 0.0 0.0 0.0 0.0 0.0 2.65241e-06 0.0 0.0 0.0 0.0 0.0 0.0
0.00283831 0.00931492 0.0 0.0 0.0 0.0 0.0 0.0 0.0 0.0 0.0 0.69048 0.0 1.96099e-05 0.0 0.0 0.0 0.0 0.0470856 0.0 0.0 0.0 0.0 0.0 0.0 2.16365e-05 0.0 0.0 0.0 0.0 0.0 0.0 0.0 0.29408 0.0 0.0 0.0 0.0 0.0 0.0 0.0 0.0 0.0204862 0.0 0.949501 0.0 0.0 0.077794 0.00580969 0.0 0.0 0.0 0.0 0.0 0.0 0.0 0.0 0.0 0.0 7.15256e-07 0.0 0.0 0.0 0.0
0.0 0.0 0.0 0.0 0.999803 0.0 0.000203431 0.0 0.0 0.0 0.0 0.0 0.0 0.0 0.0 0.0 0.0 0.0 0.0 0.0 0.0 0.0 0.0 0.0 0.0 0.0 0.0 0.0 0.0 0.0 0.0 0.0 0.0 0.0 0.0 0.0 0.0 0.0 0.0 0.0 0.0 0.0 0.0 0.0 0.0 0.0 0.0 0.0 0.0 0.0 0.0 0.0 0.0 0.0 0.0 0.0 0.0 0.0 0.0 0.0 0.0 2.68221e-07 0.0 0.0
0.0 0.0 0.0 0.0 0.0 0.0 0.0 0.0 0.0 0.0 0.0 0.0 0.0 0.0 0.0 0.0 0.0 0.0 0.0 0.0 0.0 0.0 0.0 0.0 0.0 0.0 0.0 0.0 0.0 0.0 0.0 0.0 0.0 0.0 0.0 0.0 0.0 0.0 0.0 0.0 0.0 0.0 0.0 0.0 0.0 0.998138 0.0 0.0 0.0 0.0 0.0 0.0 0.0 0.0 0.0 0.0 0.0 0.0 0.0 0.0 0.0 0.0 0.0 0.0
0.00302467 0.627263 0.0 0.0 0.0 0.0 0.0 0.0 0.0 0.0 0.0 0.00255388 0.0 0.0192103 0.0 0.0 0.0 0.0 0.948245 0.0 0.0 0.0 0.0 0.0 0.0 1.19209e-07 0.0 0.0 0.0 0.0 0.0 0.0 0.0 0.358921 0.0 0.0 0.0 0.0 0.0 0.0 0.0 0.0 0.946709 0.0 0.0700916 0.0 0.0 0.0939947 0.992135 0.0 0.0 0.0 0.0 0.0 0.0 0.0 0.0 0.0 0.0 5.96046e-08 0.0 0.0 0.0 0.0
0.0 0.0 0.0 0.0 0.0 0.0 0.0 0.0 0.0 0.246382 0.0 0.0 0.0 0.0 0.0 0.0 0.0 0.0 0.0 0.0 0.0 0.896176 0.0 0.0 0.0 0.0 0.0 0.0 0.0 0.0 0.0 0.0 0.0 0.0 0.0 0.0 0.0 0.0 0.0 5.87702e-05 0.0 0.0 0.0 0.0 0.0 0.0 0.0 0.0 0.0 0.0 0.0 0.0 0.0 0.0 0.0 0.0 0.0 0.0 0.0 6.25849e-07 0.0 0.0 0.0 0.0
0.0 0.0 0.0 0.0 0.0 0.0 0.0 0.0 0.0 0.0 1.01328e-06 0.0 0.99724 0.0 3.27826e-07 0.0 2.68221e-07 0.0 0.0 0.0 0.0 0.0 2.98023e-08 1.89841e-05 0.0 0.0 0.0 0.0 2.16961e-05 9.08971e-06 0.0 0.0 0.0 0.0 0.0 1.19209e-07 0.0 1.15633e-05 0.0 0.0 0.000303984 1.40071e-06 0.0 0.0 0.0 0.0 0.0 0.0 0.0 0.0 0.0 0.0 3.27826e-07 1.19209e-07 0.0 0.000368357 9.53674e-07 0.0 0.000125706 0.0 0.0 0.0 0.0 0.4987
0.991717 1.19209e-07 0.0 0.0 0.0 0.0 0.0 0.0 0.0 0.0 0.0 0.631743 0.0 0.0 0.0 0.0 0.0 0.0 1.10269e-06 0.0 0.0 0.0 0.0 0.0 0.0 7.45952e-05 0.0 0.0 0.0 0.0 0.0 0.0 0.0 0.00246215 0.0 0.0 0.0 0.0 0.0 0.0 0.0 0.0 3.45707e-06 0.0 2.34544e-05 0.0 0.0 0.000162989 6.09457e-05 0.0 0.0 0.0 0.0 0.0 0.0 0.0 0.0 0.0 0.0 0.000114977 0.0 0.0 0.0 0.0
0.0 0.0 0.0 0.0 0.0 0.0 0.0 0.0 0.0 0.0 0.0 0.0 1.03116e-05 0.0 0.0 0.0 0.0 0.0 0.0 0.0 0.0 0.0 0.0 0.0 0.0 0.0 0.0 0.0 0.0 0.0 0.0 0.0 0.0 0.0 0.0 0.0 0.0 0.0 0.0 0.0 0.999677 0.0 0.0 0.0 0.0 0.0 0.0 0.0 0.0 0.0 0.0 0.0 0.00338012 0.0 0.0 0.0 0.0 0.0 5.96046e-08 0.0 0.0 0.0 0.0 7.53999e-06
1.19209e-07 0.999253 0.0 0.0 0.0 0.0 0.0 0.0 0.0 0.0 0.0 4.17233e-07 0.0 0.144864 0.0 0.0 0.0 0.0 0.000260532 0.0 0.0 0.0 0.0 0.0 0.0 0.0 0.0 0.0 0.0 0.0 0.0 0.0 0.0 3.56734e-05 0.0 0.0 0.0 0.0 0.0 0.0 0.0 0.0 0.959574 0.0 0.000852585 0.0 0.0 1.11163e-05 0.570753 0.0 0.0 0.0 0.0 0.0 0.0 0.0 0.0 0.0 0.0 0.0 0.0 0.0 0.0 0.0
0.0 0.0 0.0 0.0 0.0 0.0 0.0 0.0 0.0 0.0 5.64456e-05 0.0 0.0 0.0 4.76837e-07 0.0 1.19209e-07 0.0 0.0 0.0 0.00196207 0.0 0.0 0.000855118 0.0 0.0 0.0 0.0 6.88434e-06 1.73151e-05 0.0179332 0.0 0.0 0.0 0.0 1.49012e-07 0.0 0.00028497 0.0 0.0 0.0 2.80142e-06 0.0 0.975164 0.0 0.0 0.0 0.0 0.0 0.00019905 0.0 0.0116074 8.9407e-08 1.19209e-07 0.0 0.0 0.00106633 0.0 0.00425774 0.0 0.0 0.0 0.0 0.0
0.0 0.0 0.0 0.0 0.0 0.0 0.0 0.0 0.0 0.0 0.0 0.0 0.0 0.0 0.0 0.0 0.0 0.0 0.0 0.0 0.0 0.0 0.0 0.0 0.999999 0.0 0.0 0.0 0.0 0.0 0.0 0.0 0.0 0.0 0.0 0.0 0.0 0.0 0.0 0.0 0.0 0.0 0.0 0.0 0.0 0.0 0.0 0.0 0.0 0.0 0.0 0.0 0.0 0.0 0.0 0.0 0.0 0.0 0.0 0.0 0.0 0.0 0.0 0.0
0.0 0.0 0.0 0.0 0.0 0.0 0.0 0.0 0.0 0.0 0.972208 0.0 2.48551e-05 0.0 0.926838 0.0 0.972956 0.0 0.0 0.0 0.206209 0.0 0.784472 0.601351 0.0 0.0 0.0 0.0 0.937156 0.908127 5.96046e-08 0.0 0.0 0.0 0.0 0.976118 0.0 0.85103 0.0 0.0 0.0 0.983321 0.0 0.0 0.0 0.0 0.0 0.0 0.0 0.0 0.0 0.000211328 0.0 0.969158 0.0 0.0 0.130139 0.0 0.000472456 0.0 0.0 0.0 0.0 0.0
0.00112849 0.321346 0.0 0.0 0.0 0.0 0.0 0.0 0.0 0.0 0.0 0.00123909 0.0 0.345134 0.0 0.0 0.0 0.0 0.946939 0.0 0.0 0.0 0.0 0.0 0.0 8.9407e-08 0.0 0.0 0.0 0.0 0.0 0.0 0.0 0.385494 0.0 0.0 0.0 0.0 0.0 0.0 0.0 0.0 0.862365 0.0 0.010894 0.0 0.0 0.0347658 0.990625 0.0 0.0 0.0 0.0 0.0 0.0 0.0 0.0 0.0 0.0 1.49012e-07 0.0 0.0 0.0 0.0
0.027346 0.000830948 0.0 0.0 0.0 0.0 0.0 0.0 0.0 0.0 0.0 0.70657 0.0 2.98023e-07 0.0 0.0 0.0 0.0 0.146712 0.0 0.0 0.0 0.0 0.0 0.0 7.15256e-07 0.0 0.0 0.0 0.0 0.0 0.0 0.0 0.515437 0.0 0.0 0.0 0.0 0.0 0.0 0.0 0.0 0.00271252 0.0 0.979772 0.0 0.0 0.258842 0.03839 0.0 0.0 0.0 0.0 0.0 0.0 0.0 0.0 0.0 0.0 4.26173e-06 0.0 0.0 0.0 0.0
0.0 0.0 0.0 0.0 0.0 0.994804 0.0 0.0 0.0 0.0 0.0 0.0 0.0 0.0 0.0 0.0 0.0 0.101107 0.0 0.686584 0.0 0.0 0.0 0.0 0.0 0.0 0.0052627 0.0 0.0 0.0 0.0 0.0 0.0 0.0 0.0 0.0 0.0 0.0 0.0 0.0 0.0 0.0 0.0 0.0 0.0 0.0 0.0 0.0 0.0 0.0 0.0 0.0 0.0 0.0 0.0 0.0 0.0 0.0 0.0 0.0 0.0 0.0 0.0 0.0
0.0 0.0 0.0 0.0 0.0 0.0 0.0 0.0 0.0 0.0 0.972961 0.0 3.47793e-05 0.0 0.90332 0.0 0.974196 0.0 0.0 0.0 0.211466 0.0 0.761889 0.627233 0.0 0.0 0.0 0.0 0.954977 0.9234 5.96046e-08 0.0 0.0 0.0 0.0 0.96619 0.0 0.912001 0.0 0.0 0.0 0.978276 0.0 2.98023e-08 0.0 0.0 0.0 0.0 0.0 0.0 0.0 0.000305444 0.0 0.974984 0.0 0.0 0.196878 0.0 0.000785023 0.0 0.0 0.0 0.0 0.0
5.66244e-07 0.0 0.0 0.0 0.0 0.0 0.0 0.0 0.0 0.0 0.0 5.96046e-08 0.0 0.0 0.0 0.0 0.0 0.0 0.0 0.0 0.0 8.9407e-08 0.0 0.0 0.0 2.98023e-08 0.0 0.0 0.0 0.0 0.0 0.0 0.0 0.0 0.0 0.0 0.0 0.0 0.0 0.982748 0.0 0.0 0.0 0.0 0.0 0.0 0.0 0.0 0.0 0.0 0.0 0.0 0.0 0.0 0.0 0.0 0.0 0.0 0.0 0.017496 0.0 0.0 0.0 0.0
0.0 0.0 0.0 0.0 0.0 0.0 0.0 0.0 0.0 0.0 0.969517 0.0 0.000139207 0.0 0.734791 0.0 0.840128 0.0 0.0 0.0 0.398914 0.0 0.167728 0.952764 0.0 0.0 0.0 0.0 0.977367 0.976703 5.63264e-06 0.0 0.0 0.0 0.0 0.76369 0.0 0.981691 0.0 0.0 0.0 0.949766 0.0 1.51992e-06 0.0 0.0 0.0 0.0 0.0 0.0 0.0 0.0102428 0.0 0.799445 0.0 0.0 0.765166 0.0 0.0284662 0.0 0.0 0.0 0.0 3.27826e-07
0.0 0.0 0.0 0.0 0.0 0.0 0.0 0.0 0.0 0.0 0.940458 0.0 2.14875e-05 0.0 0.977404 0.0 0.931818 0.0 0.0 0.0 0.345489 0.0 0.712902 0.920813 0.0 0.0 0.0 0.0 0.926288 0.860818 2.38419e-07 0.0 0.0 0.0 0.0 0.913481 0.0 0.769817 0.0 0.0 0.0 0.986345 0.0 1.78814e-07 0.0 0.0 0.0 0.0 0.0 0.0 0.0 0.000576973 0.0 0.881294 0.0 0.0 0.107787 0.0 0.000938505 0.0 0.0 0.0 0.0 5.96046e-08
0.0 0.0 0.00018388 0.0 9.23872e-07 0.0 1.60933e-06 0.0 0.0 0.0 0.0 0.0 0.0 0.0 0.0 0.0 0.0 0.0 0.0 0.0 0.0 0.0 0.0 0.0 0.0 0.0 0.0 0.0 0.0 0.0 0.0 0.0 0.0 0.0 0.0 0.0 0.0 0.0 0.0 0.0 0.0 0.0 0.0 0.0 0.0 0.0 1.19209e-07 0.0 0.0 0.0 1.19209e-07 0.0 0.0 0.0 0.0 0.0 0.0 0.0 0.0 0.0 0.0 0.998384 0.0 0.0
1.78814e-07 0.884305 0.0 0.0 0.0 0.0 0.0 0.0 0.0 0.0 0.0 2.08616e-07 0.0 0.523318 0.0 0.0 0.0 0.0 0.000106305 0.0 0.0 0.0 0.0 0.0 0.0 0.0 0.0 0.0 0.0 0.0 0.0 0.0 0.0 2.563e-06 0.0 0.0 0.0 0.0 0.0 0.0 0.0 0.0 0.999571 0.0 4.09186e-05 0.0 0.0 2.08616e-07 0.664236 0.0 0.0 0.0 0.0 0.0 0.0 0.0 0.0 0.0 0.0 0.0 0.0 0.0 0.0 0.0
0.0 0.0 0.0 0.0 0.0 0.948763 0.0 0.0 0.0 0.0 0.0 0.0 0.0 0.0 0.0 0.0 0.0 0.298634 0.0 0.999836 0.0 0.0 0.0 0.0 0.0 0.0 0.73296 0.0 0.0 0.0 0.0 0.0 0.0 0.0 0.0 0.0 0.0 0.0 0.0 0.0 0.0 0.0 0.0 0.0 0.0 0.0 0.0 0.0 0.0 0.0 0.0 0.0 0.0 0.0 0.0 0.0 0.0 0.0 0.0 0.0 0.0 0.0 0.0 0.0
0.0 0.0 0.0 0.999999 0.0 0.0 0.0 0.0 0.0 0.0 0.0 0.0 0.0 0.0 0.0 0.0 0.0 0.0 0.0 0.0 0.0 0.0 0.0 0.0 0.0 0.0 0.0 0.0 0.0 0.0 0.0 0.0 0.0 0.0 0.0 0.0 0.0 0.0 0.0 0.0 0.0 0.0 0.0 0.0 0.0 0.0 0.0 0.0 0.0 0.0 0.0 0.0 0.0 0.0 0.0 0.0 0.0 0.0 0.0 0.0 0.0 0.0 0.0 0.0
0.0 0.0 0.0 0.0 0.0 0.0 0.0 0.0 0.0 0.0 0.00356007 0.0 6.25849e-07 0.0 5.48363e-06 0.0 4.44055e-06 0.0 0.0 0.0 0.0187572 0.0 8.9407e-08 0.0068506 0.0 0.0 0.0 0.0 0.000161439 0.00110763 0.00571671 0.0 0.0 0.0 0.0 3.24845e-06 0.0 0.0118599 0.0 0.0 0.0 8.5324e-05 0.0 0.00114593 0.0 0.0 0.0 0.0 0.0 3.8743e-07 0.0 0.0439574 1.06692e-05 2.95043e-06 0.0 0.0 0.0462835 0.0 0.983077 0.0 0.0 0.0 0.0 1.69873e-06
0.0 0.0 0.0 0.0 0.0 0.0 0.0 0.0 0.0 0.0 0.000408381 0.0 0.0 0.0 2.98023e-07 0.0 1.49012e-07 0.0 0.0 0.0 0.0483818 0.0 0.0 0.000812232 0.0 0.0 0.0 0.0 7.03335e-06 5.68628e-05 0.987032 0.0 0.0 0.0 0.0 1.78814e-07 0.0 0.00109649 0.0 0.0 0.0 3.9041e-06 0.0 0.00730324 0.0 0.0 0.0 0.0 0.0 2.98023e-08 0.0 0.603016 1.78814e-07 1.78814e-07 0.0 0.0 0.0101563 0.0 0.00298524 0.0 0.0 0.0 0.0 0.0
0.0 0.0 0.0 0.0 0.0 0.0 0.0 0.0 0.0 0.0 0.0 0.0 0.0 0.0 0.0 0.0 0.0 0.0 0.0 0.0 0.0 0.0 0.0 0.0 0.0 0.0 0.0 0.0 0.0 0.0 0.0 0.0 0.0 0.0 0.0 0.0 0.0 0.0 0.996658 0.0 0.0 0.0 0.0 0.0 0.0 0.0 0.0 0.0 0.0 0.0 0.0 0.0 0.0 0.0 0.0 0.0 0.0 0.0 0.0 0.0 0.0 0.0 0.0 0.0
0.0 0.0 0.0 0.0 0.0 0.0 0.0 0.0 0.0 0.0 0.0 0.0 0.0 0.0 0.0 0.0 0.0 0.0 0.0 0.0 0.0 0.0 0.0 0.0 0.0 0.0 0.0 0.0 0.0 0.0 0.0 0.0 0.0 0.0 0.999957 0.0 0.0 0.0 0.0 0.0 0.0 0.0 0.0 0.0 0.0 0.0 0.0 0.0 0.0 0.0 0.0 0.0 0.0 0.0 0.0 0.0 0.0 0.0 0.0 0.0 0.0 0.0 0.0 0.0
0.0 0.0 0.0 0.0 0.0 0.0 0.0 0.0 0.0 0.0 0.0 0.0 0.0 0.0 0.0 0.0 0.0 0.0 0.0 0.0 0.0 0.0 0.0 0.0 0.0 0.0 0.0 0.0 0.0 0.0 0.0 1.49608e-05 0.00527492 0.0 0.0 0.0 0.0977233 0.0 0.0 0.0 0.0 0.0 0.0 0.0 0.0 0.0 0.0 0.0 0.0 0.0 0.0 0.0 0.0 0.0 0.986915 0.0 0.0 9.15229e-05 0.0 0.0 0.0 0.0 0.0 0.0
3.27826e-07 0.000444442 0.0 0.0 0.0 0.0 0.0 0.0 0.0 0.0 0.0 1.54972e-06 0.0 0.000662923 0.0 0.0 0.0 0.0 0.975795 0.0 0.0 0.0 0.0 0.0 0.0 0.0 0.0 0.0 0.0 0.0 0.0 0.0 0.0 0.0920714 0.0 0.0 0.0 0.0 0.0 0.0 0.0 0.0 0.00197327 0.0 0.00137705 0.0 0.0 0.0158763 0.0114176 0.0 0.0 0.0 0.0 0.0 0.0 0.0 0.0 0.0 0.0 0.0 0.0 0.0 0.0 0.0
0.0 0.0 0.0 0.0 0.0 0.0 0.0 0.999567 0.0 0.0 0.0 0.0 0.0 0.0 0.0 0.0 0.0 0.0 0.0 0.0 0.0 0.0 0.0 0.0 0.0 0.0 0.0 0.0 0.0 0.0 0.0 0.0 0.0 0.0 0.0 0.0 0.0 0.0 0.0 0.0 0.0 0.0 0.0 0.0 0.0 0.0 0.0 0.0 0.0 0.0 0.0 0.0 0.0 0.0 0.0 0.0 0.0 0.0 0.0 0.0 0.0 0.0 0.0 0.0
0.0 0.0 0.0 0.0 0.0 0.0 0.0 0.0 0.0 0.0 0.880811 0.0 1.46031e-06 0.0 0.015845 0.0 0.0163428 0.0 0.0 0.0 0.925954 0.0 0.000241339 0.807964 0.0 0.0 0.0 0.0 0.246147 0.675715 0.0168762 0.0 0.0 0.0 0.0 0.0153841 0.0 0.950546 0.0 0.0 0.0 0.197544 0.0 0.000142455 0.0 0.0 0.0 0.0 0.0 0.0 0.0 0.864245 7.15256e-07 0.0111723 0.0 0.0 0.974001 0.0 0.280157 0.0 0.0 0.0 0.0 3.27826e-07
0.0 0.0 0.0 0.0 0.0 0.0 0.0 0.0 0.0 0.0 0.0 0.0 0.0 0.0 0.0 2.44379e-06 0.0 0.0 0.0 0.0 0.0 0.0 0.0 0.0 0.0 0.0 0.0 0.0 0.0 0.0 0.0 0.379961 0.0 0.0 0.0 0.0 0.0062376 0.0 0.0 0.0 0.0 0.0 0.0 0.0 0.0 0.0 0.0 0.0 0.0 0.0 0.0 0.0 0.0 0.0 1.22488e-05 0.0 0.0 0.998621 0.0 0.0 0.0 0.0 0.0 0.0
0.0 0.0 0.0 0.0 0.0 0.0 0.0 0.0 0.0 0.0 0.223252 0.0 0.0 0.0 0.000254035 0.0 0.000184089 0.0 0.0 0.0 0.888875 0.0 2.20537e-06 0.230055 0.0 0.0 0.0 0.0 0.00523365 0.0367251 0.747389 0.0 0.0 0.0 0.0 0.000174075 0.0 0.36595 0.0 0.0 0.0 0.00360024 0.0 0.00478065 0.0 0.0 0.0 0.0 0.0 2.98023e-08 0.0 0.973379 1.10269e-06 0.000128746 0.0 0.0 0.700289 0.0 0.0575734 0.0 0.0 0.0 0.0 8.9407e-08
0.0 0.0 0.0 0.0 0.0 0.0 0.0 0.0 0.958944 0.0 0.0 0.0 0.0 0.0 0.0 0.0 0.0 7.7486e-07 0.0 0.0 0.0 0.0 0.0 0.0 0.0 0.0 0.0 0.0 0.0 0.0 0.0 0.0 0.0 0.0 0.0 0.0 0.0 0.0 0.0 0.0 0.0 0.0 0.0 0.0 0.0 0.0 0.0 0.0 0.0 0.0 0.0 0.0 0.0 0.0 0.0 0.0 0.0 0.0 0.0 0.0 0.0 0.0 0.997096 0.0
2.24113e-05 0.0 0.0 0.0 0.0 0.0 0.0 0.0 0.0 0.0 0.0 0.000100255 0.0 0.0 0.0 0.0 0.0 0.0 2.08616e-07 0.0 0.0 0.0 0.0 0.0 0.0 0.0 0.0 0.0 0.0 0.0 0.0 0.0 0.0 1.49012e-05 0.0 0.0 0.0 0.0 0.0 9.77516e-06 0.0 0.0 0.0 0.0 3.69549e-05 0.0 0.0 0.0104263 0.0 0.0 0.0 0.0 0.0 0.0 0.0 0.0 0.0 0.0 0.0 0.953954 0.0 0.0 0.0 0.0
0.0 0.0 0.0 0.0 0.0 0.0 0.0 0.0 0.0 0.0 0.0 0.0 0.0 0.0 0.0 0.0 0.0 0.0 0.0 0.0 0.0 0.0 0.0 0.0 0.0 0.0 0.0 0.99999 0.0 0.0 0.0 0.0 0.0 0.0 0.0 0.0 0.0 0.0 0.0 0.0 0.0 0.0 0.0 0.0 0.0 0.0 0.0 0.0 0.0 0.0 0.0 0.0 0.0 0.0 0.0 0.0 0.0 0.0 0.0 0.0 0.0 0.0 0.0 0.0
0.0 0.0 0.0 0.0 0.0 0.0 0.0 0.0 0.0 0.0 0.961438 0.0 4.57764e-05 0.0 0.941828 0.0 0.974711 0.0 0.0 0.0 0.137644 0.0 0.843785 0.68879 0.0 0.0 0.0 0.0 0.951896 0.920051 1.49012e-07 0.0 0.0 0.0 0.0 0.972234 0.0 0.85619 0.0 0.0 0.0 0.985352 0.0 0.0 0.0 0.0 0.0 0.0 0.0 0.0 0.0 0.00017637 0.0 0.96482 0.0 0.0 0.118272 0.0 0.000481039 0.0 0.0 0.0 0.0 5.96046e-08
2.26498e-06 0.612792 0.0 0.0 0.0 0.0 0.0 0.0 0.0 0.0 0.0 1.81794e-06 0.0 0.106456 0.0 0.0 0.0 0.0 0.00135481 0.0 0.0 0.0 0.0 0.0 0.0 0.0 0.0 0.0 0.0 0.0 0.0 0.0 0.0 0.000561029 0.0 0.0 0.0 0.0 0.0 0.0 0.0 0.0 0.934369 0.0 6.83963e-05 0.0 0.0 6.25849e-07 0.998887 0.0 0.0 0.0 0.0 0.0 0.0 0.0 0.0 0.0 0.0 0.0 0.0 0.0 0.0 0.0
0.0 0.0 2.98023e-07 0.0 0.0 0.0 0.0 0.0 0.0 0.0 0.0 0.0 0.0 0.0 0.0 0.0 0.0 0.0 0.0 0.0 0.0 0.0 0.0 0.0 0.0 0.0 0.0 0.0 0.0 0.0 7.45058e-07 0.0 0.0 0.0 0.0 0.0 0.0 0.0 0.0 0.0 0.0 0.0 0.0 0.000379771 0.0 0.0 8.40425e-06 0.0 0.0 0.982451 0.000159502 1.19209e-07 0.0 0.0 0.0 0.0 0.0 0.0 1.13249e-06 0.0 0.0 0.0 0.0 0.0
0.059518 3.85046e-05 0.0 0.0 0.0 0.0 0.0 0.0 0.0 0.0 0.0 0.000200868 0.0 5.96046e-08 0.0 0.0 0.0 0.0 0.000599712 0.0 0.0 0.0 0.0 0.0 0.0 2.08616e-07 0.0 0.0 0.0 0.0 0.0 0.0 0.0 0.250441 0.0 0.0 0.0 0.0 0.0 5.96046e-08 0.0 0.0 9.39965e-05 0.0 3.5882e-05 0.0 0.0 0.102484 0.000345051 0.0 0.0 0.0 0.0 0.0 0.0 0.0 0.0 0.0 0.0 0.000238955 0.0 0.0 0.0 0.0
0.00383937 0.311774 0.0 0.0 0.0 0.0 0.0 0.0 0.0 0.0 0.0 0.00168899 0.0 0.00757229 0.0 0.0 0.0 0.0 0.762895 0.0 0.0 0.0 0.0 0.0 0.0 2.98023e-08 0.0 0.0 0.0 0.0 0.0 0.0 0.0 0.229757 0.0 0.0 0.0 0.0 0.0 0.0 0.0 0.0 0.955452 0.0 0.00727972 0.0 0.0 0.00575173 0.998548 0.0 0.0 0.0 0.0 0.0 0.0 0.0 0.0 0.0 0.0 2.98023e-08 0.0 0.0 0.0 0.0
0.0 0.0 0.0 0.0 0.0 3.57628e-07 0.0 0.0 0.990864 0.0 0.0 0.0 0.0 0.0 0.0 0.0 0.0 1.34408e-05 0.0 0.0 0.0 0.0 0.0 0.0 0.0 0.0 0.0 0.0 0.0 0.0 0.0 0.0 0.0 0.0 0.0 0.0 0.0 0.0 0.0 0.0 0.0 0.0 0.0 0.0 0.0 0.0 0.0 0.0 0.0 0.0 0.0 0.0 0.0 0.0 0.0 0.0 0.0 0.0 0.0 0.0 0.0 0.0 0.747136 0.0
0.00763565 0.00437239 0.0 0.0 0.0 0.0 0.0 0.0 0.0 0.0 0.0 0.0357147 0.0 2.86996e-05 0.0 0.0 0.0 0.0 0.157097 0.0 0.0 0.0 0.0 0.0 0.0 2.34246e-05 0.0 0.0 0.0 0.0 0.0 0.0 0.0 0.999283 0.0 0.0 0.0 0.0 0.0 0.0 0.0 0.0 0.00432786 0.0 0.0560203 0.0 0.0 0.0490365 0.0197394 0.0 0.0 0.0 0.0 0.0 0.0 0.0 0.0 0.0 0.0 4.17233e-07 0.0 0.0 0.0 0.0
0.0 0.0341218 0.0 0.0 0.0 0.0 0.0 0.0 0.0 0.0 0.0 0.0 0.0 0.997461 0.0 0.0 0.0 0.0 3.36766e-06 0.0 0.0 0.0 0.0 0.0 0.0 0.0 0.0 0.0 0.0 0.0 0.0 0.0 0.0 0.0 0.0 0.0 0.0 0.0 0.0 0.0 0.0 0.0 0.0216148 0.0 0.0 0.0 0.0 0.0 0.000610501 0.0 0.0 0.0 0.0 0.0 0.0 0.0 0.0 0.0 0.0 0.0 0.0 0.0 0.0 0.0
0.0 0.0 0.0 0.0 0.0 0.0 0.0 0.0 0.0 0.0 0.969508 0.0 0.000211269 0.0 0.789974 0.0 0.770878 0.0 0.0 0.0 0.352707 0.0 0.150223 0.983615 0.0 0.0 0.0 0.0 0.962959 0.967982 6.31809e-06 0.0 0.0 0.0 0.0 0.726631 0.0 0.982323 0.0 0.0 2.98023e-08 0.967172 0.0 1.69873e-06 0.0 0.0 0.0 0.0 0.0 0.0 0.0 0.0113528 0.0 0.706317 0.0 0.0 0.754954 0.0 0.0268707 0.0 0.0 0.0 0.0 8.64267e-07
0.0 0.0 0.0 0.0 0.0 0.109609 0.0 0.0 0.0 0.0 0.0 0.0 0.0 0.0 0.0 0.0 0.0 0.830802 0.0 0.005108 0.0 0.0 0.0 0.0 0.0 0.0 0.000423133 0.0 0.0 0.0 0.0 0.0 0.0 0.0 0.0 0.0 0.0 0.0 0.0 0.0 0.0 0.0 0.0 0.0 0.0 0.0 0.0 0.0 0.0 0.0 0.0 0.0 0.0 0.0 0.0 0.0 0.0 0.0 0.0 0.0 0.0 0.0 0.0 0.0
0.0 0.0 0.615303 0.0 0.0 0.0 0.0 0.0 0.0 0.0 0.0 0.0 0.0 0.0 0.0 0.0 0.0 0.0 0.0 0.0 0.0 0.0 0.0 0.0 0.0 0.0 0.0 0.0 0.0 0.0 0.0 0.0 0.0 0.0 0.0 0.0 0.0 0.0 0.0 0.0 0.0 0.0 0.0 0.0 0.0 0.0 0.995468 0.0 0.0 4.22895e-05 0.95778 0.0 0.0 0.0 0.0 0.0 0.0 0.0 0.0 0.0 0.0 1.19209e-07 0.0 0.0
0.0 0.0 0.0743186 0.0 0.0 0.0 0.0 0.0 0.0 0.0 0.0 0.0 0.0 0.0 0.0 0.0 0.0 0.0 0.0 0.0 0.0 0.0 0.0 0.0 0.0 0.0 0.0 0.0 0.0 0.0 0.0 0.0 0.0 0.0 0.0 0.0 0.0 0.0 0.0 0.0 0.0 0.0 0.0 0.0 0.0 0.0 0.805663 0.0 0.0 0.000199944 0.997368 0.0 0.0 0.0 0.0 0.0 0.0 0.0 0.0 0.0 0.0 5.96046e-08 0.0 0.0
0.0 0.0 0.0 0.0 0.0 0.0 0.0 0.0 0.0 0.0 0.651644 0.0 6.32703e-05 0.0 0.942418 0.0 0.972213 0.0 0.0 0.0 0.00494236 0.0 0.968273 0.252524 0.0 0.0 0.0 0.0 0.898243 0.509224 0.0 0.0 0.0 0.0 0.0 0.963917 0.0 0.322989 0.0 0.0 0.0 0.963142 0.0 0.0 0.0 0.0 0.0 0.0 0.0 0.0 0.0 4.50015e-06 0.0 0.962921 0.0 0.0 0.00432283 0.0 1.87159e-05 0.0 0.0 0.0 0.0 0.0
0.0 0.0 0.0 0.0 0.0 0.0 0.0 0.0 0.0 0.0 0.0 0.0 0.0 0.0 0.0 1.2815e-06 0.0 0.0 0.0 0.0 0.0 0.0 0.0 0.0 0.0 0.0 0.0 0.0 0.0 0.0 0.0 0.000338405 7.7486e-07 0.0 0.0 0.0 0.998996 0.0 0.0 0.0 0.0 0.0 0.0 0.0 0.0 0.0 0.0 0.0 0.0 0.0 0.0 0.0 0.0 0.0 0.0606225 0.0 0.0 0.00530544 0.0 0.0 0.0 0.0 0.0 0.0
0.0 0.0 0.0 0.0 2.98023e-06 0.0 0.999997 0.0 0.0 0.0 0.0 0.0 0.0 0.0 0.0 0.0 0.0 0.0 0.0 0.0 0.0 0.0 0.0 0.0 0.0 0.0 0.0 0.0 0.0 0.0 0.0 0.0 0.0 0.0 0.0 0.0 0.0 0.0 0.0 0.0 0.0 0.0 0.0 0.0 0.0 0.0 0.0 0.0 0.0 0.0 0.0 0.0 0.0 0.0 0.0 0.0 0.0 0.0 0.0 0.0 0.0 1.19209e-07 0.0 0.0
0.0 0.0 0.0 0.0 0.0 0.0 0.0 0.0 0.0 0.0 0.988299 0.0 2.78652e-05 0.0 0.808793 0.0 0.862478 0.0 0.0 0.0 0.837957 0.0 0.178537 0.947247 0.0 0.0 0.0 0.0 0.948747 0.970638 9.86457e-06 0.0 0.0 0.0 0.0 0.848836 0.0 0.975733 0.0 0.0 0.0 0.973682 0.0 6.85453e-07 0.0 0.0 0.0 0.0 0.0 0.0 0.0 0.0219761 0.0 0.833827 0.0 0.0 0.80866 0.0 0.0174636 0.0 0.0 0.0 0.0 2.38419e-07
0.0 0.0 0.0 0.0 0.0 0.0 0.0 0.0 0.0 0.0 0.0 0.0 0.0 0.0 0.0 2.98023e-08 0.0 0.0 0.0 0.0 0.0 0.0 0.0 0.0 0.0 0.0 0.0 0.0 0.0 0.0 0.0 0.998016 0.0 0.0 2.98023e-08 0.0 0.000984162 0.0 0.0 0.0 0.0 0.0 0.0 0.0 0.0 0.0 0.0 0.0 0.0 0.0 0.0 0.0 0.0 0.0 1.61529e-05 0.0 0.0 0.0237197 0.0 0.0 0.0 0.0 0.0 0.0
0.0 0.0 0.0 0.0 0.0 0.0 0.0 0.0 0.0 0.0 0.0 0.0 2.6226e-06 0.0 0.0 0.0 0.0 0.0 0.0 0.0 0.0 0.0 0.0 0.0 0.0 0.0 0.0 2.08616e-07 0.0 0.0 0.0 0.0 0.0 0.0 0.0 0.0 0.0 0.0 0.0 0.0 0.000309169 0.0 0.0 0.0 0.0 0.0 0.0 0.0 0.0 0.0 0.0 0.0 0.998461 0.0 0.0 0.0 0.0 0.0 1.78814e-07 0.0 0.0 0.0 0.0 0.00195605
0.00506052 0.000152975 0.0 0.0 0.0 0.0 0.0 0.0 0.0 0.0 0.0 0.000846773 0.0 2.08616e-07 0.0 0.0 0.0 0.0 0.266197 0.0 0.0 0.0 0.0 0.0 0.0 0.0 0.0 0.0 0.0 0.0 0.0 0.0 0.0 0.421243 0.0 0.0 0.0 0.0 0.0 0.0 0.0 0.0 0.00014466 0.0 0.0246241 0.0 0.0 0.980251 0.000299633 0.0 0.0 0.0 0.0 0.0 0.0 0.0 0.0 0.0 0.0 6.49691e-06 0.0 0.0 0.0 0.0
0.0 2.98023e-08 0.0 0.0 0.0 0.0 0.0 0.0 0.0 0.0 0.0 0.0 0.0 0.0016816 0.0 0.0 0.0 0.0 0.0 0.0 0.0 0.0 0.0 0.0 0.0 0.0 0.0 0.0 0.0 0.0 0.0 0.0 0.0 0.0 0.0 0.0 0.0 0.0 0.0 0.0 0.0 0.0 6.88434e-06 0.0 0.0 0.0 0.0 0.0 3.8743e-07 0.0 0.0 0.0 0.0 0.0 0.0 0.0 0.0 0.0 0.0 0.0 5.96046e-08 0.0 0.0 0.0
0.0 0.0 0.996137 0.0 1.19209e-07 0.0 0.0 0.0 0.0 0.0 0.0 0.0 0.0 0.0 0.0 0.0 0.0 0.0 0.0 0.0 0.0 0.0 0.0 0.0 0.0 0.0 0.0 0.0 0.0 0.0 0.0 0.0 0.0 0.0 0.0 0.0 0.0 0.0 0.0 0.0 0.0 0.0 0.0 0.0 0.0 0.0 0.747918 0.0 0.0 5.96046e-08 0.101263 0.0 0.0 0.0 0.0 0.0 0.0 0.0 0.0 0.0 0.0 0.000406235 0.0 0.0
0.0235072 0.622693 0.0 0.0 0.0 0.0 0.0 0.0 0.0 0.0 0.0 0.220006 0.0 0.00148451 0.0 0.0 0.0 0.0 0.90621 0.0 0.0 0.0 0.0 0.0 0.0 2.68221e-07 0.0 0.0 0.0 0.0 0.0 0.0 0.0 0.902129 0.0 0.0 0.0 0.0 0.0 0.0 0.0 0.0 0.652797 0.0 0.439039 0.0 0.0 0.236688 0.858263 0.0 0.0 0.0 0.0 0.0 0.0 0.0 0.0 0.0 0.0 3.8743e-07 0.0 0.0 0.0 0.0
0.0 0.0 0.0 0.0 0.0 0.0 0.0 0.0 0.0 0.0 0.0 0.0 0.000216424 0.0 0.0 0.0 0.0 0.0 0.0 0.0 0.0 0.0 0.0 0.0 0.0 0.0 0.0 0.0 0.0 0.0 0.0 0.0 0.0 0.0 0.0 0.0 0.0 0.0 0.0 0.0 0.0 0.0 0.0 0.0 0.0 0.0 0.0 0.0 0.0 0.0 0.0 0.0 0.0 0.0 0.0 0.999999 0.0 0.0 0.0 0.0 0.0 0.0 0.0 0.000679493
11 63 10 20 23 41 32 9 0 55 12 53 14 16 54 21 25 6 40 22 43 35 36 39 42 4 27 28 49 56 57 59 48 15 3 58 37 29 31 47 13 24 26 52 51 30 34 33 1 61 19 50 46 38 7 18 60 2 5 17 8 62 45 44
