8
1.49012e-07 0.0 6.42538e-05 0.0 0.0 0.0 1.43051e-06 0.0 0.0 0.0 0.0 0.0 0.0 0.000182509 0.0 0.0 0.0 5.53727e-05 0.0 0.0 0.951635 0.0 0.0 0.0 0.0 0.0 0.0 0.0 0.0 0.0 0.0 0.0 0.0 0.0 0.00415456 0.0 0.997223 0.0 0.0 0.0 0.0 0.0 0.0 0.0 0.000179708 0.0 0.0 0.0 0.14546 0.0 0.0 6.85453e-07 0.0 0.0 2.08616e-07 0.0 0.0 0.0383262 0.0 0.00019899 0.0 0.0 0.0 0.0
0.0 0.0 0.0 0.0 1.19209e-07 0.0 0.0 5.96046e-06 0.0 0.0 0.0 0.0 2.98023e-08 0.0 0.0 0.0 0.0 0.0 0.0 0.0 0.0 0.0 0.0 0.0 2.98023e-08 0.0 0.0 0.0 0.0 0.0 0.0 0.0 0.0 0.0 0.0 0.0 0.0 0.0 0.0 0.0 0.0 0.0 1.49012e-07 0.0 0.0 0.0 0.0 0.0 0.0 0.0 0.0 0.0 0.0 0.0 0.0 0.0 0.0 0.0 0.0 0.0 0.0 0.0 0.0 0.0
0.0 0.0 0.0 0.0 0.0 0.0 0.0 0.0 0.0 0.0 0.0 0.0 0.0 0.0 0.0 0.0 0.0 0.0 0.0 0.0 0.0 0.0 0.0 0.0 0.0 0.0 0.0 0.0 0.0 0.0 0.0 0.0 0.0 0.0 0.0 0.0 0.0 0.0 0.0 0.0 0.0 0.0 0.0 0.0 0.0 0.0 0.0 0.0 0.0 0.0 0.0 0.0 0.0 0.0 0.0 0.0 0.0 0.0 0.99994 0.0 0.0 0.0 0.0 0.0
1.19209e-07 0.0 0.0 0.0 0.0 0.0 0.0 0.0 0.0 0.0 0.0 0.0 0.0 0.0 0.0 0.0 0.0 0.0 0.0 0.0 1.508e-05 0.0 0.0 0.0 0.0 0.0 0.0 0.0 0.0 0.0 0.0 0.0 0.0 0.0 3.98755e-05 0.0 9.35793e-06 0.0 0.0 0.0 0.0 0.0 0.0 0.0 2.5034e-06 0.0 0.0 0.0 0.0621636 0.0 0.0 0.994357 0.0 2.98023e-08 8.9407e-08 0.0 0.0 0.0 0.0 0.0 0.0 0.0 0.0 0.0
0.0 0.0 0.0 0.0 0.0 0.0 0.0 0.0 1.49012e-07 0.0 0.998976 4.32134e-06 0.0 0.0 0.0 0.0 0.0 0.0 0.0 0.0 0.0 0.0 0.0 0.0 0.0 0.0 0.0 5.06639e-07 0.000843585 0.0 0.0 0.0 0.0 0.0 0.0 0.0 0.0 0.0 0.0 0.0 0.0 0.0 0.0 0.0 0.0 0.0 0.0 0.0 0.0 1.19209e-07 0.0 0.0 0.0 0.0 0.0 0.0 0.0 0.0 0.0 0.0 0.0 0.0 0.0 0.0
0.0 0.0 0.0 0.0 0.0 2.98023e-08 0.0 1.72853e-06 0.0 0.0 0.0 2.98023e-08 0.0 0.0 0.0 0.0 0.995053 0.0 0.0 0.0 0.0 0.0 0.00125298 0.0 2.30074e-05 0.0 8.9407e-08 0.0 0.0 0.000646353 6.25849e-06 0.0 0.0 0.0 0.0 0.0 0.0 0.0 2.08616e-07 0.0 0.0 0.0 1.0401e-05 0.0 0.0 0.0 0.0 8.9407e-08 0.0 1.63913e-05 8.34465e-07 0.0 0.0 0.0 0.0 0.0 1.49012e-07 0.0 0.0 0.0 1.78814e-07 4.23193e-06 5.51939e-05 5.72205e-05
1.49012e-07 0.0 0.00204509 0.0 0.0 0.0 1.04308e-06 0.0 0.0 0.0340033 0.0 0.0 0.0 0.98204 0.0 0.0 0.0 0.0395325 0.0 0.0 1.46031e-06 1.78814e-07 0.0 0.0 0.0 0.0 0.0 0.0 0.0 0.0 0.0 0.0 0.0 0.0 1.01328e-06 0.000187397 8.31485e-06 0.000177175 0.0 0.0 0.0 0.0 0.0 0.0 2.14577e-06 0.0 0.0 0.0 2.98023e-07 0.0 0.0 0.0 0.000482649 0.0 0.0 0.0 0.0 0.840766 0.0 0.389847 0.0 0.0 0.0 0.0
0.0 0.0 0.0 0.0 1.2219e-06 2.68221e-07 0.0 0.000652492 0.0 0.0 0.0 2.5332e-06 0.0 0.0 0.0 0.0 4.5687e-05 0.0 0.0 0.0 0.0 0.0 9.74536e-06 0.0 0.110136 0.0 2.08616e-07 3.95179e-05 2.5332e-06 0.0296957 0.00621757 0.0 0.0 0.0 0.0 0.0 0.0 0.0 0.0 0.0 0.0 0.0 0.000118285 0.0 0.0 0.0 0.0 0.0 0.0 0.989268 0.0 0.0 0.0 0.0 0.0 0.0 8.9407e-08 0.0 0.0 0.0 2.08616e-07 0.0 1.76132e-05 5.00679e-06
0.0 0.0 0.0 0.0 0.0 0.0 0.0 0.0 0.0 0.0 0.0 0.0 0.0 0.0 0.0 0.0 0.0 0.0 0.0 0.0 0.0 0.0 0.0 0.0 0.0 0.0 0.0 0.0 0.0 0.0 0.0 0.0 0.0 0.0 0.0 0.0 0.0 0.0 0.0 0.0 0.0 0.0 0.0 0.0 0.0 0.999034 0.0 0.0 0.0 0.0 0.0 0.0 0.0 0.0 0.0 0.0 0.0 0.0 0.0 0.0 0.0 0.0 0.0 0.0
0.91228 0.0 0.0 0.0 0.0 0.0 0.0789916 0.0 0.0 0.0 0.0 0.0 0.0 1.19209e-07 0.0 0.987069 0.0 3.60608e-06 0.0 0.0 0.0 0.0 0.0 0.0 0.0 0.0 0.0 0.0 0.0 0.0 0.0 0.0 1.01328e-06 0.0 0.0 0.0 0.0 0.0 0.0 0.0 0.0 0.0 0.0 0.0 0.218047 0.0 0.0 0.0 2.08616e-07 0.0 0.0 0.0 0.0 0.0 0.238048 0.0 0.0 5.11408e-05 0.0 2.87592e-05 0.0 0.0 0.0 0.0
5.96046e-08 0.0 0.000108212 0.0 0.0 0.0 1.055e-05 0.0 0.0 0.000383914 0.0 0.0 0.0 0.000179172 0.0 0.0 0.0 8.9407e-08 0.0 0.0 0.0 0.0 0.0 0.0 0.0 0.0 0.0 0.0 0.0 0.0 0.0 0.0 0.0 0.0 0.0 3.78191e-05 2.98023e-08 0.991214 0.0 8.64267e-07 0.0 1.19209e-07 0.0 0.0 0.0 0.0 0.0 0.0 0.0 0.0 0.0 0.0 0.00011307 0.0 0.0 0.0 0.0 0.0210672 0.0 3.93987e-05 0.0 0.0 0.0 0.0
5.96046e-08 0.0 0.0 0.0 0.0 0.0 4.73857e-06 0.0 0.0 1.98483e-05 0.0 0.0 0.0 1.19209e-07 0.0 0.0 0.0 8.9407e-08 8.9407e-08 0.0 0.0 0.0 0.0 0.0 0.0 0.0 0.0 0.0 0.0 0.0 0.0 0.0 0.0 0.0 0.0 5.96046e-08 0.0 2.38419e-06 0.0 0.996716 0.0 4.05014e-05 0.0 1.04308e-06 0.0 0.0 0.0 0.0 0.0 0.0 0.0 0.0 0.0 0.0 0.0 0.0 0.0 5.66244e-07 0.0 2.08616e-07 0.0 0.0 0.0 0.0
0.0 0.0 0.0 0.0 0.0 0.0 0.0 0.00226367 0.0 0.0 0.0 0.0 1.78814e-05 0.0 0.0 0.0 1.17421e-05 0.0 0.0 0.0 0.0 0.0 6.85453e-06 0.0 1.96695e-06 0.0 0.0 0.0 0.0 2.08616e-07 3.8743e-07 0.0 0.0 0.0 0.0 0.0 0.0 0.0 0.0 0.0 0.0 0.0 0.0116796 0.0 0.0 0.0 0.0 0.0 0.0 2.71201e-06 0.0 0.0 0.0 0.0 0.0 0.0 0.0 0.0 0.0 0.0 0.0 0.0 3.17693e-05 0.999698
0.0 0.0 0.0 0.0 0.0 0.987688 0.0 0.0 0.0 0.0 0.0 0.00111395 0.0 0.0 0.0012036 0.0 1.10269e-06 0.0 0.0 0.0 0.0 0.000346869 8.9407e-08 0.0 0.0 0.0 0.0957711 0.000467688 0.0 0.114317 0.0198583 0.0 0.0 0.0 0.0 5.96046e-08 0.0 0.0 0.0 0.0 0.000486374 0.0 1.78814e-07 0.0 0.0 0.0 0.0 0.00147736 0.0 6.73532e-06 2.38419e-07 0.0 5.96046e-08 0.0 0.0 0.0 0.00208947 0.0 0.0 0.0 0.0 0.0 5.98133e-05 2.98023e-07
0.0 0.0 0.0 0.0 0.0 0.00150797 0.0 0.0 0.0 0.0 0.0 0.000348568 0.0 0.0 0.0 0.0 8.9407e-08 0.0 0.0 0.0 0.0 3.06964e-06 0.0 0.0 0.0 0.0 9.0301e-05 0.000273824 0.0 4.79221e-05 3.63588e-05 0.0 0.0 0.0 0.0 8.9407e-08 0.0 0.0 0.0 0.0 0.0463131 0.0 0.0 0.0 0.0 0.0 0.0 0.99553 0.0 0.0 0.0 0.0 0.0 0.0 0.0 0.0 6.49691e-06 0.0 0.0 0.0 1.78814e-07 0.0 2.32458e-05 1.19209e-07
0.0 0.999824 0.0 0.0 0.0 0.0 0.0 0.0 0.0 0.0 0.0 0.0 0.0 0.0 0.0 0.0 0.0 0.0 0.0 0.0 0.0 0.0 0.0 0.0 0.0 0.0 0.0 0.0 0.0 0.0 0.0 0.0 0.0 0.0 0.0 0.0 0.0 0.0 0.0 0.0 0.0 0.0 0.0 5.36442e-07 0.0 0.0 0.0 0.0 0.0 0.0 0.0 0.0 0.0 0.0 0.0 0.0 0.0 0.0 0.0 0.0 0.0 0.0 0.0 0.0
0.0 0.0 0.0 0.0 0.0 0.00498846 0.0 0.0 0.0 0.0 0.0 2.98023e-07 0.0 0.0 0.000606418 0.0 3.12924e-06 0.0 0.0 2.77162e-06 0.0 8.34465e-07 2.98023e-08 0.0 0.0 1.01328e-06 0.000428587 5.96046e-08 0.0 0.00545564 3.37958e-05 0.0 0.0 0.0 0.0 8.9407e-07 0.0 0.0 0.000126868 0.0 0.000223875 0.0 0.0 0.0 0.0 0.0 0.0 0.000318378 0.0 1.19209e-07 0.00234005 0.0 4.70877e-06 0.0 0.0 0.0 0.993547 0.0 0.0 0.0 3.27826e-07 0.0 9.23872e-07 0.0
0.0 0.0 0.0 0.0 0.0 0.0 0.0 0.0 0.0 0.0 0.0 0.0 0.0 0.0 0.0 0.0 1.78814e-07 0.0 0.0 0.0 0.0 0.0 5.126e-06 0.0 5.06639e-07 0.0 0.0 0.0 0.0 0.0 0.0 0.0 0.0 0.0 0.0 0.0 0.0 0.0 0.0 0.0 0.0 0.0 0.0 0.0 0.0 0.0 0.0 0.0 0.0 0.0 0.0 0.0 0.0 0.0 0.0 0.0 0.0 0.0 0.0 0.0 0.0 0.995929 5.96046e-07 0.0
0.0 2.98023e-08 0.0 0.0 0.0 0.0 0.0 0.0 0.0 0.0 0.0 0.0 0.0 0.0 0.0 0.0 0.0 0.0 0.000163913 0.0 0.0 0.0 0.0 0.0 0.0 0.0 0.0 0.0 0.0 0.0 0.0 0.0 0.0 0.0 0.0 0.0 0.0 0.0 0.0 1.43051e-06 0.0 5.96046e-08 0.0 0.999911 0.0 0.0 0.0 0.0 0.0 0.0 0.0 0.0 0.0 0.0 0.0 0.0 0.0 0.0 0.0 0.0 0.0 0.0 0.0 0.0
0.0 0.0 0.0 0.0 0.0 0.0 1.3411e-06 0.0 0.0 0.0 0.0 0.0 0.0 0.0 0.0 0.0 0.0 0.0 0.0 0.0 0.0 0.0 0.0 0.0 0.0 0.0 0.0 0.0 0.0 0.0 0.0 0.0 2.41399e-06 0.0 0.0 0.0 0.0 0.0 0.0 2.98023e-08 0.0 0.00632429 0.0 0.0 0.0 0.0 0.0 0.0 0.0 0.0 0.0 0.0 0.0 0.0 0.0 0.0 0.0 0.0 0.0 0.0 0.0 0.0 0.0 0.0
0.0 0.0 0.0 0.0 0.0 0.0 0.0 0.0 0.0 0.0 0.0 0.0 0.0 0.0 0.0 0.0 1.49012e-07 0.0 0.0 0.00116014 0.0 0.0 2.38419e-07 0.0 0.0 1.2517e-06 0.0 0.0 0.0 5.06639e-07 0.0 0.0 0.0 0.0 0.0 0.0 0.0 0.0 4.94719e-06 0.0 1.88351e-05 0.0 0.0 0.0 0.0 0.0 0.0 3.57628e-07 0.0 0.0 0.0 0.0 0.0 0.0 0.0 0.0 8.9407e-08 0.0 0.0 0.0 0.993559 0.0 1.49012e-07 0.0
0.0 0.0 0.0 0.0 2.38419e-07 0.0 0.0 0.989872 0.0 0.0 0.0 0.0 5.86212e-05 0.0 0.0 0.0 2.98023e-07 0.0 0.0 0.0 0.0 0.0 2.80738e-05 0.0 0.0357037 0.0 0.0 0.0 0.0 0.0 0.0 0.0 0.0 0.0 0.0 0.0 0.0 0.0 0.0 0.0 0.0 0.0 0.0093933 0.0 0.0 0.0 0.0 0.0 0.0 5.02467e-05 0.0 0.0 0.0 0.0 0.0 0.0 0.0 0.0 1.78814e-07 0.0 0.0 0.0 4.47035e-07 0.000188917
0.0 0.0 0.0 0.0 0.0 0.0 0.0 0.0 0.0 0.0 0.0 0.0 0.0 0.0 0.0 0.0 0.0 0.0 0.0 0.0068146 0.0 0.0 0.0 0.0 0.0 0.976116 0.0 0.0 0.0 8.9407e-08 0.0 0.0 0.0 0.0 0.0 0.0 0.0 0.0 0.372967 0.0 5.39422e-06 0.0 0.0 0.0 0.0 0.0 0.0 1.19209e-07 0.0 0.0 6.25849e-07 0.0 0.0 0.0 0.0 0.0 4.05312e-06 0.0 0.0 0.0 4.73857e-06 0.0 0.0 0.0
0.0 0.0 0.0 0.0 0.0 0.0 0.0 9.91821e-05 0.0 0.0 0.0 0.0 0.0 0.0 0.0 0.0 0.000901133 0.0 0.0 0.0 0.0 0.0 0.998605 0.0 0.000265568 0.0 0.0 0.0 0.0 0.000294596 1.78814e-07 0.0 0.0 0.0 0.0 0.0 0.0 0.0 0.0 0.0 0.0 0.0 0.00551787 0.0 0.0 0.0 0.0 0.0 0.0 2.77162e-06 2.98023e-08 0.0 0.0 0.0 0.0 0.0 0.0 0.0 0.0 0.0 5.66244e-07 4.95613e-05 0.000348985 9.62615e-06
0.0 0.0 0.0 0.0 0.0 0.0 0.0 0.0 0.0 0.0 0.0 0.0 0.0 0.0 0.0 0.0 0.0 0.0 0.0 0.0 0.0 0.0 0.0 0.996911 0.0 0.0 0.0 0.0 0.0 0.0 0.0 0.0 0.0 0.0 0.0 0.0 0.0 0.0 0.0 0.0 0.0 0.0 0.0 0.0 0.0 0.0 0.0 0.0 0.0 0.0 0.0 0.0 0.0 0.0 0.0 0.0 0.0 0.0 0.0 0.0 0.0 0.0 0.0 0.0
0.0 0.0 0.0 0.0 0.0 0.0 0.0 0.0 0.0 0.0 0.0 0.0 0.0 0.0 0.0 0.0 6.25849e-07 0.0 0.0 0.000414103 0.0 0.0 0.0 0.0 0.0 0.196045 0.0 0.0 0.0 1.19209e-07 0.0 0.0 0.0 0.0 0.0 0.0 0.0 0.0 0.993064 0.0 5.8502e-05 0.0 0.0 0.0 0.0 0.0 0.0 5.06639e-07 0.0 0.0 5.20945e-05 0.0 0.0 0.0 0.0 0.0 0.000210643 0.0 0.0 0.0 1.19209e-05 0.0 0.0 0.0
0.0 0.0 0.0 0.0 0.0 0.00272444 0.0 0.0 0.0 4.47035e-07 0.0 1.49012e-07 0.0 0.0 0.986328 0.0 0.0 0.0 5.66244e-07 0.0 0.0 5.46575e-05 0.0 0.0 0.0 0.0 0.00011003 0.0 0.0 7.79629e-05 3.17991e-05 0.0 0.0 0.0 0.0 5.36442e-07 0.0 0.0 0.0 0.0 1.19209e-07 0.0 0.0 0.0 0.0 0.0 0.0 1.19209e-07 0.0 0.0 5.67734e-05 0.0 3.12924e-06 0.0 0.0 0.0 0.000618249 0.0 0.0 0.0 0.0 0.0 0.0 0.0
0.0 0.0 0.0 0.0 0.0 0.000594229 0.0 0.0 9.44734e-06 0.0 1.78814e-07 0.998708 0.0 0.0 8.9407e-08 0.0 0.0 0.0 0.0 0.0 0.0 0.000154555 0.0 0.0 0.0 0.0 0.00179037 0.723535 0.000504196 1.47223e-05 0.0028716 0.0 0.0 0.0 0.0 0.0 0.0 0.0 0.0 0.0 1.37091e-06 0.0 0.0 0.0 0.0 0.0 0.0 0.00064975 0.0 7.62939e-06 0.0 0.0 0.0 0.0 0.0 0.0 0.0 0.0 0.0 0.0 0.0 0.0 5.96046e-08 5.06639e-07
0.0 0.0 0.0 0.0 0.0 0.000252336 0.0 0.0 1.78814e-07 0.0 0.0 0.487272 0.0 0.0 0.0 0.0 0.0 0.0 0.0 0.0 0.0 1.78814e-07 0.0 0.0 0.0 0.0 3.51667e-06 0.998676 0.0285459 3.18885e-06 0.000330567 0.0 0.0 0.0 0.0 0.0 0.0 0.0 0.0 0.0 3.60608e-06 0.0 0.0 0.0 0.0 0.0 0.0 0.000874519 0.0 2.78354e-05 0.0 0.0 0.0 0.0 0.0 0.0 0.0 0.0 0.0 0.0 0.0 0.0 0.0 5.66244e-07
5.96046e-08 0.0 8.64267e-07 0.0 0.0 0.0 5.66244e-07 0.0 0.0 0.0 0.0 0.0 0.0 2.24411e-05 0.0 0.0 0.0 3.28422e-05 0.0 0.0 0.0055804 0.0 0.0 0.0 0.0 0.0 0.0 0.0 0.0 0.0 0.0 0.0 0.0 0.0 0.995667 0.0 0.00547844 0.0 0.0 0.0 0.0 0.0 0.0 0.0 0.00107053 0.0 0.0 0.0 0.111638 0.0 0.0 1.63913e-06 0.0 0.0 4.17233e-07 0.0 0.0 0.00216815 0.0 1.81496e-05 0.0 0.0 0.0 0.0
0.0 0.0 0.0 0.0 0.0 0.0 0.0 2.08318e-05 0.0 0.0 0.0 0.0 0.999238 0.0 0.0 0.0 0.0 0.0 0.0 0.0 0.0 0.0 0.0 0.0 0.0 0.0 0.0 0.0 0.0 0.0 0.0 0.0 0.0 0.0 0.0 0.0 0.0 0.0 0.0 0.0 0.0 0.0 1.19209e-07 0.0 0.0 0.0 0.0 0.0 0.0 0.0 0.0 0.0 0.0 0.0 0.0 0.0 0.0 0.0 0.0 0.0 0.0 0.0 0.0 7.7486e-07
0.0 0.0 0.0 0.0 0.0 0.0 0.0 0.0 0.0 0.0 0.0 0.0 0.0 0.0 0.0 0.0 0.0 0.0 0.0 0.0 0.0 0.0 0.0 0.0 0.0 0.0 0.0 0.0 0.0 0.0 0.0 0.0 0.0 0.0 0.0 0.0 0.0 0.0 0.0 0.0 0.0 0.0 0.0 0.0 0.0 0.0 0.0 0.0 0.0 0.0 0.0 0.0 0.0 0.0 0.0 0.0 0.0 0.0 0.0 0.0 0.0 0.0 0.0 0.0
0.0 0.0 0.0 0.0 0.0 0.0 0.0 0.0 0.0 0.0 0.0 0.0 0.0 0.0 0.0 0.0 0.0 0.0 0.0 0.0 0.0 0.0 0.0 0.0 0.0 0.0 0.0 0.0 0.0 0.0 0.0 0.997585 0.0 0.0 0.0 0.0 0.0 0.0 0.0 0.0 0.0 0.0 0.0 0.0 0.0 0.0 0.0 0.0 0.0 0.0 0.0 0.0 0.0 0.0 0.0 0.0 0.0 0.0 0.0 0.0 0.0 0.0 0.0 0.0
0.0 0.0 1.2815e-06 0.0 0.0 1.84774e-06 0.0 0.0 0.0 0.0416041 0.0 0.0 0.0 1.26958e-05 2.01762e-05 0.0 0.0 5.96046e-08 0.0 0.0 0.0 0.00229919 0.0 0.0 0.0 0.0 3.57628e-06 0.0 0.0 0.0 0.0 0.0 0.0 0.0 0.0 0.985894 0.0 4.11272e-06 0.0 0.0 0.000303864 0.0 0.0 0.0 0.0 0.0 0.0 6.61612e-06 0.0 0.0 6.25849e-07 0.0 0.00325096 0.0 0.0 0.0 7.62939e-06 0.00349653 0.0 0.0 0.0 0.0 0.0 0.0
0.0 0.0 0.0 0.0 0.0 0.0 0.0 0.0 0.0 0.0 0.0 0.0 0.0 0.0 0.0 0.0 0.0 0.0 0.0 0.0 0.0 0.0 0.0 0.0 0.0 0.0 0.0 0.0 0.0 0.0 0.0 0.0 0.0 0.0 0.0 0.0 0.0 0.0 0.0 0.0 0.0 0.0 0.0 0.0 0.0 0.0 0.0 0.0 0.0 0.0 0.0 0.0 0.0 0.0 0.0 0.994379 0.0 0.0 0.0 0.0 0.0 0.0 0.0 0.0
0.0 0.0 0.0 0.0 0.0 0.0732434 0.0 0.0 2.98023e-08 0.0 0.0 0.00322187 0.0 0.0 0.000108063 0.0 2.38419e-06 0.0 0.0 0.0 0.0 0.000173062 8.9407e-08 0.0 0.0 0.0 0.985274 1.97291e-05 0.0 0.0243158 0.0414445 0.0 0.0 0.0 0.0 8.9407e-08 0.0 0.0 0.0 0.0 0.000113726 0.0 2.98023e-07 0.0 0.0 0.0 0.0 5.92172e-05 0.0 7.62939e-06 6.25849e-07 0.0 1.19209e-07 0.0 0.0 0.0 0.000185221 0.0 0.0 0.0 0.0 0.0 0.000162721 1.19209e-07
1.98185e-05 0.0 1.93715e-06 0.0 0.0 0.0 5.87106e-06 0.0 0.0 0.0 0.0 0.0 0.0 8.24928e-05 0.0 1.19209e-07 0.0 3.23355e-05 0.0 0.0 0.996537 0.0 0.0 0.0 0.0 0.0 0.0 0.0 0.0 0.0 0.0 0.0 0.0 0.0 0.0164633 0.0 0.982254 0.0 0.0 0.0 0.0 0.0 0.0 0.0 0.0184225 0.0 0.0 0.0 0.764801 0.0 0.0 4.38094e-06 0.0 0.0 3.2872e-05 0.0 0.0 0.0074572 0.0 0.000124186 0.0 0.0 0.0 0.0
0.0 0.0 0.0 0.0 0.0 0.0 0.0 0.0 0.0 0.0 0.0 0.0 0.0 0.0 0.0 0.0 0.0 0.0 0.0 0.0 0.0 0.0 0.0 0.0 0.0 0.0 0.0 0.0 0.0 0.0 0.0 0.0 0.0 0.0 0.0 0.0 0.0 0.0 0.0 0.0 0.0 0.0 0.0 0.0 0.0 0.0 0.974463 0.0 0.0 0.0 0.0 0.0 0.0 0.0 0.0 0.0 0.0 0.0 0.0 0.0 0.0 0.0 0.0 0.0
3.36766e-06 0.0 0.0 0.0 0.0 0.0 8.9407e-08 0.0 0.0 0.0 0.0 0.0 0.0 0.0 0.0 3.06964e-06 0.0 0.0 0.0 0.0 0.0 0.0 0.0 0.0 0.0 0.0 0.0 0.0 0.0 0.0 0.0 0.0 0.998813 0.0 0.0 0.0 0.0 0.0 0.0 0.0 0.0 0.0 0.0 0.0 0.0 0.0 0.0 0.0 0.0 0.0 0.0 0.0 0.0 0.0 2.38419e-07 0.0 0.0 0.0 0.0 0.0 0.0 0.0 0.0 0.0
0.0 0.0 0.0 0.0 0.0 0.0 0.0 0.0 0.0 0.0 0.0 0.0 0.0 0.0 0.0 0.0 0.0 0.0 0.0 0.989344 0.0 0.0 0.0 0.0 0.0 0.00445738 0.0 0.0 0.0 2.08616e-07 0.0 0.0 0.0 0.0 0.0 0.0 0.0 0.0 0.000607252 0.0 5.66244e-07 0.0 0.0 0.0 0.0 0.0 0.0 0.0 0.0 0.0 2.98023e-08 0.0 0.0 0.0 0.0 0.0 2.05636e-06 0.0 0.0 0.0 0.000943065 0.0 5.66244e-07 0.0
0.0 0.0 0.0 0.0 0.0 0.0 0.0 0.0 0.0 0.0 0.0 0.0 0.0 0.0 0.0 0.0 0.0 0.0 0.0 0.0 0.0 0.0 0.0 0.0 0.0 0.0 0.0 0.0 0.0 0.0 0.0 0.0 0.0 0.0 0.0 0.0 0.0 0.0 0.0 0.0 0.0 0.0 0.0 0.0 5.96046e-08 0.0 0.0 0.0 2.98023e-07 0.0 0.0 8.9407e-08 0.0 0.999887 8.04663e-07 0.0 0.0 0.0 0.0 0.0 0.0 0.0 0.0 0.0
0.0 0.0 0.0 0.0 0.0 0.000910491 0.0 1.01328e-06 0.0 0.0 0.0 0.000505954 0.0 0.0 2.68221e-07 0.0 1.69277e-05 0.0 0.0 0.0 0.0 0.0 8.04663e-07 0.0 3.2872e-05 0.0 0.000752211 0.000507653 2.98023e-08 0.0459844 0.991827 0.0 0.0 0.0 0.0 0.0 0.0 0.0 0.0 0.0 7.77841e-06 0.0 7.6592e-06 0.0 0.0 0.0 0.0 6.49691e-06 0.0 0.0257122 0.0 0.0 0.0 0.0 0.0 0.0 1.96695e-06 0.0 0.0 0.0 5.66244e-07 1.19209e-07 0.000603497 3.8445e-06
0.0 0.0 0.0 0.0 0.0 0.000936598 0.0 0.0 0.0 8.9407e-08 0.0 3.57628e-07 0.0 0.0 1.49012e-07 0.0 5.96046e-08 0.0 0.0 1.19209e-07 0.0 0.0 0.0 0.0 0.0 8.9407e-08 7.51615e-05 3.27826e-07 0.0 4.20213e-06 1.32322e-05 0.0 0.0 0.0 0.0 6.31809e-06 0.0 0.0 1.84774e-06 0.0 0.993015 0.0 0.0 0.0 0.0 0.0 0.0 0.748218 0.0 0.0 0.0 0.0 0.0 0.0 0.0 0.0 0.00024575 0.0 0.0 0.0 3.72827e-05 0.0 6.25849e-07 0.0
0.0 0.0 0.0 0.0 0.0 0.0 0.0 0.0 0.996901 0.0 0.0 0.000430703 0.0 0.0 0.0 0.0 0.0 0.0 0.0 0.0 0.0 0.0 0.0 0.0 0.0 0.0 0.0 4.70877e-05 1.19209e-07 0.0 0.0 0.0 0.0 0.0 0.0 0.0 0.0 0.0 0.0 0.0 0.0 0.0 0.0 0.0 0.0 0.0 0.0 0.0 0.0 0.0 0.0 0.0 0.0 0.0 0.0 0.0 0.0 0.0 7.7486e-07 0.0 0.0 0.0 0.0 0.0
0.0 0.0 0.0 0.0 8.64267e-07 0.0 0.0 0.072669 0.0 0.0 0.0 0.0 0.0 0.0 0.0 0.0 1.16229e-06 0.0 0.0 0.0 0.0 0.0 0.000119209 0.0 0.994564 0.0 0.0 0.0 1.49012e-07 3.45707e-06 5.06639e-07 0.0 0.0 0.0 0.0 0.0 0.0 0.0 0.0 0.0 0.0 0.0 0.00122544 0.0 0.0 0.0 0.0 0.0 0.0 0.00453475 0.0 0.0 0.0 0.0 0.0 0.0 0.0 0.0 0.0 0.0 0.0 2.5034e-06 2.08616e-07 1.66893e-06
0.0 0.0 0.0 0.0 0.0 0.0 0.0 0.0 0.0 0.0 0.0 0.0 0.0 0.0 0.0 0.0 0.0 0.0 0.0 0.0 0.0 0.0 0.0 0.0 0.0 0.0 0.0 0.0 0.0 0.0 0.0 0.0 0.0 0.0 0.0 0.0 0.0 0.0 0.0 0.0 0.0 0.0 0.0 0.0 0.0 0.0 0.0 0.0 0.0 0.0 0.0 0.0 0.0 0.0 0.0 0.0 0.0 0.0 0.0 0.0 0.0 0.0 0.0 0.0
0.0 0.0 0.0 0.0 0.0 0.0 0.0 0.0 0.0 0.0 0.0 0.0 0.0 0.0 0.0 0.0 0.0 0.0 0.0 0.0 0.0 0.0 0.0 0.0 0.0 0.0 0.0 0.0 0.0 0.0 0.0 0.0 0.0 0.0 0.0 0.0 0.0 0.0 0.0 0.0 0.0 0.0 0.0 0.0 0.0 0.0 0.0 0.0 0.0 0.0 0.0 0.0 0.0 0.0 0.0 0.0 0.0 0.0 0.0 0.0 0.0 0.0 0.0 0.0
0.0 0.0 0.0 0.0 0.0 0.0 0.0 0.0 0.0 0.988581 0.0 0.0 0.0 0.00125244 5.07534e-05 0.0 0.0 1.99676e-05 1.19209e-07 0.0 0.0 1.01328e-06 0.0 0.0 0.0 0.0 2.98023e-08 0.0 0.0 0.0 0.0 0.0 0.0 0.0 0.0 0.0257882 0.0 2.52426e-05 0.0 2.68221e-07 1.04308e-06 0.0 0.0 0.0 0.0 0.0 0.0 0.0 0.0 0.0 0.0 0.0 0.0136712 0.0 0.0 0.0 2.38419e-07 0.00463915 0.0 8.28505e-06 0.0 0.0 0.0 0.0
0.0 5.96046e-08 8.9407e-08 0.0 0.0 3.27826e-07 0.0 0.0 0.0 0.00275472 0.0 0.0 0.0 8.49366e-06 0.000200301 0.0 0.0 2.98023e-08 0.0 0.0 0.0 1.7494e-05 0.0 0.0 0.0 0.0 7.06315e-06 0.0 0.0 0.0 0.0 0.0 0.0 0.0 0.0 0.000489205 0.0 2.17557e-06 0.0 0.0 1.19209e-07 0.0 0.0 0.0 0.0 0.0 0.0 0.0 0.0 0.0 2.12789e-05 0.0 0.989427 0.0 0.0 0.0 0.000141561 2.27988e-05 0.0 2.98023e-08 0.0 0.0 0.0 0.0
0.0 0.0 0.0 0.0 0.0 0.00780532 0.0 5.96046e-08 0.0 0.0 0.0 6.04987e-06 0.0 0.0 4.73857e-06 0.0 0.000438094 0.0 0.0 2.38419e-07 0.0 1.19209e-07 0.000167221 0.0 3.69549e-06 0.0 0.00163141 2.80142e-06 0.0 0.99703 0.0358912 0.0 0.0 0.0 0.0 0.0 0.0 0.0 0.0 0.0 1.01328e-06 0.0 2.30372e-05 0.0 0.0 0.0 0.0 4.05312e-06 0.0 0.0128665 1.78218e-05 0.0 0.0 0.0 0.0 0.0 0.00118589 0.0 0.0 0.0 1.69873e-06 0.0 0.0339615 2.68221e-07
0.0 0.0 0.0 0.0 0.0 0.0 0.0 2.98023e-08 0.0 0.0 3.39746e-06 1.68979e-05 1.19209e-07 0.0 0.0 0.0 0.0 0.0 0.0 0.0 0.0 0.0 0.0 0.0 0.0 0.0 0.0 0.00303638 0.998922 0.0 5.96046e-08 0.0 0.0 0.0 0.0 0.0 0.0 0.0 0.0 0.0 0.0 0.0 0.0 0.0 0.0 0.0 0.0 0.0 0.0 6.85453e-07 0.0 0.0 0.0 0.0 0.0 0.0 0.0 0.0 0.0 0.0 0.0 0.0 0.0 0.0
2.98023e-08 0.0 0.0 0.0 0.0 0.0 0.000556707 0.0 0.0 0.0 0.0 0.0 0.0 0.0 0.0 0.0 0.0 0.0 0.0 0.0 0.0 0.0 0.0 0.0 0.0 0.0 0.0 0.0 0.0 0.0 0.0 0.0 0.0 0.0 0.0 0.0 0.0 3.57628e-07 0.0 0.000108778 0.0 0.990571 0.0 8.9407e-08 0.0 0.0 0.0 0.0 0.0 0.0 0.0 0.0 0.0 0.0 0.0 0.0 0.0 1.19209e-07 0.0 2.98023e-08 0.0 0.0 0.0 0.0
0.0 0.0 0.0 0.0 0.0 0.00779775 0.0 0.0 0.0 2.08616e-07 0.0 0.00731358 0.0 0.0 0.000898868 0.0 0.0 0.0 1.78814e-07 0.0 0.0 0.985042 0.0 0.0 0.0 0.0 0.000913769 1.91331e-05 0.0 4.38094e-06 1.90735e-06 0.0 0.0 0.0 0.0 0.00108242 0.0 0.0 0.0 0.0 8.9407e-08 0.0 0.0 0.0 0.0 0.0 0.0 6.00815e-05 0.0 0.0 1.37091e-06 0.0 5.1856e-06 0.0 0.0 0.0 9.23872e-07 2.08616e-07 0.0 0.0 0.0 0.0 0.0 0.0
0.0 0.0 0.0 0.0 0.0 0.0 0.0 0.0 0.0153861 0.0 0.0 1.19209e-07 0.0 0.0 0.0 0.0 0.0 0.0 0.0 0.0 0.0 0.0 0.0 0.0 0.0 0.0 0.0 1.78814e-07 2.98023e-08 0.0 0.0 0.0 0.0 0.0 0.0 0.0 0.0 0.0 0.0 0.0 0.0 0.0 0.0 0.0 0.0 0.0 0.0 0.0 0.0 0.0 0.0 0.0 0.0 0.0 0.0 0.0 0.0 0.0 0.000421464 0.0 0.0 0.0 0.0 0.0
0.000173628 0.0 0.00518218 0.0 0.0 0.0 0.00324267 0.0 0.0 0.000921726 0.0 0.0 0.0 0.866585 0.0 3.27826e-07 0.0 0.380241 0.0 0.0 1.3113e-05 0.0 0.0 0.0 0.0 0.0 0.0 0.0 0.0 0.0 0.0 0.0 0.0 0.0 6.16908e-06 2.14577e-06 5.32568e-05 0.000166804 0.0 1.78814e-07 0.0 8.9407e-08 0.0 0.0 0.00620294 0.0 0.0 0.0 2.44379e-06 0.0 0.0 0.0 1.81794e-06 0.0 1.49012e-07 0.0 0.0 0.978133 0.0 0.983626 0.0 0.0 0.0 0.0
0.0 0.0 0.0 2.08616e-07 0.0 0.0 0.0 0.0 0.0 0.0 0.0 0.0 0.0 0.0 0.0 0.0 0.0 0.0 0.0 0.0 0.0 0.0 0.0 0.0 0.0 0.0 0.0 0.0 0.0 0.0 0.0 0.0 0.0 4.76837e-07 0.0 0.0 0.0 0.0 0.0 0.0 0.0 0.0 0.0 0.0 0.0 0.0 0.0 0.0 0.0 0.0 0.0 0.0 0.0 0.0 0.0 0.0 0.0 0.0 0.0 0.0 0.0 0.0 0.0 0.0
0.0 0.0 0.0 0.0 0.0 0.0 0.0 0.0485376 0.0 0.0 0.0 0.0 7.7486e-07 0.0 0.0 0.0 3.75509e-06 0.0 0.0 0.0 0.0 0.0 0.00470269 0.0 0.000306636 0.0 0.0 0.0 0.0 7.03335e-06 1.78814e-07 0.0 0.0 0.0 0.0 0.0 0.0 0.0 0.0 0.0 0.0 0.0 0.989253 0.0 0.0 0.0 0.0 0.0 0.0 1.89245e-05 0.0 0.0 0.0 0.0 0.0 0.0 0.0 0.0 0.0 0.0 0.0 0.0 0.00110289 0.00959814
0.0 0.0 0.0 0.0 0.0 5.66244e-07 0.0 1.0103e-05 0.0 0.0 0.0 0.0 0.0 0.0 0.0 0.0 0.000154674 0.0 0.0 2.08616e-07 0.0 0.0 0.00156394 0.0 2.29478e-06 0.0 3.33786e-06 0.0 0.0 0.0409737 0.000299275 0.0 0.0 0.0 0.0 0.0 0.0 0.0 0.0 0.0 0.0 0.0 0.00285515 0.0 0.0 0.0 0.0 1.49012e-07 0.0 3.40343e-05 0.0 0.0 0.0 0.0 0.0 0.0 2.98023e-08 0.0 0.0 0.0 2.08616e-07 8.52346e-06 0.988627 4.41968e-05
0.0 0.0 0.0 0.0 0.0 0.0 0.0 0.0 0.0 1.2815e-06 0.0 0.0 0.0 0.0 1.78814e-07 0.0 0.0 0.0 0.99998 0.0 0.0 0.0 0.0 0.0 0.0 0.0 0.0 0.0 0.0 0.0 0.0 0.0 0.0 0.0 0.0 0.0 0.0 0.0 0.0 1.01328e-06 0.0 0.0 0.0 5.94258e-05 0.0 0.0 0.0 0.0 0.0 0.0 0.0 0.0 0.0 0.0 0.0 0.0 0.0 0.0 0.0 0.0 0.0 0.0 0.0 0.0
0.0 0.0 0.99266 0.0 0.0 0.0 7.62939e-06 0.0 0.0 2.38419e-07 0.0 0.0 0.0 0.000736654 0.0 0.0 0.0 5.57303e-06 0.0 0.0 0.0 8.9407e-08 0.0 0.0 0.0 0.0 0.0 0.0 0.0 0.0 0.0 0.0 0.0 0.0 0.0 2.262e-05 8.64267e-07 0.000228941 0.0 0.0 0.0 2.08616e-07 0.0 0.0 0.0 0.0 0.0 0.0 0.0 0.0 0.0 0.0 1.49012e-07 0.0 0.0 0.0 0.0 0.874162 0.0 0.000482798 0.0 0.0 0.0 0.0
0.0 0.0 0.0 0.0 0.993776 0.0 0.0 2.08616e-07 0.0 0.0 0.0 0.0 0.0 0.0 0.0 0.0 0.0 0.0 0.0 0.0 0.0 0.0 0.0 0.0 2.44379e-06 0.0 0.0 0.0 0.0 2.98023e-08 0.0 0.0 0.0 0.0 0.0 0.0 0.0 0.0 0.0 0.0 0.0 0.0 5.96046e-08 0.0 0.0 0.0 0.0 0.0 0.0 3.27826e-07 0.0 0.0 0.0 0.0 0.0 0.0 0.0 0.0 0.0 0.0 0.0 0.0 0.0 0.0
0.0 0.0 0.0 0.0 0.0 0.0 0.0 0.0 0.0 0.0 0.0 0.0 0.0 0.0 0.0 0.0 0.0 0.0 0.0 0.0 0.0 0.0 0.0 2.08616e-07 0.0 0.0 0.0 0.0 0.0 0.0 0.0 0.0 0.0 0.0 0.0 0.0 0.0 0.0 0.0 0.0 0.0 0.0 0.0 0.0 0.0 0.0 0.0 0.0 0.0 0.0 0.0 0.0 0.0 0.0 0.0 0.0 0.0 0.0 0.0 0.0 0.0 1.78814e-07 0.0 0.0
0.0 0.0 0.0 0.0 0.0 6.55651e-07 0.0 0.0 0.0 0.0 0.0 0.0 0.0 0.0 5.27203e-05 0.0 8.85129e-06 0.0 0.0 8.9407e-08 0.0 1.33216e-05 2.98023e-08 0.0 0.0 1.10269e-06 7.12276e-06 0.0 0.0 0.000163704 0.0 0.0 0.0 0.0 0.0 7.15256e-07 0.0 0.0 0.00064984 0.0 8.9407e-08 0.0 0.0 0.0 0.0 0.0 0.0 1.19209e-07 0.0 0.0 0.993945 0.0 1.66893e-06 0.0 0.0 0.0 0.00198847 0.0 0.0 0.0 0.0 0.0 5.96046e-08 0.0
3.14116e-05 0.0 0.00012058 0.0 0.0 0.0 0.000112981 0.0 0.0 0.00108531 0.0 0.0 0.0 0.173825 0.0 1.19209e-07 0.0 0.997436 0.0 0.0 5.66244e-07 0.0 0.0 0.0 0.0 0.0 0.0 0.0 0.0 0.0 0.0 0.0 0.0 0.0 2.41399e-06 4.17233e-07 3.45707e-06 5.96046e-08 0.0 0.0 0.0 0.0 0.0 0.0 0.00192991 0.0 0.0 0.0 2.08616e-07 0.0 0.0 0.0 2.68221e-07 0.0 2.98023e-08 0.0 0.0 0.853038 0.0 0.409171 0.0 0.0 0.0 0.0
0.0 0.0 0.0 0.992296 0.0 0.0 0.0 0.0 0.0 0.0 0.0 0.0 0.0 0.0 0.0 0.0 0.0 0.0 0.0 0.00263977 0.0 0.0 0.0 0.0 0.0 8.9407e-08 0.0 0.0 0.0 0.0 0.0 0.0 0.0 0.00250667 0.0 0.0 0.0 0.0 2.60472e-05 5.24521e-05 1.49012e-07 3.8743e-07 0.0 0.0 0.0 0.0 0.0 0.0 0.0 0.0 0.0 0.00152791 0.0 0.0 0.000245601 0.0 0.0 0.0 0.0 0.0 0.0 0.0 0.0 0.0
0.0 0.0 0.0 0.0 0.0 0.0 0.0 1.43051e-06 0.00494912 0.0 0.0 0.0 0.0174516 0.0 0.0 0.0 0.0 0.0 0.0 0.0 0.0 0.00122741 0.0 0.0 0.123781 0.0 0.0 2.5928e-06 0.0110927 0.0 9.68575e-06 0.00498331 0.0 0.0 0.0 0.0 0.0 0.0 0.0 0.0 0.0 0.0 0.0 8.9407e-08 6.60717e-05 0.0 0.0 0.0 0.0 0.0 0.0 0.0 0.0 0.988023 0.0 0.0 0.0 0.0 8.9407e-08 0.0 0.0 1.78814e-07 0.0 0.0
0.00499785 0.0 0.0 0.0 0.0 0.0 8.9407e-08 0.0 0.0 0.000301003 0.00748911 0.0 0.0 0.0 0.0 0.0 0.0 0.0 0.0 0.0 0.991211 0.0 0.103305 0.0 0.0 3.12924e-06 0.0 0.0 0.0 0.0 0.0 0.0 0.0 0.0 0.0 0.00050661 0.00686523 0.0 0.0 1.19209e-07 0.0 0.0 0.0 0.0 0.0 0.0 0.0 0.0 6.25849e-07 0.0 0.0 0.0 1.78814e-07 0.0 1.19209e-07 0.0 0.0 0.0 0.0 3.16203e-05 0.0 0.0 1.78814e-07 0.0
0.0 0.0 0.0 0.0125654 0.0 0.0 0.0 0.0 0.0 0.0 0.0 0.0 0.0 0.0 0.0 0.0 0.0 0.0 0.0 0.0824757 0.0 0.0 0.0 0.0 0.0 0.0 0.0 0.0 0.0 0.0 0.0 0.0 0.0 0.991687 0.0 0.0 0.0 0.0 0.00545582 2.95043e-06 0.0022696 0.0 0.0 0.0 0.0 0.0 0.0 0.0 0.0 0.0 0.0 0.0188891 0.0 0.0 0.000762284 0.0 0.0 0.0 0.0 0.0 0.0 0.0 0.0 0.0
0.0 0.0 0.0 0.0 0.0 0.0 0.0 6.70552e-06 4.58956e-06 0.0 0.0 0.0 0.999449 0.0 0.0 0.0 0.0 0.0 0.0 0.0 0.0 1.19209e-07 0.0 0.0 3.46303e-05 0.0 0.0 5.99623e-05 0.00114509 0.0 0.114263 0.0226984 0.0 0.0 0.0 0.0 0.0 0.0 0.0 0.0 0.0 0.0 0.0 8.9407e-08 6.55651e-07 0.0 0.0 0.0 0.0 0.0 0.0 0.0 0.0 0.0101477 0.0 0.0 0.0 0.0 0.0 0.0 0.0 5.96046e-08 0.0 0.0
0.0 0.0 0.0 0.0 0.0 0.0 0.0 8.9407e-08 0.00680229 0.0 0.0 0.0 0.0 0.0 0.0 0.0 0.0 0.0 0.0 0.0 0.0 0.997141 0.0 0.0 0.000359684 0.0 0.0 2.98023e-08 8.2761e-05 0.0 0.0 2.08616e-07 3.72529e-06 0.0 0.0 0.0 0.0 0.0 0.0 0.0 0.0 0.0 0.0 0.0 0.00140041 0.0 0.0 0.0 0.0 0.0 0.0 0.0 0.0 0.00166082 0.0 0.0 0.0 0.0 4.17233e-07 0.0 0.0 0.0 0.0 0.0
3.10242e-05 0.0 0.0 0.0 3.51667e-06 0.00276691 0.00711951 0.0 0.0 6.42836e-05 1.78814e-07 0.0 0.0 0.000353098 0.0 0.0 8.37445e-06 0.0 0.0 0.0 8.64267e-07 0.0 0.0378753 8.9407e-08 0.0 0.0 0.000272572 0.0 0.0 5.96046e-08 0.0 0.0 0.0 0.0 0.0 0.000204146 0.0768181 0.0 0.0 0.0 0.0 0.0 0.371185 0.0 0.0 0.0 0.0 5.04553e-05 0.988652 0.0 0.0 0.0 0.498327 0.0 0.0 0.0 0.00135326 4.69387e-05 0.0 0.0 0.000587642 0.0 0.890812 3.75509e-06
0.0 0.0 0.0 0.0 0.0 0.0 0.0 0.153062 2.98023e-08 0.0 0.0 0.0 0.000386387 0.0 0.0 0.0 0.0 0.0 0.0 0.0 0.0 0.000287861 0.0 0.0 5.06639e-06 0.0 0.0 0.0252738 0.994679 0.0 2.98023e-08 0.662743 0.0 0.0 0.0 0.0 0.0 0.0 0.0 0.0 0.0 0.0 0.0 0.00138977 0.00115809 0.0 0.0 0.0 0.0 0.0 0.0 0.0 0.0 0.0201288 0.0 0.0 0.0 0.0 0.0 0.0 0.0 0.0 0.0 0.0
0.0 0.0 0.0 0.0 0.0 0.0 0.0 0.0 0.0 0.0 0.0 0.0 0.0 0.0 0.0 0.0 0.0 0.0 0.0 0.0 0.0 0.0 0.0 0.0 0.0 0.0 0.0 0.0 0.0 0.0 0.0 0.0 0.0 0.0 0.0 0.0 0.0 0.921418 0.0 0.0 0.0 0.0 0.0 0.0 0.0 0.0 1.49012e-07 0.0 0.0 0.0 0.0 0.0 0.0 0.0 0.0 0.0 0.0 0.0 0.0 0.0 0.0 0.0 0.0 0.0
0.0 0.0 0.0 0.0 0.000355572 0.00370625 0.000240833 0.0 0.0 1.78814e-07 0.0 0.0 0.0 0.000255615 7.42078e-06 0.0 0.00173938 0.0 0.0 0.0 0.0 0.0 2.5332e-05 8.64267e-07 0.0 0.0 0.00334466 0.0 0.0 6.4671e-06 0.0 0.0 0.0 0.0 0.0 1.49012e-07 4.96507e-05 0.0 0.0 0.0 0.0 0.0 0.987709 0.0 0.0 0.0 0.0 0.000335038 0.460971 5.96046e-08 0.0 0.0 0.0956556 0.0 0.0 0.0 0.0993898 0.000767797 0.0 0.0 0.0112065 0.0 0.7704 0.0046888
0.0 0.0 0.0 0.0 0.000101477 6.33895e-05 8.9407e-08 0.0 0.0 0.0 0.0 0.0 0.0 0.00164109 0.00052911 0.0 3.89814e-05 0.0 0.0 0.0 0.0 0.0 0.0 2.68221e-07 0.0 0.0 0.000193834 2.98023e-08 0.0 0.524167 0.0 0.0 0.0 0.0 0.0 0.0 0.0 0.0 0.0 0.0 0.0 0.0 0.000155032 0.0 1.78814e-07 0.0 0.0 2.08616e-07 1.46031e-06 0.00297102 2.8491e-05 0.0 8.33273e-05 0.0 0.0 0.0 0.946931 0.040826 0.0 0.0 0.000163883 0.0 5.21541e-06 0.998478
0.0 0.0 0.0 3.53754e-05 0.0 0.0 0.0 0.0 0.0 0.0 0.0 0.0 0.0 0.0 0.0 0.0 0.0 0.0 0.0 1.12951e-05 0.0 0.0 0.0 0.0 0.0 3.71039e-05 0.0 0.0 0.0 0.0 0.0 0.0 0.0 6.41644e-05 0.0 0.0 0.0 0.0 0.992825 0.0140228 0.204275 0.0 0.0 0.0 0.0 0.0 0.0 0.0 0.0 0.0 0.0 0.669902 0.0 0.0 0.953153 0.0 0.0 0.0 0.0 0.0 0.0 0.0 0.0 0.0
0.0 0.0 0.0 0.0 0.309404 1.49012e-07 0.0 0.0 0.0 0.0 0.0 0.00255835 0.0 0.0 0.00031966 0.0 0.0122829 0.0 0.0 0.0 0.0 0.0 0.0 0.0740322 0.0 0.0 2.98023e-07 0.0 0.0 0.0 0.0 0.0 0.0 0.0 0.0 0.0 0.0 0.0 0.0 0.0 0.0 0.0 2.84314e-05 0.0 0.0 0.0 0.0 0.98892 2.83122e-06 3.32892e-05 0.0 0.0 0.0 0.0 0.0 0.0 8.34465e-07 0.0 0.0 0.0 0.00202936 0.0 1.24276e-05 7.15256e-07
1.78814e-07 0.0 0.0 0.0 2.08616e-07 0.177579 0.00378561 0.0 0.0 1.49012e-07 0.0 0.0 0.0 0.210532 8.9407e-08 0.0 3.6329e-05 0.0 0.0 0.0 8.9407e-08 0.0 9.2715e-05 0.0 0.0 0.0 0.0422035 0.0 0.0 2.23517e-06 0.0 0.0 0.0 0.0 0.0 1.20699e-05 0.000823706 0.0 0.0 0.0 0.0 0.0 0.127306 0.0 0.0 0.0 0.0 8.9407e-08 0.295928 0.0 0.0 0.0 0.987399 0.0 0.0 0.0 0.00773737 0.00782147 0.0 0.0 0.00203452 0.0 0.134238 0.00214812
0.0 0.0 0.0 0.0 0.000319093 0.000215113 0.0 0.0 0.0 0.0 0.0 6.04987e-06 0.0 0.0 0.0426776 0.0 0.987676 0.0 0.0 0.0 0.0 0.0 0.0 0.000591934 0.0 0.0 0.00361913 3.27826e-07 0.0 6.25849e-07 0.0 0.0 0.0 0.0 0.0 0.0 0.0 0.0 0.0 0.0 0.0 0.0 9.22382e-05 0.0 0.0 0.0 0.0 0.00399458 4.47035e-07 0.00822216 0.0 0.0 8.04663e-07 0.0 0.0 0.0 3.42727e-06 4.47035e-07 0.0 0.0 0.855551 0.0 2.91169e-05 9.21786e-05
0.0 0.0 0.0 0.0 0.0 0.0 0.0 0.0 0.0 0.0 0.0 0.0 0.0 0.0 0.0 0.0 0.0 0.0 0.0 8.9407e-08 0.0 0.0 0.0 0.0 0.0 1.78814e-07 0.0 0.0 0.0 0.0 0.0 0.0 0.0 1.2219e-05 0.0 0.0 0.0 0.0 0.279519 3.27826e-06 0.996385 0.0 0.0 0.0 0.0 0.0 0.0 0.0 0.0 0.0 0.0 0.00211015 0.0 0.0 0.00760347 0.0 0.0 0.0 0.0 0.0 0.0 0.0 0.0 0.0
0.0 0.0 0.0 0.0 0.0 0.0 0.0 0.99659 0.0 0.0 0.0 0.0 1.80006e-05 0.0 0.0 0.0 0.0 0.0 0.0 0.0 0.0 1.16229e-06 0.0 0.0 0.0 0.0 0.0 0.00130185 0.291809 0.0 1.49012e-07 0.00524691 0.0 0.0 0.0 0.0 0.0 0.0 0.0 0.0 0.0 0.0 0.0 0.0634308 4.70877e-06 0.0 0.0 0.0 0.0 0.0 0.0 0.0 0.0 1.74046e-05 0.0 0.0 0.0 0.0 0.0 0.0 0.0 0.0 0.0 0.0
0.0 0.0 0.0 0.0 0.0 0.0 0.0 0.0 0.0 0.0 0.0 0.0 0.0 0.0 0.0 0.997645 0.0 5.96046e-08 0.0 0.0 0.0 0.0 0.0 0.0 0.0 0.0 0.0 0.0 0.0 0.0 0.0 0.0 0.0 0.0 4.38988e-05 0.0 0.0 0.0 0.0 0.0 3.04878e-05 0.0 0.0 0.0 0.0 0.0 0.0 0.0 0.0 0.0 0.0 0.0 0.0 0.0 0.0 0.0 0.0 0.0 0.0 0.0 0.0 0.0 0.0 0.0
0.0 0.0 0.0 0.0 0.997717 2.68221e-07 0.0 0.0 0.0 0.0 0.0 3.01003e-06 0.0 0.0 0.00262552 0.0 0.000211775 0.0 0.0 0.0 0.0 0.0 0.0 0.131304 0.0 0.0 1.19209e-07 1.49012e-07 0.0 2.08616e-06 0.0 0.0 0.0 0.0 0.0 0.0 0.0 0.0 0.0 0.0 0.0 0.0 4.53591e-05 0.0 0.0 0.0 0.0 0.3111 2.95043e-06 0.000844061 0.0 0.0 0.0 0.0 0.0 0.0 0.00140262 1.87755e-06 0.0 0.0 0.000118613 0.0 5.0962e-06 0.000999153
0.0 0.0 0.0 0.0 0.0 0.0 0.0 0.000881493 8.9407e-08 0.0 0.0 0.0 0.0381481 0.0 0.0 0.0 0.0 0.0 0.0 0.0 0.0 1.13249e-06 0.0 0.0 1.78516e-05 0.0 0.0 0.00314412 0.774057 0.0 1.3411e-06 0.983966 0.0 0.0 0.0 0.0 0.0 0.0 0.0 0.0 0.0 0.0 0.0 6.19888e-06 0.000512183 0.0 0.0 0.0 0.0 0.0 0.0 0.0 0.0 0.0206956 0.0 0.0 0.0 0.0 0.0 0.0 0.0 0.0 0.0 0.0
0.0 0.0 0.0 1.60933e-06 0.0 0.0 0.0 0.0 0.0 0.0 0.0 0.0 0.0 0.0 0.0 0.0 0.0 0.0 0.0 0.0 0.0 0.0 0.0 0.0 0.0 0.0 0.0 0.0 0.0 0.0 0.0 0.0 0.0 0.0 0.0 0.0 0.0 0.0 0.0 0.0 0.0 0.998546 0.0 0.0 0.0 0.0 0.0 0.0 0.0 0.0 0.0 0.0 0.0 0.0 0.0 0.0 0.0 0.0 0.0 0.0 0.0 0.0 0.0 0.0
0.0 0.0 0.0 0.0 0.0 0.0 0.0 0.0 0.0 0.0 0.0 0.0 0.0 0.0 5.96046e-08 0.0 0.0 0.0 0.0 0.0 0.0 0.0 0.0 0.0 0.0 0.0 0.0 0.0 0.0 5.96046e-08 0.0 0.0 0.0 0.0 0.0 0.0 0.0 0.0 0.0 0.0 0.0 0.0 0.0 0.0 0.0 0.0 0.0 0.0 0.0 0.0 0.999185 0.0 0.0 0.0 0.0 0.0 1.01328e-06 8.9407e-08 8.9407e-08 0.0 0.0 0.0 0.0 1.04308e-05
0.0 0.0 0.0 0.0 0.0 0.0 0.0 1.01328e-05 7.81417e-05 0.0 0.0 0.0 0.00172624 0.0 0.0 0.0 0.0 0.0 0.0 0.0 0.0 3.09944e-06 0.0 0.0 0.00663877 0.0 0.0 5.27501e-06 0.00118127 0.0 0.0 0.010222 0.0 0.0 0.0 0.0 0.0 0.0 0.0 0.0 0.0 0.0 0.0 0.0 1.23978e-05 0.0 0.0 0.0 0.0 0.0 0.0 0.0 0.0 0.0517715 0.0 0.0 0.0 0.0 2.98023e-08 0.0 0.0 1.49012e-07 0.0 0.0
0.0 0.0 0.0 0.0 0.0 0.0 0.0 1.19209e-07 0.0 0.0 0.0 0.0 0.0 0.0 0.0 0.0 0.0 0.0 0.0 0.0 0.0 0.0 0.0 0.0 0.0 0.0 0.0 0.0 0.0 0.0 3.27826e-07 0.0 0.0 0.0 0.0 0.0 0.0 0.0 0.0 0.0 0.0 0.0 0.0 1.46031e-06 0.0 0.0 0.0 0.0 0.0 0.0 0.0 0.0 0.0 0.0 0.0 0.0 0.0 0.0 0.0 0.0 0.0 0.0 0.0 0.0
0.0 0.0 0.0 0.0 0.0 0.0 0.0 0.0181153 0.0 0.0 0.0 0.0 6.21378e-05 0.0 0.0 0.0 0.0 0.0 0.0 0.0 0.0 7.15256e-07 0.0 0.0 7.15256e-07 0.0 0.0 0.00113907 0.243765 0.0 0.0 0.0852399 0.0 0.0 0.0 0.0 0.0 0.0 0.0 0.0 0.0 0.0 0.0 1.03712e-05 0.000115067 0.0 0.0 0.0 0.0 1.19209e-07 0.0 0.0 0.0 0.000254065 0.0 0.0 0.0 0.0 0.0 0.0 0.0 0.0 0.0 0.0
0.0 7.7486e-07 0.0 0.0 0.0 0.0 0.0 0.0 2.98023e-08 0.0 0.0 0.0 0.0 0.0 0.0 0.0 0.0 0.0 0.0 0.0 0.0 0.0 0.0 0.0 0.0 0.0 0.0 0.0 0.0 0.0 0.0 0.0 0.0 0.0 0.0 0.0 0.0 0.0 0.0 0.0 0.0 0.0 0.0 0.0 0.0 5.93066e-05 0.0 0.0 0.0 0.0 0.0 0.0 0.0 0.0 0.0 0.0 0.0 0.0 0.0 0.0 0.0 0.00111532 0.0 0.0
0.0 0.0 0.0 0.0 1.96695e-05 0.965287 2.71201e-06 0.0 0.0 0.0 0.0 0.0 0.0 0.000287741 7.56979e-06 0.0 0.0046021 0.0 0.0 0.0 0.0 0.0 2.98023e-08 2.98023e-08 0.0 0.0 0.00615913 0.0 0.0 1.10269e-06 0.0 0.0 0.0 0.0 0.0 0.0 1.19209e-07 0.0 0.0 0.0 0.0 0.0 0.000858456 0.0 0.0 0.0 0.0 1.40369e-05 0.000506371 1.93715e-05 0.0 0.0 0.0366929 0.0 0.0 0.0 5.26309e-05 6.4075e-06 0.0 0.0 0.00371948 0.0 0.00126338 0.000598282
0.383038 0.0 0.0 0.0 0.0 0.0 1.49012e-05 0.0 0.0 0.000213206 0.000194609 0.0 0.0 0.0 0.0 0.0 0.0 0.0 0.0 0.0 2.90573e-05 0.0 2.15173e-05 0.0 0.0 0.988568 0.0 0.0 0.0 0.0 0.0 0.0 0.0 0.0 0.0 0.0872477 0.00719297 0.0 1.49012e-07 7.236e-05 0.0 0.0 0.0 0.0 0.0 0.0 0.0 0.0 1.19209e-07 0.0 0.0 0.0 0.0 0.0 0.00118306 0.0 0.0 0.0 0.0 1.46031e-06 0.0 0.0 2.98023e-08 0.0
0.00312808 0.0 0.0 0.0 0.0 1.04308e-06 1.54078e-05 0.0 0.0 0.0475445 0.000527382 1.49012e-07 0.0 6.25849e-07 0.0 0.0 0.0 0.0 0.0 0.0 0.0137743 0.0 0.994825 0.0 0.0 2.98023e-07 3.27826e-07 0.0 0.0 0.0 0.0 0.0 0.0 0.0 0.0 0.00106397 0.101738 0.0 0.0 0.0 0.0 0.0 0.000786752 0.0 0.0 0.0 0.0 2.68221e-07 0.0841737 0.0 0.0 0.0 0.00103909 0.0 0.0 0.0 6.25849e-07 1.19209e-07 0.0 0.0 9.53674e-07 0.0 0.0386414 0.0
0.0 0.0 0.0 0.0 2.08616e-07 0.0 0.0 0.0 0.0 0.0 0.0 0.991842 0.0 0.0 0.0 0.0 2.35438e-06 0.0 0.0 0.0 0.0 0.0 0.0 1.29342e-05 0.0 0.0 0.0 0.0 0.0 0.0 0.0 0.0 0.0 0.0 0.0 0.0 0.0 0.0 0.0 0.0 0.0 0.0 0.0 0.0 0.0 0.0 0.0 0.000357389 0.0 0.0 0.0 0.0 0.0 0.0 0.0 0.0 0.0 0.0 0.0 0.0 7.7486e-07 0.0 0.0 0.0
0.0 0.0 0.0 0.0 0.000172526 1.49012e-07 0.0 0.0 0.0 0.0 0.0 5.96046e-08 0.0 0.0 0.98797 0.0 0.0333363 0.0 0.0 0.0 0.0 0.0 0.0 1.13845e-05 0.0 0.0 1.4931e-05 4.17233e-07 0.0 2.94149e-05 0.0 0.0 0.0 0.0 0.0 0.0 0.0 0.0 0.0 0.0 0.0 0.0 0.0 0.0 2.98023e-07 0.0 0.0 2.82228e-05 0.0 0.0192728 0.0 0.0 0.0 0.0 0.0 0.0 1.43051e-06 9.23872e-07 0.0 0.0 0.000832796 0.0 0.0 0.00097847
0.0 0.10814 0.0 0.0 0.0 0.0 0.0 0.0 0.0 0.0 0.0 0.0 0.0 0.0 0.0 0.0 0.0 0.0 0.0 0.0 0.0 0.0 0.0 0.0 0.0 0.0 0.0 0.0 0.0 0.0 0.0 0.0 0.0 0.0 0.0 0.0 0.0 0.0 0.0 0.0 0.0 0.0 0.0 0.0 0.0 0.176498 0.0 0.0 0.0 0.0 0.0 0.0 0.0 0.0 0.0 0.0 0.0 0.0 0.0 0.0 0.0 8.28505e-06 0.0 0.0
0.0 0.0 0.0 0.0 0.0 0.0 0.0 0.0 0.0 0.0 0.0 0.0 0.0 0.0 0.0 0.0 0.0 0.0 0.0 0.0 0.0 0.0 0.0 0.0 0.0 0.0 0.0 0.0 0.0 0.0 0.0 0.0 0.0 0.0 0.0 0.0 0.0 0.0 0.0 0.0 0.0 0.0 0.0 0.0 0.0 0.0 0.0 0.0 0.0 0.0 0.0 0.0 0.0 0.0 0.0 0.0 0.0 0.0 0.0 0.0 0.0 0.0 0.0 0.0
0.000900656 0.0 0.0 0.0 2.98023e-08 3.68059e-05 0.992015 0.0 0.0 9.53674e-07 0.0 0.0 0.0 0.037118 0.0 0.0 2.98023e-07 0.0 0.0 0.0 7.7486e-07 0.0 7.48038e-06 0.0 0.0 2.08616e-07 7.7188e-06 0.0 0.0 0.0 0.0 0.0 0.0 0.0 0.0 0.0733222 0.0303846 0.0 0.0 0.0 0.0 0.0 0.004951 0.0 0.0 0.0 0.0 8.9407e-08 0.0767184 0.0 0.0 0.0 0.0778489 0.0 0.0 0.0 0.000508845 0.00812131 0.0 2.08616e-07 1.3262e-05 0.0 0.00703749 7.12276e-06
3.27826e-07 0.0 0.0 3.8743e-07 0.0 0.0 0.0 0.0 0.0 2.08616e-07 7.15256e-07 0.0 0.0 0.0 0.0 0.0 0.0 0.0 0.0 1.19209e-07 2.563e-06 0.0 0.0 0.0 0.0 0.000690013 0.0 0.0 0.0 0.0 0.0 0.0 0.0 2.98023e-08 0.0 8.9407e-08 0.0 0.0 0.0146407 0.99063 2.20537e-06 0.0 0.0 0.0 0.0 0.0 0.0 0.0 0.0 0.0 0.0 0.578738 0.0 0.0 0.996082 0.0 0.0 0.0 0.0 3.54648e-06 0.0 0.0 0.0 0.0
2.38419e-07 0.0 0.0 0.0 0.0 0.00277919 0.00327158 0.0 0.0 0.0 0.0 0.0 0.0 0.986216 0.0 0.0 2.68221e-07 0.0 0.0 0.0 3.8743e-07 0.0 5.06639e-07 0.0 0.0 0.0 0.00381953 0.0 0.0 1.19209e-07 0.0 0.0 0.0 0.0 0.0 1.65403e-05 0.000264585 0.0 0.0 0.0 0.0 0.0 0.000504911 0.0 0.0 0.0 0.0 0.0 0.00262484 0.0 0.0 0.0 0.468038 0.0 0.0 0.0 0.000258088 0.0365857 0.0 0.0 1.79112e-05 0.0 0.000133306 0.00151855
0.0 0.0 0.0 0.000385612 0.0 0.0 0.0 0.0 0.0 0.0 0.0 0.0 0.0 0.0 0.0 0.0 0.0 0.0 0.0 0.282667 0.0 0.0 0.0 0.0 0.0 1.19209e-07 0.0 0.0 0.0 0.0 0.0 0.0 0.0 0.00564355 0.0 0.0 0.0 0.0 0.294413 0.0662948 0.00393355 0.0 0.0 0.0 0.0 0.0 0.0 0.0 0.0 0.0 0.0 0.99727 0.0 0.0 0.769278 0.0 0.0 0.0 0.0 5.96046e-08 0.0 0.0 0.0 0.0
0.0 0.0 0.0 0.0 0.0 0.0 0.0 0.0 0.0 0.0 0.0 0.0 0.0 0.0 0.0 0.0 0.0 0.999964 0.0 0.0 0.0 0.0 0.0 0.0 0.0 0.0 0.0 0.0 0.0 0.0 0.0 0.0 0.0 0.0 0.0 0.0 0.0 0.0 0.0 0.0 0.0 0.0 0.0 0.0 0.0 0.0 0.0 0.0 0.0 0.0 0.0 0.0 0.0 0.0 0.0 0.0 0.0 0.0 0.0 0.0 0.0 0.0 0.0 0.0
0.0 0.0 0.0 0.0 5.96046e-08 0.0 0.0 0.00105739 0.0 0.0 0.0 0.0 9.92417e-06 0.0 5.06639e-07 0.0 0.0 0.0 0.0 0.0 0.0 0.0 0.0 4.68493e-05 0.0 0.0 0.0 0.0500153 0.0145059 0.0 0.0 0.000684619 0.0 0.0 0.0 0.0 0.0 0.0 0.0 0.0 0.0 0.0 0.0 6.85453e-07 1.19209e-07 0.0 0.0 0.0 0.0 3.42727e-06 0.0 0.0 0.0 2.98023e-08 0.0 0.0 0.0 0.0 0.0 0.0 0.0 0.0 0.0 0.0
0.0 0.0 0.0 0.0 0.0 0.0 0.0 0.0 0.000125855 0.0 0.0 0.0 0.0 0.0 0.0 0.0 0.0 0.0 0.0 0.0 0.0 5.96046e-08 0.0 0.0 0.0 0.0 0.0 0.0 0.0 0.0 6.97374e-06 0.0 0.998811 0.0 0.0 0.0 0.0 0.0 0.0 0.0 0.0 0.0 0.0 0.0 0.0 0.0 0.0 0.0 0.0 0.0 0.0 0.0 0.0 0.0 0.0 0.0 0.0 0.0 0.0 0.0 0.0 0.0 0.0 0.0
0.0 0.0 0.0 0.0 0.0 0.0 0.0 0.0 0.0 0.0 0.0 0.0 0.0 0.0 0.0 5.13196e-05 0.0 0.0 0.0 0.0 0.0 0.0 0.0 0.0 0.0 0.0 0.0 0.0 0.0 0.0 0.0 0.0 0.0 0.0 0.980624 0.0 0.0 0.0 0.0 0.0 0.0 0.0 0.0 0.0 0.0 0.0 0.0 0.0 0.0 0.0 0.0 0.0 0.0 0.0 0.0 0.0 0.0 0.0 0.0 0.0 0.0 0.0 0.0 0.0
0.0 0.0 0.0 0.0 3.27826e-07 0.00131527 5.96046e-08 0.0 0.0 0.0 0.0 0.0 0.0 0.000171512 2.26498e-05 0.0 0.010125 0.0 0.0 0.0 0.0 0.0 0.0 0.0 0.0 0.0 0.990012 0.0 0.0 9.83477e-07 0.0 0.0 0.0 0.0 0.0 0.0 0.0 0.0 0.0 0.0 0.0 0.0 0.000371754 0.0 0.0 0.0 0.0 7.15256e-07 3.11136e-05 4.25577e-05 0.0 0.0 0.00123441 0.0 0.0 0.0 9.83477e-07 1.4782e-05 0.0 0.0 0.204584 0.0 0.000280619 6.91116e-05
0.0 0.0 0.0 0.0 4.17233e-07 2.98023e-07 0.0 0.0 0.0 0.0 0.0 0.0 0.0 8.9407e-08 9.64105e-05 0.0 4.73857e-06 0.0 0.0 0.0 0.0 0.0 0.0 8.9407e-08 0.0 0.0 7.51019e-06 0.0 0.0 0.995903 0.0 0.0 0.0 0.0 0.0 0.0 0.0 0.0 0.0 0.0 0.0 0.0 1.3113e-06 0.0 8.34465e-07 0.0 0.0 0.0 2.98023e-08 0.000122905 0.0 0.0 1.19209e-07 0.0 0.0 0.0 0.138437 2.94745e-05 0.0 0.0 1.91629e-05 0.0 1.78814e-07 0.25887
4.11272e-06 0.0 0.0 0.0 0.0 5.96046e-08 0.0 0.0 0.0 9.89437e-06 0.990197 0.0 0.0 0.0 0.0 0.0 0.0 0.0 0.0 0.0 0.000985712 0.0 0.0107677 0.0 0.0 7.03335e-06 0.0 0.0 0.0 0.0 0.0 0.0 0.0 0.0 0.0 5.06639e-07 1.19805e-05 0.0 0.0 1.19209e-07 0.0 0.0 8.9407e-08 0.0 0.0 0.0 0.0 0.0 3.27826e-07 0.0 0.0 0.0 0.0 0.0 2.98023e-08 0.0 0.0 0.0 0.0 0.0 0.0 0.0 1.40071e-06 0.0
0.0 0.0 0.0 0.0 0.0 0.0 0.0 1.19209e-07 0.0 0.0 0.0 0.0 2.98023e-08 0.0 7.15256e-07 0.0 0.0 0.0 0.0 0.0 0.0 0.000841111 0.0 0.0 0.0 0.0 1.78814e-07 5.07832e-05 7.97212e-05 1.78814e-07 0.0 5.66244e-07 0.0 0.0 0.0 0.0 0.0 0.0 0.0 0.0 0.0 0.0 0.0 0.0 0.256376 0.0 0.0 0.0 0.0 7.15256e-07 0.0 0.0 0.0 5.66244e-07 0.0 0.0 0.0 0.0 0.0 0.0 0.0 0.0 0.0 1.01328e-06
0.0 0.0 0.0 0.0 0.0 0.0 0.0 0.0 0.0 0.0 0.0 0.0 0.0 0.0 0.0 0.0 0.0 0.0 0.0 0.0 0.0 0.0 0.0 0.0 0.0 0.0 0.0 0.0 0.0 0.0 0.0 0.0 0.0 0.0 0.0 0.0 0.0 8.9407e-08 0.0 0.0 0.0 0.0 0.0 0.0 0.0 0.0 0.999506 0.0 0.0 0.0 0.0 0.0 0.0 0.0 0.0 0.0 0.0 0.0 0.0 0.0 0.0 0.0 0.0 0.0
0.0 0.00860912 0.0 0.0 0.0 0.0 0.0 0.0 0.000364572 0.0 0.0 0.0 0.0 0.0 0.0 0.0 0.0 0.0 0.0 0.0 0.0 0.0 0.0 0.0 5.42402e-06 0.0 0.0 0.0 0.0 0.0 5.36442e-07 0.0 2.98023e-08 0.0 0.0 0.0 0.0 0.0 0.0 0.0 0.0 0.0 0.0 0.0 0.0 2.61068e-05 0.0 0.0 0.0 0.0 0.0 0.0 0.0 0.0 0.0 0.0 0.0 0.0 0.0 0.0 0.0 0.993331 0.0 0.0
0.0 0.0 0.0 0.0 3.92199e-05 5.45382e-06 1.3411e-06 0.0 0.0 0.0 0.0 0.0 0.0 1.96397e-05 3.57628e-06 0.0 2.23517e-06 0.0 0.0 0.0 0.0 0.0 0.0 1.37091e-06 0.0 0.0 5.96046e-07 0.0 0.0 0.0624647 0.0 0.0 0.0 0.0 0.0 0.0 8.9407e-08 0.0 0.0 0.0 0.0 0.0 0.00180721 0.0 0.0 0.0 0.0 1.49012e-07 0.000181794 3.27826e-07 2.98023e-08 0.0 0.000334918 0.0 0.0 0.0 0.999365 0.00200039 0.0 0.0 9.71556e-06 0.0 0.000178248 0.727726
0.0 0.0 0.0 0.0 9.59635e-06 4.55976e-06 0.000186682 0.0 0.0 0.0 0.0 0.0 0.0 0.0138135 7.86781e-06 0.0 1.81198e-05 0.0 0.0 0.0 0.0 0.0 0.0 0.0 0.0 0.0 0.000323355 0.0 0.0 0.000241965 0.0 0.0 0.0 0.0 0.0 0.0 2.38419e-07 0.0 0.0 0.0 0.0 0.0 0.000602394 0.0 0.0 0.0 0.0 1.19209e-07 0.000388056 5.69224e-06 0.0 0.0 0.00822911 0.0 0.0 0.0 0.0586704 0.992077 0.0 0.0 0.000367105 0.0 4.3571e-05 0.210031
0.0 0.0 0.0 0.0 0.0 0.0 0.0 0.000700265 0.0 0.0 0.0 0.0 8.70228e-06 0.0 0.0 0.0 2.98023e-08 0.0 0.0 0.0 0.0 1.04308e-06 0.0 1.10269e-05 0.0 0.0 0.0 0.993966 0.0681123 0.0 0.0 0.00299272 0.0 0.0 0.0 0.0 0.0 0.0 0.0 0.0 0.0 0.0 0.0 1.19209e-06 6.70552e-06 0.0 0.0 0.0 0.0 6.78897e-05 0.0 0.0 0.0 4.44055e-06 0.0 0.0 0.0 0.0 0.0 0.0 0.0 0.0 0.0 0.0
0.0 0.0 0.0 0.0 0.00733769 0.0 0.0 0.0 0.0 0.0 0.0 8.16584e-06 0.0 0.0 2.28286e-05 0.0 2.29776e-05 0.0 0.0 0.0 0.0 0.0 0.0 0.995855 0.0 0.0 0.0 5.73397e-05 0.0 0.0 0.0 0.0 0.0 0.0 0.0 0.0 0.0 0.0 0.0 0.0 0.0 0.0 2.98023e-08 0.0 0.0 0.0 0.0 0.00396171 0.0 5.97835e-05 0.0 0.0 0.0 0.0 0.0 0.0 1.2219e-06 0.0 0.0 0.0 1.46925e-05 0.0 0.0 1.78814e-07
0.91896 0.0 0.0 0.0 0.0 5.06639e-07 0.0565519 0.0 0.0 0.000302404 3.8147e-06 0.0 0.0 5.05447e-05 0.0 0.0 0.0 0.0 0.0 0.0 0.00325295 0.0 0.00464115 0.0 0.0 0.00284064 0.0 0.0 0.0 0.0 0.0 0.0 0.0 0.0 0.0 0.991557 0.520698 0.0 0.0 0.0 0.0 0.0 7.45058e-06 0.0 0.0 0.0 0.0 0.0 0.000425577 0.0 0.0 0.0 0.000147849 0.0 0.0 0.0 2.38419e-07 5.66244e-07 0.0 4.31836e-05 2.98023e-08 0.0 0.00017345 0.0
5.06639e-07 0.0 0.0 0.0 1.68681e-05 0.00373703 0.000432432 0.0 0.0 5.78165e-06 0.0 8.9407e-08 0.0 2.04742e-05 8.9407e-08 0.0 0.000984311 0.0 0.0 0.0 5.96046e-08 0.0 0.00289768 2.98023e-07 0.0 0.0 0.00290358 0.0 0.0 1.78814e-07 0.0 0.0 0.0 0.0 0.0 1.09971e-05 0.00203052 0.0 0.0 0.0 0.0 0.0 0.796991 0.0 0.0 0.0 0.0 0.000184119 0.775425 0.0 0.0 0.0 0.0608055 0.0 0.0 0.0 0.00265446 1.18017e-05 0.0 0.0 0.0330203 0.0 0.989242 2.563e-05
0.0 0.0 0.0 0.0 0.0 0.0 0.0 0.0 0.0 0.0 0.0 0.0 0.0 0.0 0.0 0.0 0.0 0.0 0.0 0.0 0.0 0.0 0.0 0.0 0.0 0.0 0.0 0.0 0.0 0.0 0.0 0.0 0.0 0.0 0.0 0.0 0.0 0.0 0.0 0.0 0.0 0.0 0.0 0.0 0.0 0.0 0.0 0.0 0.0 0.0 0.0 0.0 0.0 0.0 0.0 0.976919 0.0 0.0 0.0 0.0 0.0 0.0 0.0 0.0
0.985419 0.0 0.0 0.0 0.0 0.0 0.00643376 0.0 0.0 0.00682113 1.67489e-05 0.0 0.0 1.19209e-06 0.0 0.0 0.0 0.0 0.0 0.0 0.0135069 0.0 0.0364343 0.0 0.0 0.0683157 0.0 0.0 0.0 0.0 0.0 0.0 0.0 0.0 0.0 0.922279 0.609545 0.0 0.0 1.19209e-07 0.0 0.0 4.17233e-07 0.0 0.0 0.0 0.0 0.0 5.10812e-05 0.0 0.0 0.0 4.05312e-06 0.0 9.53674e-07 0.0 0.0 0.0 0.0 2.23219e-05 0.0 0.0 9.35793e-06 0.0
0.0 0.0 0.0 0.00541669 0.0 0.0 0.0 0.0 0.0 0.0 0.0 0.0 0.0 0.0 0.0 0.0 0.0 0.0 0.0 0.984585 0.0 0.0 0.0 0.0 0.0 0.0 0.0 0.0 0.0 0.0 0.0 0.0 0.0 0.15048 0.0 0.0 0.0 0.0 0.000457048 7.24196e-06 7.95722e-06 0.0 0.0 0.0 0.0 0.0 0.0 0.0 0.0 0.0 0.0 0.615464 0.0 0.0 0.000364006 0.0 0.0 0.0 0.0 0.0 0.0 0.0 0.0 0.0
0.0 0.0 0.0 0.0 0.000914723 1.19209e-07 0.0 0.0 0.0 0.0 0.0 0.0 0.0 0.0 0.00412503 0.0 0.000905573 0.0 0.0 0.0 0.0 0.0 0.0 0.000397623 0.0 0.0 9.38773e-06 0.000202358 1.78814e-07 1.4931e-05 0.0 8.9407e-08 0.0 0.0 0.0 0.0 0.0 0.0 0.0 0.0 0.0 0.0 0.0 0.0 0.0 0.0 0.0 3.3617e-05 0.0 0.98731 0.0 0.0 0.0 0.0 0.0 0.0 2.17557e-06 4.05312e-06 0.0 0.0 0.000220537 0.0 0.0 0.00322935
0.0 0.0 0.0 0.0 0.0 0.0 0.0 3.15905e-06 2.68221e-07 0.0 0.0 0.0 2.47955e-05 0.0 2.98023e-08 0.0 0.0 0.0 0.0 0.0 0.0 0.0139153 0.0 0.0 1.46031e-06 0.0 0.0 8.49366e-06 0.00361007 0.0 0.0 0.00186825 0.0 0.0 0.0 0.0 0.0 0.0 0.0 0.0 0.0 0.0 0.0 0.0 0.993828 0.0 0.0 0.0 0.0 0.0 0.0 0.0 0.0 0.00960439 0.0 0.0 0.0 0.0 0.0 0.0 0.0 0.0 0.0 0.0
0.0 0.0 0.0 0.0 0.000767112 0.000370651 5.96046e-08 0.0 0.0 0.0 0.0 6.25849e-07 0.0 1.01328e-06 0.00897577 0.0 0.953407 0.0 0.0 0.0 0.0 0.0 0.0 0.000186503 0.0 0.0 0.254082 1.49012e-07 0.0 7.36117e-06 0.0 0.0 0.0 0.0 0.0 0.0 0.0 0.0 0.0 0.0 0.0 0.0 0.000348836 0.0 0.0 0.0 0.0 0.00278348 8.07643e-06 0.0102285 0.0 0.0 2.47657e-05 0.0 0.0 0.0 2.38717e-05 6.17504e-05 0.0 0.0 0.996593 0.0 0.000131518 0.000817895
0.539757 0.0 0.0 0.0 0.0 4.20213e-06 0.0331732 0.0 0.0 0.00274411 4.70877e-06 0.0 0.0 0.000554681 0.0 0.0 0.0 0.0 0.0 0.0 0.00335282 0.0 0.0471922 0.0 0.0 0.000132114 5.96046e-08 0.0 0.0 0.0 0.0 0.0 0.0 0.0 0.0 0.660043 0.985992 0.0 0.0 0.0 0.0 0.0 0.000348717 0.0 0.0 0.0 0.0 0.0 0.0284151 0.0 0.0 0.0 0.0028902 0.0 0.0 0.0 1.63913e-06 2.65241e-06 0.0 1.19209e-07 1.49012e-07 0.0 0.00711957 0.0
0.0 0.0 0.0 0.0 0.0 0.0 0.0 0.0 1.49012e-07 0.0 0.0 0.0 0.000171691 0.0 0.0 0.0 0.0 0.0 0.0 0.0 0.0 0.0 0.0 0.0 0.0 0.0 0.0 0.0 0.0 0.0 0.998491 5.96046e-08 4.88758e-06 0.0 0.0 0.0 0.0 0.0 0.0 0.0 0.0 0.0 0.0 0.0 0.0 0.0 0.0 0.0 0.0 0.0 0.0 0.0 0.0 2.38419e-07 0.0 0.0 0.0 0.0 0.0 0.0 0.0 0.0 0.0 0.0
0.0 0.926725 0.0 0.0 0.0 0.0 0.0 0.0 0.0 0.0 0.0 0.0 0.0 0.0 0.0 0.0 0.0 0.0 0.0 0.0 0.0 0.0 0.0 0.0 0.0 0.0 0.0 0.0 0.0 0.0 1.78814e-07 0.0 0.0 0.0 0.0 0.0 0.0 0.0 0.0 0.0 0.0 0.0 0.0 0.0 0.0 0.000606745 0.0 0.0 0.0 0.0 0.0 0.0 0.0 0.0 0.0 0.0 0.0 0.0 0.0 0.0 0.0 0.000185758 0.0 0.0
0.0 0.0 0.0 0.0 0.0 0.0 0.0 0.0 0.025879 0.0 0.0 0.0 0.000161767 0.0 0.0 0.0 0.0 0.0 0.0 0.0 0.0 0.000115961 0.0 0.0 0.986926 0.0 0.0 1.49012e-07 4.83692e-05 0.0 3.27826e-07 8.28505e-05 1.19209e-07 0.0 0.0 0.0 0.0 0.0 0.0 0.0 0.0 0.0 0.0 0.0 4.17233e-07 0.0 0.0 0.0 0.0 0.0 0.0 0.0 0.0 0.317519 0.0 0.0 0.0 0.0 1.87755e-06 0.0 0.0 5.99027e-06 0.0 0.0
8.82447e-05 0.0 0.0 0.0 0.0 0.0 3.57628e-07 0.0 0.0 0.998354 3.06964e-06 0.0 0.0 0.0 0.0 0.0 0.0 0.0 0.0 0.0 1.17421e-05 0.0 0.0123704 0.0 0.0 2.68221e-06 0.0 0.0 0.0 0.0 0.0 0.0 0.0 0.0 0.0 9.26852e-06 0.000676185 0.0 0.0 0.0 0.0 0.0 4.17233e-07 0.0 0.0 0.0 0.0 0.0 2.6077e-05 0.0 0.0 0.0 5.06639e-07 0.0 0.0 0.0 0.0 0.0 0.0 0.0 0.0 0.0 1.10865e-05 0.0
54 59 2 58 18 43 8 45 0 36 20 60 4 10 37 46 3 51 41 30 12 63 17 61 33 35 26 14 47 9 15 1 6 13 5 16 56 42 40 53 48 52 21 7 49 29 34 55 57 62 50 28 27 11 39 19 44 24 23 22 25 38 32 31
