8
0.0 0.0 1.02818e-05 0.000155777 0.0 0.0 0.0 0.0 0.0 0.772978 0.0 0.000614941 0.0 0.0 0.000203043 0.0 0.0 0.0 0.0 0.0 0.0 0.0 0.0 8.01682e-06 0.0 0.0 7.7486e-07 0.0 0.918509 0.0 0.0 0.0 0.0 0.999264 8.9407e-08 0.0 3.25739e-05 0.0 1.70767e-05 0.979507 0.0 0.0 0.00578478 1.19209e-07 0.0 0.0 0.0 1.19209e-07 0.0 1.49012e-07 2.98023e-08 0.0 0.0 0.692385 0.0 0.0 0.0 0.0 0.0 0.0 4.82798e-06 0.0 0.0 0.0
0.0 0.0 2.08616e-07 0.0 0.0 0.0 0.0 0.0 0.0 5.96046e-08 0.0 0.0 0.0 0.999856 0.0 0.0 0.0 0.0 0.0 0.0 0.0 0.0 5.96046e-08 0.0 0.0 0.0 2.98023e-08 0.0 0.0 0.0 0.0 0.0 4.14252e-06 2.98023e-08 2.98023e-07 0.0 0.0 0.0 1.48416e-05 0.0 0.0 0.0 0.0 2.91467e-05 0.0 0.0 0.0 2.98023e-08 0.0 0.0 5.21541e-06 9.83477e-06 0.0 2.08616e-07 0.0 3.27826e-07 0.0 5.96046e-08 7.7188e-06 0.0 0.0 0.0 0.0 2.98023e-08
9.53674e-06 0.0 0.0 0.0 0.0 0.0 0.0 0.0 0.0 0.0 1.18017e-05 0.0 0.126547 0.0 0.0 0.0 0.0 0.000210136 0.0 0.992414 0.136747 9.98378e-06 0.0 0.0 0.000178397 0.000142783 0.0 7.62939e-06 0.0 0.0 5.30481e-06 2.77162e-05 0.0 0.0 0.0 0.0 0.0 0.0 0.0 0.0 0.0 0.0 0.0 0.0 0.0 0.0 0.0 0.0 0.0 0.0 0.0 0.0 0.00112328 0.0 0.00240514 1.19209e-07 0.0 3.09944e-06 0.0 0.0 0.0 2.98023e-07 0.0 0.0
0.0 0.0 4.76837e-07 0.0 0.0 0.0 1.78814e-07 0.0 0.0 8.9407e-08 0.0 7.30157e-06 0.0 2.33352e-05 1.49012e-07 0.0 0.0 0.0 0.0 0.0 0.0 0.0 0.0 0.0 0.0 8.9407e-08 0.00399503 0.0 5.06639e-07 0.0 0.0 0.0 0.990107 1.62125e-05 4.57764e-05 0.0 0.0 0.0 0.00520676 0.0 0.0 0.0 0.0 0.0010356 0.0 0.0 0.0 0.0 0.0 0.0 0.00753796 0.00122675 0.0 1.35303e-05 0.0 8.9407e-08 8.9407e-08 0.0 0.000796825 5.96046e-08 0.0 0.0 0.0 0.0
0.0 0.0 1.19209e-07 0.965079 4.39584e-05 0.0 7.45058e-07 0.0 0.0 0.049634 0.0 0.000137985 0.0 0.0 1.91927e-05 0.0 0.0 0.0 0.0 0.0 0.0 0.0 0.0 8.76188e-06 0.0 0.0 0.0 0.0 0.0017657 0.0 0.0 0.0 0.0 0.161148 0.0 0.0 0.999581 0.0 1.37091e-06 0.183331 0.0 0.0 0.0323929 0.0 0.0 0.0 0.0 9.68575e-06 0.0 5.66244e-07 1.49012e-07 0.0 0.0 0.0141443 0.0 0.0 4.76837e-07 0.0 0.0 0.0 8.9407e-08 0.0 0.0 0.0
0.0 0.0 0.0 0.0 0.0 0.998922 0.0 0.999227 0.0 0.0 0.0 0.0 0.0 0.0 0.0 0.0 2.38419e-07 0.0 0.0 0.0 0.0 0.0 0.0 0.0 0.0 0.0 0.0 0.0 0.0 0.0 0.0 0.0 0.0 0.0 0.0 0.0 0.0 0.0 0.0 0.0 0.0 0.0 0.0 0.0 0.0 0.0 0.0 0.0 0.0 0.0 0.0 0.0 0.0 0.0 0.0 0.0 0.0 0.0 0.0 0.0 0.0 0.0 0.0 0.0
0.0 0.0 7.42376e-05 0.0 0.0 0.0 0.0 0.0 0.0 8.9407e-08 0.0 6.55651e-06 0.0 0.0 1.37389e-05 0.0 0.0 0.0 0.000287354 0.0 0.0 0.0 0.0 8.9407e-06 0.0 0.0 0.0 0.0 2.5332e-06 0.0 0.0 0.0 0.0 0.000132412 0.0 0.0 0.0 0.0 1.01328e-06 1.19209e-07 0.0 0.0 0.0024744 2.98023e-07 0.0 0.0 0.0 9.95398e-06 4.76837e-07 0.999828 2.08616e-07 0.0 0.0 0.0 0.0 0.0 0.0 0.0 1.49012e-07 0.0 2.63453e-05 0.0 0.0 0.0
0.0 0.0 0.0 0.0 0.0 0.990182 0.0 0.993019 0.0 0.0 0.0 0.0 0.0 0.0 0.0 0.0 0.0 0.0 0.0 0.0 0.0 0.0 0.0 0.0 0.0 0.0 0.0 0.0 0.0 0.0 0.0 0.0 0.0 0.0 0.0 0.0 0.0 0.0 0.0 0.0 0.0 0.0 0.0 0.0 0.0 3.27826e-07 0.0 0.0 0.0 0.0 0.0 0.0 0.0 0.0 0.0 0.0 0.0 0.0 0.0 0.0 0.0 0.0 0.0 0.0
0.0 1.60933e-06 0.110332 0.0 1.19209e-07 0.0 0.0 0.0 0.0 1.10269e-05 0.0 8.04663e-07 0.0 1.07884e-05 1.66893e-06 0.0 0.0 0.0 0.00220317 0.0 0.0 0.0 0.0 0.0018737 0.0 0.0 0.0 0.0 0.000807077 0.0 0.0 0.0 9.89139e-05 0.000213355 2.98023e-08 0.0 0.0 0.0 0.530345 1.49012e-07 0.0 0.0 0.0079776 0.0508211 0.0 0.0 0.0 7.15256e-07 0.000367492 0.000417262 0.980619 0.0 0.0 0.000602186 0.0 0.0 0.0 0.0 2.08616e-07 0.0 0.0093348 0.0 0.0 0.0
0.0 4.17233e-07 0.000164211 1.78814e-07 2.98023e-08 0.0 4.17233e-07 0.0 0.0 0.90828 0.0 0.00319162 0.0 1.19209e-06 0.00249889 0.0 0.0 0.0 0.0 0.0 0.0 0.0 5.96046e-08 3.62098e-05 0.0 0.0 0.000311106 0.0 0.974683 0.0 0.0 0.0 0.000122607 0.989166 1.40071e-05 0.0 0.000438184 0.0 0.0111577 0.431906 0.0 0.0 0.0542556 0.00277808 0.0 0.0 0.0 0.000110447 0.0 2.98023e-08 0.00012061 1.81794e-06 0.0 0.999871 0.0 1.19209e-07 5.06639e-07 0.0 5.126e-06 0.0 2.32756e-05 0.0 0.0 0.0
0.00542155 0.0 0.0 0.0 0.0 0.0 0.0 0.0 0.0 0.0 6.64592e-06 0.0 0.00019291 0.0 0.0 0.0 0.0 3.01003e-06 0.0 0.0118386 6.61612e-06 0.00173804 0.0 0.0 5.36442e-07 2.68221e-07 0.0 9.18508e-05 0.0 0.0 2.98023e-07 9.14633e-05 0.0 0.0 0.0 0.0 0.0 0.0 0.0 0.0 0.0 0.0 0.0 0.0 0.0 0.0 0.0 0.0 0.0 0.0 0.0 0.0 0.00125688 0.0 0.996913 1.19209e-07 0.0 6.22869e-05 0.0 0.0 0.0 0.0 0.0 3.8743e-07
0.00130361 0.0 0.0 0.0 0.0 0.0 0.00068292 0.0 0.0 0.0 0.999919 1.57356e-05 0.13591 0.0 6.85453e-07 0.0 0.0 0.0 0.0 8.97646e-05 0.000115603 2.37525e-05 1.37091e-06 0.0 0.0 0.0466398 2.38419e-07 0.0 0.0 0.0 0.0 1.5378e-05 0.0 0.0 1.78814e-07 0.0 0.0 0.0 1.19209e-07 0.0 0.0 0.0 0.0 2.98023e-08 0.0 0.0 0.0 0.00255007 0.0 0.0 0.0 4.55976e-06 0.0775014 0.0 2.37226e-05 0.00145227 0.000416815 0.000461102 5.52237e-05 1.508e-05 0.0 0.0 0.0 6.02007e-06
1.78814e-07 0.0 0.0 0.0 0.0 0.0 0.0 0.0 0.0 0.0 0.0 0.0 0.0 0.0 0.0 0.0 0.0 0.0 0.0 0.0 0.0 1.13249e-06 0.0 0.0 0.0 0.0 0.0 0.0 0.0 0.0 0.0 0.0 0.0 0.0 0.0 0.0 0.0 0.0 0.0 0.0 0.0 0.0 0.0 0.0 0.975602 0.0 0.0 0.0 0.0 0.0 0.0 0.0 0.0 0.0 0.0 0.0 0.0 0.0 0.0 0.0 0.0 0.0 1.18017e-05 0.0
0.0 0.0 0.0 0.0 0.0 0.0 0.0 0.0 0.997045 0.0 0.0 0.0 0.0 0.0 0.0 0.0 0.0 0.0 0.0 0.0 0.0 0.0 0.0 0.0 0.0 0.0 0.0 0.0 0.0 0.0 0.0 0.0 0.0 0.0 0.0 0.0 0.0 0.0 0.0 0.0 0.0 0.0 0.0 0.0 0.0 0.0 0.0 0.0 0.0 0.0 0.0 0.0 0.0 0.0 0.0 0.0 0.0 0.0 0.0 0.0 0.0 0.0 0.0 0.0
1.19209e-07 0.0 0.0 0.0 0.0 0.0 0.00449112 0.0 0.0 0.0 2.35736e-05 1.78814e-07 0.000898182 2.98023e-08 1.2219e-06 0.0 0.0 0.0 0.0 6.97374e-06 0.000148833 0.0 0.0 0.0 0.0 0.000902116 0.0 0.0 0.0 0.0 0.0 1.08182e-05 0.0 0.0 8.9407e-08 0.0 0.0 0.0 0.0 0.0 0.0 0.0 0.0 0.0 0.0 0.0 0.0 0.000376612 0.0 0.0 0.0 2.5034e-06 6.99759e-05 0.0 3.87132e-05 0.0169481 9.63211e-05 0.997366 3.8445e-06 2.08616e-07 0.0 0.0 0.0 2.98023e-08
0.0 0.0 0.0 0.0 0.0 0.0 0.0 0.0 0.0 0.0 0.0 0.0 5.96046e-07 0.0 0.0 0.0 0.0 1.61231e-05 0.0 0.0 0.0 0.0 0.0 0.0 0.0 6.64592e-06 0.0 0.0 0.0 0.0 8.64267e-07 0.0 0.0 0.0 0.0 0.0 0.0 0.0 0.0 0.0 0.993767 0.0 0.0 0.0 0.0 0.0 0.0 0.0 0.0 0.0 0.0 0.0 2.08616e-07 0.0 0.0 2.98023e-08 0.0 0.0 0.0 4.58956e-06 0.0 0.0 0.0 0.0
3.78489e-06 2.44379e-06 0.0 0.0 0.0 0.0 1.78814e-07 0.0 0.0 0.0 0.000330746 0.0 7.15256e-07 7.7486e-07 1.19209e-07 0.0 0.0 0.0 0.0 0.0 0.0 0.0 7.7486e-07 0.0 0.0 9.91523e-05 0.0 0.0 0.0 0.0 0.0 2.98023e-08 0.0 0.0 2.5034e-06 0.0 0.0 0.0 0.0 0.0 0.0 0.0 0.0 6.00815e-05 0.0 0.0 0.0 0.000702381 0.0 0.0 0.0 0.000460535 0.0758662 0.0 2.05636e-06 0.00203082 2.38419e-07 3.12328e-05 7.11977e-05 2.38419e-07 0.0 0.0 0.0 0.988245
0.0 0.0 2.98023e-08 0.0 0.0 0.0 1.38283e-05 0.0 0.0 1.81794e-06 1.07288e-05 0.00103715 1.16229e-06 6.25849e-07 3.43621e-05 0.0 0.0 0.0 0.0 0.0 0.0 0.0 2.68221e-05 0.0 0.0 4.75049e-05 0.993694 0.0 0.0 0.0 0.0 0.0 0.000626296 0.00190383 1.49012e-07 0.0 0.0 0.0 8.9407e-06 0.0 0.0 0.0 2.38419e-07 8.34465e-07 0.0 0.0 0.0 7.27177e-06 0.0 0.0 9.23872e-07 5.8949e-05 6.28829e-06 6.25849e-07 0.0 7.6592e-06 1.35601e-05 0.0 0.000827253 0.000235409 0.0 0.0 0.0 0.0
5.96046e-08 4.17233e-07 3.57628e-07 0.0 0.0 0.0 3.09348e-05 0.0 0.0 0.0 2.32756e-05 2.77162e-06 1.16229e-06 9.20892e-06 5.06639e-07 0.0 0.0 0.0 0.0 0.0 2.98023e-08 0.0 9.53674e-07 0.0 0.0 0.00129497 2.76864e-05 0.0 0.0 0.0 0.0 0.0 0.000164419 4.76837e-07 0.0506166 0.0 0.0 0.0 5.54323e-06 0.0 0.0 0.0 0.0 0.0119939 0.0 0.0 0.0 1.52886e-05 0.0 0.0 0.0 0.993084 0.000694036 2.68221e-07 0.0 0.00751275 1.81496e-05 3.15905e-06 0.00447962 8.63969e-05 0.0 0.0 0.0 7.30157e-06
0.0 0.998936 3.8743e-06 0.0 0.0 0.0 0.0 0.0 0.0 0.0 0.0 0.0 0.0 0.0 2.38419e-07 0.0 0.0 0.0 3.20971e-05 0.0 0.0 0.0 0.0 0.0 0.0 0.0 0.0 0.0 9.53674e-07 0.0 0.0 0.0 2.98023e-08 0.0 3.99053e-05 0.0 0.0 0.0 8.22246e-05 0.0 0.0 0.0 4.17233e-07 0.147626 0.0 0.0 0.0 1.13249e-06 0.0 0.0 5.66244e-07 9.23872e-07 0.0 2.08616e-07 0.0 0.0 0.0 0.0 0.0 0.0 0.0 0.0 0.0 5.30481e-06
0.0 0.0 0.0 0.0 0.0 0.0 0.0 0.0 0.0 0.0 0.0 0.0 0.0 0.0 0.0 0.997331 0.0 0.0 5.96046e-08 0.0 0.0 0.0 0.0 0.0 0.0 0.0 0.0 0.0 2.98023e-08 0.0 0.0 0.0 0.0 0.0 0.0 0.0 0.0 0.0 0.0 0.0 0.0 0.0 0.0 0.0 0.0 0.0 4.79519e-05 0.0 0.000997752 0.0 0.0 0.0 0.0 0.0 0.0 0.0 0.0 0.0 0.0 0.0 4.02331e-06 0.0 0.0 0.0
0.0 0.0 0.0 0.0 0.0 0.0 2.15173e-05 0.0 0.0 0.0 6.88434e-06 0.0 0.0749254 0.0 0.0 0.0 0.0 3.8743e-07 0.0 0.209547 0.993604 0.0 0.0 0.0 5.66244e-07 0.00400341 0.0 0.0 0.0 0.0 5.24521e-06 9.89437e-06 0.0 0.0 0.0 0.0 0.0 0.0 0.0 0.0 0.0 0.0 0.0 0.0 0.0 0.0 0.0 2.98023e-08 0.0 0.0 0.0 4.47035e-07 9.74536e-06 0.0 3.8147e-06 1.15037e-05 1.04308e-06 0.000161618 0.0 1.7941e-05 0.0 5.96046e-08 0.0 0.0
0.999784 0.0 0.0 0.0 0.0 0.0 1.78814e-07 0.0 1.49012e-07 0.0 0.0132794 0.0 0.000732094 0.0 0.0 0.0 0.0 7.15256e-06 0.0 6.75917e-05 8.9407e-08 0.0428237 5.427e-05 0.0 0.0 6.4671e-06 0.0 2.46763e-05 0.0 0.0 0.0 0.00045985 0.0 0.0 0.0 0.0 0.0 0.0 0.0 0.0 0.0 0.0 0.0 0.0 7.45058e-07 0.0 0.0 0.0 0.0 0.0 0.0 0.0 0.0016169 0.0 0.00582957 1.19209e-07 0.0 9.83477e-07 0.0 0.0 0.0 0.0 3.18885e-06 3.57628e-06
0.0 0.0 0.0 0.00654584 0.00205207 0.0 0.0 0.0 0.0 9.53674e-07 0.0 0.0 0.0 0.0 0.0 0.0 0.0 0.0 0.0 0.0 0.0 0.0 0.0 3.15905e-06 0.0 0.0 0.0 0.0 0.0666957 0.0 0.0 0.0 0.0 8.22544e-06 0.0 0.0 2.44379e-06 0.0 0.0 1.62423e-05 0.0 0.0 0.000462323 0.0 0.0 0.0 0.0 0.0 0.0 0.0 0.0 0.0 0.0 2.89679e-05 0.0 0.0 0.0 0.0 0.0 0.0 2.68221e-07 0.0 0.0 0.0
0.0 0.0 5.36442e-07 0.0 0.0 0.0 0.350131 0.0 0.0 2.08616e-07 0.00335154 0.169052 0.0011107 0.0 0.010336 0.0 0.0 0.0 0.0 0.0 3.59118e-05 0.0 2.47359e-06 0.0 0.0 0.104658 3.78489e-06 0.0 0.0 0.0 0.0 4.82798e-06 1.49012e-07 2.5928e-05 3.34978e-05 0.0 5.36442e-07 0.0 3.39746e-06 0.0 0.0 0.0 0.0 7.86781e-05 0.0 0.0 0.0 0.165196 0.0 0.0 0.0 9.79304e-05 0.000701219 0.0 0.0 0.251792 0.994654 0.00237018 0.0148698 0.0029617 0.0 0.0 0.0 0.0
0.0208413 0.0 0.0 0.0 0.0 0.0 0.0 0.0 0.0 0.0 3.06964e-06 0.0 0.0001674 0.0 0.0 0.0 0.0 7.15256e-06 0.0 0.000222415 0.0 0.982047 0.0 0.0 0.0 7.15256e-07 0.0 0.00227857 0.0 0.0 0.0 0.000378788 0.0 0.0 0.0 0.0 0.0 0.0 0.0 0.0 0.0 0.0 0.0 0.0 5.06639e-07 0.0 0.0 0.0 0.0 0.0 0.0 0.0 0.000101149 0.0 0.0018259 0.0 0.0 0.0 0.0 0.0 0.0 0.0 2.08616e-07 0.0
0.0 0.0 3.12626e-05 1.01328e-06 1.19209e-07 0.0 0.0 0.0 0.0 0.0982008 0.0 1.32322e-05 0.0 8.9407e-08 1.49012e-06 0.0 0.0 0.0 0.0 0.0 0.0 0.0 0.0 0.00165966 0.0 0.0 1.49012e-07 0.0 0.831971 0.0 0.0 0.0 1.3411e-06 0.982712 2.98023e-08 0.0 4.95613e-05 0.0 0.000170022 0.169762 0.0 0.0 0.195742 2.08616e-06 0.0 0.0 0.0 0.0 5.96046e-08 1.19209e-07 1.99676e-06 0.0 0.0 0.918155 0.0 0.0 0.0 0.0 5.96046e-08 0.0 4.92036e-05 0.0 0.0 0.0
0.0 0.0 2.6077e-05 1.19209e-07 0.0 0.0 2.71201e-06 0.0 0.0 0.993073 0.0 0.00971982 0.0 3.75509e-06 0.00247619 0.0 0.0 0.0 0.0 0.0 0.0 0.0 0.0 1.49012e-06 0.0 0.0 0.000336558 0.0 0.000122875 0.0 0.0 0.0 3.99053e-05 0.816199 2.08616e-07 0.0 0.000109226 0.0 0.000145137 0.0179826 0.0 0.0 0.00569648 3.81768e-05 0.0 0.0 0.0 9.11653e-05 0.0 2.98023e-07 4.64916e-06 4.17233e-07 0.0 0.00785199 0.0 1.78814e-07 4.70877e-06 0.0 2.68221e-05 0.0 0.0 0.0 0.0 0.0
0.0 0.0 0.0 0.0 0.0 0.0 0.0 0.0 0.0 0.0 0.0 0.0 0.0 0.0 0.0 0.0 0.0 0.0 0.0 0.0 0.0 0.0 0.0 0.0 0.0 0.0 0.0 0.0 0.0 0.0 0.0 0.0 0.0 0.0 0.0 0.0 0.0 0.0 0.0 0.0 0.0 0.0 0.0 0.0 0.0 0.998198 0.0 0.0 0.0 0.0 0.0 0.0 0.0 0.0 0.0 0.0 0.0 0.0 0.0 0.0 0.0 0.0 0.0 0.0
0.0 6.31809e-06 0.00642887 0.0 0.0 0.0 0.0 0.0 0.0 0.0 0.0 0.0 0.0 0.0 0.0 1.13249e-06 0.0 0.0 0.997432 0.0 0.0 0.0 0.0 2.68221e-06 0.0 0.0 0.0 0.0 4.76837e-07 0.0 0.0 0.0 0.0 8.9407e-08 0.0 0.0 0.0 0.0 0.000211805 0.0 0.0 0.0 1.49012e-07 0.000156313 0.0 0.0 0.0 0.0 7.689e-06 0.00037995 5.54323e-06 0.0 0.0 0.0 0.0 0.0 0.0 0.0 0.0 0.0 8.34465e-07 0.0 0.0 0.0
0.00499639 0.0 0.0 0.0 0.0 0.0 8.67248e-06 0.0 0.0 0.0 3.23653e-05 0.0 0.00387296 0.0 0.0 0.0 0.0 8.9407e-08 0.0 0.000291556 7.11977e-05 0.00348514 2.98023e-08 0.0 0.0 0.00027889 0.0 0.0 0.0 0.0 0.0 0.998608 0.0 0.0 0.0 0.0 0.0 0.0 0.0 0.0 0.0 0.0 0.0 0.0 0.0 0.0 0.0 0.0 0.0 0.0 0.0 0.0 0.00583553 0.0 0.000145674 0.000197053 6.55651e-07 2.17259e-05 0.0 2.08616e-07 0.0 3.27826e-07 0.0 8.9407e-08
0.0 1.19209e-07 4.65214e-05 0.0 0.0 0.0 0.000148326 0.0 0.0 0.000243932 6.25849e-07 0.36368 5.96046e-08 0.0 0.997718 0.0 0.0 0.0 0.0 0.0 0.0 0.0 0.0 0.0 0.0 1.10865e-05 9.71556e-06 0.0 4.94719e-06 0.0 0.0 0.0 5.96046e-08 0.0249083 3.24845e-06 0.0 2.98023e-08 0.0 8.64267e-07 1.77324e-05 0.0 0.0 0.000222743 1.18017e-05 0.0 0.0 0.0 0.0255719 0.0 2.68221e-07 3.57628e-07 1.10269e-06 2.08616e-07 3.32892e-05 0.0 0.00030309 0.0129918 1.04606e-05 0.00052762 1.80304e-05 0.0 0.0 0.0 0.0
0.0 0.0 0.0 0.0 0.0 0.0 0.0 0.0 0.0 0.0 0.0 0.0 0.0 0.0 0.0 0.0 0.0 0.0 0.0 0.0 0.0 0.0 0.0 0.0 0.0 0.0 0.0 0.0 0.0 0.0 0.0 0.0 0.0 0.0 0.0 0.0 0.0 5.96046e-08 0.0 0.0 0.0 0.0 0.0 0.0 0.0 0.0 0.0 0.0 0.0 0.0 0.0 0.0 0.0 0.0 0.0 0.0 0.0 0.0 0.0 0.0 0.0 0.0 0.0 0.0
0.0 7.15256e-07 0.538809 9.34303e-05 3.48687e-06 0.0 3.27826e-07 0.0 0.0 0.041194 0.0 0.0835073 0.0 1.49012e-07 0.0929973 8.9407e-08 0.0 0.0 5.54323e-06 0.0 0.0 0.0 2.98023e-08 8.61287e-06 0.0 0.0 0.000206679 0.0 0.999931 0.0 0.0 0.0 9.23872e-07 0.999982 7.89762e-06 0.0 6.73532e-06 0.0 0.0325867 0.914279 0.0 0.0 0.547451 0.000107974 0.0 0.0 0.0 5.61476e-05 6.55651e-07 0.000667423 3.30806e-06 6.25849e-07 0.0 0.987084 0.0 2.71201e-06 1.3113e-06 0.0 2.10106e-05 0.0 0.0633531 0.0 0.0 0.0
0.000138193 0.0 0.0 0.0 0.0 0.0 3.8147e-06 0.0 0.0 0.0 9.17017e-05 1.78814e-07 0.000100851 0.0 5.96046e-08 0.0 0.0 0.0 0.0 0.0 0.0 0.0 0.999794 0.0 0.0 2.93851e-05 1.33216e-05 0.0 0.0 0.0 0.0 5.96046e-08 0.0 4.47035e-07 0.0 0.0 0.0 0.0 3.27826e-06 0.0 0.0 0.0 0.0 2.41697e-05 0.0 0.0 0.0 3.82662e-05 0.0 0.0 0.0 1.96695e-06 5.04851e-05 0.0 0.0 3.54648e-06 8.64267e-07 2.68221e-07 0.000186026 5.66244e-07 0.0 0.0 0.0 0.0
0.0 0.0 2.08616e-07 0.0 1.49012e-07 0.0 0.0 0.0 0.0 7.68304e-05 0.0 0.0 0.0 2.98023e-08 0.0 0.0 0.0 0.0 1.78814e-07 0.0 0.0 0.0 0.0 0.998658 0.0 0.0 0.0 0.0 2.68221e-07 0.0 0.0 0.0 0.0 2.14577e-06 0.0 0.0 1.01328e-06 0.0 6.55651e-07 1.49012e-07 0.0 0.0 0.00691319 1.01328e-06 0.0 0.0 0.0 0.0 7.45058e-07 1.10269e-06 3.75509e-06 0.0 0.0 0.000424773 0.0 0.0 0.0 0.0 0.0 0.0 9.53674e-07 0.0 0.0 0.0
0.0 0.0 0.0 0.0 0.0 0.0 0.0 0.0 0.0 0.0 0.0 0.0 0.0 0.0 0.0 8.9407e-08 0.0 0.0 0.0 0.0 0.0 0.0 0.0 0.0 0.0 0.0 0.0 0.0 0.0 0.0 0.0 0.0 0.0 0.0 0.0 0.0 0.0 0.999933 0.0 0.0 0.0 0.0 0.0 0.0 0.0 0.0 3.27826e-07 0.0 0.0 0.0 0.0 0.0 0.0 0.0 0.0 0.0 0.0 0.0 0.0 0.0 0.0 0.0 0.0 0.0
0.0 0.0 0.0 0.0 0.0 0.97345 0.0 0.971737 0.0 0.0 0.0 0.0 0.0 0.0 0.0 0.0 5.96046e-08 0.0 0.0 0.0 0.0 0.0 0.0 0.0 0.0 0.0 0.0 0.0 0.0 0.0 0.0 0.0 0.0 0.0 0.0 0.0 0.0 0.0 0.0 0.0 0.0 0.0 0.0 0.0 0.0 0.0 0.0 0.0 0.0 0.0 0.0 0.0 0.0 0.0 0.0 0.0 0.0 0.0 0.0 0.0 0.0 0.0 0.0 0.0
0.0 0.0 0.0 0.0 0.0 0.0 0.0 0.0 0.0 0.0 0.0 0.0 0.0 0.0 0.0 0.0 0.0 0.0 0.0 0.0 0.0 0.0 0.0 0.0 0.0 0.0 0.0 0.0 0.0 0.0 0.0 0.0 0.0 0.0 0.0 0.0 0.0 0.0 0.0 0.0 0.0 0.99023 0.0 0.0 0.0 0.0 0.0 0.0 0.0 0.0 0.0 0.0 0.0 0.0 0.0 0.0 0.0 0.0 0.0 0.0 0.0 0.0 0.0 0.0
0.0 1.49012e-07 1.36197e-05 2.98023e-08 0.0 0.0 0.0 0.0 0.0 0.00114027 0.0 0.000226527 0.0 0.0 0.000649601 0.0 0.0 0.0 0.0 0.0 0.0 0.0 0.0 0.000641137 0.0 0.0 1.19209e-07 0.0 0.000672638 0.0 0.0 0.0 0.0 0.186816 0.0 0.0 7.83801e-06 0.0 2.44379e-06 0.000413984 0.0 0.0 0.999648 4.20213e-06 0.0 0.0 0.0 3.86536e-05 0.0 0.000157595 1.2517e-06 0.0 0.0 0.00252384 0.0 0.0 0.0 0.0 1.78814e-07 0.0 1.75834e-06 0.0 0.0 0.0
0.0 0.0 0.000143111 0.0 4.33028e-05 0.0 0.0 0.0 0.0 2.98023e-07 0.0 0.0 0.0 0.0 0.0 2.08616e-07 0.0 0.0 8.64267e-07 0.0 0.0 0.0 0.0 1.13249e-06 0.0 0.0 0.0 0.0 0.667927 0.0 0.0 0.0 0.0 0.00251895 0.0 0.0 0.0 0.0 1.4931e-05 1.51992e-06 0.0 0.0 0.000189751 5.36442e-07 0.0 0.0 2.98023e-08 0.0 0.000562102 0.000447959 9.53674e-07 0.0 0.0 4.34518e-05 0.0 0.0 0.0 0.0 0.0 0.0 0.995042 0.0 0.0 0.0
0.0 0.0 0.0 0.0 0.0 0.190695 0.0 0.446638 0.0 0.0 0.0 0.0 0.0 0.0 0.0 0.0 8.19564e-06 0.0 0.0 0.0 0.0 0.0 0.0 0.0 0.0 0.0 0.0 0.0 0.0 0.0 0.0 0.0 0.0 0.0 0.0 0.0 0.0 0.0 0.0 0.0 0.0 0.0 0.0 0.0 0.0 2.08616e-07 0.0 0.0 0.0 0.0 0.0 0.0 0.0 0.0 0.0 0.0 0.0 0.0 0.0 0.0 0.0 0.0 0.0 0.0
0.0 4.47035e-07 0.00512061 0.0 1.49012e-06 0.0 0.0 0.0 0.0 8.89003e-05 0.0 5.96046e-07 0.0 0.0 3.51667e-06 0.0 0.0 0.0 1.34408e-05 0.0 0.0 0.0 0.0 4.61936e-06 0.0 0.0 0.0 0.0 0.628165 0.0 0.0 0.0 0.0 0.165606 0.0 0.0 0.0 0.0 3.5584e-05 2.92063e-05 0.0 0.0 0.0307411 4.67002e-05 0.0 0.0 0.0 1.19209e-07 2.23517e-06 0.00305706 1.15037e-05 0.0 0.0 0.000134587 0.0 0.0 0.0 0.0 0.0 0.0 0.420074 0.0 0.0 0.0
0.0 5.69224e-06 0.339801 5.06639e-07 0.0 0.0 0.00324544 0.0 0.0 0.0507173 5.12302e-05 0.961966 1.78814e-07 0.000828117 0.16899 0.0 0.0 0.0 1.75834e-06 0.0 0.0 0.0 0.000162929 1.19209e-06 0.0 3.26335e-05 0.0371712 0.0 0.391211 0.0 0.0 0.0 0.000925303 0.99987 0.000499457 0.0 5.24521e-06 0.0 0.438985 0.054293 0.0 0.0 0.432494 0.100352 0.0 0.0 0.0 0.546986 0.0 0.00773913 0.00026691 0.000275761 8.04663e-07 0.0333253 0.0 0.00346625 0.0025937 4.64916e-06 0.298782 1.57952e-05 7.27475e-05 0.0 0.0 4.47035e-07
1.2815e-06 0.0 0.0 0.0 0.0 0.0 0.0 0.0 0.0 0.0 0.0 0.0 0.0 0.0 0.0 0.0 0.0 0.0 0.0 0.0 0.0 1.3411e-05 0.0 0.0 0.0 0.0 0.0 0.0 0.0 0.0 0.0 0.0 0.0 0.0 0.0 0.0 0.0 0.0 0.0 0.0 0.0 0.0 0.0 0.0 0.000106573 0.0 0.0 0.0 0.0 0.0 0.0 0.0 5.66244e-07 0.0 0.0 0.0 0.0 0.0 0.0 0.0 0.0 0.0 0.988701 0.0
0.0 0.0 0.0 0.0 0.0 0.976355 0.0 0.968518 0.0 0.0 0.0 0.0 0.0 0.0 0.0 0.0 8.9407e-08 0.0 0.0 0.0 0.0 0.0 0.0 0.0 0.0 0.0 0.0 0.0 0.0 0.0 0.0 0.0 0.0 0.0 0.0 0.0 0.0 0.0 0.0 0.0 0.0 0.0 0.0 0.0 0.0 0.0 0.0 0.0 0.0 0.0 0.0 0.0 0.0 0.0 0.0 0.0 0.0 0.0 0.0 0.0 0.0 0.0 0.0 0.0
0.0 0.0606693 0.0726117 0.0 0.0 0.0 7.77841e-06 0.0 0.0 0.000381231 0.0 4.74453e-05 0.0 3.09944e-05 4.92036e-05 0.0 0.0 0.0 8.32081e-05 0.0 0.0 0.0 1.2219e-06 1.19209e-07 0.0 8.9407e-08 2.08616e-07 0.0 0.000942647 0.0 0.0 0.0 1.5676e-05 0.0207033 0.0187312 0.0 0.0 0.0 0.0050509 1.49012e-07 0.0 0.0 0.000121713 0.99905 0.0 0.0 0.0 7.80523e-05 0.0 2.38419e-07 2.864e-05 0.00114164 0.0 0.0259334 0.0 2.11596e-06 1.16229e-06 0.0 0.000590473 8.9407e-08 7.36117e-06 0.0 0.0 1.60933e-06
2.95043e-06 0.0 0.0 0.0 0.0 0.0 0.0 0.0 1.78814e-07 0.0 0.0 0.0 3.57628e-07 0.0 0.0 0.0 0.0 0.989376 0.0 3.96371e-05 0.0 4.17233e-07 0.0 0.0 1.19209e-06 0.0 0.0 0.0102137 0.0 1.65105e-05 0.000362217 0.0 0.0 0.0 0.0 0.0 0.0 0.0 0.0 0.0 3.8147e-06 0.0 0.0 0.0 0.0 0.0 0.0 0.0 0.0 0.0 0.0 0.0 0.0 0.0 4.47035e-07 0.0 0.0 0.0 0.0 0.0 0.0 0.0 0.0 0.0
0.000437677 0.0 0.0 0.0 0.0 0.0 0.0 0.0 0.0 0.0 0.0 0.0 5.66244e-07 0.0 0.0 0.0 0.0 0.00154343 0.0 3.26931e-05 0.0 0.154515 0.0 0.0 5.96046e-08 0.0 0.0 0.939929 0.0 2.41399e-06 4.11272e-06 1.78814e-07 0.0 0.0 0.0 0.0 0.0 0.0 0.0 0.0 0.0 0.0 0.0 0.0 2.74181e-06 0.0 0.0 0.0 0.0 0.0 0.0 0.0 0.0 0.0 2.46465e-05 0.0 0.0 0.0 0.0 0.0 0.0 3.33786e-06 3.27826e-07 0.0
0.0 0.0 0.0 0.0 0.0 0.0 0.0 0.0 0.0 0.0 0.0 0.0 0.0 0.0 0.0 0.0 0.0 3.53754e-05 0.0 0.0 0.0 0.0 0.0 0.0 0.0 0.0 0.0 1.12951e-05 0.0 0.996499 1.33216e-05 0.0 0.0 0.0 0.0 0.0 0.0 0.0 0.0 0.0 0.0 0.0 0.0 0.0 0.0 0.0 0.0 0.0 0.0 0.0 0.0 0.0 0.0 0.0 0.0 0.0 0.0 0.0 0.0 0.0 0.0 1.78814e-07 0.0 0.0
0.0 0.696603 0.999563 0.0 0.000547945 0.0 2.05636e-06 0.0 0.0 0.040089 2.08616e-07 0.000341654 0.0 0.000750214 0.00182238 0.00015229 0.0 0.0 0.933175 0.0 0.0 0.0 0.000310481 0.000783563 0.0 0.0 1.48118e-05 0.0 0.999697 0.0 0.0 0.0 0.172069 0.976967 0.0063403 0.0 6.07967e-06 0.0 0.999999 0.0061022 0.0 0.0 0.0370863 0.999933 0.0 0.0 2.98023e-08 0.0131774 0.029943 0.00185466 0.989895 0.00229731 0.0 0.999253 0.0 0.000101894 6.70552e-06 8.9407e-08 0.0141752 2.98023e-08 0.856187 0.0 0.0 1.46031e-06
0.0 0.0 4.26471e-05 0.0 0.000265449 0.0 0.0 0.0 0.0 9.38773e-06 0.0 0.0 0.0 0.0 0.0 4.17233e-07 0.0 0.0 7.21216e-06 0.0 0.0 0.0 0.0 0.000946343 0.0 0.0 0.0 0.0 0.00100029 0.0 0.0 0.0 0.0 1.76728e-05 0.0 0.0 0.0 0.0 0.00695565 9.53674e-07 0.0 0.0 5.26607e-05 3.27826e-07 0.0 0.0 0.0 0.0 0.00236705 1.19209e-07 0.00467321 0.0 0.0 0.00033319 0.0 0.0 0.0 0.0 0.0 0.0 0.0119606 0.0 0.0 0.0
0.0 0.0 0.0 0.0 0.0 0.0 0.0 0.0 0.0 0.0 0.0 0.0 0.0 0.0 0.0 0.0 0.0 3.31402e-05 0.0 0.000127196 0.0 0.0 0.0 0.0 0.987866 0.0 0.0 3.06368e-05 0.0 3.8743e-07 0.000461817 0.0 0.0 0.0 0.0 0.0 0.0 0.0 0.0 0.0 0.0 0.0 0.0 0.0 0.0 0.0 0.0 0.0 0.0 0.0 0.0 0.0 0.0 0.0 1.78814e-07 0.0 0.0 0.0 0.0 0.0 0.0 0.0 0.0 0.0
0.0 0.0 2.38419e-07 2.98023e-06 0.999771 0.0 0.0 0.0 0.0 4.76837e-07 0.0 0.0 0.0 0.0 0.0 0.0 0.0 0.0 0.0 0.0 0.0 0.0 0.0 0.00174561 0.0 0.0 0.0 0.0 0.00121868 0.0 0.0 0.0 0.0 9.53674e-07 0.0 0.0 7.89762e-06 0.0 8.9407e-08 2.68221e-07 0.0 0.0 0.00120777 0.0 0.0 0.0 0.0 0.0 0.000178725 1.19209e-07 0.0 0.0 0.0 5.9396e-05 0.0 0.0 0.0 0.0 0.0 0.0 0.000459999 0.0 0.0 0.0
0.0 2.11596e-06 6.25849e-07 0.0 0.0 0.0 9.38773e-06 0.0 0.0 0.0 1.19209e-07 0.000309885 1.19209e-07 1.19209e-07 9.53674e-07 0.0 0.0 0.0 0.0 0.0 0.0 0.0 0.0 0.0 0.0 0.000359416 1.49012e-07 0.0 1.78814e-07 0.0 0.0 0.0 4.14252e-06 8.73208e-06 0.999211 0.0 0.0 0.0 2.11596e-06 0.0 0.0 0.0 0.0 0.0143266 0.0 0.0 0.0 9.53674e-07 0.0 0.0 0.0 0.0461028 3.57628e-05 3.15905e-06 0.0 0.000275463 9.38773e-06 0.0 5.48363e-06 8.34465e-06 0.0 0.0 0.0 0.0
0.0 0.0 0.0 0.0 0.0 0.0 0.0 0.0 0.0 0.0 0.0 0.0 8.9407e-08 0.0 0.0 0.0 0.0 0.00552055 0.0 1.2517e-06 4.47035e-07 0.0 0.0 0.0 0.00180739 0.0 0.0 8.33869e-05 0.0 2.21431e-05 0.999838 0.0 0.0 0.0 0.0 0.0 0.0 0.0 0.0 0.0 5.66244e-07 0.0 0.0 0.0 0.0 0.0 0.0 0.0 0.0 0.0 0.0 0.0 0.0 0.0 2.98023e-08 0.0 0.0 0.0 0.0 0.0 0.0 5.96046e-08 0.0 0.0
2.38419e-07 0.0 0.0 0.0 0.0 0.0 0.996531 0.0 0.0 0.0 0.0015209 0.0146936 0.00396928 0.0 0.00010255 0.0 0.0 0.0 0.0 5.66244e-07 0.000643462 0.0 9.47714e-06 0.0 0.0 0.234375 3.45707e-06 0.0 0.0 0.0 0.0 3.8594e-05 2.08616e-07 1.13249e-06 0.000227094 0.0 5.96046e-08 0.0 5.06639e-07 0.0 0.0 0.0 0.0 4.38392e-05 0.0 0.0 0.0 0.00376931 0.0 0.0 0.0 0.000272721 0.000991791 0.0 2.68221e-07 0.12074 0.348247 0.0696449 0.00685319 0.00152254 0.0 0.0 0.0 0.0
0.0 0.0 0.0 0.0 0.0 0.0 0.0 0.0 0.0 0.0 0.0 0.0 0.0 0.0 0.0 0.0 0.0 5.96046e-08 0.0 0.0 0.0 0.0 0.0 0.0 0.0 0.0 0.0 4.47035e-07 0.0 1.07884e-05 0.0 0.0 0.0 0.0 0.0 0.0 0.0 0.0 0.0 0.0 0.0 0.0 0.0 0.0 0.0 0.0 0.0 0.0 0.0 0.0 0.0 0.0 0.0 0.0 0.0 0.0 0.0 0.0 0.0 0.0 0.0 0.99939 0.0 0.0
0.0 1.78814e-07 3.9041e-06 0.0 0.0 0.0 0.0345186 0.0 0.0 2.23517e-06 0.00910908 0.0178059 1.16527e-05 1.49012e-07 0.0104928 0.0 0.0 0.0 0.0 0.0 2.08616e-07 0.0 4.11272e-06 0.0 0.0 0.000186741 1.49012e-07 0.0 0.0 0.0 0.0 5.96046e-08 5.96046e-08 4.02331e-06 4.76837e-07 0.0 7.15256e-07 0.0 2.75671e-05 0.0 0.0 0.0 2.77162e-06 0.000205368 0.0 0.0 0.0 0.993209 0.0 8.9407e-08 2.68221e-07 9.35793e-06 1.57952e-06 1.19209e-07 0.0 0.0206557 0.0219238 0.0690369 0.0241949 6.85453e-06 0.0 0.0 0.0 3.27826e-07
0.0 8.9407e-08 1.33216e-05 0.0 0.0 0.0 0.0141959 0.0 0.0 2.68221e-07 0.000351131 0.0150913 5.45382e-06 1.73151e-05 0.000581264 0.0 0.0 0.0 0.0 0.0 5.96046e-08 0.0 0.00062117 0.0 0.0 0.000854045 0.000920415 0.0 0.0 0.0 0.0 0.0 0.000649184 0.000307053 2.68817e-05 0.0 0.0 0.0 6.9499e-05 0.0 0.0 0.0 3.8743e-07 0.0156958 0.0 0.0 0.0 0.0712748 0.0 0.0 1.10269e-06 0.0781874 4.12762e-05 5.66244e-07 0.0 0.00265467 0.023494 4.28259e-05 0.997725 0.000335038 0.0 0.0 0.0 2.38419e-06
0.0 0.0 0.000649452 0.99885 0.000141323 0.0 0.0 0.0 0.0 0.0111413 0.0 1.3113e-06 0.0 2.68221e-07 2.98023e-08 0.0 0.0 0.0 0.0 0.0 0.0 0.0 0.0 0.00286916 0.0 0.0 0.0 0.0 0.996385 0.0 0.0 0.0 0.0 0.905694 0.0 0.0 0.0298329 0.0 0.00145903 0.26297 0.0 0.0 0.00314361 3.8743e-07 0.0 0.0 8.9407e-08 0.0 0.000232458 6.55651e-07 2.38419e-06 0.0 0.0 0.10313 0.0 0.0 0.0 0.0 0.0 0.0 0.029505 0.0 0.0 0.0
0.0 0.0 0.0 0.0 0.0 0.0 0.0 0.0 0.0 0.0 0.0 0.0 0.0 0.0 0.0 0.0 0.0 0.0 0.0 0.0 0.0 0.0 0.0 0.0 0.0 0.0 0.0 0.0 0.0 0.0 0.0 0.0 0.0 0.0 0.0 0.999892 0.0 0.0 0.0 0.0 0.0 0.0 0.0 0.0 0.0 0.0 0.0 0.0 0.0 0.0 0.0 0.0 0.0 0.0 0.0 0.0 0.0 0.0 0.0 0.0 0.0 0.0 0.0 0.0
0.0 0.0 0.0 0.0 0.0 0.0 0.000160754 0.0 0.0 0.0 6.53565e-05 1.19507e-05 0.0022682 0.0 1.67191e-05 0.0 0.0 0.0 0.0 1.78814e-07 7.84993e-05 0.0 2.47359e-06 0.0 0.0 0.517336 2.00868e-05 0.0 0.0 0.0 0.0 2.08616e-07 0.0 2.98023e-08 7.86781e-06 0.0 0.0 0.0 0.0 0.0 9.61125e-05 0.0 0.0 4.76837e-07 0.0 0.0 0.0 4.30048e-05 0.0 0.0 0.0 0.000408143 0.00654417 0.0 0.0 0.0104807 0.00130856 5.51343e-06 3.88026e-05 0.993827 0.0 0.0 0.0 0.0
0.0 0.0 0.0 0.0 0.0 0.0 0.0 0.0 0.0 0.0 0.0 0.0 0.0 0.0 0.0 9.05097e-05 0.0 0.0 0.0 0.0 0.0 0.0 0.0 0.0 0.0 0.0 0.0 0.0 0.0 0.0 0.0 0.0 0.0 0.0 0.0 0.0 0.0 0.0 8.9407e-08 0.0 0.0 0.0 0.0 0.0 0.0 0.0 0.984046 0.0 0.0222316 0.0 0.0 0.0 0.0 0.0 0.0 0.0 0.0 0.0 0.0 0.0 1.3411e-06 0.0 0.0 0.0
0.000966102 0.0 0.0 0.0 0.0 0.0 0.0 0.0 0.0 0.0 0.000259608 3.8743e-07 0.0 0.0 0.0 0.0 0.0 0.0 0.0 6.93798e-05 0.00014928 0.0 0.0 0.0 0.0 8.9407e-08 0.0 2.38419e-07 0.0 2.98023e-08 0.0 8.9407e-08 0.0 0.0 0.0 0.0 0.0 0.0 0.0 0.0 1.54674e-05 0.0 0.0 0.0 1.78814e-07 0.0 0.0 0.0 0.0 0.0 1.19209e-07 0.0 0.0 0.0 8.9407e-07 0.0 0.0 7.15256e-07 0.0 1.75834e-05 8.04663e-06 0.0 0.0 0.0
6.88434e-06 0.0 0.0 0.0 0.0 0.0 0.0 0.0 0.0 0.0 0.0 0.0 0.0 0.0 0.0 0.0 0.0 0.0 0.0 0.00862455 0.996878 0.0 0.0 0.0 0.0 0.0 0.0 5.96046e-08 0.0 0.0 0.0 0.0 0.0 0.0 0.0 2.08616e-07 0.0 0.0 0.0 0.0 0.0 0.0 0.0 0.0 0.0 0.0 0.0 0.0 0.0 0.0 0.0 8.9407e-08 0.0 0.0 0.0 0.0 0.0 0.0 0.0 2.98023e-08 0.0 0.0 0.0 3.57628e-06
2.98023e-08 0.0 0.0 0.0 0.0 0.0 0.0 0.0 0.0 0.0 0.00683513 0.00425738 4.70877e-05 0.0 8.24332e-05 4.22597e-05 0.0 0.0 0.0 0.0 0.0 2.68221e-07 0.0283681 0.0 0.00162464 0.994735 0.0 0.0 0.0 0.0 5.66244e-07 6.28829e-06 0.0 0.0 0.0 0.0 0.0 0.0 0.0 0.0 0.0 0.0 0.0 0.0 8.34465e-07 0.0 0.0 3.27826e-07 0.000672191 0.0 0.0 0.0 0.0 0.0 0.00496277 5.66244e-07 8.9407e-08 0.021384 0.0 3.99649e-05 0.0 0.0 7.7486e-07 0.0
0.0 1.04308e-06 0.0 1.19209e-07 8.9407e-08 0.0 5.06639e-07 0.0 0.0 0.0 0.0 0.0 0.0 7.62939e-06 0.0 0.0 0.0 1.16229e-06 0.999893 0.0 0.0 0.0 0.0 8.31485e-06 0.0 0.0 0.0 0.0 0.0 0.0 0.0 0.0 0.0 0.000191152 0.000163406 0.0 0.0 0.0 0.0 8.9407e-08 0.0 0.0 1.37091e-06 2.38419e-07 0.0 0.0 5.96046e-08 0.0 0.0 0.0 0.0 0.0 0.0 0.0 0.0 0.0 0.0 0.0 8.9407e-08 0.0 0.0 0.0 0.0 0.0
0.0 0.0 0.0 1.49012e-07 0.0 0.0 0.0 0.0 0.999759 0.0 0.0 0.0 0.0 0.0 0.0 0.0 0.0 0.0 0.0 0.0 0.0 0.0 0.0 0.0 0.0 0.0 0.0 0.0 0.0 0.0 0.0 0.0 0.0 0.0 0.0 0.0 0.0 0.0 0.0 0.0 0.0 0.0 0.0 2.08616e-07 0.0 0.0 0.0 0.0 0.0 0.0 0.0 0.0 0.0 0.0 0.0 0.0 0.0 0.0 0.0 0.0 0.0 0.0 0.0 0.0
0.0 0.0 0.0 0.0 0.0 0.542998 0.0 0.979594 0.0 0.0 0.0 0.0 0.0 0.0 0.0 0.0 0.0 0.0 0.0 0.0 0.0 0.0 0.0 0.0 0.0 0.0 0.0 0.0 0.0 0.0 0.0 0.0 0.0 0.0 0.0 0.0 0.0 0.000102609 0.0 0.0 0.0 0.96532 0.0 0.0 0.0 0.0 0.0 0.0 0.0 0.0 0.0 0.0 0.0 0.0 0.0 0.0 0.0 0.0 0.0 0.0 0.0 0.0 0.0 0.0
0.764132 1.19209e-07 0.0 0.0 8.9407e-08 0.0 0.0 0.0 0.0 2.11298e-05 0.00225776 1.42753e-05 0.0 0.0 7.00951e-05 4.17233e-07 0.0 8.9407e-08 0.0 1.78814e-07 1.01328e-06 0.0 2.6226e-06 1.13249e-06 0.0 0.000139415 0.000143856 0.000427842 0.0 3.27826e-07 0.0 1.49012e-07 0.0 0.0 2.38419e-07 1.49012e-07 0.0 0.0 0.0 0.0 0.0 0.0 0.0 0.0 0.032555 0.0 0.0 0.0 0.000296563 0.0 1.19209e-07 0.0 0.0 4.76837e-07 0.000492245 0.0 0.00011313 0.00447774 0.0 0.999436 0.000692517 0.0 0.0040305 4.17233e-07
0.0 0.0 0.0 0.0 0.0 0.650087 0.0 0.975497 0.0 0.0 0.0 0.0 0.0 0.0 0.0 0.0 0.0 0.0 0.0 0.0 0.0 0.0 0.0 0.0 0.0 0.0 0.0 0.0 0.0 0.0 0.0 0.0 0.0 0.0 0.0 0.0 0.0 5.14984e-05 0.0 0.0 0.0 0.986261 0.0 0.0 0.0 0.0 0.0 0.0 0.0 0.0 0.0 0.0 0.0 0.0 0.0 0.0 0.0 0.0 0.0 0.0 0.0 0.0 0.0 0.0
0.0 0.0 0.0 0.0 0.0 0.0 0.0 0.0 0.0 0.0 1.19209e-07 0.0 0.0 0.0 0.0 0.0 0.0 0.0 0.0 0.0 0.0 0.0 0.0 0.0 0.0 0.0 0.0 0.0 0.0 0.0 0.0 0.0 0.0 0.0 0.0 0.0 0.0 0.0 0.0 0.0 0.997285 0.0 0.0 0.0 0.0 0.0 0.0 0.0 0.0 0.0 0.0 0.0 0.0 0.0 0.0 0.0 0.0 0.0 0.0 0.0 0.0 0.0 0.0 0.0
0.0 0.999512 0.0 0.0 1.3411e-05 0.0 0.0 0.0 0.0 0.010364 0.0 0.0 0.0 1.78814e-07 2.98023e-08 5.96046e-08 0.0 1.19209e-07 4.17233e-07 0.0 0.0 0.0 0.0 6.71744e-05 0.0 0.0 0.000101686 0.0 0.0 0.0791755 0.0 0.0 0.0 5.96046e-08 2.08616e-07 0.0 0.0 0.0 0.0 0.0 0.0 0.0 0.0 8.9407e-08 8.9407e-08 0.0 0.0 0.0 0.0 0.0 1.91629e-05 0.0 0.0 0.00463477 0.0 0.0 2.38419e-07 0.0 0.0 0.0 0.000674158 0.0 8.73208e-06 0.0
0.0 0.0 0.0 0.0 0.0 0.0 0.0 0.0 0.0 0.0 0.0400234 0.00834182 0.00134701 0.0 1.49012e-06 3.57628e-07 0.0 0.0 0.0 0.0 0.0 2.0057e-05 0.397532 0.0 0.000157356 0.906358 0.0 0.0 0.0 0.0 4.22597e-05 1.10269e-06 0.0 0.0 0.0 0.0 0.0 0.0 0.0 0.0 0.0 0.0 0.0 0.0 0.0 0.0 0.0 4.05312e-06 7.30157e-06 0.0 0.0 0.0 0.0 0.0 0.00015986 6.24657e-05 0.0 0.00178361 0.0 2.68221e-07 0.0 0.0 0.0 0.0
2.32458e-06 0.0 0.0 0.0 0.0 0.0 0.0 0.0 0.0 1.3113e-06 5.82933e-05 0.000163376 0.0 0.0 0.0924981 0.00057137 0.0 0.0 0.0 0.0 0.0 2.68221e-07 0.000222027 0.0 5.06639e-07 0.0213011 5.66244e-07 0.0 0.0 0.0 0.0 0.0 0.0 0.0 1.3113e-06 0.0 0.0 0.0 0.0 0.0 0.0 0.0 0.0 0.0 0.0392117 0.0 0.0 8.9407e-08 0.169069 0.0 0.0 0.0 0.0 8.9407e-08 2.28584e-05 0.0 2.49743e-05 0.00758126 0.0 0.00770202 2.28286e-05 0.0 0.0282322 0.0
0.0 0.0 0.0145901 0.0 0.0 0.0 0.0 0.0 0.0 0.0 1.04308e-05 2.08616e-07 2.20537e-06 0.0 0.0 0.0 0.0 0.0 0.0 0.0 0.0 0.00150529 0.000152141 0.0 0.0 5.99027e-06 0.0 0.0 0.0 0.0 0.550957 0.0 0.0 0.0 0.0 0.0 0.0 0.0 0.0 0.0 0.0 0.0 0.0 0.0 0.0 0.0 0.0 2.56598e-05 0.0 2.02656e-06 0.0 0.0 0.00708857 0.0 0.0 0.989272 0.0 0.0 0.0 0.0 0.0 0.0 0.0 0.0
0.0 0.0 0.0 0.0 0.0 0.0 0.0 0.0 0.0 1.19209e-07 5.96046e-08 0.0 0.0 0.0 0.0232659 0.999103 0.0 0.0 0.0 0.0 0.0 0.0 1.19209e-07 0.0 0.0 0.000146091 1.49012e-07 0.0 0.0 0.0 0.0 0.0 0.0 0.0 0.0 0.0 0.0 0.0 0.0 0.0 0.0 0.0 0.0 0.0 3.43323e-05 0.0 0.0 0.0 8.4877e-05 0.0 0.0 0.0 0.0 0.0 2.98023e-08 0.0 0.000659019 7.80821e-06 0.0 1.49012e-07 0.0 0.0 0.000412792 0.0
0.0 4.38094e-05 0.0 8.9407e-08 0.00186744 0.0 0.000416487 0.0 0.0 8.76486e-05 0.0 0.0 0.0 3.27826e-07 3.72529e-06 5.66244e-07 0.0 0.00687271 1.04308e-06 0.0 0.0 0.0 0.0 8.1569e-05 0.0 0.0 2.92063e-05 0.0 0.0 1.78814e-06 0.0 0.0 0.0 1.11163e-05 0.999957 0.0 0.0 0.0 0.0 8.9407e-08 0.0 0.0 2.98023e-07 2.08616e-07 3.36766e-06 0.0 0.0 0.0 0.000186563 0.0 0.0 0.0 0.0 0.000230312 0.0 0.0 6.02007e-06 0.0 0.0577506 6.4671e-06 1.19209e-07 0.0 0.000137866 0.0
0.0 0.0 0.0 0.0 0.0 0.0 0.999718 0.0 0.0 0.0 0.0 0.0 0.0 0.00356826 0.0 0.0 0.0 2.32458e-05 5.96046e-08 0.0 0.0 0.0 0.0 2.38419e-07 0.0 0.0 0.0 0.0 0.0 0.0 0.0 0.0 0.0 8.19862e-05 3.68059e-05 0.0 0.0 0.0 0.0 0.000193894 0.0 0.0 3.27826e-07 0.0 0.0 0.0 0.0 0.0 0.0 0.0 0.0 0.0 0.0 0.0 0.0 0.0 0.0 0.0 0.0015505 0.0 0.0 0.0 0.0 0.0
1.78814e-07 0.0 0.0 0.0 0.0 0.0 0.0 0.0 0.0 1.19209e-07 3.42727e-06 2.66731e-05 0.0 0.0 0.0623611 0.000588804 0.0 0.0 0.0 0.0 0.0 1.37091e-06 0.000547051 0.0 2.35438e-06 0.023197 1.19209e-07 0.0 0.0 0.0 0.0 0.0 0.0 0.0 6.34789e-06 0.0 0.0 0.0 0.0 0.0 0.0 0.0 0.0 0.0 0.000229448 0.0 0.0 5.66244e-07 0.995195 0.0 0.0 0.0 0.0 1.19209e-07 6.85453e-07 0.0 6.35386e-05 0.000858903 0.0 0.00347885 1.49608e-05 0.0 0.0133055 0.0
0.00011006 0.0 0.0 0.0 0.0 0.0 0.0 0.0 0.0 0.0 0.0 0.0 0.0 0.0 0.0 0.0 0.0 0.0 0.0 8.9407e-08 3.32296e-05 0.0 0.0 0.0 0.0 0.0 8.9407e-08 0.00100848 0.0 0.0 0.0 0.0 0.0 0.0 0.0 0.997233 0.0 0.0 0.0 0.0 0.0 0.0 0.0 0.0 0.0 0.0 0.0 0.0 0.0 0.0 0.0 4.61936e-06 0.0 0.0 0.0 0.0 0.0 0.0 0.0 3.27826e-07 0.0 0.0 0.0 0.0
5.96046e-08 3.06964e-06 0.0 0.0 8.9407e-08 0.0 8.39531e-05 0.0 0.0 7.15256e-05 0.0 0.0 0.0 6.85453e-07 1.39177e-05 1.15931e-05 0.0 0.998056 8.34465e-07 0.0 0.0 0.0 0.0 0.551143 0.0 0.0 0.0455467 0.0 0.0 0.0 0.0 0.0 0.0 3.27826e-07 0.00714597 0.0 0.0 0.0 0.0 8.9407e-08 0.0 0.0 0.0 0.0 2.80738e-05 0.0 0.0 0.0 1.19209e-07 0.0 0.0 5.96046e-08 0.0 1.63913e-06 0.0 0.0 0.00623876 0.0 0.00869122 3.66867e-05 1.19209e-07 0.0 0.000627309 0.0
0.0 0.0 0.0945782 0.0 0.0 0.0 0.0 0.0 0.0 0.0 1.26064e-05 1.3411e-06 0.0 0.0 0.0 0.0 0.0 0.0 0.0 0.0 0.0 0.989018 7.76052e-05 0.0 8.9407e-08 8.70228e-06 0.0 0.0 0.0 0.0 0.000766158 0.0 0.0 0.0 0.0 0.0 0.0 0.0 0.0 0.0 0.0 0.0 0.0 0.0 0.0 0.0 0.0 0.00289291 2.98023e-08 0.0 0.0 0.0 0.160521 0.0 0.0 0.00613335 0.0 8.64267e-07 0.0 0.0 0.0 0.0 0.0 0.0
9.53674e-07 1.54972e-06 0.0 0.0 0.0 0.0 0.0 0.0 0.0 6.7085e-05 1.19209e-07 5.96046e-08 0.0 0.0 0.258417 0.0180438 0.0 0.000727028 0.0 0.0 0.0 0.0 2.98023e-08 0.000298172 0.0 3.03984e-06 0.0125089 1.49012e-07 0.0 0.0 0.0 0.0 0.0 0.0 5.1558e-06 0.0 0.0 0.0 0.0 0.0 0.0 0.0 0.0 0.0 0.00744841 0.0 0.0 0.0 0.00125885 0.0 0.0 0.0 0.0 8.04663e-05 1.49012e-07 0.0 0.993423 2.13683e-05 4.17233e-06 0.00108525 1.78814e-07 0.0 0.109128 0.0
0.0 0.0 0.0 0.0 0.0 0.0 0.0 0.0 0.0 0.0 7.03335e-06 3.47197e-05 5.09322e-05 0.0 5.96046e-08 2.98023e-08 0.0 0.0 0.0 0.0 0.0 1.19209e-07 0.00232688 0.0 0.995877 0.074432 0.0 0.0 0.0 0.0 7.56979e-06 6.25849e-07 0.0 0.0 0.0 0.0 0.0 0.0 0.0 0.0 0.0 0.0 0.0 0.0 0.0 0.0 0.0 1.78814e-07 5.66244e-07 0.0 0.0 0.0 0.0 0.0 0.00212404 8.9407e-08 0.0 3.06964e-06 0.0 0.0 0.0 0.0 0.0 0.0
0.0 0.0 0.0 0.0 0.0 0.0 0.0 0.0 0.0 2.68221e-07 1.49012e-07 0.0 0.0 0.0 0.761064 0.0398611 0.0 2.08616e-07 0.0 0.0 0.0 2.98023e-08 4.17233e-07 0.0 0.0 0.00013271 1.18613e-05 0.0 0.0 0.0 0.0 0.0 0.0 0.0 0.0 0.0 0.0 0.0 0.0 0.0 0.0 0.0 0.0 0.0 0.00105333 0.0 0.0 5.96046e-08 0.0748539 0.0 0.0 0.0 0.0 7.7486e-07 0.0 0.0 0.0264302 0.000725687 0.0 5.75781e-05 3.8743e-07 0.0 0.0526891 0.0
0.0 3.8743e-07 0.0 0.0 5.96046e-07 0.0 8.91089e-06 0.0 0.0 0.0 0.0 0.0 0.0 4.76539e-05 0.0 0.0 0.0 8.9407e-08 3.96371e-06 0.0 0.0 0.0 0.0 1.72853e-06 0.0 0.0 0.0 0.0 0.0 5.66244e-07 0.0 0.0 0.0 0.00301445 1.19209e-07 0.0 0.0 0.0 0.0 0.0 0.0 0.0 0.998166 0.0440873 0.0 0.0 0.0 0.0 0.0 0.0 0.0 0.0 0.0 0.0 0.0 0.0 0.0 0.0 1.43051e-06 0.0 0.0 0.0 0.0 0.0
0.000713438 1.78814e-07 0.0 0.0 0.0 0.0 0.0 0.0 0.0 0.000263363 1.02222e-05 3.41237e-05 0.0 0.0 0.751315 0.00342745 0.0 5.45382e-06 0.0 0.0 0.0 0.0 5.21541e-06 9.83477e-07 0.0 8.25524e-05 0.00279865 8.46386e-06 0.0 8.64267e-07 0.0 8.9407e-08 0.0 0.0 1.39773e-05 0.0 0.0 0.0 0.0 0.0 0.0 0.0 0.0 0.0 0.996886 0.0 0.0 0.0 0.021896 0.0 0.0 0.0 0.0 4.11272e-06 1.70767e-05 0.0 0.188259 0.000345349 5.96046e-08 0.0721501 0.000162929 0.0 0.751778 0.0
0.0 0.0 0.944154 0.0 0.0 0.0 0.0 0.0 0.0 0.0 3.57628e-07 0.0 0.0 0.0 0.0 0.0 0.0 0.0 0.0 0.0 0.0 0.0544438 2.08616e-07 0.0 0.0 0.0 0.0 0.0 0.0 0.0 0.00144216 0.0 0.0 0.0 0.0 0.0 0.0 0.0 0.0 0.0 0.0 0.0 0.0 0.0 0.0 0.0 0.0 0.000237554 0.0 1.19209e-07 0.0 0.0 0.985699 0.0 0.0 0.0192861 0.0 0.0 0.0 0.0 0.0 0.0 0.0 0.0
7.7486e-07 0.00315085 0.0 0.0 2.98023e-07 0.0 1.75834e-06 0.0 0.0 0.00568491 0.0 0.0 0.0 2.5332e-06 5.06639e-07 2.38419e-06 0.0 0.4264 9.41753e-06 0.0 0.0 0.0 0.0 0.997131 0.0 0.0 0.238205 2.68221e-07 0.0 1.48118e-05 0.0 0.0 0.0 1.2517e-06 2.22325e-05 0.0 0.0 0.0 0.0 0.0 0.0 0.0 2.68221e-07 2.98023e-08 7.03335e-06 0.0 0.0 0.0 0.0 0.0 0.0 5.96046e-08 0.0 8.55923e-05 0.0 0.0 0.000697196 0.0 0.00136891 5.40316e-05 1.46031e-06 0.0 0.000283539 0.0
2.08616e-07 0.0 0.0 0.0 0.0 0.0 0.0 0.0 0.0 0.0 2.89083e-06 0.0 0.0 0.0 0.0 0.0 0.0 0.0 0.0 0.986614 0.126312 0.0 0.0 0.0 0.0 0.0 0.0 0.0 0.0 0.0 0.0 0.0 0.0 0.0 0.0 0.0 0.0 0.0 0.0 0.0 8.9407e-08 0.0 0.0 0.0 0.0 0.0 0.0 0.0 0.0 0.0 0.0 1.19209e-07 0.0 0.0 0.0 0.0 0.0 8.9407e-08 0.0 8.9407e-08 1.49012e-07 0.0 0.0 1.2517e-06
0.0 0.0 0.0 0.0 0.0 0.0 0.0 0.0 0.0 0.0 0.0 0.0 0.0 0.0 0.0 0.0 0.0 0.0 0.0 0.0 0.0 0.0 0.0 0.0 0.0 0.0 0.0 0.0 0.0 0.0 0.0 0.0 0.0 0.0 0.0 0.0 0.998027 0.0 0.0 0.0 0.0 0.0 0.0 0.0 0.0 0.0 0.0 0.0 0.0 0.0 0.0 3.8743e-07 0.0 0.0 0.0 0.0 0.0 0.0 0.0 0.0 0.0 0.0 0.0 5.96046e-08
0.0 0.0 0.000331044 0.0 0.0 0.0 0.0 0.0 0.0 0.0 3.15905e-06 1.10269e-06 2.98023e-08 0.0 0.0 0.0 0.0 0.0 0.0 0.0 0.0 0.0427545 8.54135e-05 0.0 2.98023e-08 1.61827e-05 0.0 0.0 0.0 0.0 6.20782e-05 0.0 0.0 0.0 0.0 0.0 0.0 0.0 0.0 0.0 0.0 0.0 0.0 0.0 0.0 0.0 0.0 0.99498 3.27826e-07 0.0 0.0 0.0 0.00154915 0.0 0.0 0.000247061 0.0 8.9407e-07 0.0 0.0 0.0 0.0 0.0 0.0
5.96046e-08 0.0 0.0 0.0 0.0 0.0 0.0 0.0 0.0 0.0 0.992915 0.000274479 4.47035e-07 0.0 0.0 0.0 0.0 0.0 0.0 3.27826e-07 0.0 0.0 0.000167966 0.0 0.0 6.60717e-05 0.0 0.0 0.0 0.0 0.0 1.10269e-06 0.0 0.0 0.0 0.0 0.0 0.0 0.0 0.0 2.38419e-07 0.0 0.0 0.0 0.0 0.0 0.0 0.0 0.0 0.0 0.0 0.0 0.0 0.0 0.000186592 0.0 0.0 0.00798339 0.0 3.57628e-07 0.0 0.0 0.0 0.0
1.69277e-05 0.0 0.0 0.0 0.0 0.0 0.0 0.0 0.0 0.0 0.197267 0.00295323 1.38581e-05 0.0 1.01328e-06 1.19209e-07 0.0 0.0 0.0 0.0 0.0 0.0 0.00438994 0.0 0.0102404 0.127909 0.0 3.99351e-06 0.0 0.0 0.0 0.0362284 0.0 0.0 0.0 0.0 0.0 0.0 0.0 0.0 0.0 0.0 0.0 0.0 7.62939e-06 0.0 0.0 0.0 4.47035e-07 0.0 0.0 0.0 0.0 0.0 0.997608 0.0 1.49012e-07 0.0153722 0.0 0.000537276 2.98023e-08 0.0 1.51992e-06 0.0
0.0 0.0 0.0 0.0 0.0 0.0 0.0 0.0 0.0 0.0 0.0 0.0 0.0 1.49012e-07 0.0 0.0 0.0 0.0 0.0 3.27826e-07 7.7486e-07 0.0 0.0 0.0 0.0 0.0 8.9407e-07 0.0 0.0 1.49012e-07 0.0 0.0 0.0 0.0 0.0 5.36442e-07 2.38419e-07 0.0 0.0 1.78814e-07 0.0 0.0 0.0 3.57628e-07 0.0 0.0 0.0 0.0 0.0 0.0 0.0 0.989405 0.0 0.0 0.0 0.0 0.0 0.0 0.0 0.0 1.49012e-07 0.0 0.0 0.000458568
0.0 3.23653e-05 0.0 0.0 0.998844 0.0 0.0 0.0 0.0 0.00011307 0.0 0.0 0.0 0.0 0.0 0.0 0.0 0.0 2.98023e-08 0.0 0.0 0.0 0.0 0.0 0.0 0.0 0.0 0.0 0.0 0.000136614 0.0 0.0 0.0 2.98023e-08 0.000185132 0.0 0.0 0.0 0.0 0.0 0.0 0.0 0.0 6.55651e-07 0.0 0.0 0.0 0.0 0.0 0.0 9.23872e-07 0.0 0.0 5.96046e-08 0.0 0.0 0.0 0.0 0.0 0.0 1.19209e-07 0.0 0.0 0.0
0.102869 0.0 0.0 0.0 0.0 0.0 0.0 0.0 0.0 2.38419e-07 0.00886813 0.000432044 0.0 0.0 0.000123888 1.3411e-06 0.0 0.0 0.0 0.0 1.19209e-07 0.0 3.60608e-06 0.0 0.0 1.67787e-05 5.06639e-07 0.00108323 0.0 0.0 0.0 6.85453e-07 0.0 0.0 5.96046e-08 3.57628e-07 0.0 0.0 0.0 0.0 0.0 0.0 0.0 0.0 0.117778 0.0 0.0 0.0 2.36332e-05 0.0 0.0 0.0 0.0 1.19209e-07 0.000201941 0.0 0.00031507 1.43349e-05 0.0 0.310352 7.03335e-06 0.0 0.000466049 0.0
0.0 0.0 0.0 0.0 0.0 0.0 0.00220352 0.0 0.0 0.0 0.0 0.0 0.0 8.04663e-07 0.0 0.0 0.0 5.96046e-08 1.19209e-07 0.0 0.0 0.0 0.0 0.0 0.0 0.0 0.0 0.0 0.0 0.0 0.0 0.0 0.0 5.03659e-06 0.0 0.0 0.0 0.0 0.0 0.999316 0.0 0.0 0.0 0.0 0.0 0.0 0.0 0.0 0.0 0.0 0.0 2.98023e-08 0.0 0.0 0.0 0.0 0.0 0.0 5.96046e-08 0.0 0.0 0.0 0.0 0.0
0.0 0.000121921 0.0 0.0 2.68221e-07 0.0 0.0 0.0 0.0 8.9407e-08 0.0 0.0 0.0 0.0 0.0 0.0 0.0 0.0 0.0 0.0 0.0 0.0 0.0 0.0 0.0 0.0 0.0 0.0 0.0 3.86536e-05 0.0 0.0 0.0 0.0 5.96046e-08 0.0 0.0 0.0 0.0 0.0 0.0 0.0 0.0 1.10269e-06 0.0 0.0 0.0 0.0 0.0 0.0 0.999494 0.0 0.0 1.54972e-06 0.0 0.0 0.0 0.0 0.0 0.0 5.76973e-05 0.0 0.0 1.78814e-07
0.0 0.0 0.0 0.0 0.0 0.0 0.0 0.0 0.0 0.0 0.0 0.0 0.0 0.0 0.0 0.0 0.0 0.0 0.0 0.0 0.0 0.0 0.0 0.0 0.0 0.0 0.0 0.0 0.0 0.0 0.0 0.0 0.0 0.0 0.0 0.0 0.0 0.0 0.976238 0.0 0.0 0.0 0.0 0.0 0.0 0.0 0.0 0.0 0.0 0.0 0.0 0.0 0.0 0.0 0.0 0.0 0.0 0.0 0.0 0.0 0.0 0.0 0.0 0.0
0.0 1.66893e-06 0.0 0.999331 0.0 0.0 0.0 0.0 8.9407e-08 0.0 0.0 0.0 0.0 0.000487834 0.0 0.0 0.0 0.0 5.96046e-08 0.0 0.0 0.0 0.0 1.19209e-07 0.0 0.0 0.0 0.0 0.0 5.96046e-08 0.0 0.0 0.0 0.000121593 0.0 0.0 0.0 0.0 0.0 0.0 0.0 0.0 1.78814e-07 8.9407e-08 0.0 0.0 3.8445e-06 0.0 0.0 0.0 0.0 0.0 0.0 0.0 0.0 0.0 0.0 0.0 1.2219e-06 0.0 0.0 0.0 0.0 0.0
0.0 7.7486e-07 0.0 1.07586e-05 8.34465e-07 0.0 0.0 0.0 0.0 0.0 0.0 0.0 0.0 1.78814e-07 0.0 0.0 0.0 1.78814e-07 0.000880241 0.0 0.0 0.0 0.0 1.07884e-05 0.0 0.0 0.0 0.0 0.0 0.0 0.0 0.0 0.0 1.19209e-07 2.17557e-06 0.0 0.0 0.0 0.0 0.0 0.0 0.0 0.0 0.0 0.0 0.0 0.0 0.0 0.0 0.0 0.0 0.0 0.0 0.0 0.0 0.0 0.0 0.0 4.64916e-06 0.0 0.0 0.0 0.0 0.0
0.0 0.0 0.0 0.0 0.0 0.0 0.0 0.0 0.0 0.0 0.0 0.0 5.96046e-07 0.0 0.0 0.0 0.0 0.0 0.0 0.0 0.0 0.0 0.0 0.0 0.0 0.0 0.0 0.0 0.0 0.0 8.9407e-08 0.0 0.0 0.0 0.0 0.0 0.0 0.0 0.0 0.0 0.0 0.0 0.0 0.0 0.0 0.0 0.0 0.0 0.0 0.998841 0.0 0.0 0.0 0.0 0.0 1.19209e-07 0.0 0.0 0.0 0.0 0.0 0.0 0.0 0.0
0.0 0.0 0.0 0.0 0.0 0.0 0.0 0.0 0.0 0.0 0.0 0.0 0.0 0.0 0.0 0.0 0.0 0.0 0.0 0.0 0.0 0.0 0.0 0.0 0.0 0.0 0.0 0.0 2.27094e-05 0.0 0.0 0.0 0.987347 0.0 0.0 0.0 0.0 0.0 0.0 0.0 0.0 0.0 0.0 0.0 0.0 0.0 0.0 0.0 0.0 0.0 0.0 0.0 0.0 0.0 0.0 0.0 0.0 0.0 0.0 0.0 0.0 0.0 0.0 0.0
0.0 1.19209e-07 0.0 7.7486e-07 3.96371e-06 0.0 1.46031e-06 0.0 0.0 0.0 0.0 0.0 0.0 0.000282109 0.0 0.0 0.0 2.38419e-07 8.64267e-07 0.0 0.0 0.0 0.0 3.30806e-06 0.0 0.0 0.0 0.0 0.0 1.78814e-07 0.0 0.0 0.0 0.00639519 4.94719e-06 0.0 0.0 0.0 0.0 2.98023e-08 0.0 0.0 0.311503 0.0154834 0.0 0.0 0.0 0.0 0.0 0.0 0.0 2.98023e-08 0.0 0.0 0.0 0.0 0.0 0.0 6.22869e-06 0.0 0.0 0.0 0.0 0.0
5.96046e-08 0.0133438 0.0 0.0 0.0 0.0 0.0 0.0 0.0 0.00138187 0.0 0.0 0.0 0.0 0.000108927 1.49012e-07 0.0 1.78814e-07 0.0 0.0 0.0 0.0 0.0 3.33786e-06 0.0 0.0 0.000700235 0.0 0.0 0.000874788 0.0 0.0 0.0 0.0 1.12057e-05 0.0 0.0 0.0 0.0 0.0 0.0 0.0 0.0 0.0 4.17233e-07 0.0 0.0 0.0 2.68221e-07 0.0 1.01328e-06 0.0 0.0 0.999468 0.0 0.0 1.15931e-05 5.29587e-05 2.98023e-08 1.54972e-06 0.000103027 0.0 0.0112625 0.0
0.0 0.0 0.000183135 0.0 0.0 0.0 0.0 0.0 0.0 0.0 2.73287e-05 5.06639e-07 0.000158697 0.0 0.0 0.0 0.0 0.0 0.0 0.0 0.0 0.0001975 0.00399232 0.0 7.59959e-06 1.4782e-05 0.0 0.0 0.0 0.0 0.997889 1.19209e-07 0.0 0.0 0.0 0.0 0.0 0.0 0.0 0.0 0.0 0.0 0.0 0.0 0.0 0.0 0.0 7.21216e-06 0.0 2.20537e-06 0.0 0.0 0.00015521 0.0 0.0 0.421744 0.0 0.0 0.0 0.0 0.0 0.0 0.0 0.0
0.0 0.0 0.0 0.0 0.0 0.000747174 0.0 0.000173181 0.0 0.0 0.0 0.0 0.0 0.0 0.0 0.0 0.0 0.0 0.0 0.0 0.0 0.0 0.0 0.0 0.0 0.0 0.0 0.0 0.0 0.0 0.0 0.0 0.0 0.0 0.0 0.0 0.0 0.980762 0.0 0.0 0.0 8.92282e-05 0.0 0.0 0.0 0.000240117 0.0 0.0 0.0 0.0 0.0 0.0 0.0 0.0 0.0 0.0 0.0 0.0 0.0 0.0 0.0 0.0 0.0 0.0
6.85453e-07 0.0120454 0.0 0.0 6.88136e-05 0.0 0.0 0.0 0.0 0.990398 0.0 0.0 0.0 0.0 0.000103235 3.12924e-06 0.0 2.86996e-05 8.9407e-08 0.0 0.0 0.0 0.0 0.00066942 0.0 0.0 0.000557989 0.0 0.0 0.00800356 0.0 0.0 0.0 0.0 0.000103503 0.0 0.0 0.0 0.0 0.0 0.0 0.0 0.0 0.0 0.000209659 0.0 0.0 0.0 8.9407e-07 0.0 2.08616e-07 0.0 0.0 0.00377801 0.0 0.0 7.62641e-05 1.57952e-06 8.9407e-08 0.000332177 0.00154465 0.0 0.0427346 2.98023e-08
0.0 0.0 2.98023e-08 0.0 0.0 0.0 0.0 0.0 0.0 0.0 0.0 0.0 0.0 0.0 0.0 0.0 0.0 0.0 0.0 0.0 0.0 2.98023e-08 0.0 0.0 0.0 0.0 0.0 0.0 0.0 0.0 0.0 0.0 0.0 0.0 0.0 0.0 0.0 0.0 0.0 0.0 0.0 0.0 0.0 0.0 0.0 0.0 0.0 0.0 0.0 0.0 0.0 0.0 5.96046e-08 0.0 0.0 0.0 0.0 0.0 0.0 0.0 0.0 0.999014 0.0 0.0
0.0 0.0 0.990479 0.0 0.0 0.0 0.0 0.0 0.0 0.0 1.87755e-06 0.0 0.0 0.0 0.0 0.0 0.0 0.0 0.0 0.0 0.0 0.172467 1.78814e-07 0.0 0.0 0.0 0.0 0.0 0.0 0.0 0.00135443 0.0 0.0 0.0 0.0 0.0 0.0 0.0 0.0 0.0 0.0 0.0 0.0 0.0 0.0 0.0 0.0 2.27392e-05 0.0 2.98023e-08 0.0 0.0 0.963424 0.0 0.0 0.0393364 0.0 0.0 0.0 0.0 0.0 2.98023e-08 0.0 0.0
8.9407e-08 1.49012e-07 0.0 0.0 1.49012e-07 0.0 0.000529528 0.0 0.0 7.7486e-07 0.0 0.0 0.0 6.70552e-06 9.53674e-07 1.01328e-06 0.0 0.0692309 0.0 0.0 0.0 0.0 0.0 0.0293773 0.0 0.0 0.000546843 0.0 0.0 1.49012e-07 0.0 0.0 0.0 3.18885e-06 0.00023675 0.0 0.0 0.0 0.0 1.10269e-06 0.0 0.0 8.9407e-08 0.0 6.49691e-06 0.0 0.0 0.0 0.0 0.0 0.0 2.08616e-07 0.0 1.19209e-07 0.0 0.0 0.000383079 0.0 0.995544 4.47035e-07 0.0 0.0 8.82149e-06 0.0
1.7643e-05 0.000421733 0.0 0.0 0.0 0.0 0.0 0.0 0.0 0.00021863 1.2517e-06 0.0 0.0 0.0 6.49691e-06 5.96046e-08 0.0 0.0 0.0 0.0 0.0 0.0 0.0 1.19209e-07 0.0 0.0 8.443e-05 2.08616e-07 0.0 0.00328076 0.0 0.0 0.0 0.0 8.9407e-08 0.0 0.0 0.0 0.0 0.0 0.0 0.0 0.0 0.0 9.42945e-05 0.0 0.0 0.0 8.58307e-06 0.0 9.77516e-06 0.0 0.0 7.90954e-05 0.0 0.0 8.9407e-08 7.51615e-05 0.0 0.000251263 0.998399 0.0 0.0013288 2.66135e-05
0.000208288 0.000420332 0.0 0.0 0.0 0.0 0.0 0.0 0.0 0.00100219 0.0 0.0 0.0 0.0 0.000628263 6.07967e-06 0.0 0.000843734 0.0 0.0 0.0 0.0 0.0 0.00912434 0.0 0.0 0.98291 3.38554e-05 0.0 2.34544e-05 0.0 0.0 0.0 0.0 9.83477e-07 0.0 0.0 0.0 0.0 0.0 0.0 0.0 0.0 0.0 0.00181091 0.0 0.0 0.0 2.32458e-06 0.0 0.0 1.78814e-07 0.0 0.00188777 0.0 0.0 0.0448137 4.79817e-06 2.98023e-07 0.00379267 0.00020802 0.0 0.170587 8.9407e-08
0.0 0.0 0.0 0.0 0.0 0.0 0.0 0.0 0.0 0.0 2.10702e-05 9.53674e-07 0.988309 0.0 0.0 0.0 0.0 0.0 0.0 0.0 0.0 0.0 0.00109941 0.0 1.54972e-06 2.63155e-05 0.0 0.0 0.0 0.0 1.65701e-05 0.0265986 0.0 0.0 0.0 0.0 0.0 0.0 0.0 0.0 0.0 0.0 0.0 0.0 0.0 0.0 0.0 0.0 0.0 6.25849e-07 0.0 0.0 0.0 0.0 4.76837e-07 1.19209e-07 0.0 0.0 0.0 0.0 0.0 0.0 0.0 0.0
0.0 9.95398e-06 0.0 0.0664659 0.0 0.0 0.00468728 0.0 0.0 0.0 0.0 0.0 0.0 0.999604 0.0 0.0 0.0 8.9407e-08 3.78489e-06 0.0 0.0 0.0 0.0 1.63913e-06 0.0 0.0 0.0 0.0 0.0 0.0 0.0 0.0 0.0 0.0142049 0.0 0.0 2.98023e-08 0.0 0.0 2.98023e-08 0.0 0.0 6.44326e-05 2.98023e-08 0.0 0.0 1.49012e-07 0.0 0.0 0.0 0.0 1.3411e-06 0.0 0.0 0.0 0.0 0.0 0.0 0.000341058 0.0 0.0 0.0 0.0 0.0
0.0 0.0 3.8147e-06 0.0 0.0 0.0 0.0 0.0 0.0 0.0 1.92225e-05 0.0 7.7486e-07 0.0 0.0 0.0 0.0 0.0 0.0 0.0 0.0 3.54648e-06 2.83122e-06 0.0 0.0 1.10269e-06 0.0 0.0 0.0 0.0 7.75158e-05 0.0 0.0 0.0 0.0 0.0 0.0 0.0 0.0 0.0 0.0 0.0 0.0 0.0 0.0 0.0 0.0 0.00356433 0.0 8.13603e-06 0.0 0.0 5.126e-06 0.0 0.0 4.36902e-05 0.0 7.62939e-06 0.0 0.0 0.0 0.0 0.0 0.0
2.98023e-08 0.0 0.0 0.0 0.0 0.0 0.0 0.0 0.0 0.0 0.985916 0.998392 5.81145e-06 0.0 2.98023e-08 0.0 0.0 0.0 0.0 0.0 0.0 4.82798e-06 0.606114 0.0 3.30806e-06 0.042936 0.0 0.0 0.0 0.0 1.01328e-06 4.76241e-05 0.0 0.0 0.0 0.0 0.0 0.0 0.0 0.0 0.0 0.0 0.0 0.0 3.15905e-06 0.0 0.0 4.47035e-07 3.15905e-06 0.0 0.0 0.0 0.0 0.0 0.000617236 2.38419e-07 0.0 7.09295e-05 0.0 1.72853e-06 0.0 0.0 0.0 0.0
5.43892e-05 3.66569e-06 0.0 0.0 0.0 0.0 0.0 0.0 0.0 0.00188324 1.57952e-06 0.0 0.0 0.0 0.0871003 4.46141e-05 0.0 8.64267e-07 0.0 0.0 0.0 0.0 0.0 1.72853e-06 0.0 2.05636e-06 0.0111248 5.66244e-07 0.0 6.64592e-06 0.0 0.0 0.0 0.0 7.7486e-07 0.0 0.0 0.0 0.0 0.0 0.0 0.0 0.0 0.0 0.0206912 0.0 0.0 0.0 0.00510395 0.0 0.0 0.0 0.0 0.00212136 3.75509e-06 0.0 0.00143743 0.0132928 0.0 0.0268843 0.0230558 0.0 0.962806 1.78814e-07
0.0 0.0 4.47035e-07 0.0 0.0 0.0 0.0 0.0 0.0 0.0 0.462728 0.468909 0.0129789 0.0 4.76837e-07 4.47035e-07 0.0 0.0 0.0 0.0 0.0 0.000205696 0.999311 0.0 0.00239739 0.879409 0.0 0.0 0.0 0.0 0.00173491 0.000122935 0.0 0.0 0.0 0.0 0.0 0.0 0.0 0.0 0.0 0.0 0.0 0.0 5.96046e-08 0.0 0.0 3.67463e-05 0.000142932 0.0 0.0 0.0 2.08616e-07 0.0 0.00554556 0.000551224 0.0 0.000140041 0.0 7.15256e-07 0.0 0.0 5.96046e-08 0.0
7.7486e-07 0.0 0.0 0.0 0.0 0.0 0.0 0.0 0.0 0.0 0.00357759 3.8445e-06 0.0 0.0 9.20892e-06 0.0 0.0 0.0 0.0 0.0 0.0 0.0 9.23872e-07 0.0 5.96046e-08 0.000996232 0.0 0.0 0.0 0.0 0.0 2.98023e-08 0.0 0.0 0.0 0.0 0.0 0.0 0.0 0.0 1.19209e-07 0.0 0.0 0.0 4.47035e-07 0.0 0.0 0.0 4.47035e-07 0.0 0.0 0.0 0.0 1.19209e-07 0.00015527 0.0 0.0 0.994369 0.0 4.37498e-05 1.08778e-05 0.0 3.93391e-06 0.0
3.27826e-07 8.9407e-08 0.0 0.0 0.0 0.0 0.0 0.0 0.0 3.91304e-05 5.45382e-06 2.98023e-07 0.0 0.0 0.990473 0.00958514 0.0 1.78814e-07 0.0 0.0 0.0 0.0 1.3411e-06 0.0 8.9407e-08 0.000488609 4.6283e-05 0.0 0.0 0.0 0.0 0.0 0.0 0.0 5.96046e-08 0.0 0.0 0.0 0.0 0.0 0.0 0.0 0.0 0.0 0.0748227 0.0 0.0 0.0 0.0338001 0.0 0.0 0.0 0.0 9.2417e-05 5.87106e-06 0.0 0.0140741 0.0722792 0.0 0.00094679 1.55866e-05 0.0 0.883564 0.0
4.17233e-07 0.305433 0.0 8.9407e-08 0.000193149 0.0 0.0 0.0 0.0 0.00125915 0.0 0.0 0.0 1.19209e-07 0.0 0.0 0.0 0.0 0.0 0.0 0.0 0.0 0.0 2.02656e-06 0.0 0.0 1.48416e-05 0.0 0.0 0.986736 0.0 0.0 0.0 3.8743e-07 2.08616e-07 0.0 0.0 0.0 0.0 0.0 0.0 0.0 8.9407e-08 1.90735e-06 8.34465e-07 0.0 0.0 0.0 0.0 0.0 0.000178099 6.85155e-05 0.0 0.000238031 0.0 0.0 0.0 0.0 0.0 2.98023e-08 0.021698 0.0 2.77162e-06 1.66297e-05
0.993885 2.98023e-08 0.0 0.0 0.0 0.0 0.0 0.0 0.0 8.9407e-08 3.30508e-05 3.57628e-07 0.0 0.0 1.78814e-07 0.0 0.0 0.0 0.0 0.0 5.45382e-06 0.0 0.0 0.0 0.0 2.68221e-07 3.22163e-05 0.0273841 0.0 1.04308e-06 0.0 0.0 0.0 0.0 0.0 2.41995e-05 0.0 0.0 0.0 0.0 0.0 0.0 0.0 0.0 0.00115725 0.0 0.0 0.0 2.38419e-07 0.0 0.0 0.0 0.0 2.98023e-08 9.83477e-06 0.0 2.68221e-06 4.72367e-05 0.0 0.502544 1.809e-05 0.0 7.12276e-06 2.98023e-08
0.0 0.0 0.0 0.0 0.0 0.0 0.0 0.0 0.0 0.0 0.000951707 4.17233e-06 0.0104714 0.0 0.0 0.0 0.0 0.0 0.0 0.0 0.0 0.0 6.49691e-06 0.0 2.08616e-07 2.98023e-07 0.0 0.0 0.0 0.0 0.0 0.991546 0.0 0.0 0.0 0.0 0.0 0.0 0.0 0.0 0.0 0.0 0.0 0.0 0.0 0.0 0.0 0.0 0.0 0.0 0.0 0.0 0.0 0.0 0.000704587 0.0 0.0 0.0 0.0 0.0 0.0 0.0 0.0 0.0
0.0239604 1.49012e-07 0.0 0.0 0.0 0.0 0.0 0.0 0.0 0.0 1.19209e-07 0.0 0.0 0.0 0.0 0.0 0.0 0.0 0.0 0.0 0.0 0.0 0.0 2.98023e-08 0.0 0.0 1.39475e-05 0.996491 0.0 1.19209e-07 0.0 0.0 0.0 0.0 0.0 0.00237679 0.0 0.0 0.0 0.0 0.0 0.0 0.0 0.0 5.57303e-06 0.0 0.0 0.0 0.0 0.0 0.0 0.0 0.0 1.19209e-07 6.55651e-06 0.0 6.25849e-07 1.19209e-07 0.0 0.000179887 3.57628e-07 0.0 1.19209e-07 0.0
16 63 46 43 33 28 45 5 48 27 9 53 4 36 37 7 2 19 1 13 8 50 38 41 25 21 20 15 40 60 3 32 52 24 56 6 49 29 18 51 12 44 62 59 58 47 17 26 55 30 31 14 57 61 35 23 11 10 54 34 22 0 39 42
