8
0.0 0.0 0.0 0.0 0.0 0.0 2.98023e-08 5.96046e-08 0.0 0.0 0.0 0.0 0.0 0.0 0.0 0.0 0.0 0.0 0.0 0.0 0.0 0.0 0.0 0.0 0.0 0.0 0.0 0.0 0.0 0.0 0.0 0.0 0.0 0.0 0.0 0.0 0.0 0.0 0.0 0.0 0.0 0.0 0.0 0.0 0.999117 0.0 0.0 0.0 0.0 0.0 0.0 0.0 0.0 0.0 0.0 0.0 0.0 0.0 0.0 0.0 0.0 0.0 0.0 0.0
0.0 0.0 0.0 0.0 0.0 0.0 0.0 0.0 0.0 0.0 0.0 0.0 0.0 0.0 0.0 0.0 0.0 0.0 0.0 0.0 0.0 0.0 0.0 0.0 0.0 0.0 0.0 0.0 0.0 0.0 0.0 0.0 0.0 0.0 0.0 0.0 0.0 0.0 0.0 0.0 0.0 0.0 0.0 0.0 0.0 0.0 0.0 0.0 0.0 0.0 0.0 0.0 0.0 0.0 0.0 0.0 0.0 0.0 0.0 0.0 0.0 0.0 0.0 0.0169873
3.84748e-05 0.0 0.0 0.0 0.00596082 0.0 0.0 0.0 0.0 0.986055 0.0 0.0 0.000643283 0.0 0.0 2.72095e-05 0.0 0.0 0.0 0.00211418 0.0 0.0 0.0 0.0 0.0 0.0 0.0 0.0 0.0 0.0 0.0 0.0 8.9407e-08 0.486112 0.0 0.0 0.0 0.0 0.0131871 0.0 0.0 0.0440921 0.0 0.0 0.0 0.0 0.0 0.0 0.0 0.0 0.0 0.0 0.0 0.0 0.219854 0.0 0.0 0.0 0.27662 0.0 0.0 2.5332e-06 0.0 0.0
0.0 0.0 0.0 0.0 0.000163883 0.0 0.0 0.0 0.0 0.0 0.000602663 0.0 0.0 0.0 0.0 1.87755e-06 0.0 0.0 0.0 0.0 0.0 0.0 0.0 0.0 0.0 0.0 0.957529 0.0 0.0 0.0 0.0 0.0 0.0 0.0 0.0 0.0 0.0 0.0 0.0 0.0 0.0 1.19209e-07 0.0 0.803131 0.0 0.0 3.06964e-05 0.0 0.0 0.0 0.0 0.0 0.0 0.0 0.0 0.0 0.0 0.983745 0.0 0.0 0.0 0.467821 0.0 0.0
0.0696285 0.0 0.0 0.0 0.999451 0.0 0.0 0.0 0.0 2.44379e-06 0.439706 0.0 5.96046e-08 0.0 0.0 0.980435 0.0 0.0 0.0 0.00238898 0.0 0.0 0.0 0.0 0.0 0.0 0.00125366 0.0 0.0 0.0 0.0 0.0 0.0 0.000257432 0.0 0.0 0.0 0.0 0.00449148 0.0 0.0 0.000542134 0.0 0.000199795 0.0 0.0 0.0 0.0 0.0 0.0 0.0 0.0 0.0 0.0 1.78814e-07 0.0 0.0 0.000225276 9.65595e-06 0.0 0.0 0.00340107 0.0 0.0
0.0 0.0 0.0 0.0 0.0 0.0 0.0 0.0 0.0 0.0 0.0 0.0 0.0 2.68221e-07 0.0030444 0.0 0.0 0.0 0.0 0.0 0.0 0.0 0.0 0.0 0.0 0.0 0.0 0.0 0.0 0.0 0.0 0.0 0.0 0.0 0.0 0.0 0.0 0.999829 0.0 0.0 8.9407e-08 0.0 0.0 0.0 0.0 0.0 0.0 0.0 0.0 0.0 0.0 0.0 0.0 0.0 0.0 0.0 0.0 0.0 0.0 0.0 0.0 0.0 0.0 0.0
0.0 0.0 7.55191e-05 0.0 0.0 0.0 0.997471 0.000200957 2.05636e-06 0.0 0.0 0.0 0.0 0.0 0.0 0.0 1.49012e-07 0.0 0.0 0.0 0.0 0.0 0.0 0.0 0.0 0.0 0.0 0.0 0.0 0.0 0.0 0.0 1.84774e-06 0.0 0.0 0.0 0.0 0.0 0.0 0.981899 0.0 0.0 0.000308812 0.0 0.0 0.0 0.0 0.0 0.0 0.0 0.0 0.0 0.0 0.0 0.0 0.0 0.0312279 0.0 0.0 0.0 0.0 0.0 0.0 0.0
0.0 0.0 0.0 0.0 0.0 0.0 0.0 0.0 0.0 0.0 0.0 0.0 0.0 0.0 0.0 0.0 0.0 0.0 0.0 0.0 0.0 0.0 0.0 0.0 0.0 0.0 0.0 0.0 0.0 0.0 0.0 0.0 0.0 0.0 0.0 0.0 0.0 0.0 0.0 0.0 0.0 0.0 0.0 0.0 0.0 0.0 0.0 0.999993 0.0 0.0 0.0 0.0 0.0 0.0 0.0 0.0 0.0 0.0 0.0 0.0 0.0 0.000145376 0.0 0.0
0.0 1.49012e-07 0.0 0.0 0.0 0.0 3.03984e-06 3.96371e-06 0.0 0.0 0.0 0.0 0.0 0.0 0.0 0.0 0.994917 5.96046e-08 0.0 0.0 0.0 0.0 0.0 0.0 0.636399 0.0 0.0 0.0 0.0 0.0 0.0 0.0 0.0 0.0 0.0 4.15444e-05 6.11842e-05 0.0 0.0 8.76188e-06 0.0 0.0 0.00708845 0.0 0.0 0.0 0.0 0.0 0.0107125 0.0 0.0 0.0 0.0 0.658031 0.0 0.0 8.34465e-06 0.0 0.0 0.0 0.0 0.0 0.0 0.0
1.93417e-05 0.0 0.0 0.0 0.00280949 0.0 0.0 0.0 0.0 0.691644 0.0 0.0 0.510093 0.0 0.0 8.19564e-06 0.0 0.0 0.0 0.00481495 0.0 0.0 0.0 0.0 0.0 0.0 0.0 0.0 0.0 0.0 0.0 0.0 1.03116e-05 0.000730336 0.0 0.0 0.0 0.0 0.034131 0.0 0.0 0.0106815 0.0 0.0 0.0 0.0 0.0 0.0 0.0 0.0 0.0 0.0 0.0 0.0 0.984852 0.0 0.0 0.0 0.757351 0.0 0.0 3.8743e-07 0.0 0.0
0.0 0.0 0.0 0.0 0.00047785 0.0 0.0 0.0 0.0 0.0 0.0155887 0.0 0.0 0.0 0.0 4.61936e-06 0.0 0.0 0.0 0.0 0.0 0.0 0.0 0.0 0.0 0.0 0.749169 0.0 0.0 0.0 0.0 0.0 0.0 0.0 0.0 0.0 0.0 0.0 0.0 0.0 0.0 0.0 0.0 0.983568 0.0 0.0 1.58548e-05 0.0 0.0 0.0 0.0 0.0 0.0 0.0 0.0 1.78814e-07 0.0 0.88978 0.0 0.0 0.0 0.336325 0.0 0.0
0.0 0.0 0.0 0.0 0.0 0.0 0.0 0.0 0.0 0.0 0.0 0.993882 0.0 0.0 0.0 0.0 0.0 0.0 0.0 0.0 0.0 0.0 0.0 0.0 0.0 0.995707 0.0 0.0 0.946672 0.0 0.0 0.0 0.0 0.0 0.0 0.0 0.0 0.0 0.0 0.0 0.0 0.0 0.0 0.0 0.0 0.0 0.0 0.0 0.0 0.0 0.0 0.0 0.0 0.0 0.0 0.0 0.0 0.0 0.0 0.0 0.0 0.0 0.0 0.0
0.000215828 0.0 0.0 0.0 0.204296 0.0 0.0 0.0 0.0 0.0173511 4.20213e-06 0.0 6.95884e-05 0.0 0.0 0.00242823 0.0 0.0 0.0 0.000430346 0.0 0.0 0.0 0.0 0.0 0.0 2.26498e-06 0.0 0.0 0.0 0.0 0.0 0.0 0.553005 0.0 0.0 0.0 0.0 0.0399647 0.0 0.0 0.987236 0.0 2.38419e-07 0.0 0.0 0.0 0.0 0.0 0.0 0.0 0.0 0.0 0.0 0.000870138 0.0 0.0 1.57952e-06 0.616136 0.0 0.0 0.000464946 0.0 0.0
0.0 0.0 0.0 0.0 0.0 0.0 0.0 0.0 0.0 0.0 0.0 0.0 0.0 0.0 0.0 0.0 0.0 0.0 0.0 0.0 0.0 0.0 0.0 0.0 0.0 0.0 1.19209e-07 0.0 0.0 0.0 0.0 0.0 0.0 0.0 0.0 0.0 0.0 0.0 0.0 0.0 0.0 0.0 0.0 0.0 0.0 0.0 0.0 0.0 0.0 0.0 0.0 0.0 0.0 0.0 0.0 0.999116 0.0 0.0 0.0 0.0 0.0 2.98023e-08 0.0 0.0
0.0 1.78814e-07 0.0 0.0 0.0 0.0 0.0 0.0 0.0 0.0 0.0 0.0 0.0 0.0 0.0 0.0 0.0 0.000570506 0.0 0.0 0.0 0.0 0.0 0.998783 0.0 0.0 0.0 0.0 0.0 0.0 0.0 0.0 0.0 0.0 0.0 4.11272e-06 2.98023e-07 0.0 0.0 0.0 0.0 0.0 0.0 0.0 0.0 0.0 0.0 0.0 0.0 0.0 0.0 0.0 0.0 0.0 0.0 0.0 0.0 0.0 0.0 0.0 0.0 0.0 0.0 0.0
0.0 0.0 0.0 5.70714e-05 0.0 0.998418 0.0 0.0 0.0 0.0 0.0 0.0 2.98023e-08 3.8743e-07 0.0 0.0 0.0 0.0 0.0 0.0 0.0 0.0 0.224374 0.0 0.0 0.0 0.0 0.0 0.0 0.0 9.74536e-06 0.0 0.0 0.0 0.0 0.0 0.0 0.0 0.0 0.0 0.0 0.0 0.0 0.0 0.0 0.0 0.0 0.0 0.0 0.0 0.0 0.0 0.0 0.0 0.0 0.0 0.0 0.0 0.0 0.0 0.0 0.0 0.0 0.0
0.0 0.0 0.0 0.0 0.0 0.0 0.0 3.09944e-06 0.0 0.0 0.0 0.0 0.0 0.0 0.0 0.0 0.0 0.0 0.0 0.0 0.0 0.0 0.0 0.0 0.0 0.0 0.0 0.0 0.0 0.975067 0.0 0.0 0.0 0.0 0.0 0.0 0.0 0.0 0.0 0.0 0.0 0.0 0.0 0.0 0.0 0.0 0.0 0.0 0.0 0.0 0.0 0.0 0.0 0.0 0.0 0.0 0.0 0.0 0.0 0.0 0.0 0.0 0.0 0.0
0.0 0.0 0.0 0.0 0.0 0.0 0.0 0.0 0.0 0.0 0.0 0.0 0.0 0.0 0.0 0.0 0.0 0.0 0.0 0.0 0.999995 0.0 0.0 0.0 0.0 0.0 0.0 0.0 0.0 0.0 0.0 0.0 0.0 0.0 0.0 0.0 0.0 0.0 0.0 0.0 0.0 0.0 0.0 0.0 0.0 0.0 0.0 0.0 0.0 0.0 0.0 0.0 0.0 0.0 0.0 0.0 0.0 0.0 0.0 0.0 0.0 0.0 0.0 0.0
0.0 0.0 0.0 0.0 0.0 0.0 0.0 0.0 0.0 0.0 0.0 0.0 0.0 0.0 0.0 0.0 0.0 0.0 0.85568 0.0 0.0 8.57413e-05 0.0 0.0 0.0 0.0 0.0 0.0 0.0 0.0 0.0 2.22921e-05 0.0 0.0 0.0 0.0 0.0 0.0 0.0 0.0 0.0 0.0 0.0 0.0 0.0 0.872645 0.0 0.0 0.0 0.0 0.000206381 1.06394e-05 0.874782 0.0 0.0 0.0 0.0 0.0 0.0 0.0 0.0 0.0 0.00942925 0.0
0.982988 0.0 0.0 0.0 0.998279 0.0 0.0 0.0 0.0 5.78463e-05 0.00388557 0.0 1.45733e-05 0.0 0.0 0.574142 0.0 0.0 0.0 0.9883 0.0 0.0 0.0 0.0 0.0 0.0 2.38419e-07 0.0 0.0 0.0 0.0 0.0 1.49012e-07 0.000127226 0.0 0.0 0.0 0.0 0.509115 0.0 0.0 0.000484735 0.0 2.38419e-07 0.0 0.0 0.0 0.0 0.0 0.0 0.0 0.0 0.0 0.0 7.48038e-06 0.0 0.0 5.96046e-08 3.48687e-05 1.10269e-06 0.0 2.30074e-05 0.0 0.0
0.0 0.0 1.19209e-06 0.0 0.0 0.0 1.01328e-06 5.96046e-08 0.0 0.0 0.0 0.0 0.0 0.0 0.0 0.0 0.504514 5.96046e-08 0.0 0.0 0.0 0.0 0.0 0.0 0.983144 0.0 0.0 0.0 0.0 0.0 0.0 0.0 0.0 0.0 0.0 1.91331e-05 8.64267e-06 0.0 0.0 3.33786e-06 0.0 0.0 0.551487 0.0 0.0 0.0 0.0 0.0 0.74597 0.0 0.0 0.0 0.0 0.981996 0.0 0.0 3.56138e-05 0.0 0.0 0.0 0.0 0.0 0.0 0.0
0.0 0.0 0.0 0.0 0.0 0.0 0.0 0.0 0.0 0.0 0.0 0.0 0.0 0.0 0.0 0.0 0.0 0.0 1.14441e-05 0.0 0.0 0.799572 0.0 0.0 0.0 0.0 0.0 0.0 0.0 0.0 0.0 0.0 0.0 0.0 0.0 0.0 0.0 0.0 0.0 0.0 0.0 0.0 0.0 0.0 0.0 0.0030641 0.0 0.0 0.0 0.0 0.805641 0.0 0.00289118 0.0 0.0 0.0 0.0 0.0 0.0 0.0 0.0 0.0 0.804304 0.0
0.0 0.0 0.0 0.0 0.0 0.0 0.0 0.0 0.0 0.0 0.0 0.0 0.0 0.0 0.0 0.0 0.0 0.0 0.0 0.0 0.0 0.0 0.0 0.0 0.0 0.0 9.53674e-06 0.0 0.0 0.0 0.0 0.0 0.0 0.0 0.999995 0.0 0.0 0.0 0.0 0.0 0.0 0.0 0.0 1.3113e-06 0.0 0.0 0.943225 0.0 0.0 2.38419e-07 0.0 0.0 0.0 0.0 0.0 0.184447 0.0 4.23193e-06 0.0 0.0 0.0 1.0 0.0 3.8445e-06
0.0 0.00457552 7.69496e-05 0.0 0.0 0.0 0.0 0.0 0.0 0.0 0.0 0.0 0.0 0.0 0.0 0.0 5.40316e-05 0.999973 0.0 0.0 0.0 0.0 0.0 0.0291921 5.68926e-05 0.0 0.0 0.0 0.0 0.0 0.0 0.0 0.0 0.0 0.0 0.718152 0.0395539 0.0 0.0 0.0 0.0 0.0 4.47035e-06 0.0 0.0 0.0 0.0 0.0 0.00352404 0.0 0.0 0.0 0.0 6.6936e-05 0.0 0.0 0.0 0.0 0.0 0.0 2.05636e-06 0.0 0.0 0.0
0.0 0.0 2.77162e-06 0.0 0.0 0.0 4.52995e-06 0.0 0.0 0.0 0.0 0.0 0.0 0.0 0.0 0.0 0.517912 1.78814e-07 0.0 0.0 0.0 0.0 0.0 0.0 0.978388 0.0 0.0 0.0 0.0 0.0 0.0 0.0 0.0 0.0 0.0 2.89083e-06 1.3411e-06 0.0 0.0 1.61529e-05 0.0 0.0 0.683767 0.0 0.0 0.0 0.0 0.0 0.749467 0.0 0.0 0.0 0.0 0.981784 0.0 0.0 0.000199974 0.0 0.0 0.0 0.0 0.0 0.0 0.0
0.0 0.0 0.0 0.0 0.0 0.0 0.0 0.0 0.0 0.0 0.0 0.991882 0.0 0.0 0.0 0.0 0.0 0.0 0.0 0.0 0.0 0.0 0.0 0.0 0.0 0.871465 0.0 0.0 0.996414 0.0 0.0 0.0 0.0 0.0 0.0 0.0 0.0 0.0 0.0 0.0 0.0 0.0 0.0 0.0 0.0 0.0 0.0 0.0 0.0 0.0 0.0 0.0 0.0 0.0 0.0 0.0 0.0 0.0 0.0 0.0 0.0 0.0 0.0 0.0
0.58645 0.0 0.0 0.0 0.978823 0.0 0.0 0.0 0.0 0.0296032 3.11434e-05 0.0 0.00202149 0.0 0.0 0.0853455 0.0 0.0 0.0 0.905348 0.0 0.0 0.0 0.0 0.0 0.0 8.9407e-08 0.0 0.0 0.0 0.0 0.0 1.78814e-06 0.00393203 0.0 0.0 0.0 0.0 0.988213 0.0 0.0 0.12816 0.0 0.0 0.0 0.0 0.0 0.0 0.0 0.0 0.0 0.0 0.0 0.0 0.00681677 0.0 0.0 0.0 0.0276548 6.55651e-07 0.0 4.70877e-06 0.0 0.0
0.0 0.0 0.000809938 0.0 0.0 0.0219323 0.0 0.0 0.000261307 0.0 0.0 0.0 0.0 5.96046e-08 0.0 0.0 0.0 0.0 0.0 0.0 0.0 0.0 0.999923 0.0 0.0 0.0 0.0 0.0 0.0 0.0 0.0 0.0 3.27826e-07 0.0 0.0 0.0 0.0 0.0 0.0 0.0 0.0 0.0 1.72853e-06 0.0 0.0 0.0 0.0 0.0 0.0 0.0 0.0 0.0 0.0 0.0 0.0 0.0 0.0 0.0 0.0 0.0 0.0 0.0 0.0 0.0
0.0 0.0 0.0 0.0 0.0 0.0 0.0 0.0 0.0 0.0 0.0 0.000261128 0.0 0.0 0.0 0.0 0.0 0.0 0.0 0.0 0.0 0.0 0.0 0.0 0.0 8.51452e-05 0.0 0.0 0.0397129 0.0 0.0 0.0 0.0 0.0 0.0 0.0 0.0 0.0 0.0 0.0 0.0 0.0 0.0 0.0 0.0 0.0 0.0 0.0 0.0 0.0 0.0 0.0 0.0 0.0 0.0 0.0 0.0 0.0 0.0 0.0 0.0 0.0 0.0 0.0
0.0 0.0 0.0 0.0 0.0 0.0 0.0 0.0 0.0 0.0 0.0 0.0 0.0 0.0 0.0 0.0 0.0 0.0 0.0 0.0 0.0 0.0 0.0 0.0 0.0 0.0 0.0 0.0 0.0 0.0 0.0 0.0 0.0 0.0 1.0 0.0 0.0 0.0 0.0 0.0 0.0 0.0 0.0 0.0 0.0 0.0 0.0 0.0 0.0 0.0 0.0 0.0 0.0 0.0 0.0 0.0 0.0 0.0 0.0 0.0 0.0 0.0 0.0 0.0
0.0 0.0 0.0 0.0 0.0 2.98023e-08 0.0 0.0 0.0 0.0 0.0 0.0 0.0 0.0 2.98023e-07 0.0 0.0 0.0 0.0 0.0 0.0 0.0 0.0 0.0 0.0 0.0 0.0 0.0 0.0 0.0 0.0 0.0 0.0 0.0 0.0 0.0 0.0 0.0 0.0 0.0 0.999998 0.0 5.96046e-08 0.0 0.0 0.0 0.0 0.0 0.0 0.0 0.0 0.0 0.0 0.0 0.0 0.0 0.0 0.0 0.0 0.0 0.0 0.0 0.0 0.0
0.0 0.0 0.0 0.0 0.0 0.0 0.0 0.0 0.0 0.0 0.0 0.0 0.0 0.0 0.0 0.0 0.0 0.0 9.77516e-06 0.0 0.0 0.0 0.0 0.0 0.0 0.0 0.0 0.0 0.0 0.0 0.0 0.933758 0.0 0.0 0.0 0.0 0.0 0.0 0.0 0.0 0.0 0.0 0.0 0.0 0.0 1.49012e-07 0.0 0.0 0.0 0.0 0.0 0.941929 2.08616e-07 0.0 0.0 0.0 0.0 0.0 0.0 0.0 8.9407e-08 0.0 0.0 0.0
0.0 0.0 0.0 0.0 0.0 0.0 8.58605e-05 8.9407e-08 1.19209e-07 0.0 0.0 0.0 0.0 0.0 0.0 0.0 0.0 0.0 0.0 0.0298872 0.0 0.0 0.0 0.0 0.0 0.0 0.0 0.982044 0.0 0.0 0.0 0.0 0.992757 0.0 0.0 0.0 0.0 0.0 1.49012e-07 0.0 0.0 0.0 0.0 0.0 0.0 0.0 0.0 0.0 0.0 0.0 0.0 0.0 0.0 0.0 0.0 0.0 0.0 0.0 0.0 3.8743e-07 0.0 0.0 0.0 0.0
0.0 0.0 0.0 0.0 0.0 0.0 0.0 0.0 0.0 0.0 2.98023e-08 0.0 0.0 0.0 0.0 0.0 0.0 0.0 0.0 0.0 0.0 0.0 0.0 0.0 0.0 0.0 0.0 0.0 0.0 0.0 0.0 0.0 0.0 0.0 0.0 0.0 0.0 0.0 0.0 0.0 0.0 0.0 0.0 1.19209e-07 0.0 0.0 2.08616e-07 0.0 0.0 0.000834763 0.0 0.0 0.0 0.0 0.0 0.0 0.0 8.9407e-08 0.0 0.0 0.0 0.114044 0.0 0.0
0.0 0.0 0.0 0.0 0.0 0.0 0.0 0.0 0.0 0.0 0.0 0.0 0.0 0.0 0.0 0.0 0.0 0.0 0.896859 0.0 0.0 0.0 0.0 0.0 0.0 0.0 0.0 0.0 0.0 0.0 0.0 0.000774413 0.0 0.0 0.0 0.0 0.0 0.0 0.0 0.0 0.0 0.0 0.0 0.0 0.0 0.52738 0.0 0.0 0.0 0.0 5.96046e-08 0.000376195 0.599283 0.0 0.0 0.0 0.0 0.0 0.0 0.0 0.0 0.0 5.1558e-06 0.0
0.0 0.0 5.31673e-05 0.0 0.0 0.0 7.7486e-07 0.0 0.0 0.0 0.0 0.0 0.0 0.0 0.0 0.0 0.0142403 1.52886e-05 0.0 0.0 0.0 0.0 0.0 0.0 0.854834 0.0 0.0 0.0 0.0 0.0 0.0 0.0 0.0 0.0 0.0 6.7085e-05 1.93715e-06 0.0 0.0 3.01003e-06 0.0 0.0 0.552321 0.0 0.0 0.0 0.0 0.0 0.988386 0.0 0.0 0.0 0.0 0.87826 0.0 0.0 2.46763e-05 0.0 0.0 0.0 0.0 0.0 0.0 0.0
0.0 0.987641 0.0 0.0 0.0 0.0 0.0 0.0 0.0 0.0 0.0 0.0 0.0 0.0 0.0 0.0 1.99676e-06 5.24521e-06 0.0 0.0 0.0 0.0 0.0 0.0 8.67248e-06 0.0 0.0 0.0 0.0 0.0 0.0 0.0 0.0 0.0 0.0 0.98677 0.000205755 0.0 0.0 0.0 0.0 0.0 4.17233e-07 0.0 0.0 0.0 0.0 0.0 1.055e-05 0.0 0.0 0.0 0.0 4.97699e-06 0.0 0.0 0.0 0.0 0.0 0.0 9.23872e-07 0.0 0.0 0.0
0.00032416 0.0 0.0 0.0 0.00129744 0.0 0.0 0.0 2.08616e-07 0.0 0.0 0.0 1.44839e-05 0.0 0.0 8.34465e-07 0.0 0.0 0.0 0.215906 0.0 0.0 0.0 0.0 0.0 0.0 0.0 0.0 0.0 0.0 0.0 0.0 0.00109577 0.0 0.0 0.0 0.0 0.0 0.000621021 0.0 0.0 1.78814e-07 0.0 0.0 0.0 0.0 0.0 0.0 0.0 0.0 0.0 0.0 0.0 0.0 2.98023e-07 0.0 0.0 0.0 2.08616e-07 0.998438 0.0 0.0 0.0 0.0
0.0 0.0395936 0.0 0.0 0.0 0.0 0.0 0.0 0.0 0.0 0.0 0.0 0.0 0.0 0.0 0.0 9.94205e-05 1.8239e-05 0.0 0.0 0.0 0.0 0.0 2.08616e-07 6.48201e-05 0.0 0.0 0.0 0.0 0.0 0.0 0.0 0.0 0.0 0.0 0.728467 0.989362 0.0 0.0 0.0 0.0 0.0 8.9407e-08 0.0 0.0 0.0 0.0 0.0 1.3262e-05 0.0 0.0 0.0 0.0 2.23219e-05 0.0 0.0 0.0 0.0 0.0 0.0 0.000164568 0.0 0.0 0.0
0.0 0.0 0.0 2.98023e-08 0.0 2.08616e-07 0.0 0.0 0.0 0.0 0.0 0.0 8.9407e-08 0.999908 0.0 0.0 0.0 0.0 0.0 0.0 0.0 0.0 1.10269e-06 0.0 0.0 0.0 0.0 0.0 0.0 0.0 0.0 0.0 0.0 0.0 0.0 0.0 0.0 0.0 0.0 0.0 0.0 0.0 0.0 0.0 0.0 0.0 0.0 0.0 0.0 0.0 0.0 0.0 0.0 0.0 0.0 0.0 0.0 0.0 0.0 0.0 0.0 0.0 0.0 0.0
0.0 6.49095e-05 0.0 0.0 0.0 0.0 0.0 0.0 0.0 0.0 0.0 0.0 0.0 0.0 0.0 0.0 0.0 0.0 0.0 0.0 0.0 0.0 0.0 0.0 0.0 0.0 0.0 0.0 0.0 0.0 0.0 0.0 0.0 0.0 0.0 0.000826627 0.00106418 0.0 0.0 0.0 0.0 0.0 0.0 0.0 0.0 0.0 0.0 0.0 0.0 0.0 0.0 0.0 0.0 0.0 0.0 0.0 0.0 0.0 0.0 0.0 0.972604 0.0 0.0 0.0
0.0 0.0 0.0 0.0 4.67896e-06 0.0 0.0 0.0 0.0 0.0 5.96046e-08 0.0 0.0 0.0 0.0 2.08616e-07 0.0 0.0 0.0 0.0 0.0 0.0 0.0 0.0 0.0 0.0 5.06639e-07 0.0 0.0 0.0 0.0 0.0 0.0 1.51992e-06 0.0 0.0 0.0 0.0 0.0 0.0 0.0 0.0 0.0 1.19209e-07 0.0 0.0 1.68681e-05 0.0 0.0 1.39773e-05 0.0 0.0 0.0 0.0 0.0 0.0 0.0 1.96695e-06 0.0 0.0 0.0 0.77635 0.0 0.0
0.0 0.0 0.000427812 0.0 0.0 0.0 0.688433 8.9407e-08 1.49012e-07 0.0 0.0 0.0 0.0 0.0 0.0 0.0 2.08616e-07 0.0 0.0 0.0 0.0 0.0 0.0 0.0 4.76837e-07 0.0 0.0 0.0 0.0 0.0 0.0 0.0 1.78814e-07 0.0 0.0 0.0 0.0 0.0 0.0 0.0564786 0.0 0.0 0.972987 0.0 0.0 0.0 0.0 0.0 2.38419e-07 0.0 0.0 0.0 0.0 1.84774e-06 0.0 0.0 0.983048 0.0 0.0 0.0 0.0 0.0 0.0 0.0
0.0 0.0 0.0 0.0 0.0 0.0 0.0 0.0 0.0 0.0 0.0 0.0 0.0 0.0 0.0 0.0 0.0 0.0 0.0 0.0 0.0 0.0 0.0 0.0 0.0 0.0 9.23872e-07 0.0 0.0 0.0 0.0 0.0 0.0 0.0 0.0 0.0 0.0 0.0 0.0 0.0 0.0 0.0 0.0 0.0 0.0 0.0 0.00469619 0.0 0.0 0.0 0.0 0.0 0.0 0.0 0.0 1.2517e-06 0.0 0.0 0.0 0.0 0.0 0.78196 0.0 0.0
0.0 0.0 0.0 0.0 0.0 0.0 0.00421202 0.969978 0.0 0.0 0.0 0.0 0.0 0.0 0.0 0.0 1.19209e-06 0.0 0.0 0.0 0.0 0.0 0.0 0.0 2.08616e-07 0.0 0.0 3.75509e-06 0.0 0.00036189 0.0 0.0 1.75238e-05 0.0 0.0 0.0 0.0 0.0 0.0 1.11461e-05 0.0 0.0 1.16229e-06 0.0 0.0 0.0 0.0 0.0 0.0 0.0 0.0 0.0 0.0 3.27826e-07 0.0 0.0 3.8743e-07 0.0 0.0 0.0 0.0 0.0 0.0 0.0
0.0 0.0 0.0 0.0 0.0 0.0 0.0 0.0 0.0 0.0 0.0 0.0 0.0 0.0 0.0 0.0 0.0 0.0 5.96046e-08 0.0 0.0 0.949242 0.0 0.0 0.0 0.0 0.0 0.0 0.0 0.0 0.0 0.0 0.0 0.0 0.0 0.0 0.0 0.0 0.0 0.0 0.0 0.0 0.0 0.0 0.0 2.23815e-05 0.0 0.0 0.0 0.0 0.919155 0.0 2.11e-05 0.0 0.0 0.0 0.0 0.0 0.0 0.0 0.0 0.0 0.47453 0.0
0.0 0.0 0.0 0.0 0.0 1.40965e-05 0.0 0.0 0.0 0.0 0.0 0.0 0.0 0.0 0.0 0.0 0.0 0.0 0.0 0.0 0.0 0.0 2.08616e-07 0.0 0.0 0.0 0.0 0.0 0.0 0.0 0.999991 0.0 0.0 0.0 0.0 0.0 0.0 0.0 0.0 0.0 0.0 0.0 0.0 0.0 0.0 0.0 0.0 0.0 0.0 0.0 0.0 0.0 0.0 0.0 0.0 0.0 0.0 0.0 0.0 0.0 0.0 0.0 0.0 0.0
4.24981e-05 0.0 0.0 0.0 0.0239541 0.0 0.0 0.0 0.0 0.417219 1.19209e-07 0.0 0.0430222 0.0 0.0 0.000115842 0.0 0.0 0.0 0.00101557 0.0 0.0 0.0 0.0 0.0 0.0 2.98023e-08 0.0 0.0 0.0 0.0 0.0 1.78814e-07 0.081298 0.0 0.0 0.0 0.0 0.0596425 0.0 0.0 0.897444 0.0 0.0 0.0 0.0 0.0 0.0 0.0 0.0 0.0 0.0 0.0 0.0 0.486134 0.0 0.0 2.98023e-08 0.987486 0.0 0.0 1.28746e-05 0.0 0.0
0.0 0.0 0.0 0.0 0.0 5.96046e-08 0.0 0.0 0.0 0.0 0.0 0.0 0.0 0.0 0.99988 0.0 0.0 0.0 0.0 0.0 0.0 0.0 0.0 0.0 0.0 0.0 0.0 0.0 0.0 0.0 0.0 0.0 0.0 0.0 0.0 0.0 0.0 0.000252783 0.0 0.0 1.02818e-05 0.0 0.0 0.0 0.0 0.0 0.0 0.0 0.0 0.0 0.0 0.0 0.0 0.0 0.0 0.0 0.0 0.0 0.0 0.0 0.0 0.0 0.0 0.0
0.0 0.0 0.0 0.0 0.0 0.0 0.001329 0.0 0.983517 0.0 0.0 0.0 2.08616e-07 0.0 0.0 0.0 0.0 0.0 0.0 0.000122756 0.0 0.0 0.000604808 0.0 0.0 0.0 0.0 6.85453e-07 0.0 0.0 0.0 0.0 0.499191 0.0 0.0 0.0 0.0 0.0 0.0 0.0 0.0 0.0 0.0 0.0 0.0 0.0 0.0 0.0 0.0 0.0 0.0 0.0 0.0 0.0 0.0 0.0 0.0 0.0 0.0 2.73287e-05 0.0 0.0 0.0 0.0
0.0 0.0 0.0 0.0 0.0 0.0 0.0 0.0 0.0 0.0 0.0 0.0 0.0 0.0 0.0 0.0 0.0 0.0 2.38419e-07 0.0 0.0 0.798506 0.0 0.0 0.0 0.0 0.0 0.0 0.0 0.0 0.0 0.0 0.0 0.0 0.0 0.0 0.0 0.0 0.0 0.0 0.0 0.0 0.0 0.0 0.0 7.48932e-05 0.0 0.0 0.0 0.0 0.747287 0.0 7.15852e-05 0.0 0.0 0.0 0.0 0.0 0.0 0.0 0.0 0.0 0.590661 0.0
0.0 0.0 0.0 0.0 0.0 0.0 0.0 0.0 0.0 0.0 0.0 0.0 0.0 0.0 0.0 0.0 0.0 0.0 3.44217e-05 0.0 0.0 1.77622e-05 0.0 0.0 0.0 0.0 0.0 0.0 0.0 0.0 0.0 0.000187635 0.0 0.0 0.0 0.0 0.0 0.0 0.0 0.0 0.0 0.0 0.0 0.0 0.0 3.57628e-05 0.0 0.0 0.0 0.0 3.07858e-05 5.17666e-05 6.61016e-05 0.0 0.0 0.0 0.0 0.0 0.0 0.0 0.0 0.0 3.32594e-05 0.0
0.0 0.0 0.0 0.0 0.0 0.0 0.0 0.0 0.0 0.0 0.0 0.0 0.0 0.0 0.0 0.0 0.0 0.0 0.792798 0.0 0.0 0.000105888 0.0 0.0 0.0 0.0 0.0 0.0 0.0 0.0 0.0 1.2368e-05 0.0 0.0 0.0 0.0 0.0 0.0 0.0 0.0 0.0 0.0 0.0 0.0 0.0 0.871341 0.0 0.0 0.0 0.0 0.000247538 5.84126e-06 0.873248 0.0 0.0 0.0 0.0 0.0 0.0 0.0 0.0 0.0 0.0109617 0.0
0.0 0.502901 0.0 0.0 0.0 0.0 0.0 0.0 0.0 0.0 0.0 0.0 0.0 0.0 0.0 0.0 0.0513457 0.000503361 0.0 0.0 0.0 0.0 0.0 2.98023e-08 0.01464 0.0 0.0 0.0 0.0 0.0 0.0 0.0 0.0 0.0 0.0 0.998978 0.988154 0.0 0.0 0.0 0.0 0.0 6.79493e-06 0.0 0.0 0.0 0.0 0.0 0.0108893 0.0 0.0 0.0 0.0 0.00452477 0.0 0.0 0.0 0.0 0.0 0.0 5.99325e-05 0.0 0.0 0.0
2.93851e-05 0.0 0.0 0.0 0.0327017 0.0 0.0 0.0 0.0 0.0833587 6.85453e-07 0.0 0.0 0.0 0.0 0.000474036 0.0 0.0 0.0 1.24574e-05 0.0 0.0 0.0 0.0 0.0 0.0 1.2219e-06 0.0 0.0 0.0 0.0 0.0 0.0 0.98395 0.0 0.0 0.0 0.0 0.000282705 0.0 0.0 0.255325 0.0 0.0 0.0 0.0 0.0 0.0 0.0 0.0 0.0 0.0 0.0 0.0 1.28448e-05 0.0 0.0 2.98023e-07 0.00502872 0.0 0.0 0.000204265 0.0 0.0
0.0 0.0 0.0 0.999548 0.0 0.000323981 0.0 0.0 0.0 0.0 0.0 0.0 0.0 2.68221e-07 0.0 0.0 0.0 0.0 0.0 0.0 0.0 0.0 6.64592e-06 0.0 0.0 0.0 0.0 0.0 0.0 0.0 2.08616e-07 0.0 0.0 0.0 0.0 0.0 0.0 0.0 0.0 0.0 0.0 0.0 0.0 0.0 0.0 0.0 0.0 0.0 0.0 0.0 0.0 0.0 0.0 0.0 0.0 0.0 0.0 0.0 0.0 0.0 0.0 0.0 0.0 0.0
0.0 0.0 0.0 0.0 0.0 0.0 0.0 0.0 0.0 0.0 0.0 0.0 0.0 0.0 0.0 0.0 0.0 0.0 0.0 0.0 0.0 0.0 0.0 0.0 0.0 0.0 5.06639e-07 0.0 0.0 0.0 0.0 0.0 0.0 0.0 0.0 0.0 0.0 0.0 0.0 0.0 0.0 0.0 0.0 6.97374e-06 0.0 0.0 0.99937 0.0 0.0 0.0 0.0 0.0 0.0 0.0 0.0 0.0 0.0 1.46031e-06 0.0 0.0 0.0 0.999767 0.0 0.0
0.000169754 0.0 0.0 0.0 0.975166 0.0 0.0 0.0 0.0 0.0 0.983295 0.0 0.0 0.0 0.0 0.123884 0.0 0.0 0.0 7.09295e-06 0.0 0.0 0.0 0.0 0.0 0.0 0.0288521 0.0 0.0 0.0 0.0 0.0 0.0 1.19209e-07 0.0 0.0 0.0 0.0 2.14577e-06 0.0 0.0 3.8743e-07 0.0 0.137113 0.0 0.0 0.0 0.0 0.0 0.0 0.0 0.0 0.0 0.0 0.0 8.9407e-08 0.0 0.00997862 0.0 0.0 0.0 0.0138323 0.0 0.0
0.000137687 0.0 0.0 0.0 0.00762612 0.0 0.0 0.0 0.0 0.00746861 8.9407e-08 0.0 0.985496 1.19209e-07 0.0 2.00272e-05 0.0 0.0 0.0 0.0282224 0.0 0.0 0.0 0.0 0.0 0.0 0.0 0.0 0.0 0.0 0.0 0.0 0.000126094 5.03659e-06 0.0 0.0 0.0 0.0 0.0412962 0.0 0.0 0.00260746 0.0 0.0 0.0 0.0 0.0 0.0 0.0 0.0 0.0 0.0 0.0 0.0 0.753519 0.0 0.0 0.0 0.368205 1.19209e-07 0.0 1.78814e-07 0.0 0.0
0.0 0.0 0.0 0.0 0.0 0.0 0.0 0.0 0.0 0.0 0.0 0.995844 0.0 0.0 0.0 0.0 0.0 0.0 0.0 0.0 0.0 0.0 0.0 0.0 0.0 0.979714 0.0 0.0 0.988859 0.0 0.0 0.0 0.0 0.0 0.0 0.0 0.0 0.0 0.0 0.0 0.0 0.0 0.0 0.0 0.0 0.0 0.0 0.0 0.0 0.0 0.0 0.0 0.0 0.0 0.0 0.0 0.0 0.0 0.0 0.0 0.0 0.0 0.0 0.0
0.0 0.0 0.0 0.0 0.0 0.0 0.0 0.0 0.0 0.0 0.0 0.0 0.0 0.0 0.0 0.0 0.0 0.0 1.8239e-05 0.0 0.0 0.0 0.0 0.0 0.0 0.0 0.0 0.0 0.0 0.0 0.0 0.940646 0.0 0.0 0.0 0.0 0.0 0.0 0.0 0.0 0.0 0.0 0.0 0.0 0.0 2.68221e-07 0.0 0.0 0.0 0.0 0.0 0.94074 3.57628e-07 0.0 0.0 0.0 0.0 0.0 0.0 0.0 2.98023e-08 0.0 0.0 0.0
0.0 0.0 0.999985 0.0 0.0 0.0 0.00544193 0.0 0.0 0.0 0.0 0.0 0.0 0.0 0.0 0.0 0.0 5.96046e-08 0.0 0.0 0.0 0.0 0.0020431 0.0 2.08616e-07 0.0 0.0 0.0 0.0 0.0 0.0 0.0 0.0 0.0 0.0 0.0 0.0 0.0 0.0 7.02143e-05 0.0 0.0 0.00767463 0.0 0.0 0.0 0.0 0.0 8.9705e-06 0.0 0.0 0.0 0.0 3.27826e-07 0.0 0.0 0.000626326 0.0 0.0 0.0 0.0 0.0 0.0 0.0
0.0 0.0 0.0 0.0 0.0 0.0 0.0 0.0 0.0 0.0 0.0 0.0 0.0 0.0 0.0 0.0 0.0 0.0 5.93066e-06 0.0 0.0 0.801171 0.0 0.0 0.0 0.0 0.0 0.0 0.0 0.0 0.0 0.0 0.0 0.0 0.0 0.0 0.0 0.0 0.0 0.0 0.0 0.0 0.0 0.0 0.0 0.00154155 0.0 0.0 0.0 0.0 0.805649 0.0 0.00142452 0.0 0.0 0.0 0.0 0.0 0.0 0.0 0.0 0.0 0.804298 0.0
0.0 0.0 0.0 0.0 0.0 0.0 0.0 0.0 0.0 0.0 0.0 0.0 0.0 0.0 0.0 0.0 0.0 0.0 0.00030604 0.0 0.0 0.743732 0.0 0.0 0.0 0.0 0.0 0.0 0.0 0.0 0.0 0.0 0.0 0.0 0.0 0.0 0.0 0.0 0.0 0.0 0.0 0.0 0.0 0.0 0.0 0.0684344 0.0 0.0 0.0 0.0 0.784476 0.0 0.0657337 0.0 0.0 0.0 0.0 0.0 0.0 0.0 0.0 0.0 0.824449 0.0
0.0 3.33786e-06 0.0 5.95152e-05 0.0 0.0 0.0 0.0 0.0 2.63751e-05 0.0 8.9407e-08 0.0 5.96046e-08 0.0 0.985487 0.0 0.0 0.0 0.0 0.0 0.0 0.0 0.0 0.0 0.0 0.0 0.0 0.123172 0.0 0.0 0.0 0.0 0.0 0.0 0.0 0.000405192 0.0 0.0 0.0 0.0 0.0510185 3.27826e-07 2.47359e-06 0.0 0.0 0.0 0.0 0.0 0.0 0.0 0.0 0.0 0.0 9.92417e-06 1.40071e-05 0.0 0.0 0.00208321 0.0 0.0 0.0 0.0 0.0
0.0 0.0 0.0 0.0 0.0 0.0 0.0 0.0 0.0 0.0 0.0 0.0 0.0 0.0 0.0 0.0 0.0 0.0 0.0 0.0 0.0 0.0 0.0 0.0 0.0 0.0 0.0 0.0 0.0 0.999975 0.0 0.0 0.0 0.0 0.0 0.0 0.0 0.0 0.0 0.0 0.0 0.0 0.0 0.0 0.0 0.0 0.0 0.0 0.0 0.0 0.0 0.0 0.0 0.0 0.0 0.0 0.0 0.0 0.0 0.0 0.0 0.0 0.0 0.0
0.0 0.0 0.0 3.45707e-06 0.0 0.0 0.0 0.0 0.0 0.0 0.0 0.0 0.0 4.76837e-07 0.0 0.0 0.0 0.0 0.0 0.0 0.0 0.0 0.0 0.0 0.0 0.0 0.0 0.0 0.0 0.0 0.0 0.0 0.0 0.0 0.0 0.0 1.3113e-06 0.0 0.0 0.000260472 0.0 0.0 0.0 7.53105e-05 0.0 0.0 0.0 0.999652 0.0 0.0 0.0 0.0 0.0 0.0 0.0 6.28829e-06 0.0 0.0 8.9407e-08 8.9407e-08 0.0 0.0 0.0 0.0
0.0 1.19209e-07 0.999493 0.0 0.0 0.0 0.0 0.0 0.0 0.0 0.0 0.0 0.0 0.0 0.0 0.0 0.0 0.0 0.0 0.0 0.0 0.0 0.0 0.0 0.0 0.0 0.0 0.0 1.49012e-07 0.0 0.0 0.0 0.0 0.0 0.0 0.0 0.000317127 0.0 0.0 0.0 0.0 4.17233e-07 0.0 1.01328e-06 0.0 0.0 0.0 0.0 0.0 0.0 0.0 0.0 0.0 0.0 1.78814e-07 0.0 0.0 0.0 0.0 0.0 0.0 0.0 0.0 0.0
0.0 0.0 0.0 0.0 0.000260442 0.0 0.0 0.0 0.0 0.0 0.0 0.0 0.0 0.0 0.0 0.0 0.0 0.0 0.0 0.0 0.0 0.0 0.0 0.0 0.0 0.0 0.992727 0.0 0.0 0.0 0.0 0.0 0.0 0.0 0.0 0.0 0.0 0.0 0.0 0.0 0.0 0.0 0.0 0.0 0.0 0.0 0.0 0.0 0.0 0.0 0.0 0.0 0.0 0.0 0.0 0.0 0.0 0.0 0.0 0.0 0.0 0.0 0.0 0.0
0.0 0.000473827 2.38419e-07 0.000548571 0.0 0.0 0.0 0.0 0.0 1.78814e-07 0.0 3.75509e-06 0.0 2.37525e-05 0.0 0.00648308 0.0 0.0 0.0 0.0 0.0 0.0 0.0 0.0 0.0 0.0 0.0 0.0 0.001555 0.0 0.0 0.0 0.0 0.0 0.0 0.0 0.999924 0.0 0.0 0.0 0.0 0.000148892 1.78814e-07 0.00295812 0.0 0.0 0.0 8.9407e-08 0.0 0.0 0.0 0.0 0.0 0.0 6.67572e-06 0.000481784 0.0 0.0 8.62181e-05 2.38419e-07 0.0 0.0 0.0 0.0
0.0 0.0 0.0 0.0 0.0 0.0 0.0 0.0 0.0 0.0 0.0 0.0 0.0 0.0 0.0 0.0 0.0 0.0 0.0 2.95043e-06 0.0 0.0 0.0 0.0 0.0 0.0 0.0 0.0 0.0 0.0 0.0 0.0 0.992474 0.0 0.0 0.0 0.0 8.9407e-08 1.19209e-07 0.0 0.0 0.0 0.0 0.0 0.0 0.0 0.0 0.0 0.0 0.0 0.0 0.0 0.0 0.0 0.0 0.0 0.0 0.0 0.0 0.0 0.0 0.0 0.0 0.0
0.0 0.0 0.0 0.0 0.0 0.0 0.0 0.0 0.0 0.0 0.0 0.0 0.0 0.0 0.0 0.0 0.0 0.0 0.0 2.47359e-06 0.0 0.0 0.0 0.0 0.0 0.0 0.0 0.0 0.0 0.0 0.0 0.0 1.73151e-05 0.0 0.0 0.0 0.0 1.0 0.0 0.0 0.0 0.0 0.0 0.0 0.0 0.0 0.0 0.0 0.0 0.0 0.0 0.0 0.0 0.0 0.0 0.0 0.0 0.0 0.0 0.0 0.0 0.0 0.0 0.0
0.0 0.0 0.0 0.0 0.0 0.0 0.000128388 1.65701e-05 0.0435503 0.0 0.0 0.0 0.0 0.0 0.0 0.0 0.0 0.0 0.0 0.0 0.00202134 0.0 0.0 0.0 0.000616014 0.0 0.0 0.0 0.0 0.0 0.0 0.0 0.0 0.0 0.0 3.51667e-06 0.0 0.0 0.0 0.0 0.0 0.0 0.0 0.0 0.0 0.0 0.0 0.0 0.0 0.0 0.0 0.0 0.0 5.00679e-06 0.0 0.0 0.994034 0.0 0.0 0.0 0.0 0.0 0.0 0.0
0.0 7.09295e-06 0.0 0.985508 5.96046e-08 0.0 0.0 0.0 0.0 0.0 0.0 0.116272 8.9407e-08 0.282986 0.0 0.0884464 0.0 0.0 0.0 0.0 0.0 0.0 0.0 0.0 0.0 0.0 0.0 0.0 0.000561267 0.0 0.0 0.0 0.0 0.0 0.0 0.0 0.000119358 0.0 0.0 0.0 0.0 2.89083e-06 0.0937972 0.00260964 0.0 0.0 0.0 4.47035e-07 0.0 0.0 0.0 0.0 0.0 0.0 1.13547e-05 0.934837 0.0 0.000169337 0.982315 0.00143626 0.0 0.0 0.0 0.0
0.0 5.45382e-06 0.0 5.03659e-06 0.0 0.0 0.0 0.0 0.0 1.78814e-07 0.0 5.96046e-08 0.0 5.96046e-08 0.0 8.07643e-06 0.0 0.0 0.0 0.0 0.0 0.0 0.0 0.0 0.0 0.0 0.0 0.0 0.00338656 0.0 0.0 0.0 0.0 0.0 0.0 0.0 3.5733e-05 0.0 0.0 0.0 0.0 0.00513384 0.0 4.56274e-05 0.0 0.0 0.0 0.0 0.0 0.0 0.0 0.0 0.0 0.0 0.985721 2.08616e-06 0.0 0.0 2.11596e-06 0.0 0.0 0.0 0.0 0.0
0.0 0.0 0.0 0.0 0.0 0.0 0.0 0.0 0.0 0.0 0.0 0.0 0.0 0.0 0.0 0.0 0.0 0.0 0.841475 0.0 0.0 0.78308 0.0 0.0 0.0 0.0 0.0 0.0 0.0 0.0 0.0 0.291336 0.0 0.0 0.0 0.0 0.0 0.0 0.0 0.0 0.0 0.0 0.0 0.0 0.0 0.845471 0.0 0.0 0.0 0.0 0.780176 0.811645 0.808433 0.0 0.0 0.0 0.0 0.0 0.0 0.0 0.164328 0.0 0.827418 0.0
0.0 0.0 0.0 6.4075e-06 0.0 0.0 0.0 0.0 0.0 0.0 0.0167315 1.78814e-06 0.460858 3.69549e-05 0.0 0.0 0.0 0.0 0.0 0.0 0.0 0.0 0.0 0.0 0.0 0.986276 0.0 0.000605732 0.0 0.0 0.0 0.0 0.0 0.0 0.0 0.0 0.0 0.0 0.0 0.000150144 0.0 0.0 0.0 1.04308e-06 0.0 0.0 0.0 0.0 0.0 0.0 0.0 0.0 0.0 0.0 0.0 6.97374e-06 0.0 2.5183e-05 0.0 0.000406533 0.0 0.0 0.0 0.0
0.0 0.0 0.0 0.0 0.0 0.0 0.0 0.0 0.0 0.0 5.96046e-08 0.0 0.0 0.0 0.0 0.0 0.0 0.0 0.0 0.0 0.0 0.0 0.99982 0.0 0.0 0.0 0.0 0.0 0.0 0.0 0.0 0.0 0.0 0.0 0.0 0.0 0.0 0.0 0.0 0.0 0.0 0.0 0.0 0.0 0.0 0.0 0.0 0.0 0.0 0.0 0.0 0.0 0.0 0.0 0.0 0.0 0.0 0.0 0.0 0.0 0.0 0.0 0.0 0.0
0.0 0.0 0.0 0.0 0.0 0.0 0.0 0.0 0.0 0.0 0.0 0.0 0.0 0.0 0.0 0.0 0.0 0.0 0.0 0.0 0.0 0.0 0.0 0.0 0.0 0.0 0.0 0.0 0.0 0.0 0.0 0.0 0.0 0.0 0.0 0.0 0.0 0.0 0.0 0.0 0.0 0.0 0.0 0.0 0.0 0.0 0.0 0.0 0.0 0.0 0.0 0.0 0.0 0.0 0.0 0.0 0.0 0.0 0.0 0.0 0.0 0.0 0.0 0.0
0.0 0.0 0.0 0.0 0.0 0.0 2.98023e-08 1.49012e-07 0.0 0.0 0.0 0.0 0.0 0.0 2.38419e-07 0.0 0.0 0.0 0.0 0.0 0.0 0.0 0.0 0.0 0.0 0.0 0.0 0.0 0.0 0.0 0.0 0.0 1.78814e-07 0.0 0.0 0.0 0.0 0.0 0.985297 0.0 0.0 0.0 0.0 0.0 0.0 0.0 0.0 0.0 0.0 0.0 0.0 0.0 0.0 0.0 0.0 0.0 0.0 0.0 0.0 0.0 0.0 0.0 0.0 0.0
0.0 0.0 0.0 0.0 0.0 0.0 0.0 0.0 0.0 0.0 0.0 0.0 0.0 0.0 0.0 0.0 0.0 0.0 0.0 0.0 0.0 0.0 0.0 0.0 0.0 0.0 0.0 0.0 0.0 0.0 0.0 0.0 0.0 0.0 0.0 0.0 0.0 0.0 0.0 0.0 0.0 0.0 0.0 0.0 0.0 0.0 1.0 0.0 0.0 0.0 0.0 0.0 0.0 0.0 0.0 0.0 0.0 0.0 0.0 0.0 0.0 0.0 0.0 0.0
0.0 0.0 0.0 0.0 0.0 0.0 0.0 0.0 0.0 0.0 0.0 0.0 0.0 0.0 0.0 0.0 0.0 0.0 0.0 0.0 0.000449687 0.0 0.0 0.0 0.000354946 0.0 0.0 0.0 0.0 0.0 0.0 0.0 0.0 0.0 0.0 0.0 0.0 0.0 0.0 0.0 0.0 0.0 0.0 0.0 0.0167944 0.0 0.0 0.0 0.0 0.0 0.0 0.0 0.0 5.36442e-07 0.0 0.0 0.0 0.0 0.0 0.0 0.0 0.0 0.0 0.0
0.0 0.0 0.0 0.0 0.0 0.0 0.0 0.0 0.0 0.0 0.0 0.0 0.0 0.0 0.0 0.0 0.0 0.0 0.0026972 0.0 0.0 0.00226322 0.0 0.0 0.0 0.0 0.0 0.0 0.0 0.0 0.0 0.873523 0.0 0.0 0.0 0.0 0.0 0.0 0.0 0.0 0.0 0.0 0.0 0.0 0.0 0.0612275 0.0 0.0 0.0 0.0 0.003993 0.737441 0.0025799 0.0 0.0 0.0 0.0 0.0 0.0 0.0 0.897283 0.0 0.0100408 0.0
0.0 0.0 0.0 8.9407e-08 0.992561 0.0 0.0 0.0 0.0 0.0 0.0 0.0 0.0 0.0 0.0 0.0 0.0 0.0 0.0 2.98023e-07 0.0 0.0 0.0 0.0 0.0 0.0 0.00404799 0.0 0.0 0.0 0.0 0.0 0.0 0.0 0.0 0.0 0.0 0.0 0.0 0.0 0.0 0.0 0.0 0.0 0.0 0.0 0.0 0.0 0.0 0.0 0.0 0.0 0.0 0.0 0.0 2.98023e-08 0.0 0.0 2.98023e-08 0.0 0.0 0.0 0.0 0.0
0.0 0.0 0.0 0.0 0.0 0.0 0.0 0.0 2.68221e-07 0.0 0.0 0.0 0.0 0.0 0.0 0.0 0.0 0.0 0.0 0.0 0.0904085 0.0 0.0 0.0 0.332771 0.0 0.0 0.0 0.0 0.0 0.0 0.0 0.0 0.0 0.0 1.49012e-07 0.0 0.0 0.0 0.0 0.0 0.0 0.0 0.0 0.000187337 0.0 0.0 0.0 0.0 0.0 0.0 0.0 0.0 5.80847e-05 0.0 0.0 0.000145137 0.0 0.0 0.0 0.0 0.0 0.0 0.0
0.0 0.0 0.0 0.0 0.0 0.0 0.0 0.0 0.0 0.0 0.0 0.0 0.0 0.0 0.0 0.0 0.0 0.0 0.846062 0.0 0.0 0.81617 0.0 0.0 0.0 0.0 0.0 0.0 0.0 0.0 0.0 0.132583 0.0 0.0 0.0 0.0 0.0 0.0 0.0 0.0 0.0 0.0 0.0 0.0 0.0 0.847972 0.0 0.0 0.0 0.0 0.821176 0.755643 0.842338 0.0 0.0 0.0 0.0 0.0 0.0 0.0 0.0556839 0.0 0.824787 0.0
0.0 0.0 0.0 0.0 0.0 0.0 0.0 0.0 0.0 0.0 0.0 0.0 0.0 0.0 0.0 0.0 0.0 0.0 0.0 0.0 9.197e-05 0.0 0.0 0.0 9.92119e-05 0.0 0.0 0.0 0.0 0.0 0.0 0.0 0.0 0.0 0.0 0.0 0.0 0.0 0.0 0.0 0.0 0.0 0.0 0.0 0.999811 0.0 0.0 0.0 0.0 0.0 0.0 0.0 0.0 1.3411e-06 0.0 0.0 0.0 0.0 0.0 0.0 0.0 0.0 0.0 0.0
0.0 0.0 0.0 0.0 0.0 0.0 0.0 2.98023e-08 5.96046e-08 0.0 0.0 0.0 0.0 0.0 0.0 0.0 0.0 0.0 0.0 0.0 0.0 0.0 0.0 0.0 0.0 0.0 0.0 0.0 0.0 0.0 0.0 0.0 0.0 0.0 0.0 0.0 0.0 0.0 0.0 0.0 0.0 0.0 0.0 0.0 0.0 0.0 0.0 0.0 0.0 0.0 0.0 0.0 0.0 0.0 0.0 0.0 9.53674e-07 0.0 0.0 0.0 0.0 0.0 0.0 0.0
0.0 0.0 0.0 0.0 0.0 0.0 0.0 0.0 9.23872e-07 0.0 0.0 0.0 0.0 0.0 0.0 0.0 0.0 0.0 0.0 0.0 0.214138 0.0 0.0 0.0 0.531719 0.0 0.0 0.0 0.0 0.0 0.0 0.0 0.0 0.0 0.0 5.96046e-08 0.0 0.0 0.0 0.0 0.0 0.0 0.0 0.0 8.94666e-05 0.0 0.0 0.0 0.0 0.0 0.0 0.0 0.0 3.46899e-05 0.0 0.0 0.00661033 0.0 0.0 0.0 0.0 0.0 0.0 0.0
0.0 0.0 0.0 0.0 0.0 0.0 0.0 0.0 0.0 0.0 0.0 0.0 0.0 0.0 0.0 0.0 0.0 0.0 0.847474 0.0 0.0 0.821682 0.0 0.0 0.0 0.0 0.0 0.0 0.0 0.0 0.0 0.0900182 0.0 0.0 0.0 0.0 0.0 0.0 0.0 0.0 0.0 0.0 0.0 0.0 0.0 0.845089 0.0 0.0 0.0 0.0 0.820162 0.74098 0.840088 0.0 0.0 0.0 0.0 0.0 0.0 0.0 0.0363377 0.0 0.828554 0.0
0.0 0.0 0.0 0.0 0.0 0.0 0.0 0.0 0.0 0.0 0.0 0.0 0.0 0.0 0.0 0.0 0.0 0.0 0.0 0.0 0.0 0.0 0.0 0.0 0.0 0.0 0.0 0.0 0.0 0.0 0.0 0.0 0.0 0.0 0.0 0.0 0.0 0.0 0.0 0.0 0.0 0.0 0.0 0.0 0.0 0.0 0.0 0.0 0.0 0.983397 0.0 0.0 0.0 0.0 0.0 0.0 0.0 0.0 0.0 0.0 0.0 0.0 0.0 0.0
0.979953 0.0 0.0 8.9407e-08 0.0 0.0 0.0 0.0 0.0 0.0 0.0 2.98023e-08 0.0 0.0 0.0 0.0 0.0 0.0 0.0 0.0 0.0 0.0 0.0 0.0 0.0 0.0 0.0 0.0 0.0 0.0 0.0 0.0 0.0 0.0 0.0 0.0 0.0 0.0 0.0 0.0 0.0 0.0 5.63264e-06 0.0 0.0 0.0 0.0 0.0 0.0 0.0 0.0 0.0 0.0 0.0 0.0 0.0 0.0 1.04308e-05 0.0 0.0 0.0 0.0 0.0 0.0
0.0 0.0 0.0 0.0 0.0 0.0 0.0 0.0 0.0 0.0 0.0 0.0 0.0 0.0 0.0 0.0 0.0 0.0 0.850595 0.0 0.0 0.824445 0.0 0.0 0.0 0.0 0.0 0.0 0.0 0.0 0.0 0.196771 0.0 0.0 0.0 0.0 0.0 0.0 0.0 0.0 0.0 0.0 0.0 0.0 0.0 0.848921 0.0 0.0 0.0 0.0 0.823176 0.792306 0.843083 0.0 0.0 0.0 0.0 0.0 0.0 0.0 0.0860257 0.0 0.831722 0.0
0.0 0.0 0.0 0.0 0.0 0.0 0.0 0.0 0.0 0.0 0.0 0.0 0.0 0.0 0.0 0.0 0.0 0.0 0.0 0.0 0.0 0.0 0.0 0.0 0.0 0.0 0.0 0.0 0.0 0.0 0.999414 0.0 0.0 0.0 0.0 0.0 0.0 0.0 0.0 0.0 0.0 0.0 0.0 0.0 0.0 0.0 0.0 0.0 0.0 0.0 0.0 0.0 0.0 0.0 0.0 0.0 0.0 0.0 0.0 0.0 0.0 0.0 0.0 0.0
0.0 0.0 0.0 0.0 0.0 0.0 0.0 0.0 0.0 0.0 0.0 0.0 0.0 0.0 0.0 0.0 0.0 0.0 0.0 0.0 0.0 0.0 0.0 1.0 0.0 0.0 0.0 0.0 0.0 0.0 0.0 0.0 0.0 0.0 0.0 0.0 0.0 0.0 0.0 0.0 0.0 0.0 0.0 0.0 0.0 0.0 0.0 0.0 0.0 0.0 0.0 0.0 0.0 0.0 0.0 0.0 0.0 0.0 0.0 0.0 0.0 0.0 0.0 0.0
0.0 0.0 0.0 0.0 0.0 0.0 0.0 2.98023e-08 7.7486e-07 0.0 0.0 0.0 0.0 0.0 0.0 0.0 0.0 0.0 0.0 0.0 0.915435 0.0 0.0 0.0 0.981877 0.0 0.0 0.0 0.0 0.0 0.0 0.0 0.0 0.0 0.0 0.00180987 0.0 0.0 0.0 0.0 0.0 0.0 0.0 0.0 1.2815e-06 0.0 0.0 0.0 0.0 0.0 0.0 0.0 0.0 0.505512 0.0 0.0 0.00133833 0.0 0.0 0.0 0.0 0.0 0.0 0.0
0.0 0.0 0.0 2.98023e-08 1.97887e-05 0.0 0.0 0.0 0.0 0.0 0.0 0.0 0.0 0.0 0.0 0.0 0.0 0.0 0.0 0.993577 0.0 0.0 0.0 0.0 0.0 0.0 0.0 0.0 0.0 0.0 0.0 0.0 5.96046e-08 0.0 0.0 0.0 0.0 0.0 0.0 0.0 0.0 0.0 0.0 0.0 0.0 0.0 0.0 0.0 0.0 0.0 0.0 0.0 0.0 0.0 0.0 0.0 0.0 3.57628e-07 0.0 0.0 0.0 0.0 0.0 0.0
0.0 1.04308e-06 0.0 0.0 0.0 0.0 0.0 0.0 0.0 0.000533193 0.0 0.0 0.0 0.0 0.0 0.0101804 0.0 0.0 0.0 0.0 0.0 0.0 0.0 0.0 0.0 0.0 0.0 0.0 0.727438 0.0 0.0 0.0 0.0 0.0 0.0 0.0 8.60095e-05 0.0 0.0 0.0 0.0 0.983825 0.0 0.0 0.0 0.0 0.0 0.0 0.0 0.0 0.0 0.0 0.0 0.0 0.000605375 0.0 0.0 0.0 1.78814e-07 0.0 0.0 0.0 0.0 0.0
0.0 0.0 0.0 0.0 0.0 0.0 0.0 0.0 0.0 0.0 0.0 0.0 0.0 0.0 0.0 0.0 0.0 0.0 0.0 0.0 0.0 0.0 0.0 0.0 0.0 0.0 0.0 0.0 0.0 0.0 0.0 0.0 0.0 0.0 0.0 0.0 0.0 0.0 0.0 0.0 0.999956 0.0 0.0 0.0 0.0 0.0 0.0 0.0 0.0 0.0 0.0 0.0 0.0 0.0 0.0 0.0 0.0 0.0 0.0 0.0 0.0 0.0 0.0 0.0
0.0 0.0 0.0 0.0 0.0 0.0 0.0 0.0 1.51992e-06 0.0 0.0 0.0 0.0 0.0 0.0 0.0 0.0 0.0 0.0 0.0 1.04308e-05 0.0 0.0 0.0 2.7746e-05 0.0 0.0 0.0 0.0 0.0 0.0 0.0 0.0 0.0 0.0 0.0 0.0 0.0 0.0 0.0 0.0 0.0 0.0 0.0 3.06964e-06 0.0 0.0 0.0 0.0 0.0 0.0 0.0 0.0 0.0 0.0 0.0 0.0129302 0.0 0.0 0.0 0.0 0.0 0.0 0.0
0.0 0.0 0.0 0.0 0.0 0.0 0.0 0.0 0.0 0.0 0.0 0.0 0.0 0.0 0.0 0.0 1.0 0.0 0.0 0.0 0.0 0.0 0.0 0.0 0.0 0.0 0.0 0.0 0.0 0.0 0.0 0.0 0.0 0.0 0.0 0.0 0.0 0.0 0.0 0.0 0.0 0.0 0.0 0.0 0.0 0.0 0.0 0.0 0.0 0.0 0.0 0.0 0.0 0.0 0.0 0.0 0.0 0.0 0.0 0.0 0.0 0.0 0.0 0.0
0.0 0.999851 0.0 1.75536e-05 0.0 0.0 0.0 0.0 0.0 0.0 0.0 2.5928e-06 0.0 3.18885e-06 0.0 3.99351e-06 0.0 0.0 0.0 0.0 0.0 0.0 0.0 0.0 0.0 0.0 0.0 0.0 2.08616e-07 0.0 0.0 0.0 0.0 0.0 0.0 0.0 0.00027442 0.0 0.0 0.0 0.0 0.0 4.97699e-06 5.06639e-07 0.0 0.0 0.0 0.0 0.0 0.0 0.0 0.0 0.0 0.0 2.98023e-08 7.33137e-06 0.0 2.5332e-06 2.02656e-06 5.06639e-07 0.0 0.0 0.0 0.0
0.0 0.0 0.0 0.0 0.0 0.0 0.00468573 0.00866416 0.984328 0.0 0.0 0.0 0.0 0.0 0.0 0.0 0.0 0.0 0.0 0.0 3.57628e-07 0.0 0.0 0.0 8.9407e-08 0.0 0.0 0.0 0.0 0.0 0.0 0.0 0.0 0.0 0.0 2.22921e-05 0.0 0.0 0.0 0.0 0.0 0.0 0.0 0.0 0.0 0.0 0.0 0.0 0.0 0.0 0.0 0.0 0.0 5.96046e-08 0.0 0.0 0.0104653 0.0 0.0 0.0 0.0 0.0 0.0 0.0
0.0 0.0 0.0 1.2517e-06 0.0 0.0 0.0 0.0 0.0 0.0 0.000148714 1.54972e-06 0.000157297 1.16527e-05 0.0 0.0 0.0 0.0 0.0 0.0 0.0 0.0 0.0 0.0 0.0 0.000158936 0.0 0.997555 0.0 0.0 0.0 0.0 0.0 0.0 0.0 0.0 0.0 0.0 0.0 8.02279e-05 0.0 0.0 0.0 5.96046e-08 0.0 0.0 0.0 0.0 0.0 0.0 0.0 0.0 0.0 0.0 0.0 8.34465e-07 0.0 0.00398213 0.0 0.000207871 0.0 0.0 0.0 0.0
0.0 0.0 0.0 0.0 0.0 0.0 0.0 0.0 0.0 0.0 0.0 0.0 0.0 0.0 0.0 0.0 0.0 0.999971 0.0 0.0 0.0 0.0 0.0 0.0 0.0 0.0 0.0 0.0 0.0 0.0 0.0 0.0 0.0 0.0 0.0 0.0 0.0 0.0 0.0 0.0 0.0 0.0 0.0 0.0 0.0 0.0 0.0 0.0 0.0 0.0 0.0 0.0 0.0 0.0 0.0 0.0 0.0 0.0 0.0 0.0 0.0 0.0 0.0 0.0
0.0 4.41074e-06 0.0 8.52346e-06 0.0 0.0 0.0 0.0 0.0 3.0458e-05 0.0 0.0 0.0 0.0 0.0 0.0447761 0.0 0.0 0.0 0.0 0.0 0.0 0.0 0.0 0.0 0.0 0.0 0.0 0.982706 0.0 0.0 0.0 0.0 0.0 0.0 0.0 0.00171089 0.0 0.0 0.0 0.0 0.881578 1.19209e-07 2.48253e-05 0.0 0.0 0.0 0.0 0.0 0.0 0.0 0.0 0.0 0.0 0.00206003 2.71201e-06 0.0 0.0 4.72665e-05 0.0 0.0 0.0 0.0 0.0
0.0 0.0 0.0 0.0 0.0 0.0 2.98023e-07 1.78814e-07 1.87755e-06 0.0 2.32458e-06 0.0 0.0 0.0 0.0 0.0 0.0 0.0 0.0 0.0 0.000192136 0.0 0.0 0.0 2.13087e-05 0.0 0.0 0.0 0.0 0.0 0.0 0.0 0.0 0.0 0.0 0.982319 0.0 0.0 0.0 0.0 0.0 0.0 0.0 0.0 0.0 0.0 0.0 0.0 0.0 0.0 0.0 0.0 0.0 0.0258144 0.0 0.0 2.98023e-08 0.0 0.0 0.0 0.0 0.0 0.0 0.0
0.0 0.0 0.0 0.0 0.0 0.0 0.0 0.0 0.0 0.0 0.0 0.0 0.0 0.0 0.0 0.0 0.0 0.0 0.0 0.0 0.0 0.0 0.0 0.0 0.0 0.0 0.0 0.0 0.0 0.0 0.0 0.0 0.0 0.984066 0.0 0.0 0.0 0.0 0.0 0.0 0.0 0.0 0.0 0.0 0.0 0.0 0.0 0.0 0.0 0.0 0.0 0.0 0.0 0.0 0.0 0.0 0.0 0.0 0.0 0.0 0.0 0.0 0.0 0.0
0.0 0.0 0.0 0.0 0.0 1.0 3.8743e-07 0.0 0.0 0.0 0.0 0.0 0.0 0.0 0.0 0.0 0.0 0.0 0.0 0.0 0.0 0.0 0.0 0.0 0.0 0.0 0.0 0.0 0.0 0.0 0.0 0.0 0.0 0.0 0.0 0.0 0.0 0.0 0.0 0.0 0.0 0.0 0.0 0.0 0.0 0.0 0.0 0.0 0.0 0.0 0.0 0.0 0.0 0.0 0.0 0.0 0.0 0.0 0.0 0.0 0.0 0.0 0.0 0.0
0.0 0.0 0.0 0.0 0.0 0.0 0.0 0.0 0.0 0.0 0.0 0.0 0.0 0.0 0.0 0.0 0.0 0.0 0.359147 0.0 0.0 0.31423 0.0 0.0 0.0 0.0 0.0 0.0 0.0 0.0 0.0 0.872476 0.0 0.0 0.0 0.0 0.0 0.0 0.0 0.0 0.0 0.0 0.0 0.0 0.0 0.760281 0.0 0.0 0.0 0.0 0.365103 0.87425 0.335964 0.0 0.0 0.0 0.0 0.0 0.0 0.0 0.880385 0.0 0.508265 0.0
0.0 0.0 0.0 0.0 0.0 0.0 1.78814e-07 1.19209e-07 2.02656e-06 0.0 0.0 0.0 0.0 0.0 0.999815 0.0 0.0 0.0 0.0 0.0 0.0 0.0 0.0 0.0 0.0 0.0 0.0 0.0 0.0 0.0 0.0 0.0 0.0 0.0 0.0 0.0 0.0 0.0 9.71556e-06 0.0 0.0 0.0 0.0 0.0 0.0 0.0 0.0 0.0 0.0 0.0 0.0 0.0 0.0 0.0 0.0 0.0 0.0 0.0 0.0 0.0 0.0 0.0 0.0 0.0
2.98023e-08 6.55651e-07 0.0 0.975917 8.9407e-08 0.0 0.0 0.0 0.0 0.0 0.0 0.940602 0.0162265 0.991361 0.0 2.80142e-06 0.0 0.0 0.0 2.98023e-08 0.0 0.0 0.0 0.0 0.0 4.61936e-05 0.0 0.000145018 1.19209e-07 0.0 0.0 0.0 0.0 0.0 0.0 0.0 2.83122e-06 0.0 0.0 1.3411e-06 0.0 0.0 0.0140573 0.0750378 0.0 0.0 0.0 9.23872e-07 0.0 0.0 0.0 0.0 0.0 0.0 2.08616e-07 0.95735 0.0 0.919156 0.0467 0.996635 0.0 0.0 0.0 0.0
0.0 0.0 0.0 0.0 0.0 0.0 0.0 2.98023e-08 7.80821e-06 0.0 0.0 0.0 0.0 0.0 0.0 0.0 0.0 0.0 0.0 0.0 2.31564e-05 0.0 0.0 0.0 6.67274e-05 0.0 0.0 0.0 0.0 0.0 0.0 0.0 0.0 0.0 0.0 0.0 0.0 0.0 0.0 0.0 0.0 0.0 0.0 0.0 1.45137e-05 0.0 0.0 0.0 0.0 0.0 0.0 0.0 0.0 0.0 0.0 0.0 0.0248306 0.0 0.0 0.0 0.0 0.0 0.0 0.0
6.55651e-07 2.26498e-06 0.0 0.438518 0.0 0.0 0.0 0.0 0.0 0.0 0.0 0.0752847 0.0 0.0158202 0.0 4.30942e-05 0.0 0.0 0.0 0.0 0.0 0.0 0.0 0.0 0.0 0.0 0.0 0.0 1.49012e-07 0.0 0.0 0.0 0.0 0.0 0.0 0.0 0.0 0.0 0.0 0.0 0.0 0.0 0.984874 8.04663e-07 0.0 0.0 0.0 0.0 0.0 0.0 0.0 0.0 0.0 0.0 0.0 0.0569245 0.0 0.0545902 0.208807 0.000243694 0.0 0.0 0.0 0.0
0.0 0.0 0.0 0.0 0.0 0.0 0.0 0.0 0.0 0.0 0.0 0.0 0.0 0.0 0.0 0.0 0.0 0.0 0.84459 0.0 0.0 0.804372 0.0 0.0 0.0 0.0 0.0 0.0 0.0 0.0 0.0 0.558083 0.0 0.0 0.0 0.0 0.0 0.0 0.0 0.0 0.0 0.0 0.0 0.0 0.0 0.850613 0.0 0.0 0.0 0.0 0.814392 0.85194 0.838599 0.0 0.0 0.0 0.0 0.0 0.0 0.0 0.347579 0.0 0.825265 0.0
0.0 0.0 0.0 0.0 0.0 0.0 0.0 0.0 2.98023e-08 0.0 0.0 0.0 0.0 0.0 0.0 0.0 0.0 0.0 0.0 0.0 0.196197 0.0 0.0 0.0 0.380292 0.0 0.0 0.0 0.0 0.0 0.0 0.0 0.0 0.0 0.0 0.074365 0.0 0.0 0.0 0.0 0.0 0.0 0.0 0.0 0.0 0.0 0.0 0.0 7.15256e-07 0.0 0.0 0.0 0.0 0.982655 0.0 0.0 1.3113e-06 0.0 0.0 0.0 0.0 0.0 0.0 0.0
0.0 0.0 0.0 0.0 0.0 0.0 0.0 0.0 0.0 0.0 0.0 0.0 0.0 0.0 0.0 0.0 0.0 0.0 0.0173861 0.0 0.0 0.0162578 0.0 0.0 0.0 0.0 0.0 0.0 0.0 0.0 0.0 0.882626 0.0 0.0 0.0 0.0 0.0 0.0 0.0 0.0 0.0 0.0 0.0 0.0 0.0 0.234579 0.0 0.0 0.0 0.0 0.0266298 0.839144 0.01728 0.0 0.0 0.0 0.0 0.0 0.0 0.0 0.892363 0.0 0.0553793 0.0
0.0 0.0 0.0 0.0 0.0 0.0 0.0 2.38419e-07 1.99676e-06 0.0 0.0 0.0 0.0 0.0 0.0 0.0 0.0 0.0 0.0 0.0 0.866545 0.0 0.0 0.0 0.981224 0.0 0.0 0.0 0.0 0.0 0.0 0.0 0.0 0.0 0.0 0.000156641 0.0 0.0 0.0 0.0 0.0 0.0 0.0 0.0 2.32458e-06 0.0 0.0 0.0 0.0 0.0 0.0 0.0 0.0 0.0961235 0.0 0.0 0.00068748 0.0 0.0 0.0 0.0 0.0 0.0 0.0
0.0 0.0 0.0 0.0020467 0.0 0.0 0.0 0.0 0.0 0.0 8.9407e-08 9.98378e-05 0.986012 0.00496268 0.0 0.0 0.0 0.0 0.0 0.0 0.0 0.0 0.0 0.0 0.0 0.0653149 0.0 0.000407577 0.0 0.0 0.0 0.0 0.0 0.0 0.0 0.0 0.0 0.0 0.0 0.000205874 0.0 0.0 2.98023e-08 0.00406104 0.0 0.0 0.0 1.19209e-07 0.0 0.0 0.0 0.0 0.0 0.0 0.0 0.00361595 0.0 0.00024569 1.75834e-06 0.0309639 0.0 0.0 0.0 0.0
0.0 0.0 0.0 0.0 0.0 0.0 0.0 0.0 0.0 0.0 0.0 0.0 0.0 0.0 1.2815e-06 0.0 0.0 0.0 0.0 0.0 0.0 0.0 0.0 0.0 0.0 0.0 0.0 0.0 0.0 0.0 0.0 0.0 0.0 0.0 0.0 0.0 0.0 0.0 0.0 0.0 0.0 0.0 0.0 0.0 0.0 0.0 0.0 0.0 0.0 0.0 0.0 0.0 0.0 0.0 0.0 0.0 0.0 0.0 0.0 0.0 0.0 0.999881 0.0 0.0
0.0 0.0 0.0 0.0 0.0 0.0 0.0 0.0 0.0 0.0 1.16229e-05 0.0 0.0 0.0 0.0 0.0 0.0 0.0 0.0 0.0 0.0 0.0 6.58631e-06 0.0 0.0 1.19209e-07 0.0 0.0 0.0 0.0 0.0 0.0 0.0 0.0 0.0 0.0 0.0 0.0 0.0 3.66569e-06 0.0 0.0 0.0 0.0 0.0 0.0 0.0 0.0 0.999904 0.0 0.0 0.0 0.0 4.76837e-07 0.0 0.0 0.0 0.0 0.0 0.0 0.0 0.0 0.0 0.0
0.0 0.0 0.0 0.0 0.0 0.0 0.0 0.0 0.0 0.983487 0.0 0.0 0.0 0.0 0.0 1.49012e-07 0.0 0.0 0.0 0.0 0.0 0.0 0.0 0.0 0.0 0.0 0.0 0.0 7.7486e-07 0.0 0.0 0.0 0.0 0.0 0.0 0.0 2.98023e-08 0.0 0.0 0.0 0.0 3.59118e-05 0.0 0.0 0.0 0.0 0.0 0.0 0.0 0.0 0.0 0.0 0.0 0.0 0.0 0.0 0.0 0.0 0.0 0.0 0.0 0.0 0.0 0.0
5.96046e-08 4.17233e-07 0.0 0.988879 0.0 0.0 0.0 0.0 0.0 0.0 0.0 0.981829 3.27528e-05 0.984311 0.0 2.44379e-06 0.0 0.0 0.0 0.0 0.0 0.0 0.0 0.0 0.0 1.19209e-07 0.0 5.06639e-07 0.0 0.0 0.0 0.0 0.0 0.0 0.0 0.0 2.83122e-06 0.0 0.0 0.0 0.0 0.0 0.148706 0.0132464 0.0 0.0 0.0 1.19209e-07 0.0 0.0 0.0 0.0 0.0 0.0 1.49012e-07 0.969231 0.0 0.908973 0.0644983 0.837065 0.0 0.0 0.0 0.0
0.0 0.0 0.0 0.0 0.0 0.0 0.0 0.0 0.0 0.0 0.0 0.0 0.0 0.0 0.0 0.0 0.0 0.0 0.0 0.0 0.0 0.0 0.0 0.0 0.0 0.0 0.0 0.0 0.0 0.0 0.0 0.0 0.0 0.0 0.0 0.0 0.0 0.0 0.0 0.0 0.0 0.0 0.0 0.0 0.0 0.0 0.0 0.0 0.0 0.0 0.0 0.0 0.0 0.0 0.0 0.0 0.0 0.0 0.0 0.0 0.0 0.0 0.0 0.999788
0.0 0.0 0.0 0.0 0.0 0.0 0.0 4.47035e-07 7.98702e-06 0.0 0.0 0.0 0.0 0.0 0.0 0.0 0.0 0.0 0.0 0.0 0.989512 0.0 0.0 0.0 0.914846 0.0 0.0 0.0 0.0 0.0 0.0 0.0 0.0 0.0 0.0 0.00353277 0.0 0.0 0.0 0.0 0.0 0.0 0.0 0.0 6.85453e-07 0.0 0.0 0.0 0.0 0.0 0.0 0.0 0.0 0.116987 0.0 0.0 0.0130256 0.0 0.0 0.0 0.0 0.0 0.0 0.0
0.0 0.0 0.0 0.0 0.0 0.0 8.9407e-08 0.995255 0.00207344 0.0 0.0 0.0 0.0 0.0 0.0 0.0 0.0 0.0 0.0 0.0 0.0 0.0 0.0 0.0 0.0 0.0 0.0 0.0 0.0 0.0 0.0 0.0 0.0 0.0 0.0 0.0 0.0 0.0 1.87755e-06 0.0 0.0 0.0 0.0 0.0 0.0 0.0 0.0 0.0 0.0 0.0 0.0 0.0 0.0 0.0 0.0 0.0 2.02656e-06 0.0 0.0 0.0 0.0 0.0 0.0 0.0
0.0 0.0 0.0 0.0 0.0 0.0 0.0 0.0 0.0 0.0 0.0 0.0 0.0 0.0 0.0 0.0 0.0 0.0 0.838637 0.0 0.0 0.802469 0.0 0.0 0.0 0.0 0.0 0.0 0.0 0.0 0.0 0.113455 0.0 0.0 0.0 0.0 0.0 0.0 0.0 0.0 0.0 0.0 0.0 0.0 0.0 0.836872 0.0 0.0 0.0 0.0 0.800622 0.775798 0.824921 0.0 0.0 0.0 0.0 0.0 0.0 0.0 0.0511951 0.0 0.818859 0.0
0.0 0.0 0.0 0.0 0.0 0.0 0.0 0.0 0.0 0.0 0.0 0.0 0.0 0.0 0.0 0.0 0.0 0.0 0.0 0.0 0.0 0.0 0.0 0.0 0.0 0.0 0.0 0.0 0.0 0.0 0.0 0.0 0.0 0.0 0.999909 0.0 0.0 0.0 0.0 0.0 0.0 0.0 0.0 0.0 0.0 0.0 0.0 0.0 0.0 0.0 0.0 0.0 0.0 0.0 0.0 0.0 0.0 0.0 0.0 0.0 0.0 0.0 0.0 0.0
6 39 13 55 3 57 10 43 32 27 22 61 2 9 54 33 19 0 44 7 47 58 12 41 4 15 5 37 59 11 25 28 26 38 36 1 63 62 21 50 49 8 16 29 34 18 52 45 42 56 46 30 40 60 31 51 35 48 14 23 17 20 24 53
