8
0.0 0.0 0.0 0.0 0.0 0.0 0.0 0.0 0.0 0.0 0.0 0.0 0.0 0.0 0.0 0.0 0.0 0.0 0.0 0.0 0.0 0.0 0.0 0.0 0.0 0.0 0.0 0.0 0.0 0.0 0.0 0.0 0.0 0.0 0.0 0.0 0.0 0.0 0.0 0.0 0.0 0.0 0.0 0.0 0.0 0.0 0.0 0.0 0.0 0.0 0.0 0.0 0.0 0.0 0.0 0.0 0.0 0.0 0.0 0.0 0.0 0.0 0.0 0.0
0.0 0.0 0.0 0.998581 0.0 0.0 0.18415 0.0 0.0 0.0 0.0 0.0 0.0 0.0 0.0 0.0 0.0 0.0 0.0 0.0 0.0 0.0 0.0 0.0 0.0 0.0 0.0 0.0 0.0 0.0 0.0 0.0 0.0 0.0 0.0 0.0 0.0 0.0 0.0 0.0 0.0 0.0 0.0 0.0 0.0 0.0 0.0 0.0 0.0 0.0 0.0 0.0 0.0 0.196289 0.0 0.0 0.0 0.0 0.0 0.0 0.0 0.0 0.0 0.0
0.0 0.0 0.0 0.0 0.0 0.0 0.0 0.0 0.0 0.0 0.0 0.0 0.0 0.0 0.0 0.0 0.0 0.0 0.0 0.0 0.0 0.0 0.0 0.0 0.0 0.0 0.0 0.0 0.0 0.0 0.0 0.0 2.38419e-07 0.0 0.0 0.0 0.0 8.34465e-07 0.0 0.0 0.0 0.0 0.0 0.0 0.0 0.0 3.75509e-06 0.0 0.0 3.01003e-06 0.0 0.0 0.0 0.0 0.0 0.999342 0.0 0.0 0.0 0.0 0.0 0.0 0.0 0.0
0.0 0.0 0.0 0.0 0.0 0.0 0.0 0.0 0.0 0.0 0.0 0.0 0.996871 0.0 0.0 0.0 0.0 3.8743e-07 0.0 0.0 0.0 2.08616e-07 0.0 0.0 0.0 0.0 0.0 0.0 0.0 0.0 0.0 0.0 0.0 0.0 0.0 0.0 0.0 0.0 0.0 0.0 0.0 0.0 0.00180206 0.0 0.0 0.0 0.0 0.0 0.0 0.0 0.0 0.0 0.0 0.0 0.0 0.0 0.0 0.0 0.0 0.0 0.0 0.0 0.0 0.0
0.0 0.0 0.0 0.0 0.185445 0.0 0.0 0.0 0.0 0.0 0.0 0.0 0.0 0.0 0.0 0.0 0.0 0.0 0.0 0.0 0.0 0.0 0.0 0.0 0.0 0.0 0.0 0.00443605 0.0 0.0 0.0 0.0 0.0 0.0 0.0 0.0 0.0 0.0 0.0 0.0 0.0 0.0 0.0 0.999602 0.0 0.0 0.0 0.0 0.0 0.0 0.0 0.0 0.0 0.0 0.0 0.0 0.0 0.0 0.0 0.0 0.0 0.0 0.0 0.0
0.0 0.0 0.0 0.0 0.0 0.0 0.0 0.0 0.0 0.0 0.0 0.0 0.0 0.0 0.0 0.0 0.0 0.0 0.0 0.0 0.0 0.0 0.0 0.0 0.0 0.0 0.0 0.0 0.0 0.0 0.0 0.0 0.0 0.0 0.0 0.0 0.0 0.0 0.0 0.0 0.0 0.0 0.0 0.0 0.0 0.0 0.0 0.0 0.0 0.0 0.0 0.998983 0.0 0.0 0.0 0.0 0.0 0.0 0.0 0.0 0.0 0.0 0.0 0.0
0.0 0.0 0.0 0.0 0.0193754 0.0 0.0 0.0 0.0 0.0 0.0 0.0 0.0 0.0 0.0 0.0 0.0 0.0 0.0 0.0 0.0 0.0 0.0 0.0 0.0 0.0 0.0 0.993948 0.0 0.0 0.0 0.0 0.0 0.0 0.0 0.0 0.0 0.0 0.0 0.0 0.0 0.0 0.0 0.00058952 0.0 0.0 0.0 0.0 0.0 0.0 0.0 0.0 0.0 0.0 0.0 0.0 0.0 0.0 0.0 0.0 0.0 0.0 0.0 0.0
0.0 0.0 0.0 0.0 0.0 0.0 0.0 0.0 0.0 0.0 0.0 0.0 0.0 0.0 0.0 0.0 0.0 0.0 0.0 0.0 0.0 0.0 0.0 0.0 0.0 0.0 0.0 0.0 0.0 0.0 0.0 0.0 0.0 0.0 0.0 0.0 0.0 0.0 0.0 0.0 0.0 0.0 0.0 0.0 0.0 0.0 0.0 0.0 0.0 0.0 0.0 0.0 0.0 0.0 0.0 0.0 0.0 0.0 0.0 0.0 1.0 0.0 0.0 0.0
0.0 0.0 0.0 0.0 0.0 0.0 0.0 0.0 0.0 0.0 0.0 0.0 0.0 0.0 0.0 0.0 0.0 0.0 0.0 0.0 0.0 0.0 0.0 0.0 0.0 0.0 0.0 0.0 0.0 0.0 0.0 0.0 0.0 0.0 0.0 0.0 0.0 0.0 0.999932 0.0 0.0 0.0 0.0 0.0 0.0 0.0 0.0 0.0 0.0 0.0 0.0 0.0 0.0 0.0 0.0 0.0 0.0 0.0 0.0 0.0 0.0 0.0 0.0 0.0
0.0 0.0 0.0 0.0 0.0 0.0 0.0 0.0 0.0 0.0 0.0 0.0 2.98023e-08 0.0 0.0 0.0 0.0 1.2815e-06 0.0 0.0 0.0 0.999953 0.0 0.0 0.0 0.0 0.0 0.0 0.0 0.0 0.0 0.0 0.0 0.0 0.0 0.0 0.0 0.0 0.0 0.0 0.0 0.0 0.00100526 0.0 0.0 0.0 0.0 0.0 0.0 0.0 0.0 0.0 0.0 0.0 0.0 0.0 0.0 0.0 0.0 0.0 0.0 0.0 0.0 0.0
0.0 0.0 0.0 0.0 0.0 0.997624 0.0 0.0 0.0 0.0 0.0 0.0 0.0 0.0 0.0 0.0 0.0 0.0 0.0 0.0 0.0 0.0 0.0 0.0 0.0 0.0 0.0 0.0 0.0 0.0 0.0 0.0 0.0 0.0 0.0 0.0 0.0 0.0 0.0 0.0 0.0 0.0 0.0 0.0 0.0 0.0 2.98023e-08 0.0 0.0 0.0 0.0 0.0 0.0 0.0 0.0 0.00184187 0.0 0.0 0.0 0.0 0.0 0.0 0.0 0.0
0.0 0.0 0.0 0.0 0.0 0.0 0.0 0.0 2.83122e-06 1.49012e-07 4.20809e-05 0.813802 0.0 0.0 0.0 0.0 0.0 0.0 0.97821 0.0 0.108125 0.0 0.0 4.19319e-05 0.0 0.0749514 0.117948 0.0 0.0 0.799412 0.669071 0.0 0.0 0.0 0.156404 0.0 5.8949e-05 0.0 0.0 8.28505e-06 0.0 0.0 0.0 0.0 0.0 0.0 1.12057e-05 1.07288e-05 0.994074 0.0 0.0270953 0.0 4.09186e-05 0.0 1.49012e-07 0.0 0.0 0.0 0.93742 0.0 0.0 0.0 0.0 0.934416
0.0 0.0 0.00156698 0.0 0.0 0.0 0.0 0.0 0.0 0.0 0.0 0.0 7.69794e-05 0.0 0.0 0.0 0.0 0.988707 0.0 8.22544e-06 0.0 3.75509e-05 9.61125e-05 0.0 0.0 0.0 0.0 0.0 5.96046e-08 0.0 0.0 0.0 0.0 0.0 0.0 0.0 0.0 0.0 0.0 0.0 0.0 0.0 0.978284 0.0 5.84126e-06 0.0 0.0 0.0 0.0 0.0 0.0 0.0 0.0 0.0 0.0 0.0 0.0 0.0 0.0 0.0 0.0 0.0 0.0 0.0
0.0 0.0 0.0 0.0 0.0 0.0 0.0 0.0 0.98899 0.0 0.00108331 2.08616e-07 0.0 0.0 0.0 0.0 0.0 0.0 0.000327677 0.0 0.000679791 0.0 0.0 0.000299066 0.0 0.0 0.00125536 0.0 0.0 1.49012e-06 2.11895e-05 1.13249e-06 0.0 0.0 0.00567245 8.34465e-07 2.10106e-05 0.0 0.0 2.20537e-06 0.0 0.0 0.0 0.0 0.0 0.0 7.10487e-05 0.163985 9.75132e-05 2.98023e-06 0.00224039 0.0 1.07288e-06 0.0 4.21107e-05 0.0 5.96046e-08 0.0 0.00170174 4.66704e-05 0.0 0.0 0.0 1.32322e-05
0.0 0.0 0.0 0.0 0.0 0.0 0.0 0.0 0.0 0.0 0.0 0.0 0.0 0.0 0.0 0.0 0.0 0.0 0.0 0.0 0.0 0.0 0.0 0.0 0.0 0.0 0.0 0.0 0.0 0.0 0.0 0.0 0.0 0.0 0.0 0.0 0.0 0.0 0.0 0.0 0.0 0.994273 0.0 0.0 0.0 0.0 0.0 0.0 0.0 0.0 0.0 0.0 0.0 0.0 0.0 0.0 0.0 0.0 0.0 0.0 0.0 0.0 0.0 0.0
0.0 0.0 0.0 0.389168 0.0 0.0 0.989704 0.0 0.0 0.0 0.0 0.0 0.0 0.0 0.0 0.0 0.0 0.0 0.0 0.0 0.0 0.0 0.0 0.0 0.0 0.0 0.0 0.0 0.0 0.0 0.0 0.0 0.0 0.0 0.0 0.0 0.0 0.0 0.0 0.0 0.0 0.0 0.0 0.0 0.0 0.0 0.0 0.0 0.0 0.0 0.0 0.0 0.0 0.0422108 0.0 0.0 0.0 0.0 0.0 0.0 0.0 0.0 0.0 0.0
0.0 0.0 0.0 0.0 0.0 0.0 0.0 3.27826e-06 0.0 0.0 1.49012e-07 0.0 0.0 0.0 0.0 0.0 0.0 0.0 0.0 0.00136769 0.0 0.0 6.25849e-07 0.0 3.51667e-06 0.0 0.0 0.0 0.0 0.0 0.0 0.00229704 0.517871 0.0 0.0 5.11706e-05 1.03712e-05 0.98353 0.0 0.0 0.0 0.0 0.0 0.0 0.0 0.0 1.19209e-07 2.11596e-06 0.0 0.56478 0.0 0.0 0.0 0.0 1.19209e-07 1.19209e-07 0.0 0.0 0.0 1.2517e-06 0.0 0.00248337 0.0 0.0
0.999197 0.0 0.0 0.0 0.0 0.0 0.0 0.0 0.0 0.0 0.0 0.0 0.0 0.0 0.0 0.0 0.0 0.0 0.0 0.0 0.0 0.0 0.0 0.0 0.0 0.0 0.0 0.0 0.0 0.0 0.0 0.0 0.0 0.0 0.0 0.0 0.0 0.0 0.0 0.0 0.0 0.0 0.0 0.0 0.0 0.0 0.0 0.0 0.0 0.0 0.0 0.0 0.0 0.0 0.0 0.0 0.0 0.0 0.0 0.0 0.0 0.0 0.0 0.0
0.0 0.0 0.0 0.0 0.0 0.0 0.0 0.0 1.19209e-07 1.38581e-05 1.10269e-06 0.218966 0.0 0.0 0.0 0.0 0.0 0.0 0.438192 0.0 0.00110394 0.0 0.0 3.18885e-06 0.0 0.210201 3.45707e-05 0.0 0.0 0.857658 0.215101 0.0 0.0 0.0 0.00185519 0.0 2.08616e-07 0.0 0.0 0.000298023 0.0 0.0 0.0 0.0 0.0 0.0 8.24928e-05 4.47035e-07 0.106875 0.0 0.000466496 0.0 0.00672409 0.0 0.0 0.0 0.0 0.0 0.0656869 0.0 0.0 0.0 0.0 0.988064
0.0 0.0 0.0 0.0 0.0 0.0 0.0 0.0 3.8743e-07 3.27826e-07 6.83069e-05 7.7486e-07 0.0 0.0 0.0 0.0 0.0 0.0 0.00101668 0.0 0.000185579 0.0 0.0 1.2517e-06 0.0 8.67248e-06 4.42863e-05 0.0 0.0 0.000276744 0.000308633 0.0 0.0 0.0 0.00190914 0.0 3.27826e-07 0.0 0.0 0.00234875 0.0 0.0 0.0 0.0 0.0 0.0 1.19209e-06 3.48687e-06 7.80821e-05 0.0 4.65214e-05 0.0 0.9994 0.0 0.0 0.0 0.0 0.0 0.000995249 5.96046e-08 0.0 0.0 0.0 2.64347e-05
0.0 0.0 0.0 0.970685 0.0 0.0 0.543545 0.0 0.0 0.0 0.0 0.0 0.0 0.0 0.0 0.0 0.0 0.0 0.0 0.0 0.0 0.0 0.0 0.0 0.0 0.0 0.0 0.0 0.0 0.0 0.0 0.0 0.0 0.0 0.0 0.0 0.0 0.0 0.0 0.0 0.0 0.0 0.0 0.0 0.0 0.0 0.0 0.0 0.0 0.0 0.0 0.0 0.0 0.9981 0.0 0.0 0.0 0.0 0.0 0.0 0.0 0.0 0.0 0.0
0.0 0.0 1.78814e-07 0.0 0.0 0.0 0.0 2.98023e-08 0.0 0.0 0.0 0.0 0.0 0.0 0.0 0.0 0.0 3.27826e-07 0.0 0.178254 0.0 0.0 0.999719 0.0 0.0 0.0 0.0 0.0 2.98023e-08 0.0 0.0 1.78814e-07 0.0 0.0 0.0 2.98023e-08 0.0 1.19209e-07 0.0 0.0 0.0 0.0 8.9407e-08 0.0 0.0 0.0 0.0 0.0 0.0 0.0 0.0 0.0 0.0 0.0 0.0 0.0 0.0 0.0 0.0 0.0 0.0 6.47306e-05 0.0 0.0
0.0 0.0 0.0 0.0 0.0 0.0 0.0 4.58062e-05 0.0 0.0 0.0 0.0 0.0 2.04146e-05 0.0 0.0 0.0 2.98023e-08 0.0 0.000118315 0.0 0.0 1.37389e-05 0.0 0.0 0.0 0.0 0.0 0.0 0.0 0.0 1.37091e-06 0.0 0.0 0.0 1.49012e-07 0.0 0.0 0.0 0.0 0.0 0.0 2.98023e-08 0.0 0.999965 0.0 0.0 1.19209e-07 0.0 0.0 0.0 0.0 0.0 0.0 5.126e-06 0.0 4.73857e-06 0.0 0.0 2.38419e-07 0.0 1.19209e-07 5.98729e-05 0.0
0.0 0.0 0.0 0.0 0.0 0.0 0.0 0.0 1.2219e-05 0.0 1.57058e-05 0.000139445 0.0 0.0 0.0 0.0 0.0 0.0 0.0121188 0.0 0.000407577 0.0 0.0 0.000597447 0.0 1.13249e-06 0.0160728 0.0 0.0 0.000519007 0.00110897 0.0 0.0 0.0 0.000204533 4.47035e-07 0.00234517 0.0 0.0 0.0 0.0 0.0 0.0 0.0 0.0 0.0 0.0 0.139455 0.0163953 0.0 0.0163 0.0 1.78814e-07 0.0 0.00442007 0.0 1.49012e-07 0.0 0.0179105 1.18911e-05 0.0 0.0 0.0 0.00138953
0.0 0.0 0.0 0.0 0.0 0.0 0.0 0.0 0.0 0.0 0.0 0.0 0.0 0.0 0.0 0.0 0.0 0.0 0.0 0.0 0.0 0.0 0.0 0.0 0.0 0.0 0.0 0.0 0.0 0.0 0.0 0.0 0.0 0.0 0.0 0.0 0.0 0.0 0.0 0.0 0.0 0.999908 0.0 0.0 0.0 0.0 0.0 0.0 0.0 0.0 0.0 0.0 0.0 0.0 0.0 0.0 0.0 0.0 0.0 0.0 0.0 0.0 0.0 0.0
0.0 0.0 0.0 0.0 0.0 0.0 0.0 0.0 1.2964e-05 2.68221e-07 1.40965e-05 0.820101 0.0 0.0 0.0 0.0 0.0 0.0 0.997714 0.0 0.0155467 0.0 0.0 4.26769e-05 0.0 0.356498 0.0493298 0.0 0.0 0.98513 0.981601 0.0 0.0 0.0 0.0423334 0.0 3.93987e-05 0.0 0.0 5.39422e-06 0.0 0.0 0.0 0.0 0.0 0.0 9.83477e-07 6.78599e-05 0.910635 0.0 0.124675 0.0 0.000109315 0.0 1.49012e-07 0.0 0.0 0.0 0.727757 0.0 0.0 0.0 0.0 0.970617
0.0 0.0 0.0 0.0 0.0 0.0 0.0 0.0 0.0 0.0 0.0 0.974981 0.0 0.0 0.0 0.0 0.0 0.0 0.979858 0.0 1.5825e-05 0.0 0.0 2.98023e-08 0.0 0.936906 2.97427e-05 0.0 0.0 0.901511 0.57365 0.0 0.0 0.0 3.0607e-05 0.0 2.98023e-08 0.0 0.0 2.68221e-07 0.0 0.0 0.0 0.0 0.0 0.0 0.0 0.0 0.184398 0.0 0.00129208 0.0 5.06639e-07 0.0 0.0 0.0 0.0 0.0 0.00504106 0.0 0.0 0.0 0.0 0.895261
0.0 0.0 0.0 0.0 0.0 0.0 0.0 0.0 0.0 0.0 0.0 0.0 0.0 0.0 0.0 0.0 0.9974 0.0 0.0 0.0 0.0 0.0 0.0 0.0 0.0 0.0 0.0 0.0 0.0 0.0 0.0 0.0 0.0 0.0 0.0 0.0 0.0 0.0 0.0 0.0 0.0 0.0391589 0.0 0.0 0.0 1.78814e-07 0.0 2.68221e-07 0.0 0.0 0.0 0.0 0.0 0.0 5.96046e-08 0.0 0.0 0.0 0.0 0.0 0.0 0.0 0.0 0.0
0.0 0.0 0.0 0.0 0.0 0.0 0.0 3.57628e-07 8.34465e-07 0.0 0.0026609 0.0 0.0 2.38419e-06 0.0 0.0 0.0 0.0 0.0 2.35736e-05 1.84774e-06 0.0 5.96046e-08 4.13358e-05 0.0 0.0 6.28829e-06 0.0 0.0 0.0 0.0 0.0933038 0.0 0.0 1.57952e-06 1.16825e-05 0.0012238 1.78814e-07 0.0 0.0 0.0 0.0 0.0 0.0 8.9407e-08 0.0 3.16501e-05 0.282026 0.0 7.45058e-06 0.0 0.0 0.0 0.0 0.394865 0.0 9.15229e-05 0.0 5.96046e-08 0.988363 0.0 6.49691e-06 0.0 0.0
0.0 0.0 0.0 0.0 0.0 0.0 0.0 0.0 0.000318825 3.8743e-07 0.537596 0.000307322 0.0 0.0 0.0 0.0 0.0 0.0 0.0849274 0.0 0.977631 0.0 0.0 0.0338032 0.0 2.98023e-07 0.878231 0.0 0.0 0.00491145 0.00737965 0.0 0.0 0.0 0.982218 1.78814e-07 0.0563143 0.0 0.0 1.2815e-06 0.0 0.0 0.0 0.0 0.0 0.0 0.00265968 0.0409763 0.5151 5.27501e-06 0.0883417 0.0 0.000101864 0.0 0.000688583 0.0 1.19209e-07 0.0 0.989104 9.32217e-05 0.0 0.0 0.0 0.00320342
0.0 0.0 0.0 0.0 0.0 0.0 0.0 0.0 4.97699e-06 1.19209e-07 0.0118604 0.0013029 0.0 0.0 0.0 0.0 0.0 0.0 0.302487 0.0 0.630311 0.0 0.0 0.0058704 0.0 7.15256e-07 0.186321 0.0 0.0 0.0474378 0.00942898 0.0 0.0 0.0 0.454476 0.0 0.0310881 0.0 0.0 2.98023e-07 0.0 0.0 0.0 0.0 0.0 0.0 0.000124663 0.0229373 0.130178 1.78814e-07 0.974196 0.0 9.23872e-07 0.0 0.00102004 0.0 0.0 0.0 0.881243 2.35438e-06 0.0 0.0 0.0 0.00166082
0.0 0.0 0.0 0.0 0.0 0.0 0.0 0.0 2.08616e-07 0.0 0.234028 2.98023e-08 0.0 0.0 0.0 0.0 0.0 0.0 6.25849e-07 8.9407e-08 0.00298405 0.0 0.0 2.98023e-07 8.64267e-07 0.0 0.000264883 0.0 0.0 2.08616e-07 8.9407e-08 2.06828e-05 9.35793e-06 0.0 0.00811386 0.0 0.0353884 5.42402e-06 0.0 3.78489e-06 0.0 0.0 0.0 0.0 0.0 0.0 0.998389 0.000378847 1.75834e-06 0.0109694 8.34465e-07 0.0 7.51019e-05 0.0 1.99676e-05 0.0 0.0 0.0 0.000151128 0.00256705 0.0 2.08616e-07 0.0 1.04308e-06
0.0 0.0 0.0 0.0 0.0 0.0 0.0 0.0 0.0 0.0 0.0 3.33786e-06 0.0 0.0 0.0 0.0 0.0 0.0 2.95937e-05 0.0 2.68221e-07 0.0 0.0 0.0 0.0 1.49012e-07 0.0 0.0 0.0 9.23872e-07 7.80821e-06 0.0 0.0 0.0 5.36442e-07 8.9407e-08 0.0 0.0 0.0 0.999992 0.0 0.0 0.0 0.0 0.0 0.0 1.49012e-07 9.23872e-07 2.71201e-06 0.0 5.06639e-07 0.0 0.000287205 0.0 0.0 0.0 0.0 0.0 3.12924e-06 0.0 0.0 0.0 0.0 2.08616e-07
0.0 0.0 8.9407e-08 0.0 0.0 0.0 0.0 0.999999 0.0 0.0 2.08616e-07 0.0 0.0 0.0 0.0 0.0 0.0 0.0 0.0 0.997395 0.0 0.0 5.34952e-05 5.96046e-08 0.000279605 0.0 0.0 0.0 0.0 0.0 0.0 0.0235828 3.96669e-05 0.0 0.0 0.000564039 3.36766e-06 6.91116e-05 0.0 0.0 0.0 0.0 0.0 0.0 0.00017938 0.0 8.34465e-07 7.39694e-05 0.0 0.000151038 0.0 0.0 0.0 0.0 5.00679e-05 0.0 1.05202e-05 1.2368e-05 0.0 9.62615e-06 0.0 2.65837e-05 0.0 0.0
0.0 0.0 0.0 0.0 0.0 0.0 0.0 0.0 0.0 0.0 0.0 0.0 0.0 0.996407 0.0 0.0 0.0 0.0 0.0 0.0 0.0 0.0 0.0 0.0 0.0 0.0 0.0 0.0 0.0 0.0 0.0 0.0 0.0 0.0 0.0 0.0 0.0 0.0 0.0 0.0 0.0 0.0 0.0 0.0 0.0 0.0 0.0 1.49012e-07 0.0 0.0 0.0 0.0 0.0 0.0 1.3411e-06 0.0 0.0 0.0 0.0 1.19209e-07 0.0 0.0 3.61502e-05 0.0
0.0 0.0 0.0 0.0 0.0 0.0 0.0 0.0 0.0 0.0 0.0 0.0 0.0 0.00291157 0.0 0.0 0.0 0.0 0.0 8.9407e-08 0.0 0.0 1.19209e-07 0.0 0.0 0.0 0.0 0.0 5.96046e-08 0.0 0.0 0.0 0.0 0.0 0.0 0.0 0.0 0.0 0.0 0.0 0.0 0.0 0.0 0.0 0.00186586 0.0 0.0 5.96046e-08 0.0 0.0 0.0 0.0 0.0 0.0 1.49012e-07 0.0 0.0 0.0 0.0 0.0 0.0 0.0 0.999732 0.0
0.0 0.0 0.0 0.0 0.0 0.0 0.0 3.57628e-07 1.60933e-06 0.0 7.7486e-07 0.0 0.0 0.0 0.0 0.0 0.0 0.0 2.98023e-08 1.19209e-07 1.49012e-07 0.0 0.0 0.000119984 0.0 0.0 1.49012e-07 0.0 0.0 0.0 0.0 5.96046e-08 0.0 0.0 2.98023e-08 4.32134e-06 1.10269e-06 0.0 0.0 0.0 0.0 5.96046e-08 0.0 0.0 0.0 0.0 0.0 0.88696 2.98023e-08 0.0 6.85453e-07 0.0 0.0 0.0 0.00422898 0.0 0.999456 0.00444469 1.78814e-07 0.000163198 0.0 0.0 0.0 0.0
0.0 0.0 0.0 0.0 0.0 0.0 0.0 0.0 1.75238e-05 0.0 0.00265288 2.98023e-08 0.0 0.0 0.0 0.0 0.0 0.0 2.29776e-05 6.55651e-07 0.00463176 0.0 0.0 0.999589 0.0 0.0 0.0012809 0.0 0.0 4.47035e-07 8.34465e-07 1.3411e-06 0.0 0.0 0.00347537 9.23872e-07 0.000419825 0.0 0.0 0.0 0.0 0.0 0.0 0.0 0.0 0.0 3.66569e-06 0.857406 0.00013417 1.49012e-07 0.00224558 0.0 0.0 0.0 0.231016 0.0 7.75754e-05 7.7486e-07 0.00354052 0.0021992 0.0 0.0 0.0 2.08616e-06
0.0 0.0 0.0 0.0 0.0 0.0 0.0 0.0 0.0 8.9407e-08 0.0 0.0 0.0 0.0 8.9407e-08 0.0 0.0 0.0 0.0 0.0 0.0 0.0 0.0 0.0 0.0 0.0 0.0 0.0 0.0 0.0 0.0 0.0 0.0 1.0 0.0 0.0 0.0 0.0 0.0 0.0 0.0 0.0 0.0 0.0 0.0 0.0 0.0 0.0 0.0 0.0 0.0 0.0 0.0 0.0 0.0 0.0 0.0 0.0 0.0 0.0 0.0 0.0 0.0 0.0
0.0 0.0 0.0 0.0 0.0 0.0 0.0 0.0 0.0 0.0 0.0 2.98023e-07 0.0 0.0 0.0 0.0 0.00382608 0.0 0.0 0.0 0.0 0.0 0.0 0.0 0.0 0.0 0.0 0.0 0.0 0.0 0.0 0.0 0.0 0.0 0.0 0.0 0.0 0.0 0.0 0.0 0.0 0.0 0.0 0.0 0.0 0.999997 0.0 0.0 0.0 0.0 0.0 0.0 0.0 0.0 0.0 0.0 0.0 0.0 0.0 0.0 0.0 0.0 0.0 0.0
0.0 0.0 0.0 0.0 0.0 0.0 0.0 0.0 0.0 0.0 0.0 0.0 0.0 0.0 0.0 0.0 0.0 0.0 0.0 0.0 0.0 0.0 1.78814e-07 0.0 0.0 0.0 0.0 0.0 0.999924 0.0 0.0 0.0 0.0 0.0 0.0 0.0 0.0 0.0 0.0 0.0 0.0 0.0 0.0 0.0 0.0 0.0 0.0 0.0 0.0 0.0 0.0 0.0 0.0 0.0 0.0 0.0 0.0 0.0 0.0 0.0 0.0 0.0 0.0 0.0
0.0 0.0 0.0 0.0 0.0 0.0 0.0 0.0 0.0 0.993073 0.0 1.19209e-07 0.0 0.0 6.61612e-05 0.0 0.0 0.0 6.25849e-07 0.0 0.0 0.0 0.0 0.0 0.0 1.49012e-07 0.0 0.0 0.0 1.07288e-06 0.0 0.0 0.0 5.06639e-07 5.96046e-08 0.0 0.0 0.0 0.0 2.98023e-08 0.0 0.0 0.0 0.0 0.0 0.0 5.36442e-07 0.0 0.0 0.0 0.0 0.0 0.0 0.0 0.0 0.0 0.0 0.0 0.0 0.0 0.0 0.0 0.0 7.80821e-06
0.0 0.0 0.0 0.0 0.0 0.0 0.0 0.0 0.00111067 3.57628e-07 0.481463 0.00100675 0.0 0.0 0.0 0.0 0.0 0.0 0.296337 0.0 0.930767 0.0 0.0 0.00269026 0.0 3.45707e-06 0.997966 0.0 0.0 0.00582507 0.0054689 0.0 0.0 0.0 0.98649 2.08616e-07 0.334439 0.0 0.0 1.49012e-07 0.0 0.0 0.0 0.0 0.0 0.0 0.00489873 0.0388024 0.557232 4.73857e-06 0.0562254 0.0 2.58386e-05 0.0 0.000779957 0.0 0.0 0.0 0.962021 0.00015381 0.0 0.0 0.0 0.0154887
0.0 0.0 0.0 0.0 0.0 0.0 0.0 0.000132471 0.0 0.0 1.07288e-06 0.0 0.0 5.96046e-08 0.0 0.0 0.0 0.0 0.0 0.0866111 0.0 0.0 6.56843e-05 0.0 2.71201e-06 0.0 0.0 0.0 0.0 0.0 0.0 0.971666 8.49366e-05 0.0 0.0 0.000237614 4.01139e-05 0.00259724 0.0 0.0 0.0 0.0 0.0 0.0 8.9407e-08 0.0 7.15256e-07 0.000407159 0.0 0.0043149 0.0 0.0 0.0 0.0 0.000242621 0.0 0.0 0.0 0.0 0.00589401 0.0 0.00571021 0.0 0.0
0.0 0.0 0.0 0.0 0.0 0.0 0.0 0.0 0.0 8.58307e-06 0.0 0.0 0.0 0.0 0.0263064 0.0 0.0 0.0 0.0 0.0 0.0 0.0 0.0 0.0 0.0 0.0 0.0 0.0 0.0 0.0 0.0 0.0 0.0 0.152396 0.0 0.0 0.0 0.0 0.0 0.0 0.0 0.0 0.0 0.0 0.0 0.0 0.0 0.0 0.0 0.0 0.0 0.0 0.0 0.0 0.0 0.0 0.0 0.0 0.0 0.0 0.0 0.0 0.0 0.0
0.0 0.0 0.0 0.0 0.0 0.0 0.0 0.0 0.0 0.0 0.0 0.0 0.0 0.0 0.0 0.0 0.0 0.0 0.0 0.0 0.0 0.0 0.0 0.0 0.0 0.0 0.0 0.0 0.0 0.0 0.0 0.0 0.0 0.0 0.0 0.0 0.0 0.0 0.0 0.0 0.99931 0.0 0.0 0.0 0.0 0.0 0.0 0.0 0.0 0.0 0.0 0.0 0.0 0.0 0.0 0.0 0.0 0.0 0.0 0.0 1.19209e-07 0.0 0.0 0.0
0.0 0.0 0.0 0.0 0.0 0.0 0.0 4.88758e-06 0.0505113 2.98023e-08 0.0234815 0.0 0.0 0.0 0.0 0.0 0.0 0.0 9.0003e-06 2.78056e-05 0.00131997 0.0 0.0 0.115787 0.0 0.0 0.0234 0.0 0.0 8.9407e-08 1.78814e-07 0.000221282 0.0 0.0 0.00786671 0.000907123 0.00976458 2.98023e-08 0.0 0.0 0.0 0.0 0.0 0.0 0.0 0.0 0.000180215 0.98562 1.33812e-05 6.19888e-06 7.50721e-05 0.0 0.0 0.0 0.349417 0.0 3.85642e-05 1.19209e-07 0.000369668 0.0641471 0.0 0.0 0.0 2.08616e-06
0.0 0.0 0.0 0.0 0.0 0.0 0.0 0.0 2.95043e-05 0.000294536 0.0598221 0.772584 0.0 0.0 0.0 0.0 0.0 0.0 0.942385 0.0 0.977825 0.0 0.0 0.00415656 0.0 0.00735784 0.715206 0.0 0.0 0.967229 0.628513 0.0 0.0 0.0 0.991381 0.0 0.00270206 0.0 0.0 0.000374049 0.0 0.0 0.0 0.0 0.0 0.0 0.102778 0.0014542 0.958312 1.49012e-07 0.0919943 0.0 0.00617197 0.0 1.34408e-05 0.0 0.0 0.0 0.995272 1.10269e-06 0.0 0.0 0.0 0.893924
0.0 0.0 0.0 0.0 0.0 0.0 0.0 0.0 0.0 0.0 0.0 0.0 0.0 0.0 0.0 0.957578 0.0 0.0 0.0 0.0 0.0 0.0 0.0 0.0 0.0 0.0 0.0 0.0 0.0 0.0 0.0 0.0 0.0 0.0 0.0 0.0 0.0 0.0 0.0 0.0 0.0 0.0 0.0 0.0 0.0 0.0 0.0 0.0 0.0 0.0 0.0 0.0 2.98023e-08 0.0 0.0 0.0 0.0 0.0 0.0 0.0 2.86102e-06 0.0 0.0 0.0
0.0 0.0 0.0 0.0 0.0 0.0 0.0 1.13249e-06 0.0 0.0 1.49012e-07 0.0 0.0 0.0 0.0 0.0 0.0 0.0 0.0 0.00190648 0.0 0.0 1.49012e-07 0.0 0.000363648 0.0 0.0 0.0 0.0 0.0 0.0 1.93119e-05 0.991506 0.0 0.0 7.18236e-06 1.87755e-06 0.960136 0.0 0.0 0.0 0.0 0.0 0.0 0.0 0.0 5.66244e-07 0.0 0.0 0.726516 0.0 0.0 0.0 0.0 0.0 6.55651e-07 0.0 0.0 0.0 0.0 0.0 0.000311911 0.0 0.0
0.0 0.0 0.0 0.0 0.991598 0.0 0.0 0.0 0.0 0.0 0.0 0.0 0.0 0.0 0.0 0.0 0.0 0.0 0.0 0.0 0.0 0.0 0.0 0.0 0.0 0.0 0.0 0.205315 0.0 0.0 0.0 0.0 0.0 0.0 0.0 0.0 0.0 0.0 0.0 0.0 0.0 0.0 0.0 0.0182721 0.0 0.0 0.0 0.0 0.0 0.0 0.0 0.0 0.0 0.0 0.0 0.0 0.0 0.0 0.0 0.0 0.0 0.0 0.0 0.0
0.0 0.0 0.0 0.0 0.0 0.0 0.0 0.000225663 3.06964e-06 0.0 0.0 0.0 0.0 0.0 0.0 0.0 0.0 0.0 0.0 0.0356602 0.0 0.0 4.88758e-06 0.0 0.000100642 0.0 1.19209e-07 0.0 0.0 0.0 0.0 0.000329912 2.98023e-07 0.0 0.0 0.999971 2.68221e-07 5.06639e-06 0.0 0.0 0.0 0.0 0.0 0.0 0.0 0.0 0.0 0.000732213 0.0 1.2219e-06 0.0 0.0 0.0 0.0 7.7486e-07 0.0 0.0 0.0 0.0 3.15905e-06 0.0 7.15256e-07 0.0 0.0
0.0 0.0 0.0 0.0 0.0 0.0 0.0 2.89083e-06 3.88324e-05 0.0 0.303565 0.0 0.0 1.49012e-07 0.0 0.0 5.96046e-08 0.0 3.57628e-07 9.197e-05 0.00699604 0.0 0.0 0.0010342 0.0 0.0 0.0281119 0.0 0.0 0.0 5.96046e-08 0.0162972 2.80142e-06 0.0 0.00544068 2.93553e-05 0.998121 0.000220001 0.0 0.0 0.0 0.0 0.0 0.0 0.0 0.0 0.0407069 0.481569 4.11272e-06 0.017212 6.48797e-05 0.0 1.78814e-07 0.0 0.409797 0.0 4.02331e-06 0.0 0.000258237 0.181217 0.0 2.17557e-06 0.0 2.98023e-08
0.0 0.987886 0.0 0.0 0.0 0.0 1.19209e-07 0.0 0.0 0.0 0.0 0.0 0.0 0.0 0.0 0.0 0.0 0.0 0.0 0.0 0.0 0.0 0.0 0.0 0.0 0.0 0.0 0.0 0.0 0.0 0.0 0.0 0.0 0.0 0.0 0.0 0.0 0.0 0.0 0.0 0.0 0.0 0.0 0.0 0.0 0.0 0.0 0.0 0.0 0.0 0.0 0.0 0.0 0.0 0.0 0.0 0.0 0.0 0.0 0.0 0.0 0.0 0.0 0.0
0.0 0.0 0.0 0.0 0.0 0.0 0.0 0.0 3.12924e-06 1.78814e-07 0.250696 3.94583e-05 0.0 0.0 0.0 0.0 0.0 0.0 0.00257203 0.0 0.220401 0.0 0.0 0.0156923 0.0 1.49012e-07 0.0187495 0.0 0.0 0.000210047 0.000440329 8.9407e-08 5.96046e-08 0.0 0.166415 1.10269e-06 0.0110496 5.96046e-08 0.0 0.000111014 0.0 0.0 0.0 0.0 0.0 0.0 0.00543877 0.516099 0.0115613 7.87675e-05 0.0165202 0.0 3.87728e-05 0.0 0.0100339 0.0 2.98023e-07 5.96046e-08 0.149877 0.00172016 0.0 0.0 0.0 2.17259e-05
0.0 0.0 0.0 0.0 0.0 0.0 0.0 8.34465e-07 1.19209e-07 0.0 5.96046e-07 0.0 0.0 0.0 0.0 0.0 0.0 0.0 1.19209e-07 0.0816979 1.49012e-07 0.0 2.98023e-08 0.0 0.864395 0.0 3.8743e-07 0.0 0.0 2.98023e-08 0.0 4.29153e-06 0.00214618 0.0 5.66244e-07 9.76622e-05 7.36117e-06 0.00391579 0.0 6.25849e-07 0.0 0.0 0.0 0.0 0.0 0.0 2.39909e-05 5.66244e-07 2.98023e-08 0.0027355 0.0 0.0 0.0 0.0 0.0 0.00032571 0.0 0.0 1.19209e-07 0.0 0.0 1.78814e-07 0.0 3.27826e-07
0.0 0.0 0.0 0.0 0.0 0.0 0.0 9.83477e-07 3.57628e-07 0.0 1.78814e-07 0.0 0.0 0.0 0.0 0.0 0.0 0.0 0.0 0.0 1.49012e-07 0.0 0.0 2.98023e-06 0.0 0.0 5.96046e-08 0.0 0.0 0.0 0.0 0.0 0.0 0.0 1.19209e-07 0.0 2.98023e-08 0.0 0.0 0.0 0.0 0.0 0.0 0.0 0.0 0.0 0.0 0.00758737 5.96046e-08 0.0 2.38419e-07 0.0 0.0 0.0 2.27094e-05 0.0 0.000888169 0.999314 1.49012e-07 1.78814e-07 0.0 0.0 0.0 0.0
0.0 0.0 0.0 0.0 0.0 0.0 0.0 4.05312e-06 2.94149e-05 0.0 0.0134196 5.96046e-08 0.0 3.27826e-07 0.0 0.0 0.0 0.0 1.52886e-05 1.49012e-05 0.00206599 0.0 0.0 0.151319 2.98023e-08 0.0 0.00305054 0.0 0.0 5.06639e-07 1.40071e-06 0.000521362 1.78814e-07 0.0 0.00151139 0.0698242 0.0689178 1.66893e-06 0.0 2.68221e-07 0.0 0.0 0.0 0.0 0.0 0.0 0.000161886 0.999455 2.75075e-05 4.41372e-05 0.00181541 0.0 0.0 0.0 0.503316 0.0 1.2517e-06 0.0 0.000770211 0.0133106 0.0 1.19209e-07 0.0 6.25849e-07
0.0 0.0 0.0 0.0 0.0 0.0 0.0 2.98023e-08 3.79086e-05 0.0 0.984502 2.98023e-08 0.0 0.0 0.0 0.0 0.0 0.0 1.50204e-05 2.98023e-08 0.339701 0.0 0.0 0.000952274 0.0 0.0 0.115544 0.0 0.0 4.17233e-07 8.64267e-07 8.04663e-06 1.54972e-06 0.0 0.665536 8.04663e-07 0.46874 2.26498e-06 0.0 5.06639e-07 0.0 0.0 0.0 0.0 0.0 0.0 0.222324 0.118694 0.000165015 0.00422671 0.00071615 0.0 2.26498e-06 0.0 0.00151944 0.0 2.68221e-07 0.0 0.0257628 0.0378231 0.0 0.0 0.0 5.06639e-07
0.0 0.0 0.0 0.0 0.0 0.0 0.0 0.0 0.0 0.0 0.0 0.0 0.0 0.0 0.0 0.0 0.0 0.0 0.0 0.0261131 0.0 0.0 0.00304496 0.0 0.0 0.0 0.0 0.0 0.0 0.0 0.0 5.10216e-05 4.52995e-06 0.0 0.0 5.06639e-07 0.0 0.000540435 0.0 0.0 0.0 0.0 0.0 0.0 0.0 0.0 0.0 0.0 0.0 7.59959e-06 0.0 0.0 0.0 0.0 0.0 0.0 0.0 0.0 0.0 8.9407e-08 0.0 0.999028 0.0 0.0
0.0 0.0 0.0 0.0 0.0 0.0 0.0 0.0 0.0 2.98023e-08 0.0 0.0 0.0 0.0 0.995751 0.0 0.0 0.0 0.0 0.0 0.0 0.0 0.0 0.0 0.0 0.0 0.0 0.0 0.0 0.0 0.0 0.0 0.0 1.37091e-06 0.0 0.0 0.0 0.0 0.0 0.0 0.0 0.0 0.0 0.0 0.0 0.0 0.0 0.0 0.0 0.0 0.0 0.0 5.96046e-08 0.0 0.0 0.0 0.0 0.0 0.0 0.0 0.0 0.0 0.0 0.0
0.0 0.0 0.0 0.0 0.0 0.0 0.0 0.0 0.0 0.0 0.0 0.0 0.0 0.0 0.0 0.0 0.0 0.0 0.0 0.0 0.0 0.0 0.0 0.0 0.0 0.0 0.0 0.0 0.0 0.0 0.0 0.0 0.0 0.0 0.0 0.0 0.0 0.0 0.0 0.0 0.0 0.0 0.0 0.0 0.0 0.0 0.0 0.0 0.0 0.0 0.0 0.0 0.0 0.0 0.0 0.0 0.0 0.0 0.0 0.0 0.0 0.0 0.0 0.0
0.0 0.0 0.00145191 0.0 0.0 0.0 0.0 2.98023e-08 0.0 0.0 0.0 0.0 3.57628e-07 0.0 0.0 0.0 0.0 0.994866 0.0 5.1707e-05 0.0 2.7895e-05 0.000717342 0.0 0.0 0.0 0.0 0.0 0.0 0.0 0.0 0.0 0.0 0.0 0.0 0.0 0.0 0.0 0.0 0.0 0.0 0.0 0.957932 0.0 1.60933e-06 0.0 0.0 0.0 0.0 0.0 0.0 0.0 0.0 0.0 0.0 0.0 0.0 0.0 0.0 0.0 0.0 0.0 0.0 0.0
0.0 0.0 7.03335e-06 0.0 0.0 0.0 0.0 0.0783355 0.00445196 0.0 0.0824108 0.0 0.0 0.0 0.0 0.0 1.19209e-07 0.0 9.11951e-06 0.995412 0.00220436 0.0 0.00369459 7.55191e-05 0.0561905 0.0 0.0322008 0.0 0.0 2.98023e-07 2.38419e-07 0.950736 0.72506 0.0 0.00581339 0.0322964 0.808308 0.90899 0.0 7.30157e-06 0.0 0.0 0.0 0.0 2.05636e-06 0.0 0.462412 0.318277 3.3915e-05 0.994891 1.17123e-05 0.0 2.5034e-06 0.0 0.000739127 0.00503182 1.54972e-06 0.0 5.54621e-05 0.0490639 0.0 0.0703736 0.0 6.07967e-06
0.0 0.0 0.0 0.0 0.0 0.0 0.0 0.0 0.000142366 1.86861e-05 0.0 0.309479 0.0 0.00141355 0.000165462 0.0 2.98023e-08 0.0 0.2732 0.00449356 3.91304e-05 0.0 2.08616e-07 0.000534326 2.68221e-07 4.36306e-05 0.996285 0.0 0.0 0.830045 0.00322342 3.8743e-07 0.0 0.0 0.961372 0.0 0.121428 0.0 0.0 0.0 0.0 0.0105887 0.0 0.0 0.0 0.000394672 0.482497 0.978652 0.00251219 0.0 0.0 0.0 0.0 0.0 2.98023e-06 0.0 1.19209e-07 0.655536 0.817483 0.0 5.66244e-07 0.0 2.98023e-08 0.0
0.0 0.0 0.0 0.0 0.0 0.0 0.995207 0.0 0.0 0.0 0.0 0.0 0.0 0.0 0.0 0.0 0.0 0.0 0.0 0.0 0.0 0.0 0.0 0.0 0.0 0.0 0.0 0.0 0.0 0.0 0.0 0.0 0.0 0.0 0.0 0.0 0.0 0.0 0.0 0.0 0.0 0.0 0.0 0.0 0.0 0.0 0.0 0.0 0.0 0.0 0.0 0.0 0.0 0.0 0.0 0.0 0.0 0.0 0.0 0.0 0.0 0.0 0.0 0.0
0.0 0.0 0.0 0.0 0.0 0.0 0.0 0.0 0.0 0.0 0.0 0.0 0.0 0.0 0.0 0.0 0.0 0.0 0.0 0.0 0.0 0.0 0.0 0.0 0.0 0.0 0.0 0.0 6.40452e-05 0.0 0.0 0.0 0.0 0.0 0.0 0.0 0.0 0.0 0.0 0.0 0.0 0.0 0.0 2.68221e-07 0.0 0.0 0.0 0.0 0.0 0.999305 0.0 0.0 0.0 0.0 0.0 1.09971e-05 0.0 0.0 0.0 2.98023e-08 0.0 1.19209e-07 0.0 0.0
0.0 0.0 0.0 0.0 0.0 0.0 0.0 0.0 0.0 0.0 0.0 0.0 0.0 0.0 0.0 0.0 0.0 0.0 0.0 0.0 0.0 0.0 0.0 0.0 0.0 0.0 0.0 0.999999 0.0 0.0 0.0 0.0 0.0 0.0 0.0 0.0 0.0 0.0 0.0 0.0 0.0 0.0 0.0 0.0 0.0 0.0 0.0 0.0 0.0 0.0 0.0 0.0 0.0 0.0 0.0 0.0 0.0 0.0 0.0 0.0 0.0 0.0 0.0 0.0
0.0 0.0 0.0 0.0 0.0 0.0 0.0 0.0 0.0 0.0 0.0 0.0 0.0 0.0 0.0 0.0 0.0 0.0 0.0 0.0 0.0 0.0 0.0 0.0 0.0 0.0 0.0 0.0 0.0 0.0 0.0 0.0 0.0 0.0 0.0 4.17233e-07 0.0 0.0 0.0 0.0 0.0 0.0 0.0 0.0 0.0 0.0 0.0 0.0 0.0 0.0 0.0 0.0 0.997694 0.0 0.0 0.0 0.0 0.0 0.0 0.0 0.0 0.0 0.0 0.0
0.0 0.0 0.0 0.0 0.0 0.0 0.0 0.0 0.0 0.0 0.0 0.0 0.0 0.0 0.0 0.0 0.0 0.0 0.0 0.0 0.0 0.0 0.0 0.0 0.0 0.0 0.0 0.0 0.0 0.0 0.0 0.0 0.0 0.0 0.0 0.0 0.0 0.0 0.0 0.0 0.0 0.0 0.0 0.0 0.0 0.0 0.0 0.0 0.0 0.0 0.0 0.0 0.0 1.0 0.0 0.0 0.0 0.0 0.0 0.0 0.0 0.0 0.0 0.0
0.0 0.0 0.0 0.0 0.999867 0.0 0.0 0.0 0.0 0.0 0.0 0.0 0.0 0.0 0.0 0.0 0.0 0.0 0.0 0.0 0.0 0.0 0.0 0.0 0.0 0.0 0.0 0.0 0.0 0.0 0.0 0.0 0.0 0.0 0.0 0.0 0.0 0.0 0.0 0.0 0.0 0.0 0.0 0.0 0.0 0.0 0.0 0.0 0.0 0.0 0.0 0.0 0.0 0.0 0.0 0.0 0.0 0.0 0.0 0.0 0.0 0.0 0.0 0.0
0.0 0.0 0.0 0.0 0.0 0.0 0.0 0.0 3.57628e-07 0.000198036 3.66569e-06 0.0 0.247403 0.0 1.32322e-05 0.0 9.88841e-05 0.0 0.0 0.00134802 0.0 2.08616e-07 0.222665 0.0 7.15256e-06 0.0 2.98023e-08 0.0 0.0 0.0 0.0 0.0044291 0.0 0.0 1.19209e-07 0.0 0.000792742 0.0 0.0 0.0 0.0 1.19209e-06 5.96046e-08 0.0 0.0 7.53999e-06 3.59714e-05 2.08616e-07 0.0 0.0 0.0 0.0 0.0 0.0 1.49012e-06 1.04308e-06 0.0 2.92063e-06 7.7486e-06 8.9407e-08 0.0471297 0.0 0.999957 0.0
0.0 0.0 0.0 0.0 0.0 0.737056 0.0 0.0 0.0 0.0 0.0 0.0 0.0 0.0 0.0 0.0 0.0 0.0 0.0 0.0 0.0 0.0 0.0 0.0 0.0 0.0 0.0 0.0 0.0 0.0 0.0 0.0 0.0 0.0 0.0 0.0 0.0 0.0 0.0 0.0 0.0 0.0 0.0 0.0 0.0 0.0 0.0 0.0 0.0 0.0 0.0 0.0 0.0 0.0 0.0 0.0 0.0 0.0 0.0 0.0 0.0 0.0 0.0 0.0
0.0 0.0 0.0 0.959834 0.0 0.0 0.0 0.0 0.011632 0.0 0.000349432 0.0 0.0 0.0 0.0 0.0 2.98023e-08 0.0 0.0 0.0 0.0 0.0 0.0 0.0 0.0 0.0 0.0 0.0 0.0 0.0 0.0 0.0 0.0 0.0 0.0 0.0 0.0 0.0 0.0 0.0 0.999784 0.0 0.0 0.0 0.0 0.0 0.0 0.0 0.0 0.0 0.0 0.0 0.0 0.0 0.0 0.0 0.0 0.0 0.0 0.000641882 0.0 0.0 0.0 0.0
0.0 0.0 0.0 0.0 0.0 0.0 0.0 0.0 0.0 0.0 0.0 0.0 0.0 0.0 0.000622422 0.0 0.0 0.0 0.0 0.0 0.999999 0.0 0.0 0.0 0.0 0.0 0.0 0.0 0.0 0.0 0.0 0.0 0.0 0.0 0.0 0.0 0.0 0.0 0.0 0.0 0.0 0.0 0.0 0.0 0.0 0.0 0.0 0.0 0.0 0.0 0.0 0.0 0.0 0.0 0.0 0.0 0.000338823 0.0 0.0 0.0 0.0 0.0 0.0 0.0
0.0 0.0 0.0 0.0 0.0 0.0 0.0 0.0 0.000200152 1.3411e-06 0.0 0.174136 0.0 0.0150176 3.57628e-07 0.0 0.0 0.0 0.838533 8.9407e-08 1.19209e-07 0.0 0.0 0.000974953 0.0 0.95435 0.00306225 0.0 0.0 0.0367697 0.109442 0.0 0.0 0.0 7.48038e-06 0.0 5.96046e-08 0.0 0.0 0.0 0.0 2.90573e-05 0.0 0.0 0.0 8.79765e-05 1.78814e-07 0.0026508 0.0032593 0.0 0.0 0.0 0.0 0.0 0.0 0.0 0.000153035 3.96371e-06 1.90735e-06 0.0 0.0 0.0 0.0 1.54972e-06
0.0 0.0 0.0 0.0 0.0 0.0 0.0 0.0 2.95341e-05 0.0 0.0 0.0 0.0 0.0 0.000560641 0.0 0.999999 0.0 0.0 0.0 0.0 0.0 0.000243902 0.0 0.0 0.0 0.0 0.0 0.0 0.0 0.0 1.19209e-07 0.000160933 0.0 0.0 0.0 2.32458e-06 0.0 0.0 0.0 0.0 0.0 0.0 0.0 0.0 0.0 8.9407e-08 0.0 0.0 0.0 0.0 0.0 0.0 0.0 8.34465e-07 0.0 0.0 0.0 0.0 0.0 0.000350028 0.0 7.27177e-06 0.0
0.0 0.0 0.0 1.75834e-06 0.0 0.0 0.0 0.0 0.000140011 0.0 0.989492 0.0 0.0 0.0 7.39098e-06 0.0 3.27826e-07 0.0 0.0 5.96046e-08 0.0 0.0 3.8743e-07 0.0 0.0 0.0 0.0 0.0 0.0 0.0 0.0 0.0 0.0 0.0 0.0 0.0 5.06639e-07 0.0 0.0 0.0 0.0 0.0 0.0 1.49012e-07 0.0 0.0 0.0 0.0 0.0 0.0 0.0 0.0 0.0 0.0 0.0 0.0 0.0 8.9407e-08 0.0 0.000473529 0.00025034 0.0 0.000226945 0.0
0.99857 0.0 0.0 0.0 0.0 0.0 0.0 0.0 0.0 0.0 0.0 0.0 0.0 0.0 0.0 0.0 0.0 0.0 0.0 0.0 0.0 0.0 0.0 0.0 0.0 0.0 0.0 0.0 0.0 0.0 0.0 0.0 0.0 0.0 0.0 0.0 0.0 0.0 0.000673115 0.0 0.0 0.0 0.0 0.0 0.0 0.0 0.0 0.0 0.0 0.0 0.0 0.0 0.0 0.0 0.0 0.0 0.0 0.0 0.0 0.0 0.0 0.0 0.0 5.34654e-05
0.0 0.0 0.0 0.0 0.0 0.0 0.0 0.0 0.0 0.0 0.0 0.0 0.0 0.0 0.0 0.0 0.0 0.0 0.0 0.0 0.0 0.0 0.0 0.0 0.0 0.0 0.0 0.0 0.0 0.0 0.0 0.0 0.0 0.0 0.0 0.0 0.0 0.0 0.0 0.0 0.0 0.0 0.0 0.0 0.0 0.0 0.0 0.0 0.0 0.0 0.999999 0.0 0.0 0.0 0.0 0.0 0.0 0.0 0.0 0.0 0.0 0.0 0.0 0.0
0.0 0.0 6.25849e-07 0.0 0.0 0.0 0.0 0.0 2.98023e-08 2.98023e-08 0.0 2.98023e-08 5.96046e-08 0.0 0.00428635 0.0 1.60038e-05 0.0 0.0 0.00254041 0.0 1.19209e-07 0.000585645 0.0 2.98023e-07 0.0 9.74536e-06 0.0 0.0 1.49012e-07 0.0 0.997377 0.0 0.0 0.00012061 0.0 0.733351 0.00029093 0.0 0.0 0.0 0.00811061 5.126e-05 0.0 0.0 8.9407e-08 0.0186988 1.90735e-06 0.0 0.0 0.0 0.0 0.0 0.0 0.775982 0.00010851 0.0 0.000772268 0.000154465 0.0 0.000277787 1.2219e-06 0.00698218 0.0
0.0 0.0 0.000867575 0.0 0.0 0.0 0.0 0.0 0.0 0.0 0.0 0.0 0.0 0.0 1.71661e-05 0.0 0.0 0.0 0.0 2.08616e-07 0.0 0.0 1.60933e-06 0.0 0.0 0.0 0.0 0.0 0.0 0.0 0.0 2.47359e-06 0.0 0.0 0.0 0.0 8.34465e-06 0.116279 0.0 0.0 0.0 2.98023e-07 0.999267 0.0 0.0 0.0 0.0 0.0 0.0 0.0 0.0 0.0 0.0 0.0 0.00147298 2.5034e-06 0.0 0.0 0.0 0.0 0.0 3.27826e-07 1.46031e-06 0.0
0.00012055 0.0 0.0 0.0 0.0 0.0 0.0 0.0 0.0 0.0 0.0 0.0 0.0 0.0 0.0 0.0 0.0 0.0 0.0 0.0 0.0 0.0 0.0 0.0 0.0 0.0 0.0 0.0 0.0 0.0 0.0 0.0 0.0 0.0 0.0 0.0 0.0 0.0 0.000216484 0.0 0.0 0.0 0.0 0.0 0.0 0.0 0.0 0.0 0.0 0.0 0.0 0.0 0.0 0.0 0.0 0.0 9.23872e-07 0.0 0.0 0.0 0.0 0.0 0.0 0.0
0.0 0.0 0.0 0.0 0.0 0.0 0.0 0.0 0.0 5.40614e-05 0.0 4.55081e-05 0.0 4.61638e-05 1.90735e-06 0.0 0.0 0.0 0.000119418 9.92417e-06 0.0 0.0 0.000920475 0.0106382 0.773662 3.69251e-05 0.00550056 0.0 0.0 1.98483e-05 1.3113e-06 3.57628e-07 0.0 0.0 5.56409e-05 0.0 6.4224e-05 0.0 2.68221e-07 0.0 0.0 1.49012e-06 0.0 0.0 0.0 0.334589 0.00453562 0.00347933 2.98023e-08 0.0 0.0 0.0 0.0 0.0 1.90735e-06 0.0 1.78814e-07 3.42727e-06 0.000417441 0.0 9.23872e-07 0.0 5.66244e-07 1.78814e-07
0.0 0.0 0.0 0.0 0.0 0.0 0.0 2.98023e-08 0.0 0.0 0.0 1.91629e-05 0.0 1.78814e-07 0.0 0.0 0.0 0.0 0.000269324 0.0 1.99676e-06 0.0 0.0 0.0 0.0 1.85966e-05 4.14252e-06 0.0 0.0 2.33948e-05 3.27826e-07 0.0 0.0 0.0 2.98023e-08 0.0 0.0 0.0 0.0 0.0 0.0 0.0 0.0 0.0 0.0 0.0 0.0 8.64267e-07 0.998013 0.0 0.0 0.0 0.0 0.0 0.0 0.0 2.12789e-05 0.0 0.0 0.0 0.0 0.0 0.0 0.0
0.0 0.0 4.47035e-07 0.0 0.0 0.0 0.0 0.0 0.0 0.0 0.0 0.0 0.0 0.0 0.0 0.0 0.0 0.0 0.0 0.0 0.0 0.0 0.0 0.0 0.0 0.0 0.0 0.0 0.995485 0.0 0.0 0.0 0.0 0.0 0.0 0.0 0.0 0.0 0.0 0.0 0.0 0.0 0.0 3.42727e-05 0.0 0.0 0.0 0.0 0.0 1.01328e-06 0.0 0.0 0.0 0.0 0.0 5.96046e-08 0.0 0.0 0.0 0.0 0.0 0.193894 0.0 0.0
0.0 0.0 0.0 1.78814e-07 0.0 0.0 0.0 0.0 0.0 0.0 4.11272e-06 0.0 0.0 0.0 0.0 0.0 0.0 0.0 0.0 0.0 0.0 0.0 0.0 0.0 0.0 0.0 0.0 0.0 0.0 0.0 0.0 0.0 0.0 0.0 0.0 0.0 0.0 0.0 0.0 0.0 0.0 0.0 0.0 0.000182748 0.0 0.0 0.0 0.0 0.0 0.0 0.0 0.0 0.0 0.0 0.0 0.0 0.0 0.0 0.0 0.98899 0.0 5.66244e-07 1.60933e-06 0.0
0.0 0.0 0.00017646 0.0 0.0 0.0 0.0 0.0 5.06639e-07 2.08616e-07 0.0 1.10269e-06 0.0 0.0 0.00682318 0.0 0.56179 0.0 1.19209e-06 0.0029743 0.0 0.0 0.000972688 0.0 4.47035e-07 0.0 0.000458091 0.0 0.0 1.45733e-05 5.66244e-07 0.272104 0.000276983 0.0 0.00103045 0.0 0.306594 0.454242 0.0 0.0 0.0 0.00498617 0.381356 0.0 0.0 6.25849e-07 0.0631818 6.95288e-05 0.0 0.0 0.0 0.0 0.0 0.0 0.9969 4.17233e-06 0.0 0.000581026 0.00338319 0.0 0.000228256 0.0 3.98755e-05 0.0
0.0 0.0 0.0 0.0 0.0 0.0 0.0 0.0 0.0 1.78814e-07 0.0 0.0 0.0 0.0 0.0 0.0 0.0 0.0 0.0 0.0 0.0 0.0 0.0 0.0 8.9407e-08 0.0 0.0 0.0 0.0 0.0 0.0 0.0 0.0 0.0 0.0 0.0 0.0 0.0 5.36442e-07 0.999995 0.0 0.0 0.0 0.0 0.0 0.0 0.0 0.0 0.0 0.0 0.0 0.0 0.0 0.0 0.0 0.0 0.0 0.0 0.0 0.0 0.0 0.0 0.0 0.0
0.0 0.0 0.0 0.0 0.0 0.0 0.0 0.0 0.000363052 0.000157326 0.0 0.930233 0.0 0.121429 3.66569e-06 0.0 0.0 0.0 0.998287 0.000196129 3.33786e-06 0.0 0.0 0.132878 0.0 0.094427 0.48936 0.0 0.0 0.81106 0.907863 0.0 0.0 0.0 0.0142768 0.0 4.70877e-05 0.0 0.0 0.0 0.0 0.000423849 0.0 0.0 0.0 0.00180981 0.000271916 0.837032 0.0132684 0.0 0.0 0.0 0.0 0.0 0.0 0.0 7.02143e-05 0.00290364 0.00289679 0.0 0.0 0.0 0.0 6.55651e-07
0.0 0.0 0.0 0.0 0.0 0.0 0.0 0.0 7.86781e-06 0.000306726 0.0 0.152845 0.0 0.092834 1.19209e-06 0.0 0.0 0.0 0.802227 7.08699e-05 2.98023e-07 0.0 0.0 0.969092 3.27826e-07 0.0130618 0.18216 0.0 0.0 0.0683843 0.102142 0.0 0.0 0.0 0.00471824 0.0 5.93066e-06 0.0 0.0 0.0 0.0 2.53022e-05 0.0 0.0 0.0 0.0279079 0.000137687 0.356125 0.000192434 0.0 0.0 0.0 0.0 0.0 0.0 0.0 0.000246644 0.000427336 0.00200808 0.0 0.0 0.0 0.0 1.10269e-06
0.0 0.0 0.0 0.0 0.0 0.0 0.0 0.0 0.0 0.0 0.0 0.0 0.0 0.0 0.0 0.0 0.0 0.0 0.0 0.0 0.0 0.0 0.0 0.0 0.0 0.0 0.0 0.0 2.262e-05 0.0 0.0 0.0 0.0 0.0 0.0 0.0 0.0 0.0 0.0 0.0 0.0 0.0 0.0 0.99919 0.0 0.0 0.0 0.0 0.0 0.0 0.0 0.0 0.0 0.0 0.0 0.0 0.0 0.0 0.0 0.000505775 0.0 0.000575602 2.08616e-07 0.0
0.0 0.0 0.0 0.0 0.0 0.0 0.0 0.99994 1.67787e-05 0.0 0.0 0.0 0.0 0.0 1.72853e-06 0.0 5.96046e-08 0.0 0.0 0.0 0.0 0.0 0.0 0.0 0.0 0.0 5.96046e-08 0.0 0.0 1.78814e-07 0.0 0.0 0.0 0.0 0.0 0.0 2.38419e-07 0.0 0.0 0.0 0.0 5.96046e-08 0.0 0.0 0.0 4.47035e-07 0.0 0.0 0.0 0.0 0.0 0.0 0.0 0.0 0.0 0.0 0.0 1.49012e-07 0.0 0.0 0.0 0.0 0.0 0.0
0.0 0.0 0.0 0.0 0.0 0.0 0.0 0.0 0.00326911 2.68221e-05 0.0 0.967912 0.0 0.033011 0.000892639 0.0 0.0 0.0 0.898918 6.4522e-05 4.33922e-05 0.0 0.0 0.00684071 0.0 0.0036146 0.71877 0.0 0.0 0.374564 0.263676 0.0 0.0 0.0 0.184825 0.0 0.0056864 0.0 0.0 0.0 0.0 0.0246801 0.0 0.0 0.0 0.000167489 0.00978434 0.465779 0.00456926 0.0 0.0 0.0 0.0 0.0 0.0 0.0 4.88758e-06 0.202416 0.0136651 0.0 0.0 0.0 0.0 0.0
8.76188e-06 0.0 0.0 0.0 0.0 0.0 0.0 0.0 3.57628e-07 0.00855449 0.0 6.34789e-06 0.0 3.27826e-06 0.0 0.0 5.96046e-08 0.0 0.000738114 0.0 0.0 0.0 0.0 0.00012669 0.0 0.00116116 2.17557e-06 0.0 0.0 3.48687e-06 0.000468761 0.0 0.0 0.0 0.0 0.0 0.0 0.0 0.000285 2.89083e-06 0.0 0.0 0.0 0.0 0.0 5.1558e-06 0.0 2.65241e-06 8.9407e-08 0.0 0.0 0.0 0.0 0.0 0.0 0.0 2.98023e-07 0.0 2.98023e-08 0.0 0.0 0.0 0.0 0.586203
0.0 0.0 0.0 0.0 0.0 0.0 0.0 0.0 0.0 0.0 0.0 0.000223041 0.0 0.000170648 0.00138998 0.0 0.0 0.0 0.000668347 0.0 0.0636515 0.0 0.0 2.44379e-06 0.0 0.000492275 8.9407e-08 0.0 0.0 7.7188e-06 0.000193566 0.0 0.0 0.0 0.0 0.0 0.0 0.0 0.0 0.0 0.0 1.78814e-07 0.0 0.0 0.0 0.0 0.0 7.7486e-07 0.00136396 0.0 0.0 0.0 0.0 0.0 0.0 0.0 0.998976 0.0 0.0 0.0 0.0 0.0 0.0 0.0
0.0 0.0 0.0 0.0 0.0 0.0 0.0 0.0 8.9407e-08 2.20537e-06 0.0 0.931522 0.0 0.983092 0.00128511 0.0 0.0 0.0 0.428776 1.91331e-05 2.94745e-05 0.0 0.0 0.0252258 0.0 0.0403161 0.0141505 0.0 0.0 0.0252068 0.0149769 0.0 0.0 0.0 0.00135875 0.0 1.44839e-05 0.0 0.0 0.0 0.0 0.000847191 0.0 0.0 0.0 0.0144195 5.32866e-05 0.11733 0.00018701 0.0 0.0 0.0 0.0 0.0 0.0 0.0 0.000459701 0.00030899 0.000191063 0.0 0.0 0.0 0.0 0.0
0.0 0.0 0.0 0.0 0.0 0.0 0.0 0.0 0.0 0.0 0.0 0.0 0.0 0.0 0.0 0.0 0.0 0.0 0.0 0.0 0.0 0.0 0.0 0.0 0.0 0.0 0.0 0.0 0.0 0.0 0.0 0.0 0.0 0.0 0.0 1.0 0.0 0.0 0.0 0.0 0.0 0.0 0.0 0.0 0.0 0.0 0.0 0.0 0.0 0.0 0.0 0.0 1.19209e-07 0.0 0.0 0.0 0.0 0.0 0.0 0.0 0.0 0.0 0.0 0.0
0.0 0.0 0.0 0.0 0.0 0.0 0.0 0.0 1.69873e-05 0.00115174 0.0 0.00476226 0.0 7.09295e-06 5.13792e-05 0.0 2.08616e-07 0.0 0.000798404 0.176893 9.35793e-06 0.0 3.80576e-05 2.5332e-06 2.78652e-05 5.96046e-08 0.470109 0.0 0.0 0.0126297 6.54757e-05 3.1203e-05 0.0 0.0 0.672136 0.0 0.0653583 0.0 0.0 0.0 0.0 0.000274062 0.0 0.0 0.0 3.17991e-05 0.524542 0.480211 7.62939e-06 0.0 0.0 0.0 0.0 0.0 0.000173807 0.0 0.0 0.0519488 0.990211 0.0 0.000222862 0.0 1.08182e-05 0.0
0.0 0.0 0.0 0.999991 0.0 0.0 0.0 0.0 1.05798e-05 0.0 1.19209e-07 0.0 0.0 0.0 0.0 0.0 0.0 0.0 0.0 0.0 0.0 0.0 0.0 0.0 0.0 0.0 0.0 0.0 0.0 0.0 0.0 0.0 0.0 0.0 0.0 0.0 0.0 0.0 0.0 0.0 0.00154331 0.0 0.0 0.0 0.0 0.0 0.0 0.0 0.0 0.0 0.0 0.0 0.0 0.0 0.0 0.0 0.0 0.0 0.0 5.96046e-08 0.0 0.0 0.0 0.0
0.0 0.0 0.0 0.0 0.0 0.0 0.0 0.0 5.00679e-06 1.19209e-06 0.0 0.00117561 0.0 7.45058e-07 2.563e-06 0.0 0.0 0.0 0.000532299 3.14713e-05 8.9407e-08 0.0 0.0 4.76837e-07 0.0 6.55651e-07 0.000341922 0.0 0.0 2.45273e-05 0.00523344 0.0 0.0 0.0 0.000706881 0.0 0.0002608 0.0 0.0 0.0 0.0 0.000680059 0.0 0.0 0.0 2.98023e-08 1.45435e-05 0.00053829 1.19209e-07 0.0 0.0 0.0 0.0 0.0 0.0 0.0 0.0 0.00220135 1.39475e-05 0.0 0.0 0.0 0.0 0.0
0.0 0.0 0.0 0.0 0.0 0.0 0.0 0.0 1.43349e-05 0.000351399 1.2517e-06 0.00091514 0.0 1.40071e-06 0.0627576 0.0 4.99487e-05 0.0 7.41184e-05 0.215575 3.03984e-06 0.0 0.0004704 2.68221e-07 3.22163e-05 8.9407e-08 0.160891 0.0 0.0 0.00282785 1.46329e-05 0.0147355 0.0 0.0 0.751826 0.0 0.984465 1.49012e-07 0.0 0.0 0.0 0.0785941 0.0 0.0 0.0 9.77516e-06 0.998341 0.04943 1.19209e-06 0.0 0.0 0.0 0.0 0.0 0.00226477 0.0 0.0 0.578816 0.658888 0.0 0.0348696 0.0 0.00247365 0.0
0.0 0.0 0.0 0.0 0.0 0.0 0.0 0.0 0.0 0.0 0.0 0.0 0.0 0.0 0.0 0.0 0.0 0.0 0.0 0.0 0.0 0.0 0.0 0.0 0.0 0.0 0.0 0.0 0.0 0.0 0.0 0.0 0.0 0.0 0.0 0.0 0.0 0.0 0.0 0.0 0.0 0.0 0.0 0.0 0.0 0.0 0.0 0.0 0.0 0.0 0.0 0.999998 0.0 0.0 0.0 0.0 0.0 0.0 0.0 0.0 0.0 0.0 0.0 0.0
0.0 0.0 0.0 0.0 0.0 0.0 0.0 0.0 0.999805 0.0 2.38419e-07 0.0 0.0 0.0 1.49012e-07 0.0 0.0 0.0 0.0 0.0 0.0 0.0 0.0 0.0 0.0 0.0 0.0 0.0 0.0 0.0 0.0 0.0 0.0 0.0 0.0 0.0 0.0 0.0 0.0 0.0 0.0 2.98023e-08 0.0 0.0 0.0 0.0 0.0 0.0 0.0 0.0 0.0 0.0 0.0 0.0 0.0 0.0 0.0 1.19209e-07 0.0 0.0 0.0 0.0 0.0 0.0
0.0 0.0 0.0 0.0 0.0 0.0 0.0 0.0 0.0 0.0 0.0 0.0 0.0 0.0 5.1558e-06 0.0 0.0 0.0 0.0 0.0 0.0 0.0 0.0 0.0 0.0 0.0 0.0 0.0 0.0 0.0 0.0 0.0 0.0 0.996524 0.0 0.0 0.0 0.0 0.0 0.0 0.0 0.0 0.0 0.0 0.0 0.0 0.0 0.0 0.0 0.0 0.0 0.0 0.0 0.0 0.0 0.0 2.08616e-07 0.0 0.0 0.0 0.0 0.0 0.0 0.0
0.0 0.0 6.85453e-07 0.0 0.0 0.0 0.0 5.51343e-06 0.000135422 0.000268012 0.0 0.0152507 0.0 0.00537801 0.61898 0.0 1.25468e-05 0.0 0.0117306 0.0855199 9.53674e-05 0.0 0.0148131 0.00909618 0.0127835 0.000221968 0.695637 0.0 0.0 0.0332007 0.000319898 7.43866e-05 0.0 0.0 0.0584754 0.0 0.22913 2.98023e-08 0.0 0.0 0.0 0.10696 1.19209e-07 0.0 0.0 0.999802 0.125709 0.224997 8.69334e-05 0.0 0.0 0.0 0.0 0.0 0.000216901 0.0 9.82583e-05 0.033996 0.15014 0.0 0.00281033 0.0 0.000123739 4.17233e-07
0.0 0.0 0.000410885 0.0 0.0 0.0 0.0 0.0 0.0 0.0 0.0 0.0 0.0 0.0 0.000346273 0.0 3.57628e-07 0.0 0.0 0.0 0.0 0.0 2.98023e-08 0.0 0.0 0.0 0.0 0.0 0.0 0.0 0.0 5.03957e-05 3.27826e-07 0.0 0.0 0.0 0.000394493 0.978705 0.0 0.0 0.0 3.36766e-05 0.592354 0.0 0.0 0.0 2.98023e-08 0.0 0.0 0.0 0.0 0.0 0.0 0.0 0.000727415 6.71446e-05 0.0 1.78814e-07 0.0 0.0 0.0 2.83122e-06 1.78814e-07 0.0
0.0 0.0 1.3113e-06 0.0 0.0 0.0 0.0 0.0 5.06639e-07 0.0 0.0 1.0848e-05 0.0 0.0 0.791325 0.0 1.19209e-07 0.0 2.08616e-07 0.00172746 2.98023e-08 8.34465e-07 3.01003e-06 0.0 1.49012e-07 0.0 0.00031969 0.0 0.0 1.50204e-05 8.9407e-08 0.00474805 8.9407e-08 0.0 0.00344351 0.0 0.999613 0.000183672 0.0 0.0 0.0 0.958798 1.36793e-05 0.0 0.0 1.3113e-06 0.0875331 4.75347e-05 0.0 0.0 0.0 0.0 0.0 0.0 0.000623673 3.8743e-07 0.0 0.468913 0.000122964 0.0 0.00406086 5.96046e-08 6.83367e-05 0.0
0.0 0.0 0.948581 0.0 0.0 0.0 0.0 0.0 0.0 0.0 0.0 0.0 0.0 0.0 0.0221999 0.0 3.57628e-07 0.0 0.0 0.0 0.0 0.00891593 1.49012e-07 0.0 0.0 0.0 0.0 0.0 0.00530449 0.0 0.0 1.26958e-05 4.76837e-07 0.0 0.0 0.0 2.69413e-05 0.00127059 0.0 0.0 0.0 6.16908e-06 0.00365284 4.61042e-05 0.00249776 0.0 0.0 0.0 0.0 0.0 0.0 0.0 0.0 0.0 9.53674e-07 0.0842427 0.0 0.0 0.0 0.0 0.0 0.99998 0.000343204 0.0
0.00339615 0.0 0.0 0.0 0.0 0.0 0.0 0.0 0.0 0.0 0.0 0.0 0.0 0.0 0.0 0.0 0.0 0.0 0.0 0.0 0.0 0.0 0.0 9.23872e-07 0.0 8.9407e-08 0.0 0.0 0.0 0.0 0.0 0.0 0.0 0.0 0.0 0.0 0.0 0.0 0.996 0.0 0.0 0.0 0.0 0.0 0.0 2.98023e-08 0.0 0.0 0.0 0.0 0.0 0.0 0.0 0.0 0.0 0.0 1.19209e-07 0.0 0.0 0.0 0.0 0.0 0.0 0.00015533
0.0 0.0 0.0 0.0 0.0 0.0 0.0 8.9407e-08 0.216164 0.00145879 2.5928e-06 0.00470838 0.0 2.11596e-06 0.11093 0.0 1.19209e-07 0.0 0.000733674 0.0559517 0.000111431 2.98023e-07 1.37091e-06 2.98023e-07 8.9407e-08 8.04663e-07 0.0897259 0.0 0.0 0.00764552 0.000617206 0.00209156 0.0 0.0 0.673951 0.0 0.987298 8.9407e-08 0.0 0.0 0.0 0.486297 0.0 0.0 0.0 2.74181e-06 0.14587 0.0505206 3.18885e-06 0.0 0.0 0.0 0.0 0.0 3.56734e-05 0.0 0.0 0.99723 0.322128 0.0 0.00119886 0.0 0.0001041 0.0
0.0 0.0 0.0 0.0 0.0 0.0 0.0 2.98023e-08 8.9407e-08 0.0 0.0 0.0624312 0.0 0.0192323 0.84832 0.0 0.0 0.0 0.000160486 1.78814e-06 0.00599501 0.0 0.0 6.55651e-07 0.0 5.05149e-05 0.000993967 0.0 0.0 0.000346631 1.18613e-05 0.0 0.0 0.0 0.000647038 0.0 0.000645041 0.0 0.0 0.0 0.0 0.00871745 0.0 0.0 0.0 3.27528e-05 0.000999868 0.000340372 0.00040561 0.0 0.0 0.0 0.0 0.0 0.0 0.0 0.000553966 0.00102112 1.51098e-05 0.0 0.0 0.0 0.0 0.0
0.0 0.0 0.0 0.0 0.0 0.0 0.0 0.0 0.00544375 0.00106055 0.0 0.629895 0.0 0.00415736 5.66244e-07 0.0 0.0 0.0 0.982721 0.000135541 8.04663e-07 0.0 0.0 0.00509703 0.0 0.0389336 0.0325213 0.0 0.0 0.392199 0.984899 0.0 0.0 0.0 0.00549915 0.0 2.74777e-05 0.0 0.0 0.0 0.0 0.000644535 0.0 0.0 0.0 4.85778e-06 0.000109613 0.156027 0.00131685 0.0 0.0 0.0 0.0 0.0 0.0 0.0 3.66569e-06 0.00181571 0.000694454 0.0 0.0 0.0 0.0 2.23517e-06
0.0 0.0 0.0 0.0 0.0 0.0 0.0 0.0 8.84533e-05 3.0458e-05 0.0 0.0898686 0.0 0.000156224 0.000599355 0.0 5.96046e-08 0.0 0.0163097 0.022045 4.26769e-05 0.0 3.57628e-07 2.5183e-05 1.49012e-07 1.10269e-06 0.952854 0.0 0.0 0.287738 0.00163704 5.69224e-06 0.0 0.0 0.98101 0.0 0.475966 0.0 0.0 0.0 0.0 0.0185848 0.0 0.0 0.0 3.34978e-05 0.815257 0.823886 7.64132e-05 0.0 0.0 0.0 0.0 0.0 2.54512e-05 0.0 0.0 0.821962 0.867058 0.0 7.45058e-06 0.0 1.78814e-07 0.0
0.0 0.0 0.0 0.0 0.0 0.0 0.0 0.0 3.66569e-06 0.000452191 0.0 0.000149339 0.0 3.27826e-07 0.00753728 0.0 1.84774e-06 0.0 8.91387e-05 0.999077 1.49012e-07 0.0 8.46386e-06 5.96046e-08 3.9041e-06 0.0 0.00251222 0.0 0.0 9.11057e-05 0.000108421 0.000878662 0.0 0.0 0.0156459 0.0 0.539528 1.19209e-07 0.0 0.0 0.0 0.226005 4.26173e-06 0.0 0.0 0.00288036 0.0170994 0.0111293 0.0 0.0 0.0 0.0 0.0 0.0 0.0101365 0.0 0.0 0.0286135 0.0248231 0.0 0.00856593 0.0 0.000975251 0.0
0.0 0.998302 0.0 0.0 0.0 0.0 0.0 0.0 0.0 0.0 0.0 0.0 0.0 0.0 0.0 0.0 0.0 0.0 0.0 0.0 0.0 0.0 0.0 0.0 0.0 0.0 0.0 0.0 0.0 0.0 0.0 0.0 0.0 0.0 0.0 0.0 0.0 0.0 0.0 0.0 0.0 0.0 0.0 0.0 0.0 0.0 0.0 0.0 0.0 0.0 0.0 0.0 0.0 0.0 0.0 0.0 0.0 0.0 0.0 0.0 0.0 0.0 0.0 0.0
0.0 0.0 0.0 0.0 0.0 0.0 0.0 0.0 1.37091e-06 0.00013262 0.0 0.0454955 0.0 5.12004e-05 0.00148523 0.0 0.0 0.0 0.00785118 0.0773123 7.62939e-06 0.0 8.9407e-08 3.48687e-06 0.0 1.3113e-06 0.391412 0.0 0.0 0.0137272 0.00234231 2.5928e-06 0.0 0.0 0.681101 0.0 0.878713 5.96046e-08 0.0 0.0 0.0 0.0059647 1.78814e-07 0.0 0.0 4.71473e-05 0.225407 0.571391 6.61612e-06 0.0 0.0 0.0 0.0 0.0 1.27554e-05 0.0 0.0 0.361956 0.183821 0.0 6.04391e-05 0.0 2.23517e-06 0.0
0.0 0.0 0.0 0.0 0.0 0.0 0.0 0.0 0.0 0.0 0.0 0.0 0.0 0.0 0.0 0.985645 0.0 0.0 0.0 0.0 0.0 0.0 0.0 0.0 0.0 0.0 0.0 0.0 0.0 0.0 0.0 0.0 0.0 0.0 0.0 0.0 0.0 0.0 0.0 0.0 0.0 0.0 0.0 0.0 0.0 0.0 0.0 0.0 0.0 0.0 0.0 0.0 0.0 0.0 0.0 0.0 0.0 0.0 0.0 0.0 0.0 0.0 0.0 0.0
0.0 0.0 0.0 0.0 0.0 0.0 0.0 0.0 2.41399e-06 8.36253e-05 0.0 0.0606726 0.0 0.00112951 0.000568986 0.0 5.06639e-07 0.0 0.212289 0.13446 5.06639e-07 0.0 3.62098e-05 0.00168982 1.25766e-05 8.28505e-05 0.949277 0.0 0.0 0.248099 0.00358573 7.12276e-06 0.0 0.0 0.386066 0.0 0.169143 0.0 0.0 0.0 0.0 0.00448057 0.0 0.0 0.0 0.251354 0.456579 0.966936 0.000103384 0.0 0.0 0.0 0.0 0.0 0.000387818 0.0 1.19209e-07 0.0373245 0.391077 0.0 1.93715e-05 0.0 2.47359e-06 0.0
0.0 0.0 4.54485e-05 0.0 0.0 0.0 0.0 5.96046e-08 0.0 0.0 0.0 0.0 0.0 0.0 0.102866 0.0 6.31809e-06 0.0 0.0 0.0 0.0 0.0 0.0 0.0 0.0 0.0 0.0 0.0 0.0 0.0 0.0 1.19209e-07 0.999984 0.0 0.0 0.0 1.87755e-06 1.57952e-06 0.0 0.0 0.0 1.10269e-06 2.08616e-07 0.0 0.0 0.0 0.0 0.0 0.0 0.0 0.0 0.0 0.0 0.0 6.25849e-07 8.9407e-08 0.0 0.0 0.0 0.0 0.0 0.0 0.0 0.0
0.0 0.0 0.0 0.0 0.0 0.0 0.0 0.0 0.000197858 1.2815e-06 0.0 0.870908 0.0 0.190369 0.000389844 0.0 0.0 0.0 0.878221 7.98702e-05 4.6432e-05 0.0 0.0 0.038031 0.0 0.000445604 0.328318 0.0 0.0 0.686826 0.6306 0.0 0.0 0.0 0.0552577 0.0 0.000936776 0.0 0.0 0.0 0.0 0.00712866 0.0 0.0 0.0 0.000244886 0.00914478 0.207749 0.000833243 0.0 0.0 0.0 0.0 0.0 5.96046e-08 0.0 0.000100791 0.00643736 0.00482911 0.0 0.0 0.0 0.0 1.54972e-06
0.0 0.0 0.0 0.0 0.0 0.0 0.0 0.0 0.00214422 0.00105166 0.0 0.252481 0.0 0.00648004 5.06639e-07 0.0 5.96046e-08 0.0 0.975247 0.0029515 1.01328e-06 0.0 5.96046e-08 0.311297 1.60933e-06 0.00410631 0.934724 0.0 0.0 0.863787 0.166816 0.0 0.0 0.0 0.129452 0.0 9.97186e-05 0.0 0.0 0.0 0.0 0.000297487 0.0 0.0 0.0 0.000971884 0.0260119 0.796935 0.0240008 0.0 0.0 0.0 0.0 0.0 1.78814e-07 0.0 4.98593e-05 0.00872993 0.394337 0.0 8.9407e-08 0.0 0.0 0.000124365
0.0 0.0 0.0 0.0 0.0 0.0 0.0 2.98023e-08 0.000439405 1.3113e-05 0.0 0.86683 0.0 0.0340636 5.62668e-05 0.0 0.0 0.0 0.979691 0.00153738 8.49366e-06 0.0 5.96046e-08 0.0273177 5.96046e-08 0.0189963 0.990259 0.0 0.0 0.977184 0.147686 0.0 0.0 0.0 0.431307 0.0 0.00551128 0.0 0.0 0.0 0.0 0.00586769 0.0 0.0 0.0 0.01427 0.0161355 0.938209 0.0661843 0.0 0.0 0.0 0.0 0.0 1.78814e-07 0.0 1.37985e-05 0.191512 0.120456 0.0 0.0 0.0 0.0 0.0
0.0 0.0 0.0 0.0 0.0 0.0 0.0 0.0 1.2517e-06 1.36793e-05 0.000957966 0.0 0.000163525 0.0 0.00902331 0.0 0.0122702 0.0 0.0 0.00580689 0.0 2.98023e-08 0.0756968 0.0 8.79169e-06 0.0 1.2219e-06 0.0 0.0 0.0 0.0 0.00143227 0.0 0.0 8.07643e-06 0.0 0.564081 0.0 0.0 0.0 0.0 5.51939e-05 1.49012e-07 0.0 0.0 5.96046e-08 0.00433376 3.57628e-07 0.0 0.0 0.0 0.0 0.0 0.0 1.24574e-05 8.9407e-08 0.0 0.00039798 8.7291e-05 2.08616e-07 0.999571 0.0 0.690781 0.0
0.0 0.0 0.0 0.0 0.0 0.0 0.0 0.0 0.0 0.0 0.0 0.0 0.0 0.0 0.0 0.0 0.0 0.999503 0.0 0.0 0.0 0.0 0.0 0.0 0.0 0.0 0.0 0.0 0.0 0.0 0.0 0.0 0.0 2.17557e-06 0.0 0.0 0.0 0.0 0.0 0.0 0.0 0.0 0.0 0.0 0.0 0.0 0.0 0.0 0.0 0.0 0.0 0.0 0.0 0.0 0.0 0.0 0.0 0.0 0.0 0.0 0.0 0.0 0.0 0.0
0.0 0.0 0.271616 0.0 0.0 0.0 0.0 0.0 0.0 0.0 0.0 3.18885e-06 0.0 2.08616e-07 0.99999 0.0 0.0 0.0 0.0 7.45058e-07 0.00691897 1.45733e-05 0.0 0.0 0.0 0.0 4.47035e-07 0.0 0.0 2.98023e-08 0.0 0.000140935 3.27826e-06 0.0 3.30806e-06 0.0 0.428007 1.14441e-05 0.0 0.0 0.0 0.177648 8.79169e-06 0.0 0.449134 2.17557e-06 0.000122428 1.49012e-07 2.08616e-07 0.0 0.0 0.0 0.0 0.0 1.46031e-05 0.0 0.000812083 8.06451e-05 8.9407e-08 0.0 9.23872e-07 0.0 1.19209e-07 0.0
0.0 0.0 0.0 0.0 0.0 0.0 0.0 0.0 0.0 0.0 0.0 0.0 0.999706 0.0 1.78814e-07 0.0 1.66893e-06 0.0 0.0 2.98023e-08 0.0 0.0 0.00283238 0.0 5.96046e-08 0.0 0.0 0.0 0.0 0.0 0.0 0.0 0.0 0.0 0.0 0.0 0.0 0.0 0.0 0.0 0.0 0.0 0.0 0.0 0.0 0.0 0.0 0.0 0.0 0.0 0.0 0.0 0.0 0.0 0.0 0.0 0.0 0.0 0.0 0.0 1.97291e-05 0.0 0.00101563 0.0
0.0 0.0 0.0 0.0 0.0 0.0 0.0 0.0 3.60608e-06 0.0495251 0.0 0.138183 0.0 0.0200699 0.0094175 0.0 0.0 0.0 0.00343791 0.000636101 2.86698e-05 0.0 0.0 0.00103095 0.0 0.000473946 0.00122374 0.0 0.0 5.22733e-05 0.0389988 0.0 0.0 0.0 0.00410903 0.0 0.00108775 0.0 0.0 0.0 0.0 0.00597364 0.0 0.0 0.0 4.80115e-05 0.000606805 0.00594157 3.8743e-07 0.0 0.0 0.0 0.0 0.0 0.0 0.0 7.15256e-07 0.00363192 0.000732481 0.0 1.19209e-06 0.0 0.0 8.9407e-08
2 55 24 41 9 21 22 44 49 32 39 45 40 28 59 61 34 13 8 38 33 7 60 14 58 10 5 51 35 62 17 0 29 20 53 1 3 12 42 26 11 48 15 6 27 16 37 23 25 30 50 4 43 31 46 54 18 63 19 52 36 56 57 47
