8
0.0 1.74046e-05 0.0 0.000560105 0.000560105 0.0 0.0 0.000560105 0.000560105 0.0 0.00103146 8.49366e-06 0.00246882 0.0 1.0 0.000560105 0.0 0.000560105 0.000560105 0.000560433 0.000560105 0.0 0.00337189 0.0 0.000560105 0.000560105 0.0 1.0 0.000560105 0.000840724 0.0 0.000560105 0.000560105 0.0 0.0 0.0 0.000560105 0.0 0.000560105 0.996354 0.00034368 0.0 0.0 0.0 0.000661969 0.0 0.000560105 0.00160965 0.00452566 0.000560105 0.000560105 0.0 0.0583908 0.00943792 0.000560105 0.0 0.000560105 0.0 0.000560105 0.0 0.000560105 0.00144228 0.555697 0.000761718
0.0 0.105488 0.0 0.791852 0.791852 0.0 0.0 0.791852 0.791852 0.0 0.847305 0.0546522 0.628533 0.0 0.000116169 0.791852 0.0 0.791852 0.791852 0.791959 0.791852 0.0 0.958276 0.0 0.791852 0.791852 0.0 0.0 0.791852 0.85102 0.0 0.791852 0.791852 0.0 0.0 0.0 0.791852 0.0 0.791852 0.0086962 0.917236 0.0 0.0 0.0 0.818071 0.0 0.791852 0.916283 0.968615 0.791852 0.791852 0.0 0.996821 0.984774 0.791852 0.0 0.791852 0.0 0.791852 0.0 0.791852 0.888654 0.999882 0.838053
0.0 0.0 0.0 0.0 0.0 0.0 0.0 0.0 0.0 0.0 0.0 0.0 0.0 0.0 0.0 0.0 0.0 0.0 0.0 0.0 0.0 1.0 0.0 0.0 0.0 0.0 0.0 0.0 0.0 0.0 0.0 0.0 0.0 0.0 0.0 0.0 0.0 0.0 0.0 0.0 0.0 0.0 0.0 0.0 0.0 0.0 0.0 0.0 0.0 0.0 0.0 1.0 0.0 0.0 0.0 0.0 0.0 0.999999 0.0 1.0 0.0 0.0 0.0 0.0
0.0 0.105488 0.0 0.791852 0.791852 0.0 0.0 0.791852 0.791852 0.0 0.847305 0.0546522 0.628533 0.0 0.000116169 0.791852 0.0 0.791852 0.791852 0.791959 0.791852 0.0 0.958276 0.0 0.791852 0.791852 0.0 0.0 0.791852 0.85102 0.0 0.791852 0.791852 0.0 0.0 0.0 0.791852 0.0 0.791852 0.0086962 0.917236 0.0 0.0 0.0 0.818071 0.0 0.791852 0.916283 0.968615 0.791852 0.791852 0.0 0.996821 0.984774 0.791852 0.0 0.791852 0.0 0.791852 0.0 0.791852 0.888654 0.999882 0.838053
0.0 0.105488 0.0 0.791852 0.791852 0.0 0.0 0.791852 0.791852 0.0 0.847305 0.0546522 0.628533 0.0 0.000116169 0.791852 0.0 0.791852 0.791852 0.791959 0.791852 0.0 0.958276 0.0 0.791852 0.791852 0.0 0.0 0.791852 0.85102 0.0 0.791852 0.791852 0.0 0.0 0.0 0.791852 0.0 0.791852 0.0086962 0.917236 0.0 0.0 0.0 0.818071 0.0 0.791852 0.916283 0.968615 0.791852 0.791852 0.0 0.996821 0.984774 0.791852 0.0 0.791852 0.0 0.791852 0.0 0.791852 0.888654 0.999882 0.838053
0.0 0.105488 0.0 0.791852 0.791852 0.0 0.0 0.791852 0.791852 0.0 0.847305 0.0546522 0.628533 0.0 0.000116169 0.791852 0.0 0.791852 0.791852 0.791959 0.791852 0.0 0.958276 0.0 0.791852 0.791852 0.0 0.0 0.791852 0.85102 0.0 0.791852 0.791852 0.0 0.0 0.0 0.791852 0.0 0.791852 0.0086962 0.917236 0.0 0.0 0.0 0.818071 0.0 0.791852 0.916283 0.968615 0.791852 0.791852 0.0 0.996821 0.984774 0.791852 0.0 0.791852 0.0 0.791852 0.0 0.791852 0.888654 0.999882 0.838053
0.0 0.105488 0.0 0.791852 0.791852 0.0 0.0 0.791852 0.791852 0.0 0.847305 0.0546522 0.628533 0.0 0.000116169 0.791852 0.0 0.791852 0.791852 0.791959 0.791852 0.0 0.958276 0.0 0.791852 0.791852 0.0 0.0 0.791852 0.85102 0.0 0.791852 0.791852 0.0 0.0 0.0 0.791852 0.0 0.791852 0.0086962 0.917236 0.0 0.0 0.0 0.818071 0.0 0.791852 0.916283 0.968615 0.791852 0.791852 0.0 0.996821 0.984774 0.791852 0.0 0.791852 0.0 0.791852 0.0 0.791852 0.888654 0.999882 0.838053
0.0 0.105488 0.0 0.791852 0.791852 0.0 0.0 0.791852 0.791852 0.0 0.847305 0.0546522 0.628533 0.0 0.000116169 0.791852 0.0 0.791852 0.791852 0.791959 0.791852 0.0 0.958276 0.0 0.791852 0.791852 0.0 0.0 0.791852 0.85102 0.0 0.791852 0.791852 0.0 0.0 0.0 0.791852 0.0 0.791852 0.0086962 0.917236 0.0 0.0 0.0 0.818071 0.0 0.791852 0.916283 0.968615 0.791852 0.791852 0.0 0.996821 0.984774 0.791852 0.0 0.791852 0.0 0.791852 0.0 0.791852 0.888654 0.999882 0.838053
0.0 0.105488 0.0 0.791852 0.791852 0.0 0.0 0.791852 0.791852 0.0 0.847305 0.0546522 0.628533 0.0 0.000116169 0.791852 0.0 0.791852 0.791852 0.791959 0.791852 0.0 0.958276 0.0 0.791852 0.791852 0.0 0.0 0.791852 0.85102 0.0 0.791852 0.791852 0.0 0.0 0.0 0.791852 0.0 0.791852 0.0086962 0.917236 0.0 0.0 0.0 0.818071 0.0 0.791852 0.916283 0.968615 0.791852 0.791852 0.0 0.996821 0.984774 0.791852 0.0 0.791852 0.0 0.791852 0.0 0.791852 0.888654 0.999882 0.838053
0.0 0.105488 0.0 0.791852 0.791852 0.0 0.0 0.791852 0.791852 0.0 0.847305 0.0546522 0.628533 0.0 0.000116169 0.791852 0.0 0.791852 0.791852 0.791959 0.791852 0.0 0.958276 0.0 0.791852 0.791852 0.0 0.0 0.791852 0.85102 0.0 0.791852 0.791852 0.0 0.0 0.0 0.791852 0.0 0.791852 0.0086962 0.917236 0.0 0.0 0.0 0.818071 0.0 0.791852 0.916283 0.968615 0.791852 0.791852 0.0 0.996821 0.984774 0.791852 0.0 0.791852 0.0 0.791852 0.0 0.791852 0.888654 0.999882 0.838053
0.0 0.0 0.0 0.0 0.0 0.0 0.0 0.0 0.0 0.999995 0.0 0.0 0.0 0.0 0.0 0.0 0.0 0.0 0.0 0.0 0.0 0.0 0.0 0.0 0.0 0.0 0.0 0.0 0.0 0.0 0.0 0.0 0.0 0.0 0.0 0.0 0.0 0.0 0.0 0.0 0.0 1.0 0.999333 0.0 0.0 0.0 0.0 0.0 0.0 0.0 0.0 0.0 0.0 0.0 0.0 0.0 0.0 0.0 0.0 0.0 0.0 0.0 0.0 0.0
0.0 0.989889 0.0 0.992855 0.992855 0.0 0.0 0.992855 0.992855 0.0 0.99509 0.993354 0.984077 0.0 0.00422204 0.992855 0.0 0.992855 0.992855 0.992859 0.992855 0.0 0.998569 0.0 0.992855 0.992855 0.0 0.0 0.992855 0.995866 0.0 0.992855 0.992855 0.0 0.0 0.0 0.992855 0.0 0.992855 0.242665 0.997536 0.0 0.0 0.0 0.993948 0.0 0.992855 0.997505 0.999114 0.992855 0.992855 0.0 0.999913 0.999605 0.992855 0.0 0.992855 0.0 0.992855 0.0 0.992855 0.996484 0.999996 0.994733
0.0 0.105488 0.0 0.791852 0.791852 0.0 0.0 0.791852 0.791852 0.0 0.847305 0.0546522 0.628533 0.0 0.000116169 0.791852 0.0 0.791852 0.791852 0.791959 0.791852 0.0 0.958276 0.0 0.791852 0.791852 0.0 0.0 0.791852 0.85102 0.0 0.791852 0.791852 0.0 0.0 0.0 0.791852 0.0 0.791852 0.0086962 0.917236 0.0 0.0 0.0 0.818071 0.0 0.791852 0.916283 0.968615 0.791852 0.791852 0.0 0.996821 0.984774 0.791852 0.0 0.791852 0.0 0.791852 0.0 0.791852 0.888654 0.999882 0.838053
0.00219876 0.0 0.0 0.0 0.0 0.999832 0.00511089 0.0 0.0 0.0 0.0 0.0 0.0 1.0 0.0 0.0 0.00219876 0.0 0.0 0.0 0.0 0.0 0.0 0.0 0.0 0.0 0.0 0.0 0.0 0.0 0.0291461 0.0 0.0 0.0 0.587717 1.87755e-06 0.0 0.00333789 0.0 0.0 0.0 0.0 0.0 0.000831872 0.0 0.999889 0.0 0.0 0.0 0.0 0.0 0.0 0.0 0.0 0.0 0.000210315 0.0 0.0 0.0 0.0 0.0 0.0 0.0 0.0
0.0 0.0 0.0 0.0 0.0 0.0 0.0 0.0 0.0 0.0 0.0 0.0 0.0 0.0 0.0 0.0 0.0 0.0 0.0 0.0 0.0 0.0 0.0 0.0 0.0 0.0 0.0 0.0 0.0 0.0 1.0 0.0 0.0 0.0 0.0 0.0 0.0 0.999771 0.0 0.0 0.0 0.0 0.0 0.0 0.0 0.0 0.0 0.0 0.0 0.0 0.0 5.96046e-08 0.0 0.0 0.0 0.987293 0.0 0.0 0.0 0.0 0.0 0.0 0.0 0.0
0.0 0.105488 0.0 0.791852 0.791852 0.0 0.0 0.791852 0.791852 0.0 0.847305 0.0546522 0.628533 0.0 0.000116169 0.791852 0.0 0.791852 0.791852 0.791959 0.791852 0.0 0.958276 0.0 0.791852 0.791852 0.0 0.0 0.791852 0.85102 0.0 0.791852 0.791852 0.0 0.0 0.0 0.791852 0.0 0.791852 0.0086962 0.917236 0.0 0.0 0.0 0.818071 0.0 0.791852 0.916283 0.968615 0.791852 0.791852 0.0 0.996821 0.984774 0.791852 0.0 0.791852 0.0 0.791852 0.0 0.791852 0.888654 0.999882 0.838053
0.982235 0.0 0.0 0.0 0.0 0.550654 1.57952e-06 0.0 0.0 0.0 0.0 0.0 0.0 1.0 0.0 0.0 0.982235 0.0 0.0 0.0 0.0 0.0 0.0 0.0 0.0 0.0 0.0 0.0 0.0 0.0 0.000345141 0.0 0.0 0.0 0.999977 0.13109 0.0 3.5584e-05 0.0 0.0 0.0 0.0 0.0 0.987288 0.0 0.988432 0.0 0.0 0.0 0.0 0.0 0.0 0.0 0.0 0.0 2.20537e-06 0.0 0.0 0.0 0.0 0.0 0.0 0.0 0.0
0.998426 0.0 0.0 0.0 0.0 0.366101 4.64916e-06 0.0 0.0 0.0 0.0 0.0 0.0 1.0 0.0 0.0 0.998426 0.0 0.0 0.0 0.0 0.0 0.0 0.0 0.0 0.0 0.0 0.0 0.0 0.0 0.000334352 0.0 0.0 0.0 0.999998 0.615198 0.0 5.25415e-05 0.0 0.0 0.0 0.0 0.0 0.998517 0.0 0.999022 0.0 0.0 0.0 0.0 0.0 0.0 0.0 0.0 0.0 3.27826e-06 0.0 0.0 0.0 0.0 0.0 0.0 0.0 0.0
0.0 0.105488 0.0 0.791852 0.791852 0.0 0.0 0.791852 0.791852 0.0 0.847305 0.0546522 0.628533 0.0 0.000116169 0.791852 0.0 0.791852 0.791852 0.791959 0.791852 0.0 0.958276 0.0 0.791852 0.791852 0.0 0.0 0.791852 0.85102 0.0 0.791852 0.791852 0.0 0.0 0.0 0.791852 0.0 0.791852 0.0086962 0.917236 0.0 0.0 0.0 0.818071 0.0 0.791852 0.916283 0.968615 0.791852 0.791852 0.0 0.996821 0.984774 0.791852 0.0 0.791852 0.0 0.791852 0.0 0.791852 0.888654 0.999882 0.838053
0.982235 0.0 0.0 0.0 0.0 0.550654 1.57952e-06 0.0 0.0 0.0 0.0 0.0 0.0 1.0 0.0 0.0 0.982235 0.0 0.0 0.0 0.0 0.0 0.0 0.0 0.0 0.0 0.0 0.0 0.0 0.0 0.000345141 0.0 0.0 0.0 0.999977 0.13109 0.0 3.5584e-05 0.0 0.0 0.0 0.0 0.0 0.987288 0.0 0.988432 0.0 0.0 0.0 0.0 0.0 0.0 0.0 0.0 0.0 2.20537e-06 0.0 0.0 0.0 0.0 0.0 0.0 0.0 0.0
0.996723 0.0 0.0 0.0 0.0 0.973386 1.18911e-05 0.0 0.0 0.0 0.0 0.0 0.0 1.0 0.0 0.0 0.996723 0.0 0.0 0.0 0.0 0.0 0.0 0.0 0.0 0.0 0.0 0.0 0.0 0.0 0.717501 0.0 0.0 0.0 0.999996 0.488216 0.0 0.271032 0.0 0.0 0.0 0.0 0.0 0.997665 0.0 0.997336 0.0 0.0 0.0 0.0 0.0 0.0 0.0 0.0 0.0 0.0188776 0.0 0.0 0.0 0.0 0.0 0.0 0.0 0.0
0.0 0.0 0.0 0.0 0.0 0.0 0.0 0.0 0.0 0.0 0.0 0.0 0.0 0.0 0.00083977 0.0 0.0 0.0 0.0 0.0 0.0 0.0 0.0 0.0 0.0 0.0 0.0 1.0 0.0 0.0 0.0 0.0 0.0 0.0 0.0 0.0 0.0 0.0 0.0 0.0 0.0 0.0 0.0 0.0 0.0 0.0 0.0 0.0 0.0 0.0 0.0 0.0 0.0 0.0 0.0 0.0 0.0 0.0 0.0 0.0 0.0 0.0 0.0 0.0
0.0 0.105488 0.0 0.791852 0.791852 0.0 0.0 0.791852 0.791852 0.0 0.847305 0.0546522 0.628533 0.0 0.000116169 0.791852 0.0 0.791852 0.791852 0.791959 0.791852 0.0 0.958276 0.0 0.791852 0.791852 0.0 0.0 0.791852 0.85102 0.0 0.791852 0.791852 0.0 0.0 0.0 0.791852 0.0 0.791852 0.0086962 0.917236 0.0 0.0 0.0 0.818071 0.0 0.791852 0.916283 0.968615 0.791852 0.791852 0.0 0.996821 0.984774 0.791852 0.0 0.791852 0.0 0.791852 0.0 0.791852 0.888654 0.999882 0.838053
0.0 0.0229252 0.0 0.430817 0.430817 0.0 0.0 0.430817 0.430817 0.0 0.506691 0.0113716 0.278269 0.0 0.000562459 0.430817 0.0 0.430817 0.430817 0.430976 0.430817 0.0 0.820454 0.0 0.430817 0.430817 0.0 0.0 0.430817 0.531951 0.0 0.430817 0.430817 0.0 0.0 0.0 0.430817 0.0 0.430817 0.00542417 0.651017 0.0 0.0 0.0 0.472201 0.0 0.430817 0.685301 0.859952 0.430817 0.430817 0.0 0.991802 0.927895 0.430817 0.0 0.430817 0.0 0.430817 0.0 0.430817 0.646986 0.999408 0.507291
0.0 0.0173491 0.0 0.362877 0.362877 0.0 0.0 0.362877 0.362877 0.0 0.494369 0.00858101 0.702118 0.0 0.99368 0.362877 0.0 0.362877 0.362877 0.363026 0.362877 0.0 0.7747 0.0 0.362877 0.362877 0.0 0.0 0.362877 0.460978 0.0 0.362876 0.362877 0.0 0.0 0.0 0.362877 0.0 0.362877 0.997973 0.58114 0.0 0.0 0.0 0.402347 0.0 0.362877 0.621014 0.822081 0.362877 0.362877 0.0 0.978932 0.906397 0.362877 0.0 0.362877 0.0 0.362877 0.0 0.362877 0.55582 0.999214 0.43654
0.0 0.105488 0.0 0.791852 0.791852 0.0 0.0 0.791852 0.791852 0.0 0.847305 0.0546522 0.628533 0.0 0.000116169 0.791852 0.0 0.791852 0.791852 0.791959 0.791852 0.0 0.958276 0.0 0.791852 0.791852 0.0 0.0 0.791852 0.85102 0.0 0.791852 0.791852 0.0 0.0 0.0 0.791852 0.0 0.791852 0.0086962 0.917236 0.0 0.0 0.0 0.818071 0.0 0.791852 0.916283 0.968615 0.791852 0.791852 0.0 0.996821 0.984774 0.791852 0.0 0.791852 0.0 0.791852 0.0 0.791852 0.888654 0.999882 0.838053
0.0 0.0 0.0 0.0 0.0 0.0 0.440129 0.0 0.0 0.0 0.0 0.0 0.0 0.0 0.0 0.0 0.0 0.0 0.0 0.0 0.0 0.0 0.0 0.0 0.0 0.0 0.0 0.0 0.0 0.0 0.0 0.0 0.0 0.0 0.0 1.0 0.0 0.0 0.0 0.0 0.0 0.0 0.0 0.0 0.0 0.0 0.0 0.0 0.0 0.0 0.0 0.0 0.0 0.0 0.0 0.0 0.0 0.0 0.0 0.0 0.0 0.0 0.0 0.0
0.0 0.10818 0.0 0.793171 0.793171 0.0 0.0 0.793171 0.793171 0.0 0.84834 0.056437 0.630404 0.0 0.000117004 0.793171 0.0 0.793171 0.793171 0.793277 0.793171 0.0 0.958596 0.0 0.793171 0.793171 0.0 0.0 0.793171 0.852034 0.0 0.793171 0.793171 0.0 0.0 0.0 0.793171 0.0 0.793171 0.00876564 0.917843 0.0 0.0 0.0 0.819261 0.0 0.793171 0.916896 0.968858 0.793171 0.793171 0.0 0.996846 0.984894 0.793171 0.0 0.793171 0.0 0.793171 0.0 0.793171 0.889445 0.999883 0.839138
0.0 0.0 0.0 0.0 0.0 0.25634 1.0 0.0 0.0 0.0 0.0 0.0 0.0 0.0 0.0 0.0 0.0 0.0 0.0 0.0 0.0 0.0 0.0 0.0 0.0 0.0 0.0 0.0 0.0 0.0 0.0 0.0 0.0 0.0 0.0 1.0 0.0 0.0 0.0 0.0 0.0 0.0 0.0 0.0 0.0 0.0 0.0 0.0 0.0 0.0 0.0 0.0 0.0 0.0 0.0 0.0 0.0 0.0 0.0 0.0 0.0 0.0 0.0 0.0
0.0 0.0 0.0 0.0 0.0 0.0 0.0 0.0 0.0 0.0 0.0 0.0 0.0 0.0 0.0 0.0 0.0 0.0 0.0 0.0 0.0 1.0 0.0 0.0 0.0 0.0 0.0 1.0 0.0 0.0 0.0 0.0 0.0 0.0 0.0 0.0 0.0 0.0 0.0 0.0 0.0 0.0 0.0 0.0 0.0 0.0 0.0 0.0 0.0 0.0 0.0 1.0 0.0 0.0 0.0 0.0 0.0 1.0 0.0 1.0 0.0 0.0 0.0 0.0
0.0 0.0 0.0 0.0 0.0 0.0 0.0 0.0 0.0 0.0 0.0 0.0 0.0 0.0 0.99998 0.0 0.0 0.0 0.0 0.0 0.0 0.0 0.0 0.0 0.0 0.0 0.0 0.0 0.0 0.0 0.0 0.0 0.0 0.0 0.0 0.0 0.0 0.0 0.0 4.74453e-05 0.0 0.0 0.0 0.0 0.0 0.0 0.0 0.0 0.0 0.0 0.0 0.0 1.78814e-07 0.0 0.0 0.0 0.0 0.0 0.0 0.0 0.0 0.0 2.08616e-06 0.0
0.0 0.105488 0.0 0.791852 0.791852 0.0 0.0 0.791852 0.791852 0.0 0.847305 0.0546522 0.628533 0.0 0.000116169 0.791852 0.0 0.791852 0.791852 0.791959 0.791852 0.0 0.958276 0.0 0.791852 0.791852 0.0 0.0 0.791852 0.85102 0.0 0.791852 0.791852 0.0 0.0 0.0 0.791852 0.0 0.791852 0.0086962 0.917236 0.0 0.0 0.0 0.818071 0.0 0.791852 0.916283 0.968615 0.791852 0.791852 0.0 0.996821 0.984774 0.791852 0.0 0.791852 0.0 0.791852 0.0 0.791852 0.888654 0.999882 0.838053
0.0 0.105488 0.0 0.791852 0.791852 0.0 0.0 0.791852 0.791852 0.0 0.847305 0.0546522 0.628533 0.0 0.000116169 0.791852 0.0 0.791852 0.791852 0.791959 0.791852 0.0 0.958276 0.0 0.791852 0.791852 0.0 0.0 0.791852 0.85102 0.0 0.791852 0.791852 0.0 0.0 0.0 0.791852 0.0 0.791852 0.0086962 0.917236 0.0 0.0 0.0 0.818071 0.0 0.791852 0.916283 0.968615 0.791852 0.791852 0.0 0.996821 0.984774 0.791852 0.0 0.791852 0.0 0.791852 0.0 0.791852 0.888654 0.999882 0.838053
0.0 0.107607 0.0 0.801528 0.801528 0.0 0.0 0.801528 0.801528 0.0 0.854876 0.0545971 0.642373 0.0 0.000123352 0.801528 0.0 0.801528 0.801528 0.801631 0.801528 0.0 0.960609 0.0 0.801528 0.801528 0.0 0.0 0.801528 0.858437 0.0 0.801528 0.801528 0.0 0.0 0.0 0.801528 0.0 0.801528 0.00922665 0.92166 0.0 0.0 0.0 0.826795 0.0 0.801528 0.920754 0.970381 0.801528 0.801528 0.0 0.997005 0.985701 0.801528 0.0 0.801528 0.0 0.801528 0.0 0.801528 0.89443 0.999889 0.845999
0.0 0.105488 0.0 0.791852 0.791852 0.0 0.0 0.791852 0.791852 0.0 0.847305 0.0546522 0.628533 0.0 0.000116169 0.791852 0.0 0.791852 0.791852 0.791959 0.791852 0.0 0.958276 0.0 0.791852 0.791852 0.0 0.0 0.791852 0.85102 0.0 0.791852 0.791852 0.0 0.0 0.0 0.791852 0.0 0.791852 0.0086962 0.917236 0.0 0.0 0.0 0.818071 0.0 0.791852 0.916283 0.968615 0.791852 0.791852 0.0 0.996821 0.984774 0.791852 0.0 0.791852 0.0 0.791852 0.0 0.791852 0.888654 0.999882 0.838053
0.0 0.0 0.0 0.0 0.0 0.0 0.0 0.0 0.0 0.0 0.0 0.0 0.0 0.0 0.0 0.0 0.0 0.0 0.0 0.0 0.0 0.000416249 0.0 0.0 0.0 0.0 0.0 0.0 0.0 0.0 0.0 0.0 0.0 0.0 0.0 0.0 0.0 0.0 0.0 0.0 0.0 0.0 0.0 0.0 0.0 0.0 0.0 0.0 0.0 0.0 0.0 0.0 0.0 0.0 0.0 0.0 0.0 0.853305 0.0 1.0 0.0 0.0 0.0 0.0
0.0 0.105488 0.0 0.791852 0.791852 0.0 0.0 0.791852 0.791852 0.0 0.847305 0.0546522 0.628533 0.0 0.000116169 0.791852 0.0 0.791852 0.791852 0.791959 0.791852 0.0 0.958276 0.0 0.791852 0.791852 0.0 0.0 0.791852 0.85102 0.0 0.791852 0.791852 0.0 0.0 0.0 0.791852 0.0 0.791852 0.0086962 0.917236 0.0 0.0 0.0 0.818071 0.0 0.791852 0.916283 0.968615 0.791852 0.791852 0.0 0.996821 0.984774 0.791852 0.0 0.791852 0.0 0.791852 0.0 0.791852 0.888654 0.999882 0.838053
0.0 0.0 0.0 0.0 0.0 0.0 0.0 0.0 0.0 0.0 0.0 0.0 0.0 0.0 0.0 0.0 0.0 0.0 0.0 0.0 0.0 1.0 0.0 0.0 0.0 0.0 0.0 0.0 0.0 0.0 0.0 0.0 0.0 0.0 0.0 0.0 0.0 0.0 0.0 0.0 0.0 0.0 0.0 0.0 0.0 0.0 0.0 0.0 0.0 0.0 0.0 0.0 0.0 0.0 0.0 0.0 0.0 0.000163794 0.0 1.23978e-05 0.0 0.0 0.0 0.0
0.0 0.105488 0.0 0.791852 0.791852 0.0 0.0 0.791852 0.791852 0.0 0.847305 0.0546522 0.628533 0.0 0.000116169 0.791852 0.0 0.791852 0.791852 0.791959 0.791852 0.0 0.958276 0.0 0.791852 0.791852 0.0 0.0 0.791852 0.85102 0.0 0.791852 0.791852 0.0 0.0 0.0 0.791852 0.0 0.791852 0.0086962 0.917236 0.0 0.0 0.0 0.818071 0.0 0.791852 0.916283 0.968615 0.791852 0.791852 0.0 0.996821 0.984774 0.791852 0.0 0.791852 0.0 0.791852 0.0 0.791852 0.888654 0.999882 0.838053
0.0 0.105488 0.0 0.791852 0.791852 0.0 0.0 0.791852 0.791852 0.0 0.847305 0.0546522 0.628533 0.0 0.000116169 0.791852 0.0 0.791852 0.791852 0.791959 0.791852 0.0 0.958276 0.0 0.791852 0.791852 0.0 0.0 0.791852 0.85102 0.0 0.791852 0.791852 0.0 0.0 0.0 0.791852 0.0 0.791852 0.0086962 0.917236 0.0 0.0 0.0 0.818071 0.0 0.791852 0.916283 0.968615 0.791852 0.791852 0.0 0.996821 0.984774 0.791852 0.0 0.791852 0.0 0.791852 0.0 0.791852 0.888654 0.999882 0.838053
0.0 0.105488 0.0 0.791852 0.791852 0.0 0.0 0.791852 0.791852 0.0 0.847305 0.0546522 0.628533 0.0 0.000116169 0.791852 0.0 0.791852 0.791852 0.791959 0.791852 0.0 0.958276 0.0 0.791852 0.791852 0.0 0.0 0.791852 0.85102 0.0 0.791852 0.791852 0.0 0.0 0.0 0.791852 0.0 0.791852 0.0086962 0.917236 0.0 0.0 0.0 0.818071 0.0 0.791852 0.916283 0.968615 0.791852 0.791852 0.0 0.996821 0.984774 0.791852 0.0 0.791852 0.0 0.791852 0.0 0.791852 0.888654 0.999882 0.838053
0.000453413 0.0 0.0 0.0 0.0 1.95801e-05 0.0 0.0 0.0 0.0 0.0 0.0 0.0 1.0 0.0 0.0 0.000453413 0.0 0.0 0.0 0.0 0.0 0.0 0.0 0.0 0.0 0.0 0.0 0.0 0.0 0.0 0.0 0.0 0.0 0.378202 0.00316411 0.0 0.0 0.0 0.0 0.0 0.0 0.0 0.000600904 0.0 0.00345108 0.0 0.0 0.0 0.0 0.0 0.0 0.0 0.0 0.0 0.0 0.0 0.0 0.0 0.0 0.0 0.0 0.0 0.0
0.982235 0.0 0.0 0.0 0.0 0.550654 1.57952e-06 0.0 0.0 0.0 0.0 0.0 0.0 1.0 0.0 0.0 0.982235 0.0 0.0 0.0 0.0 0.0 0.0 0.0 0.0 0.0 0.0 0.0 0.0 0.0 0.000345141 0.0 0.0 0.0 0.999977 0.13109 0.0 3.5584e-05 0.0 0.0 0.0 0.0 0.0 0.987288 0.0 0.988432 0.0 0.0 0.0 0.0 0.0 0.0 0.0 0.0 0.0 2.20537e-06 0.0 0.0 0.0 0.0 0.0 0.0 0.0 0.0
0.0 0.0 1.0 0.0 0.0 0.0 0.0 0.0 0.0 0.0 0.0 0.0 0.0 0.0 0.0 0.0 0.0 0.0 0.0 0.0 0.0 0.0 0.0 0.0 0.0 0.0 1.0 0.0 0.0 0.0 0.0 0.0 0.0 0.0 0.0 0.0 0.0 0.0 0.0 0.0 0.0 6.56247e-05 0.0 0.0 0.0 0.0 0.0 0.0 0.0 0.0 0.0 0.0 0.0 0.0 0.0 0.0 0.0 0.0 0.0 0.0 0.0 0.0 0.0 0.0
0.0 0.105488 0.0 0.791852 0.791852 0.0 0.0 0.791852 0.791852 0.0 0.847305 0.0546522 0.628533 0.0 0.000116169 0.791852 0.0 0.791852 0.791852 0.791959 0.791852 0.0 0.958276 0.0 0.791852 0.791852 0.0 0.0 0.791852 0.85102 0.0 0.791852 0.791852 0.0 0.0 0.0 0.791852 0.0 0.791852 0.0086962 0.917236 0.0 0.0 0.0 0.818071 0.0 0.791852 0.916283 0.968615 0.791852 0.791852 0.0 0.996821 0.984774 0.791852 0.0 0.791852 0.0 0.791852 0.0 0.791852 0.888654 0.999882 0.838053
0.0 0.0 0.0 0.0 0.0 0.0 0.0 0.0 0.0 1.0 0.0 0.0 0.0 0.0 0.0 0.0 0.0 0.0 0.0 0.0 0.0 0.0 0.0 0.0 0.0 0.0 0.0 0.0 0.0 0.0 0.0 0.0 0.0 0.0 0.0 0.0 0.0 0.0 0.0 0.0 0.0 1.0 1.0 0.0 0.0 0.0 0.0 0.0 0.0 0.0 0.0 0.0 0.0 0.0 0.0 0.0 0.0 0.0 0.0 0.0 0.0 0.0 0.0 0.0
0.0 0.105488 0.0 0.791852 0.791852 0.0 0.0 0.791852 0.791852 0.0 0.847305 0.0546522 0.628533 0.0 0.000116169 0.791852 0.0 0.791852 0.791852 0.791959 0.791852 0.0 0.958276 0.0 0.791852 0.791852 0.0 0.0 0.791852 0.85102 0.0 0.791852 0.791852 0.0 0.0 0.0 0.791852 0.0 0.791852 0.0086962 0.917236 0.0 0.0 0.0 0.818071 0.0 0.791852 0.916283 0.968615 0.791852 0.791852 0.0 0.996821 0.984774 0.791852 0.0 0.791852 0.0 0.791852 0.0 0.791852 0.888654 0.999882 0.838053
0.982235 0.0 0.0 0.0 0.0 0.550654 1.57952e-06 0.0 0.0 0.0 0.0 0.0 0.0 1.0 0.0 0.0 0.982235 0.0 0.0 0.0 0.0 0.0 0.0 0.0 0.0 0.0 0.0 0.0 0.0 0.0 0.000345141 0.0 0.0 0.0 0.999977 0.13109 0.0 3.5584e-05 0.0 0.0 0.0 0.0 0.0 0.987288 0.0 0.988432 0.0 0.0 0.0 0.0 0.0 0.0 0.0 0.0 0.0 2.20537e-06 0.0 0.0 0.0 0.0 0.0 0.0 0.0 0.0
0.0 0.504844 0.0 0.964804 0.964804 0.0 0.0 0.964804 0.964804 0.0 0.975601 0.337573 0.924198 0.0 0.000835747 0.964804 0.0 0.964804 0.964804 0.964826 0.964804 0.0 0.993994 0.0 0.964804 0.964804 0.0 0.0 0.964804 0.976539 0.0 0.964804 0.964804 0.0 0.0 0.0 0.964804 0.0 0.964804 0.0594539 0.987633 0.0 0.0 0.0 0.970061 0.0 0.964804 0.987479 0.995523 0.964804 0.964804 0.0 0.999558 0.997859 0.964804 0.0 0.964804 0.0 0.964804 0.0 0.964804 0.982909 0.999984 0.973882
0.0 0.0 0.0 0.0 0.0 0.0 0.0 0.0 0.0 0.470644 0.0 0.0 0.0 0.0 0.0 0.0 0.0 0.0 0.0 0.0 0.0 0.0 0.0 0.0 0.0 0.0 0.0 0.0 0.0 0.0 0.0 0.0 0.0 0.0 0.0 0.0 0.0 0.0 0.0 0.0 0.0 0.993475 1.0 0.0 0.0 0.0 0.0 0.0 0.0 0.0 0.0 0.0 0.0 0.0 0.0 0.0 0.0 0.0 0.0 0.0 0.0 0.0 0.0 0.0
0.0 0.167352 0.0 0.905984 0.905984 0.0 0.0 0.905984 0.905984 0.0 0.933581 0.08369 0.810823 0.0 0.00029397 0.905984 0.0 0.905984 0.905984 0.906039 0.905984 0.0 0.983102 0.0 0.905984 0.905984 0.0 0.0 0.905984 0.935483 0.0 0.905984 0.905984 0.0 0.0 0.0 0.905984 0.0 0.905984 0.0217384 0.965604 0.0 0.0 0.0 0.919292 0.0 0.905984 0.965186 0.98737 0.905984 0.905984 0.0 0.998743 0.993904 0.905984 0.0 0.905984 0.0 0.905984 0.0 0.905984 0.952867 0.999954 0.92912
0.0 0.105488 0.0 0.791852 0.791852 0.0 0.0 0.791852 0.791852 0.0 0.847305 0.0546522 0.628533 0.0 0.000116169 0.791852 0.0 0.791852 0.791852 0.791959 0.791852 0.0 0.958276 0.0 0.791852 0.791852 0.0 0.0 0.791852 0.85102 0.0 0.791852 0.791852 0.0 0.0 0.0 0.791852 0.0 0.791852 0.0086962 0.917236 0.0 0.0 0.0 0.818071 0.0 0.791852 0.916283 0.968615 0.791852 0.791852 0.0 0.996821 0.984774 0.791852 0.0 0.791852 0.0 0.791852 0.0 0.791852 0.888654 0.999882 0.838053
0.0 0.952572 0.0 0.998459 0.998459 0.0 0.0 0.998459 0.998459 0.0 0.998983 0.907802 0.999529 0.0 1.0 0.998459 0.0 0.998459 0.998459 0.99846 0.998459 0.0 0.999744 0.0 0.998459 0.998459 0.0 0.0 0.998459 0.998973 0.0 0.998459 0.998459 0.0 0.0 0.0 0.998459 0.0 0.998459 0.999971 0.999286 0.0 0.0 0.0 0.998696 0.0 0.998459 0.999464 0.99981 0.998459 0.998459 0.0 0.999967 0.999909 0.998459 0.0 0.998459 0.0 0.998459 0.0 0.998459 0.999272 0.999999 0.998867
0.0 0.969392 0.0 0.110883 0.110883 0.0 0.0 0.110883 0.110883 0.0 0.153909 0.998425 0.0525529 0.0 3.78489e-06 0.110883 0.0 0.110883 0.110883 0.110947 0.110883 0.0 0.372212 0.0 0.110883 0.110883 0.0 0.0 0.110883 0.157686 0.0 0.110883 0.110883 0.0 0.0 0.0 0.110883 0.0 0.110883 0.000287503 0.26649 0.0 0.0 0.0 0.12847 0.0 0.110883 0.264055 0.502914 0.110883 0.110883 0.0 0.911345 0.696564 0.110883 0.0 0.110883 0.0 0.110883 0.0 0.110883 0.197011 0.995571 0.140286
0.0 0.105488 0.0 0.791852 0.791852 0.0 0.0 0.791852 0.791852 0.0 0.847305 0.0546522 0.628533 0.0 0.000116169 0.791852 0.0 0.791852 0.791852 0.791959 0.791852 0.0 0.958276 0.0 0.791852 0.791852 0.0 0.0 0.791852 0.85102 0.0 0.791852 0.791852 0.0 0.0 0.0 0.791852 0.0 0.791852 0.0086962 0.917236 0.0 0.0 0.0 0.818071 0.0 0.791852 0.916283 0.968615 0.791852 0.791852 0.0 0.996821 0.984774 0.791852 0.0 0.791852 0.0 0.791852 0.0 0.791852 0.888654 0.999882 0.838053
0.0 0.0 0.0 0.0 0.0 0.0 0.0 0.0 0.0 0.0 0.0 0.0 0.0 0.0 0.0 0.0 0.0 0.0 0.0 0.0 0.0 1.0 0.0 0.0 0.0 0.0 0.0 0.0 0.0 0.0 0.0 0.0 0.0 0.0 0.0 0.0 0.0 0.0 0.0 0.0 0.0 0.0 0.0 0.0 0.0 0.0 0.0 0.0 0.0 0.0 0.0 0.0 0.0 0.0 0.0 0.0 0.0 0.999956 0.0 0.999951 0.0 0.0 0.0 0.0
0.0 0.105488 0.0 0.791852 0.791852 0.0 0.0 0.791852 0.791852 0.0 0.847305 0.0546522 0.628533 0.0 0.000116169 0.791852 0.0 0.791852 0.791852 0.791959 0.791852 0.0 0.958276 0.0 0.791852 0.791852 0.0 0.0 0.791852 0.85102 0.0 0.791852 0.791852 0.0 0.0 0.0 0.791852 0.0 0.791852 0.0086962 0.917236 0.0 0.0 0.0 0.818071 0.0 0.791852 0.916283 0.968615 0.791852 0.791852 0.0 0.996821 0.984774 0.791852 0.0 0.791852 0.0 0.791852 0.0 0.791852 0.888654 0.999882 0.838053
0.0 0.105488 0.0 0.791852 0.791852 0.0 0.0 0.791852 0.791852 0.0 0.847305 0.0546522 0.628533 0.0 0.000116169 0.791852 0.0 0.791852 0.791852 0.791959 0.791852 0.0 0.958276 0.0 0.791852 0.791852 0.0 0.0 0.791852 0.85102 0.0 0.791852 0.791852 0.0 0.0 0.0 0.791852 0.0 0.791852 0.0086962 0.917236 0.0 0.0 0.0 0.818071 0.0 0.791852 0.916283 0.968615 0.791852 0.791852 0.0 0.996821 0.984774 0.791852 0.0 0.791852 0.0 0.791852 0.0 0.791852 0.888654 0.999882 0.838053
0.0 0.0 0.0 0.0 0.0 0.0 0.0 0.0 0.0 0.0 0.0 0.0 0.0 0.0 0.0 0.0 0.0 0.0 0.0 0.0 0.0 0.0 0.0 0.0 0.0 0.0 0.0 0.0 0.0 0.0 0.0 0.0 0.0 0.0 0.0 0.0 0.0 0.0 0.0 0.0 0.0 0.0 1.0 0.0 0.0 0.0 0.0 0.0 0.0 0.0 0.0 0.0 0.0 0.0 0.0 0.0 0.0 0.0 0.0 0.0 0.0 0.0 0.0 0.0
0.0 0.0 0.0 0.0 0.0 0.0 0.0 0.0 0.0 0.999936 0.0 0.0 0.0 0.0 0.0 0.0 0.0 0.0 0.0 0.0 0.0 0.0 0.0 0.0 0.0 0.0 0.0 0.0 0.0 0.0 0.0 0.0 0.0 0.0 0.0 0.0 0.0 0.0 0.0 0.0 0.0 0.999999 0.997104 0.0 0.0 0.0 0.0 0.0 0.0 0.0 0.0 0.0 0.0 0.0 0.0 0.0 0.0 0.0 0.0 0.0 0.0 0.0 0.0 0.0
0.0 0.105488 0.0 0.791852 0.791852 0.0 0.0 0.791852 0.791852 0.0 0.847305 0.0546522 0.628533 0.0 0.000116169 0.791852 0.0 0.791852 0.791852 0.791959 0.791852 0.0 0.958276 0.0 0.791852 0.791852 0.0 0.0 0.791852 0.85102 0.0 0.791852 0.791852 0.0 0.0 0.0 0.791852 0.0 0.791852 0.0086962 0.917236 0.0 0.0 0.0 0.818071 0.0 0.791852 0.916283 0.968615 0.791852 0.791852 0.0 0.996821 0.984774 0.791852 0.0 0.791852 0.0 0.791852 0.0 0.791852 0.888654 0.999882 0.838053
0.0 0.105488 0.0 0.791852 0.791852 0.0 0.0 0.791852 0.791852 0.0 0.847305 0.0546522 0.628533 0.0 0.000116169 0.791852 0.0 0.791852 0.791852 0.791959 0.791852 0.0 0.958276 0.0 0.791852 0.791852 0.0 0.0 0.791852 0.85102 0.0 0.791852 0.791852 0.0 0.0 0.0 0.791852 0.0 0.791852 0.0086962 0.917236 0.0 0.0 0.0 0.818071 0.0 0.791852 0.916283 0.968615 0.791852 0.791852 0.0 0.996821 0.984774 0.791852 0.0 0.791852 0.0 0.791852 0.0 0.791852 0.888654 0.999882 0.838053
0.0 0.0 0.0 0.0 0.0 1.0 0.999008 0.0 0.0 0.0 0.0 0.0 0.0 0.999995 0.0 0.0 0.0 0.0 0.0 0.0 0.0 0.0 0.0 0.0 0.0 0.0 0.0 0.0 0.0 0.0 0.998716 0.0 0.0 0.0 2.98023e-08 0.0 0.0 0.976237 0.0 0.0 0.0 0.0 0.0 0.0 0.0 0.999905 0.0 0.0 0.0 0.0 0.0 0.0 0.0 0.0 0.0 0.692115 0.0 0.0 0.0 0.0 0.0 0.0 0.0 0.0
0.0 0.0 0.0 0.0 0.0 0.0 0.0 0.0 0.0 0.0 0.0 0.0 0.0 0.0 0.0 0.0 0.0 0.0 0.0 0.0 0.0 0.0 0.0 0.0 0.0 0.0 0.0 0.0 0.0 0.0 1.0 0.0 0.0 1.0 0.0 0.0 0.0 1.0 0.0 0.0 0.0 0.0 0.0 0.0 0.0 0.0 0.0 0.0 0.0 0.0 0.0 1.0 0.0 0.0 0.0 1.0 0.0 0.0 0.0 0.0 0.0 0.0 0.0 0.0
0.0 0.0 0.0 0.0 0.0 0.0 0.0 0.0 0.0 0.0 0.0 0.0 0.0 0.0 0.0 0.0 0.0 0.0 0.0 0.0 0.0 0.0 0.0 0.0 0.0 0.0 0.0 0.0 0.0 0.0 0.0 0.0 0.0 0.0 0.0 1.0 0.0 0.0 0.0 0.0 0.0 1.0 0.0 0.0 0.0 0.0 0.0 0.0 0.0 0.0 0.0 0.0 0.0 0.0 0.0 0.0 0.0 0.0 0.0 0.0 0.0 0.0 0.0 0.0
0.0 0.176868 0.0 0.281127 0.281127 0.337199 0.0 0.281127 0.281127 0.0 0.0 0.0 0.178396 0.0 0.00544184 0.281127 0.0 0.0 0.281127 0.0 0.0 0.00171065 0.281127 0.0 0.281127 0.281127 0.0 0.000312179 0.000232011 0.999139 0.801076 0.281127 0.0629233 0.280699 0.0 0.0 0.281127 0.281127 0.281127 0.281127 0.281127 0.0 0.0 0.0 0.99325 0.0 0.332753 0.0 0.0 0.0 0.374178 0.0739418 1.40071e-05 0.0 0.0039283 0.0613602 0.281127 0.281127 0.0 0.0 0.281127 0.28112 0.315364 0.425217
0.0 0.0 0.0 0.0 0.0 0.0 0.0 0.0 0.0 0.0 0.0 0.0 0.0 0.0205732 0.0 0.0 0.0 0.0 0.0 0.0 0.0 0.0 0.0 0.0 0.0 0.0 0.0 0.0 0.0 0.0 0.0 0.0 0.0 0.0 0.0 0.0 0.0 0.0 0.0 0.0 0.0 0.0 0.0 0.0 0.0 0.0 0.0 0.0 0.0 0.0 0.0 0.0 0.0 0.0 0.0 0.0 0.0 0.0 1.17123e-05 1.0 0.0 0.0 0.0 0.0
0.0 0.702701 0.0 0.791852 0.791852 0.831931 0.0 0.791852 0.791852 0.0 0.0 0.0 0.00767758 0.0 0.000379294 0.791852 0.0 0.0 0.791852 0.0 0.0 0.0163966 0.791852 0.0 0.791852 0.791852 0.0 0.0030286 0.0022518 0.999872 0.976409 0.791852 0.395119 0.791503 0.0 0.0 0.791852 0.791852 0.791852 0.791852 0.791852 0.0 0.0 0.0 0.102651 0.0 0.829097 0.0 0.0 0.0 0.853294 0.45382 0.0 0.0 0.0861126 0.388727 0.791852 0.791852 0.0 0.0 0.791852 0.791846 0.817551 0.88058
0.0 0.702701 0.0 0.791852 0.791852 0.831931 0.0 0.791852 0.791852 0.0 0.0 0.0 0.00767758 0.0 0.000379294 0.791852 0.0 0.0 0.791852 0.0 0.0 0.0163966 0.791852 0.0 0.791852 0.791852 0.0 0.0030286 0.0022518 0.999872 0.976409 0.791852 0.395119 0.791503 0.0 0.0 0.791852 0.791852 0.791852 0.791852 0.791852 0.0 0.0 0.0 0.102651 0.0 0.829097 0.0 0.0 0.0 0.853294 0.45382 0.0 0.0 0.0861126 0.388727 0.791852 0.791852 0.0 0.0 0.791852 0.791846 0.817551 0.88058
0.0 0.0 0.0 0.0 0.0 0.0 0.0 0.0 0.0 0.0 0.0 0.0 8.98838e-05 0.0 0.0 0.0 0.0 0.0 0.0 0.0 0.0 0.0 0.0 0.0 0.0 0.0 0.0 0.0 0.0 0.0 0.0 0.0 0.0 0.0 0.0 0.0 0.0 0.0 0.0 0.0 0.0 0.0 0.0 0.0 1.49012e-07 0.0 0.0 0.0 0.0 0.0 0.0 0.0 0.0 0.0 0.0 0.0 0.0 0.0 0.0 0.0 0.0 0.0 0.0 0.0
0.0 0.0 0.0 0.0 0.0 0.0 8.9407e-08 0.0 0.0 0.989905 0.0 0.0 0.0 0.0 0.0 0.0 0.0 0.0 0.0 0.0 0.0 0.0 0.0 0.0958482 0.0 0.0 0.0 0.0 0.0 0.0 0.0 0.0 0.0 0.0 1.0 0.0 0.0 0.0 0.0 0.0 0.0 0.0 0.0 0.0 0.0 0.0 0.0 0.0 0.0 0.0 0.0 0.0 0.0 0.0 0.0 0.0 0.0 0.0 0.0 0.0 0.0 0.0 0.0 0.0
0.0 0.702701 0.0 0.791852 0.791852 0.831931 0.0 0.791852 0.791852 0.0 0.0 0.0 0.00767758 0.0 0.000379294 0.791852 0.0 0.0 0.791852 0.0 0.0 0.0163966 0.791852 0.0 0.791852 0.791852 0.0 0.0030286 0.0022518 0.999872 0.976409 0.791852 0.395119 0.791503 0.0 0.0 0.791852 0.791852 0.791852 0.791852 0.791852 0.0 0.0 0.0 0.102651 0.0 0.829097 0.0 0.0 0.0 0.853294 0.45382 0.0 0.0 0.0861126 0.388727 0.791852 0.791852 0.0 0.0 0.791852 0.791846 0.817551 0.88058
0.0 0.702701 0.0 0.791852 0.791852 0.831931 0.0 0.791852 0.791852 0.0 0.0 0.0 0.00767758 0.0 0.000379294 0.791852 0.0 0.0 0.791852 0.0 0.0 0.0163966 0.791852 0.0 0.791852 0.791852 0.0 0.0030286 0.0022518 0.999872 0.976409 0.791852 0.395119 0.791503 0.0 0.0 0.791852 0.791852 0.791852 0.791852 0.791852 0.0 0.0 0.0 0.102651 0.0 0.829097 0.0 0.0 0.0 0.853294 0.45382 0.0 0.0 0.0861126 0.388727 0.791852 0.791852 0.0 0.0 0.791852 0.791846 0.817551 0.88058
0.0 0.702701 0.0 0.791852 0.791852 0.831931 0.0 0.791852 0.791852 0.0 0.0 0.0 0.00767758 0.0 0.000379294 0.791852 0.0 0.0 0.791852 0.0 0.0 0.0163966 0.791852 0.0 0.791852 0.791852 0.0 0.0030286 0.0022518 0.999872 0.976409 0.791852 0.395119 0.791503 0.0 0.0 0.791852 0.791852 0.791852 0.791852 0.791852 0.0 0.0 0.0 0.102651 0.0 0.829097 0.0 0.0 0.0 0.853294 0.45382 0.0 0.0 0.0861126 0.388727 0.791852 0.791852 0.0 0.0 0.791852 0.791846 0.817551 0.88058
0.0 1.78814e-07 0.0 2.08616e-07 2.08616e-07 2.98023e-07 0.0 2.08616e-07 2.08616e-07 0.0 0.0 0.0 0.873052 0.0 1.0 2.08616e-07 0.0 0.0 2.08616e-07 0.0 0.0 0.0 2.08616e-07 0.0 2.08616e-07 2.08616e-07 0.0 0.0 0.0 0.00161749 2.74181e-06 2.08616e-07 2.98023e-08 2.38419e-07 0.0 0.0 2.08616e-07 2.08616e-07 2.08616e-07 2.08616e-07 2.08616e-07 0.0 0.0 0.0 6.85453e-07 0.0 5.96046e-08 0.0 0.0 0.0 3.57628e-07 8.9407e-08 0.0 0.0 7.91252e-05 1.78814e-07 2.08616e-07 2.08616e-07 0.0 0.0 2.08616e-07 2.38419e-07 2.38419e-07 3.57628e-07
0.0 0.657328 0.0 0.700219 0.700219 0.749191 0.0 0.700219 0.700219 0.0 0.0 0.0 0.00472796 0.0 0.000233173 0.700219 0.0 0.0 0.700219 0.0 0.0 0.0101314 0.700219 0.0 0.700219 0.700219 0.0 0.00186172 0.00138372 0.999758 0.959155 0.700219 0.286258 0.699775 0.0 0.0 0.700219 0.700219 0.700219 0.700219 0.700219 0.0 0.0 0.0 0.0880979 0.0 0.748657 0.0 0.0 0.0 0.781237 0.797738 0.0 0.0 0.0546899 0.28081 0.700219 0.700219 0.0 0.0 0.700219 0.700212 0.733423 0.805366
0.0 3.56734e-05 0.000136942 3.18885e-06 3.18885e-06 5.06639e-06 1.78814e-07 3.18885e-06 3.18885e-06 0.0 0.0 0.0 0.0 1.0 0.0 3.18885e-06 0.0 0.0 3.18885e-06 0.0 0.0 0.0058513 3.18885e-06 0.0 3.18885e-06 3.18885e-06 0.0 0.93058 0.0 0.0120412 3.21269e-05 3.18885e-06 3.9041e-05 3.24845e-06 0.0 0.0 3.18885e-06 3.18885e-06 3.18885e-06 3.18885e-06 3.18885e-06 0.0 0.0 0.0 1.75834e-06 0.0 4.85778e-06 0.0 0.0 0.0 4.94719e-06 0.000160754 1.0 0.0 8.9407e-08 5.36442e-07 3.18885e-06 3.18885e-06 0.0 0.0 3.18885e-06 3.24845e-06 2.89083e-06 8.22544e-06
0.0 0.0 3.8445e-06 0.0 0.0 0.0 0.0 0.0 0.0 0.0 0.0 0.0 0.0 0.0 0.0 0.0 0.0 2.38419e-07 0.0 0.0 0.0 0.0 0.0 0.0 0.0 0.0 0.0 0.0 0.0 0.0 0.0 0.0 0.0 0.0 0.0 0.0 0.0 0.0 0.0 0.0 0.0 0.0 1.0 1.0 0.0 0.996863 0.0 6.06179e-05 0.0 1.0 0.0 0.0 0.0 0.0 0.0 0.0 0.0 0.0 0.0 0.0 0.0 0.0 0.0 0.0
0.96678 0.0 0.0 0.0 0.0 0.0 0.0 0.0 0.0 0.0 0.0 0.0 0.0 0.0 0.0 0.0 0.990524 0.0 0.0 0.0 0.0 0.0 0.0 0.0 0.0 0.0 0.0 0.0 0.0 0.0 0.0 0.0 0.0 0.0 0.0 4.05312e-06 0.0 0.0 0.0 0.0 0.0 0.0 0.0 0.0 0.0 0.0 0.0 0.0 0.0 0.0 0.0 0.0 0.0 0.0 0.0 0.0 0.0 0.0 0.0 0.0 0.0 0.0 0.0 0.0
0.0 0.702701 0.0 0.791852 0.791852 0.831931 0.0 0.791852 0.791852 0.0 0.0 0.0 0.00767758 0.0 0.000379294 0.791852 0.0 0.0 0.791852 0.0 0.0 0.0163966 0.791852 0.0 0.791852 0.791852 0.0 0.0030286 0.0022518 0.999872 0.976409 0.791852 0.395119 0.791503 0.0 0.0 0.791852 0.791852 0.791852 0.791852 0.791852 0.0 0.0 0.0 0.102651 0.0 0.829097 0.0 0.0 0.0 0.853294 0.45382 0.0 0.0 0.0861126 0.388727 0.791852 0.791852 0.0 0.0 0.791852 0.791846 0.817551 0.88058
0.0 0.0 0.0 0.0 0.0 0.0 0.0 0.0 0.0 0.0 0.0 0.31808 0.0 0.0 0.0 0.0 0.0 0.0 0.0 0.0 0.0 0.0 0.0 0.0 0.0 0.0 1.0 0.0 0.0 0.0 0.0 0.0 0.0 0.0 0.0 0.0 0.0 0.0 0.0 0.0 0.0 0.0 0.0 0.0 0.0 0.0 0.0 0.0 0.0 0.0 0.0 0.0 0.0 1.0 0.0 0.0 0.0 0.0 0.0 0.0 0.0 0.0 0.0 0.0
0.0 0.0 0.0 0.0 0.0 0.0 0.0 0.0 0.0 0.0 0.0 0.0 0.0 0.0 0.0 0.0 0.0 0.240825 0.0 0.0 0.0 0.0 0.0 0.0 0.0 0.0 0.0 0.0 0.0 0.0 0.0 0.0 0.0 0.0 0.0 0.0 0.0 0.0 0.0 0.0 0.0 0.0 0.0 0.0 0.0 0.0 0.0 0.0 0.0 1.0 0.0 0.0 0.0 0.0 0.0 0.0 0.0 0.0 0.0 0.0 0.0 0.0 0.0 0.0
0.0 0.702701 0.0 0.791852 0.791852 0.831931 0.0 0.791852 0.791852 0.0 0.0 0.0 0.00767758 0.0 0.000379294 0.791852 0.0 0.0 0.791852 0.0 0.0 0.0163966 0.791852 0.0 0.791852 0.791852 0.0 0.0030286 0.0022518 0.999872 0.976409 0.791852 0.395119 0.791503 0.0 0.0 0.791852 0.791852 0.791852 0.791852 0.791852 0.0 0.0 0.0 0.102651 0.0 0.829097 0.0 0.0 0.0 0.853294 0.45382 0.0 0.0 0.0861126 0.388727 0.791852 0.791852 0.0 0.0 0.791852 0.791846 0.817551 0.88058
0.0 0.0 0.0 0.0 0.0 0.0 0.0 0.0 0.0 0.0 0.0 0.0 0.0 0.0 0.0 0.0 0.0 0.0 0.0 0.0 0.0 0.0 0.0 0.0 0.0 0.0 0.0 0.0 0.0 0.0 0.0 0.0 0.0 0.0 0.0 0.0 0.0 0.0 0.0 0.0 0.0 0.0 0.0 0.0 0.0 0.0 0.0 0.0 0.0 0.997837 0.0 0.0 0.0 0.0 0.0 0.0 0.0 0.0 0.0 0.0 0.0 0.0 0.0 0.0
0.0 0.0 0.0 0.0 0.0 0.0 0.0 0.0 0.0 0.0 0.0 0.0 0.0 0.0 0.0 0.0 0.0 0.0 0.0 0.0 0.0 0.0 0.0 0.0 0.0 0.0 0.0 0.0 0.0 0.0 0.0 0.0 0.0 0.0 0.0 0.0 0.0 0.0 0.0 0.0 0.0 0.0 5.96046e-08 0.0 0.0 1.19209e-07 0.0 0.999995 0.0 0.739694 0.0 0.0 0.0 0.0 0.0 0.0 0.0 0.0 0.0 0.0 0.0 0.0 0.0 0.0
0.0 0.0 0.984805 0.0 0.0 0.0 0.0 0.0 0.0 0.0 0.0 0.0 0.0 0.0 0.0 0.0 0.0 0.0 0.0 0.0 0.0 0.0 0.0 0.0 0.0 0.0 0.0 0.0 0.0 0.0 0.0 0.0 0.0 0.0 0.0 0.0 0.0 0.0 0.0 0.0 0.0 0.0 0.999968 1.0 0.0 0.123952 0.0 5.96046e-08 0.0 1.0 0.0 0.0 0.0 0.0 0.0 0.0 0.0 0.0 0.0 0.0 0.0 0.0 0.0 0.0
0.0 0.710041 0.0 0.797625 0.797625 0.836821 0.0 0.797625 0.797625 0.0 0.0 0.0 0.00795192 0.0 0.000413507 0.797625 0.0 0.0 0.797625 0.0 0.0 0.0291284 0.797625 0.0 0.797625 0.797625 0.0 0.00410965 0.00226784 0.999876 0.977211 0.797625 0.529848 0.797283 0.0 0.0 0.797625 0.797625 0.797625 0.797625 0.797625 0.0 0.0 0.0 0.105957 0.0 0.834053 0.0 0.0 0.0 0.857669 0.462605 8.9407e-08 0.0 0.0889387 0.397169 0.797625 0.797625 0.0 0.0 0.797625 0.797619 0.801126 0.884252
0.0 0.0 0.0 0.0 0.0 0.0 0.0 0.0 0.0 0.0 0.0 0.0 0.0 0.0 0.192706 0.0 0.0 0.0 0.0 0.0 0.0 0.0 0.0 0.0 0.0 0.0 0.0 0.0 0.0 0.0 0.0 0.0 0.0 0.0 0.0 0.0 0.0 0.0 0.0 0.0 0.0 0.0 0.0 0.0 6.82473e-06 0.0 0.0 0.0 0.0 0.0 0.0 0.0 0.0 0.0 0.0 0.0 0.0 0.0 0.0 0.0 0.0 0.0 0.0 0.0
0.0 0.00114816 0.0 0.00184673 0.00184673 0.00240153 0.0 0.00184673 0.00184673 0.0 0.0 0.0 3.78489e-06 0.0 2.08616e-07 0.00184673 0.0 0.0 0.00184673 0.0 0.00680304 9.50694e-06 0.00184673 0.0 0.00184673 0.00184673 0.0 1.49012e-06 0.99993 0.79182 0.0197314 0.00184673 0.000317514 0.00188282 0.0 0.0 0.00184673 0.00184673 0.00184673 0.00184673 0.00184673 0.0 0.0 0.0 5.57005e-05 0.0 0.00235373 0.0 0.0 0.0 0.0292753 0.000403911 0.0 0.0 4.5836e-05 0.0318963 0.00184673 0.00184673 0.0 0.0 0.00184673 0.0018467 0.00331509 0.00357333
0.0 0.700508 0.0 0.79012 0.79012 0.830461 0.0 0.79012 0.79012 0.0 0.0 0.0 0.00759816 0.0 0.000153542 0.79012 0.0 0.0 0.79012 0.0 0.0 0.0147977 0.79012 0.0 0.79012 0.79012 0.0 0.0026913 0.00222847 0.999871 0.976166 0.79012 0.37534 0.789769 0.0 0.0 0.79012 0.79012 0.79012 0.79012 0.79012 0.0 0.0 0.0 0.101691 0.0 0.817993 0.0 0.0 0.0 0.851977 0.451225 2.98023e-08 0.0 0.0852806 0.386241 0.79012 0.79012 0.0 0.0 0.79012 0.790115 0.815984 0.879474
0.0 0.0 0.0 0.0 0.0 0.0 0.0 0.0 0.0 0.0 0.0 0.0 0.0 0.0 0.0 0.0 0.0 0.0 0.0 0.0 0.0 0.0 0.0 0.0 0.0 0.0 0.0 0.0 0.0 0.0 0.0 0.0 0.0 0.0 0.0 0.0 0.0 0.0 0.0 0.0 0.0 0.0 0.0 0.0 0.0 0.0 0.0 0.0 0.0 0.0 0.0 0.0 0.0 1.0 0.0 0.0 0.0 0.0 0.0 0.0 0.0 0.0 0.0 0.0
0.0 0.0 1.0 0.0 0.0 0.0 0.0 0.0 0.0 0.0 0.0 0.0 0.0 0.0 0.0 0.0 0.0 0.0 0.0 0.0 0.0 0.0 0.0 0.0 0.0 0.0 0.0 0.0 0.0 0.0 0.0 0.0 0.0 0.0 0.0 6.90222e-05 0.0 0.0 0.0 0.0 0.0 0.0 0.0 0.0 0.0 0.0 0.0 0.0 0.0 0.0 0.0 0.0 0.0 0.0 0.0 0.0 0.0 0.0 0.0 0.0 0.0 0.0 0.0 0.0
0.0 0.0 0.0 0.0 0.0 0.0 0.0 0.0 0.0 0.0 0.0 0.0 0.0 0.0 0.999714 0.0 0.0 0.0329622 0.0 1.0 0.0 0.0 0.0 0.0 0.0 0.0 0.0 0.0 1.78814e-07 1.49012e-07 0.0 0.0 0.0 0.0 0.0 0.0 0.0 0.0 0.0 0.0 0.0 0.0 0.0 0.0 0.0 0.0 0.0 0.0 0.0 0.0 0.0 0.0 0.0 0.0 8.9407e-08 0.0 0.0 0.0 0.080379 0.0 0.0 0.0 0.0 0.0
0.0 0.0 0.0 0.0 0.0 5.96046e-08 0.0 0.0 0.0 0.0 0.0 0.0 0.0 0.0 0.0 0.0 0.0 0.0 0.0 0.0 1.0 8.64267e-07 0.0 0.0 0.0 0.0 0.0 0.0 0.589216 2.57492e-05 1.78814e-07 0.0 4.05312e-06 0.0 0.0 0.0 0.0 0.0 0.0 0.0 0.0 0.0 0.0 0.0 0.0 0.0 2.98023e-08 0.0 0.0 0.0 0.0 0.0 0.0 0.0 0.0 1.19209e-07 0.0 0.0 0.0 0.0 0.0 0.0 0.0 2.98023e-08
0.0 0.0 0.0 0.0 0.0 0.0 0.0 0.0 0.0 0.0666371 0.0 1.0 0.0 0.0 0.0 0.0 0.0 0.0 0.0 0.0 0.0 0.0 0.0 6.55651e-07 0.0 0.0 0.0 0.0 0.0 0.0 0.0 0.0 0.0 0.0 0.0 0.0 0.0 0.0 0.0 0.0 0.0 0.0 0.0 0.0 0.0 0.0 0.0 0.0 0.0 0.0 0.0 0.0 0.0 0.0 0.0 0.0 0.0 0.0 0.0 0.0 0.0 0.0 0.0 0.0
0.0 0.702701 0.0 0.791852 0.791852 0.831931 0.0 0.791852 0.791852 0.0 0.0 0.0 0.00767758 0.0 0.000379294 0.791852 0.0 0.0 0.791852 0.0 0.0 0.0163966 0.791852 0.0 0.791852 0.791852 0.0 0.0030286 0.0022518 0.999872 0.976409 0.791852 0.395119 0.791503 0.0 0.0 0.791852 0.791852 0.791852 0.791852 0.791852 0.0 0.0 0.0 0.102651 0.0 0.829097 0.0 0.0 0.0 0.853294 0.45382 0.0 0.0 0.0861126 0.388727 0.791852 0.791852 0.0 0.0 0.791852 0.791846 0.817551 0.88058
0.0 0.702701 0.0 0.791852 0.791852 0.831931 0.0 0.791852 0.791852 0.0 0.0 0.0 0.00767758 0.0 0.000379294 0.791852 0.0 0.0 0.791852 0.0 0.0 0.0163966 0.791852 0.0 0.791852 0.791852 0.0 0.0030286 0.0022518 0.999872 0.976409 0.791852 0.395119 0.791503 0.0 0.0 0.791852 0.791852 0.791852 0.791852 0.791852 0.0 0.0 0.0 0.102651 0.0 0.829097 0.0 0.0 0.0 0.853294 0.45382 0.0 0.0 0.0861126 0.388727 0.791852 0.791852 0.0 0.0 0.791852 0.791846 0.817551 0.88058
0.0 0.702657 0.0 0.791876 0.791876 0.831951 0.0 0.791876 0.791876 0.0 0.0 0.0 0.00767866 0.0 0.000379384 0.791876 0.0 0.0 0.791876 0.0 0.0 0.0163989 0.791876 0.0 0.791876 0.791876 0.0 0.00302908 0.0022521 0.999872 0.976412 0.791876 0.395154 0.791527 0.0 0.0 0.791876 0.791876 0.791876 0.791876 0.791876 0.0 0.0 0.0 0.102665 0.0 0.829118 0.0 0.0 0.0 0.853312 0.454501 2.98023e-08 0.0 0.0861242 0.388762 0.791876 0.791876 0.0 0.0 0.791876 0.791871 0.817573 0.880595
0.0 0.0 0.0 0.0 0.0 0.0 0.160461 0.0 0.0 1.0 0.0 0.942388 0.0 0.0 0.0 0.0 0.0 0.0 0.0 0.0 0.0 0.0 0.0 0.999904 0.0 0.0 0.0 0.0 0.0 0.0 0.0 0.0 0.0 0.0 0.0 0.0 0.0 0.0 0.0 0.0 0.0 0.0 0.0 0.0 0.0 0.0 0.0 0.0 0.0 0.0 0.0 0.0 0.0 0.0 0.0 0.0 0.0 0.0 0.0 0.0 0.0 0.0 0.0 0.0
0.0 0.0 0.0 0.0 0.0 0.0 0.0 0.0 0.0 0.866597 0.0 1.0 0.0 0.0 0.0 0.0 0.0 0.0 0.0 0.0 0.0 0.0 0.0 7.7486e-07 0.0 0.0 0.0 0.0 0.0 0.0 0.0 0.0 0.0 0.0 0.0 0.0 0.0 0.0 0.0 0.0 0.0 0.0 0.0 0.0 0.0 0.0 0.0 0.0 0.0 0.0 0.0 0.0 0.0 0.0 0.0 0.0 0.0 0.0 0.0 0.0 0.0 0.0 0.0 0.0
0.0 0.702701 0.0 0.791852 0.791852 0.831931 0.0 0.791852 0.791852 0.0 0.0 0.0 0.00767758 0.0 0.000379294 0.791852 0.0 0.0 0.791852 0.0 0.0 0.0163966 0.791852 0.0 0.791852 0.791852 0.0 0.0030286 0.0022518 0.999872 0.976409 0.791852 0.395119 0.791503 0.0 0.0 0.791852 0.791852 0.791852 0.791852 0.791852 0.0 0.0 0.0 0.102651 0.0 0.829097 0.0 0.0 0.0 0.853294 0.45382 0.0 0.0 0.0861126 0.388727 0.791852 0.791852 0.0 0.0 0.791852 0.791846 0.817551 0.88058
0.0 0.0 0.0 0.0 0.0 0.0 0.0 0.0 0.0 0.0 0.0 0.0 0.0 0.0 0.0 0.0 1.0 0.0 0.0 0.0 0.0 0.0 0.0 0.0 0.0 0.0 0.0 0.0 0.0 0.0 0.0 0.0 0.0 0.0 0.0 0.858493 0.0 0.0 0.0 0.0 0.0 0.0 0.0 0.0 0.0 0.0 0.0 0.0 0.0 0.0 0.0 0.0 0.0 0.0 0.0 0.0 0.0 0.0 0.0 0.0 0.0 0.0 0.0 0.0
0.0 0.702701 0.0 0.791852 0.791852 0.831931 0.0 0.791852 0.791852 0.0 0.0 0.0 0.00767758 0.0 0.000379294 0.791852 0.0 0.0 0.791852 0.0 0.0 0.0163966 0.791852 0.0 0.791852 0.791852 0.0 0.0030286 0.0022518 0.999872 0.976409 0.791852 0.395119 0.791503 0.0 0.0 0.791852 0.791852 0.791852 0.791852 0.791852 0.0 0.0 0.0 0.102651 0.0 0.829097 0.0 0.0 0.0 0.853294 0.45382 0.0 0.0 0.0861126 0.388727 0.791852 0.791852 0.0 0.0 0.791852 0.791846 0.817551 0.88058
0.0 0.894662 0.0 0.724567 0.724567 0.788576 0.0 0.724567 0.724567 0.0 0.0 0.0 0.00532159 0.0 0.00026232 0.724567 0.0 0.0 0.724567 0.0 0.0 0.0113958 0.724567 0.0 0.724567 0.724567 0.0 0.00209624 0.00155818 0.999853 0.967291 0.724567 0.311152 0.724144 0.0 0.0 0.724567 0.724567 0.724567 0.724567 0.724567 0.0 0.0 0.0 0.0733047 0.0 0.770361 0.0 0.0 0.0 0.800876 0.732161 0.0 0.0 0.0611718 0.305432 0.724567 0.724567 0.0 0.0 0.724567 0.724735 0.756014 0.837027
0.0 3.99351e-06 0.0 7.15256e-07 7.15256e-07 1.10269e-06 1.0 7.15256e-07 7.15256e-07 0.0 0.0 0.0 0.0 0.0 0.0 7.15256e-07 0.0 0.0 7.15256e-07 0.0 0.0 0.0 7.15256e-07 0.998371 7.15256e-07 7.15256e-07 0.0 0.0 0.0 0.000523239 2.32458e-06 7.15256e-07 1.19209e-07 7.15256e-07 0.0 0.0 7.15256e-07 7.15256e-07 7.15256e-07 7.15256e-07 7.15256e-07 0.0 0.0 0.0 5.96046e-08 0.0 9.23872e-07 0.0 0.0 0.0 1.10269e-06 1.81496e-05 0.0 0.0 5.96046e-08 1.19209e-07 7.15256e-07 7.15256e-07 0.0 0.0 7.15256e-07 7.15256e-07 8.34465e-07 1.3411e-06
0.0 1.0 0.0 1.0 1.0 1.0 0.0 1.0 1.0 0.0 0.0 0.0 1.0 2.98023e-08 0.999995 1.0 0.0 0.0 1.0 0.0 0.999797 1.0 1.0 0.0 1.0 1.0 0.0 0.999999 1.0 1.0 1.0 1.0 1.0 1.0 0.0 0.0 1.0 1.0 1.0 1.0 1.0 0.0 0.0 0.0 1.0 0.0 1.0 0.0 0.0 0.0 1.0 1.0 0.912162 0.0 1.0 1.0 1.0 1.0 0.0 0.0 1.0 1.0 1.0 1.0
0.0 0.0 0.0 0.0 0.0 0.0 0.0 0.0 0.0 0.0 0.999983 0.0 0.0 0.0 0.0 0.0 0.0 0.0 0.0 0.0 0.0 0.0 0.0 0.0 0.0 0.0 0.0 0.0 0.0 0.0 0.0 0.0 0.0 0.0 0.0 0.0 0.0 0.0 0.0 0.0 0.0 0.0 0.0 0.0 0.0 0.0 0.0 0.0 0.0 0.0 0.0 0.0 0.0 0.0 0.0 0.0 0.0 0.0 0.0 0.0 0.0 0.0 0.0 0.0
0.0 0.0 0.0 0.0 0.0 0.0 0.0 0.0 0.0 0.0 0.0 0.0 0.0 0.0 0.0 0.0 0.0 0.0 0.0 0.0 0.0 0.0 0.0 0.0 0.0 0.0 0.0 0.0 0.0 0.0 0.0 0.0 0.0 0.0 0.0 1.0 0.0 0.0 0.0 0.0 0.0 0.0 0.0 0.0 0.0 0.0 0.0 0.0 0.0 0.0 0.0 0.0 0.0 0.0 0.0 0.0 0.0 0.0 0.0 0.0 0.0 0.0 0.0 0.0
0.0 0.702701 0.0 0.791852 0.791852 0.831931 0.0 0.791852 0.791852 0.0 0.0 0.0 0.00767758 0.0 0.000379294 0.791852 0.0 0.0 0.791852 0.0 0.0 0.0163966 0.791852 0.0 0.791852 0.791852 0.0 0.0030286 0.0022518 0.999872 0.976409 0.791852 0.395119 0.791503 0.0 0.0 0.791852 0.791852 0.791852 0.791852 0.791852 0.0 0.0 0.0 0.102651 0.0 0.829097 0.0 0.0 0.0 0.853294 0.45382 0.0 0.0 0.0861126 0.388727 0.791852 0.791852 0.0 0.0 0.791852 0.791846 0.817551 0.88058
1.0 0.0 0.0 0.0 0.0 0.0 0.0 0.0 0.0 0.0 0.0 0.0 0.0 0.0 0.0 0.0 0.0 0.0 0.0 0.0 0.0 0.0 0.0 0.0 0.0 0.0 0.0 0.0 0.0 0.0 0.0 0.0 0.0 0.0 0.0 6.16908e-06 0.0 0.0 0.0 0.0 0.0 0.00272381 0.0 0.0 0.0 0.0 0.0 0.0 0.0 0.0 0.0 0.0 0.0 0.0 0.0 0.0 0.0 0.0 0.0 0.0 0.0 0.0 0.0 0.0
0.0 0.0340468 0.0 0.0536846 0.0536846 0.0687402 0.0 0.0536846 0.0536846 0.0 0.0 0.0 0.000115812 0.0 7.92146e-05 0.0536846 0.0 0.0 0.0536846 0.0 0.0 0.00134319 0.0536846 0.0 0.0536846 0.0536846 0.0 0.000257701 3.36766e-05 0.992913 0.381891 0.0536846 0.0206102 0.0535771 0.0 0.0 0.0536846 0.0536846 0.0536846 0.0536846 0.0536846 0.0 0.0 0.0 0.00170377 0.0 0.0563443 0.0 0.0 0.0 0.0798119 0.0121604 0.0 0.0 0.00152266 0.00939408 0.0536846 0.0536846 0.0 0.0 0.0536846 0.0536829 0.0626361 0.0990664
0.0 0.0 0.0 0.0 0.0 0.0 0.0 0.0 0.0 0.0 0.0 0.0 0.0 0.0 0.0 0.0 0.0 0.0 0.0 0.0 0.0 0.0 0.0 0.0 0.0 0.0 0.0 0.0 0.0 0.0 0.0 0.0 0.0 0.0 0.0 0.0 0.0 0.0 0.0 0.0 0.0 0.0 0.0 0.0 0.0 0.999979 0.0 0.0 0.0 0.00503168 0.0 0.0 0.0 0.0 0.0 0.0 0.0 0.0 0.0 0.0 0.0 0.0 0.0 0.0
0.0 0.702701 0.0 0.791852 0.791852 0.831931 0.0 0.791852 0.791852 0.0 0.0 0.0 0.00767758 0.0 0.000379294 0.791852 0.0 0.0 0.791852 0.0 0.0 0.0163966 0.791852 0.0 0.791852 0.791852 0.0 0.0030286 0.0022518 0.999872 0.976409 0.791852 0.395119 0.791503 0.0 0.0 0.791852 0.791852 0.791852 0.791852 0.791852 0.0 0.0 0.0 0.102651 0.0 0.829097 0.0 0.0 0.0 0.853294 0.45382 0.0 0.0 0.0861126 0.388727 0.791852 0.791852 0.0 0.0 0.791852 0.791846 0.817551 0.88058
0.0 0.122317 0.0 0.183211 0.183211 0.22592 0.0 0.183211 0.183211 0.0 0.0 0.0 0.000455678 0.960795 5.38826e-05 0.183211 0.0 0.0 0.183211 0.0 1.57952e-06 0.0696377 0.183211 0.0 0.183211 0.183211 0.0 0.999963 0.999085 0.998139 0.709333 0.183211 0.124005 0.180464 0.0 0.0 0.183211 0.183211 0.183211 0.183211 0.183211 0.0 0.0 0.0 0.00669974 0.0 0.210439 0.0 1.0 0.0 0.19608 0.0467031 0.349926 0.0 0.00552478 0.729254 0.183211 0.183211 0.0 0.0 0.183211 0.183206 0.197222 0.303025
0.0 0.702701 0.0 0.791852 0.791852 0.831931 0.0 0.791852 0.791852 0.0 0.0 0.0 0.00767758 0.0 0.000379294 0.791852 0.0 0.0 0.791852 0.0 0.0 0.0163966 0.791852 0.0 0.791852 0.791852 0.0 0.0030286 0.0022518 0.999872 0.976409 0.791852 0.395119 0.791503 0.0 0.0 0.791852 0.791852 0.791852 0.791852 0.791852 0.0 0.0 0.0 0.102651 0.0 0.829097 0.0 0.0 0.0 0.853294 0.45382 0.0 0.0 0.0861126 0.388727 0.791852 0.791852 0.0 0.0 0.791852 0.791846 0.817551 0.88058
0.0 0.0 0.0 0.0 0.0 0.0 0.562319 0.0 0.0 0.999995 0.0 0.0 0.0 0.0 0.0 0.0 0.0 0.0 0.0 0.0 0.0 0.0 0.0 0.999985 0.0 0.0 0.0 0.0 0.0 0.0 0.0 0.0 0.0 0.0 0.0 0.0 0.0 0.0 0.0 0.0 0.0 0.0 0.0 0.0 0.0 0.0 0.0 0.0 0.0 0.0 0.0 0.0 0.0 0.0 0.0 0.0 0.0 0.0 0.0 0.0 0.0 0.0 0.0 0.0
0.0 0.0 0.0 0.0 0.0 0.0 0.0 0.0 0.0 0.0 0.0 0.0 0.0 0.0 0.0 0.0 0.0 4.50313e-05 0.0 0.0 0.0 0.0 0.0 0.0 0.0 0.0 0.0 0.0 0.0 0.0 0.0 0.0 0.0 0.0 0.0 0.0 0.0 0.0 0.0 0.0 0.0 0.0 0.0 0.0 0.0 0.0 0.0 0.0 0.0 0.0 0.0 0.0 0.0 0.0 0.0 0.0 0.0 0.0 0.0 0.00164005 0.0 0.0 0.0 0.0
0.0 0.702701 0.0 0.791852 0.791852 0.831931 0.0 0.791852 0.791852 0.0 0.0 0.0 0.00767758 0.0 0.000379294 0.791852 0.0 0.0 0.791852 0.0 0.0 0.0163966 0.791852 0.0 0.791852 0.791852 0.0 0.0030286 0.0022518 0.999872 0.976409 0.791852 0.395119 0.791503 0.0 0.0 0.791852 0.791852 0.791852 0.791852 0.791852 0.0 0.0 0.0 0.102651 0.0 0.829097 0.0 0.0 0.0 0.853294 0.45382 0.0 0.0 0.0861126 0.388727 0.791852 0.791852 0.0 0.0 0.791852 0.791846 0.817551 0.88058
0.0 0.702701 0.0 0.791852 0.791852 0.831931 0.0 0.791852 0.791852 0.0 0.0 0.0 0.00767758 0.0 0.000379294 0.791852 0.0 0.0 0.791852 0.0 0.0 0.0163966 0.791852 0.0 0.791852 0.791852 0.0 0.0030286 0.0022518 0.999872 0.976409 0.791852 0.395119 0.791503 0.0 0.0 0.791852 0.791852 0.791852 0.791852 0.791852 0.0 0.0 0.0 0.102651 0.0 0.829097 0.0 0.0 0.0 0.853294 0.45382 0.0 0.0 0.0861126 0.388727 0.791852 0.791852 0.0 0.0 0.791852 0.791846 0.817551 0.88058
0.0 0.0 0.0 0.0 0.0 0.0 0.0 0.0 0.0 0.0 0.0 0.0 0.0 0.0 0.0 0.0 0.999918 0.0 0.0 0.0 0.0 0.0 0.0 0.0 0.0 0.0 0.0 0.0 0.0 0.0 0.0 0.0 0.0 0.0 0.0 0.00539908 0.0 0.0 0.0 0.0 0.0 0.0 0.0 0.0 0.0 0.0 0.0 0.0 0.0 0.0 0.0 0.0 0.0 0.0 0.0 0.0 0.0 0.0 0.0 0.0 0.0 0.0 0.0 0.0
0.0 0.790656 0.0 0.858734 0.858734 0.88776 0.0 0.858734 0.858734 0.0 0.0 0.0 0.000370562 0.0 0.00030911 0.858734 0.0 0.0 0.858734 0.0 0.0 0.0259458 0.858734 0.0 0.858734 0.858734 0.0 0.00483066 0.00359327 0.999917 0.985105 0.858734 0.510671 0.858477 0.0 0.0 0.858734 0.858734 0.858734 0.858734 0.858734 0.0 0.0 0.0 0.161171 0.0 0.893778 0.0 0.0 0.0 0.902855 0.570444 1.19209e-07 0.0 0.0752856 0.504006 0.858734 0.858734 0.0 0.0 0.858734 0.85873 0.877454 0.920133
0.0 0.0 0.0 0.0 0.0 0.0 1.0 0.0 0.0 0.0161465 0.0 0.0 0.0 0.0 0.0 0.0 0.0 0.0 0.0 0.0 0.0 0.0 0.0 1.0 0.0 0.0 0.0 0.0 0.0 0.0 0.0 0.0 0.0 0.0 0.0 0.0 0.0 0.0 0.0 0.0 0.0 0.0 0.0 0.0 0.0 0.0 0.0 0.0 0.0 0.0 0.0 0.0 0.0 0.0 0.0 0.0 0.0 0.0 0.0 0.0 0.0 0.0 0.0 0.0
0.0 0.702701 0.0 0.791852 0.791852 0.831931 0.0 0.791852 0.791852 0.0 0.0 0.0 0.00767758 0.0 0.000379294 0.791852 0.0 0.0 0.791852 0.0 0.0 0.0163966 0.791852 0.0 0.791852 0.791852 0.0 0.0030286 0.0022518 0.999872 0.976409 0.791852 0.395119 0.791503 0.0 0.0 0.791852 0.791852 0.791852 0.791852 0.791852 0.0 0.0 0.0 0.102651 0.0 0.829097 0.0 0.0 0.0 0.853294 0.45382 0.0 0.0 0.0861126 0.388727 0.791852 0.791852 0.0 0.0 0.791852 0.791846 0.817551 0.88058
0.0 0.973097 0.0 0.972733 0.972733 0.979436 0.0 0.972733 0.972733 0.0 0.0 0.0 0.0661234 0.0 0.00336689 0.972733 0.0 0.0 0.972733 0.0 0.0 0.135189 0.972733 0.0 0.972733 0.972733 0.0 0.0276982 0.0207253 0.999988 0.9968 0.972733 0.85966 0.972677 0.0 0.0 0.972733 0.972733 0.972733 0.972733 0.972733 0.0 0.0 0.0 0.430726 0.0 0.978491 0.0 0.0 0.0 0.981996 0.917924 1.19209e-07 0.0 0.469105 0.856393 0.972733 0.972733 0.0 0.0 0.972733 0.972737 0.976755 0.986631
0.0 0.702701 0.0 0.791852 0.791852 0.831931 0.0 0.791852 0.791852 0.0 0.0 0.0 0.00767758 0.0 0.000379294 0.791852 0.0 0.0 0.791852 0.0 0.0 0.0163966 0.791852 0.0 0.791852 0.791852 0.0 0.0030286 0.0022518 0.999872 0.976409 0.791852 0.395119 0.791503 0.0 0.0 0.791852 0.791852 0.791852 0.791852 0.791852 0.0 0.0 0.0 0.102651 0.0 0.829097 0.0 0.0 0.0 0.853294 0.45382 0.0 0.0 0.0861126 0.388727 0.791852 0.791852 0.0 0.0 0.791852 0.791846 0.817551 0.88058
0.0 0.8436 0.0 0.85301 0.85301 0.882889 0.0 0.85301 0.85301 0.0 0.0 0.0 0.0116647 0.0 0.000578701 0.85301 0.0 0.0 0.85301 0.0 0.0 0.0247984 0.85301 0.0 0.85301 0.85301 0.0 0.00461265 0.00343096 0.999908 0.982949 0.85301 0.49911 0.852745 0.0 0.0 0.85301 0.85301 0.85301 0.85301 0.85301 0.0 0.0 0.0 0.139352 0.0 0.880957 0.0 0.0 0.0 0.898708 0.693475 2.98023e-08 0.0 0.125674 0.492405 0.85301 0.85301 0.0 0.0 0.85301 0.853012 0.872376 0.917905
0.0 1.0 0.00869051 1.0 1.0 1.0 0.997641 1.0 1.0 0.0 0.0 0.0 1.0 1.0 1.0 1.0 0.0 0.0 1.0 0.0 0.876514 1.0 1.0 0.0 1.0 1.0 0.0 1.0 1.0 1.0 1.0 1.0 1.0 1.0 0.0 0.0 1.0 1.0 1.0 1.0 1.0 0.0 0.0 0.0 1.0 0.0 1.0 0.0 0.000116557 0.0 1.0 1.0 1.0 0.0 1.0 1.0 1.0 1.0 0.0 0.0 1.0 1.0 1.0 1.0
0.0 0.0 0.0 0.0 0.0 0.0 0.0 0.0 0.0 0.0 0.0 0.0 0.0 0.0 0.0 0.0 0.0 0.0 0.0 0.0 1.84774e-06 0.0 0.0 0.0 0.0 0.0 0.0 0.0 0.0 0.0 0.0 0.0 0.0 0.0 0.0 0.0 0.0 0.0 0.0 0.0 0.0 0.0 0.0 0.0 0.0 0.0 0.0 0.0 0.0 0.0 0.0 0.0 0.0 0.0 0.0 0.0 0.0 0.0 0.994973 0.0 0.0 0.0 0.0 0.0
37 21 27 61 36 18 56 58 16 43 2 51 25 38 8 29 26 35 59 9 46 62 5 20 53 11 1 7 54 52 12 47 33 22 44 15 50 17 13 45 4 32 24 40 31 49 42 0 57 60 28 6 3 48 10 41 23 39 19 34 63 30 14 55
