8
0.388732 0.0 0.0 0.0 0.0 0.0 0.0 0.0 0.0 0.0 6.4373e-06 0.0 0.0 0.0 0.0 2.38419e-07 0.0 0.0 0.0 0.0 0.0 0.000282407 0.0 0.0 0.0 0.0 0.0 0.0 0.0 0.0 0.0 0.0 0.0 0.0 0.0 0.0 0.0 7.7486e-07 0.0 0.0 0.0 0.0 0.0 0.0 0.0 0.0 0.0 0.0 0.0 0.0 0.0 0.0 0.0 0.000848174 0.0 0.0 0.0 0.0 0.0191449 0.0 0.0 0.0 2.08616e-07 0.0
0.0 4.15742e-05 0.0 0.0 1.16527e-05 9.88841e-05 0.0 1.37091e-06 0.0 0.0 0.0 8.57115e-05 0.0 0.0 0.0 0.0 1.49012e-07 0.0 0.0 0.0 0.0 0.0 0.0 0.0 0.99232 0.0 0.0 0.0 0.0 0.0 0.0 0.0 8.15392e-05 0.0 0.0 0.0 2.98023e-08 0.0 3.8743e-07 0.0 0.0 0.0 4.17233e-07 0.0 0.0 0.0 0.0 0.0 0.0 4.88758e-06 0.0 5.96046e-08 0.0 0.0 0.0 1.84774e-06 0.0 0.0 0.0 0.0 0.0 0.0 0.0 0.0
0.0 0.0 0.0 0.0 0.0 0.0 1.12355e-05 0.0 1.2517e-06 0.0 0.0 0.0 0.0 0.0 0.0 0.0 0.0 0.0 0.0 0.0 0.0 0.0 0.0 0.0 0.0 0.0 0.0 2.68221e-07 0.0 0.0 0.0 0.0 0.0 0.0 0.0 0.0 0.0 0.0 0.0 0.0 0.0 0.0 0.0 6.61612e-06 0.0 0.0 0.0 0.000221133 6.76513e-06 0.0 0.780152 0.0 0.0 0.0 0.0 0.0 0.0 0.0 0.0 0.0 0.0 0.0 0.0 0.0
0.0 0.0 0.999235 0.0 0.0 7.95722e-06 0.0 0.00294486 0.0 0.157618 0.0069229 0.0 0.0 0.0 0.328599 0.000132054 0.0 0.00359669 0.068174 0.0 0.0 0.0 0.0396455 0.0 0.0 0.0 0.0 0.0 0.0 0.000192493 0.0 0.0 4.65214e-05 0.0 0.0 0.0 0.678031 2.47359e-06 0.0 0.0 0.0 0.0 0.0 0.0 0.0 0.00348508 0.0 0.0 0.0 0.0 0.0 0.0 0.0 0.0 0.00719854 0.0 0.00135368 0.0 0.0 0.0 0.000825405 0.0105165 0.197997 0.0
0.0 0.0 0.0 0.0 0.0 0.0 0.0 0.0 0.0 0.0 0.0 0.0 2.98023e-07 0.0 0.0 0.0 0.0 0.0 0.0 0.0 0.0 0.0 0.0 0.0 0.0 0.0 0.0 0.0 0.0 0.0 0.0 0.0 0.0 2.563e-06 0.0 0.0 0.0 0.0 0.0 0.0 0.0 0.0 0.0 0.0 0.0 0.0 0.000143796 0.0 0.0 0.0 5.33462e-06 0.0 0.0 0.0 0.0 0.0 0.0 0.0 0.0 0.999959 0.0 0.0 0.0 0.0
1.43647e-05 0.0 1.2517e-06 0.0 0.0 0.0 0.0 0.0 0.0 2.98023e-05 0.999967 0.0 0.0 0.0 5.43594e-05 0.0119208 0.0 0.00901076 0.0 0.0 0.0 0.00876459 8.67248e-06 0.0 0.0 0.0 0.0 0.0 0.0 0.0 0.0 0.0 4.76837e-07 0.0 0.0 0.0 2.98023e-08 0.00174204 0.0 0.0 0.0 0.0 0.0 0.0 0.0 2.44379e-06 0.0 0.0 0.0 0.0 0.0 0.0 0.0 2.36332e-05 2.98023e-08 0.0 0.00851569 0.0 0.000653982 0.0 0.0 0.0012573 0.0034878 0.0
1.19209e-07 0.0 0.122529 0.0 0.0 3.57628e-07 0.0 8.9407e-08 0.0 0.780156 0.629436 0.0 0.0 0.0 0.86158 0.123152 0.0 0.267604 3.78489e-06 4.55976e-06 0.0 0.00434542 0.473856 0.0 0.0 0.0 0.0 0.0 0.0 2.47955e-05 0.0 0.0 3.31104e-05 0.0 0.0 0.0 0.000567436 0.550301 0.0 0.0 0.0 0.0 0.0 0.0 0.0 0.02292 0.0 0.0 0.0 0.0 0.0 0.0 0.0 0.000190228 0.000371367 0.0 0.995081 0.0 7.16448e-05 0.0 4.75049e-05 0.991834 0.303048 0.0
5.96046e-08 0.0 0.061293 0.0 0.0 2.98023e-08 0.0 0.0 0.0 0.00153163 0.139564 0.0 0.0 0.0 0.0354098 0.997364 0.0 0.35168 0.0 2.98023e-08 0.0 0.000530869 0.00441581 0.0 0.0 0.0 0.0 0.0 0.0 0.000177473 0.0 0.0 2.98023e-07 0.0 0.0 0.0 2.17855e-05 0.00546774 0.0 0.0 0.0 0.0 0.0 0.0 0.0 0.0240555 0.0 0.0 0.0 0.0 0.0 0.0 0.0 6.97374e-06 5.95152e-05 0.0 0.0371192 0.0 1.38581e-05 0.0 3.47495e-05 0.0160714 0.770614 0.0
0.0 0.0 0.0 0.0 0.0 0.0 0.9972 0.0 5.22137e-05 0.0 0.0 0.0 0.0 0.0 0.0 0.0 0.0 0.0 0.0 0.0 0.0 0.0 0.0 0.0 0.0 0.0 0.0 5.66244e-07 0.0 0.0 0.0 0.0 0.0 0.0 0.0 0.0 0.0 0.0 0.0 0.0 0.0 0.0 0.0 0.000562906 0.0 0.0 0.0 3.90112e-05 1.19209e-07 0.0 0.0480014 0.0 0.0 0.0 0.0 0.0 0.0 0.0 0.0 0.0 0.0 0.0 0.0 0.0
3.46303e-05 0.0 0.00493792 0.0 0.0 0.0 0.0 0.0 0.0 0.0150207 0.106752 0.0 0.0 0.0 0.0331857 0.0543363 0.0 0.1494 4.47035e-07 1.06692e-05 0.0 0.173694 0.00195223 0.0 0.0 0.0 0.0 0.0 0.0 0.000413507 0.0 0.0 5.96046e-08 0.0 0.0 0.0 9.23872e-07 0.982577 0.0 0.0 0.0 0.0 0.0 0.0 0.0 0.0419852 0.0 0.0 0.0 0.0 0.0 0.0 0.0 0.00508752 0.00109857 0.0 0.763294 0.0 0.00208566 0.0 3.29614e-05 0.214444 0.245275 0.0
4.85778e-06 0.0 0.0 0.0 0.0 0.0 0.0 0.0 0.0 0.0 0.0 0.0 0.0 7.27177e-06 0.0 0.0 0.0 0.0 0.0 0.0 0.0 0.0 0.0 0.0 0.0 0.0 0.0 0.0 0.0 0.0 0.0 0.0 0.0 0.0 0.0 0.0 0.0 0.0 0.0 0.0 0.0 0.0 0.0 0.0 0.0 0.0 0.0 0.0 0.0 0.0 0.0 0.0 0.0 1.78814e-07 0.0 0.0 0.0 0.0 1.49012e-07 0.0 0.0 0.0 0.0 0.0
0.0 6.85453e-06 0.0 0.0 0.00040406 5.96046e-08 0.0 0.0 0.0 0.0 0.0 1.60933e-05 0.0 0.0 0.0 0.0 0.0791439 0.0 0.0 0.0 0.0 0.0 0.0 0.0 1.71661e-05 0.00547138 0.0 0.0 0.0 0.0 0.0 0.0 0.00264212 0.0 6.10948e-06 0.0 0.0 0.0 0.0 0.0 0.0 0.0 5.96046e-08 0.0 0.0 0.0 0.0 0.0 0.0 0.00251719 0.0 0.866041 0.0 0.0 0.0 0.993673 0.0 0.0 0.0 0.0 0.0 0.0 0.0 0.0
0.0 0.0 0.0 0.0 1.82986e-05 0.0 0.0 0.0 0.0 0.0 0.0 3.72529e-06 0.000358164 0.0 0.0 0.0 0.0 0.0 0.0 0.0 3.39746e-06 0.0 0.0 0.0 0.0 0.0 2.45869e-05 0.0 0.0 0.0 0.0 0.0 0.0 0.00211218 0.0 0.0 0.0 0.0 0.00454611 0.989578 0.0 0.0 2.98023e-08 0.0 0.0 0.0 1.92225e-05 0.0 0.0 0.0 0.0 0.0 1.19209e-07 0.0 0.0 0.0 0.0 0.0 0.0 0.0 0.0 0.0 0.0 0.0
0.0 0.0 0.0 0.0 0.0 0.0 0.00119928 0.0 0.00460976 0.0 0.0 0.0 0.0 0.0 0.0 0.0 0.0 0.0 0.0 0.0 0.0 0.0 0.0 0.0 0.0 0.0 0.0 0.00745109 0.0 0.0 0.0 0.0 0.0 0.0 0.0 0.0 0.0 0.0 0.0 0.0 2.2769e-05 0.0 0.0 0.997607 2.98023e-08 0.0 0.0 4.43459e-05 8.9407e-08 0.0 7.80821e-06 0.0 0.0 0.0 0.0 0.0 0.0 0.0 0.0 0.0 0.0 0.0 0.0 0.0
0.0982394 0.0 0.0 0.0 0.0 0.0 0.0 0.0 0.0 0.0 1.055e-05 0.0 0.0 0.0 0.0 8.9407e-08 0.0 0.0 0.0 0.0 0.0 8.97944e-05 0.0 0.0 0.0 0.0 0.0 0.0 0.0 0.0 0.0 0.0 0.0 0.0 0.0 0.0 0.0 7.15256e-07 0.0 0.0 0.0 0.0 0.0 0.0 0.0 0.0 0.0 0.0 0.0 0.0 0.0 0.0 0.0 0.000348091 0.0 0.0 0.0 0.0 0.00233141 0.0 0.0 0.0 5.96046e-08 0.0
0.0 0.0 0.0 0.0 0.0 0.0 0.0 0.0 0.0 0.0 0.0 0.0 0.0 0.0 0.0 0.0 0.0 0.0 0.0 0.0 0.0 0.0 0.0 0.0 0.0 0.0 0.0 0.0 0.0 0.0 0.0 0.0 0.0 0.0 0.0 0.0 0.0 0.0 0.0 0.0 0.0 0.0 0.0 0.0 0.0 0.0 0.0 0.0 1.0 0.0 5.74291e-05 0.0 0.0 0.0 0.0 0.0 0.0 0.0 0.0 0.0 0.0 0.0 0.0 0.0
0.0 0.0 0.00284392 0.0 0.0 0.0 0.0 2.34246e-05 0.0 4.91738e-06 3.45707e-05 0.0 0.0 0.0 1.47223e-05 1.01328e-06 0.0 0.0487959 0.0 1.52886e-05 0.0 0.0 2.49147e-05 0.0 1.49012e-07 0.0 0.0 0.0 0.0 0.000104159 0.0 0.0 2.08616e-07 0.0 0.0 0.0 0.0008322 1.49012e-07 0.0 0.0 0.0 0.0 0.0 0.0 0.0 0.068806 0.0 0.0 0.0 0.0 0.0 0.0 0.0 0.0 0.00104752 0.0 4.47035e-07 0.0 0.0 0.0 0.996642 2.98023e-07 0.309858 0.0
0.0 0.0 0.0 0.0 0.0 0.0 0.0 0.0 0.0 0.0 0.0 0.0 0.0 0.0 0.0 0.0 0.0 0.0 0.0 0.0 0.0 0.0 0.0 0.0 0.0 0.0 0.0 0.0 0.0 0.0 0.0 1.0 0.0 0.0 0.0 0.0 0.0 0.0 0.0 0.0 0.0 0.223246 0.0 0.0 0.0 0.0 0.0 0.0 0.0 0.0 0.0 0.0 0.0 0.0 0.0 0.0 0.0 0.0 0.0 0.0 0.0 0.0 0.0 0.0
0.0 0.0 0.919027 0.0 0.0 7.7486e-07 0.0 3.60608e-06 0.0 0.663729 0.0310939 0.0 0.0 0.0 0.984788 0.00330514 0.0 0.06191 4.01735e-05 0.0 0.0 8.64267e-07 0.923727 0.0 0.0 0.0 0.0 0.0 0.0 0.000134081 0.0 0.0 0.000137657 0.0 0.0 0.0 0.16148 0.000946999 0.0 0.0 0.0 0.0 0.0 0.0 0.0 0.116952 0.0 0.0 0.0 0.0 0.0 0.0 0.0 2.98023e-08 0.00547802 0.0 0.291281 0.0 0.0 0.0 0.00028035 0.691104 0.0655257 0.0
0.0632677 0.0 4.47035e-07 0.0 0.0 0.0 0.0 0.0 0.0 4.47035e-07 0.00364509 0.0 0.0 0.0 1.3411e-06 0.00301141 0.0 0.000214964 0.0 2.98023e-07 0.0 0.274756 8.9407e-08 0.0 0.0 0.0 0.0 0.0 0.0 2.68221e-07 0.0 0.0 0.0 0.0 0.0 0.0 0.0 0.014687 0.0 0.0 0.0 0.0 0.0 0.0 0.0 1.3113e-06 0.0 0.0 0.0 0.0 0.0 0.0 0.0 0.0226905 8.9407e-08 0.0 0.000489533 0.0 0.995401 0.0 0.0 2.81036e-05 0.00387943 0.0
0.0 6.25849e-07 0.0 0.0 0.0169395 0.0 0.0 0.0 0.0 0.0 0.0 0.000136435 0.0 0.0 0.0 0.0 0.994081 0.0 0.0 0.0 0.0 0.0 0.0 0.0 2.98023e-08 0.000496805 0.0 0.0 0.0 0.0 0.0 0.0 0.000168025 0.0 3.18289e-05 0.0 0.0 0.0 9.41753e-06 0.0 0.0 0.0 3.57628e-07 0.0 0.0 0.0 0.0 0.0 0.0 0.0884967 0.0 0.521141 4.73857e-06 0.0 0.0 0.00187209 0.0 0.0 0.0 0.0 0.0 0.0 0.0 0.0
0.00568268 0.0 0.0 0.0 0.0 0.0 0.0 0.0 0.0 0.0 5.96046e-08 0.0 0.0 0.0 0.0 0.0 0.0 0.0 0.0 0.0 0.0 3.27826e-07 0.0 0.0 0.0 0.0 0.0 0.0 0.0 0.0 0.0 0.0 0.0 0.0 0.0 0.0 0.0 0.0 0.0 0.0 0.0 0.0 0.0 0.0 0.0 0.0 0.0 0.0 0.0 0.0 0.0 0.0 0.0 1.30534e-05 0.0 0.0 0.0 0.0 0.000132322 0.0 0.0 0.0 0.0 0.0
0.0 0.0 0.129379 0.0 0.0 3.45707e-06 0.0 1.07288e-06 0.0 0.98349 0.0355626 0.0 0.0 0.0 0.714433 0.000777543 0.0 0.0863105 0.000261784 0.0 0.0 8.04663e-07 0.809222 0.0 0.0 0.0 0.0 0.0 0.0 8.52346e-06 0.0 0.0 0.000334263 0.0 0.0 0.0 0.0303868 0.00117493 0.0 0.0 0.0 0.0 0.0 0.0 0.0 0.0174859 0.0 0.0 0.0 0.0 0.0 0.0 0.0 5.96046e-08 0.0151667 0.0 0.391151 0.0 0.0 0.0 0.000193119 0.902855 0.114973 0.0
0.0 0.0 0.00415677 0.0 0.0 7.15256e-07 0.0 1.73151e-05 0.0 0.00366533 1.50502e-05 0.0 0.0 0.0 0.00146714 1.81496e-05 0.0 0.594642 0.00386125 0.0 0.0 8.9407e-08 0.00299671 0.0 0.0 0.0 0.0 0.0 0.0 2.43485e-05 0.0 0.0 8.61287e-05 0.0 0.0 0.0 0.00414622 1.5676e-05 0.0 0.0 0.0 0.0 0.0 0.0 0.0 0.00698632 0.0 0.0 0.0 0.0 0.0 0.0 0.0 0.0 0.998093 0.0 2.33352e-05 0.0 0.0 0.0 0.00466484 9.42051e-05 0.558845 0.0
0.0 0.0 0.179867 0.0 0.0 4.76837e-07 0.0 0.052214 0.0 0.00106743 0.000188917 0.0 0.0 0.0 0.00184038 1.19209e-07 0.0 0.00307721 0.000151038 0.0 0.0 0.0 0.00372633 0.0 4.23193e-06 0.0 0.0 0.0 0.0 2.3514e-05 0.0 0.0 0.0015687 0.0 0.0 0.0 0.98938 0.0 0.0 0.0 0.0 0.0 0.0 0.0 0.0 0.00126076 0.0 0.0 0.0 0.0 0.0 0.0 0.0 0.0 0.00350004 0.0 9.23872e-07 0.0 0.0 0.0 0.0022096 4.31538e-05 0.00639763 0.0
0.0 0.0 0.00543851 0.0 0.0 0.0 0.0 1.19209e-07 0.0 7.53701e-05 7.7486e-07 0.0 0.0 0.0 1.18911e-05 2.08616e-07 0.0 2.25306e-05 0.991802 0.0 0.0 0.0 3.01003e-06 0.0 0.0 0.0 0.0 0.0 0.0 1.78814e-07 0.0 0.0 0.000614673 0.0 0.0 0.0 0.00124425 0.0 0.0 0.0 0.0 0.0 0.0 0.0 0.0 1.78814e-07 0.0 0.0 0.0 0.0 0.0 0.0 0.0 0.0 0.00357693 0.0 1.19209e-07 0.0 0.0 0.0 8.9407e-08 2.65241e-06 0.00132191 0.0
0.0 0.0 0.0 0.999996 0.0 0.0 0.0 0.0 0.0 0.0 0.0 5.96046e-08 0.0 0.0 0.0 0.0 0.0 0.0 0.0 0.0 0.0 0.0 0.0 0.0 0.0 0.0 5.96046e-08 0.0 0.0 0.0 0.0 0.0 1.65105e-05 0.0 0.0 0.0 0.0 0.0 0.0 0.0 0.0 0.0 0.0 0.0 0.0 0.0 0.0 0.0 0.0 0.0 0.0 0.0 0.0 0.0 0.0 0.0 0.0 0.0 0.0 0.0 0.0 0.0 0.0 0.0
0.0 0.0 0.0 0.0 0.0 0.0 0.0 0.0 0.0 0.0 0.0 0.0 0.0 0.0 0.0 0.0 0.0 0.0 0.0 0.0 0.0 0.0 0.0 0.0 0.0 0.0 0.0 1.19209e-07 0.0 0.0 0.0 0.0 0.0 0.0 0.0 0.0 0.0 0.0 0.0 0.0 0.000586063 0.0 0.0 0.0 0.994107 0.0 0.0 0.0 0.0 0.0 0.0 0.0 0.0 0.0 0.0 0.0 0.0 0.0 0.0 0.0 0.0 0.0 0.0 0.0
0.0 0.988946 0.0 0.0 0.00466844 0.0 0.0 5.27501e-06 0.0 0.0 0.0 3.72231e-05 0.0 0.0 0.0 0.0 2.08616e-07 0.0 0.0 0.0 2.08616e-07 0.0 0.0 0.0 1.97589e-05 1.19209e-07 0.0 0.0 4.8697e-05 0.0 0.00045076 0.0 0.00144508 2.98023e-08 0.00660455 0.0 0.0 0.0 0.000148833 0.0 0.0 0.0 0.0189379 0.0 0.0 0.0 2.38419e-07 0.0 0.0 2.73585e-05 0.0 0.00472248 8.9407e-08 0.0 0.0 6.55651e-07 0.0 0.0 0.0 0.0 0.0 0.0 0.0 0.0
0.121789 0.0 3.27826e-07 0.0 0.0 0.0 0.0 0.0 0.0 6.25849e-07 0.0023692 0.0 0.0 0.0 2.17557e-06 0.00456071 0.0 0.000132829 0.0 1.19209e-07 0.0 0.0136631 1.49012e-07 0.0 0.0 0.0 0.0 0.0 0.0 0.000154257 0.0 0.0 0.0 0.0 0.0 0.0 0.0 0.0734454 0.0 0.0 0.0 0.0 0.0 0.0 0.0 3.09944e-05 0.0 0.0 0.0 0.0 0.0 0.0 0.0 0.0590183 2.08616e-07 0.0 0.000237286 0.0 0.200705 0.0 0.0 1.27852e-05 0.000376523 0.0
0.0 0.0 0.0 0.0 0.0 0.0 0.0 0.0 0.0 0.0 0.0 0.0 0.0 0.0 0.0 0.0 0.0 0.0 0.0 0.0 0.0 0.0 0.0 0.0 0.0 0.0 0.0 0.0 0.0 0.0 0.0 0.937185 0.0 0.0 0.0 0.0 0.0 0.0 0.0 0.0 0.0 0.996982 0.0 0.0 0.0 0.0 0.0 0.0 0.0 0.0 0.0 0.0 0.0 0.0 0.0 0.0 0.0 0.0 0.0 0.0 0.0 0.0 0.0 0.0
0.0 0.0 0.0 0.0 0.0 0.0 0.0 0.0 0.0 0.0 0.0 0.0 0.0 0.0 0.0 0.0 0.0 0.0 0.0 0.0 0.0 0.0 0.0 0.0 0.0 0.0 0.0 0.0 0.0 0.0 0.0 0.0 0.0 0.0 0.0 0.0 0.0 0.0 0.0 0.0 0.0 0.0 0.0 0.0 0.0 0.0 0.0 0.0 0.0 0.0 0.0 0.0 0.0 0.0 0.0 0.0 0.0 0.999972 0.0 0.0 0.0 0.0 0.0 0.0
2.6226e-06 0.0 0.51732 0.0 0.0 1.13249e-05 0.0 2.6226e-06 0.0 0.00841224 0.241816 0.0 0.0 0.0 0.0631977 0.430743 0.0 0.999679 4.82202e-05 1.19209e-07 0.0 0.0137116 0.0125422 0.0 0.0 0.0 0.0 0.0 0.0 0.00161684 0.0 0.0 5.06639e-07 0.0 0.0 0.0 0.000518441 0.0414168 0.0 0.0 0.0 0.0 0.0 0.0 0.0 0.675249 0.0 0.0 0.0 0.0 0.0 0.0 0.0 6.36876e-05 0.218756 0.0 0.0277543 0.0 0.000963271 0.0 0.0306823 0.0131084 0.999971 0.0
0.0 0.0 0.0 0.0 0.0 0.0 0.0 0.0 0.0 0.0 0.0 0.0 0.0 0.0 0.0 0.0 0.0 0.0 0.0 0.0 0.0 0.0 0.0 0.999785 0.0 0.0 0.0 0.0 0.0 0.0 0.0 0.0 0.0 0.000230104 0.0 0.0 0.0 0.0 0.0 0.0 0.0 0.0 0.0 0.0 0.0 0.0 0.0 0.0 0.0 0.0 7.30157e-06 0.0 0.0 0.0 0.0 0.0 0.0 0.0 0.0 0.0 0.0 0.0 0.0 0.0
0.0 0.000239462 0.0 0.0 2.98023e-07 0.0 0.0 8.9407e-08 0.0 0.0 0.0 0.0 0.0 0.0 0.0 0.0 0.0 0.0 0.0 0.0 0.0 0.0 0.0 0.0 0.0 0.0 0.0 0.0 0.00699553 0.0 0.997114 0.0 0.000986934 2.98023e-08 1.78814e-07 0.0 0.0 0.0 8.9407e-08 0.0 0.0 0.0 0.00397015 0.0 0.0 0.0 0.0 0.0 0.0 0.0 0.0 1.54972e-06 1.78814e-07 0.0 0.0 0.0 0.0 0.0 0.0 0.0 0.0 0.0 0.0 0.0
0.0 0.0 0.00856665 0.0 0.0 0.0 0.0 8.9407e-08 0.0 1.69873e-06 5.78165e-06 0.0 0.0 0.0 1.27256e-05 1.3113e-06 0.0 0.00102034 2.38419e-07 0.000184238 0.0 0.0 5.66244e-07 0.0 0.0 0.0 0.0 0.0 0.0 0.986737 0.0 0.0 0.0 0.0 0.0 0.0 0.00026834 2.23517e-06 0.0 0.0 0.0 0.0 0.0 0.0 0.0 0.0320544 0.0 0.0 0.0 0.0 0.0 0.0 0.0 0.0 0.000128448 0.0 1.49012e-07 0.0 0.0 0.0 0.00438336 0.0 0.054583 0.0
0.0 0.0 0.0 0.0 0.0 0.0 1.2815e-06 0.0 0.998517 0.0 0.0 0.0 0.0 0.0 0.0 0.0 0.0 0.0 0.0 0.0 0.0 0.0 0.0 0.0 0.0 0.0 0.0 0.0 0.0 0.0 0.0 0.0 0.0 0.0 0.0 0.0 0.0 0.0 0.0 0.0 0.0 0.0 0.0 2.29478e-06 0.0 0.0 0.0 0.000330478 0.0 0.0 0.504018 0.0 0.0 0.0 0.0 0.0 0.0 0.0 0.0 0.0 0.0 0.0 0.0 0.0
0.856543 0.0 0.0 0.0 0.0 0.0 0.0 0.0 0.0 0.0 1.55866e-05 0.0 0.0 0.0 0.0 1.2517e-06 0.0 0.0 0.0 0.0 0.0 0.000456244 0.0 0.0 0.0 0.0 0.0 0.0 0.0 0.0 0.0 0.0 0.0 0.0 0.0 0.0 0.0 2.08616e-06 0.0 0.0 0.0 0.0 0.0 0.0 0.0 0.0 0.0 0.0 0.0 0.0 0.0 0.0 0.0 0.0278339 0.0 0.0 0.0 0.0 0.0188371 0.0 0.0 0.0 2.98023e-08 0.0
0.0 0.0 0.0 0.0 0.0 0.0 0.0 0.0 0.0 0.0 0.0 0.0 0.993206 0.0 0.0 0.0 0.0 0.0 0.0 0.0 0.0 0.0 0.0 0.0 0.0 0.0 0.000261307 0.0 0.0 0.0 0.0 0.0 0.0 8.85129e-06 0.0 0.0 0.0 0.0 0.0 6.47008e-05 0.0 0.0 0.0 0.0 0.0 0.0 1.78814e-07 0.0 0.0 0.0 0.00020951 0.0 0.0 0.0 0.0 0.0 0.0 0.0 0.0 4.47035e-07 0.0 0.0 0.0 0.0
0.0 3.17991e-05 0.0 0.0 0.0135435 0.0 0.0 0.0 0.0 0.0 0.0 0.98902 0.0 0.0 0.0 0.0 2.3663e-05 0.0 0.0 0.0 0.000127882 0.0 0.0 0.0 2.04444e-05 0.0 0.0 0.0 2.68221e-07 0.0 0.0 0.0 0.000147104 1.78814e-07 0.0 0.0 0.0 0.0 0.165941 3.52263e-05 0.0 0.0 1.40071e-06 0.0 0.0 0.0 1.49012e-06 0.0 0.0 0.00418758 0.0 6.97374e-06 0.0 0.0 0.0 5.06639e-07 0.0 0.0 0.0 0.0 0.0 0.0 0.0 0.0
8.9407e-08 0.0 8.64267e-07 0.0 0.0 0.0 0.0 0.0 0.0 4.17233e-07 1.62125e-05 0.0 0.0 0.0 2.98023e-07 2.563e-06 0.0 1.3113e-06 0.0 0.999001 0.0 5.72205e-06 1.19209e-07 0.0 0.0 0.0 0.0 0.0 0.0 1.2517e-06 0.0 0.0 0.0 0.0 0.0 0.0 0.0 5.50151e-05 0.0 0.0 0.0 0.0 0.0 0.0 0.0 1.99676e-06 0.0 0.0 0.0 0.0 0.0 0.0 0.0 1.75834e-06 0.0 0.0 1.93417e-05 0.0 1.2219e-06 0.0 1.15931e-05 8.64267e-07 5.32568e-05 0.0
0.0 0.00247487 0.0 0.0 0.0090799 5.36442e-07 0.0 1.13249e-06 0.0 0.0 0.0 2.17557e-06 0.0 0.0 0.0 0.0 0.299045 0.0 0.0 0.0 2.98023e-08 0.0 0.0 0.0 0.00094533 0.99981 0.0 0.0 6.85453e-06 0.0 5.96046e-08 0.0 0.0147757 0.0 0.0455819 0.0 8.9407e-08 0.0 5.66244e-07 0.0 0.0 0.0 7.03335e-06 0.0 0.0 0.0 0.0 0.0 0.0 0.00595737 0.0 0.974985 2.53022e-05 0.0 0.0 0.944313 0.0 0.0 0.0 0.0 0.0 0.0 0.0 0.0
0.0 4.24087e-05 0.0 0.0 0.791849 0.0 0.0 0.0 0.0 0.0 0.0 0.00646609 0.0 0.0 0.0 0.0 0.150853 0.0 0.0 0.0 2.64645e-05 0.0 0.0 0.0 4.76837e-07 6.85453e-07 0.0 0.0 4.76837e-07 0.0 0.0 0.0 5.31673e-05 1.49012e-07 5.75781e-05 0.0 0.0 0.0 0.00698677 0.0 0.0 0.0 4.11868e-05 0.0 0.0 0.0 0.0 0.0 0.0 0.985987 0.0 0.0399372 1.25468e-05 0.0 0.0 0.000212431 0.0 0.0 0.0 0.0 0.0 0.0 0.0 0.0
1.49012e-07 0.0 0.108315 0.0 0.0 0.00577229 0.0 1.43051e-06 0.0 0.920552 0.845455 0.0 0.0 0.0 0.798768 0.118748 0.0 0.429988 0.000408858 0.0 0.0 0.00037387 0.953158 0.0 5.96046e-08 0.0 0.0 0.0 0.0 2.02358e-05 0.0 0.0 0.651705 0.0 0.0 0.0 0.00653797 0.0980187 0.0 0.0 0.0 0.0 0.0 0.0 0.0 0.0269713 0.0 0.0 0.0 0.0 0.0 0.0 0.0 6.43432e-05 0.00603926 0.0 0.911757 5.96046e-08 1.89841e-05 0.0 2.71499e-05 0.998676 0.167494 0.0
0.593782 0.0 2.89083e-06 0.0 0.0 0.0 0.0 0.0 0.0 1.66893e-06 5.41806e-05 0.0 0.0 0.0 2.5034e-06 0.00338915 0.0 0.000344098 0.0 3.27826e-07 0.0 0.371276 1.78814e-07 0.0 0.0 0.0 0.0 0.0 0.0 3.78489e-05 0.0 0.0 0.0 0.0 0.0 0.0 0.0 0.0978206 0.0 0.0 0.0 0.0 0.0 0.0 0.0 5.96046e-07 0.0 0.0 0.0 0.0 0.0 0.0 0.0 0.993607 4.76837e-07 0.0 0.00170067 0.0 0.0310743 0.0 0.0 0.000168264 0.0049144 0.0
0.0 0.0 0.0 0.0 0.0 0.0 0.0 0.0 0.0 0.0 0.0 0.0 0.0 0.999999 0.0 0.0 0.0 0.0 0.0 0.0 0.0 0.0 0.0 0.0 0.0 0.0 0.0 0.0 0.0 0.0 0.0 0.0 0.0 0.0 0.0 0.0 0.0 0.0 0.0 0.0 0.0 0.0 0.0 0.0 0.0 0.0 0.0 0.0 0.0 0.0 0.0 0.0 0.0 0.0 0.0 0.0 0.0 0.0 0.0 0.0 0.0 0.0 0.0 0.0
0.0 0.0 0.0 0.0 0.0 0.0 0.0 0.0 0.0 0.0 0.0 0.0 7.30157e-06 0.0 0.0 0.0 0.0 0.0 0.0 0.0 0.0 0.0 0.0 0.0 0.0 0.0 0.999468 0.0 0.0 0.0 0.0 0.0 0.0 0.0 0.0 0.0 0.0 0.0 0.0 7.39098e-06 0.0 0.0 0.0 0.0 0.0 0.0 0.0 0.0 0.0 0.0 1.19209e-07 0.0 0.0 0.0 0.0 0.0 0.0 0.0 0.0 0.0 0.0 0.0 0.0 0.0
0.0 0.0 0.0 0.0 0.0 0.0 0.0 0.0 0.0 0.0 0.0 0.0 0.0 0.0 0.0 0.0 0.0 0.0 0.0 0.0 0.0 0.0 0.0 0.0 0.0 0.0 0.0 0.0 0.0 0.0 0.0 0.0 0.0 0.0 0.0 0.999955 0.0 0.0 0.0 0.0 0.0 0.0 0.0 0.0 0.0 0.0 0.0 0.0 0.0 0.0 0.0 0.0 0.0 0.0 0.0 0.0 0.0 0.0 0.0 0.0 2.98023e-08 0.0 0.0 0.0
0.0 0.0 0.0 0.0 0.0 0.0 2.98023e-07 0.0 1.29044e-05 0.0 0.0 0.0 0.0 0.0 0.0 0.0 0.0 0.0 0.0 0.0 0.0 0.0 0.0 0.0 0.0 0.0 0.0 0.980677 0.0 0.0 0.0 0.0 0.0 0.0 0.0 0.0 0.0 0.0 0.0 0.0 0.000556141 0.0 0.0 0.036171 5.96046e-08 0.0 0.0 7.78139e-05 0.0 0.0 1.19209e-07 0.0 0.0 0.0 0.0 0.0 0.0 0.0 0.0 0.0 0.0 0.0 0.0 0.0
0.0 0.0121549 0.0 0.0 0.0109619 0.0 0.0 0.0 0.0 0.0 0.0 0.0 0.0 0.0 0.0 0.0 2.50936e-05 0.0 0.0 0.0 0.0 0.0 0.0 0.0 0.0 0.000118643 0.0 0.0 1.19209e-07 0.0 4.67896e-06 0.0 1.19507e-05 0.0 0.985659 0.0 0.0 0.0 1.19209e-07 0.0 0.0 0.0 4.21703e-05 0.0 0.0 0.0 0.0 0.0 0.0 1.94907e-05 0.0 0.0621309 0.000135183 0.0 0.0 3.01003e-06 0.0 0.0 0.0 0.0 0.0 0.0 0.0 0.0
0.0 0.0 0.0 0.0 0.0 0.0 2.23517e-06 0.0 0.0283023 0.0 0.0 0.0 0.0 0.0 0.0 0.0 0.0 0.0 0.0 0.0 0.0 0.0 0.0 0.0 0.0 0.0 0.0 1.37091e-06 0.0 0.0 0.0 0.0 0.0 0.0 0.0 0.0 0.0 0.0 0.0 0.0 0.0 0.0 0.0 3.12924e-05 0.0 0.0 0.0 0.764968 0.0 0.0 0.010086 0.0 0.0 0.0 0.0 0.0 0.0 0.0 0.0 0.0 0.0 0.0 0.0 0.0
0.0 0.0 0.0 0.0 0.00477228 0.0 0.0 0.0 0.0 0.0 0.0 1.43051e-06 0.0 0.0 0.0 0.0 0.0 0.0 0.0 0.0 0.998698 0.0 0.0 0.0 0.0 0.0 0.0 0.0 1.10269e-06 0.0 0.0 0.0 0.0 1.49012e-07 0.0 0.0 0.0 0.0 0.303217 1.78814e-07 0.0 0.0 6.91414e-06 0.0 0.0 0.0 0.0 0.0 0.0 2.35438e-06 0.0 2.68221e-07 0.0 0.0 0.0 0.0 0.0 0.0 0.0 0.0 0.0 0.0 0.0 0.0
0.0 0.000133365 1.78814e-06 1.75834e-06 9.17912e-06 0.116528 0.0 1.86563e-05 0.0 1.01626e-05 8.54433e-05 0.000900865 0.0 0.0 1.87755e-06 2.98023e-08 2.97129e-05 0.000744879 0.0108278 0.0 0.0 0.0 1.67489e-05 0.0 0.00268763 0.0 0.0 0.0 0.000105888 0.0 0.0039953 0.0 1.0 0.0 2.98023e-08 0.0 0.000122041 0.0 2.08616e-07 0.0 0.0 0.0 3.27826e-07 0.0 0.0 2.98023e-08 0.0 0.0 0.0 1.37389e-05 0.0 3.86238e-05 0.0 0.0 0.000290662 2.14279e-05 8.9407e-08 0.0 0.0 0.0 0.0 1.80602e-05 6.11544e-05 0.0
0.00563604 0.0 0.0 0.0 0.0 0.0 0.0 0.0 0.0 0.0 5.96046e-06 0.0 0.0 0.0 0.0 5.96046e-08 0.0 0.0 0.0 0.0 0.0 8.04663e-07 0.0 0.0 0.0 0.0 0.0 0.0 0.0 0.0 0.0 0.0 0.0 0.0 0.0 0.0 0.0 2.08616e-07 0.0 0.0 0.0 0.0 0.0 0.0 0.0 0.0 0.0 0.0 0.0 0.0 0.0 0.0 0.0 7.50124e-05 0.0 0.0 0.0 0.0 9.11951e-06 0.0 0.0 0.0 0.0 0.0
0.0 0.0 0.0962459 0.0 0.0 0.0 0.0 1.49012e-06 0.0 0.00111884 0.0191023 0.0 0.0 0.0 0.00967854 0.000520349 0.0 0.798647 2.38419e-07 5.36442e-07 0.0 7.15256e-07 0.00523987 0.0 0.0 0.0 0.0 0.0 0.0 0.0677542 0.0 0.0 1.10269e-06 0.0 0.0 0.0 0.00836504 0.000409156 0.0 0.0 0.0 0.0 0.0 0.0 0.0 0.995141 0.0 0.0 0.0 0.0 0.0 0.0 0.0 0.0 0.00674832 0.0 0.000278682 0.0 2.98023e-08 0.0 0.290717 0.000177473 0.860422 0.0
3.96371e-06 0.00309473 0.999202 0.0 1.96695e-06 0.735473 0.0 0.996604 0.0 0.999958 0.993167 4.76837e-07 0.0 0.0 0.999789 0.806942 1.40071e-06 0.999997 0.914041 0.140281 0.0 0.0864682 0.999986 0.0 0.931062 0.00379273 0.0 0.0 0.797482 0.138378 0.00014922 0.0 0.996579 0.0 0.000486255 0.0 0.999893 0.505435 0.0 0.0 0.0 0.0 9.0301e-06 0.0 0.0 0.993997 0.0 0.0 0.0 1.40071e-06 0.0 3.27826e-07 2.38419e-06 0.00177267 0.999942 3.78489e-06 0.998441 0.000865221 0.00284958 0.0 0.999701 0.999952 0.999976 2.98023e-08
0.0240704 0.0 1.54674e-05 0.0 0.0 0.0 0.0 0.0 0.0 4.26769e-05 0.0401912 0.0 0.0 0.0 7.93338e-05 0.057891 0.0 0.0490092 0.0 6.85453e-07 0.0 0.986112 7.21216e-06 0.0 0.0 0.0 0.0 0.0 0.0 4.47035e-07 0.0 0.0 0.0 0.0 0.0 0.0 0.0 0.687214 0.0 0.0 0.0 0.0 0.0 0.0 0.0 7.42972e-05 0.0 0.0 0.0 0.0 0.0 0.0 0.0 0.278407 1.29044e-05 0.0 0.070482 0.0 0.190399 0.0 8.9407e-08 0.00554624 0.272956 0.0
0.0 4.76837e-07 1.42753e-05 0.0 2.98023e-08 0.999472 0.0 2.0653e-05 0.0 6.85453e-07 1.99676e-06 1.46031e-06 0.0 0.0 5.36442e-07 0.0 0.0 4.9293e-05 1.78814e-07 0.0 0.0 0.0 1.75536e-05 0.0 0.00150645 0.0 0.0 0.0 0.0 0.0 0.0 0.0 0.998052 0.0 0.0 0.0 6.41644e-05 0.0 0.0 0.0 0.0 0.0 0.0 0.0 0.0 2.68221e-07 0.0 0.0 0.0 2.98023e-08 0.0 2.20537e-06 0.0 0.0 1.19209e-07 1.69873e-06 0.0 0.0 0.0 0.0 0.0 9.53674e-07 5.66244e-07 0.0
0.688421 0.0 0.0 0.0 0.0 0.0 0.0 0.0 0.0 0.0 8.04663e-07 0.0 0.0 0.0 0.0 2.08616e-07 0.0 0.0 0.0 0.0 0.0 0.000120163 0.0 0.0 0.0 0.0 0.0 0.0 0.0 0.0 0.0 0.0 0.0 0.0 0.0 0.0 0.0 6.55651e-07 0.0 0.0 0.0 0.0 0.0 0.0 0.0 0.0 0.0 0.0 0.0 0.0 0.0 0.0 0.0 0.0119956 0.0 0.0 0.0 0.0 0.000976861 0.0 0.0 0.0 5.96046e-08 0.0
0.0 3.43323e-05 0.000165313 0.0 0.0 1.48416e-05 0.0 0.99941 0.0 5.96046e-08 1.19209e-07 0.0 0.0 0.0 0.0 0.0 0.0 1.39475e-05 0.0 0.0 0.0 0.0 1.78814e-07 0.0 1.26064e-05 0.0 0.0 0.0 3.57628e-07 0.0 0.0 0.0 5.03063e-05 0.0 0.0 0.0 0.00104439 0.0 0.0 0.0 0.0 0.0 0.0 0.0 0.0 5.96046e-08 0.0 0.0 0.0 0.0 0.0 2.98023e-07 0.0 0.0 8.9407e-08 0.0 0.0 0.0 0.0 0.0 1.78814e-07 0.0 5.54323e-06 0.0
0.0 0.0 0.0 0.0 0.0 0.0 0.0 0.0 0.0 0.0 0.0 0.0 0.0 0.0 0.0 0.0 0.0 0.0 0.0 0.0 0.0 0.0 0.0 0.0 0.0 0.0 0.0 0.0 0.0 0.0 0.0 0.0 0.0 0.0 0.0 0.0 0.0 0.0 0.0 0.0 0.0 0.0 0.0 0.0 0.0 0.0 0.0 0.0 0.0 0.0 0.0 0.0 0.0 0.0 0.0 0.0 0.0 0.0 0.0 0.0 0.0 0.0 0.0 0.999994
0.981205 0.0 0.0 0.0 0.0 0.0 0.0 0.0 0.0 0.0 4.85778e-05 0.0 0.0 0.0 0.0 5.27203e-05 0.0 5.84126e-06 0.0 8.9407e-08 0.0 0.148448 0.0 0.0 0.0 0.0 0.0 0.0 0.0 9.53674e-07 0.0 0.0 0.0 0.0 0.0 0.0 0.0 0.00505763 0.0 0.0 0.0 0.0 0.0 0.0 0.0 1.49012e-07 0.0 0.0 0.0 0.0 0.0 0.0 0.0 0.868078 0.0 0.0 9.0301e-06 0.0 0.129858 0.0 0.0 3.8743e-07 6.1214e-05 0.0
0.0 2.38419e-07 0.0988655 0.0 0.0 0.000171095 0.0 0.102368 0.0 0.0762143 0.00283486 0.0 0.0 0.0 0.00671616 1.96695e-06 0.0 0.408928 0.00113398 0.0 0.0 0.0 0.0383207 0.0 0.000937521 0.0 0.0 0.0 6.85453e-07 1.30236e-05 1.19209e-07 0.0 0.343436 0.0 0.0 0.0 0.69143 2.98023e-08 0.0 0.0 0.0 0.0 0.0 0.0 0.0 0.00121021 0.0 0.0 0.0 0.0 0.0 0.0 0.0 0.0 0.0928386 0.0 4.30644e-05 0.0 0.0 0.0 0.00885749 0.00702485 0.11204 0.0
0.0 0.0 0.0 0.0 0.0 0.0 0.0 0.0 0.0 0.0 0.0 0.0 0.0 0.0 0.0 0.0 0.0 0.0 0.0 0.0 0.0 0.0 0.0 0.0 0.0 0.0 0.0 0.0192285 0.0 0.0 0.0 0.0 0.0 0.0 0.0 0.0 0.0 0.0 0.0 0.0 0.961573 0.0 0.0 9.7543e-05 0.00158021 0.0 0.0 0.0 0.0 0.0 0.0 0.0 0.0 0.0 0.0 0.0 0.0 0.0 0.0 0.0 0.0 0.0 0.0 0.0
0.00145099 0.0 0.0 0.0 0.0 0.0 0.0 0.0 0.0 0.252921 8.9407e-06 0.0 0.0 0.0 0.444601 0.0 1.67489e-05 0.0 0.0166624 0.000272155 0.0 0.00777078 0.00149205 0.0 0.0 0.000146121 0.0 0.0 0.0 0.240114 0.0 0.0 0.0 0.0 0.0 0.0 0.0 0.000702798 0.0 0.0 0.0 0.0 0.0 0.0 0.0429704 0.0 0.0 0.0 0.0 0.0 0.0 0.0 0.0 0.0585777 2.98023e-08 0.0 0.00087744 0.0 0.990499 0.0 0.0 0.00210944 1.78814e-07 0.0
0.0 2.98023e-08 0.0 3.36766e-06 0.0 1.2517e-05 0.0 2.98023e-08 0.0 0.0 0.0 0.832556 0.0 0.0 0.0 0.0 0.0 0.0 0.0 0.0 0.0 0.0 0.0 0.989174 0.0 0.0 0.0 0.0 0.0217298 0.0 0.0 0.0 0.00456715 6.49691e-06 0.000628442 0.0 0.0 0.0 0.0 4.63426e-05 0.0 0.0 2.98023e-08 0.0 0.0 0.0 0.0 0.0 0.0 0.0739582 0.0 0.0 0.000969023 0.0 0.0 7.7188e-06 0.0 0.0 0.0 0.0 0.0 0.0 0.0 0.0
0.0 0.0 0.0 0.0 0.0 0.0 0.0 0.0 0.0 0.0 0.0 0.0 0.0 0.0 0.0 0.0 0.0 0.997402 0.0 0.0 0.0 0.0 0.0 0.0 0.0 0.0 0.0 0.0 0.0 0.0 4.61936e-06 0.0 0.0 0.0 0.0 0.0 0.0 0.0 0.0 0.0 0.0 0.0 0.0 0.0 0.0 0.0 0.0 0.0 0.0 0.0 0.0022589 0.0 0.0 0.0 0.0 0.0 0.0 0.0 0.0 0.0 0.0 0.0 0.0 0.0
0.0 0.0 0.0 0.0 0.0 0.53152 0.0 0.00065574 0.0 0.0 0.233435 1.49012e-06 0.0 0.0 1.19209e-07 0.0 0.000408113 0.0 7.33137e-06 0.0 0.0 2.0504e-05 0.148362 0.0 0.0 0.00973895 0.0 0.0 0.0 8.9407e-08 0.0 0.0 0.00197014 0.0 1.31726e-05 0.0 0.0 0.0 0.0 0.0 0.0 0.0 0.0 0.0 0.0 0.0 0.0 0.0 0.0 0.0 0.0 0.0 0.0 0.0 0.00484684 0.306898 0.000490844 0.0 2.98023e-07 0.0 0.0 0.0 0.999629 0.0
0.0 0.0 0.0 0.0 0.0 0.0 0.0 0.0 0.0 0.0 0.0 0.0 0.0 0.0 0.0 0.0 0.0 0.0 0.0 0.0 0.0 0.0 0.0 0.0 0.0 0.0 0.0 0.0 0.0 0.0 0.0 0.0 0.0 0.0 0.0 0.0 0.0 0.0 5.39422e-06 0.0 0.0 0.0 0.0 0.0 0.0 0.0 0.999587 0.0 0.0 0.0 0.0 0.0 0.0 0.0 0.0 0.0 0.0 0.0 0.0 0.0 0.0 0.0 0.0 0.0
0.000761837 0.0 0.0 0.0 0.0 0.0 0.0 0.0 0.0 0.0110814 0.0 0.0 0.0 0.0 0.0 0.0 0.0 0.0 0.0 0.00243685 0.0 0.0 0.0 0.0 0.0 0.0 0.0 0.0 0.0 5.96046e-08 0.0 0.0 0.0 0.0 0.0 0.0 0.0 0.151109 0.0 0.0 0.0 0.0 0.0 0.0 0.000178963 0.0 0.0 0.0 0.0 0.0 0.0 0.0 0.0 1.2219e-06 0.0 0.0 0.0 2.98023e-08 5.96046e-08 0.0 0.0 1.49012e-07 0.0 0.0
0.0 0.0 0.0 0.0 0.0 0.0 0.0 0.0 0.0 0.0 0.0 0.0 0.0 0.0 0.0 0.0 0.0 0.0 0.0 0.0 0.0 0.0 0.0 0.0 0.0 0.0 0.0 0.0 0.0 0.0 0.0 0.0 0.0 0.0 0.0 0.0 0.0 0.0 0.0 0.0 1.10269e-05 0.0 0.0 0.988791 0.0 0.0 0.0 0.0 0.0 0.0 0.0 0.0 0.0 0.0 0.0 0.0 0.0 0.0 0.0 0.0 0.0 0.0 0.0 0.0
0.0 0.0 0.0 0.991786 0.0 0.0 0.0 0.0 0.0 0.0 0.0 2.71797e-05 0.0 0.0 0.0 0.0 0.0 0.0 0.0 0.0 0.0 0.0 0.0 2.10404e-05 0.0 0.0 0.0 0.0 0.0 0.0 0.0 0.0 1.09076e-05 0.0 0.0 0.0 0.0 0.0 0.0 0.0 0.0 0.0 0.0 0.0 0.0 0.0 0.0 0.0 0.0 1.37091e-06 0.0 0.0 0.000139326 0.0 0.0 5.96046e-08 0.0 0.0 0.0 0.0 0.0 0.0 0.0 0.0
0.0 0.0 0.0 0.0 0.0 0.0 0.0 0.0 0.0 0.0 0.0 0.0 0.0 1.0 0.0 0.0 0.0 0.0 0.0 0.0 0.0 0.0 0.0 0.0 0.0 0.0 0.0 0.0 0.0 0.0 0.0 0.0 0.0 0.0 0.0 0.0 0.0 0.0 0.0 0.0 0.0 0.0 0.0 0.0 0.0 0.0 0.0 0.0 0.0 0.0 0.0 0.0 0.0 0.0 0.0 0.0 0.0 0.0 0.0 0.0 0.0 0.0 0.0 0.0
6.4075e-06 0.0 0.0 0.0 0.0 2.98023e-08 0.0 8.9407e-08 0.0 0.013703 0.153977 0.0 0.0 0.0 0.841822 0.0 0.00419542 0.0 0.982909 1.93715e-06 0.0 0.0567789 0.563418 0.0 0.0 0.0342785 0.0 0.0 0.0 0.203876 0.0 0.0 0.0 0.0 0.0 0.0 0.0 5.85914e-05 0.0 0.0 0.0 0.0 0.0 0.0 0.000499755 0.0 0.0 0.0 0.0 0.0 0.0 0.0 0.0 0.282487 2.44379e-05 5.96046e-08 0.927459 0.0 0.0085271 0.0 0.0 0.0660672 2.44677e-05 0.0
0.0025157 0.0 0.0 0.0 0.0 0.0 0.0 0.0 0.0 0.0870201 0.0 0.0 0.0 0.0 2.98023e-08 0.0 0.0 0.0 0.0 0.0105527 0.0 0.0 0.0 0.0 0.0 0.0 0.0 0.0 0.0 4.17233e-07 0.0 0.0 0.0 0.0 0.0 0.0 0.0 0.884793 0.0 0.0 0.0 0.0 0.0 0.0 0.00027886 0.0 0.0 0.0 0.0 0.0 0.0 0.0 0.0 3.78489e-06 0.0 0.0 0.0 8.9407e-08 1.78814e-07 0.0 0.0 1.46031e-06 0.0 0.0
0.0 0.0 0.0 0.0 0.0 0.0 0.0 0.0 0.0 0.0 0.0 0.0 0.0 0.0 0.0 0.0 0.0 5.96046e-08 0.0 0.0 0.0 0.0 0.0 0.0 0.0 0.0 0.0 0.0 0.0 0.0 0.999997 0.000512511 0.0 0.0 0.0 0.0 0.0 0.0 0.0 0.0 0.0 0.0 0.0 0.0 0.0 0.0 0.0 0.0 0.0 0.0 0.0 0.0 0.0 0.0 0.0 0.0 0.0 0.0 0.0 0.0 0.0 0.0 0.0 0.0
0.0 1.01924e-05 0.0 0.0 0.0 0.0 0.0 0.0 0.0 0.0 0.0 0.0106193 0.0 0.0 0.0 0.0 0.0 0.0 0.0 0.0 0.0 0.0 0.0 0.0114909 2.98023e-08 0.0 0.0 0.0 0.427631 0.0 0.0 0.0 2.31862e-05 2.18153e-05 1.2517e-06 0.0 0.0 0.0 0.0 0.00393131 0.0 0.0 0.000142306 0.0 0.0 0.0 0.0 0.0 0.0 0.9836 0.0 1.21295e-05 0.0028623 0.0 0.0 0.0 0.0 0.0 0.0 0.0 0.0 0.0 0.0 0.0
0.0 0.0 0.0 0.0 0.0 0.0 0.0 0.0 0.0 0.0 0.0 0.0 0.0 0.0 0.0 0.0 0.0 0.0 0.0 0.0 0.0 0.0 0.0 0.0 0.0 0.0 0.0 0.0 0.0 0.0 0.0 0.0 0.0 0.0 0.0 0.0 0.0 0.0 0.0 0.0 0.0 0.0 0.0 0.0 0.0 0.0 0.0 0.0 0.0 0.0 0.0 0.0 0.0 0.0 0.0 0.0 0.0 0.0 0.0 0.0 0.0 0.0 0.0 0.999877
5.96046e-07 0.0 0.0 0.0 0.0 0.0 0.0 1.49012e-07 0.0 0.00570008 0.010675 0.0 0.0 0.0 0.0266738 0.0 1.90735e-05 0.0 0.051852 8.64267e-07 0.0 0.983582 0.086047 0.0 0.0 0.0827579 0.0 0.0 0.0 0.0063259 0.0 0.0 0.0 0.0 0.0 0.0 0.0 2.11298e-05 0.0 0.0 0.0 0.0 0.0 0.0 1.72853e-05 0.0 0.0 0.0 0.0 0.0 0.0 0.0 0.0 0.034538 3.06964e-06 2.98023e-08 0.00635862 0.0 0.00103629 0.0 0.0 0.0240481 1.66595e-05 0.0
0.0 0.0 0.999702 0.0 0.0 0.0 0.0 0.0 0.0 0.0 0.0 0.0 0.0 0.0 0.0 0.0 0.0 0.0 0.0 0.0 0.0 0.0 0.0 0.0 0.0 0.0 0.0 0.0 0.0 0.0 0.0 0.0 0.0 0.0 0.0 0.0 0.0 0.0 0.0 0.0 0.0 0.0 0.0 0.0 0.0 0.0 0.0 0.0 0.0 0.0 0.0 0.0 0.0 0.0 0.0 0.0 0.0 0.0 0.0 0.0 0.0 0.0 0.0 0.0
0.0 0.0 0.0 0.0 0.0 0.0633498 0.0 0.986903 0.0 0.0 2.39909e-05 8.65757e-05 0.0 0.0 0.0 0.0 1.2815e-06 0.0 0.0 0.0 0.0 0.0 1.19209e-07 2.32458e-06 0.0 4.05312e-06 0.0 0.0 0.0 0.0 0.0 0.0 0.00681975 0.0 5.36442e-07 0.0 0.0 0.0 0.0 0.0 0.0 0.0 0.0 0.0 0.0 0.0 0.0 0.0 0.0 0.0 0.0 0.0 0.0 0.0 5.66244e-06 0.0418395 0.0 0.0 0.0 0.0 0.0 0.0 0.000163198 0.0
0.000805974 0.0 0.0 0.0 0.0 0.0 0.0 0.0 0.0 0.113335 0.0 0.0 0.0 0.0 3.21865e-06 0.0 0.0 0.0 1.63913e-06 0.00846484 0.0 1.10269e-06 0.0 0.0 0.0 0.0 0.0 0.0 0.0 7.15256e-07 0.0 0.0 0.0 0.0 0.0 0.0 0.0 0.913952 0.0 0.0 0.0 0.0 0.0 0.0 4.55081e-05 0.0 0.0 0.0 0.0 0.0 0.0 0.0 0.0 0.00172958 0.0 0.0 5.96046e-08 0.0 1.19209e-07 0.0 0.0 0.000989288 0.0 0.0
0.0 0.0 0.0 0.0 0.0 5.66244e-07 0.0 6.55651e-07 0.0 4.82798e-06 0.940861 0.0 0.0 0.0 0.0136783 0.0 0.0296411 0.0 0.641935 0.0 0.0 0.000690728 0.90426 0.0 0.0 0.00847062 0.0 0.0 0.0 0.00179765 0.0 0.0 1.49012e-07 0.0 0.0 0.0 0.0 2.98023e-08 0.0 0.0 0.0 0.0 0.0 0.0 1.78814e-07 0.0 0.0 0.0 0.0 0.0 0.0 0.0 0.0 0.000174969 0.00336879 1.42157e-05 0.983045 0.0 2.87592e-05 0.0 0.0 5.94854e-05 0.00429821 0.0
0.440362 0.0 0.0 0.0 0.0 0.0 0.0 0.0 0.0 0.984208 5.96046e-08 0.0 0.0 0.0 0.122511 0.0 0.0 0.0 0.00482184 0.254362 0.0 0.00036028 2.89083e-06 0.0 0.0 2.38419e-07 0.0 0.0 0.0 0.262854 0.0 0.0 0.0 0.0 0.0 0.0 0.0 0.58612 0.0 0.0 0.0 0.0 0.0 0.0 0.994464 0.0 0.0 0.0 0.0 0.0 0.0 0.0 0.0 0.55195 0.0 0.0 2.53022e-05 0.0 0.057645 0.0 0.0 0.0354241 0.0 0.0
0.0 0.0 0.0 0.0 0.0 0.0 0.0 0.0 0.0 0.0 0.0 0.0 0.0 0.0 0.0 0.0 0.0 0.0 0.0 0.0 0.0 0.0 0.0 0.0 2.98023e-08 0.0 0.0 0.0 0.0 0.0 0.0 0.0 0.0 0.0 0.0 0.0 0.0 0.0 2.08616e-06 0.0 0.0 0.0 0.0 0.0 0.0 0.0 0.0 0.0 0.0 0.0 0.0 0.0 0.0 0.0 0.0 0.0 0.0 0.0 0.0 0.99722 0.0 0.0 0.0 0.0
0.983546 0.0 0.0 0.0 0.0 0.0 0.0 0.0 0.0 0.976927 0.0 0.0 0.0 0.0 0.0155462 0.0 0.0 0.0 0.000187218 0.883338 0.0 4.21107e-05 1.49012e-07 0.0 0.0 0.0 0.0 0.0 0.0 0.0420714 0.0 0.0 0.0 0.0 0.0 0.0 0.0 0.751019 0.0 0.0 0.0 0.0 0.0 0.0 0.705873 0.0 0.0 0.0 0.0 0.0 0.0 0.0 0.0 0.1097 0.0 0.0 9.23872e-07 0.0 0.0206525 0.0 0.0 0.00176117 0.0 0.0
0.0 0.0 0.0 0.0 0.0 0.000154287 0.0 0.000500292 0.0 0.0 0.39056 0.0 0.0 0.0 7.9453e-05 0.0 0.00144953 0.0 0.00858092 0.0 0.0 0.00987658 0.636225 0.0 0.0 0.982753 0.0 0.0 0.0 1.22488e-05 0.0 0.0 1.0848e-05 0.0 0.0 0.0 0.0 0.0 0.0 0.0 0.0 0.0 0.0 0.0 0.0 0.0 0.0 0.0 0.0 0.0 0.0 0.0 0.0 1.49012e-06 0.00425711 0.000589728 0.0116256 0.0 1.29342e-05 0.0 0.0 2.35438e-06 0.00714481 0.0
0.0 0.0 0.0 0.0 0.0 0.0 1.49012e-07 0.0 0.0 0.0 0.0 0.0 0.0 0.0 0.0 0.0 0.0 0.0 0.0 0.0 0.997228 0.0 0.0 2.98023e-08 0.0 0.0 0.0 0.0 0.0 0.0 0.0 0.0 0.0 0.0 0.0 0.0 0.0 0.0 0.0 8.9407e-08 0.0 0.0 0.0 0.0 0.0 0.0 0.0 0.0 0.0 0.0 0.0 0.0 0.0 0.0 0.0 0.0 0.0 0.0 0.0 0.0 0.0 0.0 0.0 0.0
0.0 0.0 0.0 0.0 0.0 0.0143856 0.0 0.000111818 0.0 0.0 0.137793 3.9041e-06 0.0 0.0 0.0 0.0 0.00232998 0.0 8.9407e-08 0.0 0.0 0.0 0.464776 0.0 0.0 0.000174999 0.0 0.0 0.0 0.0 0.0 0.0 0.00303644 0.0 2.83122e-06 0.0 0.0 0.0 0.0 0.0 0.0 0.0 0.0 0.0 0.0 0.0 0.0 0.0 0.0 0.0 0.0 0.0 0.0 0.0 0.988547 0.680484 1.18315e-05 0.0 0.0 0.0 0.0 0.0 0.0148752 0.0
0.0 0.0 0.0 0.0 0.0 0.0 0.983129 0.0 0.0 0.0 0.0 0.0 0.0 0.0 0.0 0.0 0.0 0.0 0.0 0.0 1.49012e-07 0.0 0.0 0.0 0.0 0.0 0.0 0.0 0.0 0.0 0.0 0.0 0.0 0.0 0.0 0.0 0.0 0.0 0.0 0.0 0.0 0.0 0.0 0.0 0.0 0.0 0.0 0.0 0.0 0.0 0.0 0.0 0.0 0.0 0.0 0.0 0.0 0.0 0.0 0.0 0.0 0.0 0.0 0.0
0.0 0.0 0.0 0.0 0.0 3.83556e-05 0.0 1.72853e-06 0.0 0.0 1.82092e-05 0.000125915 0.0 0.0 0.0 0.0 8.9407e-08 0.0 0.0 0.0 0.0 0.0 0.0 2.08616e-06 0.0 0.0 0.0 0.0 0.00181165 0.0 0.0 0.0 0.998072 0.0 2.3514e-05 0.0 0.0 0.0 0.0 0.00196302 0.0 0.0 0.000170976 0.0 0.0 0.0 0.0 0.0 0.0 0.000105619 0.0 0.0 0.0 0.0 3.57628e-07 0.000486702 0.0 0.0 0.0 0.0 0.0 0.0 2.08616e-06 0.0
0.0 0.0 0.0 0.0 0.0 0.0 0.0 0.0 0.0 0.0 0.0 0.0 0.0 0.0 0.0 0.0 0.0 0.0 0.0 0.0 0.0 0.0 0.0 0.0 0.0 0.0 0.0 0.0 0.0 0.0 0.0 0.0 0.0 0.0 0.0 0.0 0.0 0.0 0.0 0.0 0.0 0.0 0.0 0.0 0.0 0.0 0.0 0.997008 0.0 0.0 0.0 0.0 0.0 0.0 0.0 0.0 0.0 0.0 0.0 0.0 0.0 0.0 0.0 0.0
0.0 8.35359e-05 0.0 0.0 0.0489921 1.49012e-07 0.0 0.0 0.0 0.0 0.0 4.79221e-05 0.0 0.0 0.0 0.0 0.0 0.0 0.0 0.0 0.0 0.0 0.0 1.75834e-06 0.0 0.0 0.0 0.0 3.8743e-07 0.0 0.0 0.0 0.0 0.993819 1.16229e-06 0.0 0.0 0.0 0.0 0.0 0.0 0.0 1.19209e-07 0.0 0.0 0.0 0.0 0.0 0.0 1.72555e-05 0.0 0.000213891 5.04851e-05 0.0 0.0 0.0 0.0 0.0 0.0 0.0 0.0 0.0 0.0 0.0
0.0 0.0 0.0 0.0 0.0 0.114408 0.0 0.110094 0.0 0.0 0.996886 2.03848e-05 0.0 0.0 6.55651e-06 0.0 0.169403 0.0 0.000313967 0.0 0.0 0.000336379 0.454435 5.96046e-08 0.0 0.346951 0.0 0.0 0.0 4.64916e-06 0.0 0.0 0.0132205 0.0 2.72989e-05 0.0 0.0 0.0 0.0 0.0 0.0 0.0 0.0 0.0 0.0 0.0 0.0 0.0 0.0 0.0 0.0 0.0 0.0 0.0 0.930393 0.57647 0.0194941 0.0 5.06639e-07 0.0 0.0 5.96046e-08 0.467744 0.0
0.0 0.0 0.0 0.0 0.0 0.0 0.0 0.0 0.0 0.0 0.0 0.0 0.0 0.0 0.0 0.0 0.0 0.0 0.0 0.0 0.0 0.0 0.0 0.0 0.0 0.0 0.0 0.0 0.0 0.0 0.0 0.0 0.0 0.0 0.0 0.0 1.0 0.0 0.0 0.0 0.0 0.0 0.0 0.0 0.0 0.0 0.0 0.0 0.0 0.0 0.0 0.0 0.0 0.0 0.0 0.0 0.0 0.0 0.0 0.0 0.0 0.0 0.0 0.0
0.973856 0.0 0.0 0.0 0.0 0.0 0.0 0.0 0.0 0.991157 0.0 0.0 0.0 0.0 0.00144038 0.0 0.0 0.0 9.57847e-05 0.988422 0.0 8.02577e-05 1.19209e-07 0.0 0.0 0.0 0.0 0.0 0.0 0.00585082 0.0 0.0 0.0 0.0 0.0 0.0 0.0 0.995173 0.0 0.0 0.0 0.0 0.0 0.0 0.526977 0.0 0.0 0.0 0.0 0.0 0.0 0.0 0.0 0.166629 0.0 0.0 7.7486e-07 0.00555786 0.00181654 0.0 0.0 0.0292865 0.0 0.0
0.132277 0.0 0.0 0.0 0.0 0.0 0.0 0.0 0.0 0.726426 0.0 0.0 0.0 0.0 2.91765e-05 0.0 0.0 0.0 6.4075e-06 0.459039 0.0 7.59959e-06 1.49012e-07 0.0 0.0 0.0 0.0 0.0 0.0 4.94719e-05 0.0 0.0 0.0 0.0 0.0 0.0 0.0 0.990543 0.0 0.0 0.0 0.0 0.0 0.0 0.00206608 0.0 0.0 0.0 0.0 0.0 0.0 0.0 0.0 0.00894046 0.0 0.0 1.78814e-07 1.49012e-07 1.0699e-05 0.0 0.0 0.00309893 0.0 0.0
0.0 0.038809 0.0 0.0 2.76268e-05 0.0 0.0 0.0 0.0 0.0 0.0 0.0 3.27826e-07 0.0 0.0 0.0 0.0 0.0 0.0 0.0 0.0 0.0 0.0 0.0 2.28584e-05 0.0 0.0 0.0 8.9407e-08 0.0 0.0 0.0 0.0 5.42402e-06 0.0 0.0 0.0 0.0 5.78165e-06 0.0 0.0 0.0 0.0 0.0 0.0 0.0 0.0 0.0 0.0 1.10269e-06 0.0 0.99948 2.8342e-05 0.0 0.0 0.0 0.0 0.0 0.0 1.78814e-07 0.0 0.0 0.0 0.0
0.0 8.9407e-08 0.0 0.0 0.0 0.0 0.0 0.0 0.0 0.0 0.0 0.0 0.00189069 0.0 0.0 0.0 0.0 0.0 0.0 0.0 0.0 0.0 0.0 0.0 0.987398 0.0 1.43051e-06 0.0 0.0 0.0 0.0 0.0 0.0 0.0 0.0 0.0 0.0 0.0 1.06692e-05 0.0 0.0 0.0 1.19209e-07 0.0 0.0 0.0 0.0 0.0 0.0 0.0 0.0 2.95043e-06 2.08616e-07 0.0 0.0 0.0 0.0 0.0 0.0 2.68221e-07 0.0 0.0 0.0 0.0
0.0 0.0 0.0 2.95043e-06 0.0 0.999741 0.0 0.0473205 0.0 0.0 0.0011715 0.0411569 0.0 0.0 0.0 0.0 6.92606e-05 0.0 0.0 0.0 0.0 0.0 0.00336826 0.000184238 0.0 1.33812e-05 0.0 0.0 9.23872e-07 0.0 0.0 0.0 0.0642411 1.78814e-07 0.00167802 0.0 0.0 0.0 0.0 0.0 0.0 0.0 0.0 0.0 0.0 0.0 0.0 0.0 0.0 8.9407e-08 0.0 0.0 1.19209e-07 0.0 0.0323164 0.861045 5.96046e-08 0.0 0.0 0.0 0.0 0.0 0.00903723 0.0
0.0 0.0 0.0 0.0 0.0 0.0 0.0 0.0 0.0 0.0 0.0 0.0 0.0 0.0 0.0 0.0 0.0 0.0 0.0 0.0 0.0 0.0 0.0 0.0 0.0 0.0 0.0 0.0 0.0 0.0 0.0 0.0 0.0 0.0 0.0 0.0 0.0 0.0 0.0 0.0 0.0 0.0 0.0 0.0 0.0 0.99992 0.0 0.0 0.0 0.0 0.0 0.0 0.0 0.0 0.0 0.0 0.0 0.0 0.0 0.0 0.0 0.0 0.0 0.0
0.00044328 0.0 0.0 0.0 0.0 0.0 0.0 0.0 0.0 0.368908 0.0027726 0.0 0.0 0.0 0.983336 0.0 0.000199974 0.0 0.883774 0.00014028 0.0 0.0493525 0.0269764 0.0 0.0 0.00118682 0.0 0.0 0.0 0.60861 0.0 0.0 0.0 0.0 0.0 0.0 0.0 0.00228196 0.0 0.0 0.0 0.0 0.0 0.0 0.0194092 0.0 0.0 0.0 0.0 0.0 0.0 0.0 0.0 0.579064 2.68221e-07 0.0 0.319465 0.0 0.233291 0.0 0.0 0.0329045 8.9407e-07 0.0
0.0 4.47035e-06 0.0 0.0 0.0 0.0 0.0 0.0 0.0 0.0 0.0 1.19209e-07 1.78814e-07 0.0 0.0 0.0 0.0 0.0 0.0 0.0 0.0 0.0 0.0 0.0 8.04663e-07 0.0 0.0 0.0 0.000158399 0.0 0.0 0.0 1.54972e-06 1.19209e-07 2.98023e-08 0.0 0.0 0.0 0.0 0.67159 0.0 0.0 0.991586 0.0 0.0 0.0 0.0 0.0 0.0 6.55353e-05 0.0 2.98023e-07 2.98023e-08 0.0 0.0 0.0 0.0 0.0 0.0 0.0 0.0 0.0 0.0 0.0
0.0 2.98023e-08 0.0 0.0 2.08616e-07 0.0222946 0.0 2.08616e-07 0.0 0.0 1.78814e-07 0.774119 0.0 0.0 0.0 0.0 0.0 0.0 0.0 0.0 0.0 0.0 0.0 0.00364891 0.0 0.0 0.0 0.0 0.0165984 0.0 0.0 0.0 0.0103738 5.23627e-05 0.989396 0.0 0.0 0.0 0.0 0.000285476 0.0 0.0 1.49012e-07 0.0 0.0 0.0 0.0 0.0 0.0 8.7589e-05 0.0 0.0 5.66244e-07 0.0 2.98023e-08 0.0113635 0.0 0.0 0.0 0.0 0.0 0.0 2.563e-05 0.0
0.0 0.0 0.0 0.0 0.0 0.0 0.0 0.0 0.0 0.0 0.0 0.0 0.0 0.0 0.0 0.0 0.0 0.0 0.0 0.0 0.0 0.0 0.0 0.0 0.0 0.0 0.0 0.98213 0.0 0.0 0.0 0.0 0.0 0.0 0.0 0.0 0.0 0.0 0.0 0.0 0.0 0.0 0.0 0.0 0.0 0.0 0.0 0.0 0.0 0.0 0.0 0.0 0.0 0.0 0.0 0.0 0.0 0.0 0.0 0.0 0.0 0.0 0.0 0.0
0.0 0.0 0.0 0.0 0.0 0.0 0.0 0.0 0.999994 0.0 0.0 0.0 0.0 0.0 0.0 0.0 0.0 0.0 0.0 0.0 0.0 0.0 0.0 0.0 0.0 0.0 0.0 0.0 0.0 0.0 0.0 0.0 0.0 0.0 0.0 0.0 0.0 0.0 0.0 0.0 0.0 0.0 0.0 0.0 0.0 0.0 0.0 0.0 0.0 0.0 0.0 0.0 0.0 0.0 0.0 0.0 0.0 0.0 0.0 0.0 0.0 0.0 0.0 0.0
0.0 1.508e-05 0.0 0.0 0.0 1.19209e-07 0.0 0.0 0.0 0.0 0.0 0.0212559 0.0 0.0 0.0 0.0 0.0 0.0 0.0 0.0 0.0 0.0 0.0 0.00251123 0.0 0.0 0.0 0.0 0.98548 0.0 0.0 0.0 0.000184119 9.83477e-07 0.000200093 0.0 0.0 0.0 0.0 0.227579 0.0 0.0 0.000749826 0.0 0.0 0.0 0.0 0.0 0.0 0.7503 0.0 3.01003e-06 5.427e-05 0.0 0.0 0.0 0.0 0.0 0.0 0.0 0.0 0.0 0.0 0.0
0.0 0.0 0.0 0.0 0.0 0.0 0.0 0.0 0.0 0.0 0.0 0.0 0.0 0.0 0.0 0.0 0.0 0.0 0.0 0.0 0.0 0.0 0.0 0.0 0.0 0.0 0.0 0.0 0.0 0.0 0.0 0.0 0.0 0.0 0.0 0.0 0.0 0.0 0.0 0.0 0.99817 0.0 0.0 0.0 0.0 0.0 0.0 0.0 0.0 0.0 0.0 0.0 0.0 0.0 0.0 0.0 0.0 0.0 0.0 0.0 0.0 0.0 0.0 0.0
0.0 0.0 0.0 0.0 0.0 0.0 0.0 0.0 0.0 0.0 0.0 0.0 0.0 0.0 0.0 0.0 0.0 0.0 0.0 0.0 0.0 0.0 0.0 0.0 0.0 0.0 0.0 0.0 0.0 0.0 0.0 0.0 0.0 0.0 0.0 0.999945 0.0 0.0 0.0 0.0 0.0 0.0 0.0 0.0 0.0 0.0 0.0 0.0 0.0 0.0 0.0 0.0 0.0 0.0 0.0 0.0 0.0 0.0 0.0 0.0 0.0 0.0 0.0 0.0
0.0 0.0 0.0 0.0 0.0 0.0 0.0 0.0 0.0 0.0 0.0 0.0 0.0 0.0 0.0 0.0 0.0 0.0 0.0 0.0 0.0 0.0 0.0 0.0 0.0 0.0 0.0 0.0 0.0 0.0 0.0 0.0 0.0 0.0 0.0 0.0 0.0 0.0 0.0 0.0 0.0 0.0 0.0 0.0 0.0 0.0 0.0 0.0 0.0 0.0 0.0 0.0 0.0 0.0 0.0 0.0 0.0 0.0 0.0 0.0 0.999987 0.0 0.0 0.0
0.0 2.38419e-07 0.0 4.89652e-05 0.0 1.78814e-07 0.0 0.0 0.0 0.0 0.0 0.000436157 0.0 0.0 0.0 0.0 0.0 0.0 0.0 0.0 0.0 0.0 0.0 0.000417203 1.51992e-06 0.0 0.0 0.0 0.000113577 0.0 0.0 0.0 2.563e-06 5.19454e-05 2.98023e-08 0.0 0.0 0.0 0.0 8.9407e-08 0.0 0.0 0.0 0.0 0.0 0.0 0.0 0.0 0.0 0.0059638 0.0 1.00732e-05 0.999631 0.0 0.0 0.0 0.0 0.0 0.0 0.0 0.0 0.0 0.0 0.0
0.0 0.0 0.0 0.0 0.0 0.0 0.0 0.0 0.0 0.0 0.0 0.0 0.0 0.0 0.0 0.0 0.0 0.0 0.0 0.0 0.0 0.0 0.0 0.0 0.0 0.0 0.0 0.0 0.0 0.0 0.0 0.0 0.0 0.0 0.0 0.0 0.0 0.0 0.0 0.0 0.0 0.0 0.0 0.0 0.0 0.0 0.0 0.0 0.0 0.0 0.0 0.0 0.0 0.0 0.0 0.0 0.0 0.999288 0.0 0.0 0.0 0.0 0.0 0.0
0.0 0.0 0.0 0.0 0.0 0.0 0.0 0.0 0.0 0.0 0.0 0.0 0.0 0.0 0.0 0.0 0.0 0.0148808 0.0 0.0 0.0 0.0 0.0 0.0 0.0 0.0 0.0 0.0 0.0 0.0 0.0 8.9407e-08 0.0 0.0 0.0 0.0 0.0 0.0 0.0 0.0 0.0 0.0 0.0 0.0 0.0 0.0 0.0 0.0 0.0 0.0 0.999868 0.0 0.0 0.0 0.0 0.0 0.0 0.0 0.0 0.0 0.0 0.0 0.0 0.0
0.0 0.991485 0.0 0.0 0.00130239 0.0 0.0 0.0 0.0 0.0 0.0 0.0 0.0 0.0 0.0 0.0 0.0 0.0 0.0 0.0 0.0 0.0 0.0 0.0 9.53674e-07 0.0 0.0 0.0 2.29478e-06 0.0 0.0 0.0 0.0 2.83122e-06 0.0 0.0 0.0 0.0 9.53674e-07 8.9407e-08 0.0 0.0 2.08616e-07 0.0 0.0 0.0 0.0 0.0 0.0 5.69224e-06 0.0 0.230366 8.9407e-08 0.0 0.0 0.0 0.0 0.0 0.0 0.0 0.0 0.0 0.0 0.0
0.0 0.0 0.0 0.0 0.0 0.0 0.0 0.0 0.0 0.0 0.0 0.0 0.0 0.0 0.0 0.0 0.0 0.0 0.0 0.0 0.0 0.0 0.0 0.0 0.0 0.0 0.0 0.0 0.0 0.0 2.98023e-07 0.999969 0.0 0.0 0.0 0.0 0.0 0.0 0.0 0.0 0.0 0.0 0.0 0.0 0.0 0.0 0.0 0.0 0.0 0.0 8.9407e-08 0.0 0.0 0.0 0.0 0.0 0.0 0.0 0.0 0.0 0.0 0.0 0.0 0.0
0.0 0.000208974 0.0 0.0 0.999966 0.0 0.0 0.0 0.0 0.0 0.0 0.0 0.0 0.0 0.0 0.0 0.0 0.0 0.0 0.0 0.0 0.0 0.0 0.0 0.0 0.0 0.0 0.0 0.0 0.0 0.0 0.0 0.0 0.00701576 0.0 0.0 0.0 0.0 1.49012e-07 0.0 0.0 0.0 0.0 0.0 0.0 0.0 0.0 0.0 0.0 0.0 0.0 0.000627369 0.0 0.0 0.0 0.0 0.0 0.0 0.0 0.0 0.0 0.0 0.0 0.0
0.0 0.0 0.0 0.0 0.0 1.49012e-07 0.0 0.0 0.0 1.73151e-05 4.26173e-06 0.0 0.0 0.0 1.78814e-07 0.0 1.19209e-07 0.0 8.04663e-07 2.68221e-07 0.0 1.44839e-05 1.34706e-05 0.0 0.0 4.52995e-06 0.0 0.0 0.0 4.17233e-07 0.0 0.0 2.98023e-08 0.0 0.0 0.0 0.0 0.000188589 0.0 0.0 0.0 0.0 0.0 0.0 5.96046e-08 5.96046e-08 0.0 0.0 0.0 0.0 0.0 0.0 0.0 5.00679e-06 6.25849e-07 2.68221e-07 0.0 0.0 0.0 0.0 0.0 0.000239015 0.0 0.0
0.006179 0.0 0.0 0.0 0.0 0.0 0.0 0.0 0.0 0.674156 0.000311941 0.0 0.0 0.0 0.763208 0.0 0.000201851 0.0 0.53084 0.00289509 0.0 0.0123118 0.00517938 0.0 0.0 0.000451505 0.0 0.0 0.0 0.997149 0.0 0.0 0.0 0.0 0.0 0.0 0.0 0.00597867 0.0 0.0 0.0 0.0 0.0 0.0 0.398005 0.0 0.0 0.0 0.0 0.0 0.0 0.0 0.0 0.5962 2.08616e-07 0.0 0.0554714 0.0 0.512532 0.0 0.0 0.0600338 2.05636e-06 0.0
0.0 0.0 0.0 0.0 0.0 0.0001463 0.0 4.55976e-05 0.0 0.0 0.342591 2.98023e-08 0.0 0.0 1.63913e-06 0.0 0.995106 0.0 0.000106812 0.0 0.0 9.23872e-07 0.0697085 0.0 0.0 0.00084132 0.0 0.0 0.0 1.07288e-06 0.0 0.0 0.000381887 0.0 0.0 0.0 0.0 0.0 0.0 0.0 0.0 0.0 0.0 0.0 0.0 0.0 0.0 0.0 0.0 0.0 0.0 0.0 0.0 0.0 0.0212565 0.00522128 0.00460798 0.0 5.06639e-07 0.0 0.0 2.98023e-08 0.000132084 0.0
0.0 0.0 0.0 0.0 0.0 0.0 0.0 0.0 0.0 0.0 0.0 0.0 0.0 0.0 0.0 0.0 0.0 0.0 0.0 0.0 0.0 0.0 0.0 0.0 0.0 0.0 0.0 0.0 0.0 0.0 0.0 0.0 0.0 0.0 0.0 0.0 0.0 0.0 0.0 0.0 0.0 0.999976 0.0 0.0 0.0 0.0 0.0 0.0 0.0 0.0 0.0 0.0 0.0 0.0 0.0 0.0 0.0 0.0 0.0 0.0 0.0 0.0 0.0 0.0
0.000234634 0.0 0.0 0.0 0.0 0.0 0.0 0.0 0.0 0.825266 0.000124186 0.0 0.0 0.0 0.160469 0.0 3.9041e-06 0.0 0.271194 0.00254714 0.0 0.238221 0.000576735 0.0 0.0 8.4579e-05 0.0 0.0 0.0 0.0474504 0.0 0.0 0.0 0.0 0.0 0.0 0.0 0.252604 0.0 0.0 0.0 0.0 0.0 0.0 0.00747445 0.0 0.0 0.0 0.0 0.0 0.0 0.0 0.0 0.846553 0.0 0.0 0.00406519 0.0 0.00394851 0.0 0.0 0.985961 0.0 0.0
3.03984e-06 0.0 0.0 0.0 0.0 0.0 0.0 0.0 0.0 6.05881e-05 0.0 0.0 0.0 0.0 0.0 0.0 0.0 0.0 0.0 9.56655e-06 0.0 0.0 0.0 0.0 0.0 0.0 0.0 0.0 0.0 0.0 0.0 0.0 0.0 0.0 0.0 0.0 0.0 0.00158474 0.0 0.0 0.0 0.0 0.0 0.0 1.49012e-07 0.0 0.0 0.0 0.0 0.0 0.0 0.0 0.0 0.0 0.0 0.0 0.0 0.000145376 0.0 0.0 0.0 0.0 0.0 0.0
0.021756 0.0 0.0 0.0 0.0 0.0 0.0 0.0 0.0 0.972066 2.02954e-05 0.0 0.0 0.0 0.757748 0.0 1.04308e-06 0.0 0.295334 0.0630685 0.0 0.178227 0.000288993 0.0 0.0 2.27392e-05 0.0 0.0 0.0 0.371203 0.0 0.0 0.0 0.0 0.0 0.0 0.0 0.502761 0.0 0.0 0.0 0.0 0.0 0.0 0.338596 0.0 0.0 0.0 0.0 0.0 0.0 0.0 0.0 0.990466 0.0 0.0 0.00302979 0.0 0.0567878 0.0 0.0 0.865085 0.0 0.0
0.0 0.0 0.0 0.0 0.0 0.0 0.0 0.0 0.0 0.0 0.0 0.0 0.000421107 0.0 0.0 0.0 0.0 0.0 0.0 0.0 0.0 0.0 0.0 0.0 6.25849e-07 0.0 0.998867 0.0 0.0 0.0 0.0 0.0 0.0 0.0 0.0 0.0 0.0 0.0 0.00289163 0.0 0.0 0.0 0.0 0.0 0.0 0.0 8.9407e-08 0.0 0.0 0.0 0.0 0.0 0.0 0.0 0.0 0.0 0.0 0.0 0.0 1.78814e-07 0.0 0.0 0.0 0.0
0.0 0.0 0.0 0.0 0.0 0.0 0.0 0.0 0.0 0.0 0.0 0.0 0.0 0.0 0.0 0.999478 0.0 0.0 0.0 0.0 0.0 0.0 0.0 0.0 0.0 0.0 0.0 0.0 0.0 0.0 0.0 0.0 0.0 0.0 0.0 0.0 0.0 0.0 0.0 0.0 0.0 0.0 0.0 0.0 0.0 0.0 0.0 0.0 5.01275e-05 0.0 0.0 0.0 0.0 0.0 0.0 0.0 0.0 0.0 0.0 0.0 0.0 0.0 0.0 0.0
0.930037 0.0 0.0 0.0 0.0 0.0 0.0 0.0 0.0 0.99129 0.0 0.0 0.0 0.0 0.00456259 0.0 0.0 0.0 5.17666e-05 0.988546 0.0 8.08239e-05 8.9407e-08 0.0 0.0 0.0 0.0 0.0 0.0 0.0238132 0.0 0.0 0.0 0.0 0.0 0.0 0.0 0.973254 0.0 0.0 0.0 0.0 0.0 0.0 0.671495 0.0 0.0 0.0 0.0 0.0 0.0 0.0 0.0 0.278444 0.0 0.0 2.68221e-07 0.0 0.00452575 0.0 0.0 0.0302691 0.0 0.0
0.000349402 0.0 0.0 0.0 0.0 5.68926e-05 0.0 6.25849e-07 0.0 0.00962603 0.993149 0.0 0.0 0.0 0.465381 0.0 0.773949 0.0 0.346303 5.78463e-05 0.0 0.0022313 0.484041 0.0 0.0 0.00168252 0.0 0.0 0.0 0.316103 0.0 0.0 3.84152e-05 0.0 1.49012e-07 0.0 0.0 0.000268668 0.0 0.0 0.0 0.0 0.0 0.0 0.00757176 0.0 0.0 0.0 0.0 0.0 0.0 0.0 0.0 0.0677425 0.00114599 0.000134319 0.851776 2.08616e-06 0.0575046 0.0 0.0 0.00346634 0.259746 0.0
0.0 0.0 0.0 0.0 0.0 0.0 0.0 0.0 0.0 0.0 0.0 0.0 0.0 0.0 0.0 0.000684381 0.0 0.0 0.0 0.0 0.0 0.0 0.0 0.0 0.0 0.0 0.0 0.0 0.0 0.0 0.0 0.0 0.0 0.0 0.0 0.0 0.0 0.0 0.0 0.0 0.0 0.0 0.0 0.0 0.0 0.0 0.0 0.0 0.999675 0.0 0.0 0.0 0.0 0.0 0.0 0.0 0.0 0.0 0.0 0.0 0.0 0.0 0.0 0.0
38 12 39 11 55 22 9 37 42 49 34 30 41 25 18 14 28 1 24 36 8 6 56 21 33 23 54 45 13 43 61 0 51 20 16 60 63 40 19 58 4 59 7 15 48 27 44 53 46 26 3 2 50 47 35 29 52 32 62 17 31 57 5 10
