8
0.0 0.0 0.0 0.0 0.0 0.0 0.0 0.0 0.0 0.0 0.0 0.0 0.0 0.0 0.0 0.0 0.0 0.0 0.0 0.0 0.0 0.0 0.0 0.0 0.0 0.0 0.0 0.0 0.0 0.0 0.0 0.0 0.0 0.0 0.0 0.0 0.0 0.0 0.0 0.0 0.0 0.0 0.0 0.0 0.0 0.0 0.0 0.0 0.0 0.0 0.0 0.0 0.0 0.0 0.0 0.0 0.0 0.0 0.0 0.0 0.0 0.0 0.0 0.0
0.0 0.00119501 0.0 0.000725597 0.0 0.000298858 0.0 0.0105411 0.0 1.54972e-06 1.19209e-07 0.0 0.998768 0.0 0.0 0.0 0.0 0.0 0.00284466 0.0 0.000270754 0.0 0.0 0.0 0.0 0.0 0.0 0.0 0.0 0.0 0.0 0.0 0.0 0.0 0.0 1.01328e-06 0.0 0.0 0.0 0.0 0.0142606 0.00644204 0.0 0.0154231 0.029398 0.0 0.0 0.0 0.0 0.0 0.0 0.0 0.0 1.19209e-07 0.0 0.161946 0.0 0.0 0.0 0.0 0.0 0.0 0.0 0.0
0.0 0.0 0.0 0.0 2.98023e-08 2.68221e-07 0.0 0.0 0.0 0.0 0.0 0.0 0.0 0.0 0.0 0.0 0.0 0.0 1.2517e-06 0.0 0.0 0.0 3.8445e-06 0.999878 0.00515598 0.0 0.0 2.38419e-06 0.0 0.0 0.0 0.0 0.0 5.1558e-06 0.0195052 0.0 0.0 0.0 0.0 0.0 0.0 0.0 0.0 0.0 0.0 0.0 0.0 0.0 0.0 0.0 0.000468045 1.15633e-05 0.0 0.0 0.0 0.0 0.0 0.0 0.0 0.0 0.0 0.0 1.17123e-05 0.0
0.0 0.0 0.0 0.00116673 0.0 0.0129099 0.0 0.0 0.0 9.9808e-05 0.0 0.0 0.0 0.0 0.0 0.0 0.0 0.0 0.13817 0.0 0.0 0.0 0.00114015 0.0305547 0.985746 0.0 0.0 1.66893e-06 2.33948e-05 0.0 0.0 0.0 0.0 0.00840524 7.39992e-05 0.0 0.0 0.0 0.0 0.0 0.0 0.0 0.0642104 0.0 0.0 0.0 4.05908e-05 5.96046e-08 0.0 0.0 0.533852 6.25849e-07 0.0 0.0 0.0 0.0 0.0 0.0 0.0 0.0 0.0 0.0 0.000258714 0.0
0.0 0.0 0.0 0.0 0.921085 0.0 0.0 0.0 0.0 0.0 0.0 0.0 0.0 0.0 0.0 0.0 0.0 0.0 0.0 3.3766e-05 0.0 0.0 0.443518 9.23872e-07 0.0106316 0.0 0.0 0.919226 8.90493e-05 0.0 0.0 0.0 0.0 0.0 0.00214389 0.0 0.0 0.0 0.0 0.0 0.0 0.0 1.43051e-06 0.0 0.0 0.0 1.06394e-05 0.0 0.0 0.0 4.17233e-05 0.000337809 0.0 0.0 0.0 0.0 0.0 0.0 0.0 0.0 0.0 1.78814e-05 0.746121 0.0
3.66569e-06 0.0 0.0 0.0 0.0 0.0 0.0 0.0 0.0 0.0 0.0 0.0 0.0 0.0 0.0 0.0 0.0 0.0 0.0 0.0 0.0 0.0 0.0 0.0 0.0 0.0 0.0 0.0 0.0 0.0 0.0 0.0 0.0 0.0 0.0 0.0 0.0 0.0 0.0 0.0 0.0 0.0 0.0 0.0 0.0 0.0 0.0 0.0 0.0 0.0 0.0 0.0 0.0 0.0 0.0 0.0 0.0 0.0 0.0 0.0 0.00409704 0.0 0.0 0.000132412
0.0 0.0 0.0 0.0 0.0 0.0 0.0 0.0 0.0 0.0 0.0 0.0 0.0 0.310155 0.0 0.0 2.98023e-08 0.0 0.0 0.0 0.0 0.0 0.0 0.0 0.0 0.0 0.0 0.0 0.0 0.0 0.0 2.07126e-05 9.98378e-06 0.0 0.0 0.0 0.0 0.0 0.0 0.0 0.0 0.0 0.0 0.0 0.0 1.78814e-07 0.0 0.0 0.0 0.0 0.0 0.0 0.0 0.0 0.969552 0.0 0.0 0.0 0.0 0.0 0.0 0.0 0.0 0.0
0.0 2.5928e-06 0.0 0.112952 0.0 0.000509769 0.0 4.17233e-07 0.0 0.99879 0.0 0.0 5.1856e-05 0.0 0.0 0.0 0.0 0.0 0.00221843 0.0 1.78814e-07 0.0 0.0 0.0 0.0 0.0 0.0 0.0 0.0 0.0 0.0 0.0 0.0 6.55651e-07 0.0 0.0 0.0 0.0 0.0 0.0 1.75834e-06 8.9407e-08 0.0 2.56896e-05 6.25849e-07 0.0 0.0 0.0 0.0 0.0 0.0 0.0 0.0 0.0 0.0 3.37362e-05 0.0 0.0 0.0 0.0 0.0 0.0 0.0 0.0
0.0 0.0 0.0 0.0 0.0 0.0 0.0 0.0 1.78814e-07 0.0 0.0 0.0 0.0 0.0 0.0 0.0 0.0186897 0.0 0.0 0.0 0.0 0.0 0.0 0.0 0.0 0.0 3.84152e-05 0.0 0.0 0.0 0.0 0.0 7.15256e-07 0.0 0.0 0.0 8.9407e-08 0.0 5.06639e-07 0.138492 0.0 0.0 0.0 0.0 0.0 3.47793e-05 0.0 0.0 0.0 8.04663e-07 0.0 0.0 0.337375 0.0 0.0 0.0 0.0 0.99106 1.3411e-05 1.07288e-06 0.0 0.0 0.0 0.0
0.0 0.0 0.0 0.0 0.0 0.0 0.0 0.0 0.0 0.0 0.0 0.0 0.0 0.0 0.0 0.0 0.0 0.999998 0.0 0.0 0.0 0.0 0.0 0.0 0.0 0.0043112 0.0 0.0 0.0 0.0 0.0 0.0 0.0 0.0 0.0 0.0 0.0 0.0 0.0 0.0 0.0 0.0 0.0 0.0 0.0 0.0 0.0 0.0 0.0 0.0 0.0 0.0 0.0 0.0 0.0 0.0 0.0 0.0 0.0 0.0 0.0 0.0 0.0 0.0
0.0 0.0 0.0 0.0 0.0 0.0 0.999715 0.0 0.0 0.0 0.0 2.38419e-07 0.0 0.0 0.0 0.0 0.0 0.0 0.0 0.0 0.0 0.0 0.0 0.0 0.0 0.0 0.0 0.0 0.0 0.0 0.0 0.0 0.0 5.96046e-08 0.0 0.0 0.0 0.0 0.0 0.0 0.0 0.0 8.9407e-08 0.0 0.0 0.0 0.0 0.0 0.0 0.0 0.0 0.0 0.0 0.0 0.0 0.0 0.0 0.0 0.0 0.0 0.0 0.0 0.0 0.0
0.0 0.0 0.0 0.0 0.0155938 0.0 0.0 0.0 0.0 0.0 0.0 0.0 0.0 0.0 0.0 0.0 0.0 0.0 0.0 0.0131891 0.0 0.0 2.38419e-07 0.0 0.0 0.0 0.0 8.44598e-05 3.36468e-05 0.0 0.0 0.0 0.0 0.0 2.5034e-06 0.0 0.0 0.0 0.0 0.0 0.0 0.0 2.98023e-08 0.0 0.0 0.0 4.47035e-07 0.0 0.0 0.0 0.0 0.0 0.0 0.0 0.0 0.0 0.0 0.0 0.0 0.0 0.0 0.999139 0.00703388 0.0
0.0 0.0 0.0 0.0 0.0 0.0 0.0 0.0 0.0 0.0 0.0 0.0 0.0 0.0 0.0 0.0 0.0 0.0 0.0 0.0 0.0 0.0 0.0 0.0 0.0 0.0 0.0 0.0 0.0 0.0 0.0 0.0 0.0 0.0 0.0 0.0 0.0 0.0 0.0 0.0 0.0 0.0 0.0 0.0 0.0 0.0 0.0 0.0 0.0 0.0 0.0 0.0 0.0 0.0 0.0 0.0 0.0 0.0 0.0 0.0 0.0 0.0 0.0 0.992848
0.0 0.0 0.0 0.0 0.0 0.0 0.0 0.0 0.0829669 0.0 0.0 0.0 0.0 0.0 0.0 0.0 0.000292957 0.0 0.0 0.0 0.0 0.0 0.0 0.0 0.0 0.0 0.0 0.0 0.0 0.0 6.9201e-05 0.0 0.0 0.0 0.0 0.0 0.000677556 0.0322656 0.00771296 0.0 0.0 0.0 0.0 0.0 0.0 0.0 0.0 0.0 0.0 0.246769 0.0 0.0 0.11884 0.0 0.0 0.0 5.71311e-05 0.000133961 0.987204 0.0 0.0 0.0 0.0 0.0
0.0 0.0 0.0 2.38419e-07 0.0 2.98023e-08 5.36442e-07 0.0 0.0 0.0 0.0 0.0 0.0 0.0 0.0 0.0 0.0 0.0 1.19209e-07 0.0 0.0 0.0 0.0 2.98023e-07 5.38826e-05 0.0 0.0 0.0 5.33462e-06 0.0 0.0 0.0 0.0 0.999773 0.0 0.0 0.0 0.0 0.0 0.0 0.0 0.0 0.00522307 0.0 0.0 0.0 8.9407e-08 0.0 0.0 0.0 3.8743e-07 0.0 0.0 0.0 0.0 0.0 0.0 0.0 0.0 0.0 0.0 0.0 0.0 0.0
0.0 0.0 0.0 0.0 0.0 0.0 0.0 0.0 0.0 0.0 0.0 0.0 0.0 0.0 0.0 0.0 7.15256e-07 0.0 0.0 0.0 0.0 0.0 0.0 0.0 0.0 0.0 0.981913 0.0 0.0 0.0 0.0 0.0 0.000133842 0.0 0.0 0.0 0.0 0.0 0.0 0.0022743 0.0 0.0 0.0 0.0 0.0 0.00602818 0.0 0.0 0.0 0.0 0.0 0.0 0.0 0.0 0.0 0.0 0.0 2.563e-06 0.0 0.0171687 0.0 0.0 0.0 0.0
0.0 8.9407e-08 0.0 0.197019 0.0 0.0190682 0.0 1.49012e-06 0.0 3.45707e-05 0.0 0.0 0.00200009 0.0 0.0 0.0 0.0 0.0 0.999757 0.0 0.0 0.0 0.0 8.9407e-08 1.66893e-06 0.0 0.0 0.0 0.0 0.0 0.0 0.0 0.0 1.19209e-07 0.0 0.0 0.0 0.0 0.0 0.0 0.0 0.0 0.0 8.64267e-07 0.0 0.0 0.0 0.0 0.0 0.0 5.96046e-08 0.0 0.0 0.0 0.0 0.0 0.0 0.0 0.0 0.0 0.0 0.0 0.0 0.0
0.0 0.0 0.0 0.0 0.0 0.0 0.0 0.0 0.0 0.0 0.0 0.0 0.0 0.0 0.0 0.0 0.0 0.0 0.0 0.0 0.0 0.0 0.0 0.0 0.0 0.0 0.0 0.0 0.0 0.0 0.0 0.0 0.0 0.0 0.0 0.0 0.0 0.0 0.0 0.0 0.0 0.0 0.0 0.0 0.0 0.0 0.0 0.0 0.999997 0.0 0.0 0.0 0.0 0.0 0.0 0.0 0.0 0.0 0.0 0.0 0.0 0.0 0.0 0.0
0.0 1.84774e-06 0.0 0.0824568 0.0 0.993105 0.0 1.70767e-05 0.0 0.000632018 0.0 0.0 0.00456828 0.0 0.0 0.0 0.0 0.0 0.0714004 0.0 1.49012e-07 0.0 0.0 0.0 0.0 0.0 0.0 0.0 0.0 0.0 0.0 0.0 0.0 2.98023e-08 0.0 0.0 0.0 0.0 0.0 0.0 2.23517e-06 3.8743e-07 0.0 3.27229e-05 4.17233e-07 0.0 0.0 0.0 0.0 0.0 1.78814e-07 0.0 0.0 0.0 0.0 5.66244e-07 0.0 0.0 0.0 0.0 0.0 0.0 0.0 0.0
0.0 0.0 0.0 0.0 0.000146687 0.0 0.0 0.0 0.0 0.0 0.0 0.0 0.0 0.0 0.0 0.0 0.0 0.0 0.0 1.78814e-07 0.0 0.0 0.0 0.0 0.174259 0.0 0.0 3.75509e-06 0.00183001 0.0 0.0 0.0 0.0 2.44379e-06 0.0 0.0 0.0 0.0 0.0 0.0 0.0 0.0 0.20321 0.0 0.0 0.0 0.998359 0.0 0.0 0.0 3.57628e-07 0.0 0.0 0.0 0.0 0.0 0.0 0.0 0.0 0.0 0.0 2.98023e-08 0.8146 0.0
0.0 0.0 0.0 0.0 0.0 0.0 0.0 0.0 5.89788e-05 0.0 1.49012e-07 0.0 0.0 0.0 0.0 0.0 2.98023e-08 0.0 0.0 0.0 0.0 5.39422e-06 0.0 0.0 0.0 0.0 0.0 0.0 0.0 0.0 0.99748 0.0 0.0 0.0 0.0 0.0 2.98023e-07 0.24896 0.0 0.0 0.0 0.0 0.0 0.0 0.0 0.0 0.0 0.0 0.0 9.77516e-06 0.0 0.0 7.15256e-06 1.19209e-07 0.0 0.0 2.68221e-07 0.0 5.06938e-05 0.0 0.0 0.0 0.0 0.0
0.0 4.47035e-06 0.0 8.9407e-08 0.0 0.0 0.0 0.32999 0.0 0.0 1.66893e-05 0.0 0.0155077 0.0 0.0 0.0 0.0 0.0 0.0 0.0 0.000321388 0.0 0.0 0.0 0.0 0.0 0.0 0.0 0.0 0.0 0.0 0.0 0.0 0.0 0.0 0.0459473 0.0 0.0 0.0 0.0 0.0306657 0.811607 0.0 0.00222498 0.984563 0.0 0.0 0.0 0.0 0.0 0.0 0.0 0.0 1.24276e-05 0.0 0.930812 0.0 0.0 0.0 0.0 0.0 0.0 0.0 0.0
0.0 0.0 0.0 0.0 0.0 2.98023e-08 0.0 0.0 0.0 0.0 0.0 0.0 0.0 0.0 0.0 0.0 0.0 0.0 0.0 0.0 0.0 0.0 2.98023e-08 0.0 0.0 0.0 0.0 0.0 0.0 0.0 0.0 0.0 0.0 0.0 0.0 0.0 0.0 0.0 0.0 0.0 0.0 0.0 0.0 0.0 0.0 0.0 0.0 0.999684 0.0 0.0 0.0 0.0 0.0 0.0 0.0 0.0 0.0 0.0 0.0 0.0 0.0 0.0 0.0 0.0
0.0 0.0 0.0 2.08616e-07 0.0 2.98023e-08 0.0 0.0 0.0 2.98023e-08 0.0 0.0 0.0 0.0 0.0 0.0 0.0 0.0 3.57628e-07 0.0 0.0 0.0 0.0 2.19345e-05 0.00130925 0.0 0.0 2.98023e-08 0.0 0.0 0.0 0.0 0.0 7.36117e-06 1.78814e-07 0.0 0.0 0.0 0.0 0.0 0.0 0.0 0.0 0.0 0.0 0.0 2.98023e-08 0.0 0.0 0.0 0.997941 0.0 0.0 0.0 0.0 0.0 0.0 0.0 0.0 0.0 0.0 0.0 3.57628e-07 0.0
0.0 0.0 0.0 0.0 0.0002096 0.0 0.0 0.0 0.0 0.0 0.0 0.0 0.0 0.0 0.0 0.0 0.0 0.0 6.25849e-07 0.0 0.0 0.0 0.000189781 0.000301391 0.995328 0.0 0.0 0.00150126 6.24657e-05 0.0 0.0 0.0 0.0 0.000593364 0.000118405 0.0 0.0 0.0 0.0 0.0 0.0 0.0 0.00223622 0.0 0.0 0.0 0.00404021 0.0 0.0 0.0 0.547347 0.0 0.0 0.0 0.0 0.0 0.0 0.0 0.0 0.0 0.0 0.0 0.661576 0.0
0.0 0.0 0.340276 0.0 0.0 0.0 0.0 0.0 0.0409317 0.0 0.0158937 0.0 0.0 0.0 0.0 0.0 0.0 0.0 0.0 0.0 0.0 2.98023e-08 0.0 0.0 0.0 0.0 0.0 0.0 0.0 1.49012e-07 2.89083e-06 0.0 0.0 0.0 0.0 4.67896e-06 6.31809e-06 0.000730366 0.0380057 0.0 0.0 0.0 0.0 0.0 0.0 0.0 0.0 0.0 0.0 2.25306e-05 0.0 0.0 4.76837e-07 4.50313e-05 0.0 9.23872e-07 0.987983 0.0 3.43621e-05 0.0 0.0 0.0 0.0 0.0
0.0 0.0 0.0 0.0 0.0 0.0 0.0 0.0 2.08616e-07 0.0 0.0 0.0 0.0 4.14252e-06 3.27826e-07 0.0 0.986859 0.0 0.0 0.0 0.0 0.0 0.0 0.0 0.0 0.0 1.75834e-06 0.0 0.0 0.0 0.0 0.0 0.0 0.0 0.0 0.0 3.41833e-05 5.96046e-08 2.98023e-07 2.83122e-06 0.0 0.0 0.0 0.0 0.0 1.3113e-06 0.0 0.0 0.0 0.000292569 0.0 0.0 0.0973493 0.0 2.98023e-08 0.0 0.0 0.00558802 0.000176132 5.96046e-08 0.0 0.0 0.0 0.0
0.0 0.0 0.0 0.0 0.000980109 0.0 0.0 0.0 0.0 0.0 0.0 0.0 0.0 0.0 0.0 0.0 0.0 0.0 0.0 0.0 0.0 0.0 0.00477213 3.74019e-05 0.000178665 0.0 0.0 0.011039 0.0 0.0 0.0 0.0 0.0 0.0 0.998014 0.0 0.0 0.0 0.0 0.0 0.0 0.0 0.0 0.0 0.0 0.0 0.0 0.0 0.0 0.0 1.34408e-05 0.0238389 0.0 0.0 0.0 0.0 0.0 0.0 0.0 0.0 0.0 4.11272e-06 6.49691e-06 0.0
0.0 0.02995 2.98023e-08 2.98023e-08 0.0 5.96046e-08 0.0 8.58307e-06 0.0 8.9407e-08 1.19209e-07 0.0 0.00015378 0.0 0.0 0.0 0.0 0.0 0.0 0.0 0.94814 0.0 0.0 0.0 0.0 0.0 0.0 0.0 0.0 0.0 0.0 0.0 0.0 0.0 0.0 0.0 0.0 0.0 0.0 0.0 0.00712791 0.44167 0.0 0.998704 0.00137725 0.0 0.0 0.0 0.0 0.0 0.0 0.0 0.0 0.0014444 0.0 0.150935 0.0 0.0 0.0 0.0 0.0 0.0 0.0 0.0
0.0 0.0 0.0 0.0 0.0 0.0 0.0 0.0 0.0 0.0 0.0 0.0 0.0 0.0 0.999998 0.0 0.0 0.0 0.0 0.0 0.0 0.0 0.0 0.0 0.0 0.0 0.0 0.0 0.0 0.0 0.0 0.0 0.0 0.0 0.0 0.0 0.0 0.0 0.0 0.0 0.0 0.0 0.0 0.0 0.0 0.0 0.0 0.0 0.0 0.0 0.0 0.0 0.0 0.0 0.0 0.0 0.0 0.0 0.0 0.0 0.0 0.0 0.0 0.0
0.0 0.0 1.04308e-06 0.0 0.0 0.0 0.0 0.0 3.33786e-05 0.0 8.9407e-08 0.0 0.0 0.0 3.65973e-05 0.0 0.000157118 0.0 0.0 0.0 0.0 0.000242412 0.0 0.0 0.0 0.0 0.0 0.0 0.0 0.0 0.0203341 0.0 0.0 0.0 0.0 9.83477e-07 0.0657072 0.9998 1.13547e-05 0.0 0.0 0.0 0.0 0.0 0.0 0.0 0.0 0.0 0.0 0.295974 0.0 0.0 0.006102 2.08616e-07 0.0 0.0 6.57141e-05 8.34465e-07 0.0342746 0.0 0.0 0.0 0.0 0.0
0.0 0.0 1.02222e-05 0.0 0.0 0.0 0.0 0.0 0.987523 0.0 1.78814e-07 0.0 0.0 0.0 0.0 0.0 3.15905e-06 0.0 0.0 0.0 0.0 1.07288e-06 0.0 0.0 0.0 0.0 0.0 0.0 0.0 0.0 0.00333792 0.0 0.0 0.0 0.0 0.0 5.39422e-06 0.000278592 0.000616401 0.0 0.0 0.0 0.0 0.0 0.0 0.0 0.0 0.0 0.0 0.000926465 0.0 0.0 0.222428 0.0 0.0 0.0 0.0024108 8.00192e-05 0.0532332 0.0 0.0 0.0 0.0 0.0
0.981718 0.0 0.0 0.0 0.0 0.0 0.0 0.0 0.0 0.0 0.0 0.0 0.0 0.0 0.0 0.0 0.0 0.0 0.0 0.0 0.0 0.0 0.0 0.0 0.0 0.0 0.0 0.0 0.0 0.0 0.0 0.0 0.0 0.0 0.0 0.0 0.0 0.0 0.0 0.0 0.0 0.0 0.0 0.0 0.0 0.0 0.0 0.0 0.0 0.0 0.0 0.0 0.0 0.0 0.0 0.0 0.0 0.0 0.0 0.0 0.0267034 0.0 0.0 0.0
0.0 0.0 0.0 0.0 0.000117332 0.0 0.0 0.0 0.0 0.0 0.0 0.0 0.0 0.0 0.0 0.0 0.0 0.0 0.0 0.997458 0.0 0.0 0.0 0.0 0.0 0.0 0.0 5.06639e-07 0.000785261 0.0 0.0 0.0 0.0 0.0 0.0 0.0 0.0 0.0 0.0 0.0 0.0 0.0 3.8743e-07 0.0 0.0 0.0 2.31266e-05 0.0 0.0 0.0 0.0 0.0 0.0 0.0 0.0 0.0 0.0 0.0 0.0 0.0 0.0 1.12951e-05 0.0657055 0.0
0.0 0.0 0.0 0.0 0.983689 0.0 0.0 0.0 0.0 0.0 0.0 0.0 0.0 0.0 0.0 0.0 0.0 0.0 0.0 5.96046e-08 0.0 0.0 0.000215173 5.06639e-07 0.00393155 0.0 0.0 0.730868 3.57628e-07 0.0 0.0 0.0 0.0 0.0 0.000482261 0.0 0.0 0.0 0.0 0.0 0.0 0.0 2.08616e-07 0.0 0.0 0.0 1.10865e-05 0.0 0.0 0.0 9.80496e-06 7.56979e-06 0.0 0.0 0.0 0.0 0.0 0.0 0.0 0.0 0.0 2.98023e-06 0.439035 0.0
0.0 0.0 0.0 0.0 0.0 0.0 0.0 0.0 0.0 0.0 0.0 0.0 0.0 0.0 0.0 0.0 7.04825e-05 0.0 0.0 0.0 0.0 0.0 0.0 0.0 0.0 0.0 0.364021 0.0 0.0 0.0 0.0 0.0 0.000592381 0.0 0.0 0.0 0.0 0.0 0.0 0.892255 0.0 0.0 0.0 0.0 0.0 0.0169545 0.0 0.0 0.0 0.0 0.0 0.0 4.44055e-06 0.0 0.0 0.0 0.0 0.00069961 0.0 0.00049305 0.0 0.0 0.0 0.0
0.0 0.0 0.0 0.0 0.0 0.0 0.0 0.0 0.0 0.0 0.0 0.0 0.0 1.49012e-07 0.0 0.0 0.0 0.0 0.0 0.0 0.0 0.0 0.0 0.0 0.0 0.0 0.0 0.0 0.0 0.0 0.0 0.993082 0.000364423 0.0 0.0 0.0 0.0 0.0 0.0 0.0 0.0 0.0 0.0 0.0 0.0 8.34465e-07 0.0 0.0 0.0 0.0 0.0 0.0 0.0 0.0 8.9407e-08 0.0 0.0 0.0 0.0 0.0 0.0 0.0 0.0 0.0
0.0 0.0 2.08616e-07 0.0 0.0 0.0 0.0 0.0 0.00017482 0.0 8.9407e-08 0.0 0.0 0.0 0.0 0.0 2.6226e-06 0.0 0.0 0.0 0.0 0.0 0.0 0.0 0.0 0.0 0.0 0.0 0.0 2.98023e-08 3.05474e-05 0.0 0.0 0.0 0.0 0.0 0.398008 0.783012 0.00184533 0.0 0.0 0.0 0.0 0.0 0.0 0.0 0.0 0.0 0.0 0.958322 0.0 0.0 0.000388384 0.0 0.0 0.0 9.98676e-05 8.9407e-08 0.0776944 0.0 0.0 0.0 0.0 0.0
0.0 0.0 0.0 0.0 0.0 0.0 0.0 0.0 0.00373471 0.0 0.0 0.0 0.0 0.0 3.57628e-07 0.0 0.0288865 0.0 0.0 0.0 0.0 2.98023e-08 0.0 0.0 0.0 0.0 0.0 0.0 0.0 0.0 1.19209e-07 0.0 0.0 0.0 0.0 0.0 9.95398e-06 5.1856e-06 1.51992e-05 1.3411e-06 0.0 0.0 0.0 0.0 0.0 0.0 0.0 0.0 0.0 0.000914991 0.0 0.0 0.992829 0.0 0.0 0.0 2.98023e-08 0.0928414 0.0219081 0.0 0.0 0.0 0.0 0.0
0.0 0.0 0.000523746 0.0 0.0 0.0 0.0 0.0 0.00115684 0.0 1.28448e-05 0.0 0.0 0.0 0.0 0.0 1.94013e-05 0.0 0.0 0.0 0.0 0.0 0.0 0.0 0.0 0.0 0.0 0.0 0.0 0.000781626 0.0 0.0 0.0 0.0 0.0 0.0 0.409648 7.98702e-06 0.999986 0.0 0.0 0.0 0.0 0.0 0.0 0.0 0.0 0.0 4.17233e-07 0.0150366 0.0 0.0 0.00203669 1.32322e-05 0.0 0.0 0.021475 8.67248e-06 0.0092206 0.0 0.0 0.0 0.0 0.0
0.0 1.67489e-05 0.00202385 0.0 0.0 0.0 0.0 0.0 2.08616e-07 0.0 0.00640747 0.0 0.0 0.0 0.0 0.0 0.0 0.0 0.0 0.0 0.000156701 0.0 0.0 0.0 0.0 0.0 0.0 0.0 0.0 4.16338e-05 1.78814e-07 0.0 0.0 0.0 0.0 1.63913e-05 0.0 1.33812e-05 3.18885e-06 0.0 2.5928e-05 0.000127494 0.0 6.25849e-07 7.95722e-06 0.0 0.0 0.0 0.0 0.0 0.0 0.0 0.0 0.997943 0.0 0.0369798 4.66108e-05 0.0 0.0 0.0 0.0 0.0 0.0 0.0
0.0 1.19209e-07 0.0547275 0.0 0.0 0.0 0.0 0.0 5.36442e-07 0.0 0.998894 0.0 0.0 0.0 0.0 0.0 0.0 0.0 0.0 0.0 2.98023e-08 5.36442e-07 0.0 0.0 0.0 0.0 0.0 0.0 0.0 2.38419e-07 2.98023e-07 0.0 0.0 0.0 0.0 0.000901788 0.0 3.57628e-07 4.47035e-07 0.0 3.18885e-06 1.49012e-07 0.0 0.0 1.07884e-05 0.0 0.0 0.0 0.0 0.0 0.0 0.0 0.0 0.000402302 0.0 0.00640464 0.0484261 0.0 0.0 0.0 0.0 0.0 0.0 0.0
0.0 2.98023e-08 5.66244e-07 0.0 0.0 0.0 0.0 0.0 0.0 0.0 5.126e-06 0.0 0.0 0.0 0.0 0.0 0.0 0.0 0.0 0.0 5.96046e-08 0.0 0.0 0.0 0.0 0.0 0.0 0.0 0.0 0.999577 0.0 0.0 0.0 0.0 0.0 0.0 4.47035e-06 0.0 0.000266731 0.0 0.0 1.19209e-07 0.0 0.0 0.0 0.0 0.0 0.0 0.0 5.96046e-08 0.0 0.0 0.0 4.92632e-05 0.0 2.98023e-08 8.9407e-08 0.0 0.0 0.0 0.0 0.0 0.0 0.0
0.0 0.0 1.19209e-07 0.0 0.0 0.0 0.0 0.0 3.75509e-06 0.0 5.96046e-08 0.0 0.0 0.0 0.0 0.0 1.70469e-05 0.0 0.0 0.0 0.0 0.0 0.0 0.0 0.0 0.0 0.0 0.0 0.0 6.4075e-06 4.17233e-07 0.0 0.0 0.0 0.0 0.0 0.995445 0.00656444 0.35456 0.0 0.0 0.0 0.0 0.0 0.0 0.0 0.0 0.0 0.0 0.612528 0.0 0.0 2.65241e-05 0.0 0.0 0.0 2.77758e-05 1.19209e-07 0.00377417 0.0 0.0 0.0 0.0 0.0
0.00516829 0.0 0.0 0.0 0.0 0.0 0.0 0.0 0.0 0.0 0.0 0.0 0.0 0.0 0.0 0.0 0.0 0.0 0.0 0.0 0.0 0.0 0.0 0.0 0.0 0.0 0.0 0.0 0.0 0.0 0.0 0.0 0.0 0.0 0.0 0.0 0.0 0.0 0.0 0.0 0.0 0.0 0.0 0.0 0.0 0.0 0.0 0.0 0.0 0.0 0.0 0.0 0.0 0.0 0.0 0.0 0.0 0.0 0.0 0.0 1.46031e-05 0.0 0.0 0.0
0.188301 0.0 0.0 0.0 0.0 0.0 0.0 0.0 0.0 0.0 0.0 0.0 0.0 0.0 0.0 0.0 0.0 0.0 0.0 0.0 0.0 0.0 0.0 0.0 0.0 0.0 0.0 0.0 0.0 0.0 0.0 0.0 0.0 0.0 0.0 0.0 0.0 0.0 0.0 0.0 0.0 0.0 0.0 0.0 0.0 0.0 0.0 0.0 0.0 0.0 0.0 0.0 0.0 0.0 0.0 0.0 0.0 0.0 0.0 0.0 0.992881 0.0 0.0 2.98023e-08
0.0 0.0 0.0 8.9407e-08 6.85453e-07 5.36442e-07 0.0 0.0 0.0 0.0 0.0 0.0 0.0 0.0 0.0 0.0 0.0 0.0 7.76947e-05 0.0 0.0 0.0 0.000247359 0.00056541 0.999851 0.0 0.0 3.5733e-05 8.64267e-07 0.0 0.0 0.0 0.0 7.72476e-05 2.7895e-05 0.0 0.0 0.0 0.0 0.0 0.0 0.0 0.0006015 0.0 0.0 0.0 7.58469e-05 0.0 0.0 0.0 0.0365254 2.08616e-07 0.0 0.0 0.0 0.0 0.0 0.0 0.0 0.0 0.0 0.0 0.0431326 0.0
0.0 0.0 0.0 0.0 0.0 0.0 0.0 0.0 0.0 0.0 0.0 0.999951 0.0 0.0 0.0 0.0 0.0 0.0 0.0 0.0 0.0 0.0 0.0 0.0 0.0 0.0 0.0 0.0 0.0 0.0 0.0 0.0 0.0 0.0 0.0 0.0 0.0 0.0 0.0 0.0 0.0 0.0 0.0 0.0 0.0 0.0 0.0 0.0 0.0 0.0 0.0 0.0 0.0 0.0 0.0 0.0 0.0 0.0 0.0 0.0 0.0 0.0 0.0 0.0
0.0 3.39746e-06 0.998364 0.0 0.0 0.0 0.0 0.0 7.45058e-06 0.0 0.0565565 0.0 0.0 0.0 0.0 0.0 0.0 0.0 0.0 0.0 0.0 0.0 0.0 0.0 0.0 0.0 0.0 0.0 0.0 3.27826e-07 0.0 0.0 0.0 0.0 0.0 1.04308e-06 0.0 8.34465e-07 0.00026238 0.0 5.90086e-06 5.96046e-08 0.0 0.0 0.0 0.0 0.0 0.0 0.0 0.0 0.0 0.0 0.0 0.00073874 0.0 5.67436e-05 0.114593 0.0 0.0 0.0 0.0 0.0 0.0 0.0
0.0 0.0 0.0 0.0 0.0 0.0 0.0 0.0 0.0 0.0 0.0 0.0 0.0 1.49012e-07 0.0 0.0 1.19209e-07 0.0 0.0 0.0 0.0 0.0 0.0 0.0 0.0 0.0 0.23733 0.0 0.0 0.0 0.0 8.9407e-08 0.0416729 0.0 0.0 0.0 0.0 0.0 0.0 1.07288e-05 0.0 0.0 0.0 0.0 0.0 0.25808 0.0 0.0 0.0 0.0 0.0 0.0 0.0 0.0 0.0 0.0 0.0 2.08616e-07 0.0 0.98477 0.0 0.0 0.0 0.0
0.0 1.40071e-06 0.0 0.986658 0.0 0.00462675 0.0 0.000416458 0.0 0.0287569 0.0 0.0 0.0987289 0.0 0.0 0.0 0.0 0.0 0.193562 0.0 8.64267e-07 0.0 0.0 0.0 0.0 0.0 0.0 0.0 0.0 0.0 0.0 0.0 0.0 5.66244e-07 0.0 0.0 0.0 0.0 0.0 0.0 1.95205e-05 9.83477e-06 0.0 0.000274271 1.05798e-05 0.0 0.0 0.0 0.0 0.0 8.9407e-08 0.0 0.0 0.0 0.0 2.22623e-05 0.0 0.0 0.0 0.0 0.0 0.0 0.0 0.0
0.0 0.0 0.0 0.0 3.9041e-06 0.0 0.0 0.0 0.0 0.0 0.0 0.0 0.0 0.0 0.0 0.0 0.0 0.0 0.0 0.0 0.0 0.0 0.999761 0.0 0.000282139 0.0 0.0 0.000868231 8.9407e-07 0.0 0.0 0.0 0.0 0.0 3.63588e-05 0.0 0.0 0.0 0.0 0.0 0.0 0.0 0.0 0.0 0.0 0.0 0.0 8.9407e-08 0.0 0.0 2.98023e-08 1.45435e-05 0.0 0.0 0.0 0.0 0.0 0.0 0.0 0.0 0.0 0.0 0.000153869 0.0
0.0 0.0 0.0 0.0 0.0 0.0 0.0 0.0 0.0 0.0 0.0 0.0 0.0 4.14252e-06 0.0 0.0 1.51992e-06 0.0 0.0 0.0 0.0 0.0 0.0 0.0 0.0 0.0 0.00448641 0.0 0.0 0.0 0.0 1.49012e-07 0.512246 0.0 0.0 0.0 0.0 0.0 0.0 0.00020808 0.0 0.0 0.0 0.0 0.0 0.98253 0.0 0.0 0.0 0.0 0.0 0.0 0.0 0.0 0.0 0.0 0.0 2.08616e-07 0.0 0.0355562 0.0 0.0 0.0 0.0
0.0 0.173388 1.19209e-07 0.0 0.0 0.0 0.0 1.58548e-05 0.0 0.0 3.27826e-07 0.0 0.000160813 0.0 0.0 0.0 0.0 0.0 0.0 0.0 0.998617 0.0 0.0 0.0 0.0 0.0 0.0 0.0 0.0 2.68221e-07 0.0 0.0 0.0 0.0 0.0 5.96046e-08 0.0 0.0 0.0 0.0 0.000944942 0.0245119 0.0 0.443644 7.2062e-05 0.0 0.0 0.0 0.0 0.0 0.0 0.0 0.0 0.0117827 0.0 0.0584154 0.0 0.0 0.0 0.0 0.0 0.0 0.0 0.0
0.0 0.0 0.0 0.0 0.0 0.0 0.0 0.0 0.0 0.0 0.0 0.0 0.0 0.999874 5.64456e-05 0.0 2.56598e-05 0.0 0.0 0.0 0.0 0.0 0.0 0.0 0.0 0.0 2.98023e-08 0.0 0.0 0.0 0.0 0.0746604 0.169685 0.0 0.0 0.0 0.0 0.0 0.0 0.0 0.0 0.0 0.0 0.0 0.0 0.00738019 0.0 0.0 0.0 0.0 0.0 0.0 0.0 0.0 0.988705 0.0 0.0 0.0 0.0 4.11272e-06 0.0 0.0 0.0 0.0
0.0 0.0 0.0 0.0 2.08616e-07 0.0 0.0 0.0 0.0 0.0 0.0 0.0 0.0 0.0 0.0 0.0 0.0 0.0 0.0 6.4075e-06 0.0 0.0 0.0 0.0 0.0 0.0 0.0 0.0 0.0 0.0 0.0 0.0 0.0 0.0 0.0 0.0 0.0 0.0 0.0 0.0 0.0 0.0 0.0 0.0 0.0 0.0 0.0 0.0 0.0 0.0 0.0 0.0 0.0 0.0 0.0 0.0 0.0 0.0 0.0 0.0 0.0 1.25766e-05 2.68221e-07 0.0
0.0 0.0 1.81794e-06 0.0 0.0 0.0 0.0 2.08616e-07 0.0 0.0 0.00028041 0.0 0.0 0.0 0.0 0.0 0.0 0.0 0.0 0.0 0.0 1.45137e-05 0.0 0.0 0.0 0.0 0.0 0.0 0.0 0.0 8.9407e-08 0.0 0.0 0.0 0.0 0.990235 0.0 6.25849e-07 0.0 0.0 1.3411e-06 1.57952e-06 0.0 0.0 0.000128776 0.0 0.0 0.0 0.0 0.0 0.0 0.0 0.0 2.98023e-07 0.0 0.00922802 5.66244e-07 0.0 0.0 0.0 0.0 0.0 0.0 0.0
0.0 0.0 0.0 0.0 0.0 0.0 0.0 0.0 0.0 0.0 0.0 0.0 0.0 0.000131071 2.98023e-08 0.0 0.0 0.0 0.0 0.0 0.0 0.0 0.0 0.0 0.0 0.0 0.000292182 0.0 0.0 0.0 0.0 5.81443e-05 0.985621 0.0 0.0 0.0 0.0 0.0 0.0 2.04444e-05 0.0 0.0 0.0 0.0 0.0 0.486926 0.0 0.0 0.0 0.0 0.0 0.0 0.0 0.0 2.08616e-07 0.0 0.0 0.0 0.0 0.00294685 0.0 0.0 0.0 0.0
0.0 0.0 0.0 0.0 0.0 0.0 0.0 0.0 0.0 0.0 0.0 0.0 0.0 0.0 0.0 0.0 0.0 0.0 0.0 0.0 0.0 0.996292 0.0 0.0 0.0 0.0 0.0 0.0 0.0 0.0 0.0 0.0 0.0 0.0 0.0 2.08616e-07 0.0 0.0 0.0 0.0 0.0 0.0 0.0 0.0 0.0 0.0 0.0 0.0 0.0 0.0 0.0 0.0 0.0 0.0 0.0 0.0 0.0 0.0 0.0 0.0 0.0 0.0 0.0 0.0
0.0 3.70145e-05 0.00015074 0.0 0.0 0.0 0.0 3.19183e-05 0.0 0.0 0.00416142 0.0 0.00349364 0.0 0.0 0.0 0.0 0.0 0.0 0.0 0.000516325 0.0 0.0 0.0 0.0 0.0 0.0 0.0 0.0 0.0 0.0 0.0 0.0 0.0 0.0 0.0472496 0.0 0.0 0.0 0.0 0.266249 0.101788 0.0 0.000282049 0.456901 0.0 0.0 0.0 0.0 0.0 0.0 0.0 0.0 0.0137284 0.0 0.999786 5.36442e-07 0.0 0.0 0.0 0.0 0.0 0.0 0.0
4.47035e-07 0.0 0.0 0.0 0.0 0.0 0.0 0.0 0.0 0.0 0.0 0.0 0.0 0.0 0.0 0.0 0.0 0.0 0.0 0.0 0.0 0.0 0.0 0.0 0.0 0.0 0.0 0.0 0.0 0.0 0.0 0.0 0.0 0.0 0.0 0.0 0.0 0.0 0.0 0.0 0.0 0.0 0.0 0.0 0.0 0.0 0.0 0.0 0.0 0.0 0.0 0.0 0.0 0.0 0.0 0.0 0.0 0.0 0.0 0.0 5.09322e-05 0.0 0.0 2.89679e-05
0.0 0.0 0.0 0.0 0.911734 0.0 0.0 0.0 0.0 0.0 0.0 0.0 0.0 0.0 0.0 0.0 0.0 0.0 0.0 5.96046e-08 0.0 0.0 0.0267566 1.49012e-06 0.000667512 0.0 0.0 0.999768 1.69873e-06 0.0 0.0 0.0 0.0 0.0 0.24118 0.0 0.0 0.0 0.0 0.0 0.0 0.0 1.49012e-07 0.0 0.0 0.0 7.7486e-07 0.0 0.0 0.0 4.21107e-05 0.0147412 0.0 0.0 0.0 0.0 0.0 0.0 0.0 0.0 0.0 0.000505477 0.31446 0.0
0.0 0.0 0.0 0.0 0.0 0.0 0.0 0.0 0.0 0.0 0.0 0.0 0.0 0.0 0.0 0.0 0.0 0.0 0.0 0.0 0.0 0.0 0.0 0.0 0.000139296 0.0 0.0 0.0 0.298871 0.0 0.0 0.0 0.0 0.0053502 0.0 0.0 0.0 0.0 0.0 0.0 0.0 0.0 0.999648 0.0 0.0 0.0 0.0025079 0.0 0.0 0.0 0.0 0.0 0.0 0.0 0.0 0.0 0.0 0.0 0.0 0.0 0.0 0.0 0.00875267 0.0
0.0 0.0 0.0 0.0 0.0 0.0 0.0 0.0 0.0 0.0 0.0 0.0 0.0 0.0 0.0 0.999997 0.0 0.0 0.0 0.0 0.0 0.0 0.0 0.0 0.0 0.0 0.0 0.0 0.0 0.0 0.0 0.0 0.0 0.0 0.0 0.0 0.0 0.0 0.0 0.0 0.0 0.0 0.0 0.0 0.0 0.0 0.0 0.0 0.0 0.0 0.0 0.0 0.0 0.0 0.0 0.0 0.0 0.0 0.0 0.0 0.0 0.0 0.0 0.0
0.0 0.0 0.0 0.0 0.0 0.0 0.0 0.0 0.0 0.0 0.0 0.0 0.0 0.0 0.0 0.0 0.0 0.0 0.0 0.0 0.0 0.0 0.0 0.0 0.0 0.0 0.0 0.0 0.0 0.0 0.0 0.0 0.0 0.0 0.0 0.0 0.0 0.0 0.0 0.0 0.0 0.0 0.0 0.0 0.0 0.0 0.0 0.0 0.0 0.0 0.0 0.0 0.0 0.0 0.0 0.0 0.0 0.0 0.0 0.0 0.0 0.0 0.0 0.0
0.0 2.84314e-05 0.0 0.0 0.0 0.00674319 0.0 0.0 0.0 0.0 0.0 0.0 0.0 0.0 0.0 0.0 0.0 0.0 0.0 0.0 0.0 1.19209e-07 0.0 0.0 0.0 0.0 0.0 0.0 0.0 0.0 0.0 0.0 0.0 0.0 0.0 0.0 0.0 0.0 0.0 0.0 0.000123471 0.998501 0.0 0.0 0.0 0.0 0.0 0.0 0.0 0.0 0.0 0.0 0.0 0.00280121 0.0 0.0 0.00492355 0.0 0.0 0.0 0.0 0.0 0.0 0.0
0.0 0.0 0.0 0.0 0.0 0.0 0.0 0.0 0.00064081 0.0 0.0 0.0 0.0 0.0 0.0 0.0 0.0 0.0 0.0 0.0 0.175937 0.0 0.0 0.0 0.0 0.0 0.995872 0.0 0.0 0.0 0.0 0.000154048 0.0 0.0 0.0 0.0 2.38419e-07 7.7486e-07 0.0323837 0.0 0.0 0.0 0.0 0.0 0.0 0.0 0.0 0.0 0.0 0.00298196 0.0 0.0 7.689e-06 0.0 5.96046e-08 0.0 0.0 0.000561804 0.0123031 0.0 0.0 0.0 0.0 0.0
0.0 0.000856966 0.0 3.78489e-06 0.0 0.998197 0.0 0.000343651 0.0 0.00017336 5.99027e-06 0.0 0.0 0.0 0.0 0.0 0.0 0.0 0.0 0.0 0.0 2.26796e-05 0.0 0.0 0.0 1.04606e-05 0.0 0.0 2.98023e-08 0.0 0.0 0.0 0.0 0.0 0.0 0.0 0.0 0.0 0.0 0.0 2.98023e-08 0.0710438 0.0 0.0 0.0 0.0 0.0 0.0 0.0 0.0 0.0 0.0 0.0 4.55678e-05 0.0 0.0 0.000197053 0.0 0.0 0.0 0.0 0.0 0.0 0.0
0.0 0.0 0.000209332 0.0 4.07398e-05 0.0 0.0 0.0 0.0 0.0 0.0 0.0 0.0 0.0 0.0 0.0 0.0 0.0 0.0 3.57628e-07 0.0 0.0 0.0 2.38121e-05 0.998541 0.0 0.0 1.78814e-07 0.0 0.0 0.0 0.0 0.0 0.0 0.00224084 0.0 0.0 0.0 0.0 0.0 0.0 0.0 7.15256e-07 0.0 0.0 0.0 0.0 0.0 0.0 0.0 0.0 7.48038e-06 0.0 0.0 0.0 0.0 0.0 0.0 0.0 0.0 0.0 0.0 0.0 0.0
0.0 0.0 0.0 0.0 0.0 0.0 0.0 0.0 0.0 0.0 0.0 0.0 0.0 0.0 0.0 0.0 0.0 0.0 0.0 0.0 0.0 0.0 0.0 0.0 0.0 0.0 0.0 0.0 0.0 0.0 0.0 0.0 0.0 0.0 0.0 0.0 0.0 0.0 0.0 0.0 0.0 0.0 0.0 0.0 0.999894 0.0 0.0 0.0 0.0 0.0 0.0 0.0 0.0 0.0 0.0 0.0 0.0 0.0 0.0 0.0 0.0 0.0 0.0 0.0
0.0 0.0 0.0 0.0 0.0 0.0 0.0 0.0 3.8445e-06 0.0 0.0 0.0 0.0 0.0 0.0 0.0 0.0 0.0 0.0 0.0 0.999181 0.0 0.0 0.0 0.0 0.0 0.406036 0.0 0.0 0.0 0.0 1.96695e-06 0.0 0.0 0.0 0.0 1.0699e-05 5.96046e-08 5.48959e-05 0.0 0.0 0.0 0.0 0.0 0.0 0.0 0.0 0.0 0.0 0.00151488 0.0 0.0 5.48363e-06 0.0 6.25849e-07 0.0 0.0 0.00015825 1.54376e-05 0.0 0.0 0.0 0.0 0.0
0.0 0.99621 0.0 0.0 0.0 0.000144869 0.0 0.0 0.0 5.06639e-07 0.0 0.0 0.0 0.0 0.0 0.0 0.0 0.0 0.0 0.0 0.0 0.0 0.0 0.0 0.0 0.0 0.0 0.0 0.0 0.0 0.0 0.0 0.0 0.0 0.0 0.0 0.0 0.0 0.0 0.0 3.51667e-06 9.03606e-05 0.0 0.0 0.0 0.0 0.0 0.0 0.0 0.0 0.0 0.0 0.0 2.3365e-05 0.0 0.0 0.0741081 0.0 0.0 0.000633836 0.0 0.0 0.0 0.0
0.0 0.0 0.0 0.0 0.0 0.0 0.0 0.0 0.000691772 0.0 0.0 0.0 0.0 0.0 0.0 0.0 0.0 0.0 0.0 0.0 0.000625342 0.0 0.0 0.0 0.0 0.0 0.375763 0.0 0.0 0.0 0.0 3.66867e-05 0.0 0.0 0.0 2.08616e-07 0.0 2.58982e-05 0.0202698 0.0 0.0 0.0 0.0 0.0 0.0 0.0 0.0 0.0 0.0 0.000851601 0.0 0.0 2.92063e-06 0.0 6.25849e-07 0.0 0.0 1.99676e-06 0.00227332 0.0 0.0 0.0 0.0 0.0
0.0 0.0 0.0 0.0 0.0 0.0 0.0 0.0 0.0 0.0 1.01328e-06 0.0 0.999382 0.0 0.0 0.0 0.0 0.0 0.0 0.0 0.0 0.0 0.0 0.0 0.0 0.0 0.0 0.0 0.0 0.0 0.0 0.0 0.0 0.0 0.0 0.0 0.0 0.0 0.0 0.0 0.0 0.0 0.0 0.0 0.0 0.0 0.0 0.0 0.0 0.0 0.0 0.0 0.0 0.0 0.0 0.0 0.0 0.0 0.0 0.0 0.0 0.0 0.0 0.0
0.0 9.98378e-06 0.0 0.0 0.0 4.05312e-06 0.0 0.0 0.0 8.9407e-08 1.78814e-07 0.0 0.0 0.0 0.0 0.0 0.0 0.0 0.0 0.0 0.0 0.0 0.0 0.0 0.0 0.0 0.0 0.0 8.9407e-08 0.0 0.0 0.0 0.0 0.0 0.0 0.0 0.0 0.0 0.0 0.0 0.00435179 0.00106817 0.0 0.0 0.0 0.0 0.0 0.0 0.0 0.0 0.0 0.0 0.0 0.997793 0.0 0.0 0.000636756 0.0 0.0 0.0 0.0 0.0 0.0 0.0
0.0 0.0 0.0 0.0 0.0 0.0 0.0 0.0 0.0 0.0 0.0 0.0 0.0 0.0 0.999924 0.0 0.0 0.0 0.0 0.0 0.0 0.0 0.0 0.0 0.0 0.0 0.0 0.0 0.0 0.0 0.0 0.0 0.0 0.0 0.0 0.0 0.0 0.0 0.0 0.0 0.0 0.0 0.0 0.0 0.0 0.0 0.0 0.0 0.0 0.0 0.0 0.0 0.0 0.0 0.0 0.0 0.0 0.0 0.0 0.0 0.0 0.0 0.0 0.0
0.0 0.0 0.0 0.0 0.0 0.0 0.0 0.0 0.0 0.0 0.999989 0.0 3.57628e-07 0.0 0.0 0.0 0.0 0.0 0.0 0.0 0.0 0.0 0.0 0.0 0.0 0.0 0.0 0.0 0.0 0.0 0.0 0.0 0.0 0.0 0.0 0.0 0.0 0.0 0.0 0.0 0.0 0.0 0.0 0.0 1.78814e-07 0.0 0.0 0.0 0.0 0.0 0.0 0.0 0.0 0.0 0.0 0.0 0.0 0.0 0.0 0.0 0.0 0.0 0.0 0.0
0.0 0.0 0.0 0.0 0.0 0.0 0.0 0.0 0.0105899 0.0 0.0 0.0 0.0 1.18017e-05 0.0 0.0 0.0 0.0 0.0 0.0 2.68221e-07 0.0 0.0 0.0 0.0 0.0 5.54323e-06 0.0 0.0 0.0 0.0 0.0 0.0 0.0 0.0 0.0 0.0 0.993777 0.00594255 0.0 0.0 0.0 0.0 8.13603e-06 0.0 0.0 0.0 0.0 0.0 1.19209e-07 0.0 0.0 0.0 0.0 0.000328571 0.0 0.0 0.0 1.19209e-07 0.0 0.0 0.0 0.0 0.0
0.0 0.0 0.0 0.0 0.0 0.0 0.0 0.0 0.0 0.0 0.0 0.0 0.0 0.0 0.0 0.0 0.0 0.0 0.0 0.0 0.0 0.0 0.0 0.0 0.0 0.0 0.0 0.0 0.0 0.0 0.0 0.0 0.0 0.0 0.0 0.00753361 0.0 0.0 0.0 0.0 0.0 0.0 0.0 0.0 0.0 0.0 0.0 0.0 0.999999 0.0 0.0 0.0 0.0 0.0 0.0 0.0 0.0 0.0 0.0 0.0 0.0 0.0 0.0 8.9407e-08
0.0 0.0 0.0 0.0 0.0 0.0 0.0 0.0 0.000992358 0.0 0.0 0.0 0.0 1.2517e-06 0.0 0.0 0.0 0.0 0.0 0.0 5.69224e-06 0.0 0.0 0.0 0.0 0.0 1.49012e-07 0.0 0.0 0.0 0.0 0.0 0.0 0.0 0.0 0.0 0.0 0.000383496 5.10514e-05 0.0 0.0 0.0 0.0 1.40071e-06 0.0 0.0 0.0 0.0 0.0 4.17233e-06 0.0 0.0 1.21891e-05 0.0 0.999988 0.0 0.0 0.0 0.0 0.0 0.0 0.0 0.0 0.0
0.0 0.0 0.0 0.0 0.0 0.0 0.0 0.0 0.0 0.0 0.0 0.0 0.0 0.0 0.0 0.0 0.0 0.0 0.0 0.0 1.40071e-06 0.0 0.0 0.0 0.0 0.0 0.00134984 0.0 0.0 0.0 0.0 0.26077 0.0 0.0 0.0 0.0 0.0 0.0 2.98023e-07 0.0 0.0 0.0 0.0 0.0 0.0 0.0 0.0 0.0 0.0 0.0 0.0 0.0 0.0 0.0 0.0 0.0 0.0 9.23872e-07 0.997632 0.0 0.0 0.0 0.0 0.0
0.0 0.0 0.0 0.0 0.0 0.0 0.0 0.0 0.0 0.0 0.0 0.0 0.0 0.0 0.0 0.0 0.0 0.0 0.0 0.0 0.0 0.0 0.0 0.0 0.0 0.0 0.0 0.0 1.63913e-06 0.0 0.0 0.0 0.0 0.0 0.0 0.0 0.0 0.0 0.0 0.0 0.0 0.0 0.0 0.0 0.0 0.0 0.0 0.0 2.08616e-07 0.0 0.0 0.0 0.0 0.0 0.0 0.0 0.0 0.0 0.0 0.0 0.0 0.0 0.0 0.999885
0.0 0.0 0.0 3.48687e-06 0.0 9.03904e-05 0.0 7.12276e-06 0.0 6.80983e-05 0.0 0.0 0.0 0.0 0.0 0.0 0.0 0.0 1.43349e-05 0.0 0.0 0.997613 0.0 0.0 0.0 1.2517e-06 0.0 0.0 2.45273e-05 0.0 0.0 0.0 0.0 0.0 0.0 0.0 0.0 0.0 0.0 0.0 0.0 2.68221e-07 0.0 0.0 0.0 0.0 0.0 0.0 0.0 0.0 0.0 0.0 0.0 2.38419e-07 0.0 0.0 8.9407e-08 0.0 0.0 0.0 0.0 0.0 0.0 0.0
0.0 0.0 1.61231e-05 5.96046e-08 1.56164e-05 0.0 0.0 0.0 0.0 0.0 0.0 0.0 0.0 0.0 0.0 0.0 0.0 0.0 0.0 0.0 0.0 0.0 0.0 0.997991 3.65078e-05 0.0 0.0 0.0 0.0 0.0 0.0 0.0 0.0 5.96046e-08 9.26852e-06 0.0 0.0 0.0 0.0 0.0 0.0 0.0 0.0 0.0 0.0 0.0 0.0 0.0 0.0 0.0 0.00014329 0.104942 0.0 0.0 0.0 0.0 0.0 0.0 0.0 0.0 0.0 0.0 5.96046e-08 0.0
0.0 0.0 0.0 0.0 0.0 0.0 0.0 0.0 8.88109e-06 0.0 0.0 0.0 0.0 0.0 0.0 0.0 0.0 0.0 0.0 0.0 0.0 0.0 0.0 0.0 0.0 0.0 2.98023e-08 0.0 0.0 0.0 0.0 0.0 0.0 0.0 0.0 0.997962 0.0 0.0 4.35114e-06 0.0 5.66244e-07 0.0 0.0 3.89814e-05 0.0 0.0 0.0 0.0 0.00271606 5.96046e-08 0.0 0.0 0.0 0.0 0.0 0.0 0.0 0.0 0.0 0.0 0.0 0.0 0.0 0.0
0.0 2.78652e-05 0.0 0.0 0.0 0.0 0.0 0.0 0.0 0.0 0.0 0.0 0.0 0.0 0.0 0.0 0.0 0.0 0.0 0.0 0.0 0.0 0.0 0.0 0.0 0.0 0.0 0.0 0.0 0.0 0.0 0.0 0.0 0.0 0.0 0.0 0.0 0.0 0.0 0.0 4.76837e-07 1.49012e-07 0.0 0.0 0.0 0.0 0.0 0.0 0.0 0.0 0.0 0.0 0.0 3.57628e-07 0.0 0.0 0.0011332 0.0 0.0 0.995914 0.0 0.0 0.0 0.0
0.0 0.0 9.83477e-07 0.0 0.0672813 0.0 0.0 0.0 0.0 0.0 0.0 0.0 0.0 0.0 0.0 0.0 0.0 0.0 0.0 0.0130078 0.0 0.0 0.000236362 4.76837e-07 6.85453e-07 0.0 0.0 0.0535846 0.0 0.0 0.0 0.0 0.0 1.78814e-07 0.00147757 0.0 0.0 0.0 0.0 0.0 0.0 0.0 0.999766 0.0 0.0 0.0 0.266961 0.0 0.0 0.0 0.0 0.0 0.0 0.0 0.0 0.0 0.0 0.0 0.0 0.0 0.0 0.0717781 0.0 0.0
0.0 0.0 0.0 0.0 0.0 0.0 0.0 0.0 0.0 0.0 0.0 0.0 0.0 0.0 0.0 0.0 0.984798 0.0 0.0 0.0 0.0 0.0 0.0 0.0 0.0 0.0 0.0 0.0 0.0 0.0 0.0 0.0 0.0 0.0 0.0 0.0 0.0 0.0 0.0 0.0 0.0 0.0 0.0 0.0 0.0 0.0 0.0 0.0 0.0 0.0 0.0 0.0 0.0 0.0 0.0 0.0 0.0 0.0 0.0 0.0 0.0 0.0 0.0 0.0
0.0 2.98023e-08 0.0 0.993664 0.0 8.85129e-06 0.0 1.16229e-06 0.0 0.00227088 0.0 0.0 0.0 0.0 0.0 0.0 0.0 0.0 6.85453e-07 0.0 0.0 7.689e-06 0.0 0.0 0.0 2.98023e-08 0.0 0.0 0.0 0.0 0.0 0.0 0.0 0.0 0.0 0.0 0.0 0.0 0.0 0.0 0.0 0.0 0.0 0.0 0.0 0.0 0.0 0.0 0.0 0.0 0.00907308 0.0 0.0 5.96046e-08 0.0 0.0 0.0 0.0 0.0 0.0 0.0 0.0 0.0 0.0
0.0 0.0 0.0 0.0 0.0 2.68221e-07 0.0 0.0 0.0 4.82798e-06 0.0 0.0 0.0 0.0 0.0 0.0 0.0 0.0 0.0 0.0 0.0 5.06639e-07 0.0 0.0 0.0 4.75645e-05 0.0 0.0 0.999643 0.0 0.0 0.0 0.0 0.0 0.0 0.0 0.0 0.0 0.0 0.0 0.000662863 1.49012e-07 0.0 0.0 0.0 0.0 0.0 0.0 0.0 0.0 0.0 0.0 0.0 1.49012e-07 0.0 0.0 1.01328e-06 0.0 0.0 0.0 0.0 0.0 0.0 4.73857e-06
0.0 0.0 0.0 0.0 0.0 0.0 0.0 0.0 5.96046e-08 0.0 0.0 0.0 0.0 0.993662 0.0 0.0 0.0 0.0 0.0 0.0 0.0 0.0 0.0 0.0 0.0 0.0 0.0 0.0 0.0 0.0 0.0 0.0 0.0 0.0 0.0 0.0 0.0 1.16229e-05 9.23872e-07 0.0 0.0 0.0 0.0 0.0 0.0 4.17233e-07 0.0 0.0 0.0 0.0 0.0 0.0 0.0 0.0 5.96046e-07 0.0 0.0 0.0 0.0 0.0 0.0 0.0 0.0 0.0
0.0 0.0 0.000681698 0.0 0.684325 0.0 0.0 0.0 0.0 0.0 0.0 0.0 0.0 0.0 0.0 0.0 0.0 0.0 0.0 0.998789 0.0 0.0 5.66244e-07 1.13249e-06 2.20537e-06 0.0 0.0 0.00679314 0.0 0.0 0.0 0.0 0.0 0.00267273 0.162924 0.0 0.0 0.0 0.0 0.0 0.0 0.0 0.340982 0.0 0.0 0.0 0.00298217 0.0 0.0 0.0 0.0 0.0 0.0 0.0 0.0 0.0 0.0 0.0 0.0 0.0 0.0 0.966456 2.98023e-07 0.0
0.0 0.0 0.0 0.0 0.0 0.0 0.0 0.0 0.0 0.0 0.0 0.0 0.0 0.0 0.0 0.0 0.0 0.0 0.0 0.0 0.0 0.0 0.0 0.0 0.0 0.0 0.0 1.40071e-06 0.0 0.0 0.0 0.0 0.0 0.0 0.0 0.0 0.0 0.0 0.0 0.0 0.0 0.0 8.9407e-08 0.0 0.0 0.0 0.0 0.0 0.0 0.0 0.0 0.0 0.0 0.0 0.0 0.0 0.0 0.0 0.0 0.0 0.0 0.0 0.0 0.0
0.0 0.0 0.0 0.0 0.0 0.0 0.0 0.0 0.0 0.0 0.0 0.0 0.0 0.0 0.0 0.0 0.0 0.999998 0.0 0.0 0.0 0.0 0.0 0.0 0.0 0.0 0.0 0.0 0.0 0.0 0.0 0.0 0.0 0.0 0.0 0.0 0.0 0.0 0.0 0.0 0.0 0.0 0.0 0.0 0.0 0.0 0.0 0.0 0.0 0.0 0.0 0.0 0.0 0.0 0.0 0.0 0.0 0.0 0.0 0.0 0.0 0.0 0.0 0.0
0.0 0.0 0.0 0.0 0.0 0.0 0.0 0.0 0.0 0.0 0.0 0.0 0.0 0.0 0.0 0.0 0.0 0.0 0.0 0.0 0.0 0.0 0.0 0.0 0.0 0.0 0.0 0.0 0.0 0.0 0.0 0.0 0.0 0.0 0.0 0.0 0.0 0.0 0.0 0.999836 2.08616e-07 0.0 0.0 1.78814e-07 0.0 0.0 0.0 0.0 0.0 0.0 0.0 0.0 0.0 0.0 0.0 0.0 0.0 0.0 0.0 0.0 0.0 0.0 0.0 0.0
0.0 0.0 0.0 0.0 0.0 0.0 0.0 0.0 0.0 0.0 0.0 0.0 0.0 0.0 0.0 0.0 0.0 0.0 0.0 0.0 2.98023e-08 0.0 0.0 0.0 0.0 0.0 0.0 0.0 0.0 0.0 0.0 8.9407e-08 0.0 0.0 0.0 0.0 0.0 0.0 0.0 0.0 0.0 0.0 0.0 0.0 0.0 0.0 0.0 0.0 0.0 0.0 0.0 0.0 0.0 0.0 0.0 0.0 0.0 0.0 0.0 0.0 0.0 0.0 0.0 0.0
0.0 0.0 0.0 0.0 0.0 0.0 0.0 0.0 0.0 0.0 0.0 0.0 0.0 0.0 0.0 0.0 0.0 0.0 0.0 0.0 0.0 0.0 0.0 0.0 0.0 0.0 0.0 0.0 0.0 0.0 0.0 0.0 0.0 0.0 0.0 0.0 0.0 0.0 0.0 0.0 0.0 0.0 0.0 0.0 0.0 0.0 0.0 0.0 0.0 0.0 0.0 0.0 0.0 0.0 0.0 0.0 0.0 0.0 0.0 0.0 0.0 0.0 0.0 0.0
0.0 0.0 0.998559 0.0 0.000367165 0.0 0.0 0.0 0.0 0.0 0.0 0.0 0.0 0.0 0.0 0.0 0.0 0.0 0.0 0.000153512 0.0 0.0 0.0 0.000591308 3.3766e-05 0.0 0.0 8.9407e-08 0.0 0.0 0.0 0.0 0.0 0.00094828 0.0125722 0.0 0.0 0.0 0.0 0.0 0.0 0.0 2.71201e-06 0.0 0.0 0.0 1.43647e-05 0.0 0.0 0.0 0.0 5.66244e-07 0.0 0.0 0.0 0.0 0.0 0.0 0.0 0.0 0.0 0.000205457 0.0 0.0
0.0 0.0 0.000169039 0.0 0.0172336 0.0 0.0 0.0 0.0 0.0 0.0 0.0 0.0 0.0 0.0 0.0 0.0 0.0 0.0 0.00206229 0.0 0.0 1.60635e-05 2.38419e-07 5.06639e-07 0.0 0.0 0.042423 0.0 0.0 0.0 0.0 0.0 1.2219e-06 0.00474799 0.0 0.0 0.0 0.0 0.0 0.0 0.0 0.731315 0.0 0.0 0.0 0.995026 0.0 0.0 0.0 0.0 2.08616e-07 0.0 0.0 0.0 0.0 0.0 0.0 0.0 0.0 0.0 0.0164145 0.0 0.0
0.0 0.0 0.0 0.0 0.0 0.0 0.0 0.0 0.0 0.0 0.0 0.0 0.0 0.0 0.0 0.0 0.0 0.0 0.0 0.0 2.28584e-05 0.0 0.0 0.0 0.0 0.0 5.96046e-08 0.0 0.0 0.0 0.0 0.0 0.0 0.0 0.0 0.0 0.997151 0.0 0.0 0.0 0.0 0.0 0.0 0.0 0.0 0.0 0.0 0.0 0.0 0.0 0.0 0.0 0.0 0.0 0.0 0.0 0.0 0.00298738 0.0 0.0 0.0 0.0 0.0 0.0
0.0 0.0 0.0 0.0 0.0 0.0 0.0 0.0 0.0 0.0 0.0 0.0 0.0 0.0 0.0 0.0 0.0 0.0 0.0 0.0 0.0 0.0 0.0 0.0 0.0 0.0 0.0 0.0 0.0 0.0 0.0 0.0 0.0 0.0 0.0 0.0 1.78814e-07 0.0 0.0 0.0 0.0 0.0 0.0 0.0 0.0 0.0 0.0 0.0 0.0 0.0 0.0 0.0 0.0 0.0 0.0 0.0 0.0 0.0 0.0 0.0 0.0 0.0 0.0 0.0
0.0 0.0 0.0 0.0 0.0 0.0 0.0 0.0 0.462852 0.0 0.0 0.0 0.0 1.19209e-07 0.0 0.0 0.0 0.0 0.0 0.0 9.07779e-05 0.0 0.0 0.0 0.0 0.0 0.0713304 0.0 0.0 0.0 0.0 3.8743e-07 0.0 0.0 0.0 2.65241e-06 0.0 0.00251737 0.99691 0.0 0.0 0.0 0.0 4.47035e-07 0.0 0.0 0.0 0.0 0.0 0.00468817 0.0 0.0 5.03957e-05 0.0 3.8892e-05 0.0 0.0 8.9407e-08 8.64267e-06 0.0 0.0 0.0 0.0 0.0
0.0 0.0 0.0 0.0 0.0 0.0 0.0 0.0 0.993586 0.0 0.0 0.0 0.0 8.9407e-08 0.0 0.0 0.0 0.0 0.0 0.0 1.56462e-05 0.0 0.0 0.0 0.0 0.0 0.00113136 0.0 0.0 0.0 0.0 0.0 0.0 0.0 0.0 2.5332e-06 0.0 0.00964615 0.604281 0.0 0.0 0.0 0.0 2.35736e-05 0.0 0.0 0.0 0.0 0.0 0.00155431 0.0 0.0 0.000219792 0.0 0.000939429 0.0 0.0 0.0 5.96046e-08 0.0 0.0 0.0 0.0 0.0
0.0 0.0 0.0 0.0 0.0 0.0 0.0 0.0 0.0 0.0 0.0 0.0 0.0 0.0 0.0 0.0 0.0 0.0 0.0 0.0 2.08616e-07 0.0 0.0 0.0 0.0 0.0 0.000101447 0.0 0.0 0.0 0.0 0.997918 0.0 0.0 0.0 0.0 0.0 0.0 0.0 0.0 0.0 0.0 0.0 0.0 0.0 0.0 0.0 0.0 0.0 0.0 0.0 0.0 0.0 0.0 0.0 0.0 0.0 0.0 0.469837 0.0 0.0 0.0 0.0 0.0
0.0 1.19209e-07 0.0 0.0 0.0 0.000127137 0.0 3.57628e-06 0.0 0.00227085 5.66244e-07 0.0 0.0 0.0 0.0 0.0 0.0 0.0 0.0 0.0 0.0 7.7486e-07 0.0 0.0 0.0 0.999547 0.0 0.0 0.00093013 0.0 0.0 0.0 0.0 0.0 0.0 0.0 0.0 0.0 0.0 0.0 0.000207245 0.0 0.0 0.0 0.0 0.0 0.0 0.0 0.0 0.0 0.0 0.0 0.0 0.0 0.0 0.0 3.60906e-05 0.0 0.0 0.0 0.0 0.0 0.0 0.0
0.0 1.84774e-06 0.0 0.0 0.0 1.19209e-07 0.0 0.0 0.0 2.98023e-08 0.0 0.0 0.0 0.0 0.0 0.0 0.0 0.0 0.0 0.0 0.0 0.0 0.0 0.0 0.0 3.01003e-06 0.0 0.0 0.000225842 0.0 0.0 0.0 0.0 0.0 0.0 8.34465e-07 0.0 0.0 0.0 1.78814e-07 0.998795 0.000176042 0.0 0.000254154 0.0 0.0 0.0 0.0 0.0 0.0 0.0 0.0 0.0 0.00678682 0.0 0.0 0.0224737 0.0 0.0 8.9407e-08 0.0 0.0 0.0 8.9407e-08
0.0 3.09944e-06 0.0 0.000341177 0.0 0.000417948 0.0 0.0 0.0 0.997784 0.0 0.0 0.0 0.0 0.0 0.0 0.0 0.0 0.0 0.0 0.0 9.65595e-06 0.0 0.0 0.0 0.00188002 0.0 0.0 2.05636e-06 0.0 0.0 0.0 0.0 0.0 0.0 0.0 0.0 0.0 0.0 0.0 2.08616e-07 2.38419e-07 0.0 0.0 0.0 0.0 0.0 0.0 0.0 0.0 0.0 0.0 0.0 5.36442e-06 0.0 0.0 1.26362e-05 0.0 0.0 0.0 0.0 0.0 0.0 0.0
0.0 0.0 0.0 0.0 0.0 1.19209e-07 0.0 0.0 0.0 3.09944e-06 0.0 0.0 0.0 0.0 0.0 0.0 0.0 0.0 0.0 0.0 0.0 1.48416e-05 0.0 0.0 0.0 2.68221e-07 0.0 0.0 0.13819 0.0 0.0 0.0 0.0 0.0 0.0 0.0 0.0 0.0 0.0 0.0 8.58307e-06 5.96046e-08 0.0 0.0 0.0 0.0 0.0 0.0 0.0 0.0 0.0 0.0 0.0 1.49012e-07 0.0 0.0 1.10269e-06 0.0 0.0 0.0 0.0 0.0 0.0 2.02656e-06
0.0 0.0 0.0 0.0 0.0 0.0 0.0 0.0 0.0 0.0 0.0 0.0 0.0 0.0 0.0 0.0 0.0 0.0 0.0 0.0 0.0 0.0 0.0 0.0 0.0 0.0 0.0 0.0 0.0 0.0 0.0 0.0 0.0 0.0 0.0 0.0 0.0 0.0 0.0 0.0 0.0 0.0 0.0 0.0 0.0 0.0 0.0 0.0 0.0 0.0 0.0 0.0 0.0 0.0 0.0 0.999812 0.0 0.0 0.0 0.0 0.0 0.0 0.0 0.0
0.0 0.0 0.0 0.0 0.0 0.0 0.0 0.0 0.0 0.0 0.0 0.0 0.0 0.0 0.0 0.0 0.0 0.0 0.0 0.0 0.0 0.0 0.0 0.0 0.0 0.0 0.0 0.0 0.0 0.0 0.0 0.0 0.999683 0.0 0.0 0.0 0.0 0.0 0.0 0.0 0.0 0.0 0.0 0.0 0.0 0.0 0.0 0.0 0.0 0.0 0.0 0.0 0.0 0.0 0.0 0.0 0.0 0.0 0.0 0.0 0.0 0.0 0.0 0.0
0.0 0.0 0.0 0.0751519 0.0 1.19209e-07 0.0 8.31485e-06 0.0 0.0 0.0 0.0 0.0 0.0 0.0 0.0 0.0 0.0 0.000822574 0.0 0.0 0.0 0.0 3.57628e-07 0.0 0.0 0.0 0.0 0.0 0.0 0.0 0.0 0.0 0.0 0.0 0.0 0.0 0.0 0.0 0.0 0.0 0.0 0.0 0.0 0.0 0.0 0.0 0.0 0.0 0.0 0.998891 0.000164747 0.0 0.0 0.0 0.0 0.0 0.0 0.0 0.0 0.0 0.0 0.0 0.0
0.0 0.0 0.0 0.0 0.0 0.0 0.0 0.0 0.0 0.0 0.0 0.0 0.0 0.0 0.0 0.0 0.0 0.0 0.0 0.0 0.0 0.0 0.0 0.0 0.0 0.0 0.0 0.0 0.0 0.999985 0.0 0.0 0.0 0.0 0.0 0.0 0.0 0.0 0.0 0.0 0.0 0.0 0.0 0.0 0.0 0.0 0.0 0.0 0.0 0.0 0.0 0.0 0.0 0.0 0.0 0.0 0.0 0.0 0.0 0.0 0.0 0.0 0.0 0.0
0.0 0.0 0.0 0.0 0.0 0.0 0.0 0.0 0.0 0.0 0.0 0.0 0.0 0.0 0.0 0.999999 0.0 0.0 0.0 0.0 0.0 0.0 0.0 0.0 0.0 0.0 0.0 0.0 0.0 0.0 0.0 0.0 0.0 0.0 0.0 0.0 0.0 0.0 0.0 0.0 0.0 0.0 0.0 0.0 0.0 0.0 0.0 0.0 0.0 0.0 0.0 0.0 0.0 0.0 0.0 0.0 0.0 0.0 0.0 0.0 0.0 0.0 0.0 0.0
0.0 0.0 0.0 0.0 0.0 0.0 0.0 0.0 0.000202715 0.0 0.0 0.0 0.0 0.0 0.0 0.0 0.0 0.0 0.0 0.0 4.43161e-05 0.0 0.0 0.0 0.0 0.0 1.98781e-05 0.0 0.0 0.0 0.0 0.0 0.0 0.0 0.0 0.0 0.0 0.0 6.04391e-05 0.0 0.0 0.0 0.0 0.0 0.0 0.0 0.0 0.0 0.0 0.744848 0.0 0.0 0.995425 0.0 2.05636e-05 0.0 0.0 3.18587e-05 0.0 0.0 0.0 0.0 0.0 0.0
0.0 0.0 0.0 5.48959e-05 0.0 0.0 0.0 1.49012e-07 0.0 0.0 0.0 0.0 0.0 0.0 0.0 0.0 0.0 0.0 0.999848 0.0 0.0 4.17233e-06 0.0 2.98023e-08 0.0 0.0 0.0 0.0 0.0 0.0 0.0 0.0 0.0 0.0 0.0 0.0 0.0 0.0 0.0 0.0 0.0 0.0 0.0 0.0 0.0 0.0 0.0 0.0 0.0 0.0 0.0416113 3.85046e-05 0.0 0.0 0.0 0.0 0.0 0.0 0.0 0.0 0.0 0.0 0.0 0.0
0.0 0.0 0.0 0.0 4.17233e-07 0.0 0.0 0.0 0.0 0.0 0.0 0.0 0.0 0.0 0.0 0.0 0.0 0.0 0.0 0.0 0.0 0.0 0.0 1.19209e-07 0.0 0.0 0.0 0.0 0.0 0.0 0.0 0.0 0.0 0.0 0.0 0.0 0.0 0.0 0.0 0.0 0.0 0.0 0.0 0.0 0.0 0.0 0.0 0.0 0.0 0.0 5.96046e-08 1.055e-05 0.0 0.0 0.0 0.0 0.0 0.0 0.0 0.0 0.0 0.0 0.998313 0.0
0.0 0.0 0.0 0.0 0.0 0.0 0.0 0.0 0.0 0.0 0.0 0.0 0.0 0.0 0.0 0.0 0.0 0.0 0.0 0.0 0.000201255 0.0 0.0 0.0 0.0 0.0 0.000305206 0.0 0.0 0.0 0.0 0.0 0.0 0.0 0.0 0.0 0.00281596 0.0 2.98023e-08 0.0 0.0 0.0 0.0 0.0 0.0 0.0 0.0 0.0 0.0 0.000676244 0.0 0.0 1.62423e-05 0.0 0.0 0.0 0.0 0.985184 2.08616e-05 0.0 0.0 0.0 0.0 0.0
0.0 0.00908038 0.0 0.0 0.0 3.1352e-05 0.0 0.0 0.0 3.8445e-06 3.57628e-07 0.0 0.0 0.0 0.0 0.0 0.0 0.0 0.0 0.0 0.0 0.0 0.0 0.0 0.0 7.7486e-07 0.0 0.0 1.3113e-06 0.0 0.0 0.0 0.0 0.0 0.0 0.0 0.0 0.0 0.0 0.0 0.022579 0.00147414 0.0 0.0 0.0 0.0 0.0 0.0 0.0 0.0 0.0 0.0 0.0 0.00608072 0.0 0.0 0.999512 0.0 0.0 0.00025779 0.0 0.0 0.0 0.0
0.0 0.0 0.0 0.0 0.0 0.0 2.71201e-06 0.0 0.0 0.0 0.0 0.0 0.0 0.0 0.0 0.0 0.0 0.0 0.0 0.0 0.0 0.0 0.0 0.0 0.0 0.0 0.0 0.0 0.0 0.0 0.997151 0.0 0.0 0.0 0.0 0.0 0.0 0.0 0.0 0.0 2.98023e-08 0.0 0.0 6.55651e-07 0.0 0.0 0.0 0.0 0.0 0.0 0.0 0.0 0.0 0.0 0.0 0.0 0.0 0.0 0.0 0.0 0.0 0.0 0.0 0.0
2.98023e-08 0.0 0.0 0.0 0.0 0.0 0.0 0.0 0.0 0.0 0.0 0.0 0.0 0.0 0.0 0.0 0.0 0.0 0.0 0.0 0.0 0.0 0.0 0.0 0.0 0.0 0.0 0.0 0.0 0.0 0.0 0.0 0.0 0.0 0.0 0.0 0.0 0.0 0.0 0.0 0.0 0.0 0.0 0.0 0.0 0.0 0.0 0.0 0.0 0.0 0.0 0.0 0.0 0.0 0.0 0.0 0.0 0.0 0.0 0.0 0.99827 0.0 0.0 0.0
0.0 0.0 0.0 0.0 0.0 0.0 0.0 0.0 6.76513e-05 0.0 0.0 0.0 0.0 0.0 0.0 0.0 0.0 0.0 0.0 0.0 0.0 0.0 0.0 0.0 0.0 0.0 0.0 0.0 0.0 0.0 1.19209e-07 0.0 0.0 0.0 0.0 0.000148594 0.0 4.08292e-06 2.23517e-06 6.55651e-07 0.00071153 0.0 0.0 0.99807 0.0 0.0 0.0 0.0 0.0 0.0 0.0 0.0 8.9407e-08 0.0 8.52346e-06 0.0 0.0 0.0 0.0 0.0 0.0 0.0 0.0 0.0
0.0 0.0 0.0 0.0 0.0 0.0 0.0 0.0 4.76837e-07 0.0 0.0 0.0 0.0 0.0 0.0 0.0 0.0 0.0 0.0 0.0 0.0229041 0.0 0.0 0.0 0.0 0.0 0.000140637 0.0 0.0 0.0 0.0 0.0 0.0 0.0 0.0 0.0 0.000100881 0.0 1.10269e-06 0.0 0.0 0.0 0.0 0.0 0.0 0.0 0.0 0.0 0.0 0.0117588 0.0 0.0 0.00231937 0.0 3.8743e-07 0.0 0.0 0.145466 9.83477e-07 0.0 0.0 0.0 0.0 0.0
0.0 0.0 0.0 0.0 0.0 0.0 0.0 0.0 0.00131831 0.0 0.0 0.0 0.0 0.0 0.0 0.0 0.0 0.0 0.0 0.0 0.00508985 0.0 0.0 0.0 0.0 0.0 0.0076527 0.0 0.0 0.0 0.0 0.0 0.0 0.0 0.0 0.0 5.96046e-08 0.0 0.00325975 0.0 0.0 0.0 0.0 0.0 0.0 0.0 0.0 0.0 0.0 0.996462 0.0 0.0 0.327318 0.0 6.16908e-06 0.0 0.0 0.00048694 1.51992e-06 0.0 0.0 0.0 0.0 0.0
0.0 0.0 0.0 0.0 0.0 0.0 0.0 0.0 0.0 0.0 0.0 0.0 0.0 8.9407e-08 0.0 0.0 0.0 0.0 0.0 0.0 0.0 0.0 0.0 0.0 0.0 0.0 0.0 0.0 0.0 0.0 0.0 0.0 0.0 0.0 0.0 0.0 0.0 0.0 0.0 0.0 0.0 0.0 0.0 0.0 0.0 0.996102 0.0 0.0 0.0 0.0 0.0 0.0 0.0 0.0 0.0 0.0 0.0 0.0 0.0 0.0 0.0 0.0 0.0 0.0
0.996471 0.0 0.0 0.0 0.0 0.0 0.0 0.0 0.0 0.0 0.0 0.0 0.0 0.0 0.0 0.0 0.0 0.0 0.0 0.0 0.0 0.0 0.0 0.0 0.0 0.0 0.0 0.0 0.0 0.0 0.0 0.0 0.0 0.0 0.0 0.0 0.0 0.0 0.0 0.0 0.0 0.0 0.0 0.0 0.0 0.0 0.0 0.0 0.0 0.0 0.0 0.0 0.0 0.0 0.0 0.0 0.0 0.0 0.0 0.0 0.0 0.0 0.0 0.0
0.0 0.0 0.00222719 0.0 0.00465253 0.0 0.0 0.0 0.0 0.0 0.0 0.0 0.0 0.0 0.0 0.0 0.0 0.0 0.0 0.000447273 0.0 0.0 0.0 1.57952e-06 0.0 0.0 0.0 3.27826e-07 0.0 0.0 0.0 0.0 0.0 0.999386 0.0146515 0.0 0.0 0.0 0.0 0.0 0.0 0.0 1.19209e-06 0.0 0.0 0.0 2.68221e-07 0.0 0.0 0.0 0.0 0.0 0.0 0.0 0.0 0.0 0.0 0.0 0.0 0.0 0.0 0.000409871 0.0 0.0
0.0 0.0 0.0 1.69873e-06 0.0 0.00447375 0.0 0.997716 0.0 0.0 4.12762e-05 0.0 0.0 0.0 0.0 0.0 0.0 0.0 5.96046e-08 0.0 0.0 2.26498e-05 0.0 0.0 0.0 7.7486e-07 0.0 0.0 0.0 0.0 0.0 0.0 0.0 0.0 0.0 0.0 0.0 0.0 0.0 0.0 0.0 2.98023e-08 0.0 0.0 0.0 0.0 0.0 0.0 0.0 0.0 2.98023e-06 0.0 0.0 0.0 0.0 0.0 0.0 0.0 0.0 0.0 0.0 0.0 0.0 0.0
0.0 0.0 0.0 0.0 0.0 0.0 0.999876 0.0 0.0 0.0 0.0 0.0 0.0 0.0 0.0 0.0 0.0 0.0 0.0 0.0 0.0 0.0 0.0 0.0 0.0 0.0 0.0 0.0 0.0 0.0 1.19209e-07 0.0 0.0 0.0 0.0 0.0 0.0 0.0 0.0 0.0 0.0 0.0 0.0 0.0 0.0 0.0 0.0 0.0 0.0 0.0 0.0 0.0 0.0 0.0 0.0 0.0 0.0 0.0 0.0 0.0 0.0 0.0 0.0 0.0
51 22 47 11 61 27 34 4 62 42 29 14 33 19 46 24 7 9 17 48 2 23 50 3 1 12 63 15 26 16 18 5 41 10 6 54 13 58 21 44 40 53 20 30 37 49 59 55 25 56 35 39 38 52 45 60 28 43 36 31 8 57 32 0
