8
0.00169876 0.0 0.0 0.0 0.0 0.0 0.0 0.0 0.0 0.0 0.0 0.98668 0.00607562 0.0 3.99351e-06 0.0 0.0 0.0 0.38898 0.0 0.0 0.0 0.0 5.96046e-08 0.0 0.0 0.0 0.0 0.0 0.0 0.0 0.0 0.0 1.84774e-06 0.0 0.0 0.609461 0.0 0.0 0.0 0.0 0.0 0.0 0.0 0.209431 0.0 0.970341 0.0 0.0 4.90248e-05 0.0105783 1.19209e-07 2.68221e-07 0.0 0.0 0.0 0.0 0.0 0.0 5.96046e-08 0.0 0.0 0.0 0.0
0.0 0.0 0.0 0.0 0.0 0.0 0.0 0.0 0.0 0.0 0.999858 0.0 0.0 0.0 0.0 0.0 0.0 0.0 0.0 0.0 0.0 0.0 0.0 0.0 0.0 0.0 0.0 0.0 0.0 0.0 0.0 0.0 0.0 0.0 0.0 0.0 0.0 0.0 0.0 0.0 0.0 0.0 0.0 0.0 0.0 0.0 0.0 0.0 0.0 0.0 0.0 0.0 0.0 0.0 0.0 0.0 1.54972e-06 0.0 0.0 0.0 0.0 0.0 0.0 0.0
0.00609896 0.0 0.000291467 0.0 0.0 0.0 0.0 0.0 0.0 0.0 0.0 0.00042671 0.990262 0.0 0.0 0.0 0.0 0.0 0.888471 0.000351608 0.0 0.0 0.0 0.0 0.0 0.0 0.0 0.0 0.0 0.0 0.0 0.0 0.0 0.0 0.0 0.0 0.00106141 0.0 3.27826e-07 9.53674e-07 0.0 0.0 0.0 0.0 6.55651e-07 0.0 0.000288934 0.0 0.0 0.932836 0.674096 0.0 0.078649 0.0 0.0 0.0 0.0 0.0 0.0 0.0208011 0.0 0.0 0.0 0.0
0.0 0.0 0.0 0.0 0.0 0.0 0.0 0.0 0.0 0.0 0.0 0.0 0.0 0.0 0.0 0.0 0.0 0.0 0.0 0.0 0.0 0.0 6.49691e-06 0.0 0.0 0.997435 0.0 0.0 0.0 0.0 0.0 0.0 0.0 0.0 0.0 0.0 0.0 0.0 0.0 0.0 0.0 0.0 0.0 0.0 0.0 1.01328e-06 0.0 0.0 0.0 0.0 0.0 0.0 0.0 0.0 0.0 0.0 0.0 0.0 0.0 0.0 0.0 0.0 0.0 0.0
0.0 0.0 0.0 1.51992e-06 5.06639e-07 0.0 0.0 4.76837e-06 0.0 0.0 0.0 0.0 0.0 0.0 0.0 0.0 0.0 0.0 0.0 0.0 0.0 0.0 1.78814e-07 0.0 0.0 0.0 0.0 0.0 0.0 3.27826e-07 0.0 5.96046e-08 0.0 0.0 0.0 0.0 0.0 0.0 0.0 0.0 0.0 0.0 0.0 0.954142 0.0 0.0 0.0 0.0 0.0 0.0 0.0 0.0 0.0 0.997003 0.0 0.960575 0.0 0.0 0.0 0.0 0.977369 0.0 0.0 0.0
0.0268461 0.0 0.0 0.0 0.0 1.19209e-07 0.0 0.0 0.0 0.0 0.0 0.523018 5.51343e-05 0.0 2.98023e-08 0.0 0.0 0.0 0.00347567 0.0 0.0 0.0 0.0 1.78814e-07 0.0 0.0 0.0 0.0 0.0 0.0 0.0 0.0 0.0 0.000410348 0.0 0.0 0.188688 0.0 0.0 0.0 0.0 0.0 0.0 0.0 0.986948 0.0 0.756044 0.0 0.0 2.08616e-07 0.00457516 8.72314e-05 0.0 0.0 0.0 0.0 0.0 0.0 0.0 0.0 0.0 0.0 0.0 0.0
0.0 0.0 0.0 0.0 0.0 0.0 0.0 0.0 0.0 0.0 0.0 0.0 0.0 0.0 0.0 0.0 0.0 0.0 0.0 0.0 0.0 0.0 0.0 0.0 0.0 0.0 0.0 0.0 0.0 0.0 1.0 5.96046e-08 0.0 0.0 0.0 0.0 0.0 0.0 0.0 0.0 0.0 0.0 0.0 0.0 0.0 0.0 0.0 0.0 0.0 0.0 0.0 0.0 0.0 0.0 0.0 0.0 0.0 0.0 0.0 0.0 0.0 0.0 0.0 0.0
0.0 0.0 0.0 0.0 0.0 0.0 0.0 0.0 0.0 0.0 0.0 0.0 0.0 0.0 0.0 0.0 0.0 0.0 0.0 0.0 0.0 0.0 0.0 0.0 0.0 0.0 0.0 0.0 0.0 0.0 0.0 0.0 0.0 0.0 0.0 0.0 0.0 0.0 0.0 0.0 0.0 0.0 0.0 0.0 0.0 0.0 0.0 0.0 0.0 0.0 0.0 0.0 0.0 0.0 0.0 0.0 0.0 0.0 0.0 0.0 0.0 0.0 0.0 0.999933
0.0 0.999623 0.0 0.0 0.0 0.0 0.0 0.0 1.90735e-06 0.0 0.0 0.0 0.0 0.0 0.0 0.0 0.0 0.0 0.0 0.0 0.0 0.0 0.0 0.0 8.34465e-07 0.0 0.0 0.0 0.0 0.0 0.0 0.0 0.0 0.0 0.0 0.0 0.0 0.0 1.2815e-06 0.0 0.000233233 0.0 0.0 0.0 0.0 0.0 0.0 0.0 0.0 0.0 0.0 0.0 0.0 0.0 0.0 0.0 0.0 8.61883e-05 0.0 0.0 0.0 9.89437e-05 0.0 0.0
0.0 0.0 0.0 0.0 0.0 0.0 0.0 0.0 0.0 0.0 0.0 0.0 0.0 0.0 0.0 0.0 0.0 0.0 0.0 0.0 0.0 0.0 0.0 0.0 0.0 0.0 0.0 0.0 0.999749 0.0 0.0 0.0 0.0 0.0 0.0 0.0 0.0 0.0 0.0 0.0 0.0 0.0 0.0 0.0 0.0 0.0 0.0 0.0 0.0 0.0 0.0 0.0 0.0 0.0 0.0 0.0 0.0 0.0 0.0 0.0 0.0 0.0 0.0 0.0
0.0016863 0.0 3.85344e-05 0.0 0.0 0.0 0.0 0.0 0.0 0.0 0.0 0.159782 0.689138 0.0 6.19888e-05 0.0 0.0 0.0 0.997965 1.12355e-05 0.0 0.0 0.0 0.0 0.0 0.0 0.0 0.0 0.0 0.0 0.0 0.0 0.0 0.0 0.0 0.0 0.669725 0.0 2.98023e-08 1.19209e-07 0.0 0.0 0.0 0.0 0.000123411 0.0 0.0613509 0.0 0.0 0.0847057 0.399873 0.0 0.00231111 0.0 0.0 0.0 0.0 0.0 0.0 0.000380039 0.0 0.0 0.0 0.0
0.00723627 0.0 0.0 0.0 0.0 0.0 0.0 0.0 0.0 0.0 0.0 0.944884 0.00285229 0.0 1.2517e-06 0.0 0.0 0.0 0.215043 0.0 0.0 0.0 0.0 2.98023e-07 0.0 0.0 0.0 0.0 0.0 0.0 0.0 0.0 0.0 1.05202e-05 0.0 0.0 0.286853 0.0 0.0 0.0 0.0 0.0 0.0 0.0 0.141383 0.0 0.985161 0.0 0.0 1.98483e-05 0.00915155 2.08616e-07 1.19209e-07 0.0 0.0 0.0 0.0 0.0 0.0 2.98023e-08 0.0 0.0 0.0 0.0
0.0 0.0 0.0 0.0 0.0 5.96046e-08 0.0 0.0 0.0 0.0 0.0 1.49012e-07 0.0 0.0 0.0 0.0 0.0 0.0 0.0 0.0 0.0 0.0 0.0 0.993451 0.0 0.0 0.0 0.0 0.0 0.0 0.0 0.0 0.0 0.0 0.0 0.0 0.0 0.0 0.0 0.0 0.0 0.0 0.0 0.0 8.9407e-08 0.0 1.01328e-06 9.53674e-07 0.0 0.0 0.0 0.000151604 0.0 0.0 0.0 0.0 0.0 0.0 0.0 0.0 0.0 0.0 0.0 0.0
0.0 0.0 0.0 0.0 3.95775e-05 0.0 0.0 0.0 0.0 0.0 0.0 0.0 0.0 0.0 0.0 0.0 0.0 0.0 0.0 0.0 0.0 0.0 0.0 0.0 0.0 8.9407e-08 0.0 0.0 0.0 0.0 0.0 0.0 0.0 0.0 0.0 0.0 0.0 0.0 0.0 0.0 0.0 0.0 0.0 0.0 0.0 2.98023e-08 0.0 0.0 0.0 0.0 0.0 0.0 0.0 0.0 0.0 0.0 0.0 0.0 0.0 0.0 0.0 0.0 4.17233e-07 0.0
6.92904e-05 0.0 0.0 0.0 0.0 0.000644743 0.0 0.0 0.0 0.0 0.0 2.262e-05 0.0 0.0 0.0 0.000584096 0.0 0.0 4.76837e-07 0.0 0.0 0.0 0.0 0.0 0.0 0.0 0.0 0.0 0.0 0.0 0.0 0.0 0.0 0.996381 0.0 0.0 5.87106e-06 0.0 0.0 0.0 0.0 0.0 0.0 0.0 0.023161 0.0 0.000105739 0.0 0.0 0.0 1.49012e-07 0.00194901 0.0 0.0 0.0 0.0 0.0 0.0 0.0 0.0 0.0 0.0 0.0 0.0
0.0 0.0 0.0 0.0 0.0 0.0 0.999875 0.0 0.0 0.0 0.0 0.0 0.0 0.0 0.0 0.0 0.0 0.0 0.0 0.0 0.0 0.0 0.0 0.0 0.0 0.0 0.0 0.0 0.0 0.0 0.0 0.0 0.0 0.0 0.0 0.0 0.0 0.0 0.0 0.0 0.0 0.0 0.0 0.0 0.0 0.0 0.0 0.0 0.0 0.0 0.0 0.0 0.0 0.0 0.0 0.0 0.0 0.0 0.0 0.0 0.0 0.0 0.0 0.0
0.0 0.0 0.0 0.0 0.0 0.0 0.0 0.0 0.0 5.96046e-08 0.0 0.0 0.0 0.0 0.0 0.0 0.308058 0.0 0.0 0.0 0.000294507 7.48038e-06 0.0 0.0 0.0 0.0 0.0 0.0 0.0 0.0 0.0 0.0 0.978818 0.0 4.38094e-06 0.017179 0.0 0.572886 0.0 0.0 0.0 0.0 0.0 0.0 0.0 0.0 0.0 0.0 0.0 0.0 0.0 0.0 0.0 0.0 0.0 0.0 0.0 0.0 0.0 0.0 0.0 0.0 0.0 0.0
0.0 0.0 0.0 0.0 0.0 0.0 0.0 0.0 0.0 0.0 0.0 0.0 0.0 0.0 0.0 0.0 0.0 0.127934 0.0 0.0 0.0 0.0 0.0 0.0 0.0 0.0 0.0 0.000562429 0.0 0.0 0.0 0.0 0.0 0.0 0.0 0.0 0.0 0.0 0.0 0.0 0.0 0.0 0.972082 0.0 0.0 0.0 0.0 0.0 0.0 0.0 0.0 0.0 0.0 0.0 0.0 0.0 0.000389457 0.0 0.000486016 0.0 0.0 0.0 0.0 0.0
0.0 0.0 0.0 0.0 0.0 0.0 0.0 0.0 0.0 0.0 0.0 0.0 0.0 0.0 0.0 0.0 0.000439852 0.0 0.0 0.0 0.974913 5.96046e-06 0.0 0.0 0.0 0.0 0.0 0.0 0.0 0.0 0.0 0.0 0.00437906 0.0 0.9182 1.78814e-07 0.0 2.8789e-05 0.0 0.0 0.0 0.0 0.0 0.0 0.0 0.0 0.0 0.0 0.0 0.0 0.0 0.0 0.0 0.0 0.0 0.0 0.0 0.0 0.0 0.0 0.0 0.0 0.0 0.0
0.0 0.0 0.0 0.0 0.0 0.0 0.0 0.0 0.0 5.87106e-06 0.0 0.0 0.0 0.0 0.0 0.0 0.988806 0.0 0.0 0.0 3.81768e-05 9.44734e-06 0.0 0.0 0.0 0.0 0.0 0.0 0.0 0.0 0.0 0.0 0.696391 0.0 2.38419e-07 0.036579 0.0 0.918187 0.0 0.0 0.0 0.0 0.0 0.0 0.0 0.0 0.0 0.0 0.0 0.0 0.0 0.0 0.0 0.0 0.0 0.0 0.0 0.0 0.0 0.0 0.0 0.0 0.0 0.0
0.0 0.0 0.0 0.0 0.0 0.0 0.0 0.0 0.0 0.0 0.0 0.0 0.0 0.0 0.0 0.0 5.24521e-06 0.0 0.0 0.0 0.908432 2.32458e-06 0.0 0.0 0.0 0.0 0.0 0.0 0.0 0.0 0.0 0.0 0.000117749 0.0 0.972233 0.0 0.0 8.64267e-07 0.0 0.0 0.0 0.0 0.0 0.0 0.0 0.0 0.0 0.0 0.0 0.0 0.0 0.0 0.0 0.0 0.0 0.0 0.0 0.0 0.0 0.0 0.0 0.0 0.0 0.0
0.0 0.0 0.0 0.0 0.0 0.993856 0.0 0.0 0.0 0.0 0.0 3.57628e-07 0.0 0.0 0.0 1.49012e-07 0.0 0.0 0.0 0.0 0.0 0.0 0.0 4.47035e-07 0.0 0.0 0.0 0.0 0.0 0.0 0.0 0.0 0.0 0.000416458 0.0 7.7486e-07 5.96046e-08 4.47035e-07 0.0 0.0 0.0 0.0 0.0 0.0 1.69873e-06 0.0 9.53674e-07 4.1306e-05 0.0 0.0 0.0 0.000156492 0.0 0.0 0.0 0.0 0.0 0.0 0.0 0.0 0.0 0.0 0.0 0.0
0.0 0.0 0.0 0.159697 0.0 0.0 0.0 0.969785 0.0 0.0 0.0 0.0 0.0 0.0 0.0 0.0 0.0 0.0 0.0 0.0 0.0 0.0 0.966475 0.0 0.0 8.9407e-08 0.0 0.0 0.0 2.98023e-08 0.0 3.04282e-05 0.0 0.0 0.0 0.0 0.0 0.0 0.0 0.0 0.0 0.0 0.0 0.00167093 0.0 0.0 0.0 0.0 0.0 0.0 0.0 0.0 0.0 0.00998932 0.0 0.000210136 0.0 0.0 0.0 0.0 2.90275e-05 0.0 0.0 0.0
0.0 0.0 0.0 0.0 0.0 1.49012e-07 0.0 0.0 0.0 0.0 0.0 0.0 0.0 0.0 0.0 0.0 1.19209e-07 0.0 0.0 0.0 2.98023e-08 0.987957 0.0 2.68221e-07 0.0 0.0 0.0 0.0 0.0 0.0 0.0 0.0 0.0 0.0 0.0 0.0317906 0.0 2.98023e-08 0.0 0.0 0.0 0.0 0.0 0.0 0.0 0.0 0.0 0.0 0.0 0.0 0.0 5.96046e-08 0.0 0.0 0.0 0.0 0.0 0.0 0.0 0.0 0.0 0.0 0.0 0.0
0.0 0.0 0.0 0.0 0.0 0.0 0.0 0.0 0.0 0.0 0.0 2.5034e-06 0.0 0.0 0.993422 0.0 0.0 0.0 7.00355e-06 0.0 0.0 0.0 0.0 0.0 0.0 0.0 0.0 0.0 0.0 0.0 0.0 0.0 0.0 0.0 0.0 0.0 1.33812e-05 0.0 0.0 0.0 0.0 0.0 0.0 0.0 0.0 0.0 1.46031e-06 0.0 0.0 0.0 0.0 0.0 0.0 0.0 0.0 0.0 0.0 0.0 0.0 0.0 0.0 0.0 0.0 0.0
0.0 0.0 0.0 0.0 0.0 0.0 0.0 0.0 0.0 0.0 0.0 0.0 0.0 0.0 0.0 0.0 0.0 0.0 0.0 0.0 0.0 0.0 0.0 0.0 0.0 4.79221e-05 0.000138193 0.0 0.0 0.0 0.0 0.0 0.0 0.0 0.0 0.0 0.0 0.0 0.0 0.0 0.0 0.0 0.0 0.0 0.0 0.973177 0.0 0.0 0.0 0.0 0.0 0.0 0.0 0.0 0.0 0.0 0.0 0.0 0.0 0.0 0.0 0.0 0.0 0.0
2.98023e-07 0.0 0.0 0.0 0.0 5.96046e-07 0.0 0.0 0.0 8.64267e-07 0.0 0.0 0.0 0.0 0.0 0.997139 0.0 0.0 0.0 0.0 0.0 0.0 0.0 0.0 0.0 0.0 0.0 0.0 0.0 0.0 0.0 0.0 0.0 0.0529409 0.0 5.96046e-08 0.0 2.35438e-06 0.0 0.0 0.0 0.0 0.0 0.0 6.25849e-07 0.0 0.0 0.0 0.0 0.0 0.0 0.0 0.0 0.0 0.0 0.0 0.0 0.0 0.0 0.0 0.0 0.0 0.0 0.0
0.0 0.0 0.0 0.0 0.0 0.0 0.0 0.0 0.0 0.0 0.0 0.0 0.0 0.0 0.0 0.0 0.0 0.994493 0.0 0.0 0.0 0.0 0.0 0.0 0.0 0.0 0.0 0.140875 0.0 0.0 0.0 0.0 0.0 0.0 0.0 0.0 0.0 0.0 0.0 0.0 0.0 0.0 8.13007e-05 0.0 0.0 0.0 0.0 0.0 0.0 0.0 0.0 0.0 0.0 0.0 0.0 0.0 2.98023e-08 0.0 2.08616e-07 0.0 0.0 0.0 0.0 0.0
0.0 0.0 0.0 0.000209719 4.17233e-07 0.0 0.0 0.000894159 0.0 0.0 0.0 0.0 0.0 0.0 0.0 0.0 0.0 0.0 0.0 0.0 0.0 0.0 3.68953e-05 0.0 0.0 0.0 0.0 0.0 0.0 1.90735e-06 0.0 2.71201e-06 0.0 0.0 0.0 0.0 0.0 0.0 0.0 0.0 0.0 0.0 0.0 0.932765 0.0 0.0 0.0 0.0 0.0 0.0 0.0 0.0 0.0 0.998563 0.0 0.862896 0.0 0.0 0.0 0.0 0.816911 0.0 0.0 0.0
0.0 0.0 0.0 0.0011619 1.49012e-07 0.0 0.0 0.0107127 0.0 0.0 0.0 0.0 0.0 0.0 0.0 0.0 0.0 0.0 0.0 0.0 0.0 0.0 0.000384539 0.0 0.0 0.0 0.0 0.0 0.0 2.5034e-06 0.0 1.10865e-05 0.0 0.0 0.0 0.0 0.0 0.0 0.0 0.0 0.0 0.0 0.0 0.892895 0.0 0.0 0.0 0.0 0.0 0.0 0.0 0.0 0.0 0.978046 0.0 0.668674 0.0 0.0 0.0 0.0 0.33419 0.0 0.0 0.0
0.0 0.0 0.0 0.0 0.0 0.0 0.0 1.01328e-06 0.0 0.0 0.0 0.0 0.0 0.0 0.0 0.0 0.0 0.0 0.0 0.0 0.0 0.0 7.48038e-06 0.0 0.0 0.0 0.0 0.0 0.0 0.0 4.17233e-07 0.99953 0.0 0.0 0.0 0.0 0.0 0.0 0.0 0.0 0.0 0.0 0.0 0.0 0.0 0.0 0.0 0.0 0.0 0.0 0.0 0.0 0.0 0.0 0.0 0.0 0.0 0.0 0.0 0.0 0.0 0.0 0.0 0.0
0.0 0.0 0.0 8.9407e-08 0.0 0.0 0.0 9.23872e-07 0.0 0.0 0.0 0.0 0.0 0.0 0.0 0.0 0.0 0.0 0.0 0.0 0.0 0.0 1.60933e-05 0.0 0.0 2.98023e-08 0.0 0.0 0.0 0.0 0.0 0.00132558 0.0 0.0 0.0 0.0 0.0 0.0 0.0 0.0 0.0 0.0 0.0 0.0 0.0 0.0 0.0 0.0 0.0 0.0 0.0 0.0 0.0 3.27826e-07 0.0 0.0 0.0 0.0 0.0 0.0 0.0 0.0 0.0 0.0
0.0 0.0 0.0 0.0 0.0 0.0 0.0 0.0 0.0 0.0 0.0 0.0 0.0 0.0 0.0 0.0 0.0 0.0 0.0 0.0 0.0 0.0 0.0 0.0 0.0 0.0 0.0 0.0 0.0 0.0 0.0 0.0 0.0 0.0 0.0 0.0 0.0 0.0 0.0 0.0 0.0 2.98023e-08 0.0 0.0 0.0 0.0 0.0 0.0 0.0 0.0 0.0 0.0 0.0 0.0 0.997981 0.0 0.0 0.0 0.0 0.0 0.0 0.0 0.0 0.0
0.0 0.0 0.0 0.0 0.0 1.91629e-05 0.0 0.0 0.0 0.0 0.0 0.0 0.0 0.0 0.0 0.0 0.00455031 0.0 0.0 0.0 0.0 0.0645902 0.0 1.54972e-06 0.0 0.0 0.0 0.0 0.0 0.0 0.0 0.0 0.00330165 5.66244e-07 0.0 0.985004 0.0 0.00968155 0.0 0.0 0.0 0.0 0.0 0.0 0.0 0.0 0.0 8.9407e-08 0.0 0.0 0.0 6.28531e-05 0.0 0.0 0.0 0.0 0.0 0.0 0.0 0.0 0.0 0.0 0.0 0.0
2.69115e-05 0.0 0.135288 0.0 0.0 0.0 0.0 0.0 0.0 0.0 0.0 9.53674e-07 0.674354 0.0 0.0 0.0 0.0 0.0 0.193975 0.0600171 0.0 0.0 0.0 0.0 5.96046e-07 0.0 0.0 0.0 0.0 0.0 0.0 0.0 0.0 0.0 0.0 0.0 3.86536e-05 0.0 0.000321269 0.00162482 0.0 0.0 0.0 0.0 0.0 0.0 5.66244e-07 0.0 0.0 0.98634 0.0368884 0.0 0.948734 0.0 0.0 0.0 0.0 0.0 0.0 0.858424 0.0 0.0 0.0 0.0
0.0 0.0 0.0 0.0 0.0 8.25524e-05 0.0 0.0 0.0 0.0 0.0 1.19209e-07 0.0 0.0 0.0 0.0 0.0 0.0 0.0 0.0 0.0 0.0 0.0 5.01275e-05 0.0 0.0 0.0 0.0 0.0 0.0 0.0 0.0 0.0 0.0 0.0 2.98023e-08 0.0 0.0 0.0 0.0 0.0 0.0 0.0 0.0 0.0 0.0 0.0 0.998082 0.0 0.0 0.0 0.000191033 0.0 0.0 0.0 0.0 0.0 0.0 0.0 0.0 0.0 0.0 0.0 0.0
0.140482 0.0 5.39422e-06 0.0 0.0 0.0 0.0 0.0 0.0 0.0 0.0 0.00170144 0.813455 0.0 0.0 0.0 0.0 0.0 0.860364 1.14143e-05 0.0 0.0 0.0 0.0 0.0 0.0 0.0 0.0 0.0 0.0 0.0 0.0 0.0 0.0 0.0 0.0 0.210426 0.0 0.0 1.19209e-07 0.0 0.0 0.0 0.0 0.000259936 0.0 0.0042592 0.0 0.0 0.311468 0.990454 0.0 0.00297785 0.0 0.0 0.0 0.0 0.0 0.0 0.00113592 0.0 0.0 0.0 0.0
0.985096 0.0 0.0 0.0 0.0 0.0 0.0 0.0 0.0 0.0 0.0 9.74834e-05 0.0420696 0.0 0.0 0.0 0.0 0.0 0.0333556 2.98023e-08 0.0 0.0 0.0 0.0 0.0 0.0 0.0 0.0 0.0 0.0 0.0 0.0 0.0 5.96046e-08 0.0 0.0 0.000357658 0.0 0.0 0.0 0.0 0.0 0.0 0.0 0.00576106 0.0 0.0012854 0.0 0.0 0.00295621 0.364195 0.0 0.000111699 0.0 0.0 0.0 0.0 0.0 0.0 1.38581e-05 0.0 0.0 0.0 0.0
0.0 0.0 0.667918 0.0 0.0 0.0 0.0 0.0 1.19209e-07 0.0 0.0 0.0 5.96046e-08 0.0 0.0 0.0 0.0 0.0 0.0 0.179678 0.0 0.0 0.0 0.0 0.334827 0.0 0.0 0.0 0.0 0.0 0.0 0.0 0.0 0.0 0.0 0.0 0.0 0.0 0.982679 0.989979 5.06639e-07 0.0 0.0 0.0 0.0 0.0 0.0 0.0 0.0 1.82986e-05 0.0 0.0 0.92138 0.0 0.0 0.0 0.0 0.000194579 0.0 0.021977 0.0 0.0 0.0 0.0
0.0 0.0 0.0 0.0 0.0 0.0 0.0 0.0 0.0 0.0 1.19209e-07 0.0 0.0 0.0 0.0 0.0 0.0 1.78814e-06 0.0 0.0 0.0 0.0 0.0 0.0 0.0 0.0 0.0 1.49012e-07 0.0 0.0 0.0 0.0 0.0 0.0 0.0 0.0 0.0 0.0 0.0 0.0 0.0 0.0 0.000375181 0.0 0.0 0.0 0.0 0.0 0.0 0.0 0.0 0.0 0.0 0.0 0.0 0.0 0.999395 0.0 0.000479609 0.0 0.0 0.0 0.0 0.0
0.0 8.91089e-06 0.0 0.0 0.0 0.0 0.0 0.0 0.000230342 0.0 0.0 0.0 0.0 0.0 0.0 0.0 0.0 0.0 0.0 0.0 0.0 0.0 0.0 0.0 0.0 0.0 0.0 0.0 0.0 0.0 0.0 0.0 0.0 0.0 0.0 0.0 0.0 0.0 0.0 0.0 0.985875 0.0 0.0 0.0 0.0 0.0 0.0 0.0 0.0 0.0 0.0 0.0 0.0 0.0 0.0 0.0 0.0 0.000602752 0.0 0.0 0.0 0.980638 0.0 0.0
0.0 0.0 0.0 0.0236433 4.76837e-07 0.0 0.0 0.214596 0.0 0.0 0.0 0.0 0.0 0.0 0.0 0.0 0.0 0.0 0.0 0.0 0.0 0.0 0.0220761 0.0 0.0 0.0 0.0 0.0 0.0 3.42727e-06 0.0 1.3113e-05 0.0 0.0 0.0 0.0 0.0 0.0 0.0 0.0 0.0 0.0 0.0 0.881276 0.0 0.0 0.0 0.0 0.0 0.0 0.0 0.0 0.0 0.983121 0.0 0.608913 0.0 0.0 0.0 0.0 0.365891 0.0 0.0 0.0
0.0 0.0 0.0 0.0 0.0 0.0 0.0 0.0 0.0 0.0 0.0 0.0 0.0 0.0 0.0 0.0 0.0 5.45382e-06 0.0 0.0 0.0 0.0 0.0 0.0 0.0 0.0 0.0 0.0 0.0 0.0 0.0 0.0 0.0 0.0 0.0 0.0 0.0 0.0 0.0 0.0 0.0 0.0 0.000674963 0.0 0.0 0.0 0.0 0.0 0.0 0.0 0.0 0.0 0.0 0.0 0.0 0.0 2.22623e-05 0.0 0.994401 0.0 0.0 0.0 0.0 0.0
0.0 0.0 0.0 1.19209e-07 0.0 0.0 0.0 0.0 0.0 0.0 0.0 0.0 0.0 0.0 0.0 0.0 0.0 0.0 0.0 0.0 0.0 0.0 0.0 0.0 0.0 0.0 0.0 0.0 0.0 0.999479 0.0 0.0 0.0 0.0 0.0 0.0 0.0 0.0 0.0 0.0 0.0 0.0 0.0 0.0 0.0 0.0 0.0 0.0 0.0 0.0 0.0 0.0 0.0 0.0 0.0 0.0 0.0 0.0 0.0 0.0 0.0 0.0 0.0 0.0
0.0 0.0 0.0 0.0 0.0 0.0 0.0 0.0 0.0 0.0 0.0 0.0 0.0 0.99965 0.0 0.0 0.0 0.0 0.0 0.0 0.0 0.0 0.0 0.0 0.0 0.0 0.0 0.0 0.0 0.0 0.0 0.0 0.0 0.0 0.0 0.0 0.0 0.0 0.0 0.0 0.0 0.0 0.0 0.0 0.0 0.0 0.0 0.0 0.0 0.0 0.0 0.0 0.0 0.0 0.0 0.0 0.0 0.0 0.0 0.0 0.0 0.0 0.0 0.0
0.0 0.0 0.0 0.0 0.0 0.0 0.0 0.0 0.0 0.0 0.0 0.0 0.0 0.0 0.0 0.0 0.0 0.0 0.0 0.0 0.0 0.0 0.0 0.0 0.0 0.0 0.994212 0.0 0.0 0.0 0.0 0.0 0.0 0.0 0.0 0.0 0.0 0.0 0.0 0.0 0.0 0.0 0.0 0.0 0.0 0.00116944 0.0 0.0 0.0 0.0 0.0 0.0 0.0 0.0 0.0 0.0 0.0 0.0 0.0 0.0 0.0 0.0 0.0 0.0
0.0 0.0 0.0 0.116428 0.0 0.0 0.0 0.130385 0.0 0.0 0.0 0.0 0.0 0.0 0.0 0.0 0.0 0.0 0.0 0.0 0.0 0.0 0.844368 0.0 0.0 1.19209e-07 0.0 0.0 0.0 0.0 0.0 8.9407e-08 0.0 0.0 0.0 0.0 0.0 0.0 0.0 0.0 0.0 0.0 0.0 2.08616e-07 0.0 0.0 0.0 0.0 0.0 0.0 0.0 0.0 0.0 2.14577e-06 0.0 2.98023e-08 0.0 0.0 0.0 0.0 0.0 0.0 0.0 0.0
0.005808 0.0 0.0 0.0 0.0 0.0 0.0 0.0 0.0 0.0 0.0 0.165865 0.0183253 0.0 2.44379e-06 0.0 0.0 0.0 0.726605 2.98023e-08 0.0 0.0 0.0 0.0 0.0 0.0 0.0 0.0 0.0 0.0 0.0 0.0 0.0 3.27826e-07 0.0 0.0 0.991996 0.0 0.0 0.0 0.0 0.0 0.0 0.0 0.0698369 0.0 0.241604 0.0 0.0 0.000264496 0.669212 0.0 4.26173e-06 0.0 0.0 0.0 0.0 0.0 0.0 1.04308e-06 0.0 0.0 0.0 0.0
0.0 0.0 0.0 0.016495 8.9407e-08 0.0 0.0 0.13389 0.0 0.0 0.0 0.0 0.0 0.0 0.0 0.0 0.0 0.0 0.0 0.0 0.0 0.0 0.00946003 0.0 0.0 0.0 0.0 0.0 0.0 4.58956e-06 0.0 3.27229e-05 0.0 0.0 0.0 0.0 0.0 0.0 0.0 0.0 0.0 0.0 0.0 0.772961 0.0 0.0 0.0 0.0 0.0 0.0 0.0 0.0 0.0 0.978043 0.0 0.291579 0.0 0.0 0.0 0.0 0.110149 0.0 0.0 0.0
1.19209e-07 0.0 0.200569 0.0 0.0 0.0 0.0 0.0 0.0 0.0 0.0 0.0 0.00316119 0.0 0.0 0.0 0.0 0.0 0.00047338 0.513091 0.0 0.0 0.0 0.0 4.88162e-05 0.0 0.0 0.0 0.0 0.0 0.0 0.0 0.0 0.0 0.0 0.0 8.9407e-08 0.0 0.0171562 0.0819902 0.0 0.0 0.0 0.0 0.0 0.0 0.0 0.0 0.0 0.552489 3.3617e-05 0.0 0.996125 0.0 0.0 0.0 0.0 0.0 0.0 0.990593 0.0 0.0 0.0 0.0
0.0 0.0 0.0 0.0149879 0.0 0.0 0.0 0.40296 0.0 0.0 0.0 0.0 0.0 0.0 0.0 0.0 0.0 0.0 0.0 0.0 0.0 0.0 0.635158 0.0 0.0 0.0 0.0 0.0 0.0 0.0 0.0 4.52995e-06 0.0 0.0 0.0 0.0 0.0 0.0 0.0 0.0 0.0 0.0 0.0 0.00247878 0.0 0.0 0.0 0.0 0.0 0.0 0.0 0.0 0.0 0.0108397 0.0 0.000215799 0.0 0.0 0.0 0.0 2.63453e-05 0.0 0.0 0.0
0.0 0.0 0.0 0.0 0.0 3.8743e-06 0.0 0.0 0.0 2.04444e-05 0.0 0.0 0.0 0.0 0.0 7.93934e-05 0.146889 0.0 0.0 0.0 2.98023e-08 1.49012e-07 0.0 0.0 0.0 0.0 0.0 0.0 0.0 0.0 0.0 0.0 0.226813 5.06639e-07 0.0 0.00439131 0.0 0.998252 0.0 0.0 0.0 0.0 0.0 0.0 0.0 0.0 0.0 0.0 0.0 0.0 0.0 1.68979e-05 0.0 0.0 0.0 0.0 0.0 0.0 0.0 0.0 0.0 0.0 0.0 0.0
0.0 0.0 0.983704 0.0 0.0 0.0 0.0 0.0 0.0 0.0 0.0 0.0 4.11272e-06 0.0 0.0 0.0 0.0 0.0 1.90735e-06 0.6479 0.0 0.0 0.0 0.0 0.00748661 0.0 0.0 0.0 0.0 0.0 0.0 0.0 0.0 0.0 0.0 0.0 0.0 0.0 0.845432 0.849397 0.0 0.0 0.0 0.0 0.0 0.0 0.0 0.0 0.0 0.00170776 8.9407e-08 0.0 0.953113 0.0 0.0 0.0 0.0 7.15256e-07 0.0 0.0951822 0.0 0.0 0.0 0.0
0.0 0.0 0.0 0.0 0.0 0.0 0.0 0.0 0.0 0.0 0.0 0.0 0.0 0.0 0.0 0.0 0.0 0.0 0.0 0.0 0.0 0.0 0.0 0.0 0.0 0.0 0.0 0.0 0.0 0.0 0.0 0.0 0.0 0.0 0.0 0.0 0.0 0.0 0.0 0.0 0.0 4.47035e-07 0.0 0.0 0.0 0.0 0.0 0.0 0.99973 0.0 0.0 0.0 0.0 0.0 0.0 0.0 0.0 0.0 0.0 0.0 0.0 0.0 0.0 0.0
0.0 0.0 0.0 0.0 0.0 0.0 0.0 0.0 0.0 0.0 0.0 0.0 0.0 0.0 0.0 0.0 0.0 0.0 0.0 0.0 0.0 0.0 0.0 0.0 0.0 0.0 0.0 0.0 0.0 0.0 0.0 0.0 0.0 0.0 0.0 0.0 0.0 0.0 0.0 0.0 0.0 0.99826 0.0 0.0 0.0 0.0 0.0 0.0 0.0 0.0 0.0 0.0 0.0 0.0 2.26498e-06 0.0 0.0 0.0 0.0 0.0 0.0 0.0 4.41074e-06 0.0
0.0 0.0 0.0 0.0 0.99992 0.0 0.0 0.0 0.0 0.0 0.0 0.0 0.0 0.0 0.0 0.0 0.0 0.0 0.0 0.0 0.0 0.0 0.0 0.0 0.0 0.0 0.0 0.0 0.0 0.0 0.0 0.0 0.0 0.0 0.0 0.0 0.0 0.0 0.0 0.0 0.0 0.0 0.0 0.0 0.0 0.0 0.0 0.0 0.0 0.0 0.0 0.0 0.0 0.0 0.0 0.0 0.0 0.0 0.0 0.0 0.0 0.0 0.0 0.0
2.38419e-07 0.0 0.0 0.0 0.0 9.47118e-05 0.0 0.0 0.0 0.0 0.0 3.63588e-06 0.0 0.0 0.0 0.0 0.0 0.0 0.0 0.0 0.0 0.0 0.0 0.000273168 0.0 0.0 0.0 0.0 0.0 0.0 0.0 0.0 0.0 0.0111378 0.0 3.27826e-07 1.49012e-07 8.9407e-08 0.0 0.0 0.0 0.0 0.0 0.0 0.00324464 0.0 1.12653e-05 4.61936e-05 0.0 0.0 0.0 0.992546 0.0 0.0 0.0 0.0 0.0 0.0 0.0 0.0 0.0 0.0 0.0 0.0
0.0 0.0 0.53475 0.0 0.0 0.0 0.0 0.0 0.0 0.0 0.0 0.0 1.45435e-05 0.0 0.0 0.0 0.0 0.0 5.45382e-06 0.996612 0.0 0.0 0.0 0.0 0.0056884 0.0 0.0 0.0 0.0 0.0 0.0 0.0 0.0 0.0 0.0 0.0 0.0 0.0 0.613613 0.243913 0.0 0.0 0.0 0.0 0.0 0.0 0.0 0.0 0.0 0.00281337 3.57628e-07 0.0 0.991284 0.0 0.0 0.0 0.0 6.25849e-07 0.0 0.367051 0.0 0.0 0.0 0.0
0.0 0.0 0.0 0.0 0.0 0.0 0.0 0.0 0.0 0.999998 0.0 0.0 0.0 0.0 0.0 1.35601e-05 4.41372e-05 0.0 0.0 0.0 1.96695e-06 0.0 0.0 0.0 0.0 0.0 0.0 0.0 0.0 0.0 0.0 0.0 7.36117e-06 0.0 5.06639e-07 2.98023e-08 0.0 0.000582784 0.0 0.0 0.0 0.0 0.0 0.0 0.0 0.0 0.0 0.0 0.0 0.0 0.0 0.0 0.0 0.0 0.0 0.0 0.0 0.0 0.0 0.0 0.0 0.0 0.0 0.0
0.0 0.0 0.0 0.304372 0.0 0.0 0.0 0.943527 0.0 0.0 0.0 0.0 0.0 0.0 0.0 0.0 0.0 0.0 0.0 0.0 0.0 0.0 0.528151 0.0 0.0 0.0 0.0 0.0 0.0 1.49012e-07 0.0 5.34952e-05 0.0 0.0 0.0 0.0 0.0 0.0 0.0 0.0 0.0 0.0 0.0 0.00203621 0.0 0.0 0.0 0.0 0.0 0.0 0.0 0.0 0.0 0.0100248 0.0 0.000195265 0.0 0.0 0.0 0.0 1.97887e-05 0.0 0.0 0.0
0.0 0.0 0.0 0.000314593 4.47035e-07 0.0 0.0 0.00178352 0.0 0.0 0.0 0.0 0.0 0.0 0.0 0.0 0.0 0.0 0.0 0.0 0.0 0.0 7.07209e-05 0.0 0.0 0.0 0.0 0.0 0.0 9.23872e-07 0.0 1.2517e-06 0.0 0.0 0.0 0.0 0.0 0.0 0.0 0.0 0.0 0.0 0.0 0.984959 0.0 0.0 0.0 0.0 0.0 0.0 0.0 0.0 0.0 0.997172 0.0 0.935445 0.0 0.0 0.0 0.0 0.935885 0.0 0.0 0.0
0.0 8.73208e-06 0.0 0.0 0.0 0.0 0.0 0.0 0.00685617 0.0 0.0 0.0 0.0 0.0 0.0 0.0 0.0 0.0 0.0 0.0 0.0 0.0 0.0 0.0 0.0737417 0.0 0.0 0.0 0.0 0.0 0.0 0.0 0.0 0.0 0.0 0.0 0.0 0.0 0.0338306 2.29478e-06 0.911899 0.0 0.0 0.0 0.0 0.0 0.0 0.0 0.0 0.0 0.0 0.0 1.78814e-07 0.0 0.0 0.0 0.0 0.977486 0.0 0.0 0.0 0.0381924 0.0 0.0
0.0 9.23872e-07 0.000496835 0.0 0.0 0.0 0.0 0.0 0.000348955 0.0 0.0 0.0 0.0 0.0 0.0 0.0 0.0 0.0 0.0 0.00060463 0.0 0.0 0.0 0.0 0.996381 0.0 0.0 0.0 0.0 0.0 0.0 0.0 0.0 0.0 0.0 0.0 0.0 0.0 0.977113 0.0567279 0.00696895 0.0 0.0 0.0 0.0 0.0 0.0 0.0 0.0 0.0 0.0 0.0 0.0102134 0.0 0.0 0.0 0.0 0.609484 0.0 1.81794e-06 0.0 1.03414e-05 0.0 0.0
0.0 0.0 0.0 7.48932e-05 6.85453e-07 0.0 0.0 0.000200003 0.0 0.0 0.0 0.0 0.0 0.0 0.0 0.0 0.0 0.0 0.0 0.0 0.0 0.0 7.62939e-06 0.0 0.0 0.0 0.0 0.0 0.0 2.08616e-06 0.0 1.43051e-06 0.0 0.0 0.0 0.0 0.0 0.0 0.0 0.0 0.0 0.0 0.0 0.970169 0.0 0.0 0.0 0.0 0.0 0.0 0.0 0.0 0.0 0.999212 0.0 0.979623 0.0 0.0 0.0 0.0 0.973144 0.0 0.0 0.0
0.796425 0.0 0.0 0.0 0.0 0.990279 0.0 0.0 0.0 0.0 0.0 0.926896 0.0 0.0 0.172421 0.0 0.0 0.0 0.0 0.0 0.0 0.0 0.0 0.0 0.0 0.0 0.0 0.0 0.0 0.0 0.0 0.0 0.0 0.0 0.0 0.0 0.00678062 0.0 0.0 0.0 0.0 0.0 0.0 0.0 0.327496 0.0 0.0 0.00115272 0.0 0.0 0.0 0.0 0.0 0.0 0.0 0.0 0.0 0.0 0.0 0.0 0.0 0.0 0.0 0.0
0.0 1.78814e-07 4.70877e-06 0.0 0.0 0.0 0.0 0.0 0.0 0.0 0.0 0.0 0.0 0.0 0.0 0.0 0.0 0.0 0.0 0.0 0.0 0.0 0.0 0.0 0.999664 0.0 0.0 0.0 0.0 0.0 0.0 0.0 0.0 0.0 0.0 0.0 0.0 0.0 0.0 0.0 0.0 0.0 0.0 0.0 0.0 0.0 0.0 0.0 0.0 3.27826e-06 0.0 0.0 5.96046e-08 0.0 0.0 0.0 0.0 0.0 0.0 0.0 0.0 0.0 0.0 0.0
8.98242e-05 0.0 1.49012e-06 0.0 0.0 0.0774261 0.0 0.0 0.0 0.0 0.0 0.280407 1.46031e-06 0.0 1.14143e-05 0.0 0.0 0.0 0.0 0.0 0.0 0.0 0.0 0.0 0.0 0.0 0.0 0.0 0.0 0.0 0.0 0.0 0.0 0.0 0.0 0.0 0.545661 0.0 0.0 0.0 0.0 0.0 0.0 0.0 0.906922 0.0 0.0 0.125915 0.0 0.0 0.0 0.0 0.0 0.0 0.0 0.0 0.0 0.0 0.0 0.0 0.0 0.0 0.0 0.0
0.0 0.0 0.0 0.0 0.0 0.0 0.0 0.0 0.0 0.0 0.0 0.0 0.0 0.0 0.0 0.0 0.0 2.47359e-06 0.0 0.0 0.0 0.0 0.0 0.0 0.0 0.0 0.0 0.97424 0.0 0.0 0.0 0.0 0.0 0.0 0.0 0.0 0.0 0.0 0.0 0.0 0.0 0.0 0.0 0.0 0.0 0.0 0.0 0.0 0.0 0.0 0.0 0.0 0.0 0.0 0.0 0.0 0.0 0.0 0.0 0.0 0.0 0.0 0.0 0.0
0.0 0.0 0.0 0.0 1.10269e-06 0.0 0.0 0.0 0.0 0.0 0.0 0.0 0.0 0.997805 0.0 0.99945 0.0 0.0 0.0 0.0 0.0 0.0 0.0 0.0 0.0 0.0 0.0 0.0 0.0 6.25849e-07 0.000107884 2.08616e-07 0.0 0.0 0.0 0.0 0.0 0.0 0.0 0.0 0.0 2.08616e-07 0.0 2.08616e-07 0.0 0.0 0.0 0.0 4.11272e-06 0.0 0.0 0.0 0.0 1.19209e-07 3.8743e-07 4.17233e-07 0.0 0.0 0.0 0.0 3.57628e-07 0.0 0.0 0.0
0.00226319 0.0 0.0 0.0 0.0 1.27554e-05 0.0 0.0 0.0 0.0 0.0 3.27826e-07 0.0 0.0 0.00404602 0.0 0.0 0.0 0.0 0.0 0.0 0.0 0.0 0.0 0.0 0.0 0.0 0.0 0.0 0.0 0.0 0.0 0.0 0.0 0.0 0.0 0.0 2.08616e-07 0.0 0.0 0.0 0.0 0.0 0.0 0.0 0.0 0.0 0.0 0.0 0.0 0.0 0.000152141 0.0 0.0 0.0 0.0 8.9407e-07 0.0 0.0 0.0 0.0 0.0 0.0 0.0
0.0 0.0 0.0 0.0 0.0 0.0 0.0 0.0 0.0 0.0 0.0 0.0 0.0 0.0 0.0 0.0 0.0 0.0 0.0 0.0 0.0 0.0 0.0 0.0 0.0 0.0 0.0 0.0 0.999088 0.0 0.0 0.0 0.000590742 0.0 0.0 0.0 0.0 0.0 0.0 0.0 0.0 0.0 0.0 0.0 0.0 0.0 0.0 0.0 0.0 0.0 1.45137e-05 0.0 0.0 0.0 0.0 0.0 0.0 0.0 0.0 0.0 0.0 0.0 0.0 0.0
0.0 0.0 0.0 0.0178494 0.61573 0.0 0.0 0.0616192 0.0 0.0 0.0 0.0 0.0 0.00764126 0.0 0.000126123 0.0 0.0 0.0 0.0 0.0 0.0 0.349842 0.0 0.0 0.997497 0.0 0.0 0.0 0.771988 0.998148 0.453357 0.0 0.0 0.0 0.0 0.0 0.0 0.0 0.0 0.0 0.14439 0.0 0.65213 0.0 0.691209 0.0 0.0 0.387246 0.0 0.0 0.0 0.0 0.367947 0.558232 0.531749 0.0 0.0 0.0 0.0 0.704806 0.0 0.0 0.0
0.0 0.0 0.0 0.0 0.0 0.0 0.0 0.0 0.0 0.0 0.0 0.0 0.0 0.0 0.0 0.0 0.0 0.0 0.0 0.0 0.0 0.0 0.0 0.0 0.0 0.0 0.0 0.0 0.0 0.0 0.0 0.0 0.0 0.0 0.0 0.0 0.0 0.0 0.0 0.0 0.0 0.0 0.0 0.0 0.0 0.0 0.0 0.0 0.0 0.0 0.0 0.0 0.0 0.0 0.0 0.0 0.0 0.0 0.0 0.0 0.0 0.0 0.997398 0.0
0.0 0.0 0.0 0.0 0.0 0.0 0.0 0.0 0.0 0.000122309 0.0 0.0 0.0 0.0 0.0 0.0 0.991973 0.0 0.0 0.0 0.739386 0.0 0.0 0.0 0.0 0.0 0.0 0.0 0.0 0.0 0.0 0.0 0.0 0.0 0.0 0.00185427 0.0 0.0 0.0 0.0 0.0 0.0 0.0 0.0 0.0 0.0 0.0 0.0 0.0 0.0 0.0 0.0 0.0 0.0 0.0 0.0 0.0 0.0 0.0 0.0 0.0 0.0 0.0 0.0
0.83197 0.0 0.0 0.0 0.0 0.355419 0.0 0.0 0.0 0.0 0.0 0.372051 0.0 0.0 0.987745 0.0 0.0 0.0 0.0 0.0 0.0 0.0 0.0 0.0 0.0 0.0 0.0 0.0 0.0 0.0 0.0 0.0 0.0 0.0 0.0 0.0 0.00148177 0.0 0.0 0.0 0.0 0.0 0.0 0.0 0.0063872 0.0 0.0 0.000121474 0.0 0.0 0.0 0.0 0.0 0.0 0.0 0.0 0.0 0.0 0.0 0.0 0.0 0.0 0.0 0.0
5.78761e-05 0.0 1.78814e-07 0.0 0.0 0.0671102 0.0 0.0 0.0 0.0 0.0 0.293803 0.0 0.0 1.055e-05 0.0 0.0 0.0 0.0 0.0 0.0 0.0 0.0 0.0 0.0 0.0 0.0 0.0 0.0 0.0 0.0 0.0 0.0 0.0 0.0 0.0 0.621307 0.0 0.0 0.0 0.0 0.0 0.0 0.0 0.990682 0.0 0.0 0.00698197 0.0 0.0 0.0 0.0 0.0 0.0 0.0 0.0 0.0 0.0 0.0 0.0 0.0 0.0 0.0 0.0
0.965624 0.0 0.0 0.0 0.0 0.280422 0.0 0.0 0.0 0.0 0.0 0.0647058 0.0 0.0 0.361047 0.0 0.0 0.0 0.0 0.0 0.0 2.98023e-08 0.0 0.0 0.0 0.0 0.0 0.0 0.0 0.0 0.0 0.0 0.0 0.0 0.0 0.0 5.24819e-05 1.19209e-07 0.0 0.0 0.0 0.0 0.0 0.0 0.000213593 0.0 0.0 8.9407e-08 0.0 0.0 0.0 2.08616e-07 0.0 0.0 0.0 0.0 3.8743e-07 0.0 0.0 0.0 0.0 0.0 0.0 0.0
0.0 0.0 0.0 0.0210683 0.00113773 0.0 0.0 0.149717 0.0 0.0 0.0 0.0 0.0 5.0962e-06 0.0 0.0 0.0 0.0 0.0 0.0 0.0 0.0 0.418041 0.0 0.0 0.0327306 0.0 0.0 0.0 0.000587821 0.0152681 5.34356e-05 0.0 0.0 0.0 0.0 0.0 0.0 0.0 0.0 0.0 4.02331e-06 0.0 0.00114733 0.0 0.00738975 0.0 0.0 7.11679e-05 0.0 0.0 0.0 0.0 2.73287e-05 0.00022471 0.000338495 0.0 0.0 0.0 0.0 0.000332505 0.0 0.0 0.0
0.0 0.0 0.0 0.0 0.0 0.0 0.0 0.0 0.0 0.0 0.0 0.0 0.0 0.0 0.0 0.0 0.0 0.0 0.0 0.0 0.0 1.01328e-06 0.0 0.0 0.0 0.0 0.0 0.0 0.0 0.0 0.0 0.0 0.0 0.0 0.0 0.0 0.0 0.0204984 0.0 0.0 0.0 0.0 0.0 0.0 0.0 0.0 0.0 0.0 0.0 0.0 0.0 0.0 0.0 0.0 0.0 0.0 0.985279 0.0 0.0 0.0 0.0 0.0 0.0 0.0
0.0 0.0 0.0 0.0 0.0 0.0 0.0 0.0 0.0 0.995899 0.0 0.0 0.0 0.0 0.0 0.0 1.23084e-05 0.0 0.0 0.0 0.000944495 0.0 0.0 0.0 0.0 0.0 0.0 0.0 0.0 0.0 0.0 0.0 0.0 0.0 0.0 0.832139 0.0 0.0 0.0 0.0 0.0 0.0 0.0 0.0 0.0 0.0 0.0 0.0 0.0 0.0 0.0 0.0 0.0 0.0 0.0 0.0 0.0 0.0 0.0 0.0 0.0 0.0 0.0 0.0
0.0 0.0 0.0 0.0 0.0 0.0 0.0 0.0 0.0 0.00781047 0.0 0.0 0.0 0.0 0.0 0.0 0.82261 0.0 0.0 0.0 0.966885 0.0 0.0 0.0 0.0 0.0 0.0 0.0 0.0 0.0 0.0 0.0 0.0 0.0 0.0 0.0540038 0.0 0.0 0.0 0.0 0.0 0.0 0.0 0.0 0.0 0.0 0.0 0.0 0.0 0.0 0.0 0.0 0.0 0.0 0.0 0.0 0.0 0.0 0.0 0.0 0.0 0.0 0.0 0.0
0.0 0.0 0.0 0.0 0.0 0.0 0.0 0.0 0.0180447 0.0 0.0 0.0 0.0 0.0 0.0 0.0 0.0 0.0 0.0 0.0 0.0 0.0 0.0 0.0 0.0 0.0 0.0 0.0 0.0 0.0 0.0 0.0 0.0 0.0 0.0 0.0 0.0 0.0 2.98023e-08 0.0 0.870006 0.0 0.0 0.0 0.0 0.0 0.0 0.0 0.0 0.0 0.0 0.0 0.0 0.0 0.0 0.0 0.0 1.01924e-05 0.0 0.0 0.0 0.974708 0.0 0.0
0.0 0.0 0.0 0.0 0.0 0.0 0.0 0.0 0.0 0.0 0.0 0.0 0.0 0.0 0.0 0.0 0.0 0.0 2.98023e-07 1.46031e-06 0.0 0.0 0.0 0.0 0.0 0.0 0.0 0.0 0.0 0.0 0.0 0.0 0.0 0.999652 0.0 0.0 0.0 0.0 0.0 0.0 0.0 0.0 0.0 0.0 0.0 0.0 0.0 0.0 0.0 0.0 0.0 0.0 0.0 0.0 0.0 0.0 0.0 0.0 0.0 0.0 0.0 0.0 0.0 0.0
0.0 0.0 0.0 0.0 0.0 0.0 0.0 0.0 0.0 0.0 0.0 0.0 0.0 0.0 0.0 0.0 0.0 0.0 0.990987 0.0 0.0 0.0 0.0 0.0 0.0 0.0 0.0 0.0 0.0 0.0 0.0 0.0 0.0 8.9407e-08 0.0 0.0 0.0 0.0 0.0 0.0 0.0 0.0 0.0 0.0 0.0 0.0 0.0 0.0 0.0 0.0 0.0 0.0 0.0 0.0 0.0 0.0 0.0 0.0 0.0 0.0 0.0 0.0 0.0 0.0
0.0 0.0 0.0 0.0 0.0 0.0 0.0 0.0 0.0 0.871491 0.0 0.0 0.0 0.0 0.0 0.0 0.000124186 0.0 0.0 0.0 0.00492704 0.0 0.0 0.0 0.0 0.0 0.0 0.0 0.0 0.0 0.0 0.0 0.0 0.0 0.0 0.989053 0.0 0.0 0.0 0.0 0.0 0.0 0.0 0.0 0.0 0.0 0.0 0.0 0.0 0.0 0.0 5.96046e-08 0.0 0.0 0.0 0.0 0.0 0.0 0.0 0.0 0.0 0.0 0.0 0.0
3.30806e-06 0.0 0.0 0.0 0.0 0.0 0.0 0.0 0.0 0.0 0.0 0.0 0.0 0.0 5.60284e-06 0.0 0.0 0.0 0.0 0.0 0.0 2.38419e-07 0.0 0.0 0.0 0.0 0.0 0.0 0.0 0.0 0.0 0.0 0.0 0.0 0.0 0.0 0.0 1.71065e-05 0.0 0.0 0.0 0.0 0.0 0.0 0.0 0.0 0.0 0.0 0.0 0.0 0.0 0.0512406 0.0 0.0 0.0 0.0 1.66893e-06 0.0 0.0 0.0 0.0 0.0 0.0 0.0
0.0 0.0 0.0 0.952781 0.000103533 0.0 0.0 0.0580077 0.0 0.0 0.0 0.0 0.0 1.20103e-05 0.0 0.0 0.0 0.0 0.0 0.0 0.0 0.0 0.832413 0.0 0.0 0.00176251 0.0 0.0 0.0 1.69873e-05 0.000546008 1.81794e-06 0.0 0.0 0.0 0.0 0.0 0.0 0.0 0.0 0.0 1.78814e-07 0.0 5.65052e-05 0.0 1.57356e-05 0.0 0.0 4.08292e-06 0.0 0.0 0.0 0.0 8.64267e-07 1.0103e-05 1.23084e-05 0.0 0.0 0.0 0.0 1.29938e-05 0.0 0.0 0.0
0.0036732 0.0 0.0 0.0 0.0 0.000594467 0.0 0.0 0.0 0.0 0.0 1.93417e-05 0.0 0.0 0.242871 0.0 0.0 0.0 0.0 0.0 0.0 0.0 0.0 0.0 0.0 0.0 0.0 0.0 0.0 0.0 0.0 0.0 0.0 0.0 0.0 0.0 8.9407e-08 1.49012e-07 0.0 0.0 0.0 0.0 0.0 0.0 2.38419e-07 0.0 0.0 1.19209e-06 0.0 0.0 0.0 3.15905e-06 0.0 0.0 0.0 0.0 0.0 0.0 0.0 0.0 0.0 0.0 0.0 0.0
0.0 0.0 0.0 0.0 0.0 0.0 0.0 0.0 0.0 0.0 0.0 0.0 0.0 0.0 0.0 0.0 0.0 0.0 0.0 0.0 0.0 0.0 0.0 0.0 0.0 0.0 0.0 0.0 0.0 0.0 0.0 0.0 0.0 0.0 0.0 0.0 0.0 0.0 0.0 0.999828 0.0 0.0 0.0 0.0 0.0 0.0 0.0 0.0 0.0 0.0 0.0 0.0 0.0 0.0 0.0 0.0 0.0 0.0 0.0 8.9407e-08 0.0 0.0 0.0 0.0
0.0 0.0 0.0 0.0 0.0 0.0 0.0 0.0 0.0 0.0 0.0 0.0 0.0 0.0 0.0 0.0 0.0 0.988376 0.0 0.0 0.0 0.0 0.0 0.0 0.0 0.0 0.0 5.66244e-07 0.0 0.0 0.0 0.0 0.0 0.0 0.0 0.0 0.0 0.0 0.0 0.0 0.0 0.0 0.00171363 0.0 0.0 0.0 0.0 0.0 0.0 0.0 0.0 0.0 0.0 0.0 0.0 0.0 0.0 0.0 0.0 0.0 0.0 0.0 0.0 0.0
0.0 0.0 0.0 0.0 0.0 0.0 0.0 0.0 0.0 0.0 0.0 0.0 0.0 0.0 0.0 0.0 0.0 0.0 0.0 0.0 0.0 0.0 0.0 0.0 0.0 0.0 0.0 0.0 0.0 0.0 0.0 0.0 0.0 0.0 0.0 0.0 0.0 0.0 0.0 0.0 0.0 0.0 0.0 0.0 0.0 0.0 0.0 0.0 0.0 0.0 0.0 0.0 0.0 0.0 0.0 0.0 0.0 0.0 0.992014 0.0 0.0 0.0 0.0 0.0
0.0 0.0 0.0 0.0 0.0 0.0 0.0 0.0 7.21812e-05 0.0 0.0 0.0 0.0 0.0 0.0 0.0 0.0 0.0 0.0 0.0 0.0 0.0 0.0 0.0 0.0 0.0 0.0 0.0 0.0 0.0 0.0 0.0 0.0 0.0 0.0 0.0 0.0 0.0 0.0 0.0 0.990869 0.0 0.0 0.0 0.0 0.0 0.0 0.0 0.0 0.0 0.0 0.0 0.0 0.0 0.0 0.0 0.0 1.19209e-07 0.0 0.0 0.0 0.360743 0.0 0.0
0.0 0.0 0.0 0.0 0.0 0.0 0.0 0.0 0.0 0.0 0.0 0.0 0.0 0.0 0.0 0.0 0.0 0.0 0.0 0.0 0.0 0.0 0.0 0.0 0.0 0.0 0.0 0.0 0.0189285 0.0 0.0 0.0 0.999905 0.0 0.0 0.0 0.0 0.0 0.0 0.0 0.0 0.0 0.0 0.0 0.0 0.0 0.0 0.0 0.0 0.0 0.0 0.0 0.0 0.0 0.0 0.0 0.0 0.0 0.0 0.0 0.0 0.0 0.0 0.0
0.0 0.0 0.0 0.00020054 0.979378 0.0 0.0 0.00906977 0.0 0.0 0.0 0.0 0.0 0.0631562 0.0 0.00085339 0.0 0.0 0.0 0.0 0.0 0.0 0.0375742 0.0 0.0 0.18194 0.0 0.0 0.0 0.974193 0.999822 0.911074 0.0 0.0 0.0 0.0 0.0 0.0 0.0 0.0 0.0 0.668021 0.0 0.977536 0.0 0.0164872 0.0 0.0 0.87121 0.0 0.0 0.0 0.0 0.787317 0.949403 0.954288 0.0 0.0 0.0 0.0 0.943332 0.0 0.0 0.0
0.0 0.0 0.0 6.57439e-05 0.981915 0.0 0.0 0.00290158 0.0 0.0 0.0 0.0 0.0 0.0842504 0.0 0.00286621 0.0 0.0 0.0 0.0 0.0 0.0 0.011512 0.0 0.0 0.126003 0.0 0.0 0.0 0.991219 0.999975 0.97129 0.0 0.0 0.0 0.0 0.0 0.0 0.0 0.0 0.0 0.905345 0.0 0.981646 0.0 0.0496633 0.0 0.0 0.964855 0.0 0.0 0.0 0.0 0.973077 0.98523 0.987771 0.0 0.0 0.0 0.0 0.988672 0.0 0.0 0.0
0.0 0.0 0.0 3.16799e-05 0.988476 0.0 0.0 0.00152126 0.0 0.0 0.0 0.0 0.0 0.167414 0.0 0.007377 0.0 0.0 0.0 0.0 0.0 0.0 0.00675368 0.0 0.0 0.0617465 0.0 0.0 0.0 0.984699 0.999939 0.946567 0.0 0.0 0.0 0.0 0.0 0.0 0.0 0.0 0.0 0.891487 0.0 0.969774 0.0 0.0076727 0.0 0.0 0.979241 0.0 0.0 0.0 0.0 0.916058 0.973626 0.972381 0.0 0.0 0.0 0.0 0.96429 0.0 0.0 0.0
0.0 0.0 0.0 0.0 0.0 0.0 0.0 0.0 0.0 0.0 0.0 0.0 0.0 0.0 0.0 0.0 0.0 0.0 0.0 0.0 0.0 0.0 0.0 0.0 0.0 0.0 0.0 0.0 0.0 0.0 0.0 0.0 0.0 0.0 0.99906 0.0 0.0 0.0 0.0 0.0 0.0 0.0 0.0 0.0 0.0 0.0 0.0 0.0 0.0 0.0 0.0 0.0 0.0 0.0 0.0 0.0 0.0 0.0 0.0 0.0 0.0 0.0 0.0 0.0
0.0 0.0 0.0 0.0 0.0 0.0 0.0 0.0 0.0 0.0 0.0 0.0 0.0 0.0 0.0 0.0 0.0 0.0 0.0 5.96046e-08 0.0 6.70552e-06 0.0 0.0 0.0 0.0 0.0 0.0 0.0 0.0 0.0 0.0 0.0 0.0 0.0 0.0 0.0 5.66244e-07 0.0 0.0 0.0 0.0 0.0 0.0 0.0 0.0 0.0 0.0 0.0 0.0 0.0 0.986264 0.0 0.0 0.0 0.0 0.0 0.0 0.0 0.0 0.0 0.0 0.0 0.0
1.78814e-07 0.0 1.78814e-07 0.0 0.0 0.000332803 0.0 0.0 0.0 0.0 0.0 0.000381529 0.0 0.0 7.7486e-07 0.0 0.0 0.0 0.0 0.0 0.0 0.0 0.0 1.2517e-06 0.0 0.0 0.0 0.0 0.0 0.0 0.0 0.0 0.0 0.0 0.0 0.0 0.000210881 0.0 0.0 0.0 0.0 0.0 0.0 0.0 0.0101357 0.0 0.0 0.998261 0.0 0.0 0.0 0.0 0.0 0.0 0.0 0.0 0.0 0.0 0.0 0.0 0.0 0.0 0.0 0.0
0.0 0.0 0.0 0.0 0.0 0.0 0.0 0.0 0.0 0.0 0.0 0.0 0.0 0.0 0.0 0.0 0.0 0.0 0.0 0.0 0.0 0.0251107 0.0 0.0 0.0 0.0 0.0 0.0 0.0 0.0 0.0 0.0 0.0 0.0 0.0 0.0 0.0 0.999282 0.0 0.0 0.0 0.0 0.0 0.0 0.0 0.0 0.0 0.0 0.0 0.0 0.0 5.96046e-08 0.0 0.0 0.0 0.0 0.00817224 0.0 0.0 0.0 0.0 0.0 0.0 0.0
0.154142 0.0 0.0 0.0 0.0 0.951145 0.0 0.0 0.0 0.0 0.0 0.992442 0.0 0.0 0.0114652 0.0 0.0 0.0 0.0 0.0 0.0 0.0 0.0 0.0 0.0 0.0 0.0 0.0 0.0 0.0 0.0 0.0 0.0 0.0 0.0 0.0 0.34844 0.0 0.0 0.0 0.0 0.0 0.0 0.0 0.948192 0.0 0.0 0.0127724 0.0 0.0 0.0 0.0 0.0 0.0 0.0 0.0 0.0 0.0 0.0 0.0 0.0 0.0 0.0 0.0
0.0 0.0 0.0 0.0 0.0 0.0 0.0 0.0 0.0 0.0 0.0 0.0 0.0 0.0 0.0 0.0 0.0 0.0 0.0 0.0 0.0 0.999113 0.0 0.0 0.0 0.0 0.0 0.0 0.0 0.0 0.0 0.0 0.0 0.0 0.0 0.0 0.0 0.0712286 0.0 0.0 0.0 0.0 0.0 0.0 0.0 0.0 0.0 0.0 0.0 0.0 0.0 0.0 0.0 0.0 0.0 0.0 2.38419e-07 0.0 0.0 0.0 0.0 0.0 0.0 0.0
0.0 0.46053 0.00168613 0.0 0.0 0.0 0.0 0.0 6.26445e-05 0.0 2.38419e-07 0.0 0.0 0.0 0.0 0.0 0.0 0.0 0.0 0.0 0.0 0.0 0.0 0.0 0.0 0.0 0.0 0.0 0.0 0.0 0.0 0.0 0.0 0.0 0.0 0.0 0.0 0.0 0.352987 0.0 0.0 0.0 0.0 0.0 0.0 0.0 0.0 0.0 0.0 0.000229388 0.0 0.0 0.979775 0.0 0.0 0.0 0.0 0.0 0.0 0.0 0.0 0.0 0.0 0.0
0.0 0.000680655 0.990873 0.0 0.0 0.0 0.0 0.0 0.0 0.0 0.0 0.0 5.96046e-08 0.0 0.0 0.0 0.0 0.0 0.0 0.0 0.0 0.0 0.0 0.0 8.9407e-07 0.0 0.0 0.0 0.0 0.0 0.0 0.0 0.0 0.0 0.0 0.0 0.0 0.0 0.000280559 0.0 0.0 0.0 0.0 0.0 0.0 0.0 0.0 0.0 0.0 0.076983 0.0 0.0 0.0559952 0.0 0.0 0.0 0.0 0.0 0.0 0.0 0.0 0.0 0.0 0.0
0.0 0.00353667 0.0 0.0 0.0 0.0 0.0 0.0 0.994178 0.0 0.0 0.0 0.0 0.0 0.0 0.0 0.0 0.0 0.0 0.0 0.0 0.0 0.0 0.0 0.0 0.0 0.0 0.0 0.0 0.0 0.0 0.0 0.0 0.0 0.0 0.0 0.0 0.0 0.00612095 0.0 0.000575572 0.0 0.0 0.0 0.0 0.0 0.0 0.0 0.0 0.0 0.0 0.0 5.36442e-07 0.0 0.0 0.0 0.0 1.78814e-07 0.0 0.0 0.0 0.244575 0.0 0.0
0.0 4.47035e-07 1.36197e-05 0.0 0.0 0.0 0.0 0.0 0.0 0.0 0.0 0.0 0.0 0.0 0.0 0.0 0.0 0.0 0.0 0.0 0.0 0.0 0.0 0.0 0.0 0.0 0.0 0.0 0.0 0.0 0.0 0.0 0.0 0.0 0.0 0.0 0.0 0.0 3.27826e-07 7.15256e-07 0.0 0.0 0.0 0.0 0.0 0.0 0.0 0.0 0.0 0.000236124 0.0 0.0 5.96046e-08 0.0 0.0 0.0 0.0 0.0 0.0 0.999882 0.0 0.0 0.0 0.0
0.0 0.0 0.0 0.0 0.0 0.0 0.0 0.0 0.0 0.0 0.0 0.0 0.0 0.0 0.0 0.0 0.0 0.0 0.0 0.0 0.0 0.0 0.0 0.0 0.0 0.0 0.0 0.0 0.0 0.0 0.0 0.0 0.0 0.0 0.0 0.0 0.0 0.0 0.0 0.0 2.17557e-06 0.0 0.0 0.0 0.0 0.0 0.0 0.0 0.0 0.0 0.0 0.0 0.0 0.0 0.0 0.0 0.0 0.998428 0.0 0.0 0.0 4.32134e-06 0.0 0.0
0.0 0.0 0.0 0.000130266 0.986583 0.0 0.0 0.00656334 0.0 0.0 0.0 0.0 0.0 0.103688 0.0 0.000839382 0.0 0.0 0.0 0.0 0.0 0.0 0.0216499 0.0 0.0 0.0817893 0.0 0.0 0.0 0.986477 0.999946 0.95244 0.0 0.0 0.0 0.0 0.0 0.0 0.0 0.0 0.0 0.826874 0.0 0.986446 0.0 0.0540085 0.0 0.0 0.944427 0.0 0.0 0.0 0.0 0.952025 0.981804 0.98767 0.0 0.0 0.0 0.0 0.977274 0.0 0.0 0.0
0.0 0.0 0.0 0.0 0.0 0.0 0.0 0.0 0.0 0.0 0.0 0.0 0.0 0.0 2.98023e-08 0.0 0.0 0.0 0.0 0.0 0.0 0.0 0.0 0.0 0.0 0.0 0.0 0.0 0.0 0.0 0.0 0.0 0.0 0.0 0.0 0.0 0.0 0.0 0.0 0.0 0.0 0.0 0.0 0.0 0.0 0.0 0.0 0.0 0.0 0.0 0.0 0.0 0.0 0.0 0.0 0.0 0.0 0.0 0.0 0.0 0.0 0.0 0.0 0.0
0.0 0.0 0.0 0.0 0.0 0.0 0.0 0.0 0.0 0.0 0.0 0.0 0.0 0.0 0.0 0.0 0.0 0.02237 0.0 0.0 0.0 0.0 0.0 0.0 0.0 0.0 0.0 0.0 0.0 0.0 0.0 0.0 0.0 0.0 0.0 0.0 0.0 0.0 0.0 0.0 0.0 0.0 0.989658 0.0 0.0 0.0 0.0 0.0 0.0 0.0 0.0 0.0 0.0 0.0 0.0 0.0 0.0 0.0 0.0 0.0 0.0 0.0 0.0 0.0
0.0 0.0 0.0 2.41399e-06 1.16527e-05 0.0 0.0 2.08616e-07 0.0 0.0 0.0 0.0 0.0 0.999885 0.0 0.982279 0.0 0.0 0.0 0.0 0.0 0.0 9.5129e-05 0.0 0.0 5.66244e-07 0.0 0.0 0.0 2.83122e-06 0.000174493 4.76837e-07 0.0 0.0 0.0 0.0 0.0 0.0 0.0 0.0 0.0 5.96046e-08 0.0 4.17233e-06 0.0 0.0 0.0 0.0 9.65595e-06 0.0 0.0 0.0 0.0 2.38419e-07 2.563e-06 3.39746e-06 0.0 0.0 0.0 0.0 2.5034e-06 0.0 0.0 0.0
0.987776 0.0 0.0 0.0 0.0 0.800076 0.0 0.0 0.0 0.0 0.0 0.750487 0.0 0.0 0.731898 0.0 0.0 0.0 0.0 0.0 0.0 0.0 0.0 0.0 0.0 0.0 0.0 0.0 0.0 0.0 0.0 0.0 0.0 0.0 0.0 0.0 0.00263661 0.0 0.0 0.0 0.0 0.0 0.0 0.0 0.0135089 0.0 0.0 2.62558e-05 0.0 0.0 0.0 0.0 0.0 0.0 0.0 0.0 0.0 0.0 0.0 0.0 0.0 0.0 0.0 0.0
0.0 0.0 0.0 1.86861e-05 0.983499 0.0 0.0 0.00162059 0.0 0.0 0.0 0.0 0.0 0.0532492 0.0 0.00559562 0.0 0.0 0.0 0.0 0.0 0.0 0.00268793 0.0 0.0 0.0280119 0.0 0.0 0.0 0.991272 0.999984 0.979236 0.0 0.0 0.0 0.0 0.0 0.0 0.0 0.0 0.0 0.976025 0.0 0.979864 0.0 0.0164183 0.0 0.0 0.967696 0.0 0.0 0.0 0.0 0.974392 0.985866 0.986444 0.0 0.0 0.0 0.0 0.983536 0.0 0.0 0.0
4.55976e-05 0.0 4.76837e-07 0.0 0.0 0.00131375 0.0 0.0 0.0 0.0 0.0 0.0476894 0.0 0.0 1.02818e-05 0.0 0.0 0.0 0.0 0.0 0.0 0.0 0.0 0.0 0.0 0.0 0.0 0.0 0.0 0.0 0.0 0.0 0.0 0.0 0.0 0.0 0.987123 0.0 0.0 0.0 0.0 0.0 0.0 0.0 0.219339 0.0 0.0 0.000197351 0.0 0.0 0.0 0.0 0.0 0.0 0.0 0.0 0.0 0.0 0.0 0.0 0.0 0.0 0.0 0.0
0.0 0.0 0.0 0.0 0.0 0.0 0.0 0.0 0.0 0.0 0.0 0.0 0.0 0.0 0.0 0.0 0.0 0.0 0.0 0.0 0.0 0.0 0.0 0.0 0.0 0.0 0.0 0.0 0.0 0.0 0.0 0.0 0.0 0.0 0.0 0.0 0.0 0.0 0.0 0.0 0.0 0.0 0.0 0.0 0.0 0.0 0.998459 0.0 0.0 0.0 0.0 0.0 0.0 0.0 0.0 0.0 0.0 0.0 0.0 0.0 0.0 0.0 0.0 0.0
0.0 0.0 0.0 0.0 0.0 0.0 0.0 0.0 0.0 0.0 0.0 0.0 5.1558e-06 0.0 0.0 0.0 0.0 0.0 0.0 3.36766e-06 0.0 0.0 0.0 0.998751 0.0 0.0 0.0 0.0 0.0 0.0 0.0 0.0 0.0 0.0 0.0 0.0 0.0 0.0 0.0 0.0 0.0 0.0 0.0 0.0 0.0 0.0 0.0 0.0 0.0 0.0 0.0 0.0 0.0 0.0 0.0 0.0 0.0 0.0 0.0 0.0 0.0 0.0 0.0 0.0
0.0 1.57952e-06 0.0251125 0.0 0.0 0.0 0.0 0.0 0.0 0.0 2.35438e-06 0.0 1.60933e-06 0.0 0.0 0.0 0.0 0.0 0.0 0.0 0.0 0.0 0.0 0.0 0.0 0.0 0.0 0.0 0.0 0.0 0.0 0.0 0.0 0.0 0.0 0.0 2.41399e-06 0.0 4.76837e-07 0.0 0.0 0.0 0.0 0.0 7.03335e-06 0.0 0.0 5.03063e-05 0.0 0.000401676 0.0 0.0 0.00294843 0.0 0.0 0.0 0.0 0.0 0.0 0.0 0.0 0.0 0.0 0.0
0.0 0.0 0.0 5.53429e-05 0.984321 0.0 0.0 0.00345132 0.0 0.0 0.0 0.0 0.0 0.0700533 0.0 0.00196153 0.0 0.0 0.0 0.0 0.0 0.0 0.0113245 0.0 0.0 0.0704024 0.0 0.0 0.0 0.98698 0.99996 0.951167 0.0 0.0 0.0 0.0 0.0 0.0 0.0 0.0 0.0 0.886619 0.0 0.981999 0.0 0.0340073 0.0 0.0 0.95071 0.0 0.0 0.0 0.0 0.951081 0.980628 0.985642 0.0 0.0 0.0 0.0 0.978785 0.0 0.0 0.0
0.0 0.00640008 0.33636 0.0 0.0 0.0 0.0 0.0 1.78814e-07 0.0 0.0 0.0 0.0 0.0 0.0 0.0 0.0 0.0 0.0 0.0 0.0 0.0 0.0 0.0 2.98023e-07 0.0 0.0 0.0 0.0 0.0 0.0 0.0 0.0 0.0 0.0 0.0 0.0 0.0 0.00137451 0.0 0.0 0.0 0.0 0.0 0.0 0.0 0.0 0.0 0.0 0.983316 0.0 0.0 0.0014213 0.0 0.0 0.0 0.0 0.0 0.0 3.27826e-06 0.0 0.0 0.0 0.0
0.0 0.0 0.0 0.0 0.0 0.0 0.0 0.0 0.0 0.0 0.0 0.0 0.0 0.0 0.0 0.0 0.0 0.0 0.0 0.0 0.0 0.0 0.0 0.0 0.0 0.0 0.985625 0.0 0.0 0.0 0.0 0.0 0.0 0.0 0.0 0.0 0.0 0.0 0.0 0.0 0.0 0.0 0.0 0.0 0.0 0.0 0.0 0.0 0.0 0.0 0.0 0.0 0.0 0.0 0.0 0.0 0.0 0.0 0.0 0.0 0.0 0.0 0.0 0.0
0.0 0.0 8.9407e-08 0.0 0.0 0.0 0.0 0.0 0.0 0.0 0.0 0.0 0.993053 0.0 0.0 0.0 0.0 0.0 0.0 0.0 0.0 2.98023e-08 0.0 4.91738e-06 0.0 0.0 0.0 0.0 0.0 0.0 0.0 0.0 0.0 0.0 0.0 0.0 0.0 0.0 0.0 0.0 0.0 0.0 0.0 0.0 0.0 0.0 0.0 0.0 0.0 0.0 0.0 0.0 0.0 0.0 0.0 0.0 0.0 0.0 0.0 0.0 0.0 0.0 0.0 0.0
0.0 0.0 0.0 0.0 0.0 0.0 0.0 0.0 0.0 0.0 0.995555 0.0 0.0 0.0 0.0 0.0 0.0 0.0 0.0 0.0 0.0 0.0 0.0 0.0 0.0 0.0 0.0 0.0 0.0 0.0 0.0 0.0 0.0 0.0 0.0 0.0 0.0 0.0 0.0 0.0 0.0 0.0 0.0 0.0 0.0 0.0 0.0 0.0 0.0 0.0 0.0 0.0 8.9407e-08 0.0 0.0 0.0 0.0 0.0 0.0 0.0 0.0 0.0 0.0 0.0
0.0 0.0 0.0 0.0 0.0 0.0 0.0 0.0 0.0 0.0 0.0 0.0 0.0 0.0 0.0 0.0 0.0 0.0 0.0 0.999979 0.0 0.0 0.0 6.16908e-06 0.0 0.0 0.0 0.0 0.0 0.0 0.0 0.0 0.0 0.0 0.0 0.0 0.0 0.0 0.0 0.0 0.0 0.0 0.0 0.0 0.0 0.0 0.0 0.0 0.0 0.0 0.0 0.0 0.0 0.0 0.0 0.0 0.0 0.0 0.0 0.0 0.0 0.0 0.0 0.0
0.0 0.0 0.0 0.0 0.0 0.0 0.0 0.0 0.0 0.0 0.0 0.0 0.0 0.0 0.0 0.0 0.0 0.0 0.0 0.0 0.0 0.0 0.0 0.0 0.0 0.0 0.0 0.0 2.38419e-07 0.0 0.0 0.0 0.0 0.0 0.0 0.0 0.0 0.0 0.0 0.0 0.0 0.0 0.0 0.0 0.0 0.0 0.0 0.0 0.0 0.0 0.997331 0.0 0.0 0.0 0.0 0.0 0.0 0.0 0.0 0.0 0.0 0.0 0.0 0.0
0.0 0.0 0.0 0.0 0.0 0.0 1.0 0.0 0.0 0.0 0.0 0.0 0.0 0.0 0.0 0.0 0.0 0.0 0.0 0.0 0.0 0.0 0.0 0.0 0.0 0.0 0.0 0.0 0.0 0.0 0.0 0.0 0.0 0.0 0.0 0.0 0.0 0.0 0.0 0.0 0.0 0.0 0.0 0.0 0.0 0.0 0.0 0.0 0.0 0.0 0.0 0.0 0.0 0.0 0.0 0.0 0.0 0.0 0.0 0.0 0.0 0.0 0.0 0.0
0.0 0.987234 1.46031e-06 0.0 0.0 0.0 0.0 0.0 0.087167 0.0 0.0 0.0 0.0 0.0 0.0 0.0 0.0 0.0 0.0 0.0 0.0 0.0 0.0 0.0 0.0 0.0 0.0 0.0 0.0 0.0 0.0 0.0 0.0 0.0 0.0 0.0 0.0 0.0 0.9557 0.0 0.0 0.0 0.0 0.0 0.0 0.0 0.0 0.0 0.0 0.00012964 0.0 0.0 0.102605 0.0 0.0 0.0 0.0 0.0 0.0 0.0 0.0 5.93066e-06 0.0 0.0
0.0 0.983467 1.02818e-05 0.0 0.0 0.0 0.0 0.0 0.0283452 0.0 0.0 0.0 0.0 0.0 0.0 0.0 0.0 0.0 0.0 0.0 0.0 0.0 0.0 0.0 0.0 0.0 0.0 0.0 0.0 0.0 0.0 0.0 0.0 0.0 0.0 0.0 0.0 0.0 0.99089 0.0 0.0 0.0 0.0 0.0 0.0 0.0 0.0 0.0 0.0 0.000346303 0.0 0.0 0.113803 0.0 0.0 0.0 0.0 0.0 0.0 0.0 0.0 1.72853e-06 0.0 0.0
0.0 0.0 0.0 0.000767589 0.0037958 0.0 0.0 0.0400278 0.0 0.0 0.0 0.0 0.0 5.1558e-06 0.0 0.0 0.0 0.0 0.0 0.0 0.0 0.0 0.0126114 0.0 0.0 0.637637 0.0 0.0 0.0 0.0123202 0.672128 0.00333509 0.0 0.0 0.0 0.0 0.0 0.0 0.0 0.0 0.0 0.00044325 0.0 0.0358418 0.0 0.962221 0.0 0.0 0.00023824 0.0 0.0 0.0 0.0 0.00238279 0.00451669 0.00851619 0.0 0.0 0.0 0.0 0.00732219 0.0 0.0 0.0
22 7 63 55 4 60 43 29 3 25 45 26 15 6 30 31 27 17 42 58 9 28 53 48 40 61 57 19 16 32 54 41 8 1 10 18 20 34 49 59 62 24 14 33 35 47 36 50 38 39 56 51 37 0 11 46 52 2 12 23 21 5 44 13
