8
0.944702 0.0 0.0 3.49879e-05 0.0 0.0 0.0 0.0 9.62615e-06 0.0 0.0 0.0 0.0 0.0 0.0 0.990936 0.0592495 0.0 0.0 0.0 0.0 0.0 0.0 0.0024882 0.994617 0.0 1.19209e-07 0.0 0.0 0.0138397 0.0 0.0 0.0 0.0 0.0 0.0 0.0 0.0 0.0 0.0 0.0 0.0 0.0 0.0 0.0 0.459666 0.0 0.0 0.0 0.000119209 0.0 0.0 0.032607 0.0 0.0 0.0 0.0 0.986709 0.0 0.0 0.0 0.0 0.000305563 0.0
0.0 0.0 0.0 0.0 0.000661105 0.0 0.0 0.0 0.0 0.0 2.38419e-07 0.0 0.484478 0.0 0.0 0.0 2.98023e-08 2.98023e-07 0.0 2.98023e-08 0.0 0.162759 0.0 5.66244e-07 2.98023e-08 0.0 0.0 0.0 0.0 0.0 0.0 0.0 0.0 0.0 0.0 0.0 0.0 0.0 0.0 0.0 0.0 0.0 0.0 0.0 0.0 0.0 0.0 0.0 0.0 0.0 0.29043 0.0 0.0 0.0 0.0 0.0 0.99953 0.0 0.973358 0.0 0.0 0.0 0.0 0.0
0.0 0.0 1.19209e-07 0.0 0.0 0.0 0.0 0.0 0.0 0.0 0.0 1.78814e-07 0.0 0.0 0.150913 0.0 0.0 0.0 2.98023e-08 0.0 0.0 0.0 0.0 0.0 0.0 0.0 0.0 0.0 0.0 0.0 0.0 0.0 0.0 0.0 0.0 0.0 0.0 0.00464937 0.0 0.0 0.000330031 0.0 2.98023e-08 0.0 2.08616e-07 0.0 0.0 0.0 0.0 0.0 0.0 0.0 0.0 0.0 0.0 0.998076 0.0 0.0 0.0 0.00196168 0.0 0.0 0.0 0.0
0.0 0.0 0.0 0.0 0.0 8.34465e-07 0.0 0.0 0.0 0.0 0.0 2.98023e-08 0.0 0.0 0.0 0.0 0.0 0.0 0.0 0.0 0.0 0.0 0.00216207 0.0 0.0 0.0 0.0 0.0 0.0 0.0 0.0 8.9407e-08 0.0 1.84774e-06 0.0 0.0 0.0 0.000941575 0.00299278 0.0 0.0 0.0 0.0 2.38419e-07 0.0 0.0 0.0 0.976968 0.0 0.0 0.0 0.0 0.0 0.0 0.0 0.0 0.0 0.0 0.0 0.0 0.0 0.0 0.0 0.0
0.0 0.0 0.0 0.0 0.964628 0.0 0.0 0.630893 0.0 0.000724465 0.0 0.0 4.20213e-06 0.970502 0.0 0.0 0.0 0.995814 0.0 0.0 0.0 2.95043e-06 0.0 0.0 0.0 0.0 0.0 0.117357 0.99259 0.0 0.733523 0.0 0.0 0.0 0.0 0.63402 0.0 0.0 0.0 0.0 0.0 0.946508 0.0 0.0 0.0 0.0 0.0 0.0 0.0 0.0 0.00134474 0.0 0.0 6.34789e-06 0.0 0.0 2.08616e-07 0.0 8.04663e-07 0.0 0.0 0.0 0.0 0.0
0.0 0.00067392 0.0 0.0 0.0 0.0 0.0 0.0 0.0 0.0 0.0 1.78814e-06 0.0 0.0 0.0 0.0 0.0 0.0 0.0 0.0 0.0 0.0 0.99953 0.0 0.0 0.0 0.0 0.0 0.0 0.0 0.0 1.23978e-05 0.0 2.7895e-05 0.0 0.0 0.0 0.993608 0.0 0.0 0.0 0.0 0.0 0.0 0.0 0.0 0.0 1.49012e-07 0.0 0.0 0.0 0.0 0.0 0.0 0.0 0.0 0.0 0.0 0.0 0.0 0.0 0.0 0.0 0.0
0.0 0.0 0.0 0.0 0.0 0.0 0.0 0.0 0.0 0.0 0.0 0.0 0.0 0.0 0.0 0.0 0.0 0.0 0.0 0.0 0.0 0.0 0.0 0.0 0.0 2.22623e-05 0.0 0.0 0.0 0.0 0.0 0.0 0.000265688 0.0 0.0 0.0 0.0 0.0 9.83477e-07 0.985647 0.0 0.0 0.0 5.96046e-08 0.0 0.0 0.956448 0.0 0.272599 0.0 0.0 0.0 0.0 0.0 1.20699e-05 0.0 0.0 0.0 0.0 0.0 0.0 0.0 0.0 0.0
0.0 0.0 0.0 0.0 4.40478e-05 0.0 0.0 0.706292 0.0 0.995688 0.0 0.0 0.0 0.039652 0.0 0.0 0.0 0.000271678 0.0 0.0 0.0 0.0 0.0 0.0 0.0 0.0 0.0 0.448726 0.00408486 0.0 0.637521 0.0 0.0 0.0 0.0 0.0702752 0.0 0.0 0.0 0.0 0.0 0.180339 0.0 0.0 0.0 0.0 0.0 0.0 0.0 0.0 0.0 0.0 0.0 0.998079 0.0 0.0 0.0 0.0 0.0 0.0 1.49012e-07 0.0 0.0 0.0
0.0 2.38419e-07 0.0 0.0 0.0 0.0 0.0 0.0 0.0 0.0 0.0 0.0 0.0 0.0 0.0 0.0 0.0 0.0 0.0 0.0 0.0 0.0 1.78814e-07 0.0 0.0 0.0 0.0 0.0 0.0 0.0 0.0 0.0 0.0 0.0 0.0 0.0 0.0 0.00435957 0.0 0.0 0.0 0.0 0.0 0.0 0.0 0.0 0.0 0.0 0.0 0.0 0.0 0.0 0.0 0.0 0.0 0.0 0.0 0.0 0.0 0.000276446 0.0 0.0 0.0 0.0
0.0 0.0 0.0 0.0 0.745414 0.0 0.0 0.911649 0.0 0.00803834 0.0 0.0 5.96046e-08 0.98827 0.0 0.0 0.0 0.987464 0.0 0.0 0.0 1.49012e-07 0.0 0.0 0.0 0.0 0.0 0.378321 0.989104 0.0 0.927745 0.0 0.0 0.0 0.0 0.752825 0.0 0.0 0.0 0.0 0.0 0.987911 0.0 0.0 0.0 0.0 0.0 0.0 0.0 0.0 3.40939e-05 0.0 0.0 0.00011754 0.0 0.0 0.0 0.0 2.98023e-08 0.0 0.0 0.0 0.0 0.0
0.0 0.0 0.0 0.0 0.0 8.9407e-08 0.0 0.0 0.0 0.0 0.0 0.0 0.0 0.0 0.0 0.0 0.0 0.0 0.0 0.0 0.0 0.0 0.0 0.0 0.0 8.61287e-06 0.0 0.0 0.0 0.0 0.0 0.0 0.00010705 0.0 0.0 0.0 0.0 0.0 1.06096e-05 0.928367 0.0 0.0 0.0 2.08616e-07 0.0 0.0 0.97658 0.0 0.215276 0.0 0.0 0.0 0.0 0.0 1.3113e-06 0.0 0.0 0.0 0.0 0.0 0.0 0.0 0.0 0.0
0.0 0.102729 0.0 0.0 0.0 0.0 0.0 0.0 0.0 0.0 0.0 0.00291163 0.0 0.0 9.56655e-06 0.0 0.0 0.0 0.0 0.0 0.0 0.0 0.193626 0.0 0.0 0.0 0.0 0.0 0.0 0.0 0.0 1.81794e-06 0.0 8.29995e-05 0.0 0.0 0.0 0.999972 0.0 0.0 2.23815e-05 0.0 0.0 0.0 1.78814e-07 0.0 0.0 2.98023e-08 0.0 0.0 0.0 0.0 0.0 0.0 0.0 4.75049e-05 0.0 0.0 0.0 1.46031e-06 0.0 0.0 0.0 0.0
0.0 0.0 0.0 0.0 0.0 0.0 0.0 0.0 0.0 0.0 0.0 0.0 0.0 0.0 0.0 0.0 0.0 0.0 0.0 0.0 0.0 0.0 0.0 0.0 0.0 0.0 0.0 0.0 0.0 0.0 0.0 0.0 0.0 0.0 0.0 0.0 0.00069648 0.0 0.0 0.0 0.0 0.0 0.0 0.0 0.0 0.0 0.0 0.0 0.0 0.0 0.0 0.0 0.0 0.0 0.0 0.0 0.0 0.0 0.0 0.0 0.0 7.7188e-06 0.0 0.0
0.0 0.0 0.0 0.0 0.00523147 0.0 0.0 0.0 0.0 0.0 0.0 0.0 0.999543 8.64267e-07 0.0 0.0 0.0 0.000371546 0.0 0.0 0.0 0.654794 0.0 0.0 0.0 0.0 0.0 0.0 9.68575e-06 0.0 0.0 0.0 0.0 0.0 0.0 2.98023e-08 0.0 0.0 0.0 0.0 0.0 2.98023e-08 0.0 0.0 0.0 0.0 0.0 0.0 0.0 0.0 0.980027 0.0 0.0 0.0 0.0 0.0 0.655404 0.0 0.871376 0.0 0.0 0.0 0.0 0.0
0.0 0.0 0.0 0.0 0.0 0.0 0.0 0.0 0.0 0.0 0.0 0.0 0.0 0.0 7.86781e-06 0.0 0.0 0.0 0.999905 0.0 0.0 0.0 0.0 0.0 0.0 0.0 0.0 0.0 0.0 0.0 0.0 0.0 0.0 0.0 0.0 0.0 0.0 0.0 0.0 0.0 8.9407e-08 0.0 0.0 0.0 0.0 0.0 0.0 0.0 0.0 0.0 0.0 0.0 0.0 0.0 0.0 1.19209e-06 0.0 0.0 0.0 0.0 0.0 0.0 0.0 0.0
0.987759 0.0 0.0 4.60744e-05 0.0 0.0 0.0 0.0 2.39909e-05 0.0 0.0 0.0 0.0 0.0 0.0 0.984148 0.161787 0.0 0.0 0.0 0.0 0.0 0.0 0.0034734 0.992633 0.0 5.96046e-08 0.0 0.0 0.0405712 0.0 0.0 0.0 0.0 0.0 0.0 0.0 0.0 0.0 0.0 0.0 0.0 0.0 0.0 0.0 0.771144 0.0 0.0 0.0 0.000109047 0.0 0.0 0.152738 0.0 0.0 0.0 0.0 0.976987 0.0 0.0 0.0 0.0 0.00276458 0.0
0.0 0.0 0.0 0.0 0.0 0.0 0.0 0.0 0.0 0.0 0.0 0.0 0.0 0.0 0.0 0.0 0.0 0.0 0.0 0.0 0.0 0.0 0.0 0.0 0.0 0.0 0.0 0.0 0.0 0.0 0.0 0.0 0.0 0.0 0.0 0.0 0.0 0.0 0.0 0.0 0.0 0.0 0.0 0.0 0.0 0.0 0.0 0.0 0.0 0.0 0.0 0.0 0.0 0.0 0.0 0.0 0.0 0.0 0.0 0.0 0.0 0.0 0.0 0.0
0.0 1.16229e-06 0.0 0.0 0.0 0.00115728 0.0 0.0 0.0 0.0 0.0 2.25306e-05 0.0 0.0 0.0 0.0 0.0 0.0 0.0 0.0 0.0 0.0 0.00704697 0.0 0.0 0.0 0.0 0.0 0.0 0.0 0.0 0.0 0.0 0.000115126 0.0 0.0 0.0 0.0805165 2.55406e-05 0.0 0.0 0.0 0.0 0.0 0.0 0.0 0.0 0.607526 0.0 0.0 0.0 0.0 0.0 0.0 0.0 0.0 0.0 0.0 0.0 0.0 0.0 0.0 0.0 0.0
0.0 0.0 0.0 0.0 0.0 0.0 0.0 0.0 0.0 0.0 0.0 0.288174 0.0 0.0 0.0831391 0.0 0.0 0.0 2.01464e-05 0.0 0.0 0.0 3.57628e-07 0.0 0.0 0.0 0.0 0.0 0.0 0.0 0.0 0.0 0.0 1.2517e-06 0.0 0.0 0.0 0.656672 0.0 0.0 0.999787 0.0 0.0 0.0 4.32134e-06 0.0 0.0 0.0 0.0 0.0 0.0 0.0 0.0 0.0 0.0 0.333564 0.0 0.0 0.0 0.000206709 0.0 0.0 0.0 0.0
2.16663e-05 0.0 0.0 0.0 0.0 0.0 0.0 0.0 0.98806 0.0 0.0 0.0 0.0 0.0 0.0 7.80821e-06 2.38419e-07 0.0 0.0 0.00144628 0.0 0.0 0.0 1.49012e-07 0.00044474 0.0 0.0 0.0 0.0 0.0 0.0 0.0 0.0 0.0 0.0 0.0 0.0 0.0 0.0 0.0 0.0 0.0 0.0 0.0 0.0 6.25849e-07 0.0 0.0 0.0 0.0 0.0 3.63886e-05 1.49012e-07 0.0 0.0 0.0 0.0 2.88486e-05 0.0 0.0 0.0 0.0 0.0 0.0
0.0 0.0 0.999621 0.0 0.0 0.0 0.0 0.0 0.0 0.0 0.0 0.0 0.0 0.0 0.0 0.0 0.0 0.0 0.0 0.0 5.50151e-05 0.0 0.0 0.0 0.0 0.0 0.0 0.0 0.0 0.0 0.0 0.0 0.0 0.0 0.0 0.0 0.0 0.0 0.0 0.0 0.0 0.0 0.766025 0.0 0.0 0.0 0.0 0.0 0.0 0.0 0.0 0.0 0.0 0.0 0.0 2.08616e-07 0.0 0.0 0.0 1.19209e-07 0.0 0.0 0.0 0.0
0.0 0.0 0.0 0.0 0.0 0.0 0.0 0.0 1.95205e-05 0.0 0.0 0.0 0.0 0.0 0.0 0.0 0.0 0.0 0.0 0.00871578 0.0 0.0 0.0 0.0 1.40071e-06 0.0 0.0 0.0 0.0 0.0 0.0 0.0 0.0 0.0 0.0 0.0 0.0 0.0 0.0 0.0 0.0 0.0 0.0 0.0 0.0 0.0 0.0 0.0 0.0 0.0 0.0 0.991557 0.0 0.0 0.0 0.0 0.0 0.0 0.0 0.0 0.0 0.0 0.0 0.0
0.110756 0.0 0.0 1.01328e-06 0.0 0.0 0.0 0.0 2.08616e-07 0.0 0.000537246 0.0 0.0 0.0 0.0 0.037912 0.940256 0.0 0.0 0.0 0.0 0.0 0.0 0.000564158 0.221359 0.0 0.0 0.0 0.0 0.98342 0.0 0.0 0.0 0.0 0.0 0.0 0.0 0.0 0.0 0.0 0.0 0.0 0.0 0.0 0.0 0.359209 0.0 0.0 0.0 6.55651e-07 0.0 0.0 0.107968 0.0 0.0 0.0 0.0 0.00629795 0.0 0.0 0.0 0.0 0.0196056 7.36117e-06
0.0 0.0 0.0 0.0 0.0 0.0 0.0 0.0 0.0 0.0 0.0 0.0 0.0 0.0 0.0 0.0 0.0 0.0 0.0 0.0 6.06179e-05 0.0 0.0 0.0 0.0 0.0 0.0 0.0 0.0 0.0 0.0 0.0 0.0 0.0 0.0 0.0 0.0 0.0 0.0 0.0 0.0 0.0 0.0 0.0 0.0 0.0 0.0 0.0 0.0 0.0 0.0 0.0 0.0 0.0 0.0 0.0 0.0 0.0 0.0 0.0 0.0 0.0 0.0 0.0
0.0 0.0 0.0 0.0 0.0 2.23517e-06 0.0 0.0 0.0 0.0 0.0 0.0 0.0 0.0 0.0 0.0 0.0 0.0 0.0 0.0 0.0 0.0 0.0 0.0 0.0 0.00132173 0.0 0.0 0.0 0.0 0.0 0.0 0.0108871 0.0 0.0 0.0 0.0 0.0 2.65837e-05 0.72003 0.0 0.0 0.0 6.55651e-07 0.0 0.0 0.445733 2.38419e-07 0.998834 8.34465e-07 0.0 0.0 0.0 0.0 0.000353605 0.0 0.0 0.0 0.0 0.0 0.0 0.0 0.0 0.0
0.0 0.0 0.0 0.000107706 0.0 0.0 0.0 0.0 0.0 0.0 0.0 0.0 0.0 0.0 0.0 0.0 0.0 0.0 0.0 0.0 0.0 0.0 0.0 0.0 0.0 0.952751 0.0 0.0 0.0 0.0 0.0 0.0 0.700968 0.0 0.0 0.0 0.0 0.0 0.0 4.42863e-05 0.0 0.0 0.0 0.0 0.0 0.0 1.0252e-05 0.0 0.000174075 0.0506222 0.0 0.0 1.49012e-07 0.0 0.996406 0.0 0.0 0.0 0.0 0.0 0.0 0.0 0.0 0.0
2.98023e-08 0.0 0.0 2.64645e-05 0.0 0.0 0.0 0.0 0.0 0.0 1.78814e-07 0.0 0.0 0.0 0.0 0.0 2.98023e-08 0.0 0.0 0.0 0.0 0.0 0.0 0.0 0.0 0.0 0.0 0.0 0.0 2.38419e-07 0.0 0.0 0.0 0.0 1.45137e-05 0.0 0.0 0.0 0.0 0.0 0.0 0.0 0.0 0.0 0.0 1.78814e-07 0.0 0.0 0.0 0.0 0.0 0.0 5.57303e-06 0.0 0.0 0.0 0.0 0.0 0.0 0.0 0.0 0.0 0.00195375 0.999359
0.0 0.0 0.0 0.0 0.993199 0.0 0.0 0.00559911 0.0 1.2815e-06 0.0 0.0 0.000340372 0.424557 0.0 0.0 0.0 0.989006 0.0 0.0 0.0 0.000257224 0.0 0.0 0.0 0.0 0.0 0.000304103 0.890643 0.0 0.0107004 0.0 0.0 0.0 0.0 0.0101339 0.0 0.0 0.0 0.0 0.0 0.176843 0.0 0.0 0.0 0.0 0.0 0.0 0.0 0.0 0.0300871 0.0 0.0 0.0 0.0 0.0 1.80602e-05 0.0 5.21541e-05 0.0 0.0 0.0 0.0 0.0
0.0 0.0 0.0 0.0 0.871908 0.0 0.0 0.828439 0.0 0.0066767 0.0 0.0 5.99027e-06 0.97555 0.0 0.0 0.0 0.976784 0.0 0.0 0.0 3.60608e-06 0.0 0.0 0.0 0.0 0.0 0.181336 0.93643 0.0 0.872291 0.0 0.0 0.0 0.0 0.944037 0.0 0.0 0.0 0.0 0.0 0.938253 0.0 0.0 0.0 0.0 0.0 0.0 0.0 0.0 0.000902593 0.0 0.0 0.00010854 0.0 0.0 4.47035e-07 0.0 1.54972e-06 0.0 0.0 0.0 0.0 0.0
0.0 0.0 0.0 0.0 0.0 0.0 0.0 0.0 0.0 0.0 0.0 0.0 0.0 0.0 0.0 0.0 0.0 0.0 0.0 0.0 0.0 0.0 0.0 0.0 0.0 0.0 0.0 0.0 0.0 0.0 0.0 0.0 0.0 0.0 0.0 0.0 0.0 0.0 0.0 0.0 0.0 0.0 0.0 0.0 0.0 0.0 0.0 0.0 0.0 0.0 0.0 0.0 0.0 0.0 0.0 0.0 0.0 0.0 0.0 0.0 0.0 0.0 0.0 0.0
0.0 0.0 0.0 0.0 0.000339121 0.0 0.0 0.915355 0.0 0.984547 0.0 0.0 0.0 0.198887 0.0 0.0 0.0 0.00295639 0.0 0.0 0.0 0.0 0.0 0.0 0.0 0.0 0.0 0.334773 0.0364312 0.0 0.932455 0.0 0.0 0.0 0.0 0.392151 0.0 0.0 0.0 0.0 0.0 0.636175 0.0 0.0 0.0 0.0 0.0 0.0 0.0 0.0 0.0 0.0 0.0 0.933308 0.0 0.0 0.0 0.0 0.0 0.0 2.98023e-08 0.0 0.0 0.0
0.0 0.0 0.0 0.0 0.00644407 0.0 0.0 0.991411 0.0 0.921152 0.0 0.0 0.0 0.916041 0.0 0.0 0.0 0.06793 0.0 0.0 0.0 0.0 0.0 0.0 0.0 0.0 0.0 0.846572 0.473925 0.0 0.987384 0.0 0.0 0.0 0.0 0.622687 0.0 0.0 0.0 0.0 0.0 0.974458 0.0 0.0 0.0 0.0 0.0 0.0 0.0 0.0 0.0 0.0 0.0 0.638494 0.0 0.0 0.0 0.0 0.0 0.0 0.0 0.0 0.0 0.0
0.0 0.0 0.0 7.33137e-06 0.0 0.0 0.0 0.0 0.0 0.0 0.0 0.0 0.0 0.0 0.0 0.0 0.0 0.0 0.0 0.0 0.0 0.0 0.0 0.0 0.0 0.998171 0.0 0.0 0.0 0.0 0.0 0.0 0.98016 0.0 0.0 0.0 0.0 0.0 0.0 5.10514e-05 0.0 0.0 0.0 0.0 0.0 0.0 1.74344e-05 0.0 0.00017646 0.00477773 0.0 0.0 0.0 0.0 0.852736 0.0 0.0 0.0 0.0 0.0 0.0 0.0 0.0 0.0
0.0 0.0 0.0 0.0 0.0365265 0.0 0.0 0.980843 0.0 0.879418 0.0 0.0 0.0 0.89097 0.0 0.0 0.0 0.364098 0.0 0.0 0.0 0.0 0.0 0.0 0.0 0.0 0.0 0.475246 0.739145 0.0 0.991173 0.0 0.0 0.0 0.0 0.961857 0.0 0.0 0.0 0.0 0.0 0.975773 0.0 0.0 0.0 0.0 0.0 0.0 0.0 0.0 1.78814e-07 0.0 0.0 0.187116 0.0 0.0 0.0 0.0 0.0 0.0 5.96046e-08 0.0 0.0 0.0
0.0 8.64267e-07 0.0 0.0 0.0 0.0 0.0 0.0 0.0 0.0 0.0 3.27826e-07 0.0 0.0 8.9407e-08 0.0 0.0 0.0 0.0 0.0 0.0 0.0 0.0 0.0 0.0 0.0 0.0 0.0 0.0 0.0 0.0 0.0 0.0 0.0 0.0 0.0 0.0 6.58631e-05 0.0 0.0 4.03523e-05 0.0 0.0 0.0 0.999982 0.0 0.0 0.0 0.0 0.0 0.0 0.0 0.0 0.0 0.0 8.9407e-08 0.0 0.0 0.0 0.0 0.0 0.0 0.0 0.0
0.636403 0.0 0.0 0.000362128 0.0 0.0 0.0 0.0 9.23872e-07 0.0 0.0 0.0 0.0 0.0 0.0 0.991195 0.00214064 0.0 0.0 0.0 0.0 0.0 0.0 1.92225e-05 0.959201 0.0 8.9407e-08 0.0 0.0 0.00163192 0.0 0.0 0.0 0.0 0.0 0.0 0.0 0.0 0.0 0.0 0.0 0.0 0.0 0.0 0.0 0.508345 0.0 0.0 0.0 0.00995165 0.0 0.0 0.0329721 0.0 3.57628e-07 0.0 0.0 0.874652 0.0 0.0 0.0 0.0 0.000135928 0.0
0.0 0.0 0.0 0.0 0.0 0.0 0.0 0.0 0.0 0.0 0.0 0.0 0.0 0.0 0.0 0.0 0.0 0.0 0.0 0.0 0.0 0.0 0.0 0.0 0.0 0.0 0.0 0.0 0.0 0.0 0.0 0.0 0.0 0.0 0.0 0.0 0.0 0.0 0.0 0.0 0.0 0.0 0.0 0.0 0.0 0.0 0.0 0.0 0.0 0.0 0.0 0.0 0.0 0.0 0.0 0.0 0.0 0.0 0.0 0.0 0.0 0.0 0.0 0.0
0.0 0.0 0.0 0.0 0.0 0.0 0.0 0.0 0.0 0.0 0.0 0.0 0.0 0.0 0.0 0.0 0.0 0.0 0.0 0.0 0.0 0.0 4.47035e-07 0.0 0.0 0.0 0.0 0.0 0.0 0.0 0.0 0.0 0.0 0.0 0.0 0.0 0.0 6.49691e-06 0.0 0.0 0.0 0.0 0.0 0.0 0.0 0.0 0.0 0.0 0.0 0.0 0.0 0.0 0.0 0.0 0.0 0.0 0.0 0.0 0.0 0.0 0.0 0.0 0.0 0.0
9.23872e-07 0.0 0.0 0.000891566 0.0 0.0 0.0 0.0 0.0 0.0 0.0 0.0 0.0 0.0 0.0 3.72231e-05 0.0 0.0 0.0 0.0 0.0 0.0 0.0 0.0 3.60608e-06 0.20819 8.9407e-08 0.0 0.0 2.98023e-08 0.0 0.0 0.00568765 0.0 0.0 0.0 0.0 0.0 0.0 1.78814e-07 0.0 0.0 0.0 0.0 0.0 3.49879e-05 1.19209e-07 0.0 1.19209e-06 0.998999 0.0 0.0 0.00043273 0.0 0.417303 0.0 0.0 9.53674e-07 0.0 0.0 0.0 0.0 5.96046e-08 0.0
8.9407e-08 0.0 0.0 0.0 0.0 0.0 0.0 0.0 0.0 0.0 0.0 0.0 0.0 0.0 0.0 2.98023e-07 1.49012e-07 0.0 0.0 0.0 0.0 0.0 0.0 0.0 4.97699e-06 0.0 1.0 0.0 0.0 1.49012e-07 0.0 0.0 0.0 0.0 0.0 0.0 0.0 0.0 0.0 0.0 0.0 0.0 0.0 0.0 0.0 2.08616e-07 0.0 0.0 0.0 1.49012e-07 0.0 0.0 0.0 0.0 0.0 0.0 0.0 5.96046e-08 0.0 0.0 0.0 0.0 0.0 0.0
0.0 0.00363517 0.0 0.0 0.0 0.0 0.0 0.0 0.0 0.0 0.0 0.985394 0.0 0.0 0.0655191 0.0 0.0 0.0 5.96046e-08 0.0 0.0 0.0 0.00123021 0.0 0.0 0.0 0.0 0.0 0.0 0.0 0.0 0.0 0.0 0.000152946 0.0 0.0 0.0 0.999961 0.0 0.0 0.454339 0.0 0.0 0.0 6.58631e-06 0.0 0.0 0.0 0.0 0.0 0.0 0.0 0.0 0.0 0.0 0.0363433 0.0 0.0 0.0 0.000423819 0.0 0.0 0.0 0.0
0.0 0.0 0.0 0.0 0.177278 0.0 0.0 0.0 0.0 0.0 0.0 0.0 0.624155 6.25849e-07 0.0 0.0 0.0 0.000688285 0.0 0.0 0.0 0.791338 0.0 0.0 0.0 0.0 0.0 0.0 1.55568e-05 0.0 0.0 0.0 0.0 0.0 0.0 2.98023e-08 0.0 0.0 0.0 0.0 0.0 0.0 0.0 0.0 0.0 0.0 0.0 0.0 0.0 0.0 0.964484 0.0 0.0 0.0 0.0 0.0 0.0841486 0.0 0.139719 0.0 0.0 0.0 0.0 0.0
0.0 0.0 0.0 0.0 0.0 0.0 0.0 0.0 0.0 0.0 0.0 0.0 0.0 0.0 0.0 0.0 0.0 0.0 0.0 0.0 0.0 0.0 0.0 0.0 0.0 0.0 0.0 0.0 0.0 0.0 0.0 0.0 0.0 0.0 0.0 0.0 0.0 0.0 0.0 0.0 0.0 0.0 0.0 0.0 0.0 0.0 0.0 0.0 0.0 0.0 0.0 0.0 0.0 0.0 0.0 0.0 0.0 0.0 0.0 0.0 0.0 0.981321 0.0 0.0
0.0 0.0 0.0 0.0 0.0 1.69873e-06 0.0 0.0 0.0 0.0 0.0 0.0 0.0 0.0 0.0 0.0 0.0 0.0 0.0 0.0 0.0 0.0 1.49012e-07 0.0 0.0 0.0 0.0 0.0 0.0 0.0 0.0 0.0 0.0 7.45058e-07 0.0 0.0 0.0 1.19209e-07 0.975876 1.49012e-07 0.0 0.0 0.0 1.87755e-06 0.0 0.0 1.49012e-07 0.152974 0.0 0.0 0.0 0.0 0.0 0.0 0.0 0.0 0.0 0.0 0.0 0.0 0.0 0.0 0.0 0.0
0.0416669 0.0 0.0 0.0 0.0 0.0 0.0 0.0 2.98023e-07 0.0 2.98023e-08 0.0 0.0 0.0 0.0 0.00635225 0.0571198 0.0 0.0 0.0 0.0 0.0 0.0 0.998956 0.326529 0.0 0.0 0.0 0.0 0.00338668 0.0 0.0 0.0 0.0 0.0 0.0 0.0 0.0 0.0 0.0 0.0 0.0 0.0 0.0 0.0 0.00244147 0.0 0.0 0.0 0.0 0.0 0.0 0.000118762 0.0 0.0 0.0 1.49012e-07 0.0221743 5.96046e-08 0.0 0.0 0.0 9.77516e-06 0.0
0.0 0.0 8.69334e-05 0.0 0.0 0.0 0.0 0.0 0.0 0.0 0.0 0.0 0.0 0.0 0.0 0.0 0.0 0.0 0.0 0.0 0.00565249 0.0 0.0 0.0 0.0 0.0 0.0 0.0 0.0 0.0 0.0 0.0 0.0 0.0 0.0 0.0 0.0 0.0 0.0 0.0 0.0 0.0 0.00185531 0.0 0.0 0.0 0.0 0.0 0.0 0.0 0.0 0.0 0.0 0.0 0.0 0.0 0.0 0.0 0.0 0.0 0.0 0.0 0.0 0.0
0.202839 0.0 0.0 0.0529249 0.0 0.0 0.0 0.0 4.79817e-06 0.0 1.87755e-06 0.0 0.0 0.0 0.0 0.193776 0.000871897 0.0 0.0 0.0 0.0 0.0 0.0 7.48038e-06 0.110373 2.08616e-07 0.0 0.0 0.0 0.00418276 0.0 0.0 0.0 0.0 0.0 0.0 0.0 0.0 0.0 0.0 0.0 0.0 0.0 0.0 0.0 0.887184 0.0 0.0 0.0 0.00394565 0.0 0.0 0.992463 0.0 1.54972e-06 0.0 0.0 0.0354213 0.0 0.0 0.0 0.0 0.0732502 3.04282e-05
0.0 0.0 0.0 0.0 0.0 1.60933e-06 0.0 0.0 0.0 0.0 0.0 0.0 0.0 0.0 0.0 0.0 0.0 0.0 0.0 0.0 0.0 0.0 0.0 0.0 0.0 0.0 0.0 0.0 0.0 0.0 0.0 0.0 0.0 0.0 1.85668e-05 0.0 0.0 0.0 8.9407e-08 0.0 0.0 0.0 0.0 0.999888 0.0 0.0 0.0 1.78814e-07 0.0 0.0 0.0 0.0 0.0 0.0 0.0 0.0 0.0 0.0 0.0 0.0 0.0 0.0 0.0 0.0
3.27826e-06 0.0 0.0 0.99089 0.0 0.0 0.0 0.0 0.0 0.0 0.0 0.0 0.0 0.0 0.0 5.4419e-05 0.0 0.0 0.0 0.0 0.0 0.0 0.0 0.0 3.24845e-06 7.86483e-05 0.0 0.0 0.0 0.0 0.0 0.0 9.83477e-06 0.0 0.0 0.0 0.0 0.0 0.0 0.0 0.0 0.0 0.0 0.0 0.0 0.000275075 0.0 0.0 0.0 0.00368249 0.0 0.0 0.0209754 0.0 0.000270188 0.0 0.0 3.27826e-06 0.0 0.0 0.0 0.0 4.22895e-05 2.85804e-05
0.721357 0.0 0.0 0.00501242 0.0 0.0 0.0 0.0 4.88758e-06 0.0 2.20537e-06 0.0 0.0 0.0 0.0 0.718433 0.0341706 0.0 0.0 0.0 0.0 0.0 0.0 0.000107586 0.612875 1.19209e-07 0.0 0.0 0.0 0.0837823 0.0 0.0 0.0 0.0 0.0 0.0 0.0 0.0 0.0 0.0 0.0 0.0 0.0 0.0 0.0 0.988172 0.0 0.0 0.0 0.00189626 0.0 0.0 0.923448 0.0 4.76837e-07 0.0 0.0 0.229233 0.0 0.0 0.0 0.0 0.166471 2.44379e-06
0.538211 0.0 0.0 1.49012e-07 0.0 0.0 0.0 0.0 1.37091e-06 0.0 1.86265e-05 0.0 0.0 0.0 0.0 0.161262 0.989315 0.0 0.0 0.0 0.0 0.0 0.0 0.0245205 0.856941 0.0 2.98023e-08 0.0 0.0 0.964781 0.0 0.0 0.0 0.0 0.0 0.0 0.0 0.0 0.0 0.0 0.0 0.0 0.0 0.0 0.0 0.178173 0.0 0.0 0.0 1.49012e-07 0.0 0.0 0.0179045 0.0 0.0 0.0 0.0 0.112934 0.0 0.0 0.0 0.0 0.00737604 7.45058e-07
0.0 0.0 0.0 1.01328e-06 0.0 0.0 0.0 0.0 0.0 0.0 0.0 0.0 0.0 0.0 0.0 0.0 0.0 0.0 0.0 0.0 0.0 0.0 0.0 0.0 0.0 0.824363 0.0 0.0 0.0 0.0 0.0 0.0 0.998168 0.0 0.0 0.0 0.0 0.0 0.0 0.000519693 0.0 0.0 0.0 0.0 0.0 0.0 0.000117391 0.0 0.000244141 6.06179e-05 0.0 0.0 0.0 0.0 0.223663 0.0 0.0 0.0 0.0 0.0 0.0 0.0 0.0 0.0
0.0 0.989961 0.0 0.0 0.0 0.0 0.0 0.0 0.0 0.0 0.0 2.21133e-05 0.0 0.0 1.60933e-06 0.0 0.0 0.0 0.0 0.0 0.0 0.0 0.00366005 0.0 0.0 0.0 0.0 0.0 0.0 0.0 0.0 0.0 0.0 7.7486e-07 0.0 0.0 0.0 0.810091 0.0 0.0 1.78814e-07 0.0 0.0 0.0 4.52995e-06 0.0 0.0 0.0 0.0 0.0 0.0 0.0 0.0 0.0 0.0 1.19209e-07 0.0 0.0 0.0 2.68221e-07 0.0 0.0 0.0 0.0
0.0 0.0 0.0 0.0 0.313479 0.0 0.0 0.870242 0.0 0.241238 0.0 0.0 1.19209e-07 0.97129 0.0 0.0 0.0 0.926698 0.0 0.0 0.0 1.78814e-07 0.0 0.0 0.0 0.0 0.0 0.0797758 0.891701 0.0 0.955854 0.0 0.0 0.0 0.0 0.884505 0.0 0.0 0.0 0.0 0.0 0.96474 0.0 0.0 0.0 0.0 0.0 0.0 0.0 0.0 3.86238e-05 0.0 0.0 0.00448644 0.0 0.0 0.0 0.0 2.98023e-08 0.0 0.0 0.0 0.0 0.0
0.0 0.0 0.0 0.0 0.0 0.0 0.0 0.0 0.00887287 0.0 0.0 0.0 0.0 0.0 0.0 0.0 0.0 0.0 0.0 0.983893 0.0 0.0 0.0 0.0 3.66569e-06 0.0 0.0 0.0 0.0 0.0 0.0 0.0 0.0 0.0 0.0 0.0 0.0 0.0 0.0 0.0 0.0 0.0 0.0 0.0 0.0 0.0 0.0 0.0 0.0 0.0 0.0 0.134012 0.0 0.0 0.0 0.0 0.0 0.0 0.0 0.0 0.0 0.0 0.0 0.0
0.0 1.01328e-06 0.0 0.0 0.0 0.0 0.0 0.0 0.0 0.0 0.0 7.36117e-06 0.0 0.0 0.992699 0.0 0.0 0.0 3.06964e-06 0.0 0.0 0.0 2.98023e-08 0.0 0.0 0.0 0.0 0.0 0.0 0.0 0.0 0.0 0.0 0.0 0.0 0.0 0.0 0.0143871 0.0 0.0 0.051234 0.0 0.0 0.0 2.5034e-06 0.0 0.0 0.0 0.0 0.0 0.0 0.0 0.0 0.0 0.0 0.0140325 0.0 0.0 0.0 0.000282705 0.0 0.0 0.0 0.0
0.0 4.81904e-05 0.0 0.0 0.0 0.999986 0.0 0.0 0.0 0.0 0.0 2.14279e-05 0.0 0.0 0.0 0.0 0.0 0.0 0.0 0.0 0.0 0.0 7.6592e-05 0.0 0.0 0.0 0.0 0.0 0.0 0.0 0.0 0.0 0.0 0.00353083 1.49012e-07 0.0 0.0 0.0354379 1.2517e-06 5.96046e-08 0.0 0.0 0.0 6.23465e-05 0.0 0.0 8.9407e-08 9.45926e-05 0.0 0.0 0.0 0.0 0.0 0.0 0.0 0.0 0.0 0.0 0.0 0.0 0.0 0.0 0.0 0.0
0.0 0.0 0.0 0.0 0.191465 0.0 0.0 0.616759 0.0 0.00756663 0.0 0.0 0.0 0.690524 0.0 0.0 0.0 0.502587 0.0 0.0 0.0 0.0 0.0 0.0 0.0 0.0 0.0 0.998079 0.813381 0.0 0.223179 0.0 0.0 0.0 0.0 0.0214395 0.0 0.0 0.0 0.0 0.0 0.747794 0.0 0.0 0.0 0.0 0.0 0.0 0.0 0.0 4.11272e-06 0.0 0.0 0.0080972 0.0 0.0 0.0 0.0 0.0 0.0 0.0 0.0 0.0 0.0
0.0 0.0 0.0 0.0 0.00153887 0.0 0.0 0.0 0.0 0.0 0.0 0.0 0.523137 0.0 0.0 0.0 0.0 1.16229e-06 0.0 0.0 0.0 0.991631 0.0 0.0 0.0 0.0 0.0 0.0 5.96046e-08 0.0 0.0 0.0 0.0 0.0 0.0 0.0 0.0 0.0 0.0 0.0 0.0 0.0 0.0 0.0 0.0 0.0 0.0 0.0 0.0 0.0 0.355321 0.0 0.0 0.0 0.0 0.0 0.035847 0.0 0.749513 0.0 0.0 0.0 0.0 0.0
0.004489 0.0 0.0 0.00016582 0.0 0.0 0.0 0.0 1.54972e-06 0.0 8.9407e-08 0.0 0.0 0.0 0.0 0.000942022 0.00130269 0.0 0.0 0.0 0.0 0.0 0.0 1.10269e-06 0.00196463 0.0 0.0 0.0 0.0 0.00240448 0.0 0.0 0.0 0.0 0.0 0.0 0.0 0.0 0.0 0.0 0.0 0.0 0.0 0.0 0.0 0.0562404 0.0 0.0 0.0 4.76837e-07 0.0 0.0 0.0924071 0.0 0.0 0.0 0.0 0.000287205 0.0 0.0 0.0 0.0 0.999603 0.0117
0.0 0.0 0.0 0.0 0.0 0.0 0.0 0.0 0.0 0.0 0.0 0.0 0.0 0.0 0.0 0.0 0.0 0.0 0.0 0.0 0.0 0.0 0.0 0.0 0.0 0.0 0.0 0.0 0.0 0.0 0.0 0.0 0.0 0.0 0.999977 0.0 0.0 0.0 0.0 0.0 0.0 0.0 0.0 1.81198e-05 0.0 0.0 0.0 0.0 0.0 0.0 0.0 0.0 0.0 0.0 0.0 0.0 0.0 0.0 0.0 0.0 0.0 0.0 0.0 6.55651e-07
0.0 0.0 0.0 0.0 0.0 0.0 0.0131415 0.0 0.0 0.0 0.0 0.0 0.0 0.0 0.0 0.0 0.0 0.0 0.0 0.0 0.0 0.0 0.0 0.0 0.0 0.0 0.0 0.0 0.0 0.0 0.0 0.999991 0.0 0.0 0.0 0.0 0.0 2.98023e-08 0.0 0.0 0.0 0.0 0.0 0.0 0.0 0.0 0.0 0.0 0.0 0.0 0.0 0.0 0.0 0.0 0.0 0.0 0.0 0.0 0.0 0.0 0.0 0.0 0.0 0.0
0.0 2.08616e-07 0.0 0.0 0.0 1.03116e-05 0.0 0.0 0.0 0.0 0.0 0.000171542 0.0 0.0 0.0 0.0 0.0 0.0 0.0 0.0 0.0 0.0 0.000169098 0.0 0.0 0.0 0.0 0.0 0.0 0.0 0.0 5.96046e-08 0.0 0.999994 0.0 0.0 0.0 0.68288 0.0 0.0 8.9407e-08 0.0 0.0 0.0 0.0 0.0 0.0 1.40071e-06 0.0 0.0 0.0 0.0 0.0 0.0 0.0 0.0 0.0 0.0 0.0 0.0 0.0 0.0 0.0 0.0
0.0 0.0 0.0 0.0 1.49012e-07 0.0 0.0 5.96046e-08 0.0 1.49012e-07 0.0 0.0 0.0 0.0 0.0 0.0 0.0 1.19209e-07 0.0 0.0 0.0 0.0 0.0 0.0 0.0 0.0 0.0 0.0 0.0 0.0 2.08616e-07 0.0 0.0 0.0 0.0 1.22488e-05 0.0 0.0 0.0 0.0 0.0 5.96046e-08 0.0 0.0 0.0 0.0 0.0 0.0 0.0 0.0 0.0 0.0 0.0 1.49012e-07 0.0 0.0 0.0 0.0 0.0 0.0 0.997862 0.0 0.0 0.0
0.0 0.0 0.0 0.0 0.0 0.0 2.11596e-06 0.0 0.0 0.0 0.000211418 0.0 2.05636e-06 0.0 1.0 0.0 0.0 0.0 0.0 0.0 0.0 0.0 0.0485625 0.0 0.0 0.98465 0.0 0.0 0.0 0.0 0.0 0.0 0.834932 0.0 0.0 0.0 0.0 0.0 0.0 0.000187635 0.0 0.0 0.0 0.0 0.0 0.0 7.84397e-05 0.0 1.78814e-07 0.255071 2.38419e-07 2.66433e-05 0.0 0.0 0.0043501 0.0 0.0 0.0 0.0 0.0 0.0 0.0 0.0 0.0
0.0 0.0 0.0 8.9407e-08 0.0 0.0 0.0 0.0 0.0 0.0 5.96046e-08 0.0 0.0 0.0 1.0 0.0 0.0 0.0 0.0 0.0 0.0 0.0 0.0 0.0 0.0 0.0 0.0 0.0 0.0 0.0 0.0 0.0 0.0 0.0 0.0 0.0 0.0 0.0 7.98702e-06 3.06368e-05 0.0 0.0 0.0 1.60933e-05 0.0 0.0 4.372e-05 2.80738e-05 2.98023e-07 0.0 0.0 0.0 0.0 0.0 0.0 0.0 0.0 0.0 0.0 0.0 0.0 0.0 0.0 0.99106
0.0 0.0 7.12276e-06 0.0 0.0 0.0 0.0 0.0 0.0 0.0 0.0 0.0 0.0 0.0 0.0 0.0 0.0 0.0 0.0 0.0 0.0 0.0 0.0 0.0 0.0 0.0 0.0 0.0 0.0 0.0 0.0 0.0 0.0 0.0 0.0 0.0 0.0 0.0 0.0 0.0 0.0 0.0 0.0 0.0 0.0 0.0 0.0 0.0 0.0 0.0 0.0 0.0 6.64592e-06 0.0 0.0 0.0 0.0 0.0 0.0 0.0 0.0 0.0 0.0 0.0
0.0 0.0 0.0 0.0 0.0 5.96046e-08 0.0 0.0 0.0 0.0 0.0 0.0 0.0 0.0 4.40478e-05 0.0 0.0 0.0 0.0 0.0 0.0 0.0 0.0 0.0 0.0 0.0 0.000398785 0.0 0.0 0.0 0.0 0.0 0.0 0.0 0.0 0.0 0.0 0.0 0.0 0.0 0.0 0.0 0.0 0.0 0.0 0.0 0.0 0.0 0.0 0.0 0.0 0.0 0.999882 0.0 0.0 0.0 0.0 0.0 0.0 0.0 0.0 0.0 0.0 0.0
0.487211 0.0 0.0 0.0 0.000259012 0.0 0.0 0.0 0.0 0.000447363 0.0 0.0 0.910978 3.04282e-05 1.0 0.0105051 0.0 0.0 0.0 0.533542 0.0 0.000238299 0.0 0.0 0.0 0.0 0.0 0.0 0.0 0.0 0.000201792 1.10269e-06 0.0 0.0 0.0 0.0 0.0 0.0 0.0 0.0 0.0 0.130133 0.0 0.0 0.0 0.0 0.0 0.0 0.0 0.0 0.0 0.0 0.0 0.0 0.0 0.0 0.0 0.0946886 0.993774 0.0 0.0 0.0 0.0 0.0
0.0 0.0 0.0 0.0 0.0 0.0 0.0 0.0 0.0 0.0 0.0 0.0 0.0 0.0 0.0 0.0 0.0 0.0 3.27826e-07 0.0 0.0 0.0 0.0 0.0 0.0 0.0 0.0 0.0 0.0 0.0 0.0 0.0 0.0 0.0 0.995019 0.0 0.0 0.0 0.0 0.0 0.0 0.0 0.0 0.0 0.0 0.0 0.0 0.0 0.0 0.0 0.0 0.0 0.0 0.0 0.0 0.0 0.0 0.0 0.0 0.0 0.0 0.0 0.0 0.0
0.0 0.0 0.0 0.0 0.0 0.0 0.0 0.0 0.0 0.0 0.0 0.0 0.0 0.0 0.999805 0.0 0.0 0.0 0.0 0.0 0.0 0.0 0.0 0.0 0.0 0.0 0.0 0.0 0.0 0.0 0.0 0.0 0.0 0.0 0.0 0.0 0.0 0.0 0.0 0.0 0.0 0.0 0.0 0.0 0.0 0.0 0.0 0.0 0.0 0.0 0.0 0.0 0.0 0.0 0.0 0.0 0.0 0.0 0.0 0.999554 0.0 0.0 0.0 0.0
4.76837e-07 0.0 0.0 0.0 0.00307384 0.0 0.0 0.135105 0.0 0.414987 0.0 0.0 9.83477e-07 0.724363 1.0 0.0 0.0 0.000196308 0.0 0.0673367 0.0 0.376032 0.0 0.0 0.0 0.0 0.0 2.19345e-05 4.32134e-06 0.0 0.453383 3.05474e-05 0.0 0.0 0.0 0.0 0.0 0.0 0.0 0.0 0.0 0.015817 0.0 0.0 0.0 0.0 0.0 0.0 0.0 0.0 0.0 0.0 0.0 0.345314 0.0 0.0 0.0 1.49012e-07 0.0002442 0.0 1.69873e-06 0.0 0.0 0.0
0.0 0.0 0.0 0.0 0.0 0.0 0.0 0.0 0.0 0.0 0.0 0.0 0.0 0.0 0.0 0.0 0.0 0.0 0.966922 0.0 0.0 0.0 0.0 0.0 0.0 0.0 0.0 0.0 0.0 0.0 0.0 0.0 0.0 0.0 0.0 0.0 0.0 0.0 0.0 0.0 0.0 0.0 0.0 0.0 0.0 0.999593 0.0 0.0 0.0 0.0 0.0 0.0 0.0 0.0 0.0 0.0 0.0 0.0 0.0 0.0 0.0 0.0 0.0 0.0
0.0 0.0 0.0 0.0 0.331052 0.0 0.0 0.768617 0.0 0.513602 0.0 0.0 0.0 0.143497 1.0 0.0 0.0 3.75509e-06 0.0 0.00103039 0.0 0.683821 0.0 0.0 0.0 0.0 0.0 1.15335e-05 9.08971e-06 0.0 0.638325 0.00281692 0.0 0.0 0.0 0.0 0.0 0.0 0.0 0.0 0.0 0.000158131 0.0 0.0 0.0 0.0 0.0 0.0 0.0 0.0 0.0 0.0 0.0 0.988868 0.0 0.0 0.0 0.0 2.14577e-06 0.0 6.55651e-06 0.0 0.0 0.0
0.0 0.0 0.0 0.0 0.0 0.0 0.997887 0.0 0.0 0.0 2.86698e-05 0.0 4.76837e-07 0.0 1.0 0.0 0.0 0.0 0.0 0.0 0.0 0.0 1.66893e-06 0.0 0.0 1.90735e-06 0.0 0.0 0.0 0.0 0.0 0.0 5.24521e-06 0.0 0.0 0.0 0.0 0.0 0.0 0.0 0.0 0.0 0.0 0.0 0.0 0.0 0.0 0.0 2.08616e-07 0.000128239 1.19209e-07 4.47035e-07 0.0 0.0 5.66244e-07 0.0 0.0 0.0 0.0 0.0 0.0 0.0 0.0 0.0
0.0 3.58522e-05 0.0 0.0 0.0 0.00897166 0.0 0.0 0.0 0.0 0.0 0.0 0.0 0.0 0.000122726 0.0 0.0 0.0 0.0 0.0 0.0 0.0 0.0 0.0 0.0 0.0 0.0 0.0 0.0 0.0 0.0 0.0 0.0 0.0 0.0 0.0 0.0 0.0 0.0 0.0 0.0 0.0 0.0 0.0 0.0 0.0 0.0 0.0 0.0 0.0 0.0 0.0 0.000408381 0.0 0.0 0.0 0.0 0.0 0.0 0.0 0.0 0.0 0.0 0.0
0.0 0.0 0.0 0.0 0.0 0.0 0.0 0.0 0.0 0.0 0.0 1.0 0.0 0.0 0.0 0.0 0.0 0.0 0.0 0.0 0.0 0.0 0.0 0.0 0.0 0.0 0.0 0.0 0.0 0.0 0.0 0.0 0.0 0.0 0.0 0.0 0.0 0.0 0.0 0.0 0.0 0.0 0.0 0.0 0.0 0.0 0.0 0.0 0.0 0.0 0.0 0.0 0.0 0.0 0.0 0.0 0.0 0.0 0.0 0.0 0.0 0.0 0.0 0.0
0.0 0.0 0.999999 0.0 0.0 1.78814e-07 0.0 0.0 0.0 0.0 0.0 0.999974 0.0 0.0 0.0 0.0 0.0 0.0 1.0 0.0 1.0 0.0 0.0 0.0 0.0 0.0 2.98023e-08 0.0 0.0 0.0 0.0 0.0 0.0 0.0 0.104084 0.0 0.0 0.999818 0.0 0.0 1.0 0.0 0.0 0.0 0.0 4.76837e-07 0.0 0.0 0.0 0.0 0.0 0.0 0.0 0.0 0.0 0.0 0.0 0.0 0.0 0.0 0.0 0.0 0.0 0.0
0.0 1.04308e-06 0.0 0.0 0.0 7.15256e-07 0.0 0.0 0.0 0.0 0.0 0.0 0.0 0.0 3.64482e-05 0.0 0.0 0.0 0.0 0.0 0.0 0.0 0.0 0.0 0.0 0.0 0.0 0.0 0.0 0.0 0.0 0.0 0.0 0.0 0.0 0.0 0.0 0.0 0.0 0.0 0.0 0.0 0.0 0.0 0.0 0.0 0.0 0.0 0.0 0.0 0.0 0.0 4.85778e-06 0.0 0.0 0.0 0.0 0.0 0.0 0.0 0.0 0.0 0.0 0.0
0.0 0.0 0.0 0.0 0.0 0.0 1.2517e-06 0.0 0.0 0.0 0.0432957 0.0 0.0 0.0 1.0 0.0 0.0 0.0 0.0 0.0 0.0 0.0 1.4931e-05 0.0 0.0 0.768166 0.0 0.0 0.0 0.0 0.0 0.0 0.985264 0.0 0.0 0.0 0.0 0.0 0.0 0.0230259 0.0 0.0 0.0 0.0 0.0 0.0 0.028284 0.0 3.70443e-05 0.00125453 0.0 0.000332892 0.0 0.0 0.00034678 0.0 0.0 0.0 0.0 0.0 0.0 0.0 0.0 0.0
0.0 0.0 0.0 0.0 0.0 0.0 0.0 0.0 0.0 0.0 0.0 0.0 0.00037384 0.0 1.0 0.0 0.0 0.0 0.0 0.0 0.0 0.0 0.0 0.0 0.0 0.0 0.0 0.0 0.0 0.0 0.0 0.0 0.0 0.0 0.0 0.0 1.0 0.0 0.0 0.0 0.0 0.0 0.0 0.0 0.0 0.0 0.0 0.0 0.0 0.0 1.44839e-05 0.0 0.0 0.0 0.0 0.0 0.0 0.0 0.0 0.0 0.0 0.0 0.0 0.0
0.0 0.0 0.0 0.0 0.0 0.0 0.0 0.0 0.999055 0.0 0.0 0.0 0.0 0.0 1.0 0.0 0.0 0.0 0.0 0.0 0.0 0.0 0.0 0.0 0.0 0.0 0.0 0.0 0.0 0.0 0.0 0.0 0.0 0.0 0.0 0.0 0.0 0.0 0.0 0.0 0.0 0.0 0.0 0.0 0.0 0.0 0.0 0.0 0.0 0.0 0.0 0.0 0.0 0.0 0.0 0.0 0.0 0.0 0.0 0.0 0.0 0.0 0.0 0.0
0.0 2.23517e-06 0.0 0.0 0.0 0.554 0.0 0.0 0.0 0.0 0.0 0.0 0.0 0.0 2.38419e-07 0.0 0.0 0.0 0.0 0.0 0.0 0.0 0.0 0.0 0.0 0.0 0.0 0.0 0.0 0.0 0.0 0.0 0.0 0.0 0.0 0.0 0.0 0.0 0.0 0.0 0.0 0.0 0.0 0.0 0.0 0.0 0.0 0.0 0.0 0.0 0.0 0.0 5.51045e-05 0.0 0.0 0.0 0.0 0.0 0.0 0.0 0.0 0.0 0.0 0.0
0.0 0.0 0.0 0.0 0.0 0.0 0.000296444 0.0 0.0 0.0 5.36442e-07 0.0 0.00452772 0.0 1.0 0.0 0.0 0.0 0.0 0.0 0.0 0.0 0.570238 0.0 0.0 0.394954 0.0 0.0 0.0 0.0 0.0 0.0 0.0351726 0.0 0.0 1.43051e-06 0.0 0.0 0.0 7.15256e-07 0.0 0.0 0.0 0.0 1.04308e-06 0.0 4.76837e-07 0.0 0.0 0.994358 0.000168264 1.13249e-06 0.0 0.0 0.000207186 0.0 0.0 0.0 0.0 0.0 0.0 0.0 0.0 0.0
0.0 0.0 0.32121 0.0 0.0 0.0 0.0 0.0 0.0 0.0 0.0 0.0 0.0 0.0 0.0 0.0 0.0 0.0 0.0 0.0 0.0102998 0.0 0.0 0.0 0.0 0.0 0.0 0.0 0.0 0.0 0.0 0.0 0.0 0.0 0.0 0.0 0.0 0.0 0.0 0.0 0.0 0.0 0.0 0.0 0.0 0.0 0.0 0.0 0.0 0.0 0.0 0.0 0.0 0.0 0.0 0.0 0.0 0.0 0.0 0.0 0.0 0.0 0.0 0.0
0.0 0.0 0.0 0.0 0.0 0.0 1.19209e-07 0.0 0.0 0.0 7.12574e-05 0.0 0.0 0.0 1.0 0.0 0.0 0.0 0.0 0.0 0.0 0.0 0.0 0.0 0.0 0.0 0.0 0.0 0.0 0.0 0.0 0.0 1.60933e-06 0.0 0.0 0.0 0.0 0.0 0.0 1.86563e-05 0.0 0.0 0.0 0.0 0.0 0.0 0.000479341 0.0 0.999479 0.0 0.0 0.00131476 0.0 0.0 0.0 0.0 0.0 0.0 0.0 0.0 0.0 0.0 0.0 2.38419e-07
0.0 0.0 0.0 0.0 0.0 0.0 0.0 0.0 0.0 0.0 0.0 0.0 0.763057 0.0 1.0 0.0 0.0 0.0 0.0 0.0 0.0 0.0 0.000436842 0.0 1.17123e-05 1.78814e-07 0.0 0.0 0.0 0.0 0.0 0.0 0.0 0.0 0.0 0.000148118 0.0 0.0 0.0 0.0 0.0 0.0 0.0 0.0 0.993953 0.0 0.0 0.0 0.0 1.35601e-05 8.97646e-05 0.0 0.0 0.0 0.0 0.0 0.0 0.0 0.0 0.0 0.0 0.0 0.0 0.0
0.0 0.0 0.0 0.0 0.0 0.0 0.0 0.0 0.0 0.0 0.0 0.0 0.0 0.0 0.0 0.0 0.999536 0.0 0.0 0.0 0.0 0.0 0.0 0.0 0.0 0.0 0.0 0.0 0.0 0.0 0.0 0.0 0.0 0.0 0.0 0.0 5.96046e-08 0.0 0.0 0.0 0.0 0.0 0.0 0.0 0.0 0.0 0.0 0.0 0.0 0.0 0.0 0.0 0.0 0.0 0.0 0.0 0.0 0.0 0.0 0.0 0.0 0.0 0.0 0.0
0.0 0.0 0.0 0.0 0.0 0.0 1.49012e-07 0.0 0.0 0.0 0.99888 0.0 0.0 0.0 1.0 0.0 0.0 0.0 0.0 0.0 0.0 0.0 0.0 0.0 0.0 6.22869e-06 0.0 0.0 0.0 0.0 0.0 0.0 0.000378281 0.0 0.0 0.0 0.0 0.0 0.0 0.00618467 0.0 0.0 0.0 8.9407e-08 0.0 0.0 0.0920038 2.98023e-08 4.46141e-05 0.0 0.0 4.23193e-06 0.0 0.0 0.0 0.0 0.0 0.0 0.0 0.0 0.0 0.0 8.9407e-08 2.38419e-07
0.0 0.0 0.0 0.00499782 0.0 0.0 0.0 0.0 0.0 0.0 0.0 0.0 0.0 0.0 0.999969 0.0 0.0 0.0 0.0 0.0 0.0 0.0 0.0 0.0 0.0 0.0 0.0 0.0 0.0 0.0 0.0 0.0 0.0 0.0 0.0 0.0 0.0 0.0 0.00734028 0.0 0.0 0.0 0.0 0.984348 0.0 0.0 0.0 0.984556 0.0 0.0 0.0 0.0 0.0 0.0 0.0 0.0 0.0 0.0 0.0 0.0 0.0 0.0 0.0 9.86159e-05
0.0 0.0 0.0 0.0 2.38419e-07 0.0 0.0 0.0 0.0 6.25849e-07 0.0 0.0 0.0 0.0 1.0 0.0 0.0 0.0 0.0 1.51992e-06 0.0 2.98023e-07 0.0 0.0 0.0 0.0 0.0 0.0 0.0 0.0 4.76837e-07 0.0040358 0.0 0.999993 0.0 0.0 0.0 0.0 0.0 0.0 0.0 1.49012e-07 0.0 0.0 0.0 0.0 0.0 0.0 0.0 0.0 0.0 0.0 0.0 0.0 0.0 4.17233e-05 0.0 0.0 9.83477e-07 0.0 0.0 0.0 0.0 0.0
0.00151652 0.0 0.0 0.0 0.00201619 0.0 0.0 1.49012e-07 0.0 0.593285 0.0 0.0 0.0128414 0.204787 1.0 1.27554e-05 0.0 0.0 0.0 0.992842 0.0 0.269525 0.0 0.0 0.0 0.0 0.0 0.0 0.0 0.0 0.389383 0.0001463 0.0 0.0 0.0 0.0 0.0 0.0 0.0 0.0 0.0 0.953204 0.0 0.0 0.0 0.0 0.0 0.0 0.0 0.0 0.0 0.0 0.0 4.76539e-05 0.0 0.0 0.0 0.000277132 0.481545 0.0 0.0 0.0 0.0 0.0
3.57628e-07 0.0 0.0 0.0 0.258093 0.0 0.0 0.000946015 0.0 0.935039 0.0 0.0 2.68221e-06 0.344241 1.0 0.0 0.0 1.19209e-07 0.0 0.488528 0.0 0.991349 0.0 0.0 0.0 0.0 0.0 0.0 0.0 0.0 0.916943 0.0141237 0.0 0.0 0.0 0.0 0.0 0.0 0.0 0.0 0.0 0.0961691 0.0 0.0 0.0 0.0 0.0 0.0 0.0 0.0 0.0 0.0 0.0 0.17144 0.0 2.98023e-08 0.0 1.49012e-07 0.00190285 0.0 5.06639e-07 0.0 0.0 0.0
0.0 0.0 0.0 0.0 0.0 0.0 0.0 0.0 0.0 0.0 0.0 0.0 0.0 0.0 0.999971 0.0 0.0 0.0 0.0 0.0 0.0 0.0 0.0 0.999506 0.0 0.0 0.0 0.0 0.0 0.0 0.0 0.0 0.0 0.0 0.0 0.0 0.0 0.0 0.0 0.0 0.0 0.0 0.0 0.0 0.0 0.0 0.0 0.0 0.0 0.0 0.0 0.0 0.0 0.0 0.0 0.0 0.0 0.0 0.0 0.0 0.0 0.0 0.0 0.0
0.0 0.0 0.0 0.0 0.0341192 0.0 0.0 0.983744 0.0 0.00880894 0.0 0.0 0.0 0.0040819 1.0 0.0 0.0 0.00029099 0.0 2.05636e-06 0.0 0.0321517 0.0 0.0 0.0 0.0 0.0 0.0339369 0.0334694 0.0 0.0208251 3.12924e-05 0.0 0.0 0.0 0.0 0.0 0.0 0.0 0.0 0.0 3.27826e-07 0.0 0.0 0.0 0.0 0.0 0.0 0.0 0.0 0.0 0.0 0.0 0.952099 0.0 0.0 0.0 0.0 0.0 0.0 8.37147e-05 0.0 0.0 0.0
0.0 0.0 0.0 0.0 0.076029 0.0 0.0 4.02331e-05 0.0 0.00769952 0.0 0.0 8.9407e-08 0.000115663 1.0 0.0 0.0 0.0 0.0 0.000108391 0.0 0.0187902 0.0 0.0 0.0 0.0 0.0 0.0 0.0 0.0 0.0121557 0.994456 0.0 0.131691 0.0 0.0 0.0 0.0 0.0 0.0 0.0 9.53674e-06 0.0 0.0 0.0 0.0 0.0 0.0 0.0 0.0 0.0 0.0 0.0 0.00234926 0.0 0.848997 0.0 0.0 6.16908e-06 0.0 8.9407e-08 0.0 0.0 0.0
0.0 0.0 0.0 0.00263223 0.0 0.0 0.0 0.0 0.0 0.0 0.0 0.0 0.0 0.0 0.999938 0.0 0.0 0.0 0.0 0.0 0.0 0.0 0.0 0.0 0.0 0.0 0.0 0.0 0.0 0.0 0.0 0.0 0.0 0.0 0.0 0.0 0.0 0.0 0.00196728 0.0 0.0 0.0 0.0 0.957747 0.0 0.0 0.0 0.980477 0.0 0.0 0.0 0.0 0.0 0.0 0.0 0.0 0.0 0.0 0.0 0.0 0.0 0.0 0.0 0.000108153
0.0 0.0 0.0 0.0 0.0652582 0.0 0.0 3.68357e-05 0.0 0.0633967 0.0 0.0 1.19209e-07 0.000682294 1.0 0.0 0.0 0.0 0.0 0.000805706 0.0 0.033792 0.0 0.0 0.0 0.0 0.0 0.0 0.0 0.0 0.0856151 0.998851 0.0 0.000316918 0.0 0.0 0.0 0.0 0.0 0.0 0.0 8.46982e-05 0.0 0.0 0.0 0.0 0.0 0.0 0.0 0.0 0.0 0.0 0.0 0.00562111 0.0 0.00996104 0.0 0.0 2.3067e-05 0.0 2.98023e-08 0.0 0.0 0.0
0.0103014 0.0 0.0 0.0 5.80549e-05 0.0 0.0 0.0 0.0 0.0306101 0.0 0.0 0.158598 0.0486068 1.0 0.000103593 0.0 0.0 0.0 0.962445 0.0 0.00575468 0.0 0.0 0.0 0.0 0.0 0.0 0.0 0.0 0.0109558 1.43051e-06 0.0 0.0 0.0 0.0 0.0 0.0 0.0 0.0 0.0 0.983704 0.0 0.0 0.0 0.0 0.0 0.0 0.0 0.0 0.0 0.0 0.0 4.47035e-07 0.0 0.0 0.0 0.003894 0.106598 0.0 0.0 0.0 0.0 0.0
0.0 0.0 0.0 0.0 0.0 0.0 8.9407e-08 0.0 0.0 0.0 1.60933e-06 0.0 1.78814e-07 0.0 1.0 0.0 0.0 0.0 0.0 0.0 0.0 0.0 0.0 0.0 0.0 8.64267e-07 0.0 0.0 0.0 0.0 0.0 0.0 7.98702e-06 0.0 0.0 0.0 0.0 0.0 0.0 1.57952e-06 0.0 0.0 0.0 0.0 0.0 0.0 2.32458e-06 0.0 0.012172 0.0 1.49012e-07 0.999129 0.0 0.0 0.0 0.0 0.0 0.0 0.0 0.0 0.0 0.0 0.0 0.0
0.0 0.0 0.0 0.0 0.0 0.0 0.0 0.0 0.0 0.0 0.0 0.0 0.0 0.0 0.0 0.0 0.0 0.0 0.0 0.0 0.0 0.0 0.0 0.0 0.0 0.0 0.0 0.0 0.0 0.0 0.0 0.0 0.0 0.0 0.0 0.0 0.0 1.0 0.0 0.0 0.0 0.0 0.0 0.0 0.0 0.0 0.0 0.0 0.0 0.0 0.0 0.0 0.0 0.0 0.0 0.0 0.0 0.0 0.0 0.0 0.0 0.0 0.0 0.0
0.0 0.0 1.19209e-06 0.0 0.0 0.000585496 0.0 0.0 0.0 0.0 0.0 0.0 0.0 0.0 0.0 0.0 0.0 0.0 0.0 0.0 0.0 0.0 0.0 0.0 0.0 0.0 0.0 0.0 0.0 0.0 0.0 0.0 0.0 0.0 3.57628e-07 0.0 0.0 0.0 0.0 0.0 0.0 0.0 0.0 0.0 0.0 0.0 0.0 0.0 0.0 0.0 0.0 0.0 1.19209e-06 0.0 0.0 0.0 0.0 0.0 0.0 0.0 0.0 0.0 0.0 0.0
0.0 2.68221e-07 0.0 0.0 0.0 0.992299 0.0 0.0 0.0 0.0 0.0 0.0 0.0 0.0 0.0 0.0 0.0 0.0 0.0 0.0 0.0 0.0 0.0 0.0 0.0 0.0 0.0 0.0 0.0 0.0 0.0 0.0 0.0 0.0 1.49012e-07 0.0 0.0 0.0 0.0 0.0 0.0 0.0 0.0 0.0 0.0 0.0 0.0 0.0 0.0 0.0 0.0 0.0 5.96046e-08 0.0 0.0 0.0 0.0 0.0 0.0 0.0 0.0 0.0 0.0 0.0
0.0 0.0 0.0 0.0 0.0 0.0 0.0 0.0 0.0 0.0 4.76837e-07 0.0 0.0 0.0 0.290494 0.0 0.0 0.0 0.0 0.0 0.0 0.0 0.0 0.0 0.0 0.0 0.0 0.0 0.0 0.0 0.0 0.0 0.0 0.0 0.0 0.0 0.0 0.0 0.0 8.9407e-08 0.0 0.0 0.0 0.0 0.0 0.0 8.9407e-08 0.0 0.0 0.0 0.0 0.0 0.0 0.0 0.0 0.0 0.0 0.0 0.0 0.0 0.0 0.0 1.0 2.98023e-08
0.0 6.97374e-06 0.0 0.0 0.0 0.000136346 0.0 0.0 0.0 0.0 0.0 0.0 0.0 0.0 1.62125e-05 0.0 0.0 0.0 0.0 0.0 0.0 0.0 0.0 0.0 0.0 0.0 0.0 0.0 0.0 0.0 0.0 0.0 0.0 0.0 0.0 0.0 0.0 0.0 0.0 0.0 0.0 0.0 0.0 0.0 0.0 0.0 0.0 0.0 0.0 0.0 0.0 0.0 0.000249326 0.0 0.0 0.0 0.0 0.0 0.0 0.0 0.0 0.0 0.0 0.0
2.26498e-06 0.0 0.0 0.0 0.000948399 0.0 0.0 0.000268608 0.0 0.911721 0.0 0.0 3.59118e-05 0.988359 1.0 2.98023e-08 0.0 1.30832e-05 0.0 0.476168 0.0 0.468937 0.0 0.0 0.0 0.0 0.0 0.0 0.0 0.0 0.837795 7.65622e-05 0.0 0.0 0.0 0.0 0.0 0.0 0.0 0.0 0.0 0.521812 0.0 0.0 0.0 0.0 0.0 0.0 0.0 0.0 0.0 0.0 0.0 0.0232251 0.0 0.0 0.0 6.25849e-07 0.000439048 0.0 2.08616e-07 0.0 0.0 0.0
0.0 0.0 0.000446528 0.0 0.0 0.0 0.0 0.0 0.0 0.0 0.0 0.0 0.0 0.0 0.0 0.0 0.0 0.0 0.0 0.0 0.997465 0.0 0.0 0.0 0.0 0.0 0.0 0.0 0.0 0.0 0.0 0.0 0.0 0.0 0.0 0.0 0.0 0.0 0.0 0.0 0.0 0.0 0.0 0.0 0.0 0.0 0.0 0.0 0.0 0.0 0.0 0.0 0.0 0.0 0.0 0.0 0.0 0.0 0.0 0.0 0.0 0.0 0.0 0.0
0.000388175 0.0 0.0 0.0 0.0 0.0 0.0 0.0 0.0 0.0 0.0 0.0 0.998034 0.0 1.0 0.0127897 0.0 0.0 0.0 0.0 0.0 0.0 0.0 0.0 3.57628e-05 0.0 0.0 0.0 0.0 0.0 0.0 0.0 0.0 0.0 0.0 5.96046e-08 0.0 0.0 0.0 0.0 0.0 0.0 0.0 0.0 0.0 0.0 0.0 0.0 0.0 0.0 6.85453e-07 0.0 0.0 0.0 0.0 0.0 0.999852 0.000434875 0.0 0.0 0.0 0.0 0.0 0.0
1.92523e-05 0.0 0.0 0.0 0.0 0.0 3.57628e-07 0.0 0.0 0.0 0.0 0.0 0.999972 0.0 1.0 4.28259e-05 0.0 0.0 0.0 0.0 0.0 0.0 0.0101516 0.0 0.000801682 1.49012e-07 0.0 0.0 0.0 0.0 0.0 0.0 2.98023e-08 0.0 0.0 0.0111495 0.0 0.0 0.0 0.0 0.0 0.0 0.0 0.0 1.57952e-06 0.0 0.0 0.0 0.0 0.00187474 0.999916 2.08616e-07 0.0 0.0 1.19209e-07 0.0 2.98023e-08 0.00022763 0.0 0.0 0.0 0.0 0.0 0.0
0.0 0.0 0.0 0.0 0.0 0.0 0.0 0.0 0.0 0.0 0.0 0.0 0.0 0.0 0.0 0.0 0.0 0.0 0.994855 0.0 0.0 0.0 0.0 0.0 0.0 0.0 0.0 0.0 0.0 0.999581 0.0 0.0 0.0 0.0 0.0 0.0 0.112943 0.0 0.0 0.0 0.0 0.0 0.0 0.0 0.0 0.0 0.0 0.0 0.0 0.0 0.0 0.0 0.0 0.0 0.0 0.0 0.0 0.0 0.0 0.0 0.0 0.0 0.0 0.0
0.0 0.0 0.0 0.0 0.0 0.0 0.0 0.0 0.0 0.0 0.023049 0.0 0.0 0.0 1.0 0.0 0.0 0.0 0.0 0.0 0.0 0.0 0.0 0.0 0.0 5.03063e-05 0.0 0.0 0.0 0.0 0.0 0.0 0.00165486 0.0 0.0 0.0 0.0 0.0 0.0 0.987338 0.0 0.0 0.0 0.0 0.0 0.0 0.576841 0.0 3.79682e-05 2.98023e-08 0.0 3.80278e-05 0.0 0.0 0.0 0.0 0.0 0.0 0.0 0.0 0.0 0.0 0.0 1.22488e-05
0.0 0.99927 0.0 0.0 0.0 0.0 0.0 0.0 0.0 0.0 0.0 0.0 0.0 0.0 0.999938 0.0 0.0 0.0 0.0 0.0 0.0 0.0 0.0 0.0 0.0 0.0 0.0 0.0 0.0 0.0 0.0 0.0 0.0 0.0 0.0 0.0 0.0 0.0 0.0 0.0 0.0 0.0 0.0 0.0 0.0 0.0 0.0 0.0 0.0 0.0 0.0 0.0 0.0 0.0 0.0 0.0 0.0 0.0 0.0 0.0 0.0 0.0 0.0 0.0
0.0 0.0 0.0 0.0 0.0 0.0 0.0 0.0 0.0 0.0 0.116497 0.0 0.0 0.0 1.0 0.0 0.0 0.0 0.0 0.0 0.0 0.0 0.0 0.0 0.0 1.78814e-06 0.0 0.0 0.0 0.0 0.0 0.0 0.000272065 0.0 0.0 0.0 0.0 0.0 5.96046e-08 0.735742 0.0 0.0 0.0 0.0 0.0 0.0 0.982415 0.0 0.00518829 0.0 0.0 1.72853e-05 0.0 0.0 0.0 0.0 0.0 0.0 0.0 0.0 0.0 0.0 0.0 0.000314176
0.0 0.0 0.0 0.0 0.0 0.0 1.09673e-05 0.0 0.0 0.0 0.0 0.0 0.0108097 0.0 1.0 0.0 0.0 0.0 0.0 0.0 0.0 0.0 0.982754 0.0 1.19209e-07 0.0835615 0.0 0.0 0.0 0.0 0.0 0.0 0.00205207 0.0 0.0 5.87106e-06 0.0 0.0 0.0 1.49012e-07 0.0 0.0 0.0 0.0 1.31726e-05 0.0 2.98023e-08 0.0 0.0 0.82629 0.00556055 0.0 0.0 0.0 0.000282258 0.0 0.0 0.0 0.0 0.0 0.0 0.0 0.0 0.0
0.992019 0.0 0.0 0.0 0.0 0.0 0.0 0.0 0.0 0.0 0.0 0.0 1.0 0.0 1.0 0.989649 0.0 0.0 0.0 0.0 0.0 0.0 0.0 0.0 0.377864 0.0 0.0 0.0 0.0 0.0 0.0 0.0 0.0 0.0 0.0 0.0124992 0.0 0.0 0.0 0.0 0.0 0.0 0.0 0.0 0.0 0.0 0.0 0.0 0.0 0.0 0.00368345 0.0 0.0 0.0 0.0 0.0 1.77324e-05 0.99205 3.99351e-06 0.0 0.0 0.0 0.0 0.0
0.0 0.0 0.0 0.998909 0.0 0.0 0.0 0.0 0.0 0.0 0.0 0.0 0.0 0.0 0.99985 0.0 0.0 0.0 0.0 0.0 0.0 0.0 0.0 0.0 0.0 0.0 0.0 0.0 0.0 0.0 0.0 0.0 0.0 0.0 0.0 0.0 0.0 0.0 1.2815e-06 0.0 0.0 0.0 0.0 0.0010922 0.0 0.0 0.0 0.0019125 0.0 0.0 0.0 0.0 0.0 0.0 0.0 0.0 0.0 0.0 0.0 0.0 0.0 0.0 0.0 0.0
0.0 0.0 0.0 0.0 0.0 0.0 0.0 0.0 0.0 0.0 0.0 0.0 0.0 0.0 0.0 0.0 0.0 0.0 0.0 0.0 0.0 0.0 0.0 0.0 0.0 0.0 0.999919 0.0 0.0 0.0 0.0 0.0 0.0 0.0 0.0 0.0 0.0 0.0 0.0 0.0 0.0 0.0 0.0 0.0 0.0 0.0 0.0 0.0 0.0 0.0 0.0 0.0 1.46031e-06 0.0 0.0 0.0 0.0 0.0 0.0 0.0 0.0 0.0 0.0 0.0
0.0 0.0 0.0 0.0 0.0 0.0 0.0 0.0 0.976126 0.0 0.0 0.0 0.0 0.0 0.166558 0.0 1.0 0.0 1.0 0.0 0.0 0.0 0.0 0.215143 0.0 0.0 0.0 0.0 0.0 1.0 0.0 0.0 0.0 0.0 2.08616e-07 0.0 1.0 0.0 0.0 0.0 0.0 0.0 0.0 0.0 0.0 4.77135e-05 0.0 0.0 0.0 0.0 0.0 0.0 0.0 0.0 0.0 0.0 0.0 0.0 0.0 0.0 0.0 0.0060055 0.0 0.0
0.0 0.0 0.0 3.12924e-06 0.0 0.0 0.0 0.0 0.0 0.0 0.0 0.0 0.0 0.0 0.99995 0.0 0.0 0.0 0.0 0.0 0.0 0.0 0.0 0.0 0.0 0.0 0.0 0.0 0.0 0.0 0.0 0.0 0.0 0.0 0.0 0.0 0.0 0.0 0.992836 0.0 0.0 0.0 0.0 0.00385442 0.0 0.0 0.0 0.00312138 0.0 0.0 0.0 0.0 0.0 0.0 0.0 0.0 0.0 0.0 0.0 0.0 0.0 0.0 0.0 8.67248e-06
0.0 5.42402e-06 0.0 0.0 0.0 0.000198036 0.0 0.0 0.0 0.0 0.0 0.0 0.0 0.0 0.000399739 0.0 0.0 0.0 0.0 0.0 0.0 0.0 0.0 0.0 0.0 0.0 0.0 0.0 0.0 0.0 0.0 0.0 0.0 0.0 0.0 0.0 0.0 0.0 0.0 0.0 0.0 0.0 0.0 0.0 0.0 0.0 0.0 0.0 0.0 0.0 0.0 0.0 1.77622e-05 0.0 0.0 0.0 0.0 0.0 0.0 0.0 0.0 0.0 0.0 0.0
0.0 0.0 0.0 0.0 1.19209e-07 0.0 0.0 4.85778e-06 0.0 1.19209e-07 0.0 0.0 0.0 0.0 1.0 0.0 0.0 3.33786e-06 0.0 0.0 0.0 5.96046e-08 0.0 0.0 0.0 0.0 0.0 6.27637e-05 0.000751227 0.0 8.9407e-08 0.0 0.0 0.0 0.0 0.0 0.0 0.0 0.0 0.0 0.0 0.0 0.0 0.0 0.0 0.0 0.0 0.0 0.0 0.0 0.0 0.0 0.0 3.8743e-07 0.0 0.0 0.0 0.0 0.0 0.0 0.999978 0.0 0.0 0.0
0.0 0.0 0.0 0.0 0.0 0.0 0.0 0.0 0.0 0.0 0.0 0.0 3.27826e-07 0.0 1.0 0.0 0.0 0.0 0.0 0.0 0.0 0.0 1.84774e-05 0.0 0.0 8.53539e-05 0.0 0.0 0.0 0.0 0.0 0.0 4.1455e-05 0.0 0.0 0.0 0.0 0.0 0.0 0.0 0.0 0.0 0.0 0.0 0.0 0.0 0.0 0.0 0.0 1.2815e-05 0.0 0.0 0.0 0.0 0.991152 0.0 0.0 0.0 0.0 0.0 0.0 0.0 0.0 0.0
0.0821819 0.0 0.0 0.0 0.0 0.0 0.0 0.0 0.0 0.0 0.0 0.0 0.999997 0.0 1.0 0.911544 0.0 0.0 0.0 0.0 0.0 0.0 7.45058e-06 0.0 0.994626 0.0 0.0 0.0 0.0 0.0 0.0 0.0 0.0 0.0 0.0 0.0252692 0.0 0.0 0.0 0.0 0.0 0.0 0.0 0.0 2.08616e-06 0.0 0.0 0.0 0.0 3.8743e-07 0.000766695 0.0 0.0 0.0 0.0 0.0 5.96046e-08 0.0167169 0.0 0.0 0.0 0.0 0.0 0.0
0.0 0.0 0.0 0.0 0.0 0.0 0.0 0.0 0.0 0.0 0.0 0.0 0.0 0.0 1.0 0.0 0.0 0.0 0.0 0.0 0.0 0.0 1.49012e-07 0.0 0.0 1.49012e-06 0.0 0.0 0.0 0.0 0.0 0.0 4.47035e-07 0.0 0.0 0.0 0.0 0.0 0.0 1.19209e-07 0.0 0.0 0.996451 0.0 0.0 0.0 0.0 0.0 0.0 2.98023e-08 0.0 0.0 0.0 0.0 0.0 0.0 0.0 0.0 0.0 0.0 0.0 0.0 0.0 0.0
2.29478e-06 0.0 0.0 0.0 0.0408112 0.0 0.0 0.0001221 0.0 0.986752 0.0 0.0 1.66297e-05 0.877247 1.0 5.96046e-08 0.0 1.19209e-07 0.0 0.846888 0.0 0.905286 0.0 0.0 0.0 0.0 0.0 0.0 0.0 0.0 0.978131 0.00526997 0.0 0.0 0.0 0.0 0.0 0.0 0.0 0.0 0.0 0.482258 0.0 0.0 0.0 0.0 0.0 0.0 0.0 0.0 0.0 0.0 0.0 0.0550241 0.0 0.0 0.0 4.17233e-07 0.00659305 0.0 6.25849e-07 0.0 0.0 0.0
0.0 0.0 0.997593 0.0 0.0 0.0 0.0 0.0 0.0 0.0 0.0 0.0 0.0 0.0 0.0 0.0 0.0 0.0 0.0 0.0 0.000526309 0.0 0.0 0.0 0.0 0.0 0.0 0.0 0.0 0.0 0.0 0.0 0.0 0.0 2.98023e-08 0.0 0.0 0.0 0.0 0.0 0.0 0.0 0.0 0.0 0.0 0.0 0.0 0.0 0.0 0.0 0.0 0.0 0.0 0.0 0.0 0.0 0.0 0.0 0.0 0.0 0.0 0.0 0.0 0.0
0.0 0.0 0.0 0.0 0.0 0.0 0.0 0.0 0.0 0.0 0.0 0.0 0.0 0.0 0.998963 0.0 0.0 0.0 0.0 0.0 0.0 0.0 0.0 0.0 0.0 0.0 0.0 0.0 0.0 0.0 0.0 0.0 0.0 0.0 0.0 0.0 2.98023e-08 0.0 0.0 0.0 0.0 0.0 0.0 0.0 0.0 0.0 0.0 0.0 0.0 0.0 0.0 0.0 0.0 0.0 0.0 0.0 0.0 0.0 0.0 0.0 0.0 0.998752 0.0 0.0
5.96046e-07 0.0 0.0 0.0 0.440704 0.0 0.0 0.000746101 0.0 0.982059 0.0 0.0 5.54323e-06 0.504764 1.0 0.0 0.0 1.49012e-07 0.0 0.520889 0.0 0.914334 0.0 0.0 0.0 0.0 0.0 0.0 0.0 0.0 0.984046 0.0190561 0.0 0.0 0.0 0.0 0.0 0.0 0.0 0.0 0.0 0.124494 0.0 0.0 0.0 0.0 0.0 0.0 0.0 0.0 0.0 0.0 0.0 0.204802 0.0 5.96046e-08 0.0 1.19209e-07 0.00323531 0.0 1.10269e-06 0.0 0.0 0.0
4 28 35 15 0 57 27 17 58 21 51 32 25 54 19 8 24 48 3 47 43 38 49 45 10 46 52 1 56 5 22 29 6 39 26 63 60 34 44 23 59 62 33 30 9 41 50 16 42 61 31 7 53 13 12 36 20 2 55 14 18 40 11 37
