8
0.749965 0.0 0.0 0.972519 0.460067 0.0 0.0 4.17233e-05 0.0901531 0.933121 0.95954 0.942411 1.84774e-06 0.0 0.590961 0.989974 0.587714 0.980587 0.0 0.74134 0.00560948 0.0 0.984297 0.0 0.958069 0.0 0.237404 0.0 0.0 0.0 0.0 0.0 0.946909 0.0 0.429542 0.0 0.986003 0.0 0.0 0.0 0.0 0.946785 0.0 0.0 0.198071 0.0 0.0 0.0 0.0 0.0 0.0 0.0 1.19209e-07 0.0 0.0 7.7486e-07 0.801954 0.0 2.08616e-07 0.210146 0.0 0.434211 0.0 0.0
0.0 0.0 0.0 0.0 0.0 0.0 0.0 0.0 0.0 0.0 0.0 0.0 0.0 0.0 0.0 0.0 0.0 0.0 0.0 0.0 0.0 0.0 0.0 0.0 0.0 0.0 0.0 1.04308e-06 0.0 0.0 0.0 0.0 0.0 0.0 0.0 0.0 0.0 0.0 0.0 9.26852e-06 0.0 0.0 0.0 0.0 0.0 0.0 0.0 0.0 0.0 1.19209e-07 0.0 0.0 0.0 0.0 0.0 0.0 0.0 0.0 0.0 0.0 0.0 0.0 0.0 0.0
0.0 0.0 0.0 1.10269e-06 0.0 3.8743e-07 0.0 8.9407e-08 0.000136673 1.12653e-05 2.75671e-05 1.49012e-07 0.902851 0.0 0.0222335 1.13249e-06 2.30968e-05 5.81741e-05 7.30753e-05 0.00115517 0.00024727 0.0 7.89762e-06 0.0 8.04663e-07 0.0 0.00896689 0.0 0.0 0.0 0.0 0.0 2.08616e-07 0.0 0.0227023 0.0 8.9407e-07 0.0 0.0 0.0 0.0 0.0 0.0 0.0 0.0 0.0 0.0 2.98023e-08 0.0 0.0 0.0 0.0 1.83284e-05 0.0 0.0 0.988746 0.0 0.0 0.0 0.0 1.37091e-06 0.0 0.0 0.0
0.144786 0.0 0.0 0.892034 0.0316299 0.0 0.0 2.51234e-05 0.0477981 0.68315 0.967685 0.744684 9.20892e-06 0.0 0.548042 0.934272 0.542931 0.986259 0.0 0.804055 0.0445756 0.0 0.979406 0.0 0.750144 0.0 0.362845 0.0 0.0 0.0 0.0 0.0 0.801133 0.0 0.500544 0.0 0.939703 0.0 0.0 0.0 0.0 0.454671 0.0 0.0 0.0150746 0.0 0.0 0.0 0.0 0.0 0.0 0.0 2.08616e-07 0.0 0.0 8.13603e-06 0.147012 0.0 2.98023e-08 0.0073497 2.38419e-07 0.0199168 0.0 0.0
0.380138 0.0 0.0 0.928486 0.113812 0.0 0.0 2.13683e-05 0.0714429 0.765239 0.946701 0.870154 2.89083e-06 0.0 0.711303 0.951998 0.394525 0.982567 0.0 0.862636 0.00549954 0.0 0.964683 0.0 0.907041 0.0 0.250104 0.0 0.0 0.0 0.0 0.0 0.829154 0.0 0.546361 0.0 0.97984 0.0 0.0 0.0 0.0 0.694888 0.0 0.0 0.0259965 0.0 0.0 0.0 0.0 0.0 0.0 0.0 2.68221e-07 0.0 0.0 2.02656e-06 0.288476 0.0 1.49012e-07 0.0158734 0.0 0.0565456 0.0 0.0
0.0 0.0 0.0 0.0 0.0 0.0 0.0 0.0 0.0 0.0 0.0 0.0 0.0 0.0 0.0 0.0 0.0 0.0 0.0 0.0 0.0 0.0 0.0 0.0 0.0 0.0 0.0 0.0 0.0 0.0 0.0 0.0 0.0 0.0 0.0 0.0 0.0 0.0 0.0 0.0 0.0 0.0 2.98023e-08 0.0 0.0 0.0 0.0 0.0 0.0 0.0 0.0 0.0 0.0 0.0 0.0 0.0 0.0 0.0 0.0 0.0 0.0 0.0 0.0 1.0
0.0 0.0 0.0 0.0 0.0 0.0 0.0 0.0 0.0 0.0 0.0 0.0 0.0 0.0 0.0 0.0 0.0 0.0 0.0 0.0 0.0 0.0 0.0 0.0 0.0 0.0 0.0 0.0 0.0 0.0 0.0 0.0 0.0 0.0 0.0 0.0 0.0 0.0 0.0 0.0 0.0 0.0 0.0 0.0 0.0 0.0 0.0 0.0 0.0 0.0 0.0 0.0 0.0 0.0 3.53754e-05 0.0 0.0 0.0 0.0 0.0 0.0 0.0 0.0 0.0
0.0712441 0.0 0.0 0.615222 0.0536631 0.0 0.0 0.00124544 0.0116217 0.153555 0.802974 0.546394 1.2815e-05 0.0 0.260049 0.768381 0.986351 0.87967 0.0 0.864218 0.0383331 0.0 0.894019 0.0 0.503842 0.0 0.815042 0.0 0.0 0.0 0.0 0.0 0.618601 0.0 0.784249 0.0 0.803431 0.0 0.0 0.0 0.0 0.357794 0.0 0.0 0.0414503 0.0 0.0 0.0 0.0 0.0 0.0 0.0 0.0 0.0 0.0 6.13928e-06 0.147679 0.0 1.78814e-07 0.0142979 1.19209e-07 0.0340933 0.0 0.0
0.0 0.0 0.0 0.0 0.0 0.0 0.0 0.0 0.0 0.0 0.0 0.0 0.0 0.0 0.0 0.0 0.0 0.0 0.0 0.0 0.0 0.0 0.0 1.19209e-07 0.0 0.0 0.0 0.0 0.0 0.0 0.0 0.0 0.0 0.0 0.0 0.0 0.0 0.0 0.0 0.0 1.0 0.0 0.0 0.0 0.0 0.0 0.0 0.0 0.0 0.0 0.0 0.0 0.0 0.0 0.0 0.0 0.0 0.0 0.0 0.0 0.0 0.0 0.0 0.0
0.0 0.0 0.0 0.0 0.0 0.0 0.0 0.0 0.0 0.0 0.0 0.0 0.0 0.0 0.0 0.0 0.0 0.0 0.0 0.0 0.0 0.0 0.0 0.0 0.0 0.0 0.0 0.0 0.0 0.0 0.0 0.0 0.0 0.0 0.0 0.0 0.0 0.0 0.0 0.0 0.0 0.0 0.0 0.0 0.0 0.0 0.0 0.0 1.78814e-07 0.0 0.0 0.0 0.0 0.0 0.0 0.0 0.0 0.0 0.0 0.0 0.0 0.0 0.999998 0.0
0.00335345 0.0 0.0 0.224627 0.000730038 0.0 0.0 9.71258e-05 0.0231862 0.0609584 0.476085 0.104405 0.000683874 0.0 0.888994 0.203032 0.289293 0.590505 0.0 0.983168 0.0243797 0.0 0.412014 0.0 0.119826 0.0 0.652037 0.0 0.0 0.0 0.0 0.0 0.0748262 0.0 0.978641 0.0 0.299087 0.0 0.0 0.0 0.0 0.0100999 0.0 0.0 0.000188321 0.0 0.0 0.0 0.0 0.0 0.0 0.0 1.19209e-07 0.0 0.0 0.000666767 0.00247815 0.0 5.06639e-07 7.70986e-05 2.08616e-07 0.000270873 0.0 0.0
0.0191844 0.0 0.0 0.680592 0.00347614 0.0 0.0 1.60933e-06 0.0491355 0.973345 0.594795 0.299877 0.00019294 0.0 0.97709 0.788855 0.0339887 0.714135 0.0 0.491038 0.000719637 0.0 0.732822 0.0 0.594171 0.0 0.0243697 0.0 0.0 0.0 0.0 0.0 0.321232 0.0 0.481578 0.0 0.634978 0.0 0.0 0.0 0.0 0.0973724 0.0 0.0 0.000447631 0.0 0.0 0.0 0.0 0.0 0.0 0.0 1.87159e-05 0.0 0.0 9.06587e-05 0.011825 0.0 8.9407e-08 0.000398874 2.08616e-07 0.0011968 0.0 0.0
0.0 0.0 0.0 0.0 0.0 0.0 0.0 0.0 0.0 0.0 0.0 0.0 0.0 0.0 0.0 0.0 0.0 0.0 0.0 0.0 0.0 0.0 0.0 5.51343e-06 0.0 0.0 0.0 0.999997 0.0 0.0 0.0 0.0 0.0 0.0 0.0 0.0 0.0 0.0 0.0 0.0 2.15769e-05 0.0 0.0 0.0 0.0 0.0 0.0 0.0 9.13441e-05 0.0 0.0 0.0 0.0 0.0 0.0 0.0 0.0 0.0 0.0 0.0 0.0 0.0 0.0 0.0
0.0 0.0 0.0 0.0 0.0 0.0 0.0 0.0 0.0 0.0 0.0 0.0 0.0 0.0 0.0 0.0 0.0 0.0 0.0 0.0 0.0 0.0 0.0 0.0 0.0 0.0 0.0 0.0 0.0 0.0 0.0 0.0 0.0 0.0 0.0 0.0 0.0 0.999988 0.0 0.0 0.0 0.0 0.0 0.0 0.0 0.0 0.0 0.0 0.0 0.0 0.0 0.0 0.0 0.0 0.0 0.0 0.0 0.0 0.0 0.0 0.0 0.0 0.0 0.0
0.0164113 0.0 0.0 0.467983 0.00354838 0.0 0.0 6.52671e-06 0.0113612 0.159667 0.982704 0.239158 5.0962e-06 0.0 0.295307 0.531854 0.23994 0.977494 0.0 0.611475 0.181101 0.0 0.804813 0.0 0.265374 0.0 0.214193 0.0 0.0 0.0 0.0 0.0 0.241731 0.0 0.282425 0.0 0.67015 0.0 0.0 0.0 0.0 0.0542206 0.0 0.0 0.00181386 0.0 0.0 0.0 0.0 0.0 0.0 0.0 3.9041e-06 0.0 0.0 5.10514e-05 0.010223 0.0 0.0 0.000569969 2.38419e-07 0.00192288 0.0 0.0
0.852804 0.0 0.0 0.975179 0.601312 0.0 0.0 5.1856e-05 0.168465 0.85131 0.940063 0.961354 2.68221e-07 0.0 0.288029 0.987576 0.70792 0.926104 0.0 0.613229 0.00210223 0.0 0.973305 0.0 0.953055 0.0 0.0450781 0.0 0.0 0.0 0.0 0.0 0.97394 0.0 0.196001 0.0 0.979199 0.0 0.0 0.0 0.0 0.961559 0.0 0.0 0.553651 0.0 0.0 0.0 0.0 0.0 0.0 0.0 0.0 0.0 0.0 2.98023e-08 0.894432 0.0 5.96046e-08 0.515392 0.0 0.671296 0.0 0.0
0.00206679 0.0 0.0 0.0720605 0.000212103 0.0 0.0 0.000361592 0.996641 0.0427326 0.0308645 0.0271778 4.20511e-05 0.0 0.517482 0.0410604 0.00239113 0.0322594 0.0 0.164344 0.0594811 0.0 0.0355277 0.0 0.0150981 0.0 0.223702 0.0 0.0 0.0 0.0 0.0 0.0162221 0.0 0.0506592 0.0 0.0934946 0.0 0.0 0.0 0.0 0.00540861 0.0 0.0 8.12113e-05 0.0 0.0 0.0 0.0 0.0 0.0 0.0 0.0 0.0 0.0 1.52588e-05 0.00111705 0.0 6.55651e-07 4.74751e-05 0.0 0.000143528 0.0 0.0
3.15905e-06 0.0 0.0 0.00031805 1.78814e-07 5.57005e-05 0.0 0.0 1.3262e-05 0.0184292 0.00783625 5.56409e-05 0.0479417 0.0 0.0341901 0.000585228 3.60608e-06 0.0091719 9.12547e-05 0.000158489 9.20892e-06 0.0 0.00127479 0.0 0.000244796 0.0 1.03116e-05 0.0 0.0 0.0 0.0 0.0 4.3124e-05 0.0 0.000213563 0.0 0.000270158 0.0 0.0 0.0 0.0 1.20699e-05 0.0 0.0 1.78814e-07 0.0 0.0 0.0 0.0 0.0 0.0 0.0 0.994761 0.0 0.0 0.00465304 1.16229e-06 0.0 0.0 1.19209e-07 6.25849e-07 1.78814e-07 0.0 0.0
0.0 0.0 0.0 0.0 0.0 0.0 0.0 0.0 0.0 0.0 0.0 0.0 0.0 0.0 0.0 0.0 0.0 0.0 0.0 0.0 0.0 0.0 0.0 0.0 0.0 0.0 0.0 0.0 0.0 0.0 0.0 0.0 0.0 0.0 0.0 0.0 0.0 0.0 0.0 0.0 0.0 0.0 0.0 0.0 0.0 0.0 0.0 0.0 0.0 0.0 0.0 0.0 0.0 0.0 0.0 0.0 0.0 0.932908 0.0 0.0 0.0 0.0 0.0 0.0
0.0 0.0 0.0 0.0 0.0 0.0 0.0 0.0 0.0 0.0 0.0 0.0 0.0 0.0 0.0 0.0 0.0 0.0 0.0 0.0 0.0 0.0 0.0 0.0 0.0 0.0 0.0 0.0 0.0 0.0 0.0 0.0 0.0 0.0 0.0 0.0 0.0 0.0 0.0 0.0 0.0 0.0 0.896336 0.0 0.0 0.0 0.0 0.0 0.0 0.0 0.0 0.0 0.0 0.0 0.0 0.0 0.0 0.0 0.0 0.0 0.0 0.0 0.0 0.0
0.0 0.0 0.0 0.0 0.0 0.99401 0.0 0.0 0.0 0.0 0.0 0.0 0.000144482 0.0 0.0 0.0 0.0 0.0 1.7792e-05 0.0 0.0 0.0 0.0 0.0 0.0 0.0 0.0 0.0 0.0 0.0 0.0 0.0 0.0 0.0 0.0 0.0 0.0 0.0 0.0 0.0 0.0 0.0 0.0 0.0 0.0 0.0 0.0 0.0 0.0 0.0 0.0 0.0 1.07288e-06 0.0 0.0 0.0 0.0 0.0 0.0 0.0 0.0 0.0 0.0 0.0
0.0 0.0 0.0 0.0 0.0 0.0 0.00244215 0.0 0.0 0.0 0.0 0.0 0.0 0.0 0.0 0.0 0.0 0.0 0.0 0.0 0.0 0.0 0.0 0.0 0.0 3.12924e-06 0.0 0.0 0.0 0.0 0.0 0.0 0.0 0.0 0.0 0.0 0.0 0.0 0.0 0.0 0.0 0.0 0.0 0.0 0.0 0.0 0.0 0.999806 0.0 0.0 0.0 0.0 0.0 0.0 0.0 0.0 0.0 0.0 0.0 0.0 0.0 0.0 0.0 0.0
0.936771 0.0 0.0 0.97498 0.835028 0.0 0.0 3.08752e-05 0.15752 0.926012 0.935533 0.976237 1.49012e-07 0.0 0.319582 0.992605 0.595327 0.947062 0.0 0.542612 0.00122744 0.0 0.984341 0.0 0.981899 0.0 0.0555874 0.0 0.0 0.0 0.0 0.0 0.976613 0.0 0.156434 0.0 0.987389 0.0 0.0 0.0 0.0 0.978309 0.0 0.0 0.542876 0.0 0.0 0.0 0.0 0.0 0.0 0.0 5.96046e-08 0.0 0.0 1.19209e-07 0.925571 0.0 5.96046e-08 0.645493 0.0 0.781859 0.0 0.0
0.0 0.0 0.0 0.0 0.0 0.0 0.0 0.0 0.0 0.0 0.0 0.0 0.0 0.0 0.0 0.0 0.0 0.0 0.0 0.0 0.0 0.0 0.0 0.0 0.0 0.0 0.0 0.0 0.0 0.0 0.0 0.0 0.0 0.0 0.0 0.0 0.0 0.0 0.0 0.0 0.0 0.0 0.0 0.0 0.0 0.0 0.0 0.0 0.0 0.0 0.0 0.0 0.0 0.999999 0.0 0.0 0.0 0.0 0.0 0.0 0.0 0.0 0.0 0.0
0.0 0.0 0.0 0.0 0.0 0.0 0.0 0.0 0.0 0.0 0.0 0.0 0.0 0.0 0.0 0.0 0.0 0.0 0.0 0.0 0.0 0.0 0.0 0.0 0.0 0.0 0.0 0.0 0.0 0.0 0.0 0.0 0.0 0.0 0.0 5.66244e-07 0.0 0.0 0.0 0.0 0.0 0.0 0.0 0.0 0.0 0.0 0.0 0.0 0.0 0.999992 0.0 0.0 0.0 0.0 0.0 0.0 0.0 0.0 0.0 0.0 0.0 0.0 0.0 0.0
0.0 0.0 0.0 0.0 0.0 0.0 0.0 0.0 0.0 0.0 0.0 0.0 0.0 0.0 0.0 0.0 0.0 0.0 0.0 0.0 0.0 0.0 0.0 0.0 0.0 0.0 0.0 0.0 0.0 0.0 0.0 0.0 0.0 0.0 0.0 0.0 0.0 0.0 0.0 0.999937 0.0 0.0 0.0 0.0 0.0 0.0 0.0 0.0 0.0 0.0 0.0 0.0 0.0 0.0 0.0 0.0 0.0 0.0 0.0 0.0 0.0 0.0 0.0 0.0
0.00111669 0.0 0.0 0.147102 0.000268996 0.0 0.0 0.000182271 0.00572547 0.104064 0.169453 0.0497506 0.00164384 0.0 0.833519 0.160927 0.529678 0.143661 0.0 0.936926 0.0039255 0.0 0.251432 0.0 0.0804371 0.0 0.659132 0.0 0.0 0.0 0.0 0.0 0.0479575 0.0 0.991711 0.0 0.108051 0.0 0.0 0.0 0.0 0.00618744 0.0 0.0 4.87268e-05 0.0 0.0 0.0 0.0 0.0 0.0 0.0 1.19209e-07 0.0 0.0 0.00261641 0.00108147 0.0 7.7486e-07 2.70903e-05 5.36442e-07 8.71718e-05 0.0 0.0
0.0 0.0 1.49012e-07 0.0 0.0 0.0 0.0 0.0 0.0 0.0 0.0 0.0 0.0 0.0 0.0 0.0 0.0 0.0 0.0 0.0 0.0 0.999998 0.0 0.0 0.0 0.0 0.0 0.0 0.0 0.0 0.0 0.0 0.0 0.0 0.0 0.0 0.0 0.0 0.0 0.0 0.0 0.0 0.0 0.0 0.0 0.0 0.0 0.0 0.0 0.0 0.0 0.0 0.0 0.0 0.0 0.0 0.0 0.0 0.0 0.0 0.0 0.0 0.0 0.0
0.0 0.0 0.0 0.0 0.0 0.0 0.0 0.0 0.0 0.0 0.0 0.0 0.0 0.0 0.0 0.0 0.0 0.0 0.0 0.0 0.0 0.0 0.0 0.0 0.0 0.0 0.0 0.0 0.0 0.0 0.0 0.0 0.0 0.0 0.0 0.0 0.0 0.0 0.0 0.0 0.0 0.0 0.0 0.0 0.0 0.0 0.0 0.0 1.19209e-07 0.0 0.0 0.0 0.0 0.0 1.0 0.0 0.0 0.0 0.0 0.0 0.0 0.0 0.0 0.0
0.0 0.0 0.0 0.0 0.0 0.0 0.0 0.953576 7.7486e-07 0.0 0.0 0.0 0.0 0.0 2.98023e-08 0.0 3.27826e-07 0.0 0.0 1.81794e-06 1.60038e-05 0.0 0.0 0.0 0.0 2.98023e-07 0.998591 0.0 0.0 0.0 0.0 0.0 0.0 0.0 5.39422e-06 0.0 0.0 0.0 0.0 0.0 0.0 0.0 0.0 0.0 0.0 0.0 0.0 0.0 0.0 0.0 0.0 0.0 0.0 0.0 0.0 0.0 0.0 0.0 0.860082 0.0 0.0 0.0 0.0 0.0
0.0 0.0 0.0 0.0 0.0 0.0 0.0 0.0 0.0 0.0 0.0 0.0 0.0 0.0 0.0 0.0 0.0 0.0 0.0 0.0 0.0 0.0 0.0 0.0 0.0 0.0 0.0 0.0 1.19209e-07 0.0 0.0 0.0 0.0 0.0 0.0 0.0 0.0 0.0 0.0 0.0 1.46031e-06 0.0 0.0 0.0 0.0 0.0 0.0 0.0 0.0 0.0 1.0 0.0 0.0 0.0 0.0 0.0 0.0 0.0 0.0 0.0 0.0 0.0 0.0 0.0
0.0 0.0 0.0 0.0 0.0 0.0 0.0 0.0 0.0 0.0 0.0 0.0 0.0 0.0 0.0 0.0 0.0 0.0 0.0 0.0 0.0 0.0 0.0 0.0 0.0 0.0 0.0 0.0 0.0 0.0 0.0 0.0 0.0 0.0 0.0 0.998921 0.0 0.0 0.0 0.0 0.0 0.0 0.0 0.0 0.0 0.0 0.0 0.0 0.0 0.0 0.0 2.98023e-08 0.0 0.0 0.0 0.0 0.0 0.0 0.0 0.0 0.0 0.0 0.0 0.0
4.64916e-06 0.0 0.0 0.000223607 2.74181e-06 0.0 0.0 0.945521 0.00494611 1.75834e-05 0.000449568 8.70824e-05 5.06639e-07 0.0 0.000596404 0.000142634 0.0328974 0.000510931 0.0 0.0251639 0.0241156 0.0 0.000524819 0.0 9.91523e-05 0.0 0.999851 0.0 0.0 0.0 0.0 0.0 0.000121176 0.0 0.0401703 0.0 0.000288099 0.0 0.0 0.0 0.0 2.48551e-05 0.0 0.0 7.15256e-07 0.0 0.0 0.0 0.0 0.0 0.0 0.0 0.0 0.0 0.0 8.9407e-07 8.82149e-06 0.0 0.000124931 3.8743e-07 0.0 1.49012e-06 0.0 0.0
0.0 0.0 0.0 0.0 0.0 0.0 0.0 0.0 0.0 0.0 0.0 0.0 0.0 0.0 0.0 0.0 0.0 0.0 0.0 0.0 0.0 0.0 0.0 0.0 0.0 0.0 0.0 0.0 0.0 0.0 0.0 0.0 0.0 0.0 0.0 0.0 0.0 0.0 0.0 0.0 0.0 0.0 0.0 0.0 0.0 0.0 0.0 0.0 0.0 0.0 0.0 0.999379 0.0 0.0 0.0 0.0 0.0 0.0 0.0 0.0 0.0 0.0 0.0 0.0
2.98023e-08 0.0 0.0 1.06394e-05 0.0 5.48363e-06 0.0 0.0 6.15418e-05 0.000167638 5.73695e-05 1.51992e-06 0.998665 0.0 0.139472 1.78516e-05 7.60257e-05 0.000102669 1.30832e-05 0.0019953 2.61068e-05 0.0 5.21243e-05 0.0 1.0848e-05 0.0 0.000421852 0.0 0.0 0.0 0.0 0.0 2.23517e-06 0.0 0.0158453 0.0 4.94719e-06 0.0 0.0 0.0 0.0 1.78814e-07 0.0 0.0 0.0 0.0 0.0 0.0 0.0 0.0 0.0 0.0 0.000710905 0.0 0.0 0.553323 0.0 0.0 0.0 0.0 6.25849e-07 0.0 0.0 0.0
0.0 0.0 0.0 0.0 0.0 0.0 5.07236e-05 0.0 0.0 0.0 0.0 0.0 0.0 0.0 0.0 0.0 0.0 0.0 0.0 0.0 0.0 0.0 0.0 0.0 0.0 0.0 0.0 0.0 0.0 0.0 0.0 8.64267e-07 0.0 0.0 0.0 0.0 0.0 0.0 0.0 0.0 2.74181e-06 0.0 0.0 0.0 0.0 1.7494e-05 0.0 1.49012e-07 0.0 0.0 0.0 0.0 0.0 0.0 0.0 0.0 0.0 0.0 0.0 0.0 0.0 0.0 0.0 0.0
0.951315 0.0 0.0 0.982147 0.741144 0.0 0.0 3.68655e-05 0.300942 0.875226 0.898482 0.980984 5.96046e-08 0.0 0.371242 0.987995 0.449366 0.916106 0.0 0.645667 0.000890225 0.0 0.970045 0.0 0.956367 0.0 0.0598363 0.0 0.0 0.0 0.0 0.0 0.962796 0.0 0.280058 0.0 0.992658 0.0 0.0 0.0 0.0 0.977592 0.0 0.0 0.426624 0.0 0.0 0.0 0.0 0.0 0.0 0.0 0.0 0.0 0.0 0.0 0.932059 0.0 1.19209e-07 0.567749 0.0 0.773964 0.0 0.0
0.0 0.0 0.0 0.0 0.0 0.0 0.00402865 0.0 0.0 0.0 0.0 0.0 0.0 1.2219e-06 0.0 0.0 0.0 0.0 0.30979 0.0 0.0 0.0 0.0 0.0 0.0 0.0 0.0 0.0 0.0 0.0 0.0 0.00238001 0.0 0.0 0.0 0.0 0.0 0.0 0.0 0.0 2.08616e-07 0.0 0.0 0.0 0.0 0.998179 0.0 1.2517e-06 0.0 0.0 0.0 0.0 0.0 0.0 0.0 0.0 0.0 0.0 0.0 0.0 0.0 0.0 0.0 0.0
0.0 0.0 0.0 0.0 0.0 0.0 0.0 0.0 0.0 0.0 0.0 0.0 0.0 0.0 0.0 0.0 0.0 0.0 0.0 0.0 0.0 0.807477 0.0 0.0 0.0 0.0 0.0 0.0 0.676308 0.0 8.9407e-08 0.0 0.0 0.0 0.0 0.0 0.0 0.0 0.0 0.0 0.0 0.0 0.0 0.0 0.0 0.0 4.74453e-05 0.0 0.0 0.0 0.0 0.0 0.0 0.0 0.0 0.0 0.0 0.000766128 0.0 0.0 0.0 0.0 0.0 0.0
0.0 0.999999 0.0 0.0 0.0 0.0 0.0 0.0 0.0 0.0 0.0 0.0 0.0 0.0 0.0 0.0 0.0 0.0 0.0 0.0 0.0 0.0 0.0 0.0 0.0 0.0 0.0 0.0 0.0 0.0 0.0 0.0 0.0 0.0 0.0 0.0 0.0 0.0 0.0 0.0 0.0 0.0 0.0 0.0 0.0 0.0 0.0 0.0 0.0 0.0 0.0 0.0 0.0 0.0 0.0 0.0 0.0 0.0 0.0 0.0 0.0 0.0 0.0 0.0
0.0 0.0 0.0 0.0 0.0 0.0 0.0 0.0 0.0 0.0 0.0 0.0 0.0 0.0 0.0 0.0 0.0 0.0 0.0 0.0 0.0 0.0 0.0 1.78814e-06 0.0 0.0 0.0 0.0 0.0 0.0 0.0 0.0 0.0 0.0 0.0 0.0 0.0 0.0 0.0 0.0 0.0 0.0 0.0 0.0 0.0 0.0 0.0 0.0 0.0 8.9407e-08 0.0 0.0 0.0 0.0 0.0 0.0 0.0 0.0 0.0 0.0 0.0 0.0 0.0 0.0
0.0 0.0 0.0 0.0 0.0 1.78814e-07 2.02656e-05 0.0 0.0 0.0 0.0 0.0 6.55651e-06 2.38419e-07 0.0 0.0 0.0 0.0 0.995897 0.0 0.0 0.0 0.0 0.0 0.0 0.0 0.0 0.0 0.0 0.0 0.0 2.98321e-05 0.0 0.0 0.0 0.0 0.0 0.0 0.0 0.0 0.0 0.0 0.0 0.0 0.0 7.15256e-07 0.0 0.00177303 0.0 0.0 0.0 0.0 1.78814e-07 0.0 0.0 0.0 0.0 0.0 0.0 0.0 2.98023e-08 0.0 0.0 0.0
0.0 0.0 0.0 0.0 0.0 0.0 0.0 0.0 0.0 0.0 0.0 0.0 0.0 0.0 0.0 0.0 0.0 0.0 0.0 0.0 0.0 0.0 0.0 0.0 0.0 0.0 0.0 9.14931e-05 0.0 0.0 0.0 0.0 0.0 0.0 0.0 0.0 0.0 0.0 0.0 0.0 0.0 0.0 0.0 0.0 0.0 0.0 0.0 0.0 1.0 0.0 0.0 0.0 0.0 0.0 0.0 0.0 0.0 0.0 0.0 0.0 0.0 0.0 0.0 0.0
0.0 4.82798e-06 0.0 0.0 0.0 0.0 0.0 0.0 0.0 0.0 0.0 0.0 0.0 0.0 0.0 0.0 0.0 0.0 0.0 0.0 0.0 0.0 0.0 0.0 0.0 0.0 0.0 0.0 0.0 0.0 0.0 0.0 0.0 0.0 0.0 0.0 0.0 0.0 0.0 0.0 0.0 0.0 0.0 0.0 0.0 0.0 0.0 0.0 0.0 0.0 0.0 0.0 0.0 0.0 0.0 0.0 0.0 0.0 0.0 0.0 0.0 0.0 0.0 0.0
0.00185609 0.0 0.0 0.104549 0.000477076 0.0 0.0 2.38419e-07 0.000224292 0.041247 0.771402 0.0447442 4.20213e-06 0.0 0.0480203 0.255295 0.0172231 0.964046 0.0 0.194272 0.0132232 0.0 0.554157 0.0 0.10806 0.0 0.0248633 0.0 0.0 0.0 0.0 0.0 0.0513417 0.0 0.0522583 0.0 0.222153 0.0 0.0 0.0 0.0 0.00767612 0.0 0.0 0.00022918 0.0 0.0 0.0 0.0 0.0 0.0 0.0 4.05312e-06 0.0 0.0 1.43945e-05 0.00151259 0.0 0.0 9.17315e-05 3.27826e-07 0.000254273 0.0 0.0
0.0 0.0 0.0 0.0 0.0 0.0 0.0 0.0 0.0 0.0 0.0 0.0 0.0 0.0 0.0 0.0 0.0 0.0 0.0 0.0 0.0 0.0 0.0 0.0 0.0 0.0 0.0 0.0 0.0 0.0 0.0 0.0 0.0 1.0 0.0 0.0 0.0 0.0 0.0 0.0 0.0 0.0 2.11596e-06 0.0 0.0 0.0 0.0 0.0 0.0 0.0 0.0 0.0 0.0 0.0 0.0 0.0 0.0 0.0 0.0 0.0 0.0 0.0 0.0 8.9407e-08
0.0 0.0 0.0 0.0 0.0 0.0 0.0 0.0 0.0 0.0 0.0 0.0 0.0 0.0 0.0 0.0 0.0 0.0 0.0 0.0 0.0 0.0 0.0 0.0 0.0 0.0 0.0 0.0 0.0 0.0 0.0 0.0 0.0 0.0 0.0 0.0 0.0 0.0 0.0 0.0 0.0 0.0 0.0 0.0 0.0 0.0 0.0 0.0 0.0 0.0 0.0 0.0 0.0 0.0 0.0 0.0 0.0 0.0 0.0 0.0 0.0 0.0 0.0 0.0
0.0 0.0 0.0 0.0 0.0 0.0 0.0 0.0 0.0 0.0 0.0 0.0 0.0 0.0 0.0 0.0 0.0 0.0 0.0 0.0 0.0 0.0 0.0 0.0 0.0 0.0 0.0 0.0 0.0 0.0 0.0 0.0 0.0 0.0 0.0 0.0 0.0 0.0 0.0 0.0 0.0 0.0 0.0 0.999999 0.0 0.0 0.0 0.0 0.0 0.0 0.0 0.0 0.0 0.0 0.0 0.0 0.0 0.0 0.0 0.0 0.0 0.0 0.0 0.0
0.0 0.0 0.0 0.0 0.0 0.0 0.0 0.0 0.0 0.0 0.0 0.0 0.0 0.0 0.0 0.0 0.0 0.0 0.0 0.0 0.0 0.0 0.0 0.0 0.0 0.0 0.0 0.0 0.0 0.0465847 0.0 0.0 0.0 0.0 0.0 0.0 0.0 0.0 1.0 0.0 0.0 0.0 0.0 0.0 0.0 0.0 0.0 0.0 0.0341301 0.0 0.0 0.0 0.0 0.0 0.0 0.0 0.0 0.0 0.0 0.0 0.0 0.0 0.0 0.0
0.0 0.0 0.0 0.0 0.0 0.0 7.51615e-05 0.0 0.0 0.0 0.0 0.0 0.0 0.0 0.0 0.0 0.0 0.0 0.0 0.0 0.0 0.0 0.0 0.0 0.0 0.999918 0.0 0.0 0.0 0.0 0.0 0.0 0.0 0.0 0.0 0.0 0.0 0.0 0.0 0.0 0.0 0.0 0.0 0.0 0.0 0.0 0.0 2.38419e-07 0.0 0.0 0.0 0.0 0.0 0.0 0.0 0.0 0.0 0.0 1.49012e-07 0.0 0.0 0.0 0.0 0.0
0.0 0.0 0.0 0.0 0.0 0.0 0.0 0.0 0.0 0.0 0.0 0.0 0.0 0.0 0.0 0.0 0.0 0.0 0.0 0.0 0.0 0.0 0.0 0.0 0.0 0.0 0.0 0.0 0.0 0.0 0.0 0.0 0.0 0.0 0.0 0.0 0.0 0.0 0.0 0.0 0.0 0.0 0.0 0.0 0.0 0.0 0.0 0.0 0.0 2.08616e-07 0.0 0.0 0.0 0.0 0.0 0.0 0.0 0.0 0.0 0.0 0.0 0.0 0.000726223 0.0
0.0 0.0 0.00104836 0.0 0.0 0.0 0.0 0.0 0.0 0.0 0.0 0.0 0.0 0.0 0.0 0.0 0.0 0.0 0.0 0.0 0.0 0.00524431 0.0 0.0 0.0 0.0 0.0 0.0 0.0 0.0 0.733625 0.0 0.0 0.0 0.0 0.0 0.0 0.0 0.0 0.0 0.0 0.0 0.0 0.0 0.0 0.0 1.0 0.0 0.0 0.0 0.0 0.0 0.0 0.0 0.0 0.0 0.0 0.0 0.0 0.0 0.0 0.0 0.0 0.0
0.831426 0.0 0.0 0.931078 0.691401 0.0 0.0 3.40343e-05 0.0585171 0.652377 0.905389 0.942929 1.49012e-07 0.0 0.121969 0.977235 0.471692 0.931764 0.0 0.478106 0.000620157 0.0 0.972081 0.0 0.934845 0.0 0.0886299 0.0 0.0 0.0 0.0 0.0 0.950724 0.0 0.13976 0.0 0.983602 0.0 0.0 0.0 0.0 0.969171 0.0 0.0 0.558187 0.0 0.0 0.0 0.0 0.0 0.0 0.0 0.0 0.0 0.0 0.0 0.923995 0.0 8.9407e-08 0.582904 0.0 0.755436 0.0 0.0
0.0 0.0 0.0 0.0 0.0 0.0 7.7486e-07 0.0 0.0 0.0 0.0 0.0 0.0 0.999998 0.0 0.0 0.0 0.0 9.50694e-06 0.0 0.0 0.0 0.0 0.0 0.0 0.0 0.0 0.0 0.0 0.0 0.0 0.000112474 0.0 0.0 0.0 0.0 0.0 0.0 0.0 0.0 0.0 0.0 0.0 0.0 0.0 0.0 0.0 1.84774e-06 0.0 0.0 0.0 0.0 0.0 0.0 0.0 0.0 0.0 0.0 0.0 0.0 0.0 0.0 0.0 0.0
0.0 0.0 0.0 0.0 0.0 0.0 8.91089e-06 0.0 0.0 0.0 0.0 0.0 0.0 0.0 0.0 0.0 0.0 0.0 5.96046e-08 0.0 0.0 0.0 0.0 0.0 0.0 0.0 8.76188e-06 0.0 0.0 0.0 0.0 0.0 0.0 0.0 0.0 0.0 0.0 2.89083e-06 0.0 0.0 0.0 0.0 0.0 0.0 0.0 0.0 0.0 2.38419e-07 0.0 0.0 0.0 0.0 0.0 0.0 0.0 1.19209e-07 0.0 0.0 0.0 0.0 0.999998 0.0 0.0 0.0
0.000930518 0.0 0.0 0.177385 0.000133187 1.19209e-07 0.0 7.39098e-06 0.245642 0.41715 0.316463 0.0393113 0.0414341 0.0 0.995694 0.179552 0.0217573 0.343559 0.0 0.893738 0.00980356 0.0 0.214159 0.0 0.0880409 0.0 0.1927 0.0 0.0 0.0 0.0 0.0 0.034699 0.0 0.882199 0.0 0.13911 0.0 0.0 0.0 0.0 0.00454131 0.0 0.0 2.25008e-05 0.0 0.0 0.0 0.0 0.0 0.0 0.0 1.39475e-05 0.0 0.0 0.0151728 0.000537813 0.0 2.38419e-07 1.27852e-05 3.27826e-07 4.33028e-05 0.0 0.0
0.965569 0.0 0.0 0.942116 0.910999 0.0 0.0 1.15633e-05 0.0668898 0.562824 0.779995 0.955586 0.0 0.0 0.0208805 0.978666 0.324226 0.811017 0.0 0.172782 0.000126272 0.0 0.948377 0.0 0.933432 0.0 0.0146947 0.0 0.0 0.0 0.0 0.0 0.946993 0.0 0.0209533 0.0 0.981049 0.0 0.0 0.0 0.0 0.974786 0.0 0.0 0.769558 0.0 0.0 0.0 0.0 0.0 0.0 0.0 0.0 0.0 0.0 0.0 0.955772 0.0 0.0 0.924343 0.0 0.946132 0.0 0.0
0.0 0.0 0.0 0.0 0.0 0.0 0.998225 0.0 0.0 0.0 0.0 0.0 0.0 2.98023e-08 0.0 0.0 0.0 0.0 0.00331056 0.0 0.0 0.0 0.0 0.0 0.0 2.05636e-06 0.0 0.0 0.0 0.0 0.0 4.66704e-05 0.0 0.0 0.0 0.0 0.0 0.0 0.0 0.0 2.98023e-08 0.0 0.0 0.0 0.0 1.88351e-05 0.0 0.0263338 0.0 0.0 0.0 0.0 0.0 0.0 0.0 0.0 0.0 0.0 0.0 0.0 0.0 0.0 0.0 0.0
0.850707 0.0 0.0 0.974428 0.466541 0.0 0.0 2.71499e-05 0.129463 0.899765 0.901907 0.949919 4.17233e-07 0.0 0.359431 0.983994 0.340561 0.923027 0.0 0.563744 0.00123692 0.0 0.973176 0.0 0.935581 0.0 0.0518622 0.0 0.0 0.0 0.0 0.0 0.93398 0.0 0.266471 0.0 0.98141 0.0 0.0 0.0 0.0 0.953157 0.0 0.0 0.250512 0.0 0.0 0.0 0.0 0.0 0.0 0.0 0.0 0.0 0.0 1.19209e-07 0.837661 0.0 0.0 0.371962 0.0 0.587525 0.0 0.0
0.855462 0.0 0.0 0.666772 0.859439 0.0 0.0 1.02222e-05 0.0227842 0.0462373 0.277336 0.764902 0.0 0.0 0.00118002 0.783305 0.154389 0.40476 0.0 0.0249121 3.25143e-05 0.0 0.749492 0.0 0.361002 0.0 0.00362664 0.0 0.0 0.0 0.0 0.0 0.69762 0.0 0.00259709 0.0 0.931827 0.0 0.0 0.0 0.0 0.941355 0.0 0.0 0.93476 0.0 0.0 0.0 0.0 0.0 0.0 0.0 0.0 0.0 0.0 0.0 0.890669 0.0 0.0 0.819492 0.0 0.884088 0.0 0.0
1.0252e-05 0.0 0.0 0.00286046 3.01003e-06 0.0 0.0 0.000102043 0.0118067 0.00112131 0.0559064 0.000359625 2.43485e-05 0.0 0.0187055 0.00225744 0.000645757 0.170212 0.0 0.0885013 0.886486 0.0 0.011567 0.0 0.00107256 0.0 0.664665 0.0 0.0 0.0 0.0 0.0 0.000527769 0.0 0.0849025 0.0 0.00259268 0.0 0.0 0.0 0.0 6.07967e-05 0.0 0.0 7.7486e-07 0.0 0.0 0.0 0.0 0.0 0.0 0.0 1.78814e-07 0.0 0.0 0.000202537 7.83801e-06 0.0 2.98023e-08 1.78814e-07 2.38419e-07 8.64267e-07 0.0 0.0
0.943315 0.0 0.0 0.768117 0.959091 0.0 0.0 2.25604e-05 0.0372036 0.165599 0.402929 0.916666 0.0 0.0 0.00669265 0.921415 0.257452 0.517413 0.0 0.110682 3.59714e-05 0.0 0.854558 0.0 0.858414 0.0 0.00915036 0.0 0.0 0.0 0.0 0.0 0.876036 0.0 0.0116642 0.0 0.965852 0.0 0.0 0.0 0.0 0.976556 0.0 0.0 0.839127 0.0 0.0 0.0 0.0 0.0 0.0 0.0 0.0 0.0 0.0 0.0 0.950466 0.0 5.96046e-08 0.872616 0.0 0.938821 0.0 0.0
0.0 0.0 0.0 0.0 0.0 0.0 6.70552e-06 0.0 0.0 0.0 0.0 0.0 0.0 0.0 0.0 0.0 0.0 0.0 0.0 0.0 0.0 0.0 0.0 0.0 0.0 0.0 0.0 0.0 0.0 0.0 0.0 1.0 0.0 0.0 0.0 0.0 0.0 0.0 0.0 0.0 0.00247592 0.0 0.0 0.0 0.0 0.0 0.0 0.0 0.0 0.0 0.0 0.0 0.0 0.0 0.0 0.0 0.0 0.0 0.0 0.0 0.0 0.0 0.0 0.0
0.0 0.0 0.0 0.0 0.0 0.0 0.0 0.0 0.0 0.0 0.0 0.0 0.0 0.0 0.0 0.0 0.0 0.0 0.0 0.0 0.0 0.0 0.0 0.0 0.0 0.0 0.0 0.0 0.0 0.0 0.999999 0.0 0.0 0.0 0.0 0.0 0.0 0.0 0.0 0.0 0.0 0.0 0.0 0.0 0.0 0.0 0.106424 0.0 0.0 0.0 0.0 0.0 0.0 0.0 0.0 0.0 0.0 0.0 0.0 0.0 0.0 0.0 0.0 0.0
0.97408 0.0 0.0 0.95118 0.952353 0.0 0.0 0.0 0.0 0.976572 0.436883 0.956308 0.000694096 0.0 0.000272155 0.913737 0.00448006 0.93911 0.0 0.0 0.041593 0.0 0.957451 0.0 9.23872e-06 0.0 0.0 0.0 0.0 0.0 0.0 0.0 4.11272e-06 0.0 1.2815e-06 0.0 0.962896 0.0 0.0 0.0 0.0 0.0 0.0 0.0 0.962797 0.0 0.0 0.0 0.0 0.0 0.0 0.0 0.922537 0.0 0.00153494 0.00156274 0.939327 0.0 8.34465e-07 0.231346 5.23031e-05 0.52947 0.0168458 0.0
0.0 0.0 0.0 0.0 0.0 0.0 0.0 0.0 0.0 0.0 0.0 0.0 0.0 0.0 0.0 0.0 0.0 0.0 0.0 0.0 0.0 0.0 0.0 0.0 0.0 0.0 0.0 0.0 0.0 0.0 0.0 0.0 0.0 0.0 0.0 0.0 0.0 0.0 0.0 0.0 1.0 0.0 0.0 0.0 0.0 0.0 0.0 0.0 0.0 0.0 0.0 0.0 0.0 0.0 0.0 0.0 0.0 0.0 0.0 0.0 0.0 0.0 0.0 0.0
0.0 0.0 0.0 0.0 0.0 0.0 0.0 0.0 0.0 0.0 0.0 0.0 0.0 0.0 0.0 0.0 0.0 0.0 0.0 0.0 0.0 0.300341 0.0 0.0 0.0 0.0 0.0 0.0 1.0 0.0 0.0 0.0 0.0 0.0 0.0 0.0 0.0 0.0 0.0 0.0 0.0 0.0 0.0 0.0 0.0 0.0 0.0 0.0 0.0 0.0 0.0 0.0104978 0.0 8.9407e-08 0.0 0.0 0.0 0.0 0.0 0.0 0.0 0.0 0.0 0.0
0.973231 0.0 0.0 0.956769 0.887346 0.0 0.0 0.0 0.0 0.976002 0.687187 0.969562 0.00330579 0.0 0.0043819 0.967917 0.00745347 0.952263 0.0 0.0 0.135335 0.0 0.978097 0.0 4.24683e-05 0.0 0.0 0.0 0.0 0.0 0.0 0.0 4.58956e-06 0.0 7.48038e-06 0.0 0.955102 0.0 0.0 0.0 0.0 0.0 0.0 0.0 0.900474 0.0 0.0 0.0 0.0 0.0 0.0 0.0 0.876407 0.0 0.0240774 0.00257182 0.897076 0.0 4.44055e-06 0.0224096 0.000176817 0.154771 0.110096 0.0
0.95907 0.0 0.0 0.844482 0.853093 0.0 0.0 0.0 0.0 0.978033 0.764912 0.926989 0.00437719 0.0 0.00156379 0.943564 0.0163638 0.916729 0.0 0.0 0.114746 0.0 0.881248 0.0 3.81768e-05 0.0 0.0 0.0 0.0 0.0 0.0 0.0 4.02331e-06 0.0 1.7494e-05 0.0 0.883204 0.0 0.0 0.0 0.0 0.0 0.0 0.0 0.960753 0.0 0.0 0.0 0.0 0.0 0.0 0.0 0.877046 0.0 0.00174096 0.00669801 0.794386 0.0 4.91738e-06 0.0157379 0.000326544 0.0534153 0.0545736 0.0
0.0 0.0 0.0 0.0 0.0 0.0 0.0 0.0 0.0 0.0 0.0 0.0 0.0 7.55787e-05 0.0 0.0 0.0 0.0 0.0 0.0 0.0 0.0 0.0 0.0 0.0 0.0 0.0 0.999995 0.0 0.0 0.0 0.0 0.0 0.0 0.0 0.0 0.0 0.0 0.0 0.0 0.0 0.0 0.0 0.0 0.0 0.0 0.0 0.0 0.0 0.0 0.0 0.0 0.0 0.0 0.0 0.0 0.0 0.0 0.0 0.0 0.0 0.0 0.0 0.0
0.0 0.0 0.0 0.0 0.0 0.0 0.0 0.0 0.0 0.0 0.0 0.0 0.0 0.0 0.0 0.0 0.0 0.0 0.0 0.0 0.0 0.0 0.0 0.0 0.0 0.0 0.0 0.0 0.0 0.0 0.0 0.0 0.0 0.0 0.0 0.0 0.0 0.0 0.0 0.0 0.0 0.0 0.0 0.0 0.0 0.0 0.0 0.0 0.0 0.0 0.0 0.0 0.0 0.0 0.0 0.0 0.0 0.0 0.0 0.0 0.0 0.0 0.0 0.0
0.974463 0.0 0.0 0.947013 0.909436 0.0 0.0 0.0 0.0 0.987699 0.888021 0.947884 0.0148891 0.0 0.00647396 0.982333 0.0271547 0.95655 0.0 0.0 0.245135 0.0 0.947064 0.0 0.000153571 0.0 0.0 0.0 0.0 0.0 0.0 0.0 1.35899e-05 0.0 4.4167e-05 0.0 0.963921 0.0 0.0 0.0 0.0 0.0 0.0 0.0 0.911023 0.0 0.0 0.0 0.0 0.0 0.0 0.0 0.83211 0.0 0.0112357 0.0121388 0.915607 0.0 1.07586e-05 0.00786838 0.000502974 0.0442205 0.0802912 0.0
0.0 0.0 0.0 0.0 0.0 0.0 0.0 0.0 0.0 0.0 0.0 0.0 0.0 0.0 0.0 0.0 0.0 0.0 0.0 0.0 0.0 0.0 0.0 0.0 0.0 0.0 0.0 0.0 0.0 0.0 0.0 1.0 0.0 0.0 0.0 0.0 0.0 0.0 0.0 0.0 0.0 1.57952e-05 0.0 0.0 0.0 0.0 0.0 0.0 0.0 0.0 0.0 0.0 0.0 0.0 0.0 0.0 0.0 0.0 0.0 0.0 0.0 0.0 0.0 0.0
0.0 0.0 0.0 0.0 0.0 0.0 0.0 0.0 0.0 0.0 0.0 0.0 0.0 0.0 0.0 0.0 0.0 0.0 5.96046e-08 0.0 0.0 0.0 0.0 0.0 0.0 0.0 0.0 0.0 0.0 0.0 0.0 0.997087 0.0 0.0 0.0 0.0 0.0 0.0 0.0 0.0 0.0 0.999843 0.0 0.0 0.0 0.0 0.0 2.98023e-08 0.0 0.0 0.0 0.0 0.0 0.0 0.0 0.0 0.0 0.0 0.0 0.0 0.0 0.0 0.0 0.0
0.000930846 0.0 0.0 0.00116816 2.57492e-05 0.0 0.0 4.66108e-05 0.0 0.00252205 0.0188948 0.00240058 0.000113457 0.0 0.420549 0.0165548 5.33462e-06 0.00141075 0.0 0.0 0.841243 0.0 0.00108424 0.0 3.27826e-07 0.0 0.0 0.0 0.0 0.0 0.0 0.0 0.0 0.0 0.000871539 0.0 0.000500441 0.0 0.0 0.0 0.0 0.0 0.0 0.0 2.60472e-05 0.0 0.0 0.0 0.0 0.0 0.0 0.0 6.58631e-05 0.0 0.0704909 0.224828 4.23789e-05 0.0 0.0449524 0.0 0.0012866 8.9407e-08 0.0671307 0.0
0.979358 0.0 0.0 0.959278 0.920815 0.0 0.0 0.0 0.0 0.98099 0.721629 0.981165 0.00180298 0.0 0.00263914 0.972041 0.0117234 0.957541 0.0 0.0 0.211396 0.0 0.955072 0.0 1.96397e-05 0.0 0.0 0.0 0.0 0.0 0.0 0.0 2.5332e-06 0.0 5.06639e-06 0.0 0.960981 0.0 0.0 0.0 0.0 0.0 0.0 0.0 0.952335 0.0 0.0 0.0 0.0 0.0 0.0 0.0 0.968447 0.0 0.00837359 0.00574189 0.94223 0.0 3.45707e-06 0.153366 7.39396e-05 0.537937 0.124398 0.0
0.0 0.0 0.0 0.0 0.0 0.0 0.0 0.0 0.0 0.0 8.9407e-08 0.0 0.000516236 0.0 0.0 0.0 0.0118836 0.0 0.0 0.0 0.0 0.0 0.0 0.0 0.991836 0.0 0.0 0.0 0.0 0.0 0.0 2.68221e-07 0.112675 0.0 0.0 0.0 0.0 0.0 0.0 0.0 0.0 0.0 0.0 0.0 0.0 0.0 0.0 0.0 0.0 0.0 0.0 0.0 0.0 0.0 0.0 0.0 0.0 0.0 0.0 0.0 0.0 0.0 0.0 0.0
0.0136041 0.0 0.0 0.00950933 0.000514507 0.0 0.0 1.78814e-07 0.0 0.0396166 0.0819892 0.0327172 0.00130308 0.0 0.990632 0.169071 6.19292e-05 0.0160543 0.0 0.0 0.333604 0.0 0.015939 0.0 8.10623e-06 0.0 0.0 0.0 0.0 0.0 0.0 0.0 5.96046e-08 0.0 0.0090276 0.0 0.00375244 0.0 0.0 0.0 0.0 0.0 0.0 0.0 0.000537038 0.0 0.0 0.0 0.0 0.0 0.0 0.0 0.000912577 0.0 0.0731223 0.00630718 0.000648886 0.0 4.98891e-05 1.19209e-07 0.301594 1.19209e-06 0.944572 0.0
2.53618e-05 0.0 0.0 8.67248e-06 1.2815e-06 0.0 0.0 0.0 0.0 8.13305e-05 0.00381884 2.31862e-05 0.00015831 0.0 0.0439551 0.000320286 2.14577e-05 2.73883e-05 0.0 0.0 0.000401825 0.0 2.33352e-05 0.0 1.43051e-06 0.0 0.0 0.0 0.0 0.0 0.0 0.0 0.0 0.0 0.00138548 0.0 4.73857e-06 0.0 0.0 0.0 0.0 0.0 0.0 0.0 1.57952e-06 0.0 0.0 0.0 0.0 0.0 0.0 0.0 1.2815e-06 0.0 8.34465e-06 1.01328e-06 7.15256e-07 0.0 0.0 0.0 0.987994 0.0 0.122497 0.0
0.9629 0.0 0.0 0.942926 0.882758 0.0 0.0 0.0 0.0 0.975323 0.837009 0.956427 0.00521094 0.0 0.00116864 0.958867 0.0203653 0.918651 0.0 0.0 0.122838 0.0 0.914661 0.0 3.81172e-05 0.0 0.0 0.0 0.0 0.0 0.0 0.0 6.55651e-06 0.0 1.26064e-05 0.0 0.97168 0.0 0.0 0.0 0.0 0.0 0.0 0.0 0.894323 0.0 0.0 0.0 0.0 0.0 0.0 0.0 0.906897 0.0 0.00351718 0.0136231 0.914372 0.0 3.57628e-06 0.0296785 8.55029e-05 0.129212 0.0321692 0.0
0.00691774 0.0 0.0 0.00367656 0.000166267 0.0 0.0 0.0 0.0 0.0150967 0.0235274 0.0143777 7.89165e-05 0.0 0.501451 0.0612236 1.84178e-05 0.00856018 0.0 0.0 0.0162488 0.0 0.00758341 0.0 6.25849e-07 0.0 0.0 0.0 0.0 0.0 0.0 0.0 0.0 0.0 8.40425e-06 0.0 0.00168529 0.0 0.0 0.0 0.0 0.0 0.0 0.0 0.000270128 0.0 0.0 0.0 0.0 0.0 0.0 0.0 0.000482976 0.0 0.000457793 5.42998e-05 0.000385106 0.0 5.36442e-07 5.96046e-08 0.089794 7.15256e-07 0.998091 0.0
0.0 0.0 0.0 0.0 0.0 0.0 0.0 0.0 0.0 0.0 0.0 0.0 0.0 0.0 0.0 0.0 0.0 0.0 0.0 0.0 0.0 0.0 0.0 0.0 0.0 0.0 0.0 0.0 0.0 0.0 0.0 2.563e-06 0.0 0.0 0.0 0.0 0.0 0.0 0.0 0.0 0.0 0.0 0.0 0.0 0.0 0.0 0.0 0.0 0.0 0.0 0.0 0.0 0.0 0.0 0.0 0.0 0.0 0.0 0.0 0.0 0.0 0.0 0.0 0.0
0.0 2.08616e-07 0.0 0.0 0.0 0.0 0.0 0.0 0.0 0.0 0.0 0.0 0.0 5.06639e-07 0.0 0.0 0.0 0.0 0.0 0.0 0.0 0.0 0.0 0.0 0.0 0.0 0.0 0.0 0.0 4.14252e-06 0.0 0.0 0.0 2.92063e-06 0.0 0.0 0.0 0.0 0.0 0.0 0.0 0.0 0.0 0.0 0.0 0.0 0.0 0.0 0.0 0.0 0.0 0.0 0.0 0.0 0.0 0.0 0.0 0.0 0.0 0.0 0.0 0.0 0.0 0.0
0.0 0.0 0.0 0.0 0.0 1.0 0.0 0.0 0.0 0.0 0.0 0.0 0.0 0.0 0.0 0.0 0.0 0.0 0.0 0.0 0.0 0.0 0.0 0.0 0.0 0.0 0.0 0.0 0.0 0.0 0.0 0.0 0.0 0.0 0.0 0.0 0.0 0.0 0.0 0.0 0.0 0.0 0.0 0.000170946 0.0 0.0 0.0 0.0 0.0 0.0 0.0 0.0 0.0 0.0 0.0 0.0 0.0 0.0 0.0 0.0 0.0 0.0 0.0 0.0
0.000677109 0.0 0.0 0.000376195 2.44081e-05 0.0 0.0 0.0 0.0 0.00173944 0.0905754 0.000931323 0.985187 0.0 0.000216395 0.0082235 0.936954 0.000419199 0.0 0.0 0.000727147 0.0 0.000264436 0.0 0.0587078 0.0 0.0 0.0 0.0 0.0 0.0 0.0 0.000329435 0.0 0.0025413 0.0 0.000242859 0.0 0.0 0.0 0.0 0.0 0.0 0.0 2.88486e-05 0.0 0.0 0.0 0.0 0.0 0.0 0.0 2.88188e-05 0.0 0.000107735 0.000362039 3.05474e-05 0.0 1.49012e-07 0.0 0.000130415 0.0 0.000191242 0.0
0.0 0.0 0.0 0.0 0.0 0.0 0.0 1.49012e-07 0.0 0.0 0.0 0.0 0.0 0.0 0.0 0.0 0.0 0.0 4.20213e-06 0.0 0.0 0.0 0.0 0.0 0.0 0.999999 0.00128847 0.0 0.0 0.0 0.0 0.0 0.0 0.0 0.0 0.0 0.0 0.0 0.0 0.0 0.0 0.0 0.0 0.0 0.0 0.0 0.0 0.0 0.0 0.0 0.0 0.0 0.0 0.0 0.0 0.0 0.0 0.0 0.0 0.0 0.0 0.0 0.0 0.0
0.921699 0.0 0.0 0.86888 0.431869 0.0 0.0 0.0 0.0 0.960449 0.933949 0.898598 0.0823486 0.0 0.0743351 0.978662 0.0291996 0.820813 0.0 0.0 0.441042 0.0 0.827505 0.0 0.000417918 0.0 0.0 0.0 0.0 0.0 0.0 0.0 5.45382e-06 0.0 0.00156912 0.0 0.824919 0.0 0.0 0.0 0.0 0.0 0.0 0.0 0.450625 0.0 0.0 0.0 0.0 0.0 0.0 0.0 0.395169 0.0 0.0719714 0.0912337 0.419643 0.0 0.000140399 0.000195235 0.00136924 0.00167459 0.239494 0.0
0.0 0.0 1.0 0.0 0.0 0.0 0.0 0.0 0.0 0.0 0.0 0.0 0.0 0.0 0.0 0.0 0.0 0.0 0.0 0.0 0.0 0.0 0.0 0.0 0.0 0.0 0.0 0.0 0.0 0.0 0.0 0.0 0.0 0.0 0.0 0.0 0.0 0.0 0.0 0.0 0.0 0.0 0.0 0.0 0.0 0.0 0.0 0.0 0.0 0.0 0.0 0.0 0.0 0.0 0.0 0.0 0.0 0.0 0.0 0.0 0.0 0.0 0.0 0.0
0.0 0.0 0.0 0.0 0.0 0.0 0.0 0.0 0.0 0.0 0.0 0.0 1.15931e-05 0.0 0.0 0.0 0.000468343 0.0 0.0 0.0 0.0 0.0 0.0 0.0 0.0223448 0.0 0.0 0.0 0.0 0.0 0.0 2.98023e-08 0.997418 0.0 0.0 0.0 0.0 0.0 0.0 0.0 0.0 0.0 0.0 0.0 0.0 0.0 0.0 0.0 0.0 0.0 0.0 0.0 0.0 0.0 0.0 0.0 0.0 0.0 0.0 0.0 0.0 0.0 0.0 0.0
0.00134569 0.0 0.0 0.000645608 7.53701e-05 0.0 0.0 0.0 0.0 0.00256202 0.122389 0.0023756 0.98827 0.0 1.80602e-05 0.00728238 0.998682 0.000787705 0.0 0.0 0.000368893 0.0 0.000300407 0.0 0.713084 0.0 0.0 0.0 0.0 0.0 0.0 0.0 0.0401619 0.0 0.000964433 0.0 0.000816852 0.0 0.0 0.0 0.0 0.0 0.0 0.0 0.000123948 0.0 0.0 0.0 0.0 0.0 0.0 0.0 0.000283659 0.0 2.38419e-05 0.000214905 0.000148475 0.0 0.0 1.19209e-07 6.80387e-05 6.25849e-07 7.56085e-05 0.0
0.928731 0.0 0.0 0.925154 0.615678 0.0 0.0 0.0 0.0 0.938775 0.862955 0.959057 0.0138464 0.0 0.0256274 0.963662 0.00931454 0.90309 0.0 0.0 0.439987 0.0 0.944526 0.0 8.86619e-05 0.0 0.0 0.0 0.0 0.0 0.0 0.0 4.58956e-06 0.0 0.000158489 0.0 0.909921 0.0 0.0 0.0 0.0 0.0 0.0 0.0 0.652105 0.0 0.0 0.0 0.0 0.0 0.0 0.0 0.654467 0.0 0.0923313 0.0206516 0.679692 0.0 3.41237e-05 0.00194788 0.000893891 0.0139802 0.225545 0.0
0.0 0.0 0.0 0.0 0.0 0.0 0.0 0.0 0.0 0.0 0.0 0.0 0.0 0.0 0.0 0.0 0.0 0.0 0.0 0.0 0.0 0.0 0.0 0.00372109 0.0 0.0 0.0 0.0 0.0 0.0 4.17233e-07 0.0 0.0 0.0 0.0 1.49012e-07 0.0 0.0 0.0 0.0 0.0 0.0 0.0 0.0 0.0 0.0 0.0 0.0 0.0 0.999999 0.283504 0.0 0.0 0.0 0.0 0.0 0.0 0.00142941 0.0 0.0 0.0 0.0 0.0 0.0
0.0 0.0 0.0 0.0 0.0 0.0 0.0 0.0 0.0 0.0 0.0 0.0 0.0 0.0 0.0 0.0 0.0 0.0 0.0 0.0 0.0 0.0 0.0 0.0 0.0 0.0 0.0 0.0 0.0 1.0 0.0 0.0 0.0 0.0 0.0 0.0 0.0 0.0 0.0 0.0 0.0 0.0 0.0 0.0 0.0 0.0 0.0 0.0 0.0 0.0 0.0 0.0 0.0 1.19209e-06 0.0 0.0 0.0 0.0 0.0 0.0 0.0 0.0 0.0 0.0
0.0 0.0 0.0 0.0 0.0 0.0 0.0 5.66244e-07 0.0 0.0 0.0 0.0 0.0 0.0 0.0 0.0 0.0 0.0 0.0 0.0 0.0 0.0 0.0 0.0 0.0 0.0 0.0 0.0 0.0 0.0 0.0 0.0 0.0 0.0 0.0 0.0 0.0 0.0 0.0 0.0 0.0 0.0 0.0 0.0 0.0 0.0 0.0 0.0 0.0 0.0 0.0 0.0 0.0 0.0 4.47035e-07 7.99894e-05 0.0 0.0 0.997269 0.0 0.0 0.0 0.0 0.0
0.0 0.0 0.0 0.0 0.0 0.0 0.0 0.0 0.0 0.0 0.0 0.0 0.0 0.0 0.0 0.0 0.0 0.0 0.0 0.0 0.0 0.0 0.0 0.0 0.0 0.0 0.0 0.0 0.0 0.0 0.0 1.49012e-06 0.0 0.0 0.0 0.0 0.0 0.0 0.0 0.0 0.0 0.0 0.0 0.0 0.0 0.0 0.0 1.0 0.0 0.0 0.0 0.0 0.0 0.0 0.0 0.0 0.0 0.0 0.0 0.0 0.0 0.0 0.0 0.0
0.0 0.00551501 0.0 0.0 0.0 0.0 0.0 0.0 0.0 0.0 0.0 0.0 0.0 0.0 0.0 0.0 0.0 0.0 0.0 0.0 0.0 0.0 0.0 0.0 0.0 0.0 0.0 0.0 0.0 0.0 1.31726e-05 0.0 0.0 0.0 0.0 0.0 0.0 0.0 0.0 0.0 0.0 0.0 0.0 0.0 0.0 0.0 0.0 0.0 0.0 5.8949e-05 2.38419e-07 0.0 0.0 5.54323e-06 0.0 0.0 0.0 0.999984 0.0 0.0 0.0 0.0 0.0 0.0
0.951257 0.0 0.0 0.947304 0.760091 0.0 0.0 0.0 0.0 0.969353 0.803029 0.959877 0.0106192 0.0 0.00967836 0.971234 0.0128179 0.915927 0.0 0.0 0.271645 0.0 0.928178 0.0 6.1363e-05 0.0 0.0 0.0 0.0 0.0 0.0 0.0 3.63588e-06 0.0 3.59118e-05 0.0 0.947781 0.0 0.0 0.0 0.0 0.0 0.0 0.0 0.712888 0.0 0.0 0.0 0.0 0.0 0.0 0.0 0.847009 0.0 0.0196411 0.0263608 0.817089 0.0 8.22544e-06 0.00531191 0.000133336 0.0395009 0.0895088 0.0
0.0 0.0 0.0 0.0 0.0 0.0 0.0 0.0 0.0 0.0 0.0 0.0 0.0 0.0 0.0 0.0 0.0 0.0 0.0 0.0 0.0 0.0 0.0 0.0 0.0 0.0 0.0 0.0 0.0 0.0 0.0 0.0 0.0 0.0 0.0 0.0 0.0 0.0 0.0 0.0 0.0 0.0 0.999983 0.0 0.0 0.0 0.0 0.0 0.0 0.0 0.0 0.0 0.0 0.0 0.0 0.0 0.0 1.19209e-07 0.0 0.0 0.0 0.0 0.0 0.0
0.967349 0.0 0.0 0.935011 0.784248 0.0 0.0 0.0 0.0 0.968071 0.890681 0.963508 0.00830337 0.0 0.00725448 0.974189 0.0154881 0.938589 0.0 0.0 0.290527 0.0 0.962471 0.0 7.99596e-05 0.0 0.0 0.0 0.0 0.0 0.0 0.0 5.96046e-06 0.0 4.89354e-05 0.0 0.928129 0.0 0.0 0.0 0.0 0.0 0.0 0.0 0.873893 0.0 0.0 0.0 0.0 0.0 0.0 0.0 0.825054 0.0 0.0286951 0.00806004 0.794212 0.0 1.75536e-05 0.00679651 0.000972301 0.0387871 0.249172 0.0
0.0 0.0 0.0 0.0 0.0 0.0 0.999695 0.0 0.0 0.0 0.0 0.0 0.0 0.0 0.0 0.0 0.0 0.0 0.0672443 0.0 0.0 0.0 0.0 0.0 0.0 0.0 0.0 0.0 0.0 0.0 0.0 0.0 0.0 0.0 0.0 0.0 0.0 0.0 0.0 0.0 0.0 0.0 0.0 0.0 0.0 0.0 0.0 0.0 0.0 0.0 0.000138581 0.0 0.0 0.0 0.0 0.0 0.0 0.0 0.0 0.0 0.0 0.0 0.0 0.0
0.948991 0.0 0.0 0.901968 0.759004 0.0 0.0 0.0 0.0 0.981322 0.937691 0.938326 0.0131047 0.0 0.0297113 0.979216 0.0215379 0.969401 0.0 0.0 0.627269 0.0 0.912642 0.0 0.000123411 0.0 0.0 0.0 0.0 0.0 0.0 0.0 5.72205e-06 0.0 5.42998e-05 0.0 0.888722 0.0 0.0 0.0 0.0 0.0 0.0 0.0 0.878386 0.0 0.0 0.0 0.0 0.0 0.0 0.0 0.781852 0.0 0.0113139 0.00941968 0.772384 0.0 2.09808e-05 0.00287926 0.00253043 0.014033 0.307816 0.0
0.418348 0.0 0.0 0.30773 0.0502763 0.0 0.0 0.0 0.0 0.705997 0.979487 0.514564 0.225872 0.0 0.0402086 0.87018 0.0597555 0.407718 0.0 0.0 0.455175 0.0 0.245949 0.0 0.000721544 0.0 0.0 0.0 0.0 0.0 0.0 0.0 4.85778e-06 0.0 0.00894651 0.0 0.291593 0.0 0.0 0.0 0.0 0.0 0.0 0.0 0.0682411 0.0 0.0 0.0 0.0 0.0 0.0 0.0 0.0692273 0.0 0.00571409 0.0456219 0.0543201 0.0 3.36766e-05 1.14441e-05 0.0110002 7.91848e-05 0.0913908 0.0
0.0 0.0 0.0 0.0 0.0 0.0 0.0 0.0 0.0 0.0 0.0 0.0 0.0 0.0 0.0 0.0 0.0 0.0 0.0 0.0 0.0 0.0 0.0 0.738507 0.0 0.0 0.0 0.0 0.0 0.0 0.81008 0.0 0.0 0.0 0.0 0.0 0.0 0.0 0.0 0.0 0.0 0.0 0.0 0.0 0.0 0.0 0.00284186 0.0 0.0 0.999763 1.0 0.0 0.0 0.0 0.0 0.0 0.0 0.00244808 0.0 0.0 0.0 0.0 0.0 0.0
0.0 0.0 0.0 0.0 0.0 0.0 0.0 0.0 0.999998 0.0 0.0 0.0 0.0 0.0 0.0 0.0 0.0 0.0 0.0 0.0 0.0 0.0 0.0 0.0 0.0 0.0 0.0 0.0 0.0 0.0 0.0 0.0 0.0 0.0 0.0 0.0 0.0 0.0 0.0 0.0 0.0 0.0 0.0 0.0 0.0 0.0 0.0 0.0 0.0 0.0 0.0 0.0 0.0 0.0 0.0 0.0 0.0 0.0 0.0 0.0 0.0 0.0 0.0 0.0
0.0 0.0 0.0 0.0 0.0 0.0 0.0 0.0 0.0 0.0 0.0 0.0 0.0 0.0 0.0 0.0 0.0 0.0 0.0 0.0 0.0 0.0 0.0 2.98023e-08 0.0 0.0 0.0 0.0 0.0 0.0 0.0 0.0 0.0 0.0 0.0 1.0 0.0 0.0 0.0 0.0 0.0 0.0 0.0 0.0 0.0 0.0 0.0 0.0 0.0 3.57628e-07 0.0 0.0 0.0 0.0 0.0 0.0 0.0 0.0 0.0 0.0 0.0 0.0 0.0 0.0
0.0277413 0.0 0.0 0.0158555 0.00104758 0.0 0.0 0.0 0.0 0.061209 0.652441 0.0498426 0.147296 0.0 0.00791773 0.163593 0.00990644 0.0104001 0.0 0.0 0.0204939 0.0 0.019401 0.0 0.000812113 0.0 0.0 0.0 0.0 0.0 0.0 0.0 1.91331e-05 0.0 0.102618 0.0 0.0136266 0.0 0.0 0.0 0.0 0.0 0.0 0.0 0.00133637 0.0 0.0 0.0 0.0 0.0 0.0 0.0 0.0016706 0.0 0.0369186 0.00596339 0.00101531 0.0 1.38879e-05 2.38419e-07 0.00583991 1.16229e-06 0.00369215 0.0
0.0 0.0 0.0 0.0 0.0 0.0 0.0 0.0 0.0 0.0 0.0 0.0 0.0 0.0 0.0 0.0 0.0 0.0 0.0 0.0 0.0 0.0 0.0 0.0 0.0 0.0 0.0 0.0 0.0 0.0 0.0 0.0 0.0 0.0 0.0 0.0 0.0 0.0 0.0 0.0 0.0 0.0 0.0 0.0 0.0 0.0 0.0 0.0 0.0 0.0 0.0 0.0 0.0 0.0 0.0 0.0 0.0 0.0 0.0 0.0 0.0 0.0 0.0 1.0
0.0 0.999995 0.0 0.0 0.0 0.0 0.0 0.0 0.0 0.0 0.0 0.0 0.0 0.00240242 0.0 0.0 0.0 0.0 0.0 0.0 0.0 0.0 0.0 0.0 0.0 0.0 0.0 0.0 0.0 0.0 0.0 0.0 0.0 0.0 0.0 0.0 0.0 0.0 0.0 0.0 0.0 0.0 0.0 0.0 0.0 0.0 0.0 0.0 0.0 0.0 0.0 0.0 0.0 0.0 0.0 0.0 0.0 0.0 0.0 0.0 0.0 0.0 0.0 0.0
0.000573158 0.0 0.0 0.000343025 4.18723e-05 0.0 0.0 0.0 0.0 0.00157154 0.0111335 0.000343829 0.085065 0.0 1.09076e-05 0.00214022 0.0603242 0.000183493 0.0 0.0 1.65105e-05 0.0 0.00019744 0.0 0.00342181 0.0 0.0 0.0 0.0 0.0 0.0 0.0 0.00229874 0.0 0.00466573 0.0 0.000237644 0.0 0.0 0.0 0.0 0.0 0.0 0.0 3.71337e-05 0.0 0.0 0.0 0.0 0.0 0.0 0.0 2.78354e-05 0.0 0.00012812 2.74479e-05 2.36332e-05 0.0 0.0 0.0 2.262e-05 2.98023e-08 6.70552e-06 0.0
0.0 0.0 0.0 0.0 0.0 0.0 0.0 0.0 0.0 0.0 0.0 0.0 0.0 0.0 0.0 0.0 0.0 0.0 0.0 1.0 0.0 0.0 0.0 0.0 0.0 0.0 0.0 0.0 0.0 0.0 0.0 0.0 0.0 0.0 0.0 0.0 0.0 0.0 0.0 0.0 0.0 0.0 0.0 0.0 0.0 0.0 0.0 0.0 0.0 0.0 0.0 0.0 0.0 0.0 0.0 0.0 0.0 0.0 0.0 0.0 0.0 0.0 0.0 0.0
0.0 0.0 0.0 0.0 0.0 0.0 0.0 0.0 0.0 0.0 0.0 0.0 0.0 0.0 0.0 0.0 0.0 0.0 0.0 0.0 0.0 0.0 0.0 0.0 0.0 0.0 0.0 0.0 0.0 0.0 0.0 0.0 0.0 0.0 0.0 0.0 0.0 0.0 1.0 0.0 0.0 0.0 0.0 0.0 0.0 0.0 0.0 0.0 0.0 0.0 0.0 0.0 0.0 0.0 0.0 0.0 0.0 0.0 0.0 0.0 0.0 0.0 0.0 0.0
0.0 0.0 0.0 0.0 0.0 0.0 0.0 0.0 0.0 0.0 0.0 0.0 0.0 0.0 0.0 0.0 0.0 0.0 0.0 0.0 0.0 0.0 0.0 0.0 0.0 0.0 0.0 0.0 0.0 0.0 0.0 0.0 0.0 0.0 0.0 0.0 0.0 0.0 0.0 1.0 0.0 0.0 0.0 0.0 0.0 0.0 0.0 0.0 0.0 0.0 0.0 0.0 0.0 0.0 0.0 0.0 0.0 0.0 0.0 0.0 0.0 0.0 0.0 0.0
0.0 0.0 0.0 0.0 0.0 0.0 0.0 0.0 0.0 0.0 0.0 0.0 0.0 0.0 0.0 0.0 0.0 0.0 0.0 0.0 0.0 0.0 0.0 0.0 0.0 0.0 0.0 0.0 0.0 0.0 1.0 0.0 0.0 0.0 0.0 0.0 0.0 0.0 0.0 0.0 0.0 0.0 0.0 0.0 0.0 0.0 0.0 0.0 0.0 0.0 0.0 0.0 0.0 0.0 0.0 0.0 0.0 0.0 0.0 0.0 0.0 0.0 0.0 0.0
0.0 0.0 0.0 0.0 0.0 0.0 0.0 0.983524 0.0 0.0 0.0 0.0 0.0 0.0 0.0 0.0 0.0 0.0 0.0 0.0 0.0 0.0 0.0 0.0 0.0 6.65784e-05 4.17233e-07 0.0 0.0 0.0 0.0 0.0 0.0 0.0 0.0 0.0 0.0 0.0 0.0 0.0 0.0 0.0 0.0 0.0 0.0 0.0 0.0 0.0 0.0 0.0 0.0 0.0 0.0 0.0 0.0 0.0 0.0 0.0 5.66244e-07 0.0 0.0 0.0 0.0 0.0
0.0 0.0 0.0 0.0 0.0 8.36849e-05 0.0 0.0 0.0 0.0 0.0 0.0 0.0 0.0 0.0 0.0 0.0 0.0 0.0 0.0 0.0 0.0 0.0 0.0 0.0 0.0 0.0 0.0 0.0 0.0 0.0 0.0 0.0 0.0 0.0 0.0 0.0 0.0 0.0 5.14984e-05 0.0 0.0 0.0 0.999951 0.0 0.0 0.0 0.0 1.19209e-07 0.0 0.0 0.0 0.0 0.0 0.0 0.0 0.0 0.0 0.0 0.0 0.0 0.0 0.0 0.0
0.0 0.0 0.0 0.0 0.0 1.49012e-07 0.0 0.0 0.0 0.0 0.0 0.0 0.0 0.0 0.0 0.0 0.0 0.0 0.0 0.0 0.0 0.0 0.0 0.0 0.0 0.0 0.0 0.0 0.0 0.0 0.0 0.0 0.0 0.0 0.0 0.0 0.0 0.0 0.0 0.0 0.0 0.0 0.0 0.0 0.0 0.0 0.0 0.0 0.999863 0.0 0.0 0.0 0.0 0.0 0.0 0.0 0.0 0.0 0.0 0.0 0.0 0.0 0.0 0.0
0.0 0.0 0.0 0.0 0.0 0.0 0.0 0.00189131 0.0 0.0 0.0 0.0 0.0 0.0 0.0 0.0 0.0 0.0 0.0 0.0 0.0 0.0 0.0 0.0 0.0 2.98023e-07 0.00307205 0.0 0.0 0.0 0.0 0.0 0.0 0.0 0.0 0.0 0.0 0.0 0.0 0.0 0.0 0.0 0.0 0.0 0.0 0.0 0.0 0.0 0.0 0.0 0.0 0.0 0.0 0.0 8.9407e-08 0.0 0.0 0.0 0.00608394 0.0 0.0 0.0 0.0 0.0
0.000204831 0.0 0.0 0.000358701 1.17421e-05 0.0 0.0 2.08616e-07 0.0 0.000544846 0.0107318 0.000752956 0.000380874 0.0 0.00111026 0.0036608 7.80821e-06 0.000120848 0.0 0.0 0.00389734 0.0 0.00012514 0.0 4.47035e-07 0.0 0.0 0.0 0.0 0.0 0.0 0.0 0.0 0.0 0.0336873 0.0 0.000255018 0.0 0.0 0.0 0.0 0.0 0.0 0.0 1.19507e-05 0.0 0.0 0.0 0.0 0.0 0.0 0.0 3.19183e-05 0.0 0.075252 0.980599 1.3411e-05 0.0 0.0422189 0.0 2.95043e-06 0.0 6.28531e-05 0.0
0.0 0.0 0.0 0.0 0.0 0.0 0.0 6.85453e-07 0.0 0.0 0.0 0.0 0.0 0.0 0.0 0.0 0.0 0.0 8.9407e-08 0.0 0.0 0.0 0.0 0.0 0.0 0.0954567 1.0 0.0 0.0 0.0 0.0 0.0 0.0 0.0 5.96046e-08 0.0 0.0 0.0 0.0 0.0 0.0 0.0 0.0 0.0 0.0 0.0 0.0 0.0 0.0 0.0 0.0 0.0 0.0 0.0 0.0 0.0 0.0 0.0 1.49012e-07 0.0 0.0 0.0 0.0 0.0
0.000135988 0.0 0.0 0.000167191 3.33786e-06 0.0 0.0 0.0 0.0 0.000309944 0.000664681 0.000325769 2.19345e-05 0.0 0.00529343 0.00178349 3.57628e-07 0.00011912 0.0 0.0 0.00124052 0.0 0.000262469 0.0 1.19209e-07 0.0 0.0 0.0 0.0 0.0 0.0 0.0 0.0 0.0 0.00852475 0.0 4.93824e-05 0.0 0.0 0.0 0.0 0.0 0.0 0.0 2.14577e-06 0.0 0.0 0.0 0.0 0.0 0.0 0.0 5.39422e-06 0.0 0.783998 0.00149301 3.93391e-06 0.0 0.000192791 0.0 0.000147521 0.0 0.00525659 0.0
0.836369 0.0 0.0 0.761226 0.913768 0.0 0.0 0.0 0.0 0.836602 0.0134082 0.760875 8.58307e-06 0.0 5.0962e-06 0.29735 0.000174433 0.624267 0.0 0.0 0.00180739 0.0 0.713491 0.0 1.78814e-07 0.0 0.0 0.0 0.0 0.0 0.0 0.0 2.08616e-07 0.0 0.0 0.0 0.87465 0.0 0.0 0.0 0.0 0.0 0.0 0.0 0.906212 0.0 0.0 0.0 0.0 0.0 0.0 0.0 0.885225 0.0 6.65188e-05 6.35087e-05 0.878572 0.0 0.0 0.744709 7.15256e-07 0.91389 0.000813305 0.0
0.0 0.0 0.0 0.0 0.0 0.0 0.0 0.0 0.0 0.0 0.0 0.0 0.0 0.0 0.0 0.0 0.0 0.0 0.000972033 0.0 0.0 0.0 0.0 0.0 0.0 0.0 1.09375e-05 0.0 0.0 0.0 0.0 0.0 0.0 0.0 0.0 0.0 0.0 0.0 0.0 0.0 0.0 0.0 0.0 0.0 0.0 0.0 0.0 0.0 0.0 0.0 0.0 0.0 0.0 0.0 0.0 0.0 0.0 0.0 0.0 0.0 0.0 0.0 0.0 0.0
0.958067 0.0 0.0 0.965379 0.856579 0.0 0.0 0.0 0.0 0.961646 0.51901 0.964481 0.000512302 0.0 0.000634134 0.933413 0.00370613 0.932705 0.0 0.0 0.0609769 0.0 0.952875 0.0 6.94394e-06 0.0 0.0 0.0 0.0 0.0 0.0 0.0 1.01328e-06 0.0 1.2517e-06 0.0 0.965313 0.0 0.0 0.0 0.0 0.0 0.0 0.0 0.839979 0.0 0.0 0.0 0.0 0.0 0.0 0.0 0.922102 0.0 0.00462854 0.00140825 0.936813 0.0 6.55651e-07 0.115878 2.26796e-05 0.423259 0.0246124 0.0
0.973149 0.0 0.0 0.961165 0.931066 0.0 0.0 0.0 0.0 0.975552 0.483197 0.967547 0.000675738 0.0 0.000484437 0.931374 0.00484815 0.934217 0.0 0.0 0.0833695 0.0 0.959057 0.0 8.82149e-06 0.0 0.0 0.0 0.0 0.0 0.0 0.0 3.03984e-06 0.0 2.11596e-06 0.0 0.96594 0.0 0.0 0.0 0.0 0.0 0.0 0.0 0.95192 0.0 0.0 0.0 0.0 0.0 0.0 0.0 0.952341 0.0 0.00232202 0.00364965 0.927513 0.0 1.01328e-06 0.14974 6.53863e-05 0.426569 0.0234989 0.0
1.57952e-06 0.0 0.0 1.46031e-06 5.96046e-08 0.0 0.0 0.0 0.0 5.33462e-06 0.000386506 2.26498e-06 0.00057739 0.0 0.000696182 3.40343e-05 7.59959e-06 8.04663e-07 0.0 0.0 0.000144303 0.0 1.2517e-06 0.0 2.26498e-06 0.0 2.08616e-07 0.0 0.0 0.0 0.0 0.0 0.0 0.0 0.976568 0.0 8.64267e-07 0.0 0.0 0.0 0.0 0.0 0.0 0.0 2.98023e-08 0.0 0.0 0.0 0.0 0.0 0.0 0.0 1.49012e-07 0.0 0.13561 0.00457919 8.9407e-08 0.0 5.9545e-05 0.0 8.2612e-05 0.0 5.81145e-06 0.0
0.786896 0.0 0.0 0.682694 0.927635 0.0 0.0 0.0 0.0 0.848443 0.00782609 0.737734 4.44055e-06 0.0 3.15905e-06 0.189471 0.000112593 0.623452 0.0 0.0 0.00107542 0.0 0.69257 0.0 8.9407e-08 0.0 0.0 0.0 0.0 0.0 0.0 0.0 5.96046e-08 0.0 0.0 0.0 0.839771 0.0 0.0 0.0 0.0 0.0 0.0 0.0 0.93354 0.0 0.0 0.0 0.0 0.0 0.0 0.0 0.8739 0.0 4.88758e-05 2.11e-05 0.924924 0.0 0.0 0.913816 4.17233e-07 0.940638 0.000438124 0.0
0.0 0.0 0.0 0.0 0.0 0.0 8.64267e-06 0.0 0.0 0.0 0.0 0.0 0.0 0.0 0.0 0.0 0.0 0.0 1.0 0.0 0.0 0.0 0.0 0.0 0.0 0.0 0.0 0.0 0.0 0.0 0.0 0.0 0.0 0.0 0.0 0.0 0.0 0.0 0.0 0.0 0.0 0.0 0.0 0.0 0.0 0.0 0.0 0.0 0.0 0.0 1.62721e-05 0.0 0.0 0.0 0.0 0.0 0.0 0.0 0.0 0.0 0.0 0.0 0.0 0.0
0.0 0.0 0.0 0.0 0.0 0.0 0.0 0.0 0.0 0.0 0.0 0.0 0.0 0.0 0.0 0.0 0.0 0.0 0.0 0.0 0.0 0.999999 0.0 0.0 0.0 0.0 0.0 0.0 0.999916 0.0 0.0 0.0 0.0 0.0 0.0 0.0 0.0 0.0 0.0 0.0 0.0 0.0 0.0 0.0 0.0 0.0 0.0 0.0 0.0 0.0 0.0 0.00870919 0.0 0.0 0.0 0.0 0.0 0.0 0.0 0.0 0.0 0.0 0.0 8.9407e-08
23 53 13 37 45 33 51 46 2 55 14 10 19 42 48 38 28 54 60 20 5 63 30 50 29 26 34 12 27 21 47 43 58 3 22 24 49 25 39 1 56 0 15 32 7 16 8 40 61 4 36 11 9 62 31 35 59 44 17 52 41 18 57 6
