8
0.0 0.0 8.64267e-07 0.0 0.0 0.0 0.0 0.0 0.0 0.0 0.0 1.07288e-06 0.0 0.0 0.977908 0.0 0.0 0.0 0.0 0.0 0.0 0.000131279 0.0 0.0 0.0 0.0 0.0 0.0 0.0 0.0 0.0 0.0 0.0 0.0 0.0 0.0 0.0 0.0 0.0 0.0315956 0.0 0.0 0.0 0.0 0.0 0.0 0.0 0.0 0.0 0.0 0.0 0.0 0.0 0.0 0.0 0.0 0.0 0.0 0.0 0.0 0.0 0.0 0.0 0.0
0.0 5.96046e-08 0.0 0.0 0.0 0.834308 0.845702 0.000323296 0.0 0.0 0.0 0.0 0.0 8.13603e-06 0.0 0.0 0.0 0.0 0.0 0.0 0.000295937 0.0 0.881324 0.0 0.0 0.0 0.0 0.00194976 0.0 0.0 0.0 0.0 0.00448143 0.0 7.7486e-07 0.0 0.0 0.0 0.0 0.0 2.98023e-08 0.000959486 0.0 4.67896e-06 0.0 3.96967e-05 0.0 0.0 0.0 4.17233e-07 1.78814e-07 0.0 1.43051e-06 0.0 0.0 0.0 1.54078e-05 0.0 0.00661954 0.0 0.0 2.64049e-05 0.0 0.0
1.19209e-07 0.0 0.0 0.0 0.0 0.0 0.0 0.0 0.0 0.0 0.0 0.993565 0.0 0.0 1.63913e-06 0.0 3.57628e-07 0.0 0.0 0.0 0.0 0.000675231 0.0 0.0 0.0 0.0 0.0 0.0 0.0 0.0 0.0 0.0 0.0 0.0 0.0 0.0 0.0 0.0 0.0 0.000278205 0.0 0.0 0.0 0.0 0.0 0.0 0.0 0.0 0.0 0.0 0.0 0.0 0.0 0.00010556 0.0 0.0 0.0 0.0 0.0 0.0 0.0 0.0 0.0 0.0
0.0 0.0 0.0 2.6226e-06 0.0 0.0 0.0 1.60038e-05 0.0 4.21107e-05 0.0 0.0 0.0 0.0 0.0 0.0 0.0 0.0 0.0 0.0 0.0 0.0 0.0 0.0 0.0 0.0 4.47035e-07 1.51992e-06 1.95503e-05 2.563e-06 9.68874e-05 0.0140669 0.0 0.0 0.0 9.38773e-06 0.0 0.0 0.0 0.0 0.0 1.87755e-06 7.7486e-07 0.0 0.0 0.0 2.98023e-08 0.0 0.0 0.0 0.00037843 0.0 0.0 0.0 0.815189 0.0 5.63264e-06 0.00130978 0.0 0.0 0.0 0.0 8.9407e-08 0.0
0.0 0.0 0.0 0.0 0.0 0.000496566 0.00980124 0.0669785 0.0 0.0 0.0 0.0 0.0 0.0 0.0 0.0 0.0 0.0 0.0 0.0 1.19209e-07 0.0 0.000132531 0.0 0.0 0.0 0.0 0.004134 0.0 0.0 0.0 0.0 0.00838313 0.0 0.0 0.0 0.0 0.0 0.0 0.0 0.0 0.983196 0.0 0.0 0.0 8.49366e-06 0.0 0.0 0.0 0.0 0.00160554 0.0 0.0 0.0 0.0 0.0 0.0135342 0.0 7.53999e-06 0.0 0.0 0.0 6.91712e-05 0.0
0.0 0.0 0.0 0.0 0.0 0.0 4.3124e-05 2.98023e-08 0.0 0.0 0.0 0.0 0.0 2.38419e-07 0.0 0.0 0.0 0.0 0.0 0.0 0.0 0.0 5.96046e-08 0.0 0.0 0.0 0.0 0.0 0.0 0.0 0.0 0.0 0.0 0.0 0.0 0.0 0.0 0.0 1.49012e-07 0.0 0.000997841 5.96046e-08 0.0 0.0 0.0 0.999186 0.0 0.0 0.0 0.0 0.0 0.0 0.0 0.0 0.0 0.0 0.0 0.0 1.49012e-07 0.0 0.0 5.36442e-07 0.0 0.0
0.0 0.0 0.0 0.0 2.98023e-08 4.04418e-05 0.0158716 3.57628e-07 0.0 0.0 0.0 0.0 0.0 0.060742 0.0 0.0 0.0 0.0 0.0 0.0 0.000542849 0.0 0.865828 0.0 0.0 0.0 0.0 1.19209e-07 0.0 0.0 0.0 0.0 0.0120496 0.0 0.00260413 0.0 0.0 0.0 0.0 0.0 2.38419e-07 9.53674e-07 0.0 1.31428e-05 0.0 5.00381e-05 0.0 0.0 0.0 2.98023e-07 0.0 0.0 0.000183374 0.0 0.0 0.0 0.0 0.0 0.992602 0.0 0.0 0.000282407 0.0 0.0
0.0 0.0 0.0 0.0 0.0 0.0 0.0 0.0 0.0 0.0 0.0 0.0 0.0 0.0 0.0 0.0 0.0 0.0 0.0 0.0 0.0 0.0 0.0 0.0 0.998767 1.19209e-07 0.0 0.0 0.0 0.0 0.0 0.0 0.0 0.0 0.0 0.0 0.0 0.0 0.0 0.0 0.0 0.0 0.0 0.0 0.0 0.0 0.0 0.0 0.0 0.0 0.0 1.87755e-06 0.0 0.0 0.0 0.0 0.0 0.0 0.0 0.0 0.0 0.0 0.0 6.94394e-06
9.53674e-07 0.0 0.0 0.0 0.0 0.0 0.0 0.0 0.0 0.0 0.0 9.97186e-05 0.0 0.0 0.22723 0.0 0.0 0.0 0.0 0.0 0.0 0.0153483 0.0 0.0 0.0 0.0 0.0 0.0 0.0 0.0 0.0 0.0 0.0 0.0 0.0 0.0 0.0 0.0 0.0 0.97932 0.0 0.0 0.0 0.0 0.0 0.0 0.0 0.0 0.0 0.0 0.0 0.0 0.0 0.0 0.0 0.0 0.0 0.0 0.0 0.0 0.0 0.0 0.0 0.0
0.0 0.0 0.0 0.0 0.0 0.0 0.0 0.0 0.0 0.0 0.0 0.0 0.0 0.0 0.0 0.0 0.0 0.0 0.0 0.0 0.0 0.0 0.0 0.0 0.0 0.999637 0.0 0.0 0.0 0.0 0.0 0.0 0.0 0.0 0.0 0.0 0.0 0.0 0.0 0.0 0.0 0.0 0.0 0.0 0.0 0.0 0.0 0.0 0.0 0.0 0.0 8.9407e-08 0.0 0.0 0.0 0.0 0.0 0.0 0.0 0.0 0.0 0.0 0.0 5.57303e-06
0.0 0.0 0.0 0.0 0.0 0.0 0.0 0.0 0.0 0.0 1.19209e-07 0.0 0.0 0.0 0.0 0.0 0.0 0.0 0.0 0.0 0.0 0.0 0.0 0.0 0.0 0.0 0.0 0.0 0.0 0.0 0.0 0.0 0.0 0.0 0.0 0.0 0.999944 0.0 0.0 0.0 0.0 0.0 0.0 0.0 0.0 0.0 0.0 0.0 0.0 0.0 0.0 0.0 0.0 0.0 0.0 0.0 0.0 0.0 0.0 0.0 0.0 0.0 0.0 0.0
0.0 0.0 0.0 0.0 0.0 0.0 0.0 0.0 0.0 0.0 0.0 0.0 0.0 0.0 0.0 0.0 0.0 0.022683 0.0 0.0 0.0 0.0 0.0 0.0 1.78814e-06 0.00821385 0.0 0.0 0.0 0.0 0.0 0.0 0.0 0.0 0.0 0.0 0.0 0.0 0.0 0.0 0.0 0.0 0.0 0.0 0.0 0.0 0.0 0.0 0.0 0.0 0.0 0.000606716 0.0 0.0 0.0 0.74234 0.0 0.0 0.0 0.0 0.0 0.0 0.0 0.999961
0.0 0.0 0.0 0.0 0.0 0.0 0.0 0.0 0.0 1.0 0.0 0.0 0.0 0.0 0.0 0.0 0.0 0.0 0.0 0.0 0.0 0.0 0.0 0.0 0.0 0.0 0.0 0.0 0.0 0.0 0.0 1.19209e-07 0.0 0.0 0.0 1.19209e-07 0.0 0.0 0.0 0.0 0.0 0.0 0.0 0.0 0.0 0.0 0.0 0.0 0.0 0.0 0.0 0.0 0.0 0.0 0.0 5.45382e-06 0.0 0.0 0.0 0.0 0.0 0.0 0.0 0.0
0.0 0.0 0.0 0.0 0.0 0.0 0.0 0.0 0.0 0.0 0.0 0.0 0.0 0.0 0.0 1.49012e-07 0.0 0.0 0.0 0.0 0.0 0.0 0.0 0.0 0.0 0.0 0.0 0.0 0.0 0.0 0.0 0.0 0.0 0.0 0.0 0.0 0.0 0.0 1.0 0.0 0.0 0.0 0.0 0.0 0.0 0.0 0.0 0.0 0.0 0.0 0.0 0.0 0.0 0.0 0.0 0.0 0.0 0.0 0.0 0.0 0.0 0.0 0.0 0.0
0.0 0.0 0.0 0.0 0.0 0.0 0.0 0.0 0.0 0.0 0.0 0.0 0.0 0.0 0.0 0.0 0.0 0.0 0.0 0.0 0.0 0.0 0.0 0.998296 0.0 0.0 0.0 0.0 0.0 0.0 0.0 0.0 0.0 0.0 0.0 0.0 0.0 0.0 1.78814e-07 0.0 0.0 0.0 0.0 0.0 2.68221e-07 0.0 0.0 0.0 0.0 0.0 0.0 0.0 0.0 0.0 0.0 0.0 0.0 0.0 0.0 0.0 0.0 0.0 0.0 0.0
0.0 0.0 0.0 0.0 5.96046e-08 0.000334173 0.0232227 0.00013119 0.0 0.0 0.0 0.0 0.0 7.9453e-05 0.0 0.0 0.0 0.0 0.0 0.0 0.00527295 0.0 0.0428698 0.0 0.0 0.0 0.0 7.1913e-05 0.0 0.0 0.0 0.0 0.990884 0.0 7.56979e-06 0.0 0.0 0.0 0.0 0.0 1.19209e-07 0.00354543 0.0 1.57058e-05 0.0 3.57628e-07 0.0 0.0 0.0 2.71201e-06 1.04308e-06 0.0 4.82798e-06 0.0 0.0 0.0 1.57952e-05 5.96046e-08 0.0896361 0.0 0.0 8.91089e-06 1.78814e-07 0.0
0.0 0.0 0.0 0.0 0.0 0.0 0.0 0.0 0.0 0.0 0.0 0.0 0.0 0.0 0.0 0.00045681 0.00307474 0.0 0.0 0.0 0.0 0.0 0.0 0.0 0.0 0.0 0.0 0.0 0.0 0.0 0.0 0.0 0.0 0.000168025 0.0 0.0 0.0 0.0 2.71201e-06 0.0 0.0 0.0 0.0 0.0 0.0 0.0 0.0 0.0 6.85453e-07 0.0 0.0 0.0 0.0 0.0 0.0 0.0 0.0 0.0 0.0 2.5332e-06 0.0 0.0 0.0 0.0
0.0 0.0 0.0 0.0 0.0 0.0 0.0 0.0 0.0 2.86996e-05 0.0 0.0 0.0 0.0 0.0 0.0 0.0 0.0 8.64267e-07 0.0 0.0 0.0 0.0 0.0 0.0 0.0 0.038194 0.0 0.0 0.0 1.78814e-07 0.0 0.0 0.0 0.0 7.83801e-06 0.0 3.24547e-05 0.0 0.0 0.0 0.0 0.0 0.0 0.0 0.0 1.0 0.0 0.0 0.0 0.0 0.0 0.0 0.0 0.0 0.0 0.0 0.0 0.0 0.0 0.0 0.0 0.0 0.0
0.0 0.0 0.0 0.0 0.0 0.0 0.0 0.0 0.0 0.028657 0.0 0.0 0.0 0.0 0.0 0.0 0.0 0.0 3.57628e-07 0.0 0.0 0.0 0.0 0.0 0.0 0.0 1.87159e-05 0.0 0.0 0.0 0.00791427 0.000677884 0.0 0.0 0.0 0.984008 0.0 8.9407e-07 0.0 0.0 0.0 0.0 4.80115e-05 0.0 0.0 0.0 0.0 0.0 0.0 0.0 0.0 0.0 0.0 0.0 2.01762e-05 0.0 0.0 0.0 0.0 0.0 0.0 0.0 0.0 0.0
0.0 0.0 0.0 0.0 0.0 0.0 0.0 0.0 0.0 0.0 0.0 0.0 0.0 0.0 0.0 0.999819 3.27826e-07 0.0 0.0 0.0 0.0 0.0 0.0 0.0 0.0 0.0 0.0 0.0 0.0 0.0 0.0 0.0 0.0 2.98023e-08 0.0 0.0 0.0 0.0 0.00033325 0.0 2.98023e-08 0.0 0.0 0.0 0.0 0.0 0.0 0.0 0.0 0.0 0.0 0.0 0.0 0.0 0.0 0.0 0.0 0.0 0.0 3.54648e-05 0.0 0.0 0.0 0.0
0.0 0.0 0.0 0.0 1.24872e-05 1.2517e-06 1.54674e-05 0.0 0.0 0.0 0.0 0.0 0.0 0.00324801 0.0 0.0 0.0 0.0 0.0 0.0 0.00328389 0.0 0.00266722 0.0 0.0 0.0 0.0 0.0 0.0 0.0 0.0 0.0 1.49608e-05 0.0 9.38177e-05 0.0 0.0 0.0 0.0 0.0 0.0 0.0 0.0 0.999505 0.0 0.0 0.0 0.0 0.0 7.15256e-07 0.0 0.0 0.019985 0.0 0.0 0.0 0.0 0.0 0.000108063 0.0 0.0 0.000138879 0.0 0.0
0.0 0.0 0.0 0.0 0.0 0.0 0.0 0.0 0.0 0.0 0.0 3.8743e-07 0.0 0.0 0.0 1.78814e-07 0.988603 0.0 0.0 0.0 0.0 7.7486e-07 0.0 0.0 0.0 0.0 0.0 0.0 0.0 0.0 0.0 0.0 0.0 0.0 0.0 0.0 0.0 0.0 0.0 0.0 0.0 0.0 0.0 0.0 0.0 0.0 0.0 0.0 0.0 0.0 0.0 0.0 0.0 0.0 0.0 0.0 0.0 0.0 0.0 0.0 0.0 0.0 0.0 0.0
0.0 0.0 0.0 0.0 0.0 0.000928372 0.00131002 0.996854 0.0 0.0 0.0 0.0 0.0 1.01328e-06 0.0 0.0 0.0 0.0 0.0 0.0 5.06639e-07 0.0 0.000180095 0.0 0.0 0.0 0.0 0.00400475 0.0 0.0 0.0 0.0 0.000495583 0.0 0.0 0.0 0.0 0.0 0.0 0.0 0.0 0.0510321 0.0 0.0 0.0 9.53674e-07 0.0 0.0 0.0 0.0 0.0102829 0.0 0.0 0.0 5.96046e-08 0.0 0.00239357 2.98023e-08 1.63019e-05 0.0 0.0 0.0 2.68221e-06 0.0
0.0 0.0 0.0 0.0 0.0 0.0 0.0 0.0 0.0 0.0 0.0 5.1856e-05 0.0 0.0 0.0 0.0 6.55651e-07 0.0 0.0 0.0 0.0 1.61827e-05 0.0 0.0 0.0 0.0 0.0 0.0 0.0 0.0 0.0 0.0 0.0 0.0 0.0 0.0 0.0 0.0 0.0 0.0 0.0 0.0 0.0 0.0 0.0 0.0 0.0 0.0 0.0 0.0 0.0 0.0 0.0 0.818994 0.0 0.0 0.0 0.0 0.0 0.0 0.0 0.0 0.0 0.0
0.0 0.0 0.0 0.0 0.0 0.0 0.0 0.0 0.0 0.0 0.99951 0.0 0.0 0.0 0.0 0.0 0.0 0.0 0.0 0.0 0.0 0.0 0.0 0.0 0.0 0.0 0.0 0.0 0.0 0.0 0.0 0.0 0.0 0.0 0.0 0.0 0.0 0.0 0.0 0.0 0.0 0.0 0.0 0.0 0.0 0.0 0.0 0.0 0.0 0.0 0.0 0.0 0.0 0.0 0.0 0.00017488 0.0 0.0 0.0 0.0 0.0 0.0 0.0 0.0
0.0 0.0 0.0 0.0 0.0 0.0 0.0 0.0 0.0 0.0 0.0 0.0 0.0 0.0 0.0 0.0 0.0 0.0 0.0 1.0 0.0 0.0 0.0 0.0 0.0 0.0 0.0 0.0 0.0 0.0 0.0 0.0 0.0 0.0 0.0 0.0 0.0 0.0 0.0 0.0 0.0 0.0 0.0 0.0 0.0 0.0 0.0 0.0 0.0 0.0 0.0 0.0 0.0 0.0 0.0 0.0 0.0 0.0 0.0 0.0 0.0 0.0 0.0 0.0
0.0 0.0 0.0 0.0 0.0 0.0 0.000164151 0.0 0.0 0.0 0.0 0.0 0.0 5.68628e-05 0.0 9.23872e-07 0.0 0.0 0.0 0.0 0.0 0.0 2.68221e-07 0.0 0.0 0.0 0.0 0.0 0.0 0.0 0.0 0.0 0.0 8.64267e-07 0.0 0.0 0.0 0.0 7.10189e-05 0.0 0.998049 0.0 0.0 0.0 0.0 0.000834286 0.0 0.0 0.0 0.0 0.0 0.0 0.0 0.0 0.0 0.0 0.0 0.0 1.49012e-07 0.000118852 0.0 0.000787169 0.0 0.0
0.0 0.0 0.0 0.0 0.000248373 0.0 0.0 0.0 0.0 0.0 0.0 0.0 0.0 0.000859469 0.0 0.0 0.0 0.0 0.0 0.0 1.26362e-05 0.0 0.000120193 0.0 0.0 0.0 0.0 0.0 0.0 0.0 0.0 0.0 0.0 0.0 0.992246 0.0 0.0 0.0 0.0 0.0 0.0 0.0 0.0 6.85155e-05 0.0 0.0 0.0 0.0 0.0 0.0 0.0 0.0 0.669553 0.0 0.0 0.0 0.0 0.0 2.23517e-05 0.0 0.0 3.66569e-06 0.0 0.0
0.0 0.0 0.0 0.0 0.0 0.0 0.0 0.0 0.0 0.0 0.0 0.0 0.0 0.0 0.0 0.0 0.0 4.61042e-05 0.0 0.0 0.0 0.0 0.0 0.0 1.2219e-06 7.15256e-07 0.0 0.0 0.0 0.0 0.0 0.0 0.0 0.0 0.0 0.0 0.0 0.0 0.0 0.0 0.0 0.0 0.0 0.0 0.0 0.0 0.0 0.0 0.0 0.0 0.0 0.999502 0.0 0.0 0.0 0.00105652 0.0 0.0 0.0 0.0 0.0 0.0 0.0 1.055e-05
0.0 0.0 0.0 0.0 0.0 0.000309825 3.21865e-06 5.57303e-06 0.0 4.32134e-06 0.0 0.0 5.96046e-08 0.0 0.0 0.0 0.0 0.0 0.0 0.0 0.0 0.0 0.0 0.0 0.0 0.0 0.0 0.00288969 0.0283031 0.0 1.19209e-07 1.69873e-06 1.19209e-07 0.0 0.0 0.0 0.0 0.0 2.98023e-08 0.0 0.0 0.000148535 0.0 0.0 2.93553e-05 0.0 0.0 0.0 0.0 0.0 5.90086e-06 0.0 0.0 0.0 8.64267e-07 0.0 1.49012e-07 0.0 0.0 0.0 0.0 0.0 0.999979 0.0
0.0 0.0 0.0 0.00108123 0.0 1.19209e-07 0.0 0.000570714 0.0 0.0 0.0 0.0 0.0 0.0 0.0 0.0 0.0 0.0 0.0 0.0 1.19209e-07 0.0 0.0 0.0 0.0 0.0 0.0 6.4075e-06 1.78814e-07 0.0 0.0 0.0 4.17233e-07 0.0 0.0 0.0 0.0 0.0 0.0 0.0 0.0 7.64728e-05 0.0 0.0 0.0 0.0 0.0 0.0 0.0 1.2517e-06 0.114782 0.0 0.0 0.0 2.98023e-07 0.0 0.996019 0.0548554 0.0 0.0 0.0 0.0 0.0 0.0
0.0 0.0 0.0 0.0 3.63588e-05 0.0 7.7486e-07 0.0 0.0 0.0 0.0 0.0 0.0 0.000744194 0.0 0.0 0.0 0.0 0.0 0.0 2.36928e-05 0.0 0.00044015 0.0 0.0 0.0 0.0 0.0 0.0 0.0 0.0 0.0 8.9407e-08 0.0 0.331921 0.0 0.0 0.0 0.0 0.0 0.0 0.0 0.0 0.00714144 0.0 0.0 0.0 0.0 0.0 1.19209e-07 0.0 0.0 0.993252 0.0 0.0 0.0 0.0 0.0 4.23193e-06 0.0 0.0 9.83775e-05 0.0 0.0
0.0 0.0 0.0 5.96046e-08 0.0 0.0111623 0.147715 0.129753 0.0 0.0 0.0 0.0 0.0 1.19209e-07 0.0 0.0 0.0 0.0 0.0 0.0 2.38419e-07 0.0 0.000324994 0.0 0.0 0.0 0.0 0.714459 0.0 0.0 0.0 0.0 0.0274135 0.0 0.0 0.0 0.0 0.0 0.0 0.0 0.0 0.884107 0.0 0.0 0.0 6.91414e-06 0.0 0.0 0.0 0.0 0.000516236 0.0 0.0 0.0 1.19209e-07 0.0 0.0227976 5.96046e-08 2.57194e-05 0.0 0.0 0.0 0.000721008 0.0
0.0 1.19209e-07 0.0 0.0 8.9407e-08 8.9407e-08 0.000144303 0.0 0.0 0.0 0.0 0.0 0.0 0.00750467 0.0 8.9407e-08 0.0 0.0 0.0 0.0 4.05312e-06 0.0 0.00754008 0.0 0.0 0.0 0.0 0.0 0.0 0.0 0.0 0.0 1.49012e-07 0.0 3.77297e-05 0.0 0.0 0.0 0.0 0.0 0.000188082 0.0 0.0 1.94609e-05 0.0 4.76837e-07 0.0 0.0 0.0 2.98023e-08 0.0 0.0 0.00572076 0.0 0.0 0.0 0.0 0.0 8.31187e-05 5.96046e-08 0.0 0.99564 0.0 0.0
0.0 0.0 0.0 0.0 0.0 0.0 0.0 0.0 0.0 0.0 0.0 0.0 0.0053938 0.0 0.0 0.0 0.0 0.0 0.0 0.0 0.0 0.0 0.0 0.0 0.0 0.0 0.0 7.7188e-06 0.999965 0.0 4.1306e-05 0.0018037 0.0 0.0 0.0 1.49012e-07 0.0 2.98023e-08 0.0 0.0 0.0 0.0 3.24845e-06 0.0 0.0 0.0 0.0 0.0 0.0 0.0 1.0103e-05 0.0 0.0 0.0 0.000971556 0.0 3.75509e-06 1.49012e-06 0.0 0.0 0.0 0.0 0.00459793 0.0
0.0 0.0 0.0 0.0 0.0 0.0 0.0 0.0 0.0 3.45707e-06 0.0 0.0 0.0 0.0 0.0 0.0 0.0 2.68221e-07 5.96046e-08 0.0 0.0 0.0 0.0 0.0 0.0 0.0 2.08616e-07 0.0 5.36442e-07 0.0 0.00590581 3.8743e-07 0.0 0.0 0.0 2.34842e-05 0.0 0.99709 0.0 0.0 0.0 0.0 3.57628e-07 0.0 0.0 0.0 5.96046e-08 0.0286071 0.0 0.0 0.0 0.0 0.0 0.0 8.9407e-08 0.0 0.0 0.0 0.0 0.0 0.0 0.0 0.0 0.0
0.0 0.0 0.0 0.0 0.0 0.0 0.0 0.0 0.0 5.96046e-08 6.25849e-07 0.0 0.0 0.0 0.0 0.0 0.0 0.979079 0.0 0.0 0.0 0.0 0.0 0.0 0.0 0.0 0.0 0.0 0.0 0.0 0.0 0.0 0.0 0.0 0.0 0.0 0.0 0.0 0.0 0.0 0.0 0.0 0.0 0.0 0.0 0.0 0.0 0.0 0.0 0.0 0.0 2.98023e-08 0.0 0.0 0.0 0.999992 0.0 0.0 0.0 0.0 0.0 0.0 0.0 6.46412e-05
0.0 0.0 0.0 0.0 0.0 3.09944e-05 1.2815e-06 0.0 0.0 0.0 0.0 0.0 0.0 8.68142e-05 0.0 0.0 0.0 0.0 0.0 0.0 0.992846 0.0 0.0329416 0.0 0.0 0.0 0.0 0.0 0.0 0.0 0.0 0.0 0.000780046 0.0 0.000255406 0.0 0.0 0.0 0.0 0.0 0.0 0.0 0.0 0.00132927 0.0 0.0 0.0 0.0 0.0 1.16229e-06 0.0 0.0 0.000165403 0.0 0.0 0.0 0.0 0.0 0.00211966 0.0 0.0 8.22544e-06 0.0 0.0
0.0 0.0 0.0 2.98023e-08 0.0 0.0 0.0 0.0 0.0 8.43406e-06 0.0 0.0 0.0 0.0 0.0 0.0 0.0 0.0 0.0 0.0 0.0 0.0 0.0 0.0 0.0 0.0 2.98023e-08 0.0 6.66082e-05 1.40071e-06 0.00327718 0.0250844 0.0 0.0 0.0 0.0105144 0.0 4.41074e-06 0.0 0.0 0.0 0.0 0.999837 0.0 0.0 0.0 0.0 7.7188e-06 0.0 0.0 0.0 0.0 0.0 0.0 0.00331366 0.0 0.0 8.34465e-07 0.0 0.0 0.0 0.0 0.0 0.0
8.64267e-07 0.0 0.0 0.0 0.0 0.0 0.0 0.0 0.0 0.0 0.0 0.000229418 0.0 0.0 0.0899165 0.0 1.19209e-07 0.0 0.0 0.0 0.0 0.402077 0.0 0.0 0.0 0.0 0.0 0.0 0.0 0.0 0.0 0.0 0.0 0.0 0.0 0.0 0.0 0.0 0.0 0.516973 0.0 0.0 0.0 0.0 0.0 0.0 0.0 0.0 0.0 0.0 0.0 0.0 0.0 0.0 0.0 0.0 0.0 0.0 0.0 0.0 0.0 0.0 0.0 0.0
0.0 0.0 0.0 8.34465e-07 0.0 0.00920871 0.000693798 0.328009 0.0 0.0 0.0 0.0 0.0 2.68221e-07 0.0 0.0 0.0 0.0 0.0 0.0 2.67327e-05 0.0 0.000133216 0.0 0.0 0.0 0.0 0.919382 1.78814e-07 0.0 0.0 0.0 0.00469375 0.0 0.0 0.0 0.0 0.0 0.0 0.0 0.0 0.0704105 0.0 0.0 0.0 5.96046e-08 0.0 0.0 0.0 1.49012e-07 0.0182769 0.0 0.0 0.0 2.68221e-07 0.0 0.0760532 7.7486e-07 7.77841e-06 0.0 0.0 0.0 4.23193e-06 0.0
0.0 8.9407e-08 0.0 0.0 8.9407e-08 0.0506727 0.894216 5.57303e-06 0.0 0.0 0.0 0.0 0.0 0.000274539 0.0 0.0 0.0 0.0 0.0 0.0 7.98702e-06 0.0 0.832127 0.0 0.0 0.0 0.0 4.79817e-06 0.0 0.0 0.0 0.0 0.000359297 0.0 1.73748e-05 0.0 0.0 0.0 0.0 0.0 4.64916e-06 0.000128299 0.0 4.47035e-07 0.0 0.00114286 0.0 0.0 0.0 1.19209e-07 0.0 0.0 3.28124e-05 0.0 0.0 0.0 7.15256e-07 0.0 0.00879017 0.0 0.0 0.00233161 8.9407e-08 0.0
0.000159353 0.0 0.0 0.0 0.0 0.0 0.0 0.0 0.0 0.0 0.0 0.00155285 0.0 0.0 0.00979739 0.0 1.57952e-06 0.0 0.0 0.0 0.0 0.978077 0.0 0.0 0.0 0.0 0.0 0.0 0.0 0.0 0.0 0.0 0.0 0.0 0.0 0.0 0.0 0.0 0.0 0.157334 0.0 0.0 0.0 0.0 0.0 0.0 0.0 0.0 0.0 0.0 0.0 0.0 0.0 1.35601e-05 0.0 0.0 0.0 0.0 0.0 0.0 0.0 0.0 0.0 0.0
0.0 0.0 0.0 2.89083e-06 0.0 0.000767559 0.000137001 0.01899 0.0 1.19209e-07 0.0 0.0 0.0 1.49012e-07 0.0 0.0 0.0 0.0 0.0 0.0 0.0 0.0 1.49012e-07 0.0 0.0 0.0 0.0 0.629456 4.08292e-06 0.0 0.0 2.98023e-08 4.88758e-06 0.0 0.0 0.0 0.0 0.0 0.0 0.0 0.0 0.0340962 0.0 0.0 0.0 0.0 0.0 0.0 0.0 0.0 0.00221902 0.0 0.0 0.0 1.96397e-05 0.0 0.0020746 5.06639e-07 0.0 0.0 0.0 0.0 0.00127077 0.0
1.49012e-07 0.0 0.0 0.0 0.0 0.0 0.0 0.0 0.97188 0.0 0.0 0.0 0.0 0.0 0.0 0.0 0.0 0.0 0.0 0.0 0.0 0.0 0.0 0.0 0.0 0.0 0.0 0.0 0.0 0.0 0.0 0.0 0.0 0.0 0.0 0.0 0.0 0.0 0.0 0.0 0.0 0.0 0.0 0.0 0.0 0.0 0.0 0.0 0.0 0.0 0.0 0.0 0.0 8.9407e-08 0.0 0.0 0.0 0.0 0.0 0.0 0.0 0.0 0.0 0.0
0.0 0.0 0.0 2.08616e-07 0.0 0.0 0.0 0.0 0.0 0.0 0.0 0.0 0.0 0.000153631 0.0 0.0 0.0 0.0 0.0 0.0 1.3113e-06 0.0 2.98023e-08 0.0 0.0 0.0 0.0 0.0 0.0 0.0 0.0 0.0 5.96046e-08 0.0 0.0 0.0 0.0 0.0 0.0 0.0 0.0 0.0 0.0 0.0 0.0 0.0 0.0 0.0 0.0 0.999252 0.0 0.0 0.0 0.0 0.0 0.0 1.49012e-07 8.04663e-07 0.0 0.0 0.0 0.0 0.0 0.0
0.0 0.0 0.0 0.0 0.986912 0.0 0.0 0.0 0.0 0.0 0.0 0.0 0.0 1.31726e-05 0.0 0.0 0.0 0.0 0.0 0.0 1.19209e-07 0.0 5.06639e-07 0.0 0.0 0.0 0.0 0.0 0.0 0.0 0.0 0.0 0.0 0.0 0.000112087 0.0 0.0 0.0 0.0 0.0 0.0 0.0 0.0 0.000331283 0.0 0.0 0.0 0.0 0.0 0.0 0.0 0.0 0.000655293 0.0 0.0 0.0 0.0 0.0 0.0 0.0 0.0 8.9407e-08 0.0 0.0
0.0 0.0 0.0 0.0 0.0 0.0 0.0 0.0 0.0 3.69549e-06 0.0 0.0 2.98023e-08 0.0 0.0 0.0 0.0 0.0 1.49012e-07 0.0 0.0 0.0 0.0 0.0 0.0 0.0 1.19209e-07 0.0 0.00021717 0.0 0.998835 0.00968933 0.0 0.0 0.0 0.181949 0.0 0.00677103 0.0 0.0 0.0 0.0 5.45382e-06 0.0 0.0 0.0 0.0 8.01682e-05 0.0 0.0 0.0 0.0 0.0 0.0 2.36928e-05 0.0 0.0 0.0 0.0 0.0 0.0 0.0 5.96046e-08 0.0
0.0 0.0 0.0 0.0 0.0 0.0 0.0 0.0 0.0 2.98023e-08 0.0 0.0 0.0 0.0 0.0 0.0 0.0 0.0 0.0 2.08616e-07 0.0 0.0 0.0 0.0 0.0 0.0 0.0 0.0 8.64267e-07 0.0 0.0 0.0 0.0 0.0 0.0 0.0 0.0 0.0 0.0 0.0 0.0 0.0 0.0 0.0 0.999997 0.0 0.0 0.0 0.0 0.0 0.0 0.0 0.0 0.0 0.0 0.0 0.0 0.0 0.0 0.0 0.0 0.0 0.0376553 0.0
0.0 0.0 0.0 0.0 0.0 0.0 0.0 0.0 0.0 4.97699e-06 0.0 0.0 0.0 0.0 0.0 0.0 0.0 0.0 0.997633 0.0 0.0 0.0 0.0 0.0 0.0 0.0 3.78191e-05 0.0 0.0 0.0 5.96046e-08 0.0 0.0 0.0 0.0 2.44379e-06 0.0 0.0 0.0 0.0 0.0 0.0 0.0 0.0 1.49012e-07 0.0 9.23872e-07 0.0 0.0 0.0 0.0 0.0 0.0 0.0 0.0 0.0 0.0 0.0 0.0 0.0 0.0 0.0 0.0 0.0
0.0 0.0 8.9407e-08 0.0 0.0 0.0 0.0 0.0 0.0 0.0 0.0 0.0 0.0 0.0 0.0 0.000159472 0.0 0.0 0.0 0.0 0.0 0.0 0.0 0.0 0.0 0.0 0.0 0.0 0.0 0.0 0.0 0.0 0.0 2.08616e-07 0.0 0.0 0.0 0.0 3.46899e-05 0.0 2.0355e-05 0.0 0.0 0.0 0.0 0.0 0.0 0.0 0.0 0.0 0.0 0.0 0.0 0.0 0.0 0.0 0.0 0.0 0.0 0.999209 0.0 8.9407e-08 0.0 0.0
0.0 0.0 0.0 0.0 0.0 0.0 0.0 0.0 0.0 0.0 0.0 0.0 0.0 0.0 0.0 0.0 0.0 3.02494e-05 0.0 0.0 0.0 0.0 0.0 0.0 0.0 0.0 0.0 0.0 0.0 0.0 0.0 0.0 0.0 0.0 0.0 0.0 0.0 0.0 0.0 0.0 0.0 0.0 0.0 0.0 0.0 0.0 0.0 0.0 0.0 0.0 0.0 0.0 0.0 0.0 0.0 0.0 0.0 0.0 0.0 0.0 0.999845 0.0 0.0 0.0
0.0 0.0 0.0 1.40369e-05 0.0 5.36442e-06 4.47035e-07 0.139255 0.0 2.98023e-08 0.0 0.0 0.0 0.0 0.0 0.0 0.0 0.0 0.0 0.0 0.0 0.0 0.0 0.0 0.0 0.0 0.0 0.021199 7.89762e-06 0.0 2.98023e-08 3.8743e-07 1.49012e-07 0.0 0.0 0.0 0.0 0.0 0.0 0.0 0.0 0.00605339 0.0 0.0 0.0 0.0 0.0 0.0 0.0 0.0 0.142162 0.0 0.0 0.0 0.000139683 0.0 0.0270143 9.0003e-06 0.0 0.0 0.0 0.0 1.38581e-05 0.0
0.0 0.0 0.0 0.0 0.0 0.0 0.0 0.0 0.0 0.0 0.0 0.0 0.0 2.34246e-05 0.0 0.0 2.98023e-08 0.0 0.0 0.0 0.0 0.0 0.0 0.0 0.0 0.0 0.0 0.0 0.0 0.0 0.0 0.0 0.0 0.0400316 0.0 0.0 0.0 0.0 0.000230223 0.0 0.0 0.0 0.0 0.0 0.0 0.0 0.0 0.0 0.996783 0.0 0.0 0.0 0.0 0.0 0.0 0.0 0.0 0.0 0.0 0.0 0.0 0.0 0.0 0.0
0.0 0.0 0.0 4.47035e-07 0.0 0.0 0.0 0.0 0.0 0.0 0.0 0.0 0.0 0.0 0.0 0.0 0.0 2.97427e-05 0.0 0.0 0.0 0.0 0.0 0.0 0.0 0.0 0.0 0.0 2.14577e-06 0.0 2.32458e-06 3.8743e-07 0.0 0.0 0.0 0.0 0.0 0.00125602 0.0 0.0 0.0 0.0 8.79765e-05 0.0 0.0 0.0 0.0 0.999818 0.0 0.0 0.0 0.0 0.0 0.0 0.0 0.0 0.0 0.0 0.0 0.0 0.0 0.0 0.0 0.0
0.0 0.0 0.0 5.96046e-08 0.0 0.0 0.0 0.0 0.0 7.9751e-05 0.0 0.0 0.0 0.0 0.0 0.0 0.0 0.0 0.0 0.0 0.0 0.0 0.0 0.0 0.0 0.0 0.0 0.0 5.77569e-05 7.15256e-07 0.00126803 0.998626 0.0 0.0 0.0 0.000207126 0.0 3.27826e-07 0.0 0.0 0.0 0.0 0.000168115 0.0 0.0 0.0 0.0 2.08616e-07 0.0 0.0 8.9407e-08 0.0 0.0 0.0 0.08627 0.0 0.0 1.2219e-06 0.0 0.0 0.0 0.0 0.0 0.0
0.0 0.999961 0.0 0.0 0.0 0.0 5.96046e-08 0.0 0.0 0.0 0.0 0.0 0.0 0.0 0.0 0.0 0.0 0.0 0.0 0.0 0.0 0.0 0.0 0.0 0.0 0.0 0.0 0.0 0.0 0.0 0.0 0.0 0.0 0.0 0.0 0.0 0.0 0.0 0.0 0.0 0.0 0.0 0.0 0.0 0.0 0.0 0.0 0.0 0.0 0.0 0.0 0.0 0.0 0.0 0.0 0.0 0.0 0.0 0.0 0.0 0.0 5.96046e-08 0.0 0.0
0.0 0.0 0.0 0.0 0.0 0.0 0.0 0.0 0.0 4.51803e-05 0.0 0.0 0.0 0.0 0.0 0.0 0.0 0.0 1.49906e-05 0.0 0.0 0.0 0.0 0.0 0.0 0.0 0.999613 0.0 0.0 0.0 8.9407e-08 0.0 0.0 0.0 0.0 3.88026e-05 0.0 3.57628e-07 0.0 0.0 0.0 0.0 0.0 0.0 0.0 0.0 0.00222087 0.0 0.0 0.0 0.0 0.0 0.0 0.0 5.36442e-07 0.0 0.0 0.0 0.0 0.0 0.0 0.0 0.0 0.0
0.0 0.0 0.0 0.0 0.0 0.0 0.0 0.0 0.0 0.0 0.0 0.0 0.999749 0.0 0.0 0.0 0.0 0.0 0.0 0.0 0.0 0.0 0.0 0.0 0.0 0.0 0.0 0.0 0.0463614 0.0 0.0 0.0 0.0 0.0 0.0 0.0 0.0 0.0 0.0 0.0 0.0 0.0 0.0 0.0 3.48687e-06 0.0 0.0 0.0 0.0 0.0 0.0 0.0 0.0 0.0 0.0 0.0 0.0 0.0 0.0 0.0 0.0 0.0 2.64943e-05 0.0
0.0 0.0 0.0 0.999481 0.0 0.0 0.0 0.0 0.0 0.0 0.0 0.0 0.0 0.0 0.0 0.0 0.0 0.0 0.0 0.0 0.0 0.0 0.0 0.0 0.0 0.0 0.0 2.98023e-08 1.49012e-07 0.0 0.0 2.98023e-08 0.0 0.0 0.0 0.0 0.0 0.0 0.0 0.0 0.0 0.0 0.0 0.0 0.0 0.0 0.0 0.0 0.0 1.84774e-06 2.35438e-06 0.0 0.0 0.0 3.27826e-07 0.0 0.000191987 0.0791307 0.0 0.0 0.0 0.0 0.0 0.0
0.0 0.0 0.0 0.00980809 0.0 0.0 0.0 1.78814e-07 0.0 0.0 0.0 0.0 0.0 0.0 0.0 0.0 0.0 0.0 0.0 0.0 0.0 0.0 0.0 0.0 0.0 0.0 0.0 0.0 6.25849e-07 0.0 0.0 8.34465e-07 5.96046e-08 0.0 0.0 0.0 0.0 0.0 0.0 0.0 0.0 0.0 0.0 0.0 0.0 0.0 0.0 0.0 0.0 2.68221e-07 0.000386596 0.0 0.0 0.0 1.49012e-07 0.0 0.00347722 0.999679 0.0 0.0 0.0 0.0 0.0 0.0
0.0 0.0 0.0 1.69873e-06 0.0 0.0 0.0 0.0 0.0 0.0 0.0 0.0 0.0 0.0 0.0 0.0 0.0 0.0 0.0 0.0 0.0 0.0 0.0 0.0 0.0 0.0 0.0 0.0 0.0 0.997096 0.0 1.78814e-07 0.0 0.0 0.0 0.0 0.0 0.0 0.0 0.0 0.0 0.0 2.98023e-08 0.0 0.0 0.0 0.0 0.0 0.0 0.0 0.0 0.0 0.0 0.0 1.71065e-05 0.0 0.0 3.21865e-06 0.0 0.0 0.0 0.0 0.0 0.0
0.0 0.0 0.0 0.0 0.0 0.0 0.0 0.0 0.0 0.0 0.0 0.0 0.0 0.0 0.0 0.0 0.0 0.968975 0.0 0.0 0.0 0.0 0.0 0.0 0.0 0.0 0.0 0.0 0.0 0.0 0.0 0.0 0.0 0.0 0.0 0.0 0.0 0.0 0.0 0.0 0.0 0.0 0.0 0.0 0.0 0.0 0.0 0.0 0.0 0.0 0.0 0.0 0.0 0.0 0.0 4.64916e-06 0.0 0.0 0.0 0.0 0.000213295 0.0 0.0 1.12951e-05
0.0 0.0 0.0 8.34465e-07 3.51667e-05 0.00144431 0.0345624 0.000143439 0.0 0.0 0.0 0.0 0.0 0.999997 0.0 0.0 0.0 0.0 0.0 0.0 0.00475371 0.0 0.0688304 0.0 0.0 0.0 0.0 2.72989e-05 0.0 0.0 0.0 0.0 0.0307852 0.0 0.0501033 0.0 0.0 0.0 0.0 0.0 1.69873e-06 9.44734e-06 0.0 0.000170082 0.0 1.49906e-05 0.0 0.0 0.0 0.538067 3.15905e-06 0.0 0.00332931 0.0 0.0 0.0 1.63913e-06 1.4782e-05 0.417719 0.0 0.0 0.00132316 2.38419e-07 0.0
0.0 0.0 0.992087 0.0 0.0 0.0 0.0 0.0 0.0 0.0 0.0 0.0 0.0 0.0 0.0 0.0 6.54757e-05 0.0 0.0 0.0 0.0 8.22544e-06 0.0 1.43051e-06 0.0 0.0 0.0 0.0 0.0 0.0 0.0 0.0 0.0 0.0 0.0 0.0 0.0 0.0 0.0 0.0 0.0 0.0 0.0 0.0 0.0 0.0 0.0 0.0 0.000299782 0.0 0.0 0.0 0.0 2.68221e-07 0.0 0.0 0.0 0.0 0.0 0.0 0.0 0.0 0.0 0.0
0.0 0.0127204 0.0 0.0 0.00260684 0.0 0.00113043 0.0 0.0 0.0 0.0 0.0 0.0 6.85453e-07 0.0 0.0 0.0 0.0 0.0 0.0 0.0008488 0.0 7.7486e-07 0.0 0.0 0.0 0.0 5.06639e-07 0.0 0.0 0.0 1.16527e-05 0.0213674 0.0 0.0 0.0 0.0 0.0 0.0 0.0 0.00143617 0.00712588 0.0 0.996321 0.0 0.0 8.64267e-07 0.0 0.0 0.000163585 0.00128159 0.0 7.12276e-06 0.0 0.0 0.0 2.98023e-08 0.0 0.0 0.0 0.0 0.0 0.0 0.0
1.78814e-07 0.0 0.0 0.0 0.0 1.24872e-05 0.0 0.0 2.38419e-07 0.0 0.0 0.0 0.0 0.0 2.98023e-07 0.0 8.9407e-08 0.0 0.0 0.0 0.0 1.19209e-07 0.0 0.0 0.0 0.0 0.0 0.0 0.0 0.0 0.0 0.0 0.0 0.980156 0.0 0.0 0.0 0.0 0.0 0.0 0.0 0.0 0.0 0.0 0.0 0.0 0.0 0.0 0.0 0.0 0.0 0.0 0.0 0.0 0.0 0.0 0.0 0.0 0.0 0.0 0.0 0.0 0.0 0.0
0.0 5.06639e-07 0.0 0.0 4.29153e-06 0.0 6.85453e-07 0.0 0.0 0.0 1.19209e-07 0.0 0.0 0.0 0.0 0.0 0.0 0.0 0.0 0.0 0.00159082 0.0 0.0 0.0 0.0 0.0 0.0 5.75185e-06 0.0 0.0 0.0 0.0 0.00450692 0.0 0.0 1.19209e-07 0.0 0.0 1.49012e-07 0.0 3.03984e-06 5.66244e-07 0.0 0.00315103 0.0 0.0 8.9407e-08 0.0 0.0 0.999151 4.79817e-06 0.0 4.64916e-06 0.0 0.0 0.0 0.000162929 0.0 0.0 0.0 0.0 0.0 0.0 0.0
0.0 0.0 0.0 0.0 5.96046e-08 0.0 2.08616e-07 0.0 0.0 0.0 0.0 0.0 0.0 0.017507 0.0 0.989819 0.0 0.0 0.0 0.0 0.0 0.0 1.3113e-06 0.0 0.0 0.0 0.0 0.0 0.0 0.0 0.0 0.0 5.96046e-08 0.0 0.0 0.0 0.0 0.0 0.0 0.0 6.8754e-05 0.0 0.0 3.27826e-07 0.0 0.0 0.0 0.0 0.0 0.0 0.0 0.0 7.21216e-06 0.0 0.0 0.0 0.0 0.0 0.0 0.0 0.0 0.0 0.0 0.0
0.0 0.0 0.0 2.93255e-05 0.0 0.0 0.0 0.0 0.0 0.0 0.0479223 0.0 2.32458e-06 0.0 0.0 0.0 0.0 0.0 0.0 0.0 0.0 0.0 0.0 0.0 0.0 0.0 0.0 0.0 0.0 2.98023e-08 0.0182491 0.0 2.98023e-08 0.0 3.27826e-06 1.19209e-07 0.0 0.0126791 0.0 0.0 0.0 0.0 0.0 5.96046e-08 0.0 0.0 0.0 0.0 0.0 2.52128e-05 0.0 0.0 0.0 0.0 0.0 0.0 0.529656 2.08616e-07 1.99676e-06 0.0 0.0 0.0 0.0 0.0
0.0 0.0 0.0 0.0 0.00217214 0.0 0.000325561 0.0 0.0 0.0 0.0 0.0 0.0 0.0354013 0.0 6.25849e-07 0.0 0.0 0.0 0.0 0.0 0.0 0.993545 0.0 0.0 0.0 0.0 5.36442e-07 0.0 0.0 0.0 1.78814e-07 7.02739e-05 0.0 0.0 0.0 0.0 0.0 1.78814e-07 0.0 0.00422233 3.30508e-05 0.0 3.38256e-05 0.0 0.0 0.0 0.0 0.0 0.0 8.9407e-08 0.0 0.000555485 0.0 0.0 0.0 0.0 0.0 0.0 0.0 0.0 0.0 0.0 0.0
0.0 0.0 0.0 0.0 2.98023e-07 0.0 0.0 0.0 0.0 0.0 0.0 0.0 0.0 0.0 0.0 0.0 0.0 1.19209e-07 1.54376e-05 0.0 0.0 0.0 5.96046e-08 0.0 0.0 0.0 0.0 1.86563e-05 0.0 0.0 1.19209e-06 0.0 4.47035e-07 0.0 0.99886 0.0 0.0 2.08616e-07 2.23517e-06 0.0 8.9407e-08 0.0 0.0 0.0 0.0 9.23872e-07 0.0 0.0 0.0 1.49012e-07 0.0 0.0 4.80711e-05 0.0 0.0 0.0 3.21865e-06 0.0 0.00053826 0.0 0.0 0.0 0.0 0.0
1.46031e-06 0.0 0.000107169 0.0 0.0 0.0 0.0 0.0 0.0074262 0.0 0.0 0.0 0.0 0.0 0.0 0.0 4.05312e-06 0.0 0.0 0.0 0.0 0.985139 0.0 0.0 0.0 0.0 0.0 0.0 0.0 0.0 0.0 0.0 0.0 8.64267e-07 0.0 0.0 0.0 0.0 0.0 1.19209e-06 0.0 0.0 0.0 0.0 0.0 0.0 0.0 0.0 0.0 0.0 0.0 0.0 0.0 0.0 0.0 0.0 0.0 0.0 0.0 0.0 0.0 0.0 0.0 0.0
0.0 0.0 0.0 0.0 0.0 0.0 0.0 0.0 0.0 0.0 0.997946 0.0 0.00152948 0.0 0.0 0.0 0.0 4.76837e-07 6.22571e-05 0.0 0.0 0.0 0.0 0.0 0.0 0.0 0.0 0.0 0.0 0.0 0.00515422 0.0 1.49012e-07 0.0 2.14577e-06 8.9407e-08 0.0 8.28505e-06 0.0 0.0 0.0 0.0 0.0 0.0 0.0 0.0 0.0 0.0 0.0 5.96046e-08 0.0 0.0 0.0 0.0 0.0 1.19209e-07 5.96046e-08 6.13928e-06 0.117734 0.0 0.0 0.0 0.0 0.0
0.0 0.0 0.0 0.0 0.0 0.0 0.0 0.0 0.0 0.0 0.0 0.0 0.0 0.0 0.0 0.0 0.0 0.0 0.0 0.0 0.0 0.0 0.0 0.0 0.0 0.0 0.0 0.0 0.0 0.0 0.0 0.0 0.0 0.0 0.0 0.0 0.0 0.0 0.0 0.0 0.0 0.0 0.0 0.0 0.0 0.0 0.0 0.0 0.0 0.0 0.0 0.997849 0.0 0.0 0.0 0.0 0.0 0.0 0.0 0.0 0.0 0.0 0.0 0.0
0.0 0.0 0.0 0.0 0.0 0.0 0.0 0.0 0.0 0.0 0.0 0.0 0.0 0.0 0.0 0.0 0.0 0.0 0.0 0.0 0.0 0.0 0.0 0.0 0.0 0.0 0.0 0.0 0.0 0.0 0.0 0.0 0.0 0.0 0.0 0.0 0.0 0.0 0.0 0.0 0.0 0.0 0.0 0.0 0.0 0.0 0.0 0.0 0.0 0.0 0.0 0.0 0.0 0.0 0.0 0.0 0.0 0.0 0.0 0.0 0.0 0.995236 0.0 0.0
0.0 0.0 0.0 0.0 0.0 0.0 0.0 0.0 0.0 0.0 0.0 0.0 0.0 0.0 0.0 0.0 0.0 0.0 0.0 0.0 0.0 0.0 0.0 0.0 0.999976 2.5332e-06 0.0 0.0 1.78814e-07 1.90735e-06 0.0 0.0 0.0 0.0 0.0 0.0 0.00274584 0.0 0.0 0.0 0.0 0.0 0.0 0.0 0.0 0.0 0.0 6.25849e-07 0.0 0.0 0.0 0.0 0.0 0.0 0.0 0.0 0.0 0.0 0.0 0.0 0.0 0.0 0.0 2.08616e-07
0.0 0.0 0.0 0.0 0.0 0.0 0.0 0.0 0.0 0.0 0.0 0.0 0.0 0.0 0.0 0.0 0.0 6.85453e-07 0.0 0.0 0.0 0.0 0.0 0.0 0.0 0.0 0.0 0.0 0.0 0.0 0.0 0.0 0.0 0.0 0.0 0.0 0.0 0.0 4.32134e-06 0.0 0.0 0.0 0.0 0.0 0.0 0.0 0.0 0.0 0.0 0.0 0.0 0.0 0.0 0.0 0.0 0.0 0.0 0.0 0.0 0.0 0.0 0.0 0.999999 0.0
0.0 0.0 0.0 0.0 0.0 0.0 0.0 0.0 0.0 0.0 0.0 0.998142 0.0 0.0 0.0 0.0 0.0 0.0 0.0 0.0 0.0 0.0 0.0 0.0 0.0 0.0 0.0 0.0 0.0 0.0 0.0 0.0 0.0 0.0 0.0 0.0 0.0 0.0 0.0 0.0 0.0 0.0 0.0 0.0 0.0 0.0 0.0 0.0 0.0 0.0 0.0 0.0 0.0 0.0 0.0 0.0 0.0 0.0 0.0 0.0 0.0 0.0 0.0 0.0
0.0 5.06639e-07 0.0 0.0 0.0 3.33786e-06 0.0 0.0 0.0 0.0 0.0 0.0 0.0 0.000251442 0.0 0.0 0.0 0.0 0.0 0.0 2.08616e-07 0.0 0.0 0.0 0.0 0.0 0.0 0.0 0.0 0.0 0.0 0.998702 0.0 0.0 0.0 0.0 0.0 0.0 0.0 0.0 2.98023e-08 1.2964e-05 0.0 1.78814e-07 0.0 0.0 0.0 0.0 0.0 0.0 4.76837e-07 0.0 0.0 0.0 0.0 0.0 0.0 0.0 0.0 0.0 0.0 0.0 0.0 0.0
0.0 0.000446588 0.0 0.0 0.004109 0.0 0.0181437 0.0 0.0 0.0 0.0 0.0 0.0 9.77516e-06 0.0 0.0 0.0 0.0 0.0 0.0 1.75834e-06 0.0 1.18315e-05 0.0 0.0 0.0 0.0 4.76837e-07 0.0 0.0 0.0 0.000224769 1.2219e-05 0.0 0.0 0.0 0.0 0.0 5.96046e-08 0.0 0.00186089 0.983327 0.0 0.000202596 0.0 0.0 2.68221e-07 0.0 0.0 8.9407e-08 0.0137389 0.0 3.57628e-07 0.0 0.0 0.0 0.0 0.0 0.0 0.0 0.0 0.0 0.0 0.0
0.0 0.0 0.0 0.0 0.0 0.0 0.0 0.0 0.0 0.0 0.0 0.0 0.0 0.0 0.0 0.0 0.0 0.0 0.0 0.0 0.0 0.0 0.0 0.0 0.0 0.999976 0.0 0.0 0.0 0.0 0.0 0.0 0.0 0.0 0.0 0.0 0.0 0.0 0.0 0.0 0.0 0.0 0.0 0.0 0.0 0.0 0.0 0.0 0.0 0.0 0.0 0.0 0.0 0.0 0.0 0.0 0.0 0.0 0.0 0.0 0.0 0.0 0.0 0.0
0.0 0.0 0.0 2.07722e-05 0.0 0.0 0.0 0.0 0.0 0.0 0.0055339 0.0 1.3113e-06 0.0 0.0 0.0 0.0 3.57628e-07 6.91414e-06 0.0 0.0 0.0 0.0 0.0 0.0 0.0 0.0 0.0 0.0 0.0 0.000843018 0.0 0.0 0.0 1.7941e-05 2.36928e-05 0.0 0.00652516 0.0 0.0 0.0 0.0 0.0 0.0 0.0 0.0 0.0 0.0 0.0 1.13249e-05 0.0 0.0 0.0 0.0 0.0 1.19209e-07 0.00748262 0.0 0.000294089 0.0 0.0 0.0 0.0 0.0
0.0 0.0 0.0 0.0 0.0 0.0 0.0 0.0 0.0 0.0 8.9407e-08 0.0 1.3113e-06 0.0 0.0 0.0 0.0 0.000320584 0.00048095 0.0 0.0 0.0 0.0 0.0 0.0 0.0 0.0 0.0 0.0 0.0 2.98023e-08 0.0 0.0 0.0 0.0 3.78489e-06 0.0 8.9407e-08 0.0 0.0 0.0 0.0 0.0 0.0 0.0 0.0 0.0 0.0 0.0 0.0 0.0 0.0 0.0 0.0 0.0 0.999997 0.0 2.98023e-08 0.0156089 2.38419e-07 0.0 0.0 0.0 0.0
0.0 0.0 0.0 0.0 0.00604248 0.0 0.000467956 0.0 0.0 0.0 0.0 0.0 0.0 1.78814e-07 0.0 0.0 0.0 0.0 4.76837e-07 0.0 7.15256e-07 0.0 0.000714213 0.0 0.0 0.0 0.0 0.000122011 0.0 0.0 0.0 0.0 0.107561 0.0 4.73857e-06 0.0 0.0 0.0 4.76837e-07 0.0 0.000199854 0.000121415 0.0 0.00221974 0.0 0.0 2.98023e-08 0.0 0.0 6.04391e-05 0.000706226 0.0 0.00469822 0.0 0.0 0.0 1.49012e-07 0.0 8.04663e-07 0.0 0.0 0.0 0.0 0.0
0.0 2.98023e-06 0.0 0.0 0.986788 0.0 0.478666 0.0 0.0 0.0 0.0 0.0 0.0 0.000242978 0.0 2.98023e-08 0.0 0.0 0.0 0.0 3.21865e-06 0.0 0.00185597 0.0 0.0 0.0 0.0 2.05636e-06 0.0 0.0 0.0 5.96046e-08 0.0573218 0.0 0.0 0.0 0.0 0.0 3.69549e-06 0.0 0.397705 0.0216317 0.0 0.00503168 0.0 0.0 1.78814e-07 0.0 0.0 1.3411e-06 0.00115079 0.0 0.120437 0.0 0.0 0.0 0.0 0.0 0.0 0.0 0.0 0.0 0.0 0.0
0.0 0.0 0.0 0.0 1.19209e-06 0.0 3.1054e-05 0.0 0.0 0.0 0.0 0.0 0.0 3.15905e-06 0.0 0.0 0.0 3.09348e-05 1.01328e-06 0.0 0.0 0.0 1.43051e-06 0.0 0.0 0.0 0.0 0.999088 0.0 0.0 0.0 0.0 4.30346e-05 0.0 1.84774e-06 0.0 0.0 0.0 7.03335e-06 0.0 0.000252664 4.17233e-07 0.0 2.47359e-06 0.0 0.0 0.0 0.0 0.0 8.34465e-07 0.0 0.0 6.61612e-06 0.0 0.0 0.0 0.0 0.0 4.1306e-05 0.0 0.0 0.0 0.0 0.0
0.0 0.0 0.0 2.68221e-07 0.0 0.0 0.0 0.0 0.0 0.0 0.0 0.0 0.0 0.0 0.0 0.0 0.0 0.0 0.0 0.0 0.0 0.0 0.0 0.0 0.0 0.0 0.0 0.0 0.0 4.26173e-06 0.0 0.0 0.0 0.0 0.0 0.0 0.0 1.46031e-06 0.0 0.0 0.0 0.0 0.0 0.0 0.0 0.0 0.0 0.0 0.0 0.0 0.0 0.0 0.0 0.0 0.0 0.0 1.90735e-06 1.78814e-07 0.0 0.0 0.0 0.0 0.0 0.999998
0.0 0.0 0.0 0.0 0.0 0.0 0.0 0.0 0.0 0.0 0.0 0.0 0.0 0.0 0.0 0.0 0.0 0.0 0.0 0.0 0.0 0.0 0.0 0.0 0.0 0.0 0.0 0.0 0.997252 0.0 0.0 0.0 0.0 0.0 0.0 0.0 0.0 0.0 0.0 0.0 0.0 0.0 0.0 0.0 0.0 0.0 0.0 0.0 0.0 0.0 0.0 0.0 0.0 0.0 1.43051e-06 0.0 0.0 0.0 0.0 0.0 0.0 0.0 0.0 0.0
0.0 0.0 0.0 0.0 0.0 0.0 0.0 0.0 0.0 0.0 0.0 0.0 0.0 0.0 0.0 0.0 0.0 0.0 0.0 0.0 0.0 0.0 0.0 0.0 4.76837e-07 0.0 0.0 0.0 0.0 0.0 0.0 0.0 0.0 0.0 0.0 0.0 0.996765 0.0 0.0 0.0 0.0 0.0 0.0 0.0 0.0 0.0 0.0 9.53674e-07 0.0 0.0 0.0 0.0 0.0 0.0 0.0 0.0 0.0 0.0 0.0 0.0 0.0 0.0 0.0 0.0
0.0 0.0 0.0 1.0252e-05 0.0 0.0 0.0 0.0 0.0 0.0 2.08616e-07 0.0 0.0 0.0 0.0 0.0 0.0 0.0 0.0 0.0 0.0 0.0 0.0 0.0 0.0 0.0 0.0 0.0 0.0 0.0 8.64267e-07 0.0 1.54972e-06 0.0 0.0 2.98023e-08 0.0 3.93391e-06 5.96046e-08 0.0 0.0 0.0 0.0 5.66244e-07 0.0 0.0 3.27826e-07 0.0 0.0 4.89056e-05 0.0 0.0 0.0 0.0 0.0 0.0 0.999956 0.0 0.0 0.0 0.0 0.0 0.0 2.98023e-08
0.0 0.0061911 0.0 0.0 6.49393e-05 0.0 6.84857e-05 0.0 0.0 0.0 0.0 0.0 0.0 0.0 0.0 0.0 0.0 0.0 0.0 0.0 2.53916e-05 0.0 0.0 0.0 0.0 0.0 1.19209e-07 0.0 0.0 0.0 0.0 6.07967e-06 1.23084e-05 0.0 0.0 0.0 0.0 0.0 0.0 0.0 2.98023e-07 0.0117763 0.0 6.04391e-05 0.0 0.0 0.000210494 0.0 0.0 3.27826e-07 0.997001 0.0 2.98023e-08 0.0 0.0 0.0 0.0 0.0 0.0 0.0 0.0 0.0 0.0 0.0
0.0 0.0 0.0 0.99857 0.0 0.0 0.0 0.0 0.0 0.0 0.0 0.0 1.49012e-07 0.0 0.0 0.0 0.0 0.0 0.0 0.0 0.0 0.0 0.0 0.0 0.0 0.0 0.0 0.0 0.0 0.0 0.0 0.0 0.0 0.0 0.0 3.80576e-05 0.0 0.000518948 0.0 0.0 0.0 0.0 0.0 0.0 0.0 0.0 0.0 0.0 0.0 0.0 0.0 0.0 0.0 0.0 0.0 0.0 5.36442e-07 0.0 0.0 0.0 0.0 0.0 0.0 0.0
0.0 0.0 0.0 0.0 0.0 0.0 0.0 1.29044e-05 0.0 0.0 1.19209e-07 0.0 0.999974 0.0 0.0 0.0 0.0 0.0 2.14577e-06 0.0 0.0 0.0 0.0 0.0 0.0 0.0 0.0 0.0 0.0 0.0 3.8743e-07 0.0 0.0 0.0 0.0 9.71556e-06 0.0 2.08616e-07 0.0 0.0 0.0 0.0 0.0 0.0 0.0 0.0 0.0 0.0 0.0 0.0 0.0 0.0 0.0 0.0 0.0 0.0 5.96046e-08 4.5687e-05 1.19209e-07 0.0 0.0 0.0 0.0 0.0
0.0 0.0 0.0 0.00338283 0.0 0.0 0.0 0.0 0.0 0.0 7.15256e-07 0.0 9.53674e-07 0.0 0.0 0.0 0.0 0.0 5.96046e-08 0.0 0.0 0.0 0.0 0.0 0.0 0.0 0.0 0.0 0.0 0.0 0.00123772 0.0 0.0 0.0 0.0 1.19209e-07 0.0 0.998951 0.0 0.0 0.0 0.0 0.0 0.0 0.0 0.0 0.0 2.68221e-07 0.0 0.0 0.0 0.0 0.0 0.0 0.0 1.49012e-07 0.000144422 8.9407e-08 2.98023e-08 0.0 0.0 0.0 0.0 6.25849e-07
0.0 6.25849e-07 0.0 0.0 0.0 0.0 0.0 0.0 0.0 0.0 0.0 0.0 0.0 0.0 0.0 0.0 0.0 0.0 0.0 0.0 2.98023e-08 0.0 0.0 0.0 0.0 0.0 0.997244 0.0 0.0 0.0 0.0 0.0 0.0 0.0 0.0 0.0 0.0 0.0 0.0 0.0 0.0 0.0 0.0 0.0 0.0 0.0 0.000507891 0.0 0.0 0.0 1.63913e-06 0.0 0.0 0.0 0.0 0.0 0.0 0.0 0.0 0.0 0.0 0.0 0.0 0.0
0.0 0.0 0.0 0.0 0.233797 0.0 0.00726405 0.0 0.0 0.0 0.0 0.0 0.0 0.000172973 0.0 7.48038e-06 0.0 0.0 0.0 0.0 2.68221e-07 0.0 0.00131014 0.0 0.0 0.0 0.0 1.19209e-05 0.0 0.0 0.0 0.0 0.197775 0.0 3.48687e-06 0.0 0.0 0.0 1.57058e-05 0.0 0.16323 3.8743e-06 0.0 0.000990868 0.0 0.0 0.0 0.0 0.0 3.24845e-06 7.15256e-07 0.0 0.987078 0.0 0.0 0.0 0.0 0.0 0.0 0.0 0.0 0.0 0.0 0.0
0.0 2.16365e-05 0.0 0.0 0.268982 0.0 0.990374 0.0 0.0 0.0 0.0 0.0 0.0 0.00105029 0.0 1.49012e-07 0.0 0.0 0.0 0.0 5.96046e-08 0.0 0.000155896 0.0 0.0 0.0 0.0 6.81281e-05 0.0 0.0 0.0 5.06639e-07 0.00398406 0.0 0.0 0.0 0.0 0.0 2.08616e-06 0.0 0.229075 0.022012 0.0 0.000250399 0.0 0.0 0.0 0.0 0.0 5.96046e-08 0.000276059 0.0 0.00224489 0.0 0.0 0.0 0.0 0.0 0.0 0.0 0.0 0.0 0.0 0.0
0.0 0.0 0.0 0.0 0.0 0.0 0.0 0.0 0.0 0.0 0.0 0.0 0.0 5.96046e-08 0.0 0.0 0.0 0.0 0.0 0.0 0.0 0.0 0.0 0.0 0.0 0.0 0.0 0.0 0.0 0.0 0.0 0.0 0.0 0.0 0.0 0.0 0.0 0.0 2.38419e-07 0.0 0.0 0.0 0.0 0.0 0.0 6.6489e-05 0.0 0.0 0.0 0.0 0.0 0.0 0.0 0.0 0.0 0.0 0.0 0.0 0.0 0.997459 0.0 0.0 0.0 0.0
0.0 0.0 0.0 0.0 0.0 0.0 0.0 0.0 0.0 0.0 0.0 0.0 0.138981 0.0 0.0 0.0 0.0 0.0 0.0 0.0 0.0 0.0 0.0 0.0 0.0 0.0 0.0 0.0 0.0 0.0 0.0 0.0 0.0 0.0 0.0 0.0 0.0 0.0 0.0 0.0 0.0 0.0 0.0 0.0 0.0 0.0 0.0 4.05312e-06 0.0 0.0 0.0 0.0 0.0 0.0 0.0 0.0 0.0 1.04308e-06 0.0 0.0 0.0 0.0 0.0 0.0
0.0 0.0 0.0 0.0 0.0 0.0 0.0 0.0 0.0 0.0 0.0 0.0 0.0 0.0 0.0 0.0 0.0 0.0 0.0 0.0 0.0 0.0 0.0 0.0 0.0 0.0 0.0 0.0 0.0 0.0 0.0 0.0 0.0 0.0 0.0 0.0 0.0 0.0 0.0 0.0 0.0 0.0 0.0 0.0 0.0 0.0 0.0 0.0 0.0 0.0 0.0 0.0 0.0 0.0 0.0 0.0 0.0 0.0 0.0 0.0 0.999998 0.0 0.0 0.0
0.0 0.0 0.0 2.68221e-07 0.0 0.0 0.0 0.0 0.0 0.0 0.0 0.0 0.0 0.0 0.0 0.0 0.0 0.0 0.0 0.0 0.0 0.0 0.0 0.0 0.0 0.0 0.0 0.0 0.0 5.39422e-06 0.0 0.0 0.0 0.0 0.0 0.0 0.0 7.98702e-05 0.0 0.0 0.0 0.0 0.0 0.0 0.0 0.0 0.0 5.66244e-07 0.0 0.0 0.0 0.0 0.0 0.0 0.0 0.0 1.80304e-05 2.68221e-07 0.0 0.0 0.0 0.0 0.0 0.00586599
0.0 0.0 0.0 0.0 0.0 0.0 0.0 0.0 0.0 0.0 0.0 0.0 8.9407e-08 0.0 0.0 0.0 0.0 0.999997 0.00321096 0.0 0.0 0.0 0.0 0.0 0.0 0.0 0.0 4.52995e-06 0.0 0.0 1.49012e-07 0.0 0.0 0.0 0.0 6.85453e-07 0.0 0.0 0.0 0.0 0.0 0.0 0.0 1.49012e-07 0.0 0.0 0.0 0.0 0.0 0.0 0.0 0.0 0.0 0.0 0.0 3.23653e-05 0.0 8.9407e-08 0.114078 8.9407e-08 0.0 8.9407e-08 0.0 0.0
0.0 0.0 0.000154346 0.0 0.0 0.0 0.0 0.0 0.0 0.0 0.0 0.0 0.0 0.0 0.0 0.0 0.978815 0.0 0.0 0.0 0.0 2.68221e-07 0.0 9.53674e-07 0.0 0.0 0.0 0.0 0.0 0.0 0.0 0.0 0.0 8.9407e-08 0.0 0.0 0.0 0.0 0.0 9.12547e-05 0.0 0.0 0.0 0.0 0.0 0.0 0.0 0.0 5.33462e-06 0.0 0.0 0.0 0.0 4.17233e-07 0.0 0.0 0.0 0.0 0.0 0.0 0.0 0.0 0.0 0.0
0.0 0.997738 0.0 0.0 2.08616e-07 0.0 2.41399e-06 0.0 0.0 0.0 0.0 0.0 0.0 0.0 0.0 0.0 0.0 0.0 0.0 0.0 1.13249e-05 0.0 0.0 0.0 0.0 0.0 8.9407e-08 0.0 0.0 0.0 0.0 4.03821e-05 1.49012e-07 0.0 0.0 0.0 0.0 0.0 0.0 0.0 4.17233e-07 0.000353783 0.0 5.41508e-05 0.0 0.0 1.46031e-05 0.0 0.0 0.0 0.000629723 0.0 0.0 0.0 0.0 0.0 0.0 0.0 0.0 0.0 0.0 0.0 0.0 0.0
0.0 2.5034e-06 0.0 0.0 0.0861202 0.0 0.00937542 0.0 0.0 0.0 0.0 0.0 0.0 5.36442e-06 0.0 0.0 0.0 0.0 0.0 0.0 4.72665e-05 0.0 0.000145406 0.0 0.0 0.0 0.0 4.69387e-05 0.0 0.0 0.0 0.0 0.983307 0.0 0.0 0.0 0.0 0.0 2.17557e-06 0.0 0.0246505 0.000160217 0.0 0.20512 0.0 0.0 0.0 0.0 0.0 0.000243485 0.000178367 0.0 0.0850794 0.0 0.0 0.0 2.38419e-07 0.0 0.0 0.0 0.0 0.0 0.0 0.0
0.0 2.86102e-06 0.0 0.0 0.0 0.0 0.0 0.0 0.0 0.0 0.0 0.0 0.0 0.0 0.0 0.0 0.0 0.0 0.0 0.0 0.0 0.0 0.0 0.0 0.0 0.0 9.80496e-06 0.0 0.0 0.0 0.0 0.0 0.0 0.0 0.0 0.0 0.0 0.0 0.0 0.0 0.0 0.0 0.0 2.98023e-08 0.0 0.0 0.999998 0.0 0.0 0.0 3.07858e-05 0.0 0.0 0.0 0.0 0.0 2.98023e-08 0.0 0.0 0.0 0.0 0.0 0.0 0.0
0.0 0.0 0.0 1.19209e-07 0.0 0.0 0.0 0.0 0.0 0.0 4.20213e-05 0.0 3.03686e-05 0.0 0.0 0.0 0.0 2.68221e-06 0.0128033 0.0 0.0 0.0 0.0 0.0 0.0 0.0 0.0 0.0 0.0 0.0 0.0143811 0.0 0.0 0.0 0.0335206 1.49012e-07 0.0 0.0113125 5.96046e-08 0.0 0.0 0.0 0.0 0.0 0.0 1.19209e-07 0.0 0.0 0.0 0.0 0.0 0.0 0.0 0.0 0.0 3.57628e-07 8.9407e-08 6.07967e-06 0.0284438 0.0 0.0 0.0 0.0 0.0
0.0 0.0 0.0 0.0 0.0 0.0 0.0 0.0 0.0 0.0 0.0 0.0 0.0 0.0 0.0 0.0 0.0 0.0 0.0 0.0 0.0 0.0 0.0 0.0 0.0 0.0 0.0 0.0 0.0 0.0 0.0 0.0 0.0 0.0 0.0 0.0 0.0 0.0 0.0 0.0 0.0 0.0 0.999879 0.0 0.0 0.0 0.0 0.0 0.0 0.0 0.0 0.0 0.0 0.0 0.0 0.0 0.0 0.0 0.0 0.0 0.0 0.0 0.0 0.0
0.0 0.0 0.0 7.18236e-05 0.0 0.0 0.0 0.0 0.0 0.0 2.98023e-08 0.0 0.0651063 0.0 0.0 0.0 0.0 7.7486e-07 0.00018841 0.0 0.0 0.0 0.0 0.0 0.0 0.0 0.0 0.0 0.0 0.0 0.00295147 0.0 0.0 0.0 0.0 0.000572205 0.0 0.0156794 0.0 0.0 0.0 0.0 0.0 0.0 0.0 0.0 0.0 0.0 0.0 0.0 0.0 0.0 0.0 0.0 0.0 2.08616e-07 4.52995e-06 0.000259131 7.30157e-06 0.0 0.0 0.0 0.0 2.98023e-07
0.0 0.0 0.0 0.0 0.0 0.0 0.0 0.0 0.0 0.0 0.0 0.0 0.0 0.0 0.0 0.0 0.0 0.0 0.0 1.0 0.0 0.0 0.0 0.0 0.0 0.0 0.0 0.0 0.0 0.0 0.0 0.0 0.0 0.0 0.0 0.0 0.0 0.0 0.0 0.0 0.0 0.0 0.0 0.0 0.0 0.0 0.0 0.0 0.0 0.0 0.0 0.0 0.0 0.0 0.0 0.0 0.0 0.0 0.0 0.0 0.0 0.0 0.0 0.0
0.0 0.0 0.0 4.26173e-06 0.0 0.0 0.0 0.0 0.0 0.0 0.0 0.0 2.71201e-06 0.0 0.0 0.0 0.0 5.06639e-07 0.000239789 0.0 0.0 0.0 0.0 0.0 0.0 0.0 0.0 0.0 0.0 0.0 8.9407e-08 0.0 0.0 0.0 0.0 0.997046 0.0 0.0 0.0 0.0 0.0 0.0 0.0 0.0 0.0 0.0 0.0 0.0 0.0 0.0 0.0 0.0 0.0 0.0 0.0 9.83477e-07 0.0 0.0 1.78814e-07 0.0 0.0 0.0 0.0 0.0
0.0 0.0 0.0 0.0 1.78814e-07 0.0 1.01328e-06 5.96046e-08 0.0 0.0 0.0 0.0 0.0 8.85129e-06 0.0 0.0 0.0 0.0 2.98023e-07 0.0 0.0 0.0 0.0 0.0 0.0 0.0 0.0 1.85072e-05 0.0 0.0 0.0 0.0 3.57628e-07 0.0 5.96046e-08 0.0 0.0 0.0 0.999991 0.0 2.71201e-06 0.0 0.0 0.0 0.0 3.63588e-06 0.0 0.0 0.0 0.0 0.0 0.0 9.23872e-07 0.0 0.0 0.0 5.96046e-08 0.0 0.0 0.0 0.0 0.0 0.0 0.0
0.0 0.0 0.0 0.0 1.49012e-07 0.0 0.0 0.0 0.0 0.0 2.98023e-08 0.0 0.0 0.0 0.0 0.0 0.0 1.19209e-07 6.55651e-07 0.0 3.57628e-07 0.0 0.0 0.0 0.0 0.0 0.0 2.08616e-07 0.0 0.0 1.05202e-05 0.0 0.00060901 0.0 7.75754e-05 3.8743e-07 0.0 1.19209e-07 1.49012e-07 0.0 0.0 0.0 0.0 5.29587e-05 0.0 0.0 0.0 0.0 0.0 0.00177383 0.0 0.0 6.25849e-07 0.0 0.0 0.0 0.00865215 0.0 2.08616e-07 0.0 0.0 0.0 0.0 0.0
9.74536e-06 0.0 0.0 0.0 0.0 0.99606 0.0 0.0 0.0 0.0 0.0 0.0 0.0 0.0 0.00314474 0.0 0.0 0.0 0.0 0.0 0.0 0.0 0.0 0.0 0.0 0.0 0.0 0.0 0.0 0.0 0.0 8.9407e-08 0.0 7.09295e-06 0.0 0.0 0.0 0.0 0.0 0.0 0.0 0.0 0.0 0.0 0.0 0.0 0.0 0.0 0.0 0.0 0.0 0.0 0.0 0.0 0.0 0.0 0.0 0.0 0.0 0.0 0.0 0.0 0.0 0.0
0.0 0.0 0.0 0.0 0.0 0.0 0.0 0.0 0.0 0.0 0.0 0.0 0.0 0.0 0.0 0.0 0.0 0.0 0.0 0.0 0.0 0.0 0.0 0.0 0.0 0.0 0.0 0.0 6.25849e-07 0.0 0.0 0.0 0.0 0.0 0.0 0.0 0.0 0.0 0.0 0.0 0.0 0.0 0.0 0.0 0.0 0.0 0.0 0.0 0.0 0.0 0.0 0.0 0.0 0.0 0.996593 0.0 0.0 0.0 0.0 0.0 0.0 0.0 0.0 0.0
0.0 6.85453e-07 0.0 0.0 0.0680909 0.0 0.129288 0.0 0.0 0.0 0.0 0.0 0.0 0.0426035 0.0 0.000100851 0.0 0.0 0.0 0.0 0.0 0.0 0.00259072 0.0 0.0 0.0 0.0 0.000208557 0.0 0.0 0.0 1.19209e-07 0.00284705 0.0 0.0 0.0 0.0 0.0 5.1856e-06 0.0 0.991679 0.00123346 0.0 0.00147298 0.0 0.0 0.0 0.0 0.0 1.78814e-07 3.27826e-07 0.0 0.0218946 0.0 0.0 0.0 0.0 0.0 0.0 0.0 0.0 0.0 0.0 0.0
0.0 0.0 0.0 0.0 3.10838e-05 0.0 0.000155926 0.0 0.0 0.0 0.0 0.0 0.0 0.999919 0.0 0.000420094 0.0 0.0 0.0 0.0 0.0 0.0 0.00815979 0.0 0.0 0.0 0.0 1.72853e-06 0.0 0.0 0.0 5.69224e-06 4.44055e-06 0.0 0.0 0.0 0.0 0.0 0.000109375 0.0 0.0227409 1.01328e-06 0.0 7.12276e-06 0.0 0.0 0.0 0.0 0.0 0.0 0.0 0.0 0.000114083 0.0 0.0 0.0 0.0 0.0 0.0 0.0 0.0 0.0 0.0 0.0
0.0 0.0 0.0 0.0 0.0 0.0 0.0 0.0 0.0 0.0 0.0 0.0 2.38419e-07 0.0 0.0 0.0 0.0 0.00987387 0.999574 0.0 0.0 0.0 0.0 0.0 0.0 0.0 0.0 1.51992e-06 0.0 0.0 1.04308e-06 0.0 0.0 0.0 8.22842e-05 7.76947e-05 0.0 1.49012e-07 5.96046e-08 0.0 0.0 0.0 0.0 0.0 0.0 2.61068e-05 0.0 0.0 0.0 0.0 0.0 0.0 0.0 0.0 0.0 2.86102e-06 0.0 3.57628e-07 0.95682 5.96046e-08 0.0 0.0 0.0 0.0
0.0 0.0 0.0 0.0 0.0 0.0 0.0 0.0 0.0 0.0 8.9407e-08 0.0 0.894588 0.0 0.0 0.0 0.0 2.98023e-07 0.000154227 0.0 0.0 0.0 0.0 0.0 0.0 0.0 0.0 0.0 0.0 0.0 0.000249863 0.0 0.0 0.0 4.17233e-07 1.19209e-07 0.0 4.08292e-06 0.0 0.0 0.0 0.0 0.0 0.0 0.0 0.0 0.0 0.0 0.0 0.0 0.0 0.0 0.0 0.0 0.0 7.15256e-07 0.0 0.999967 0.000876516 0.0 0.0 0.0 0.0 2.98023e-08
0.0 1.10269e-06 0.0 0.0 1.49012e-07 0.0 0.0 0.0 0.0 0.0 0.0 0.0 0.0 0.0 0.0 0.0 0.0 0.0 0.0 0.0 0.999901 0.0 0.0 0.0 0.0 0.0 0.0 0.0 0.0 0.0 0.0 8.9407e-08 3.21865e-06 0.0 0.0 0.0 0.0 0.0 0.0 0.0 8.9407e-08 1.40071e-06 0.0 5.1558e-06 0.0 0.0 0.0 0.0 0.0 0.000525981 4.47035e-06 0.0 0.0 0.0 0.0 0.0 0.0 0.0 0.0 0.0 0.0 0.0 0.0 0.0
0.0 0.0 0.0 5.96046e-08 0.0 0.0 0.0 0.0 0.0 0.0 9.25958e-05 0.0 1.90735e-06 0.0 0.0 0.0 0.0 1.19209e-06 3.09944e-06 0.0 0.0 0.0 0.0 0.0 0.0 0.0 0.0 0.0 0.0 0.0 0.994427 0.0 0.0 0.0 5.36442e-07 1.49012e-07 0.0 0.000731975 0.0 0.0 0.0 0.0 0.0 0.0 0.0 0.0 0.0 0.0 0.0 0.0 0.0 0.0 0.0 0.0 0.0 5.96046e-08 3.51667e-06 2.05934e-05 0.000648409 0.0 0.0 0.0 0.0 0.0
0.0 0.0 0.0 0.0 0.0 0.0 0.0 0.997884 0.0 0.0 0.0 0.0 1.51992e-06 0.0 0.0 0.0 0.0 5.96046e-08 1.07288e-06 0.0 0.0 0.0 0.0 0.0 0.0 0.0 0.0 0.0 0.0 0.0 0.0 0.0 0.0 0.0 0.0 0.0 0.0 0.0 0.0 0.0 0.0 0.0 0.0 0.0 0.0 0.0 0.0 0.0 0.0 0.0 0.0 0.0 0.0 0.0 0.0 0.0 0.0 0.0 0.0 0.0 0.0 1.19209e-07 0.0 0.0
0.0 0.0 0.0 0.0 0.0 0.0 0.0 0.0 0.0 0.0 0.0 0.0 0.0 0.0 0.0 0.0 0.0 0.0 3.20673e-05 0.0 0.0 0.0 0.0 0.0 0.0 0.0 0.0 0.0 0.0 0.0 0.0 0.0 0.0 0.0 8.9407e-08 0.0 0.0 0.0 4.14252e-06 0.0 0.0 0.0 0.0 0.0 0.0 0.993162 0.0 0.0 0.0 0.0 0.0 0.0 0.0 0.0 0.0 0.0 0.0 0.0 1.49012e-07 3.8892e-05 0.0 2.98023e-08 0.0 0.0
0.0 0.0 0.0 0.0 0.0 0.0 0.0 0.0 0.0 0.0 1.90735e-06 0.0 0.0 0.0 0.0 0.0 0.0 0.0 0.0 0.0 0.0 0.0 0.0 0.0 0.0 1.78814e-07 0.0 0.0 0.0 0.0 0.0 0.0 0.0 0.0 0.0 0.0 3.9041e-06 1.90735e-06 0.0 0.0 0.0 0.0 0.0 0.0 0.0 0.0 0.0 0.997771 0.0 0.0 0.0 0.0 0.0 0.0 0.0 0.0 0.0 0.0 0.0 0.0 0.0 0.0 0.0 2.98023e-08
0.0 0.0 0.0 0.0 0.0 0.0 0.0 0.0 0.0 0.0 7.27177e-06 0.0 0.0 0.0 0.0 0.0 0.0 0.092781 0.928327 0.0 0.0 0.0 0.0 0.0 0.0 0.0 0.0 0.000654727 0.0 0.0 0.000847518 0.0 0.0 0.0 0.000448167 0.0 0.0 0.0 0.0 0.0 0.0 0.0 0.0 0.0 0.0 2.68221e-07 0.0 0.0 0.0 0.0 0.0 0.0 0.0 0.0 0.0 3.33786e-06 0.0 3.78489e-06 0.999986 0.0 0.0 0.0 0.0 0.0
0.0 0.0 0.0 0.0 0.0 0.0 0.0 0.0 0.0 0.998356 0.0 0.0 0.0 0.0 0.0 0.0 0.0 0.0 0.0 0.0 0.0 0.0 0.0 0.0 0.0 0.0 0.0 0.0 2.38419e-07 0.0 0.0 0.0 0.0 0.0 0.0 0.0 0.0 0.0 0.0 0.0 0.0 0.0 0.0 0.0 0.0 0.0 0.0 0.0 0.0 0.0 0.0 0.0 0.0 0.0 0.0 0.0 0.0 0.0 0.0 0.0 0.0 0.0 0.0 0.0
0.0 0.0 0.0 0.0 0.0 0.0 0.0 0.0 0.0 0.0 0.0 0.0 0.0 0.0 0.0 0.0 0.0 0.0 0.0 0.0 0.0 0.0 0.0 0.0 8.9407e-08 0.0 0.0 0.0 0.0 0.999995 0.0 0.0 0.0 0.0 0.0 0.0 0.0 0.0 0.0 0.0 0.0 0.0 0.0 0.0 0.0 0.0 0.0 0.0 0.0 0.0 0.0 0.0 0.0 0.0 0.0 0.0 3.27826e-07 0.0 0.0 0.0 0.0 0.0 0.0 0.00110787
0 14 23 53 48 44 8 39 2 11 63 13 38 42 21 16 33 61 29 62 17 46 4 41 6 58 12 9 25 19 15 32 22 7 24 10 36 55 31 52 27 34 28 51 60 57 26 40 50 59 3 54 47 30 56 1 5 45 49 18 35 37 20 43
