8
0.0 0.0 0.0 0.0 0.0 0.0 0.0 0.0 2.14577e-06 0.0 0.0 0.0 0.0 0.0 0.0 0.0 0.0 1.0 0.0 0.0 0.0 0.0 0.0 0.0 0.0 0.0 0.0 0.0 0.0 0.0 0.0 0.0 0.0 0.0 0.0 0.0 0.0 0.0 0.0 0.0 0.0 0.0 0.0 0.0 0.0 0.0 0.0 0.0 0.0 0.0 0.0 0.0 0.0 0.0 0.0 0.0 0.0 0.0 0.0 0.0 0.0 0.0 0.0 0.0
0.0 0.0 0.0 0.0 0.0 0.0 0.0 0.0 0.999582 0.0 0.0 0.0 0.0 0.0 0.0 0.0 0.0 0.0 5.07534e-05 0.0 0.0 0.0 0.0 0.0 2.98023e-08 0.0 0.0 0.0 0.0 0.0 0.0 0.0 0.0 0.0 0.0 5.96046e-08 5.96046e-08 2.68221e-07 4.17233e-07 0.0 0.0 0.0 0.997981 0.0 0.0 0.0 0.0 0.0 0.0 0.0 0.0 0.0 8.9407e-08 0.0 1.04308e-06 0.0 0.0 0.0 0.0 0.0 0.0 0.0 0.0 0.0
0.0 0.0 0.0 0.0 0.0 0.0 0.0 1.49012e-07 0.347128 0.0 0.0 0.0 0.0 0.0 0.0 0.0 0.0 0.0 0.947603 0.0 0.0 0.0 0.0 0.0 2.08616e-07 0.0 0.0 0.0 0.0 0.0 0.0 0.0 0.0 0.0 0.0 2.98023e-08 0.999188 1.84774e-06 0.0 0.0 0.0 0.0 0.0 0.0 0.0 0.0 0.0 0.0 0.0 0.0 0.0 0.0 0.0 0.0 0.00290602 0.0 0.0 0.0 0.0 0.0 0.0 0.0 0.0 0.0
0.0 0.0 0.0 0.920531 0.618224 0.0 0.0 0.0 0.0 0.0 0.0 0.474991 8.10623e-05 0.0 0.0 0.0 1.12951e-05 0.0 0.0 0.0 0.000477731 0.0 0.271086 0.0 0.0 0.0 0.0 0.0 7.15256e-07 0.000169188 0.445803 0.0103394 0.0 0.0 1.22488e-05 0.0 0.0 0.0 0.0 0.986588 0.0 0.0 0.0 0.0 1.01328e-06 2.21729e-05 0.000153571 0.910123 0.00576127 0.0 0.0 0.0 0.0 0.997429 0.0 0.0 0.0 0.641003 0.0 0.0 2.08616e-07 0.0 0.0 0.544405
0.0 0.0 0.0 0.698123 0.133443 0.0 0.0 0.0 0.0 0.0 0.0 0.639545 2.28286e-05 0.0 0.0 0.0 2.27988e-05 0.0 0.0 0.0 5.72205e-05 0.0 0.154624 0.0 0.0 0.0 0.0 0.0 5.06639e-07 0.00430009 0.749528 0.00954303 0.0 0.0 5.72801e-05 0.0 0.0 0.0 0.0 0.998968 0.0 0.0 0.0 0.0 6.25849e-07 1.16229e-06 5.6684e-05 0.981527 0.0181839 0.0 0.0 0.0 0.0 0.979669 0.0 0.0 0.0 0.994502 0.0 0.0 0.0 0.0 0.0 0.33651
0.0 0.0 0.0 0.0713198 0.00172237 0.0 0.0 0.0 0.0 0.0 0.0 0.0419408 2.65241e-06 0.0 0.0 0.0 0.0740778 0.0 0.0 0.0 0.000898302 0.0 0.999115 0.0 0.0 0.0 0.0 0.0 2.98023e-08 5.66244e-07 0.0137008 7.7188e-05 0.0 0.0 1.93715e-06 0.0 0.0 0.0 0.0 0.0412165 0.0 0.0 0.0 0.0 0.0994183 0.17525 0.015145 0.0185042 0.771133 0.0 0.0 0.0 0.0 0.529189 0.0 0.0 0.0 0.0772346 0.0 0.0 3.88622e-05 0.0 0.0 0.0299259
0.000173301 0.0 6.88434e-06 0.0 0.0 0.0 0.0 8.9407e-08 0.0 0.0 0.0 0.0 0.0 0.000438035 0.0 0.0 0.0 0.0 0.0 0.0 0.0 0.0 0.0 0.0 4.17233e-07 0.999364 0.0 0.0 0.0 0.0 0.0 0.0 0.0 0.0 0.0 0.0 0.0 1.49012e-07 8.28505e-06 0.0 3.03984e-06 0.0 0.0 5.36442e-07 0.0 0.0 0.0 0.0 0.0 0.0 0.0 0.0 0.0 0.0 0.0 0.0 0.0 0.0 0.0 1.78814e-07 0.0 0.0 0.0 0.0
0.0 0.0 0.0 0.0 0.0 0.0 0.0 0.0 1.19209e-06 0.0 0.999969 0.0 0.0 0.0 0.0 0.0 0.0 0.0 0.0 0.0 0.0 0.0 0.0 0.0 4.63724e-05 0.0 0.0 6.64592e-06 0.0 0.0 0.0 0.0 0.0 0.0 0.0 0.0 0.0 0.0 1.96695e-06 0.0 0.0 0.0 5.96046e-08 0.0 0.0 0.0 0.0 0.0 0.0 0.0 0.0 0.0 0.0136938 0.0 0.0 0.0 0.0 0.0 0.0 0.0 0.0 0.0 0.0 0.0
2.37823e-05 0.0 0.0 0.0 0.0 0.0 0.0 0.0 0.0 0.0 5.96046e-08 0.0 0.0 0.0068067 0.999676 0.0 0.0 0.0 0.0 0.0 0.0 0.0 0.0 0.0 0.00211516 0.0 0.0 0.0 0.0 0.0 0.0 0.0 0.0 0.0 0.0 0.0 0.0 1.16229e-06 0.0 0.0 0.0 0.0 0.0 3.19481e-05 0.0 0.0 0.0 0.0 0.0 0.0 0.0 0.0 0.0 0.0 0.0 0.0 0.0 0.0 0.0 0.000909925 0.0 0.0 0.0 0.0
0.0 0.0 0.0 0.0 0.0 0.999842 0.0217468 0.0 0.999787 0.123443 0.0 0.0 0.0 0.0 0.0 0.0 0.0 0.0 0.0 0.0 0.0 0.0 0.0 0.0 0.0 0.0 0.817328 0.0 0.0 0.0 0.0 0.0 0.0 0.0 0.0 0.0 2.98023e-08 0.0 0.0 0.0 0.0 0.995796 4.76837e-07 0.0 0.0 0.0 0.0 0.0 0.0 0.0 0.0 0.0 0.0 0.0 8.40425e-06 0.0 0.00067237 0.0 0.0 0.0 1.57952e-06 0.999838 0.999126 0.0
0.0 0.0 0.0 0.0 0.0 0.0 0.0 0.0 0.0449696 0.0 0.0 0.0 0.0 0.0 0.0 0.0 0.0 0.0 5.06639e-07 0.0 0.0 0.0 0.0 0.0 9.39369e-05 0.0 0.0 0.0 0.0 0.0 0.0 0.0 0.0 0.0 0.0 0.999844 1.20103e-05 0.00111732 0.0 0.0 0.0 0.0 0.000411034 0.0 0.0 0.0 0.0 0.0 0.0 0.0 0.0 0.0 9.83477e-07 0.0 1.19209e-07 0.0 0.0 0.0 0.0 0.0 0.0 0.0 0.0 0.0
0.0 0.0 0.0 0.00151777 0.000735998 0.0 0.0 0.0 0.0 0.0 0.0 0.0365275 0.00898179 0.0 0.0 0.0 5.96046e-08 0.0 0.0 0.0 0.999561 0.0 0.000249803 0.0 0.0 0.0 0.0 0.0 6.03497e-05 2.38419e-06 6.56545e-05 0.00891638 0.0 0.0 1.78814e-07 0.0 0.0 0.0 0.0 0.00542042 0.0 0.0 0.0 0.0 0.0 0.000583559 4.76837e-07 0.0962803 0.00111988 0.0 0.0 0.0 0.0 0.00412697 0.0 0.0 0.0 6.97076e-05 0.0 0.0 7.62939e-05 0.0 0.0 0.000355542
0.0 0.0 0.0 0.00321701 4.69387e-05 0.0 0.0 0.0 0.0 0.0 0.0 0.0859416 3.72827e-05 0.0 0.0 0.0 0.000331819 0.0 0.0 0.0 4.83394e-05 0.0 0.00035885 0.0 0.0 0.0 0.0 0.0 1.49012e-07 0.0138745 0.0273949 0.166045 0.0 0.0 0.999997 0.0 0.0 0.0 0.0 0.00372982 0.0 0.0 0.0 0.0 3.54648e-06 0.0 0.000129968 0.255213 0.000919282 0.0 0.0 0.0 0.0 0.00211781 0.0 0.0 0.0 0.138738 0.0 0.0 0.0 0.0 0.0 0.000510246
0.0 0.0 0.999961 0.0 0.0 0.0 0.0 0.0 0.0 0.0 0.0 0.0 0.0 0.0 0.0 0.0 0.0 0.0 0.0 0.0 0.0 0.0 0.0 0.0 0.0 1.51694e-05 0.0 0.0 0.0 0.0 0.0 0.0 0.0 0.0 0.0 0.0 0.0 5.96046e-08 5.45382e-06 0.0 9.23872e-07 0.0 0.0 0.0 0.0 0.0 0.0 0.0 0.0 0.0 0.0 0.0 0.0 0.0 0.0 0.0 0.0 0.0 0.0 0.0 0.0 0.0 0.0 0.0
0.0 0.0 0.0 0.0 0.0 0.0 0.0 0.997129 0.000115514 0.0 0.0 0.0 0.0 0.0 0.0 0.0 0.0 0.0 0.000761002 0.0 0.0 0.0 0.0 0.0 5.96046e-08 0.0 0.0 0.0 0.0 0.0 0.0 0.0 0.0 0.0 0.0 0.0 2.98023e-08 5.96046e-08 0.0 0.0 0.0 0.0 0.0 0.0 0.0 0.0 0.0 0.0 0.0 0.0 0.0 0.0 0.0 0.0 9.74536e-06 0.0 0.0 0.0 0.0 0.0 0.0 0.0 0.0 0.0
6.31809e-06 0.0 0.0 0.0 0.0 0.0 0.0 0.0 0.0 0.0 8.58307e-06 0.0 0.0 5.31971e-05 1.78516e-05 0.0 0.0 0.0 2.71201e-06 0.0 0.0 0.0 0.0 0.0 0.999764 5.96046e-08 0.0 0.0 0.0 0.0 0.0 0.0 0.0 0.0 0.0 8.9407e-08 0.0 0.00380549 0.0340233 0.0 0.000864595 0.0 0.0 0.0 0.0 0.0 0.0 0.0 0.0 0.0 0.0 0.0 0.0 0.0 0.0 0.0 0.0 0.0 0.0 0.00222662 0.0 0.0 0.0 0.0
0.97887 0.000187397 2.16663e-05 0.0 0.0 0.0 0.0 0.994087 0.416304 0.0 0.000445098 0.0 0.0 0.993597 0.834236 0.0 0.0 0.0 0.997333 0.0 0.0 0.0 0.0 5.66244e-07 0.99999 0.797874 0.0 0.0910665 0.0 0.0 0.0 0.0 0.0 0.0 0.0 0.0133556 0.786896 0.999999 0.997267 0.0 0.402778 0.0 0.110051 0.121169 0.0 0.0 0.0 0.0 0.0 0.0 0.0 0.0 0.00481209 0.0 0.995564 0.229224 0.0 0.0 0.0 0.731498 0.0 0.0 0.0 0.0
1.04308e-06 0.0 0.0 0.0 0.0 0.0 0.0 0.0 0.0 0.0 0.0 0.0 0.0 0.66523 0.000460684 0.0 0.0 0.0 0.0 0.0 0.0 0.0 0.0 0.0 8.9407e-08 2.38419e-07 0.0 0.0 0.0 0.0 0.0 0.0 0.0 0.0 0.0 0.0 0.0 0.0 0.0 0.0 0.0 0.0 0.0 0.984243 0.0 0.0 0.0 0.0 0.0 0.0 0.0 0.0 0.0 0.0 0.0 0.0 0.0 0.0 0.0 5.06639e-07 0.0 0.0 0.0 0.0
0.0 0.0 3.96371e-06 0.0 0.0 0.0 0.0 0.0 0.0 0.0 0.0 0.0 0.0 2.38419e-07 0.0 0.0 0.0 0.0 0.0 0.0 0.0 0.0 0.0 0.0 1.49012e-07 7.26283e-05 0.0 0.0 0.0 0.0 0.0 0.0 0.0 0.0 0.0 0.0 0.0 0.0 0.0 0.0 7.03335e-06 0.0 0.0 5.0962e-06 0.0 0.0 0.0 0.0 0.0 0.0 0.0 0.0 0.0 0.0 0.0 0.0 0.0 0.0 0.0 0.0 0.0 0.0 0.0 0.0
0.0 0.0 0.0 0.0 0.0 0.0 0.0 0.0 0.0 0.0 0.0 0.0 0.0 0.0 0.0 0.0 0.0 0.0 0.0 0.0 0.0 0.0 0.0 0.0 0.0 0.0 0.0 0.0 0.0 0.0 0.0 0.0 0.0 0.0 0.0 0.0 0.0 0.0 0.0 0.0 0.0 0.0 0.0 0.0 0.0 0.0 0.0 0.0 0.0 0.0 0.0 0.0 0.0 0.0 0.0 0.0 0.0 0.0 0.0 0.0 0.0 0.0 0.0 0.0
0.0 0.0 0.0 0.000754416 0.000338167 0.0 0.0 0.0 0.0 0.0 0.0 0.010152 0.991976 0.0 0.0 0.0 0.0 0.0 0.0 0.0 0.00191852 0.0 6.79493e-06 0.0 0.0 0.0 0.0 0.0 0.000412762 1.02222e-05 0.000217438 0.806053 0.0 0.0 4.52995e-06 0.0 0.0 0.0 0.0 0.00232732 0.0 0.0 0.0 0.0 0.0 1.19209e-06 0.0 0.0987811 3.8743e-07 0.0 0.0 0.0 0.0 0.00273976 0.0 0.0 0.0 0.000103176 0.0 0.0 8.9407e-08 0.0 0.0 0.00446156
0.0 0.0 0.0 0.0 0.0 0.0 0.0 0.0 0.0 0.0 0.0 0.0 0.0 0.0 0.0 0.0 0.0 0.0 0.0 0.0 0.0 0.0 0.0 0.0 0.0 0.0 0.0 0.0 0.0 0.0 0.0 0.0 0.0 0.0 0.0 0.0 0.0 0.0 0.0 0.0 0.0 0.0 0.0 0.0 0.0 0.0 0.0 0.0 0.0 0.0 0.999999 0.0 0.0 0.0 0.0 0.0 0.0 0.0 0.0 0.0 0.0 0.0 0.0 0.0
0.0 0.0 0.0 0.0132424 0.000891238 0.0 0.0 0.0 0.0 0.0 0.0 0.0713052 3.27826e-07 0.0 0.0 0.0 0.0670532 0.0 0.0 0.0 0.000592411 0.0 0.980444 0.0 0.0 0.0 0.0 0.0 0.0 4.05312e-06 0.0300016 2.04742e-05 0.0 0.0 1.19209e-07 0.0 0.0 0.0 0.0 0.104812 0.0 0.0 0.0 0.0 0.0139189 0.00300774 0.0686236 0.0718144 0.999719 0.0 0.0 0.0 0.0 0.18209 0.0 0.0 0.0 0.412215 0.0 0.0 1.13249e-06 0.0 0.0 0.0209278
0.0 0.0 0.0 3.60608e-06 1.70171e-05 7.42078e-05 0.0169576 0.0 6.25849e-07 0.00106177 0.0 1.37389e-05 0.0 0.0 0.0 0.0 0.00677207 0.0 0.0 0.0 2.74181e-06 0.0 0.00323299 0.0 0.0 0.0 0.000113964 0.0 0.0 8.9407e-08 2.5034e-06 0.0 0.0 0.0 6.85453e-07 0.0 0.0 0.0 0.0 2.08616e-06 0.0 0.0594526 0.0 0.0 0.000637561 5.36442e-07 0.0628452 1.49012e-07 7.48038e-06 0.0 0.0 2.10106e-05 0.0 6.34789e-06 0.0 0.0 1.0 3.43323e-05 0.0 0.0 0.0567134 8.9407e-08 0.000184834 1.78814e-07
1.5527e-05 0.0 1.19209e-07 0.0 0.0 0.0 0.0 0.0 0.0 0.0 1.19209e-07 0.0 0.0 1.57952e-06 9.23872e-06 0.0 0.0 0.0 0.0 0.0 0.0 0.0 0.0 0.0 0.0048731 2.38419e-06 0.0 0.0 0.0 0.0 0.0 0.0 0.0 0.0 0.0 0.0 0.0 9.53078e-05 2.38419e-07 0.0 0.988529 0.0 0.0 0.0 0.0 0.0 0.0 0.0 0.0 0.0 0.0 0.0 0.0 0.0 0.0 0.0 0.0 0.0 0.0 1.09971e-05 0.0 0.0 0.0 0.0
0.0 0.0 0.0 0.0 0.0 0.0 0.0 0.0 0.0 0.0 0.0 0.0 0.0 0.0 0.0 0.0 0.0 0.0 0.0 0.0 0.0 0.0 0.0 0.0 0.0 0.0 0.0 0.0 0.0 0.0 0.0 0.0 0.0 0.0 0.0 0.0 0.0 0.0 0.0 0.0 0.0 0.0 0.0 0.0 0.0 0.0 0.0 0.0 0.0 1.0 0.0 0.0 0.0 0.0 0.0 0.0 0.0 0.0 0.0 0.0 0.0 0.0 0.0 0.0
0.0 0.0 0.0 0.0251547 0.00171825 0.0 0.0 0.0 0.0 0.0 0.0 0.999126 0.00160044 0.0 0.0 0.0 0.000201106 0.0 0.0 0.0 0.00647631 0.0 0.221834 0.0 0.0 0.0 0.0 0.0 2.92063e-06 2.5034e-06 0.0792791 0.00372621 0.0 0.0 0.000305861 0.0 0.0 0.0 0.0 0.398617 0.0 0.0 0.0 0.0 7.05123e-05 0.000408679 0.000773489 0.198777 0.168524 0.0 0.0 0.0 0.0 0.268899 0.0 0.0 0.0 0.708876 0.0 0.0 4.14252e-06 0.0 0.0 0.00912276
5.68032e-05 0.0 0.0 0.0 0.0 0.0 0.0 0.0 1.19209e-07 0.0 0.000417709 0.0 0.0 1.96695e-06 7.62939e-06 0.0 0.0 0.0 2.08616e-07 0.0 0.0 0.0 0.0 0.0 0.0909815 0.0 0.0 3.8743e-07 0.0 0.0 0.0 0.0 0.0 0.0 0.0 5.45084e-05 0.0 2.82526e-05 4.59254e-05 0.0 0.0678222 0.0 0.0 0.0 0.0 0.0 0.0 0.0 0.0 0.0 0.0 0.0 2.98023e-07 0.0 0.0 1.49012e-07 0.0 0.0 0.0 0.0612306 0.0 0.0 0.0 0.0
0.999941 0.0 0.0 0.0 0.0 0.0 0.0 1.19209e-07 0.0 0.0 0.0 0.0 0.0 0.985481 0.590923 0.0 0.0 0.0 5.66244e-07 0.0 0.0 0.0 0.0 0.0 0.0178998 0.00118369 0.0 0.0 0.0 0.0 0.0 0.0 0.0 0.0 0.0 2.98023e-08 0.0 0.00105366 3.8743e-07 0.0 0.000155956 0.0 0.0 0.00352484 0.0 0.0 0.0 0.0 0.0 0.0 0.0 0.0 0.0 0.0 5.96046e-08 8.41916e-05 0.0 0.0 0.0 0.888342 0.0 0.0 0.0 0.0
0.0 0.0 0.0 5.96046e-08 0.0 0.0 0.0 0.0 0.0 0.0 0.0 0.0 0.0 0.0 0.0 0.0 0.0 0.0 0.0 0.0 0.0 0.0 0.0 0.0 0.0 0.0 0.0 0.0 0.0 0.0164183 2.38419e-07 5.96046e-08 0.0 0.0 3.45707e-06 0.0 0.0 0.0 0.0 8.9407e-08 0.0 0.0 0.0 0.0 0.0 0.0 0.0 7.56979e-06 0.0 0.0 0.0 0.0 0.0 8.9407e-08 0.0 0.0 0.0 3.8743e-07 0.0 0.0 0.0 0.0 0.0 5.96046e-08
0.0 0.0 0.0 0.486441 0.999786 0.0 0.0 0.0 0.0 0.0 0.0 0.00350305 1.10269e-06 0.0 0.0 0.0 2.68221e-07 0.0 0.0 0.0 1.40965e-05 0.0 0.00592765 0.0 0.0 0.0 0.0 0.0 0.0 0.000332117 0.448721 5.97835e-05 0.0 0.0 1.19209e-07 0.0 0.0 0.0 0.0 0.558412 0.0 0.0 0.0 0.0 5.96046e-08 1.25468e-05 5.21541e-06 0.208125 0.000354439 0.0 0.0 0.0 0.0 0.897865 0.0 0.0 0.0 0.60561 0.0 0.0 9.23872e-07 0.0 0.0 0.803896
0.0 0.0 0.0 0.0 0.0 7.15256e-07 0.0 0.0 0.0 0.0 0.0 0.0 0.0 0.0 0.0 0.0 0.0 0.0 0.0 0.0 0.0 0.0 1.49012e-07 0.0 0.0 0.0 0.0 0.0 0.0 0.0 0.0 0.0 0.0 0.0 0.0 0.0 0.0 0.0 0.0 0.0 0.0 4.47035e-07 0.0 0.0 8.9407e-08 0.000532269 0.0 0.0 0.0 0.0 0.0 0.0 0.0 0.0 0.0 0.0 0.0 0.0 0.0 0.0 0.999962 0.0 0.0 0.0
0.0 0.0 0.0 0.0 0.0 0.0 0.0 0.0 3.57628e-07 0.0 0.0 0.0 0.0 0.0 0.0 0.998865 0.0 0.0 1.07288e-06 0.0 0.0 0.0 0.0 0.0 0.0 0.0 0.0 0.0 0.0 0.0 0.0 0.0 0.0 0.0 0.0 0.0 0.0 0.0 0.0 0.0 0.0 0.0 0.0 0.0 0.0 0.0 0.0 0.0 0.0 0.0 0.0 0.0 0.0 0.0 8.9407e-08 0.0 0.0 0.0 0.0 0.0 0.0 0.0 0.0 0.0
0.0 0.0 0.0 0.0 0.0 0.0 0.0 0.0 0.0 0.0 0.0 0.0 0.0 0.0 0.0 0.0 0.0 0.0 0.0 0.0 0.0 0.99988 0.0 0.0 0.0 0.0 0.0 0.0 0.0 0.0 0.0 0.0 0.0 5.96046e-07 0.0 0.0 0.0 0.0 0.0 0.0 0.0 0.0 0.0 0.0 0.0 0.0 0.0 0.0 0.0 0.0 0.0 0.0 0.0 0.0 0.0 0.0 0.0 0.0 0.0 0.0 0.0 0.0 0.0 0.0
0.0 0.0 0.0 0.000180662 4.94421e-05 0.0 0.0 0.0 0.0 0.0 0.0 0.000104427 0.0031873 0.0 0.0 0.0 0.0 0.0 0.0 0.0 0.000753373 0.0 0.0 0.0 0.0 0.0 0.0 0.0 3.57628e-07 0.000138909 0.000360012 0.992447 0.0 0.0 3.8743e-06 0.0 0.0 0.0 0.0 0.000391304 0.0 0.0 0.0 0.0 0.0 0.0 0.0 0.224576 1.19209e-07 0.0 0.0 0.0 0.0 0.000324696 0.0 0.0 0.0 0.000899225 0.0 0.0 0.0 0.0 0.0 0.00251102
0.261463 0.0 1.49012e-07 0.0 0.0 0.0 0.0 0.0 0.0 0.0 1.49012e-07 0.0 0.0 0.281906 0.0132701 0.0 0.0 0.0 0.00288999 0.0 0.0 0.0 0.0 0.0 0.0819449 2.71201e-05 0.0 1.78814e-07 0.0 0.0 0.0 0.0 0.0 0.0 0.0 0.0 2.98023e-08 1.18315e-05 0.00229749 0.0 2.85804e-05 0.0 0.0 5.63264e-06 0.0 0.0 0.0 0.0 0.0 0.0 0.0 0.0 0.0 0.0 6.3777e-06 4.26769e-05 0.0 0.0 0.0 0.999673 0.0 0.0 0.0 0.0
0.0 0.0 0.0 0.0 0.0 0.0 0.0 0.0 4.17233e-07 0.0 0.0 0.0 0.0 0.0 0.0 0.0 0.0 0.0 0.000394672 0.0 0.0 0.0 0.0 2.98023e-08 6.60717e-05 0.0 0.0 0.0 0.0 0.0 0.0 0.0 0.0 0.0 0.0 0.0 0.0 6.66082e-05 0.00276762 0.0 2.38419e-07 0.0 0.0 0.0 0.0 0.0 0.0 0.0 0.0 0.0 0.0 0.0 0.0 0.0 1.78814e-07 0.0 0.0 0.0 0.0 8.9407e-08 0.0 0.0 0.0 0.0
8.9407e-08 0.0 0.0 0.0 0.0 0.0 0.0 0.0 0.0 0.0 0.0 0.0 0.0 2.38419e-07 0.0 0.0 0.0 0.0 0.0 0.0 0.0 0.0 0.0 0.0 0.0 0.0 0.0 0.0 0.0 0.0 0.0 0.0 0.0 0.0 0.0 0.0 0.0 1.49012e-07 1.49012e-07 0.0 0.0 0.0 0.0 0.0 0.0 0.0 0.0 0.0 0.0 0.0 0.0 0.0 0.0 0.0 0.0 0.999648 0.0 0.0 0.0 3.11434e-05 0.0 0.0 0.0 0.0
0.0 0.0 0.0 0.0 0.0 0.0 0.0 0.0 0.0 0.0 8.25524e-06 0.0 0.0 0.0 3.15011e-05 0.0 0.0 0.0 0.0 0.0 0.0 0.0 0.0 0.0 0.142222 0.0 0.0 0.0 0.0 0.0 0.0 0.0 0.0 0.0 0.0 0.0 0.0 0.00036189 0.000565678 0.0 6.25849e-07 0.0 0.0 0.0 0.0 0.0 0.0 0.0 0.0 0.0 0.0 0.0 0.0 0.0 0.0 0.0 0.0 0.0 0.0 0.0 0.0 0.0 0.0 0.0
0.0 0.0 0.0 0.0 0.0 0.0 0.0 0.0 0.0 0.0 0.0 0.0 0.0 0.0 0.0 0.0 0.0 0.0 0.0 0.998547 0.0 0.0 0.0 0.0 0.0 0.0 0.0 0.0 0.0 0.0 0.0 0.0 0.0 0.0 0.0 0.0 0.0 0.0 0.0 0.0 0.0 0.0 0.0 0.0 0.0 0.0 0.0 0.0 0.0 0.0 0.0 0.0 0.0 0.0 0.0 0.0 0.0 0.0 0.0 0.0 0.0 0.0 0.0 0.0
0.0 0.0 0.0 0.0 0.0 0.000735939 1.78814e-07 0.0 1.08778e-05 1.2517e-06 0.0 0.0 0.0 0.0 0.0 0.0 0.0 0.0 0.0 0.0 0.0 0.0 0.0 0.0 0.0 0.0 1.49012e-07 0.0 0.0 0.0 0.0 0.0 0.0 0.0 0.0 0.0 0.0 0.0 0.0 0.0 0.0 1.22488e-05 0.0 0.0 0.0 0.0 0.0 0.0 0.0 0.0 0.0 0.0 0.0 0.0 0.0 0.0 0.0 0.0 0.0 0.0 4.47035e-07 1.19209e-05 0.999632 0.0
0.0 0.0 0.0 0.0 0.0 0.0 0.0 0.0 0.0 0.0 0.0 0.0 0.0 0.0 0.0 0.0 0.0 0.0 0.0 0.0 0.0 4.20213e-06 0.0 0.0 0.0 0.0 0.0 0.0 0.0 0.0 0.0 0.0 0.0 0.999954 0.0 0.0 0.0 0.0 0.0 0.0 0.0 0.0 0.0 0.0 0.0 0.0 0.0 0.0 0.0 0.0 0.0 0.0 0.0 0.0 0.0 0.0 0.0 0.0 0.0 0.0 0.0 0.0 0.0 0.0
0.000444889 0.0 0.0 0.0 0.0 0.0 0.0 0.0 0.0 0.0 0.0 0.0 0.0 0.999361 0.000847548 0.0 0.0 0.0 0.0 0.0 0.0 0.0 0.0 0.0 8.13603e-06 1.3411e-06 0.0 0.0 0.0 0.0 0.0 0.0 0.0 0.0 0.0 0.0 0.0 0.0 0.0 0.0 0.0 0.0 0.0 0.240186 0.0 0.0 0.0 0.0 0.0 0.0 0.0 0.0 0.0 0.0 0.0 0.0 0.0 0.0 0.0 5.51343e-05 0.0 0.0 0.0 0.0
0.0 0.0 0.0 0.0 0.0 2.02656e-06 1.0 0.0 0.0 2.98023e-08 0.0 0.0 0.0 0.0 0.0 0.0 0.0 0.0 0.0 0.0 0.0 0.0 5.96046e-08 0.0 0.0 0.0 0.0 0.0 0.0 0.0 0.0 0.0 0.0 0.0 0.0 0.0 0.0 0.0 0.0 0.0 0.0 5.69224e-06 0.0 0.0 3.48687e-06 0.0 0.0 0.0 0.0 0.0 0.0 0.0 0.0 0.0 0.0 0.0 1.49012e-07 0.0 0.0 0.0 1.52886e-05 0.0 4.81009e-05 0.0
0.0 0.0 0.0 0.0 0.0 0.0 0.0 0.0 0.0 0.0 0.0 0.0 0.0 0.0 0.0 0.0 6.91712e-05 0.0 0.0 0.0 0.0 0.0 3.56734e-05 0.0 0.0 0.0 0.0 0.0 0.0 0.0 0.0 0.0 0.0 0.0 0.0 0.0 0.0 0.0 0.0 0.0 0.0 0.0 0.0 0.0 9.84073e-05 0.0 1.78814e-07 0.0 1.78814e-07 0.0 0.0 0.999999 0.0 0.0 0.0 0.0 0.0 0.0 0.0 0.0 0.0 0.0 0.0 0.0
0.0 0.0 0.0 0.999826 0.930252 0.0 0.0 0.0 0.0 0.0 0.0 0.698376 0.000496119 0.0 0.0 0.0 7.86781e-06 0.0 0.0 0.0 0.0014883 0.0 0.0663231 0.0 0.0 0.0 0.0 0.0 2.41399e-06 0.0100443 0.757739 0.0267672 0.0 0.0 3.77893e-05 0.0 0.0 0.0 0.0 0.917454 0.0 0.0 0.0 0.0 2.98023e-07 3.8147e-06 0.00050202 0.980989 0.0143403 0.0 0.0 0.0 0.0 0.993815 0.0 0.0 0.0 0.439409 0.0 0.0 5.96046e-08 0.0 0.0 0.963034
0.0 0.0 0.0 2.98023e-07 1.78814e-07 2.68221e-07 0.0 0.0 0.0 1.55866e-05 0.0 6.25849e-07 0.0 0.0 0.0 0.0 0.0332584 0.0 0.0 0.0 0.0 0.0 0.929497 0.0 0.0 0.0 0.0 0.0 0.0 0.0 0.0 0.0 0.0 0.0 0.0 0.0 0.0 0.0 0.0 2.38419e-07 0.0 2.14577e-06 0.0 0.0 0.99981 0.000339895 0.48286 0.0 0.01447 0.0 0.0 2.98023e-08 0.0 2.08616e-06 0.0 0.0 0.0 2.41697e-05 0.0 0.0 5.74291e-05 0.0 8.9407e-08 3.27826e-07
0.0 0.0 0.0 0.0 0.0 0.0 0.0 0.0 0.00039053 0.0 0.951584 0.0 0.0 0.0 0.0 0.0 0.0 0.0 0.0 0.0 0.0 0.0 0.0 0.0 0.000625402 0.0 0.0 8.9407e-08 0.0 0.0 0.0 0.0 0.0 0.0 0.0 0.000245333 0.0 2.10702e-05 0.000121295 0.0 1.49012e-07 0.0 5.36442e-06 0.0 0.0 0.0 0.0 0.0 0.0 0.0 0.0 0.0 1.0 0.0 0.0 0.0 0.0 0.0 0.0 0.0 0.0 0.0 0.0 0.0
0.0 0.0 0.0 0.00528216 0.0450159 0.0 0.0 0.0 0.0 0.0 0.0 0.19711 1.19209e-07 0.0 0.0 0.0 0.120577 0.0 0.0 0.0 3.96371e-06 0.0 0.962734 0.0 0.0 0.0 0.0 0.0 0.0 3.99351e-06 0.247895 3.28124e-05 0.0 0.0 1.37985e-05 0.0 0.0 0.0 0.0 0.396684 0.0 0.0 0.0 0.0 0.111164 0.00204295 0.0116987 0.0329373 0.872 0.0 0.0 0.0 0.0 0.519759 0.0 0.0 0.0 0.999256 0.0 0.0 1.78814e-06 0.0 0.0 0.0595531
0.0 0.0 0.0 0.0 0.0 0.0 0.0 0.0 0.0 0.0 0.0 0.0 0.0 0.0 0.0 0.0 0.0 0.0 0.0 0.0 0.0 0.0 0.0 0.0 0.0 0.0 0.0 0.0 0.0 0.0 0.0 0.0 0.0 0.0 0.0 0.0 0.0 0.0 0.0 0.0 0.0 0.0 0.0 0.0 0.0 0.0 0.0 0.0 0.0 0.0 0.0 0.0 0.0 0.0 0.0 0.0 0.0 0.0 1.0 0.0 0.0 0.0 0.0 0.0
1.04308e-06 0.0 0.0 0.0 0.0 0.0 0.0 0.00108185 0.999582 0.0 0.0 0.0 0.0 2.08616e-07 0.0 0.0 0.0 0.0 0.977001 0.0 0.0 0.0 0.0 0.0 4.18425e-05 5.66244e-07 0.0 2.98023e-08 0.0 0.0 0.0 0.0 0.0 0.0 0.0 5.96046e-08 0.216452 0.000365049 0.0809185 0.0 0.0 0.0 0.00722748 0.0 0.0 0.0 0.0 0.0 0.0 0.0 0.0 0.0 0.0 0.0 0.999761 2.71201e-06 0.0 0.0 0.0 0.00143352 0.0 0.0 0.0 0.0
0.0 0.0 0.0 0.999596 0.97137 0.0 0.0 0.0 0.0 0.0 0.0 0.912227 0.0225913 0.0 0.0 0.0 0.00164029 0.0 0.0 0.0 0.00814539 0.0 0.943801 0.0 0.0 0.0 0.0 0.0 0.000386804 0.76856 0.994553 0.707434 0.0 0.0 0.00183725 0.0 0.0 0.0 0.0 0.994316 0.0 0.0 0.0 0.0 7.35223e-05 0.000597894 0.0031428 0.999241 0.897659 0.0 0.0 0.0 0.0 0.9996 0.0 0.0 0.0 0.995164 0.0 0.0 7.7486e-06 0.0 0.0 0.999951
0.0 0.0 0.0 0.0 0.0 0.0 0.0 0.0 0.0 0.0 0.0 0.0 0.0 0.0 0.0 0.0 0.0 0.0 0.0 0.0 0.0 0.0 0.0 0.0 0.0 0.0 0.0 0.0 0.0 0.0 0.0 0.0 1.0 0.0 0.0 0.0 0.0 0.0 0.0 0.0 0.0 0.0 0.0 0.0 0.0 0.0 0.0 0.0 0.0 0.0 0.0 0.0 0.0 0.0 0.0 0.0 0.0 0.0 7.39098e-06 0.0 0.0 0.0 0.0 0.0
0.0 0.0 0.0 0.871289 0.876501 0.0 0.0 0.0 0.0 0.0 0.0 0.211579 7.15256e-07 0.0 0.0 0.0 8.34465e-05 0.0 0.0 0.0 2.06232e-05 0.0 0.115283 0.0 0.0 0.0 0.0 0.0 1.19209e-07 0.00148341 0.989547 0.000101119 0.0 0.0 1.42455e-05 0.0 0.0 0.0 0.0 0.910357 0.0 0.0 0.0 0.0 2.17557e-06 2.47359e-06 0.00184831 0.740894 0.390669 0.0 0.0 0.0 0.0 0.969095 0.0 0.0 0.0 0.990437 0.0 0.0 5.96046e-08 0.0 0.0 0.489819
0.0 0.0 0.0 0.0 0.0 0.0 0.0 0.0 0.0 0.0 0.0 0.0 0.0 0.0 0.0 0.0 0.0 0.0 0.0 0.0 0.0 0.0 0.0 0.999997 0.0 0.0 0.0 0.0 0.0 0.0 0.0 0.0 0.0 0.0 0.0 0.0 0.0 0.0 0.0 0.0 0.0 0.0 0.0 0.0 0.0 0.0 0.0 0.0 0.0 0.0 0.0 0.0 0.0 0.0 0.0 0.0 0.0 0.0 0.0 0.0 0.0 0.0 0.0 0.0
0.0 0.996984 0.0 0.0 0.0 0.0 0.0 0.0 0.0 0.0 0.0 0.0 0.0 0.0 2.27094e-05 0.0 0.0 0.0 0.0 0.0 0.0 0.0 0.0 0.0 1.62721e-05 0.0 0.0 0.0 0.0 0.0 0.0 0.0 0.0 0.0 0.0 0.0 0.0 0.0 0.0 0.0 0.0 0.0 0.0 0.0 0.0 0.0 0.0 0.0 0.0 0.0 0.0 0.0 0.0 0.0 0.0 0.0 0.0 0.0 0.0 0.0 0.0 0.0 0.0 0.0
0.0 0.0 0.0 0.0 0.0 0.0 0.0 0.0 0.000796527 0.0 0.0 0.0 0.0 0.0 0.0 0.0 0.0 0.0 0.0 0.0 0.0 0.0 0.0 0.0 4.32134e-06 0.0 0.0 0.0 0.0 0.0 0.0 0.0 0.0 0.0 0.0 0.0 0.0 0.0 0.99996 0.0 0.0 0.0 0.0 0.0 0.0 0.0 0.0 0.0 0.0 0.0 0.0 0.0 0.0 0.0 1.78814e-07 0.0 0.0 0.0 0.0 0.0 0.0 0.0 0.0 0.0
0.0 0.0 0.0 0.0 0.0 0.0 0.0 0.0 0.0 4.29153e-06 0.0 2.98023e-08 0.0 0.0 0.0 0.0 0.933478 0.0 0.0 0.0 0.0 0.0 0.302905 0.0 0.0 0.0 0.0 0.0 0.0 0.0 0.0 0.0 0.0 0.0 0.0 0.0 0.0 0.0 0.0 0.0 0.0 3.57628e-07 0.0 0.0 0.389341 6.85453e-07 0.992268 0.0 0.00213346 0.0 0.0 4.11272e-06 0.0 8.9407e-08 0.0 0.0 2.38419e-07 7.7486e-07 0.0 0.0 1.19209e-07 0.0 0.0 8.9407e-08
0.000280052 0.0 0.0 0.0 0.0 0.0 0.0 0.0 0.0 0.0 3.27826e-07 0.0 0.0 0.0116439 0.309389 0.0 0.0 0.0 9.83477e-07 0.0 0.0 0.0 0.0 0.0 0.0596927 0.000163317 0.0 0.0 0.0 0.0 0.0 0.0 0.0 0.0 0.0 0.0 0.0 3.60608e-05 2.77162e-06 0.0 6.94394e-06 0.0 0.0 0.000286341 0.0 0.0 0.0 0.0 0.0 0.0 0.0 0.0 0.0 0.0 1.07288e-06 0.0 0.0 0.0 0.0 0.00164345 0.0 0.0 0.0 0.0
0.0 0.0 0.0 0.0 0.0 0.0 0.0 6.63698e-05 0.976584 0.0 0.0 0.0 0.0 0.0 0.0 0.0 0.0 0.0 0.999873 0.0 0.0 0.0 0.0 0.0 9.11951e-06 0.0 0.0 0.0 0.0 0.0 0.0 0.0 0.0 0.0 0.0 0.0 0.323497 0.000118494 0.000182062 0.0 0.0 0.0 1.88649e-05 0.0 0.0 0.0 0.0 0.0 0.0 0.0 0.0 0.0 0.0 0.0 0.958498 0.0 0.0 0.0 0.0 3.8743e-06 0.0 0.0 0.0 0.0
0.0 0.0 0.0 0.001037 0.00025937 0.0 0.0 0.0 0.0 0.0 0.0 0.000741214 3.99351e-06 0.0 0.0 0.0 0.0 0.0 0.0 0.0 0.0 0.0 1.78814e-07 0.0 0.0 0.0 0.0 0.0 0.0 0.997822 0.0308246 0.0133241 0.0 0.0 0.00319967 0.0 0.0 0.0 0.0 0.0114036 0.0 0.0 0.0 0.0 0.0 0.0 0.0 0.104668 1.19209e-07 0.0 0.0 0.0 0.0 0.000649512 0.0 0.0 0.0 0.0413849 0.0 0.0 0.0 0.0 0.0 0.0164294
0.0 0.0 0.0 0.0 1.78814e-07 0.0 0.0 0.0 0.0 0.0 0.0 3.57628e-07 5.96046e-08 0.0 0.0 0.0 0.0 0.0 0.0 0.0 1.40071e-06 0.0 0.00637448 0.0 0.0 0.0 0.0 0.0 0.0 0.0 0.0 0.0 0.0 0.0 0.0 0.0 0.0 0.0 0.0 2.98023e-08 0.0 0.0 0.0 0.0 6.53565e-05 0.99771 6.13928e-06 0.0 4.17233e-07 0.0 0.0 0.0 0.0 4.17233e-07 0.0 0.0 0.0 1.49012e-07 0.0 0.0 0.417393 0.0 0.0 0.0
0.0 0.0 0.0 0.0 0.0 0.0 0.0 0.0 0.0 0.0 0.0 0.0 0.0 0.0 0.0 0.0 0.0 0.0 0.0 0.0 0.0 0.0 0.0 0.0 0.0 0.0 0.0 0.000836045 0.0 0.0 0.0 0.0 0.0 0.0 0.0 0.0 0.0 0.0 0.0 0.0 0.0 0.0 0.0 0.0 0.0 0.0 0.0 0.0 0.0 0.0 0.0 0.0 0.0 0.0 0.0 0.0 0.0 0.0 0.0 0.0 0.0 0.0 0.0 0.0
0.0 0.0 0.0 0.0 0.0 0.0 0.0 0.0 0.0 0.0 0.0 0.0 0.0 0.0 0.0 0.0 0.0 0.0 0.0 2.31862e-05 0.0 0.0 0.0 0.0 0.0 0.0 0.0 0.0 0.0 0.0 0.0 0.0 0.0 0.0 0.0 0.0 0.0 0.0 0.0 0.0 0.0 0.0 0.0 0.0 0.0 0.0 0.0 0.0 0.0 0.0 0.0 0.0 0.0 0.0 0.0 0.0 0.0 0.0 0.0 0.0 0.0 0.0 0.0 0.0
0.0 0.0 0.0 0.0 0.0 0.0 0.0 0.0 0.0 0.0 0.0 0.0 0.0 0.0 0.0 4.47035e-06 0.0 0.0 0.0 0.0 0.0 0.0 0.0 0.0 0.0 0.0 0.0 0.0 0.0 0.0 0.0 0.0 0.0 0.997111 0.0 0.0 0.0 0.0 0.0 0.0 0.0 0.0 0.0 0.0 0.0 0.0 0.0 0.0 0.0 0.0 0.0 0.0 0.0 0.0 0.0 0.0 0.0 0.0 0.0 0.0 0.0 0.0 0.0 0.0
0.0 0.0 0.0 0.0 0.0 0.0 0.0 0.0 0.0 0.0 0.0 0.0 0.0 0.0 4.46439e-05 0.997883 0.0 0.0 0.0 0.0 0.0 0.0 0.0 0.0 0.0 0.0 0.0 0.0 0.0 0.0 0.0 0.0 0.0 1.49012e-07 0.0 0.0 0.0 0.0 0.0 0.0 0.0 0.0 0.0 0.0 0.0 0.0 0.0 0.0 0.0 0.0 0.0 0.0 0.0 0.0 0.0 0.0 0.0 0.0 0.0 0.0 0.0 0.0 0.0 0.0
0.0 0.0 0.0 0.0 0.0 0.0 0.0 0.0 0.0 0.0 0.0 0.0 0.0 0.0 0.0 0.0 0.0 0.0 0.0 0.0 0.0 0.0 0.0 0.0 0.0 0.0 0.0 0.0 0.0 0.0 0.0 0.0 0.0 0.0 0.0 0.0 0.0 0.0 0.0 0.0 0.0 0.0 0.0 0.0 0.0 0.0 0.0 0.0 0.0 0.0 0.0 0.0 0.0 0.0 0.0 0.0 0.0 0.0 0.0 0.0 0.0 0.0 0.999999 0.0
0.0 0.0 0.0 0.497483 0.248892 2.68221e-07 0.0 0.0 0.0 0.0 0.0 1.99974e-05 0.0 0.0 0.0 0.0 8.9407e-08 0.0 0.0 8.60393e-05 0.00245526 0.0 0.923698 0.0 0.0 0.0 0.0 0.0 0.0 2.33352e-05 0.157396 0.0 0.0 0.0 0.0 0.0 0.0 0.0 0.0 0.983984 0.0 0.0 0.0 0.0 2.65241e-06 0.114988 2.22921e-05 0.0 1.49012e-07 0.0 0.0 0.0 0.0 0.250792 0.0 0.0 0.0 0.0 0.0 0.0 3.57628e-07 0.0 0.0 0.000189811
0.0 0.0 0.0 3.03984e-06 0.000868738 0.0 0.0 0.0 0.0 0.0 0.0 0.756209 0.0 0.0 0.0 0.0 7.79033e-05 0.0 0.0 0.153554 0.000322789 0.0 2.98023e-07 0.0 0.0 0.0 0.0 0.0 0.0 0.0 1.11759e-05 0.0021601 0.0 0.0 0.00332034 0.0 0.0 0.0 0.0 0.00131112 0.0 0.0 0.0 0.0 0.0 0.000185758 0.0 0.00220427 0.0 1.15633e-05 0.0 0.0 0.0 9.44734e-06 0.0 0.0 0.0 0.0 0.0 0.0 1.19209e-07 0.0 0.0 0.611882
0.0 0.0 0.0 0.0 0.0 0.000140399 0.0 0.0 0.0 0.928126 0.0 0.0 0.0 0.0 0.0 0.0 0.0 0.0 0.0 0.0 0.0 0.0 0.0 0.0 0.0 0.0 0.0 0.0 0.0 2.98023e-08 0.0 0.0 0.0 0.0 0.0 0.0 0.0 0.0 0.0 0.0 0.0 0.0 0.0 0.0 0.000414103 0.0 0.25867 0.0 4.64916e-06 0.0 0.0 0.0 0.0 0.0 0.0 0.0 0.0 8.9407e-08 0.0 0.0 0.0 0.988012 0.0 0.0
0.0 0.0 0.0 0.0 0.0 0.0 0.0 0.0 0.0 0.0 1.77324e-05 0.0 0.0 0.0 0.0 0.0 0.0 0.000120133 0.0 0.0 0.0 0.0 0.0 0.0 0.0 0.0 0.0 1.01328e-06 0.0 0.0 0.0 0.0 0.000181258 0.0 0.0 7.77841e-06 7.6592e-06 0.0 0.0 0.0 8.9407e-08 0.0 0.00080663 3.55542e-05 0.0 0.0 0.0 0.0 0.0 0.0 0.0 0.0 0.0 0.0 0.99976 0.0 0.0 0.0 0.0 0.0 0.0 0.0 0.0 0.0
0.0 0.998233 0.0 0.0 0.0 0.0 0.0 0.0 0.0 0.0 0.0 0.0 0.0 0.0 0.0 0.0 0.0 0.0 0.0 0.0 0.0 0.0 0.0 0.0 0.0 0.0 0.0 5.96046e-08 0.0 0.0 0.0 0.0 0.0 0.0 0.0 0.0 0.0 0.000670612 0.0 0.0 5.96046e-08 0.0 0.0 0.0 0.0 0.0 0.0 0.0 0.0 0.0 0.0 0.0 2.68221e-07 0.0 0.0 1.49012e-07 0.0 0.0 0.0 0.0 0.0 0.0 0.0 0.0
0.0 1.32918e-05 0.0 0.0 0.0 0.0 0.0 0.0 7.15256e-07 0.0 0.0 0.0 0.0 0.0367885 0.0 0.0 0.0 0.0 0.0 0.0 0.0 1.49012e-07 0.0 0.0 5.66244e-07 0.0 0.0 0.0724741 0.0 0.0 0.0 0.0 0.0 0.0 0.0 0.0 0.0 0.999984 0.0 0.0 0.000901729 0.0 0.0 0.0 0.0 0.0 0.0 0.0 0.0 0.0 0.0 0.0 2.563e-06 0.0 0.0 0.000147432 0.0 0.0 0.0 0.0 0.0 0.0 0.0 0.0
0.0 0.0 0.0 0.0 0.000532836 2.38419e-07 0.0 0.0 0.0 0.0 0.0 2.33948e-05 0.0 0.0 0.0 0.0 0.994291 0.0 0.0 5.96046e-08 0.0 0.0 0.0 0.0 0.0 0.0 0.0 0.0 0.0 0.0 2.44379e-06 0.0 0.0 0.0 0.0 0.0 0.0 0.0 0.0 1.49012e-07 0.0 0.0 0.0 0.0 9.23872e-07 0.0 0.000780344 0.0 0.0 0.0 0.0 0.0 0.0 2.68221e-07 0.0 0.0 0.0 0.0 0.0 0.0 0.0 0.0 0.0 0.000537694
0.0 0.0 0.0 0.0 0.0 0.0 1.49012e-07 0.0 0.0 0.0 0.0796458 0.0 0.0 0.0 0.0 0.0 0.0 7.86781e-06 0.0 0.0 0.0 0.0 0.0 0.0 8.9407e-08 0.0 0.0 3.27826e-07 0.0 0.0 0.0 0.0 1.61529e-05 0.0 0.0 8.9407e-07 3.57628e-07 0.0 1.19209e-07 0.0 5.96046e-08 0.0 0.999253 2.86102e-06 0.0 0.0 0.0 0.0 0.0 0.0 0.0 0.0 0.0 0.0 0.0207328 0.0 0.0 0.0 0.0 0.0 0.0 0.0 0.0 0.0
0.0 0.0 0.0 0.148669 0.256655 8.34465e-07 0.0 0.0 0.0 0.0 0.0 3.51667e-06 0.0 0.0 0.0 0.0 4.17233e-07 0.0 0.0 1.86861e-05 5.06639e-07 0.0 0.978198 0.0 0.0 0.0 0.0 0.0 0.0 0.0474329 0.00066027 0.0 0.0 0.0 0.0 0.0 0.0 0.0 0.0 0.78283 0.0 0.0 0.0 0.0 0.00610504 0.285545 0.287874 0.0 0.00094524 0.0 0.0 0.0 0.0 0.99808 0.0 0.0 0.0 0.0 0.0 0.0 1.78814e-07 0.0 0.0 1.5676e-05
0.0 0.0 0.0 0.0 0.0 1.19209e-07 0.0 0.0 0.0 3.83556e-05 0.0 0.0 0.0 0.0 0.0 0.0 0.0 0.0 0.0 0.0 0.0 0.0 0.0 0.0 0.0 0.0 0.0 0.0 0.0 0.0 0.0 0.0 0.0 0.0 0.0 0.0 0.0 0.0 0.0 0.0 0.0 0.0 0.0 0.0 0.0 0.0 7.45058e-07 0.0 2.05636e-06 0.0 0.0 0.0 0.0 0.0 0.0 0.0 0.0 0.999981 0.0 0.0 0.0 5.69224e-06 0.0 0.0
0.0 1.19209e-07 1.19209e-07 0.0 0.0 0.0 0.0 0.0 2.08616e-07 0.0 0.0 0.0 0.0 5.54323e-06 0.000103533 0.0 0.0 1.3411e-06 0.0 0.0 0.0 0.0 0.0 0.0 0.0 0.0 0.0 0.000181019 0.0 0.0 0.0 0.0 1.19209e-07 0.0 0.0 2.98023e-08 2.98023e-08 0.00131825 2.54214e-05 0.0 0.999598 0.0 0.0 0.0 0.0 0.0 0.0 0.0 0.0 0.0 0.0 0.0 8.64267e-07 0.0 0.0 1.88053e-05 0.0 0.0 0.0 0.0 0.0 0.0 0.0 0.0
0.0 0.0 0.0 0.0 0.0 0.0 0.0 0.0 7.7486e-07 0.0 0.0 0.0 0.0 1.2517e-06 8.9407e-08 0.0 0.0 0.0 0.0 0.0 0.0 0.0 0.0 0.0 0.0 0.0 0.0 0.000137568 0.0 0.0 0.0 0.0 0.0 0.0 0.0 0.0 0.0 0.00154945 0.0 0.0 7.28071e-05 0.0 0.0 0.0 0.0 0.0 0.0 0.0 0.0 0.0 0.0 0.0 0.0 0.0 0.0 0.990242 0.0 0.0 0.0 0.0 0.0 0.0 0.0 0.0
0.0 0.0 1.04308e-06 0.0 0.0 0.0 0.0 1.19209e-07 0.0 0.0 0.0 0.0 0.0 0.0 0.0 0.0 0.0 2.98023e-08 0.0 0.0 0.0 0.0 0.0 0.0 0.0 0.0 0.0 0.0 0.0 0.0 0.0 0.0 0.0 0.0 0.0 0.0 1.91629e-05 0.0 0.0 0.0 0.0 0.0 0.0 0.998335 0.0 0.0 0.0 0.0 0.0 0.0 1.92523e-05 0.0 0.0 0.0 1.92225e-05 0.0 0.0 0.0 0.0 0.0 0.0 0.0 0.0 0.0
0.0 0.0 0.0 0.0 8.9407e-08 0.0 0.0 0.0 0.0 0.0 0.0 0.0686244 0.0 0.0 0.0 0.0 0.0 0.0 0.0 0.242707 1.49012e-07 0.0 0.0 0.0 0.0 0.0 0.0 0.0 0.0130981 0.0 0.0 0.000792235 0.0 0.0 2.26498e-06 0.0 0.0 0.0 0.0 8.9407e-08 0.0 0.0 0.0 0.0 0.0 0.0 0.0 0.999511 0.0 0.0 0.0 0.0 0.0 0.0 0.0 0.0 0.0 0.0 0.0 0.0 0.0 0.0 0.0 5.16772e-05
0.0 0.0 0.0 0.0 0.0 0.0 0.0 0.0 4.42564e-05 0.0 0.0 0.0 0.0 0.00566331 0.0 0.0 0.0 6.85453e-07 0.00444639 0.0 0.0 0.994722 0.0 0.0 4.17233e-07 0.0 0.0 1.37091e-06 0.0 0.0 0.0 0.0 0.0 0.0 0.0 4.47035e-07 0.0 0.00025484 0.0001463 0.0 0.0 0.0 0.0 0.0 0.0 0.0 0.0 0.0 0.0 0.0 0.0 0.0 0.0 0.0 0.0 0.0 0.0 0.0 0.0 0.0 0.0 0.0 0.0 0.0
0.0 0.0 0.0 0.0 0.0 0.0 0.0 0.0 0.0 0.0 0.0 0.0 0.0 0.0 0.0 0.0 0.0 0.0 0.0 0.0 0.0 0.0 0.0 0.0 0.0 0.0 0.0 0.0 0.0 0.0 0.0 0.0 0.0 0.0 0.0 0.0 0.999965 0.0 1.49012e-07 0.0 0.0 0.0 0.0 1.80006e-05 0.0 0.0 0.0 0.0 0.0 0.0 0.0 0.0 0.0 0.0 4.44055e-06 0.0 0.0 0.0 0.0 0.0 0.0 0.0 0.0 0.0
0.0 0.0 0.0 0.0 0.0 0.0 0.0 0.0 0.0 0.0 0.0 8.9407e-08 0.0 0.0 0.0 0.0 0.0 0.0 0.0 1.19209e-07 2.98023e-08 0.0 0.0 0.0 0.0 0.0 0.0 0.0 3.8147e-05 0.0 0.0 0.0 0.0 0.0 1.2517e-06 0.0 0.0 0.0 0.0 0.0 0.0 0.0 0.0 0.0 0.0 0.0 0.0 6.25849e-07 0.0 0.0 0.0 0.0 0.0 0.0 0.0 0.0 0.0 0.0 0.0 0.0 0.0 0.0 0.0 1.19209e-07
0.0 0.0 0.0 0.0029285 3.8147e-06 2.08616e-07 0.0 0.0 0.0 1.19209e-07 0.0 0.0 0.0 0.0 0.0 0.0 0.0 0.0 0.0 0.0 2.26498e-06 0.0 0.991994 0.0 0.0 0.0 0.0 0.0 0.0 0.991833 0.000332326 0.0 0.0 0.0 0.0 0.0 0.0 0.0 0.0 0.00135374 0.0 0.0 0.0 0.0 0.957904 3.72529e-06 0.357355 0.0 0.993537 0.0 0.0 0.0 0.0 0.687894 0.0 0.0 0.0 0.0 0.0 0.0 0.0 1.49012e-07 0.0 4.17233e-07
0.0 0.0 0.0 2.66135e-05 1.49012e-06 0.0 0.0 0.0 0.0 0.0 0.0 0.000463158 0.0 0.0 0.0 0.0 0.0 0.0 0.0 4.825e-05 0.999975 0.0 0.000983715 0.0 0.0 0.0 0.0 0.0 2.77758e-05 7.7486e-07 8.49366e-06 7.39098e-06 0.0 0.0 3.26037e-05 0.0 0.0 0.0 0.0 0.027155 0.0 0.0 0.0 0.0 0.0 0.000661075 0.0 6.58631e-06 0.0 8.77976e-05 0.0 0.0 0.0 1.84774e-06 0.0 0.0 0.0 0.0 0.0 0.0 2.98023e-06 0.0 0.0 1.10567e-05
0.0 0.0 0.0 0.0672055 0.979483 0.000253648 0.0 0.0 0.0 0.0 0.0 0.840892 0.0 0.0 0.0 0.0 0.00140709 0.0 0.0 6.93202e-05 0.18509 0.0 0.331207 0.0 0.0 0.0 0.0 0.0 0.0 0.000106633 0.231967 5.96046e-08 0.0 0.0 8.9407e-08 0.0 0.0 0.0 0.0 0.986931 0.0 0.0 0.0 0.0 0.000351131 0.999739 0.922361 2.98023e-08 2.98023e-08 9.23872e-07 0.0 0.0 0.0 0.669626 0.0 0.0 0.0 0.0 0.0 0.0 1.49012e-07 0.0 0.0 0.000129044
0.0 0.0 0.0 0.0 0.0 0.0 0.0 0.0 0.0 0.0 0.0 8.55327e-06 0.0 0.0 0.0 0.0 0.0 0.0 0.0 0.287305 0.0 0.0 0.0 0.0 0.0 0.0 0.0 0.0 0.0 0.0 0.0 0.999867 0.0 0.0 1.3411e-06 0.0 0.0 0.0 0.0 0.0 0.0 0.0 0.0 0.0 0.0 0.0 0.0 6.59823e-05 0.0 0.0 0.0 0.0 0.0 0.0 0.0 0.0 0.0 0.0 0.0 0.0 1.19209e-07 0.0 0.0 2.62558e-05
0.0 0.0 0.0 0.0 0.0 0.0 1.0 0.0 0.0 0.0 0.0 0.0 0.0 0.0 0.0 0.0 0.0 0.0 0.0 0.0 0.0 0.0 0.0 0.0 0.0 0.0 0.0 0.0 0.0 0.0 0.0 0.0 0.0 0.0 0.0 0.0 0.0 0.0 0.0 0.0 0.0 0.0 0.0 0.0 0.0 0.0 0.0 0.0 0.0 0.0 0.0 0.0 0.0 0.0 0.0 0.0 0.0 0.0 0.0 0.0 0.0 0.0 0.0 0.0
0.0 0.0 0.0 0.0 0.0 0.0 0.0 0.0 0.0 0.0 0.0 0.0 0.0 0.0 0.0 0.0 0.0 0.0 0.0 0.0 0.0 0.0 0.0 0.997944 0.0 1.84774e-06 9.36985e-05 0.0 0.0 0.0 0.0 0.0 0.0 0.0 0.0 0.0 0.0 0.0 0.0 0.0 0.0 0.0 0.0 0.0 0.0 0.0 0.0 0.0 0.0 0.0 0.0 0.0 0.0 0.0 0.0 0.0 0.0 0.0 0.0 0.0 0.0 0.0 0.0 0.0
0.0 0.0 0.0 0.00207797 0.603197 0.999431 0.0 0.0 0.0 0.0706011 0.0 1.04308e-06 0.0 0.0 0.0 0.0 0.000755548 0.0 0.0 0.0 5.96046e-08 0.0 0.448373 0.0 0.0 0.0 1.49012e-07 0.0 0.0 0.000307351 0.00041154 0.0 0.0 0.0 0.0 0.0 0.0 0.0 0.0 0.00805688 0.0 0.0 0.0 0.0 0.636232 0.0632071 1.0 0.0 1.09375e-05 0.0 0.0 0.0 0.0 0.24938 0.0 0.0 0.0 0.0 0.0 0.0 0.0 0.836932 0.0 1.84178e-05
0.0 0.0 0.0 0.0 0.0 0.0 0.0 0.0 0.0 0.0 0.0 0.0 0.0 8.13603e-06 0.0 0.0 0.0 0.0 3.66569e-06 0.0 0.0 0.0 0.0 0.0 7.49528e-05 0.0 0.0 0.0 0.0 0.0 0.0 0.0 0.0 0.0 0.0 0.0 0.0 3.57628e-07 2.08616e-07 0.0 0.0 0.0 0.0 0.0 0.0 0.0 0.0 0.0 0.0 0.0 0.0 0.0 0.0 0.0 0.0 0.0 0.0 0.0 0.999918 0.0 0.0 0.0 0.0 0.0
0.0 0.0 0.0 0.0 0.0 0.0 0.0 0.0 0.0 0.0 0.0 0.0 0.0 0.0 0.0 0.0 0.0 0.0 0.0 0.0 0.0 0.0 0.0 0.0 0.0 0.0 0.0 0.0 0.0 0.0 0.0 0.0 0.0 0.0 0.0 0.0 0.0 0.0 0.0 0.0 0.0 0.999908 0.0 0.0 0.0 0.0 5.96046e-08 0.0 0.0 0.0 0.0 0.0 0.0 0.0 0.0 0.0 0.0 0.0 0.0 0.0 0.0 0.0 0.0 0.0
0.0 0.0 0.0 4.76837e-07 0.362162 0.0 0.0 0.0 0.0 0.0 0.0 0.188012 0.0 0.0 0.0 0.0 8.52644e-05 0.0 0.0 1.43051e-05 5.96046e-08 0.0 1.2815e-06 0.0 0.0 0.0 2.98023e-07 0.0 0.0 0.0 1.81794e-06 5.66244e-07 0.0 0.0 6.49691e-06 0.0 0.0 0.0 0.0 0.00103161 0.0 0.0 0.0 0.0 0.095878 1.95801e-05 7.11977e-05 4.06504e-05 0.0 2.98023e-08 0.0 0.0 0.0 3.86238e-05 0.0 0.0 0.0 0.0 0.0 0.0 0.0 0.0 0.0 0.999987
0.0 0.0 0.0 0.000478715 0.737772 3.57628e-07 0.0 0.0 0.0 0.0 0.0 0.156276 0.0 0.0 0.0 0.0 0.000659108 0.0 0.0 0.0011636 0.00073421 0.0 0.000754446 0.0 0.0 0.0 0.0 0.0 0.0 2.98023e-08 0.000417441 5.06639e-07 0.0 0.0 0.0 0.0 0.0 0.0 0.0 0.573765 0.0 0.0 0.0 0.0 0.0 0.256443 1.08182e-05 5.66244e-07 0.0 0.0 0.0 0.0 0.0 0.0193402 0.0 0.0 0.0 0.0 0.0 0.0 7.12276e-06 0.0 0.0 7.21216e-06
0.0 0.0 0.0 0.0 7.95722e-06 2.43485e-05 0.0 0.0 0.0 2.75075e-05 0.0 0.0 0.0 0.0 0.0 0.0 1.78814e-07 0.0 0.0 0.0 0.0 0.0 8.9407e-08 2.98023e-08 0.0 0.0 0.000240088 0.0 0.0 0.0 0.0 0.0 0.0 0.0 0.0 0.0 0.0 0.0 0.0 2.98023e-08 0.0 0.0 0.0 0.0 0.940622 1.49012e-07 0.99982 0.0 0.0 0.0 0.0 0.0 0.0 3.06666e-05 0.0 0.0 0.0 0.0 0.0 0.0 0.0 3.15011e-05 0.0 1.93715e-06
0.0 0.0 0.0 0.0 0.0 0.0 0.0 0.0 3.40343e-05 0.0 2.38419e-07 0.0 0.0 0.0 0.0 0.0 0.0 0.99982 1.49012e-07 0.0 0.0 3.8743e-07 0.0 0.0 0.0 0.0 0.0 5.66244e-07 0.0 0.0 0.0 0.0 2.71797e-05 0.0 0.0 1.49608e-05 0.0 5.96046e-08 1.27554e-05 0.0 6.25849e-07 0.0 0.0 0.0 0.0 0.0 0.0 0.0 0.0 0.0 0.0 0.0 0.0 0.0 1.0103e-05 0.0 0.0 0.0 0.0 2.5928e-06 0.0 0.0 0.0 0.0
0.0 0.0 0.0 0.0 0.972528 2.98023e-08 0.0 0.0 0.0 0.0 0.0 0.999812 0.0 0.0 0.0 0.0 1.89245e-05 0.0 0.0 1.19209e-07 0.0 0.0 0.0 0.0 0.0 0.0 0.0 0.0 0.0 0.0 8.9407e-08 0.0 0.0 0.0 0.0 0.0 0.0 0.0 0.0 0.000180334 0.0 0.0 0.0 0.0 0.0 0.000291884 7.06315e-06 1.49012e-07 0.0 0.0 0.0 0.0 0.0 2.95043e-06 0.0 0.0 0.0 0.0 0.0 0.0 0.0 0.0 0.0 0.000331134
0.0 0.0 0.0 0.060439 1.85668e-05 3.27826e-07 0.0 0.0 0.0 0.00033778 0.0 0.0 0.0 0.0 0.0 0.0 1.16825e-05 0.0 0.0 0.0 0.0 0.0 0.187399 0.0 0.0 0.0 0.0 0.0 0.0 0.000421017 0.137839 0.0 0.0 0.0 0.0 0.0 0.0 0.0 0.0 0.000201404 0.0 0.0 0.0 0.0 0.0199727 0.0118545 0.99942 0.0 0.000124037 0.0 0.0 4.88758e-06 0.0 0.0118436 0.0 0.0 0.0 0.0 0.0 0.0 0.0 0.000445694 0.0 1.80304e-05
0.0 2.98023e-08 5.96046e-08 0.0 0.0 0.0 0.0 0.0 1.19209e-07 0.0 0.0 0.0 0.0 0.985756 2.98023e-08 0.0 0.0 0.0 1.49012e-07 0.0 0.0 7.36117e-06 0.0 0.0 5.96046e-08 0.0 0.0 2.89083e-06 0.0 0.0 0.0 0.0 0.0 0.0 0.0 0.0 0.0 0.406868 1.19209e-07 0.0 3.9041e-06 0.0 0.0 0.0 0.0 0.0 0.0 0.0 0.0 0.0 0.0 0.0 0.0 0.0 0.0 3.8743e-06 0.0 0.0 1.19209e-07 0.0 0.0 0.0 0.0 0.0
0.0 3.27826e-07 0.0 0.0 0.0 0.0 0.0 0.0 0.000506461 0.0 0.0 0.0 0.0 2.53618e-05 0.0 0.0 0.0 7.53999e-06 2.98023e-08 0.0 0.0 1.78814e-07 0.0 0.0 9.83477e-07 0.0 0.0 0.997988 0.0 0.0 0.0 0.0 8.9407e-08 0.0 0.0 1.49012e-07 0.0 0.203499 1.2219e-06 0.0 0.000778943 0.0 0.0 0.0 0.0 0.0 0.0 0.0 0.0 0.0 0.0 0.0 3.27826e-07 0.0 6.85453e-07 0.00106543 0.0 0.0 0.0 0.0 0.0 0.0 0.0 0.0
0.0 1.49012e-07 0.0 0.0 0.0 0.0 0.0 0.0 0.0 0.0 0.0 0.0 0.0 1.19209e-07 0.0 0.0 0.0 0.0 0.0 0.0 0.0 0.0 0.0 0.0 5.96046e-08 0.0 0.0 2.98023e-07 0.0 0.0 0.0 0.0 8.9407e-08 0.0 0.0 0.0 0.0 0.000143826 0.0 0.0 1.01328e-06 0.0 0.0 1.19209e-07 0.0 0.0 0.0 0.0 0.0 0.0 3.23057e-05 0.0 0.999896 0.0 0.0 0.0 0.0 0.0 0.0 0.0 0.0 0.0 0.0 0.0
0.0 0.0 0.0 0.000641406 7.7486e-07 0.0 0.0 0.0 0.0 0.0 0.0 5.96046e-08 0.0 0.0 0.0 0.0 0.0 0.0 0.0 3.51667e-06 3.36766e-05 0.0 0.268411 0.0 0.0 0.0 0.0 0.0 0.0 0.999852 7.88271e-05 0.0 0.0 0.0 0.0 0.0 0.0 0.0 0.0 0.000149816 0.0 0.0 0.0 0.0 0.0025003 5.39422e-06 0.0476431 0.0 0.239979 0.0 0.0 1.78814e-07 0.0 0.215529 0.0 0.0 0.0 0.0 0.0 0.0 0.0 0.0 0.0 0.0
0.0 0.0 0.0 0.0 0.0 0.0 0.0 0.0 0.0 0.0 0.0 0.0 0.0 0.0 0.0 0.0 0.0 0.0 0.0 0.990108 0.0 0.0 0.0 0.0 0.0 0.0 0.0 0.0 0.0 0.0 0.0 0.000169247 0.0 0.0 0.0 0.0 0.0 0.0 0.0 0.0 0.0 0.0 0.0 0.0 0.0 0.0 0.0 5.1558e-05 0.0 0.0 0.0 0.0 0.0 0.0 0.0 0.0 0.0 0.0 0.0 0.0 0.0 0.0 0.0 5.96046e-08
0.0 0.0 0.0 0.0 0.0 0.0 0.0 0.0 0.0 0.0 0.0 0.0 0.0 0.0 0.0 0.0 0.0 0.0 0.0 0.0 0.0 0.0 0.0 0.0 0.0 0.999973 8.9407e-08 0.0 0.0 0.0 0.0 0.0 0.0 0.0 0.0 0.0 0.0 0.0 0.0 0.0 0.0 0.0 0.0 0.0 0.0 0.0 0.0 0.0 0.0 0.0 0.0 0.0 0.0 0.0 0.0 0.0 0.0 0.0 0.0 0.0 0.0 0.0 0.0 0.0
0.0 0.0 0.0 0.0 1.78814e-07 0.0 0.0 0.0 0.0 0.0 0.0 0.0 0.0 0.0 0.0 0.0 0.0 0.0 0.0 0.0 0.0 0.0 0.0 0.454073 0.0 6.86049e-05 0.999992 0.0 0.0 0.0 0.0 0.0 0.0 0.0 0.0 0.0 0.0 0.0 0.0 0.0 0.0 0.0 0.0 0.0 0.0 0.0 0.0 0.0 0.0 0.0 0.0 0.0 0.0 0.0 0.0 0.0 0.0 0.0 0.0 0.0 0.0 0.0 0.0 0.0
0.0 1.19209e-07 0.0 0.0 0.0 0.0 0.0 0.0 1.66893e-06 0.0 0.0 0.0 0.0 5.66244e-07 0.0 0.0 0.0 1.19209e-07 0.0 0.0 0.0 1.49012e-07 0.0 0.0 0.999699 0.0 0.0 2.6226e-06 0.0 0.0 0.0 0.0 3.20673e-05 0.0 0.0 0.0 0.0 7.45058e-06 0.0 0.0 0.0 0.0 0.0 0.0 0.0 0.0 0.0 0.0 0.0 0.0 0.0 0.0 0.0 0.0 0.0 2.08616e-07 0.0 0.0 2.20537e-06 1.49012e-07 0.0 0.0 0.0 0.0
0.0 0.0 0.0 0.0 0.0 0.0 0.0 0.0 0.0 0.0 0.0 0.0 0.0 0.0 0.0 0.0 0.0 0.0 0.0 0.0 0.0 0.0 0.0 0.0 0.0 0.0 0.0 0.0 0.0 0.0 0.0 0.0 0.0 0.0 0.0 0.0 0.0 0.0 0.0 0.0 0.0 0.0 0.0 9.41753e-06 0.0 0.0 0.0 0.0 0.0 0.0 0.999889 0.0 0.0 0.0 0.0 0.0 0.0 0.0 0.0 0.0 0.0 0.0 0.0 0.0
0.0 0.0 0.0 0.0673047 0.991743 0.00190344 0.0 0.0 0.0 0.0 0.0 0.0755826 0.0 0.0 0.0 0.0 1.2964e-05 0.0 0.0 5.54323e-05 0.0490219 0.0 0.426717 0.0 0.0 0.0 0.0 0.0 0.0 0.000162005 0.00205117 0.0 0.0 0.0 0.0 0.0 0.0 0.0 0.0 0.995356 0.0 0.0 0.0 0.0 1.19209e-07 0.999308 0.412126 0.0 0.0 0.0 0.0 0.0 0.0 0.861772 0.0 0.0 0.0 0.0 0.0 0.0 4.17233e-07 0.0 0.0 5.66244e-07
0.0 0.0 0.0 0.00232336 0.0135719 0.00480065 0.0 0.0 0.0 5.66244e-07 0.0 1.19209e-07 0.0 0.0 0.0 0.0 6.12736e-05 0.0 0.0 0.0 0.0 0.0 0.00384474 0.0 0.0 0.0 0.0 0.0 0.0 7.7486e-07 0.00410041 0.0 0.0 0.0 0.0 0.0 0.0 0.0 0.0 0.000295728 0.0 0.0 0.0 0.0 0.00155455 0.00726157 0.999691 0.0 1.13249e-06 0.0 0.0 0.0 0.0 0.00423884 0.0 0.0 0.0 0.0 0.0 0.0 0.0 0.00013566 0.0 0.0
0.0 0.0 0.0 0.0213179 0.957197 0.0030213 0.0 0.0 0.0 0.0 0.0 0.000153363 0.0 0.0 0.0 0.0 0.00111121 0.0 0.0 2.65241e-05 0.00155857 0.0 0.838596 0.0 0.0 0.0 0.0 0.0 0.0 0.000293434 0.228842 0.0 0.0 0.0 0.0 0.0 0.0 0.0 0.0 0.979931 0.0 0.0 0.0 0.0 0.0212497 0.0042851 8.32975e-05 0.0 0.040217 0.0 0.0 0.0 0.0 0.340367 0.0 0.0 0.0 0.0 0.0 0.0 0.0 0.0 0.0 0.00490585
0.0 0.0 0.0 0.0 0.0 0.0 0.0 0.0 0.0 0.0 0.0 1.70469e-05 0.0 0.0 0.0 0.0 0.0 0.0 0.0 0.00074169 1.66893e-06 0.0 0.0 0.0 0.0 0.0 0.0 0.0 0.999989 0.0 0.0 3.66569e-06 0.0 0.0 5.96046e-08 0.0 0.0 0.0 0.0 0.0 0.0 0.0 0.0 0.0 0.0 0.0 0.0 0.0496246 0.0 0.0 0.0 0.0 0.0 0.0 0.0 0.0 0.0 0.0 0.0 0.0 0.0 0.0 0.0 1.78814e-07
0.0 0.0 0.0 0.99965 0.00163674 3.8743e-07 0.0 0.0 0.0 0.0 0.0 1.51992e-06 0.0 0.0 0.0 0.0 3.24845e-06 0.0 0.0 0.000193924 3.15607e-05 0.0 0.999579 0.0 0.0 0.0 0.0 0.0 0.0 0.0330252 0.978001 0.0 0.0 0.0 0.0 0.0 0.0 0.0 0.0 0.732566 0.0 0.0 0.0 0.0 0.00826886 0.359477 0.082814 0.0 0.000709474 0.0 0.0 0.0 0.0 0.989239 0.0 0.0 0.0 0.0 0.0 0.0 2.20537e-06 0.0 0.0 0.000724405
0.0 0.0 0.0 0.0 0.0 0.0 0.0 0.0 0.0 0.0 0.0 0.0 0.0 0.0 0.0 0.0 0.0 0.0 0.0 0.0 0.0 0.0 0.0 0.0 0.0 0.0 0.0 0.0 0.0 0.0 0.0 0.0 0.0 0.0 1.74642e-05 0.0 0.0 0.0 0.0 0.0 0.0 0.0 0.0 0.0 0.0 0.0 0.0 0.0 0.0 2.17557e-06 0.0 0.0 0.0 0.0 0.0 0.0 0.999999 0.0 0.0 0.0 0.0 0.0 0.0 5.96046e-08
0.0 0.0 0.0 0.0 0.0 0.0 0.0 0.0 0.0 0.0 0.0 0.0 0.999975 0.0 0.0 0.0 0.0 0.0 0.0 0.0 0.0 0.0 0.0 0.0 0.0 0.0 0.0 0.0 0.0 0.0 0.0 0.0 0.0 0.0 0.0 0.0 0.0 0.0 0.0 0.0 0.0 0.0 0.0 0.0 0.0 0.0 0.0 0.0 0.0 0.0 0.0 0.0 0.0 0.0 0.0 0.0 0.0 0.0 0.0 0.0 0.0 0.0 0.0 0.0
0.0 0.0 0.0 0.0272038 0.69332 1.2517e-06 0.0 0.0 0.0 0.0 0.0 0.000641376 0.0 0.0 0.0 0.0 5.06639e-07 0.0 0.0 9.83477e-06 0.777349 0.0 0.629237 0.0 0.0 0.0 0.0 0.0 0.0 0.00185901 0.0782476 0.0 0.0 0.0 0.0 0.0 0.0 0.0 0.0 0.99986 0.0 0.0 0.0 0.0 5.24521e-06 0.375322 0.000146091 0.0 9.44734e-06 0.0 0.0 0.0 0.0 0.657281 0.0 0.0 0.0 0.0 0.0 0.0 1.19209e-07 0.0 0.0 6.97374e-06
1.0 0.0 0.0 0.0 0.0 0.0 0.0 0.0 0.0 0.0 0.0 0.0 0.0 0.0 0.0 0.0 0.0 0.0 0.0 0.0 0.0 0.0 0.0 0.0 0.0 0.0 0.0 0.0 0.0 0.0 0.0 0.0 0.0 0.0 0.0 0.0 0.0 0.0 0.0 0.0 0.0 0.0 0.0 0.0 0.0 0.0 0.0 0.0 0.0 0.0 0.0 0.0 0.0 0.0 0.0 0.0 0.0 0.0 0.0 0.0 0.0 0.0 0.0 0.0
0.0 0.0 0.0 0.00246018 0.243546 0.0 0.0 0.0 0.0 0.0 0.0 0.010278 0.0 0.0 0.0 0.0 2.98023e-08 0.0 0.0 0.000101894 0.139632 0.0 0.115931 0.0 0.0 0.0 0.0 0.0 8.9407e-08 1.82688e-05 0.000583261 8.9407e-08 0.0 0.0 2.98023e-08 0.0 0.0 0.0 0.0 0.91975 0.0 0.0 0.0 0.0 1.49012e-07 0.0552338 8.9407e-08 1.78814e-07 2.68221e-07 0.0 0.0 0.0 0.0 0.0327635 0.0 0.0 0.0 0.0 0.0 0.0 5.06639e-07 0.0 0.0 0.000807911
0.0 0.0 0.0 0.0 0.0 0.0 0.0 0.0 0.0 0.0 0.0 9.83477e-06 0.0 0.0 0.0 0.0 0.0 0.0 0.0 0.000296414 8.9407e-08 0.0 0.0 0.0 0.0 0.0 0.0 0.0 0.0 0.0 0.0 3.51667e-06 0.0 0.0 0.999982 0.0 0.0 0.0 0.0 0.0 0.0 0.0 0.0 0.0 0.0 0.0 0.0 1.49012e-06 0.0 4.92334e-05 0.0 0.0 0.0 0.0 0.0 0.0 5.96046e-08 0.0 0.0 0.0 3.9041e-06 0.0 0.0 0.0223509
0.0 0.0 0.0 0.0 0.0 0.0 0.0 0.0 0.0 0.0 1.2517e-06 0.0 0.0 0.0 0.0 0.0 0.0 7.24494e-05 2.08616e-07 0.0 0.0 0.0 0.0 0.0 3.95775e-05 0.0 0.0 5.96046e-08 0.0 0.0 0.0 0.0 0.997415 0.0 0.0 0.0 0.0 0.0 1.19209e-07 0.0 2.68221e-07 0.0 4.17233e-07 1.01328e-06 0.0 0.0 0.0 0.0 0.0 0.0 0.0 0.0 1.01328e-06 0.0 0.000408441 0.0 0.0 0.0 0.0 0.0 0.0 0.0 0.0 0.0
0.0 0.0 0.0 3.27826e-07 8.9407e-08 0.0 0.0 0.0 0.0 0.0 0.0 0.0 0.0 0.0 0.0 0.0 0.0 0.0 0.0 0.0229245 5.90086e-06 0.0 3.57628e-07 0.0 0.0 0.0 0.0 0.0 2.98023e-08 0.0 0.0 3.34382e-05 0.0 0.0 4.48823e-05 0.0 0.0 0.0 0.0 5.45382e-06 0.0 0.0 0.0 0.0 0.0 0.0 0.0 3.8743e-07 0.0 0.0 0.0 0.0 0.0 1.19209e-07 0.0 0.0 0.0 0.0 0.0 0.0 0.999975 0.0 0.0 1.19209e-06
0.0 0.0 0.0 0.893473 0.664796 2.08616e-07 0.0 0.0 0.0 0.0 0.0 0.00427011 0.0 0.0 0.0 0.0 1.74642e-05 0.0 0.0 0.000498146 4.26173e-06 0.0 0.947352 0.0 0.0 0.0 0.0 0.0 0.0 0.0167761 0.00416017 2.08616e-07 0.0 0.0 0.0 0.0 0.0 0.0 0.0 0.857669 0.0 0.0 0.0 0.0 2.89083e-06 0.991149 0.993551 0.0 1.19209e-07 0.0 0.0 0.0 0.0 0.998659 0.0 0.0 0.0 0.0 0.0 0.0 1.37091e-06 0.0 0.0 9.62615e-06
0.0 0.0 2.98023e-08 0.0 0.0 0.0 0.0 0.0 1.19209e-07 0.0 0.0 0.0 0.0 8.9407e-08 1.10269e-06 0.0 0.0 0.00128257 0.0 0.0 0.0 3.33786e-06 0.0 0.0 1.49012e-07 0.0 0.0 7.15256e-07 0.0 0.0 0.0 0.0 0.0 0.0 0.0 0.00356078 4.20213e-06 1.2517e-06 0.997929 0.0 0.000182956 0.0 0.0 0.0 0.0 0.0 0.0 0.0 0.0 0.0 0.0 0.0 0.0 0.0 0.0 0.0 0.0 0.0 0.0 0.0 0.0 0.0 0.0 0.0
0.0 0.0 0.999578 0.0 0.0 0.0 0.0 0.0 0.0 0.0 0.0 0.0 0.0 0.0 5.27501e-06 0.0 0.0 0.0 0.0 0.0 0.0 0.0 0.0 0.0 0.0 0.0 0.0 0.0 0.0 0.0 0.0 0.0 0.0 0.0 0.0 7.18236e-06 0.0 0.0 0.0 0.0 0.0 0.0 0.0 4.17233e-07 0.0 0.0 0.0 0.0 0.0 0.0 0.0 0.0 0.0 0.0 0.0 0.0 0.0 0.0 0.0 0.0 0.0 0.0 0.0 0.0
0.0 0.0 0.0 0.0 0.0 0.0 0.0 0.0 0.0 0.0 0.0 0.0 0.0 0.0 0.0 0.0 0.0 0.0 0.0 0.0 0.0 0.0 0.0 0.0 0.0 0.0 0.0 0.0 0.0 0.0 1.49012e-07 0.0 0.0 0.0 0.0 0.0 0.0 0.0 0.0 0.0 0.0 0.0 0.0 0.0 0.0 0.0 0.0 0.0 0.0 0.0 0.0 0.999907 0.0 5.96046e-08 0.0 0.0 0.0 0.0 0.0 0.0 0.0 0.0 0.0 0.0
0.0 0.0 0.0 0.0 0.0 0.0 0.0 0.0 0.0 0.0 0.0 0.0 0.0 0.0 0.0 0.0 0.0 0.0 0.0 0.0 0.0 0.0 0.0 0.0 0.0 0.0 0.0 0.0 0.0 0.0 0.0 0.0 0.0 0.0 0.0 0.0 0.0 0.0 0.0 0.0 0.0 0.0 0.0 0.0 0.0 0.0 0.0 0.0 0.0 0.0 0.0 0.0 0.0 0.0 0.0 0.0 0.0 8.9407e-08 0.0 0.0 0.0 0.0 0.0 0.0
0.0 0.0 0.0 0.0 0.0 0.0 0.0 0.0 0.0 0.0 0.0 9.23872e-07 0.0 0.0 0.0 0.0 0.0 0.0 0.0 2.05636e-06 4.55976e-06 0.0 0.0 0.0 0.0 0.0 0.0 0.0 0.0 0.0 0.0 2.08616e-07 0.0 0.0 0.00107956 0.0 0.0 0.0 0.0 3.18885e-06 0.0 0.0 0.0 0.0 0.0 2.08616e-07 0.0 0.0 0.0 1.0 0.0 0.0 0.0 0.0 0.0 0.0 3.57628e-07 0.0 0.0 0.0 0.0 0.0 0.0 0.0117031
0.0 0.0 0.0 0.0 0.0 0.0 0.0 0.0 0.0 0.0 0.0 0.0 0.0 0.0 0.0 0.0 0.0 0.0 0.0 0.999963 0.0 0.0 0.0 0.0 0.0 0.0 0.0 0.0 0.0 0.0 0.0 1.01328e-06 0.0 0.0 0.0 0.0 0.0 0.0 0.0 0.0 0.0 0.0 0.0 0.0 0.0 0.0 0.0 5.69224e-06 0.0 0.0 0.0 0.0 0.0 0.0 0.0 0.0 0.0 0.0 0.0 0.0 0.0 0.0 0.0 0.000993788
9 8 14 7 10 35 59 18 16 37 55 1 42 13 2 36 47 52 32 15 24 40 62 27 28 0 17 43 6 25 49 58 41 33 21 50 54 23 56 38 26 11 20 12 34 31 60 29 5 22 48 57 46 44 51 63 61 45 3 53 30 4 39 19
