8
0.0 0.0 0.0 0.0 0.0 0.0 0.0 0.0 0.0 0.00047341 1.49012e-07 0.0 0.0 0.0 0.998607 0.0 0.0 0.0 0.0 0.0 3.57628e-07 0.0 0.0 0.0 0.0 0.0 0.0 0.0 0.0 0.0 0.0 0.0 0.0 0.0 0.0 0.0 0.0 0.0 0.0 0.0 0.0 0.0 0.0 0.0 0.0 0.0 0.0 0.0 0.0 0.0 0.0 0.0 0.0 0.0 0.0 0.0 3.8445e-06 0.0 0.0 0.0 0.0 1.19209e-07 0.0 0.0
0.0 0.0 0.684333 4.02033e-05 0.0 0.0 0.0230699 0.0 0.00227949 0.0 0.0 0.0 0.939624 0.5099 0.0 0.0 0.0 0.0 0.0 0.0 0.0 0.0 0.0196487 0.00429171 0.0 4.76837e-07 0.411756 0.0 0.0 0.0 0.0 0.0 0.0 0.0 0.00166392 0.0 0.0 0.214039 0.0 3.18885e-06 0.0 0.0 0.151652 0.0 0.0 0.0 0.0 0.0 0.0 0.0 0.0 0.000537872 0.0 0.0 0.0 0.0 0.0 0.0496988 0.0 0.0 0.0 0.0 0.0 2.08616e-07
0.0 0.0 0.876741 5.96046e-08 0.0 0.0 0.982286 0.0 9.23872e-07 0.0 0.0 0.0 0.0107648 0.946957 0.0 0.0 0.0 0.0 0.0 0.0 0.0 0.0 0.0112688 0.000524849 0.0 1.69873e-06 0.334229 1.81794e-06 0.0 0.0 8.9407e-08 0.0 0.0 0.0 0.15708 0.0 0.0 0.92292 0.0 0.000362515 0.0 0.0 0.958663 0.0 0.0 0.0 0.0 0.0 0.0 0.0 0.0 0.24737 0.0 0.0 0.0 0.0 0.0 0.000415832 0.0 0.0 0.0 0.0 0.0 3.78489e-06
0.0 0.0 0.0 0.0 0.0 0.0 0.0 0.0 0.0 0.0 0.0 0.0 0.0 0.0 0.0 0.0 0.0 0.0 0.0 0.0 0.0 0.985016 0.0 0.0 0.0 0.0 0.0 0.0 0.0 0.0 0.0 1.78814e-07 0.0 0.0 0.0 0.0 0.0 0.0 0.0 0.0 0.0 0.0 0.0 0.0 0.0 0.0 0.0 0.0 0.0 0.0 0.0 0.0 0.0 0.0 1.19209e-07 0.0 0.0 0.0 0.0 0.0 0.0 0.0 0.0 0.0
0.0 0.0 0.0 0.0 0.0110454 0.0 0.0 0.0 0.0 0.0 0.0 0.875467 0.0 0.0 0.0 1.19209e-07 0.0 0.0 0.0 0.0 0.0 0.0 0.0 0.0 0.0 0.0 0.0 0.0 0.0 0.0 0.0 0.0 0.0 0.0 0.0 0.0 0.0 0.0 0.0 0.0 0.0 0.0 0.0 0.0 0.0 0.0 0.0 0.0 0.0 0.0 0.0 0.0 0.0 0.0 0.0 0.0 0.0 0.0 0.0 0.0 0.0 0.0 0.0 0.0
0.0 0.0 0.0 0.0 0.0 1.87755e-06 0.0 0.0 0.0 0.0 0.0023368 0.0 0.0 0.0 0.0 0.0 0.0 0.0 0.0 0.0 0.0 0.0 0.0 0.0 0.0 0.0 0.0 0.0 0.0 0.0 0.0 0.0 0.0 0.0 0.0 0.0 0.0 0.0 0.0 0.0 0.0 1.49012e-07 0.0 0.0 0.0 0.0 9.23872e-07 0.0 0.0 9.35793e-06 0.0 0.0 0.0 0.0 0.0 0.0 0.0 0.0 0.999961 0.0 0.0 0.0 0.0 0.0
0.0 0.0 0.998442 0.21285 0.0 0.0 0.0562201 0.0 2.23517e-06 0.0 0.0 0.0 0.037477 0.997991 0.0 0.0 0.0 0.0 0.0 0.0 0.0 0.0 0.976398 0.972807 0.0 4.47035e-07 0.99734 0.0 0.0 0.0 0.0 0.0 0.0 3.8743e-07 6.85453e-07 0.0 0.0 0.00245941 0.0 2.44379e-06 0.0 0.0 0.7847 0.0 0.0 0.0 0.0 0.0 0.0 0.0 0.0 9.53674e-07 0.0 0.0 0.0 0.0 0.0 8.04663e-07 0.0 0.0 0.0 0.0 0.0 0.0
0.0 0.0 0.0 0.0 0.0 0.0 0.0 0.0 0.0 0.0 0.010692 0.0 0.0 0.0 0.0 0.0 0.0 0.0 0.0 0.0 2.36332e-05 0.0 0.0 0.0 0.0 0.0 0.0 0.0 0.0 0.0 0.0 0.0 0.999995 0.0 0.0 0.0 0.0 0.0 0.0 0.0 0.0 0.0 0.0 0.0 0.0 0.0 8.9407e-08 0.0 0.0 0.0 0.0 0.0 0.0 2.86102e-06 0.0 0.0 0.0 0.0 0.0 0.0 0.0 0.0 0.0 0.0
0.0 0.0 0.0 0.0 0.905637 0.0 0.0 0.0 0.0 0.0 0.0 0.00110564 0.0 0.0 0.0 1.46031e-06 0.0 0.0 0.0 0.0 0.0 0.0 0.0 0.0 0.0 0.0 0.0 0.0 0.0 0.0 0.0 0.0 0.0 1.3113e-06 0.0 0.0 0.0 0.0 0.0 0.0 0.0 0.0 0.0 0.0 0.0 0.0 0.0 0.0 0.0 0.0 0.0 0.0 0.0 0.0 0.0 0.0 0.0 0.0 0.0 0.0 0.0 0.0 0.0 0.0
0.0 0.0 0.0 0.0 0.0 6.94394e-06 0.0 0.0 0.0 0.0 0.999156 0.0 0.0 0.0 0.0 0.0 0.0 0.0 0.0 0.0 0.0 0.0 0.0 0.0 0.0 0.0 0.0 1.49012e-07 0.0 0.0 0.00390637 0.0 1.19209e-07 0.0 7.689e-06 0.0 0.0 0.0 0.0 0.0 0.0 0.0 0.0 0.319569 0.0 0.0 1.63913e-06 0.0 0.0 5.36442e-07 0.0 9.38773e-06 0.0 0.0 0.0 1.42455e-05 0.0 0.0 0.0 0.0 0.0 0.00184396 0.0 0.0
0.0 9.95398e-06 0.0 0.0 0.0 0.999794 0.0 0.0 0.0 0.0 0.981824 0.0 0.0 0.0 0.0 0.0 0.0 0.0 0.0 0.0 0.0 0.0 0.0 0.0 0.0 0.0 0.0 0.0 0.0 0.0 0.0 0.0 0.0 0.0 0.0 0.0 0.0 0.0 0.0 0.0 0.0 0.0 0.0 0.0 3.27826e-07 0.0 0.0101566 0.0 0.0 1.19209e-07 8.9407e-08 0.0 5.96046e-08 5.96046e-08 0.0 1.40071e-06 0.0 0.0 0.000162274 0.0 0.0 5.96046e-08 0.0 0.0
0.0 0.0 0.0 0.0 4.86374e-05 0.0 0.0 0.0 0.0 0.0 0.0 0.601335 0.0 0.0 0.0 0.0 0.0 0.0 0.0 0.0 0.0 0.0 0.0 0.0 0.0 0.0 0.0 0.0 0.0 0.0 0.0 0.0 0.0 0.0 0.0 0.0 0.0 0.0 0.0 0.0 0.0 0.0 0.0 0.0 0.0 0.0 0.0 0.0 0.0 0.0 0.0 0.0 0.0 0.0 0.0 0.0 0.0 0.0 0.0 0.0 0.0 0.0 0.0 0.0
0.0 0.0 0.0 0.0 0.0 0.0 0.0 0.0 0.0 0.000378788 0.286145 0.0 0.0 0.0 3.36766e-06 0.0 0.0 0.0 0.0 0.0 0.0 0.0 0.0 0.0 0.0 0.0 0.0 0.0 0.0 0.0 2.82824e-05 0.0 0.0 0.0 0.0 0.0 0.0 0.0 0.0 0.0 0.0 0.0 0.0 0.000115156 0.0 0.0 3.27826e-07 0.0 0.0 0.0 0.0 0.0 0.0 0.0 0.0 1.49012e-07 8.58307e-06 0.0 0.0 0.0 0.0 0.995674 0.0 0.0
0.0 0.0 0.128066 0.0 0.0 0.0 0.865601 0.0 5.96046e-08 0.0 0.0 0.0 0.0851082 0.365204 0.0 0.0 0.0 0.0 0.0 0.0 0.0 0.0 0.000189692 9.08971e-06 0.0 1.37687e-05 0.00703105 2.38419e-07 0.0 0.0 8.64267e-07 0.0 0.0 0.0 0.71497 0.0 0.0 0.98198 0.0 5.73397e-05 0.0 0.0 0.549153 0.0 0.0 0.0 0.0 0.0 0.0 0.0 0.0 0.555292 0.0 0.0 0.0 0.0 0.0 0.00373545 0.0 0.0 0.0 0.0 0.0 3.80874e-05
0.0 0.0 0.0 0.0 0.0 0.0 0.0 0.0 0.0 0.0 0.0 0.0 0.0 0.0 0.0 0.0 0.0 0.0 0.0 0.999713 0.0 0.0 0.0 0.0 0.0 0.0 0.0 0.0 0.0 0.0 0.0 0.0 0.0 0.0 0.0 0.0 0.0 0.0 0.0 0.0 0.0 0.0 0.0 0.0 0.0 0.0 0.0 0.0 0.0 0.0 4.47035e-07 0.0 0.0 0.0 0.0 0.0 0.0 0.0 0.0 0.0 0.0 0.0 0.0 0.0
0.0 0.0 0.0 0.0 0.0 0.0 0.0 0.0 0.0 0.0 0.754572 0.0 0.0 0.0 0.0 0.0 0.0 0.0 0.0 0.0 0.0 0.0 0.0 0.0 0.0 0.0 0.0 8.09431e-05 0.0 0.0 0.104064 0.0 0.0 0.0 1.10865e-05 0.0 0.0 0.0 0.0 0.0 0.0 0.0 0.0 0.997338 0.0 0.0 0.0 0.0 0.0 0.0 0.0 0.000521302 0.0 0.0 0.0 3.57628e-07 5.96046e-08 0.0 0.0 0.0 0.0 0.000203013 0.0 0.0
0.0 0.0 0.0 0.0 0.0 0.0 0.0 0.0 0.0 0.0 0.0 0.0 0.0 0.0 0.0 0.0 0.0 0.0 0.0 0.0 0.0 2.88188e-05 0.0 0.0 0.0 0.0 0.0 0.0 0.0 0.0 0.0 0.0 0.0 0.0 0.0 0.0 0.0 0.0 0.0 0.0 0.0 0.0 0.0 0.0 0.0 0.0 0.0 0.0 0.0 0.0 0.0 0.0 0.0 0.0 0.999686 0.0 0.0 0.0 0.0 0.0 0.0 0.0 0.0 0.0
0.0 0.0 1.78814e-07 8.40425e-06 0.00745144 0.0 0.0 0.0 0.0 0.0 0.0 0.000257134 0.0 0.0 0.0 0.000116467 0.0 0.0 0.0 0.0 0.0 0.0 0.0 0.0 0.0 0.0 1.66893e-06 0.0 0.0 0.0 0.0 0.0 0.0 0.18923 0.0 0.0 0.0 0.0 0.0 0.0 0.0 0.0 0.0 0.0 0.0 0.0 0.0 0.0 0.0 0.0 0.0 0.0 0.0 0.0 0.0 0.0 0.0 0.0 0.0 0.0 0.0 0.0 0.0 0.0
0.0 0.0 0.0 0.0 0.0 0.0 0.0 0.0 0.0 0.0 0.0 0.0 0.0 0.0 0.0 0.0 0.0 0.0 0.0 0.0 0.0 0.0 0.0 0.0 0.0 0.0 0.0 0.0 0.0 0.0 0.0 0.0 0.0 0.0 0.0 0.0 0.0 0.0 0.0 0.0 0.0 0.0 0.0 0.0 0.0 0.999911 0.0 0.0 0.0 0.0 0.0 0.0 0.0 0.0 0.0 0.0 0.0 0.0 0.0 0.0 0.0 0.0 0.0 0.0
0.0 0.0 0.0 0.0 0.0 0.0 0.0 0.0 0.0 0.0 0.0 0.0 0.0 0.0 0.0 0.0 0.0 1.2815e-06 0.0 0.0 0.0 1.78814e-07 0.0 0.0 0.0 0.0 0.0 0.0 0.0 0.0 0.0 0.994744 0.0 0.0 0.0 0.0 0.0 0.0 0.0 0.0 0.0 0.000281066 0.0 0.0 0.0 0.0 0.0 0.0 0.0 6.25849e-07 0.0 0.0 2.08616e-07 0.0 0.0 1.49012e-07 0.0 2.68221e-07 0.0 0.0 0.0 0.0 0.0 0.0
5.96046e-08 1.78814e-07 0.0 0.0 0.0 1.19209e-07 0.0 0.0 0.0 0.0 0.128371 0.0 0.0 0.0 0.0 0.0 0.0 2.98023e-08 0.0 0.0 0.0 0.0 0.0 0.0 0.0 0.0 0.0 0.0 0.0 0.0 0.0 0.0 0.0 0.0 0.0 0.0 0.000206918 0.0 0.0 0.0 0.0 2.5183e-05 0.0 0.0 1.02818e-05 0.0 0.00156018 1.01328e-06 0.0 2.22027e-05 0.0 0.0 0.0328948 1.57952e-06 0.0 0.000180036 0.0 0.0 0.0 0.0 0.0 1.19209e-07 0.0 0.0
0.0 0.0 1.06394e-05 0.0 0.0 0.0 4.76837e-07 0.0 0.980966 0.0 0.0 0.0 8.9407e-08 2.5034e-06 0.0 0.0 0.0 0.0 0.0 0.0 0.0 8.9407e-08 1.19209e-07 8.9407e-08 0.0 0.0 4.52995e-06 0.0 0.0 0.0 0.0 0.0 0.0 0.0 6.85453e-07 0.0 0.0 0.0 0.0 1.19209e-07 0.0 0.0 1.81794e-06 0.0 0.0 0.0 0.0 0.0 0.0 0.0 0.0 1.10269e-06 0.0 0.0 0.0 0.0 0.0 1.01328e-06 0.0 0.0 0.0 0.0 0.0 0.0
0.0 0.0 0.000118077 0.000167757 8.9407e-08 0.0 0.0 0.0 0.0 0.0 0.0 0.0 0.0 8.7589e-05 0.0 0.983994 0.0 0.0 0.0 0.0 0.0 0.0 2.68221e-07 1.54972e-06 0.0 0.0 0.000720203 0.0 0.0 0.0 0.0 0.0 0.0 1.84774e-06 0.0 0.0 0.0 0.0 0.0 0.0 0.0 0.0 0.0 0.0 0.0 0.0 0.0 0.0 0.0 0.0 0.0 0.0 0.0 0.0 0.0 0.0 0.0 0.0 0.0 0.0 0.0 0.0 0.0 0.0
0.0 0.0 0.956904 0.966872 0.0 0.0 1.10269e-06 0.0 8.9407e-08 0.0 0.0 0.0 2.0653e-05 0.873066 0.0 3.42727e-06 0.0 0.0 0.0 0.0 0.0 0.0 0.228223 0.761407 0.0 2.98023e-08 0.991713 0.0 0.0 0.0 0.0 0.0 0.0 0.00191435 0.0 0.0 0.0 8.9407e-08 0.0 0.0 0.0 0.0 6.41644e-05 0.0 0.0 0.0 0.0 0.0 0.0 0.0 0.0 0.0 0.0 0.0 0.0 0.0 0.0 0.0 0.0 0.0 0.0 0.0 0.0 0.0
0.0 0.0 3.58522e-05 0.0 0.0 0.0 2.563e-06 0.0 0.0 0.0 0.0 0.0 9.35793e-06 0.000256062 0.0 0.0 0.0 0.0 0.0 0.0 0.0 0.0 2.08616e-07 2.98023e-08 0.0 0.994561 1.29938e-05 0.0 0.0 0.0 3.27826e-07 0.0 0.0 0.0 0.000149846 0.0 0.0 4.33326e-05 0.0 2.98023e-07 0.0 0.0 5.66244e-07 0.0 0.0 0.0 0.0 0.0 0.0 0.0 0.0 0.00103825 0.0 0.0 0.0 0.0 0.0 0.0 0.0 0.0 0.0 0.0 0.0 1.90735e-06
8.9407e-08 0.984726 0.0 0.0 0.0 2.98023e-08 0.0 0.0 0.0 0.0 1.19209e-07 0.0 0.0 0.0 0.0 0.0 0.0 0.0 0.0 0.0 0.0 0.0 0.0 0.0 0.0 0.0 0.0 0.0 0.0 0.0 0.0 0.0 0.0 0.0 0.0 0.0 0.0 0.0 0.0 0.0 0.0 0.0 0.0 0.0 1.19209e-07 0.0 2.08616e-07 0.0 0.0 0.0 0.0 0.0 0.0 5.96046e-08 0.0 0.0 0.0 0.0 0.0 0.0 0.0 0.0 0.0 0.0
0.0 0.0 0.98601 1.3113e-06 0.0 0.0 0.981733 0.0 3.75509e-06 0.0 0.0 0.0 0.131624 0.987319 0.0 0.0 0.0 0.0 0.0 0.0 0.0 0.0 0.442217 0.0440259 0.0 1.3411e-06 0.934513 8.9407e-08 0.0 0.0 0.0 0.0 0.0 0.0 0.00609991 0.0 0.0 0.890294 0.0 0.000139743 0.0 0.0 0.981831 0.0 0.0 0.0 0.0 0.0 0.0 0.0 0.0 0.00982454 0.0 0.0 0.0 0.0 0.0 0.000295579 0.0 0.0 0.0 0.0 0.0 1.49012e-07
0.0 0.0 0.0 0.0 0.0 0.0 0.0 0.0 0.0 0.0 0.0 0.0 0.0 0.0 0.0 0.0 0.0 0.0 0.0 0.0 0.0 0.0 0.0 0.0 0.0 0.0 0.0 0.0 0.997696 0.0 0.0 0.0 0.0 0.0 0.0 0.0 0.0 0.0 0.0 0.0 0.0 0.0 0.0 0.0 0.0 0.0 0.0 0.0 0.0 0.0 0.0 0.0 0.0 0.0 0.0 0.0 0.0 0.0 0.0 0.0 0.0 0.0 0.0 0.0
0.0 0.0 0.0 0.0 0.0 0.0 0.0 0.0 0.0 0.0 0.0 0.0 0.0 0.0 0.0 0.0 0.0 0.0 0.0 0.0 0.0 0.0 0.0 0.0 0.0 0.0 0.0 0.0 0.0 0.0 0.0 0.0 0.0 0.0 0.0 0.0 0.0 0.0 0.0 0.0 0.0 0.0 0.0 0.0 0.0 0.0 0.0 0.0 0.999605 0.0 0.0 0.0 0.0 0.0 0.0 0.0 0.0 0.0 0.0 0.0 0.0 0.0 0.0 0.0
0.0 0.0 0.0 0.0 0.0 0.0 1.49012e-07 0.0 0.0 0.0 0.000234991 0.0 0.0 0.0 0.0 0.0 0.0 4.07398e-05 0.0 0.0 0.0 0.0 0.0 0.0 0.0 0.0 0.0 1.78814e-07 0.0 0.0 2.49743e-05 0.0 0.0 0.0 0.160493 0.0 0.0 8.64267e-07 0.0 2.5928e-06 0.0 4.47035e-06 0.0 0.0 0.0 0.0 0.0 0.0 0.0 2.35438e-05 0.0 0.00475708 0.0 0.0 0.0 0.00284281 0.0 0.000921249 0.0 0.0 0.0 0.0 0.0 0.994732
0.0 0.0 0.0 0.0 0.0 0.0 0.0 0.0 0.0 0.0 0.00601393 0.0 0.0 0.0 0.0 0.0 0.0 0.986534 0.0 0.0 0.0 0.0 0.0 0.0 0.0 0.0 0.0 4.17233e-07 0.0 0.0 2.38419e-07 9.83477e-07 0.0 0.0 0.000121653 0.0 0.000117272 0.0 0.0 0.0 0.0 0.0301996 0.0 0.0 0.0 0.0 0.0 0.0 0.0 0.104854 0.0 8.58307e-06 1.78814e-07 0.0 0.0 0.237655 0.0 7.15256e-07 0.0 0.0 0.0 0.0 0.0 1.96695e-06
0.0 0.0 0.0 0.0 0.0 0.0 0.0 0.0 0.0 0.0 0.0 0.0 0.0 0.0 0.0 0.0 0.0 0.0 0.0 0.0 0.0 0.0 0.0 0.0 1.0 0.0 0.0 0.0 0.0 0.0 0.0 0.0 0.0 0.0 0.0 0.0 0.0 0.0 0.0 0.0 0.0 0.0 0.0 0.0 0.0 0.0 0.0 0.0 0.0 0.0 0.0 0.0 0.0 0.0 0.0 0.0 0.0 0.0 0.0 0.0 0.0 0.0 0.0 0.0
5.96046e-08 0.0 0.0 0.0 0.0 0.0 0.0 0.0 0.0 0.0 0.0 0.0 0.0 0.0 0.0 0.0 0.0 0.0 0.0 0.0 0.0 0.0 0.0 0.0 0.0 0.0 0.0 0.0 0.0 0.0 0.0 0.0 0.0 0.0 0.0 0.0 0.0 0.0 0.0 0.0 0.0 0.0 0.0 0.0 0.0 0.0 0.0 0.0 0.0 0.0 0.0 0.0 0.0 8.9407e-08 0.0 0.0 0.0 0.0 0.0 0.0 0.999986 0.0 0.0 0.0
0.0 0.0 0.0 0.0 0.129001 0.0 0.0 0.0 0.0 0.0 0.0 0.969639 0.0 0.0 0.0 0.0 0.0 0.0 0.0 0.0 0.0 0.0 0.0 0.0 0.0 0.0 0.0 0.0 0.0 0.0 0.0 0.0 0.0 0.0 0.0 0.0 0.0 0.0 0.0 0.0 0.0 0.0 0.0 0.0 0.0 0.0 0.0 0.0 0.0 0.0 0.0 0.0 0.0 0.0 0.0 0.0 0.0 0.0 0.0 0.0 0.0 0.0 0.0 0.0
0.0 0.0 3.57628e-07 0.0 0.0 0.0 3.36766e-06 0.0 0.0 0.0 5.96046e-07 0.0 1.66297e-05 4.47035e-07 0.0 0.0 0.0 2.55704e-05 0.0 0.0 0.0 0.0 0.0 0.0 0.0 0.0 0.0 0.0 0.0 0.0 0.0 1.78814e-07 0.0 0.0 0.0539901 0.0 0.0 3.59714e-05 0.0 1.78814e-07 0.0 1.26064e-05 1.2815e-06 0.0 0.0 0.0 0.0 0.0 0.0 2.11596e-06 0.0 0.000641197 0.0 0.0 0.0 1.01328e-06 0.0 0.99098 0.0 0.0 0.0 0.0 0.0 0.00109673
0.0 0.0 0.0 0.0 0.0 0.0 0.0 0.0 0.0 0.0 0.0 0.0 0.0 0.0 0.0 0.0 0.0 0.0 0.0 0.0 0.0 0.0 0.0 0.0 0.0 0.0 0.0 0.0 0.0 0.0 0.0 0.0 0.0 0.0 0.0 0.0 0.0 0.0 0.0 0.0 0.0 0.0 0.0 0.0 0.0 0.0 0.0 0.0 0.0 0.0 0.0 0.0 0.0 0.0 0.0 0.0 0.0 0.0 0.0 1.0 0.0 0.0 0.0 0.0
0.00399697 0.0 0.0 0.0 0.0 0.0 0.0 0.0 0.0 0.997683 9.56655e-06 0.0 0.0 0.0 1.88649e-05 0.0 0.0 0.0 0.0 0.0 6.62804e-05 0.0 0.0 0.0 0.0 0.0 0.0 0.0 0.0 0.0 0.0 0.0 0.0 0.0 0.0 0.0 0.0 0.0 0.0 0.0 0.0 0.0 0.0 0.0 0.0 0.0 0.0 0.0 0.0 0.0 0.0 0.0 0.0 5.96046e-08 0.0 0.0 0.0 0.0 0.0 0.0 0.0 8.73208e-06 0.0 0.0
0.0 0.0 0.180365 1.96695e-06 0.0 0.0 0.0138416 0.0 5.96046e-08 0.0 0.0 0.0 0.978627 0.269024 0.0 0.0 0.0 0.0 0.0 0.0 0.0 0.0 0.00738746 0.00181267 0.0 6.49691e-06 0.0544577 0.0 0.0 0.0 0.0 0.0 0.0 0.0 0.000787199 0.0 0.0 0.189192 0.0 4.17233e-07 0.0 0.0 0.0860164 0.0 0.0 0.0 0.0 0.0 0.0 0.0 0.0 9.08971e-05 0.0 0.0 0.0 0.0 0.0 0.00338864 0.0 0.0 0.0 0.0 0.0 8.64267e-07
0.0 0.0 0.0 0.0 0.0 1.19209e-07 0.0 0.0 0.0 0.0 0.834985 0.0 0.0 0.0 0.0 0.0 0.0 1.04308e-06 0.0 0.0 0.0 0.0 0.0 0.0 0.0 0.0 0.0 0.000165999 0.0 0.0 0.997021 0.0 0.0 0.0 0.173118 0.0 0.0 0.0 0.0 8.9407e-08 0.0 1.81794e-06 0.0 0.0140552 0.0 0.0 0.0 0.0 0.0 0.000695199 0.0 0.386225 0.0 0.0 0.0 0.0853634 0.0 1.78814e-07 0.0 0.0 0.0 2.5928e-06 0.0 5.28693e-05
0.0 0.0 0.0 0.0 0.0 0.0 0.0 0.0 0.0 0.0 0.0 0.0 0.0 0.0 0.0 0.0 0.0 0.0 0.0 0.0 0.0 0.0 0.0 0.0 0.0 0.0 0.0 0.0 0.0 0.0 0.0 0.0 0.0 0.0 0.0 0.0 0.0 0.0 1.0 0.0 0.0 0.0 0.0 0.0 0.0 0.0 0.0 0.0 0.0 0.0 0.0 0.0 0.0 0.0 0.0 0.0 0.0 0.0 0.0 0.0 0.0 0.0 0.0 0.0
0.0 0.0 0.0 0.0 0.0 0.0 0.0 0.0 0.0 0.0 5.66244e-06 0.0 0.0 0.0 4.32134e-06 0.0 0.0 0.0 0.0 0.0 0.0 0.0 0.0 0.0 0.0 0.0 0.0 0.0 0.0 0.0 0.0 0.0 0.0 0.0 0.0 0.0 0.0 0.0 0.0 0.0 0.0 0.0 0.0 0.0 0.0 0.0 0.0 0.0 0.0 0.0 0.0 0.0 0.0 0.0 0.0 0.0 0.999888 0.0 0.0 0.0 0.0 5.06639e-07 0.0 0.0
0.0 0.0 0.0 0.0 0.0 8.34465e-07 0.0 0.0 0.0 0.0 0.348134 0.0 0.0 0.0 0.0 0.0 0.0 0.0122348 0.0 0.0 0.0 0.0 0.0 0.0 0.0 0.0 0.0 8.9407e-08 0.0 0.0 1.51098e-05 1.78814e-07 0.0 0.0 1.17421e-05 0.0 1.63913e-06 0.0 0.0 2.98023e-08 0.0 7.53999e-05 0.0 0.0 0.0 0.0 1.19209e-07 0.0 0.0 0.999717 0.0 1.32322e-05 1.49012e-07 0.0 0.0 0.514287 0.0 0.0 1.10269e-05 0.0 0.0 0.0 0.0 1.78814e-07
0.0 0.0 0.998563 0.661362 0.0 0.0 0.00747102 0.0 1.01328e-06 0.0 0.0 0.0 0.0123283 0.997558 0.0 2.98023e-08 0.0 0.0 0.0 0.0 0.0 0.0 0.974722 0.973653 0.0 2.98023e-07 0.998244 0.0 0.0 0.0 0.0 0.0 0.0 3.06964e-06 1.19209e-07 0.0 0.0 0.000317305 0.0 8.64267e-07 0.0 0.0 0.316633 0.0 0.0 0.0 0.0 0.0 0.0 0.0 0.0 1.78814e-07 0.0 0.0 0.0 0.0 0.0 2.08616e-07 0.0 0.0 0.0 0.0 0.0 0.0
0.0 0.0 0.0 0.0 0.0 0.0 0.0 0.0 0.0 0.0 0.0 0.0 0.0 0.0 0.0 0.0 0.0 0.0 0.0 0.0 0.0 0.0 0.0 0.0 0.0 0.0 0.0 0.0 0.0 0.998169 0.0 0.0 0.0 0.0 0.0 0.0 0.0 0.0 0.0 0.0 0.0 0.0 0.0 0.0 0.0 0.0 0.0 0.0 0.0 0.0 0.0 0.0 0.0 0.0 0.0 0.0 0.0 0.0 0.0 0.0 0.0 0.0 0.0 0.0
2.98023e-08 5.96046e-08 0.0 0.0 0.0 0.0 0.0 0.0 0.0 0.0 0.000484675 0.0 0.0 0.0 0.0 0.0 0.0 0.0 0.0 0.0 0.00861493 0.0 0.0 0.0 0.0 0.0 0.0 0.0 0.0 0.0 0.0 0.0 2.08616e-07 0.0 0.0 0.0 0.0 0.0 0.0 0.0 0.0 0.0 0.0 0.0 0.0 0.0 1.39475e-05 0.0 0.0 0.0 0.0 0.0 0.0 0.996386 0.0 0.0 0.0 0.0 0.0 0.0 8.9407e-08 0.0 0.0 0.0
0.0 0.0 0.0 0.0 0.0 0.0 0.0 0.0 0.0 0.0 3.48687e-05 0.0 0.0 0.0 0.0 0.0 0.0 9.83477e-06 0.0 0.0 0.0 0.0 0.0 0.0 0.0 0.0 0.0 0.0 0.0 0.0 0.0 5.96046e-08 0.0 0.0 0.0 0.0 0.990235 0.0 0.0 0.0 0.0 0.0 0.0 0.0 3.57628e-07 0.0 0.0 0.0 0.0 1.74344e-05 0.0 0.0 2.94745e-05 0.0 0.0 7.57873e-05 0.0 0.0 0.0 0.0 0.0 0.0 0.0 0.0
8.9407e-08 1.00732e-05 0.0 0.0 0.0 1.78814e-07 0.0 0.0 0.0 0.0 0.00101671 0.0 0.0 0.0 0.0 0.0 0.0 0.0 0.0 0.0 0.0 0.0 0.0 0.0 0.0 0.0 0.0 0.0 0.0 0.0 0.0 0.0 0.0 0.0 0.0 0.0 2.92063e-06 0.0 0.0 0.0 0.0 2.08616e-07 0.0 0.0 0.0156561 0.0 6.18994e-05 5.66244e-07 0.0 2.68221e-07 0.0 0.0 0.00149837 2.98023e-08 0.0 2.95043e-06 0.0 0.0 0.0 0.0 0.0 0.0 0.0 0.0
0.994296 8.9407e-08 0.0 0.0 0.0 0.0 0.0 4.76837e-07 0.0 0.000331223 0.0 0.0 0.0 0.0 0.0 0.0 0.0 0.0 0.0 0.0 2.08616e-07 0.0 0.0 0.0 0.0 0.0 0.0 0.0 0.0 0.0 0.0 0.0 0.0 0.0 0.0 0.0 0.0 0.0 0.0 0.0 0.0 0.0 0.0 0.0 0.0 0.0 0.0 3.8445e-06 0.0 0.0 0.0 0.0 0.0 0.0 0.0 0.0 0.0 0.0 0.0 0.0 5.96046e-08 0.0 0.0 0.0
0.0 1.00732e-05 0.0 0.0 0.0 0.0 0.0 0.0 0.0 0.0 0.0 0.0 0.0 0.0 0.0 0.0 0.999993 0.0 0.0 0.0 0.0 0.0 0.0 0.0 0.0 0.0 0.0 0.0 0.0 0.0 0.0 0.0 0.0 0.0 0.0 0.0 0.0 0.0 0.0 0.0 0.0 0.0 0.0 0.0 0.0 0.0 0.0 0.0 0.0 0.0 0.0 0.0 0.0 0.0 0.0 0.0 0.0 0.0 0.0 0.0 0.0 0.0 0.0 0.0
0.0 2.29478e-06 0.0 0.0 0.0 0.0 0.0 0.0 0.0 0.0 1.49012e-07 0.0 0.0 0.0 0.0 0.0 0.0 0.0 0.0 0.0 0.0 0.0 0.0 0.0 0.0 0.0 0.0 0.0 0.0 0.0 0.0 0.0 0.0 0.0 0.0 0.0 0.0 0.0 0.0 0.0 0.0 0.0 0.0 0.0 0.99432 0.0 0.0 8.9407e-08 0.0 0.0 0.0 0.0 0.000159472 0.0 0.0 0.0 0.0 0.0 0.0 0.0 0.0 0.0 0.0 0.0
0.0 0.0 0.0 0.0 0.0 0.0 0.0 0.0 0.0 0.0 0.0 0.0 0.0 0.0 0.0 0.0 0.0 0.0 0.0 0.0 0.0 0.0 0.0 0.0 0.0 0.0 0.0 0.0 0.0 0.0 0.0 0.0 0.0 0.0 0.0 0.0 0.0 0.0 0.0 0.0 0.0 0.0 0.0 0.0 0.0 0.0 0.0 0.0 0.0 0.0 0.0 0.0 0.0 0.0 0.0 0.0 0.0 0.0 0.0 0.0 0.0 0.0 0.999999 0.0
0.0 0.0 0.0 0.0 0.0 0.0 0.0 0.0 0.0 0.0 0.000503629 0.0 0.0 0.0 0.0 0.0 0.0 1.01328e-06 0.0 0.0 0.0 0.0 0.0 0.0 0.0 0.0 0.0 0.983216 0.0 0.0 0.0304267 0.0 0.0 0.0 0.0802847 0.0 0.0 0.0 0.0 2.38419e-07 0.0 0.0 0.0 0.000338972 0.0 0.0 0.0 0.0 0.0 1.72853e-06 0.0 0.748065 0.0 0.0 0.0 0.00985789 0.0 0.0 0.0 0.0 0.0 1.19209e-07 0.0 1.19209e-07
4.38094e-06 0.0 0.0 0.0 0.0 0.0 0.0 0.0 0.0 2.43485e-05 5.20349e-05 0.0 0.0 0.0 8.9407e-08 0.0 0.0 0.0 0.0 0.0 0.995939 0.0 0.0 0.0 0.0 0.0 0.0 0.0 0.0 0.0 0.0 0.0 2.48849e-05 0.0 0.0 0.0 0.0 0.0 0.0 0.0 0.0 0.0 0.0 0.0 0.0 0.0 0.0 0.0 2.98023e-08 0.0 0.0 0.0 0.0 0.00395268 0.0 0.0 0.0 0.0 0.0 0.0 0.0 0.0 0.0 0.0
0.0 1.2219e-06 0.0 0.0 0.0 0.00060603 0.0 0.0 0.0 0.0 0.98545 0.0 0.0 0.0 0.0 0.0 0.0 0.0 0.0 0.0 0.0 0.0 0.0 0.0 0.0 0.0 0.0 0.0 0.0 0.0 0.0 0.0 0.0 0.0 0.0 0.0 0.0 0.0 0.0 0.0 0.0 2.5332e-06 0.0 0.0 0.0 0.0 0.995978 0.0 0.0 5.66244e-07 0.0 0.0 5.96046e-08 1.72853e-06 0.0 2.98023e-07 0.0 0.0 3.18885e-06 0.0 0.0 2.98023e-08 0.0 0.0
0.0 0.0 0.0 0.0 0.0 0.0 0.0 0.0 0.0 0.0 4.79817e-06 0.0 0.0 0.0 0.0 0.0 0.0 0.0 0.0 0.0 0.0 0.0 0.0 0.0 0.0 0.0 0.0 0.0 0.0 0.0 0.0 0.0 0.0 0.0 0.0 0.0 1.78814e-07 0.0 0.0 0.0 0.0 0.0 0.0 0.0 7.30157e-05 0.0 0.0 1.01328e-06 0.0 0.0 0.0 0.0 0.995174 0.0 0.0 1.10269e-06 0.0 0.0 0.0 0.0 0.0 0.0 0.0 0.0
0.0 0.0 0.0 0.0 0.0 1.3411e-06 0.0 0.0 0.0 0.0 2.23517e-06 0.0 0.0 0.0 0.0 0.0 0.0 0.0 0.0 2.98023e-07 0.0 0.0 0.0 0.0 0.0 0.0 0.0 0.0 0.0 0.0 0.0 0.0 0.0 0.0 0.0 0.0 0.0 0.0 0.0 0.0 0.0 0.0 0.0 0.0 0.0 0.0 2.98023e-08 0.0 0.0 0.0 0.993475 0.0 8.9407e-08 0.0 0.0 0.0 0.0 0.0 0.0 0.0 0.0 0.0 0.0 0.0
0.0 0.0 0.0 0.0 0.0 0.0 0.0 0.0 0.0 0.0 0.0 0.0 0.0 0.0 0.0 0.0 0.0 0.0 0.999997 0.0 0.0 0.0 0.0 0.0 0.0 0.0 0.0 0.0 0.0 0.0 0.0 0.0 0.0 0.0 0.0 0.0 0.0 0.0 0.0 0.0 0.0 0.0 0.0 0.0 0.0 0.0 0.0 0.0 0.0 0.0 0.0 0.0 0.0 0.0 0.0 0.0 0.0 0.0 0.0 0.0 0.0 0.0 0.0 0.0
0.0 0.0 0.0 0.0 0.0 0.0 0.0 0.0 0.0 0.0 0.0 0.0 0.0 0.0 0.0 0.0 0.0 0.0 0.0 0.0 0.0 0.0 0.0 0.0 0.0 0.0 0.0 0.0 0.0 0.0 0.0 0.0 0.0 0.0 0.0 0.0 0.0 0.0 0.0 0.0 1.0 0.0 0.0 0.0 0.0 0.0 0.0 0.0 0.0 0.0 0.0 0.0 0.0 0.0 0.0 0.0 0.0 0.0 0.0 3.57628e-07 0.0 0.0 0.0 0.0
0.0 0.0 0.0 0.0 0.0 0.0 0.0 0.0 0.0 0.0 0.00023818 0.0 0.0 0.0 0.0 0.0 0.0 0.00177076 0.0 0.0 0.0 0.0 0.0 0.0 0.0 0.0 0.0 0.0 0.0 0.0 1.19209e-07 7.33137e-06 0.0 0.0 2.05636e-06 0.0 0.0 0.0 0.0 0.0 0.0 0.999851 0.0 0.0 0.0 0.0 7.7486e-07 0.0 0.0 0.000310868 0.0 2.98023e-07 1.19209e-07 0.0 0.0 0.00055027 0.0 2.98023e-08 0.0 0.0 0.0 0.0 0.0 9.08971e-06
2.98023e-08 0.0 0.0 0.0 0.0 0.0 0.0 0.999851 0.0 2.98023e-08 0.0 0.0 0.0 0.0 0.0 0.0 0.0 0.0 0.0 0.0 0.0 0.0 0.0 0.0 0.0 0.0 0.0 0.0 0.0 0.0 0.0 0.0 0.0 0.0 0.0 0.0 0.0 0.0 0.0 0.0 0.0 0.0 0.0 0.0 0.0 0.0 0.0 1.08778e-05 0.0 0.0 0.0 0.0 0.0 0.0 0.0 0.0 0.0 0.0 0.0 0.0 0.0 0.0 0.0 0.0
1.78814e-07 0.0 0.0 0.0 0.0 0.0 0.0 0.0 0.0 0.0 0.013398 0.0 0.0 0.0 0.0 0.0 0.0 0.0 0.0 0.0 0.00100189 0.0 0.0 0.0 0.0 0.0 0.0 0.0 0.0 0.0 0.0 0.0 5.6386e-05 0.0 0.0 0.0 0.0 0.0 0.0 0.0 0.0 1.78814e-07 0.0 0.0 0.0 0.0 4.73857e-06 0.0 1.40071e-06 0.0 0.0 0.0 2.98023e-08 0.000936151 0.0 0.0 0.0 0.0 1.46031e-06 0.0 0.0 0.0 0.0 0.0
0.0 0.0 6.31809e-06 0.0 0.0 0.0 4.53591e-05 0.0 1.78814e-07 0.0 0.0 0.0 0.0 5.66244e-06 0.0 0.0 0.0 0.0 0.0 0.0 0.0 0.0 2.98023e-08 0.0 0.0 8.9407e-08 9.53674e-07 3.39746e-06 0.0 0.0 6.55651e-07 0.0 0.0 0.0 0.0138693 0.0 0.0 9.38773e-06 0.0 0.999714 0.0 0.0 6.52671e-06 0.0 0.0 0.0 0.0 0.0 0.0 1.10269e-06 0.0 0.0268359 0.0 0.0 0.0 3.57628e-07 0.0 1.49012e-07 0.0 0.0 0.0 0.0 0.0 2.47359e-06
0.0 0.0 0.0 0.0 0.0 0.0 0.0 0.0 0.0 0.0 0.0 0.0 0.0 0.0 0.0 0.0 0.0 0.0 0.0 0.0 0.0 0.0 0.0 0.0 0.0 0.0 0.0 0.0 0.0 2.98023e-08 0.0 0.0 0.0 0.0 0.0 0.999716 0.0 0.0 0.0 0.0 0.0 0.0 0.0 0.0 0.0 0.0 0.0 0.0 0.0 0.0 0.0 0.0 0.0 0.0 0.0 0.0 0.0 0.0 0.0 0.0 0.0 0.0 0.0 0.0
0.0 0.0 0.00118303 0.00556672 0.0 0.0 0.0 0.0 2.08616e-07 0.0 0.0 0.0 0.0 0.000331342 0.0 2.08616e-07 0.0 0.0 0.0 0.0 0.0 0.0 6.4075e-06 3.93391e-05 0.0 0.0 0.00762221 0.0 0.0 0.0 0.0 0.0 0.0 0.949957 0.0 0.0 0.0 0.0 0.0 0.0 0.0 0.0 0.0 0.0 0.0 0.0 0.0 0.0 0.0 0.0 0.0 0.0 0.0 0.0 0.0 0.0 0.0 0.0 0.0 0.0 0.0 0.0 0.0 0.0
0.0 2.5332e-06 0.000135869 0.0 0.0 0.0 2.08616e-07 0.0 0.0 0.0 0.0 0.0 0.0 0.00134242 0.0 0.0 0.0 0.0 0.0 0.0 0.0 0.0 0.0 0.0 0.0 0.0 2.98023e-08 0.981187 0.0 0.0 0.0 0.0 0.0 0.0 7.15256e-07 0.0 0.0 3.27826e-07 0.0 0.0 0.0 0.0 0.0 0.0 0.0 0.0 0.0 1.49012e-07 0.0 0.0 0.0 0.0 0.0 0.0 0.0 0.0 0.0 0.0 0.0 0.0 0.0 0.0 0.0 0.0
0.0 0.0 0.0 0.0 0.0 5.126e-06 0.0 0.0 0.0 1.3113e-06 0.0 0.0 0.0 0.0 0.0 0.0 0.0 0.0 0.0 0.0 0.983808 0.0 0.0 0.0 0.0 0.000157624 0.0 0.0 0.0 0.0 0.0 0.0 0.0 0.0 0.0 0.0 0.0 0.0 0.0 0.0 0.0 0.0 0.0 0.0 0.0 0.0 7.66814e-05 0.0 0.0 4.20213e-06 0.0 0.0 0.0 0.0 0.0 0.0 0.0 0.0 0.0 0.0 0.0 0.0 0.0 0.0
0.0 4.61042e-05 0.966817 0.0 0.0 0.0 0.000211388 0.0 0.0 0.0 0.0 0.0 0.0 0.982321 0.0 0.0 0.0 0.0 0.0 0.0 0.0 0.0 0.0 0.0 0.0 0.0 1.01328e-06 0.00179759 0.0 0.0 0.0 0.0 0.0 0.0 2.73287e-05 0.0 0.0 0.0013344 0.0 0.0 0.0 0.0 0.0 0.0 0.0 0.0 0.0 1.19209e-05 0.0 0.0 0.0 0.0 0.0 0.0 0.0 0.0 0.0 0.0 0.0 0.0 0.0 0.0 0.0 0.0
0.0 0.0 0.0 0.0 0.0 0.0 0.0 0.0 0.0 0.0 0.0 0.0 0.0 0.0 0.0 1.0 0.0 0.0 0.0 0.0 0.0 0.0 0.0 0.0 0.0 0.0 0.0 0.0 0.0 0.0 0.0 0.0 0.0 0.0 0.0 0.0 0.0 0.0 0.0 0.0 0.0 0.0 0.0 0.0 0.0 0.0 0.0 0.0 0.0 0.0 0.0 0.0 0.0 0.0 0.0 0.0 0.0 0.0 0.0 0.0 0.0 0.0 0.0 0.0
0.0 0.0 0.0 0.0 0.0 0.0 0.0 0.0 0.0 0.0 0.0 0.0 0.0 0.0 0.0 0.0 0.0 0.0 0.0 0.0 0.0 8.9407e-08 0.0 0.00187117 0.0 0.0 2.98023e-08 0.0 0.0 0.0 0.0 0.0 0.0 0.000709206 0.0 0.0 0.0 0.0 0.0 0.0 0.0 0.0 0.000133663 0.0 0.0 0.0 0.0 0.0 0.0 0.0 1.40667e-05 0.0 0.0 0.0 0.0 0.0 0.0 0.0 0.0 0.0 0.0 0.0 0.0 0.942983
0.0 0.0 0.0 0.0 0.0 0.0 0.0 8.9407e-08 0.0 0.000606269 0.0 0.0 0.0 0.0 3.27826e-07 0.0 0.0 0.0 0.0 0.0 0.000610083 0.0 0.0 0.0 0.0 3.60608e-06 0.0 0.0 0.0 0.0 0.0 0.0 0.0 0.0 0.0 0.0 0.0 0.0 0.0 0.0 0.0 0.0 0.0 0.0 5.96046e-08 0.0 0.0169677 0.0 0.0 7.30157e-06 0.0 0.0 0.0 0.00224066 0.0 8.9407e-08 0.0 0.0 0.0 0.0 0.0 0.0 0.0 0.0
0.0 0.0 0.48158 0.0 0.0 0.0 0.980117 0.0 0.0 0.0 0.0 0.0 0.272983 0.0168685 0.0 0.0 0.0 0.00914317 0.0 0.0 0.0 0.0 0.209132 0.0 0.0 0.0 0.92374 1.10269e-05 0.0 0.000101417 0.0 0.0 0.0 0.0 0.0 0.0 0.0 0.980542 0.0 0.0 0.0 0.0 1.20699e-05 0.0 0.0 0.0 0.0 0.0 0.0 0.0 0.0 0.0 0.0 0.0 2.68221e-07 0.0 0.0 0.0 0.0 0.0 0.0 0.0 0.0 0.0
8.42214e-05 0.0 0.0 0.0 0.0 0.0 0.0 5.96046e-08 0.0 2.86698e-05 0.0 0.0 0.0 0.0 2.08616e-07 0.0 0.0 0.0 0.0 0.0 0.0 0.0 0.0 0.0 0.0 0.000138849 0.0 0.0 0.0 0.0 0.0 0.0 0.0 0.0 0.0 0.0 0.0 0.0 0.0 0.0 0.0 0.0 0.0 0.0 0.999986 0.0 5.87106e-06 0.0 0.0 0.0 0.0 5.87106e-06 0.0 3.70443e-05 0.0 0.000199437 0.0 0.0 0.0 0.0 6.55651e-07 0.0 0.0 0.0
0.0 0.0 3.48687e-05 0.0 0.0 0.0 0.000449628 0.0 0.0 0.0 0.0 0.0 0.00136167 4.73857e-06 0.0 0.0 0.0 2.89977e-05 0.0 0.0 0.0 0.0 0.00652531 7.15256e-07 0.0 0.0 0.00676483 0.0 0.0 0.9808 0.0 0.0 0.0 0.0 0.0 0.0 0.0 0.000583142 0.0 0.0 0.0 0.0 0.000139296 0.0 0.0 0.0 0.0 0.0 0.0 0.0 0.0 0.0 0.0 0.0 0.6902 0.0 0.0 0.0 0.0 0.0 0.0 0.0 0.0 0.0
4.42863e-05 0.0 0.0 0.0 0.0 0.0 0.0 0.0 0.0 5.96046e-08 0.0 0.0 0.0 0.0 1.81794e-06 0.0 0.0 0.0 0.0 0.0 0.0 0.0 0.0 0.0 0.0 0.0 0.0 0.0 0.0 0.0 2.98023e-08 0.0 0.0 0.0 7.45058e-07 0.0 0.0 0.0 0.0 5.33462e-06 0.0 0.0 0.0 0.0 1.01328e-06 0.0 0.0 1.87755e-06 0.0 0.0 0.0 1.43647e-05 0.0 0.0 0.0 3.69847e-05 0.0 0.0 0.0 0.0 0.999922 0.0 0.0 0.0
4.64916e-06 0.0 0.0 0.0 0.0 0.0 0.0 0.0 0.0 0.000182211 0.0 0.0 0.0 0.0 4.79817e-06 0.0 0.0 0.0 0.0 0.0 3.69549e-06 0.0 0.0 0.0 0.0 5.23925e-05 0.0 0.0 0.0 0.0 0.0 0.0 0.0 0.0 0.0 0.0 0.0 0.0 0.0 0.0 0.0 0.0 0.0 0.0 1.44541e-05 0.0 2.83122e-06 0.0 0.0 1.49012e-07 0.0 4.93526e-05 0.0 1.01328e-06 0.0 0.00152174 0.0 0.0 0.0 0.0 0.0 0.0 0.0 0.0
0.0 0.0 0.0 0.0 0.0 0.0 0.0 0.0 0.0 0.0 0.0 0.000125617 0.0 0.0 0.0 0.0 0.0 0.0 0.0 0.0 0.0 0.000174105 0.0 0.0110152 0.0 0.0 0.0 0.0 0.0 0.0 0.0 0.0 0.0 0.912942 0.0 0.0 0.0 0.0 0.0 0.0 0.0 0.0 2.25008e-05 0.0 0.0 0.0 0.0 0.0 0.0 0.0 0.0 0.0 0.0 0.0 0.0 0.0 0.0 0.0 0.0 0.0 0.0 0.0 0.0 0.00433689
0.000222057 1.49012e-07 0.0 0.0 0.0 0.0 0.0 0.0 0.0 0.0 0.0 0.0 0.0 0.0 0.989365 0.0 0.0 0.0 0.0 0.0 0.0 0.0 0.0 0.0 0.0 3.57628e-07 0.0 0.0 0.0 0.0 0.00610188 0.0 0.0 0.0 2.5034e-06 0.0 0.0 0.0 0.0 0.0 0.0 0.0 0.0 0.0 5.96046e-08 0.0 0.0 1.37091e-06 0.0 0.0 0.0 0.679488 0.0 0.0 0.0 0.0315441 0.0 0.0 0.0 0.0 2.98023e-08 5.96046e-08 0.0 0.0
0.0740398 1.59144e-05 0.0 0.0 0.0 0.0 0.0 0.0 0.0 0.0 0.0 0.0 0.0 5.96046e-07 9.39071e-05 0.0 0.0 0.0 0.0 0.0 0.0 0.0 0.0 0.0 0.0 0.0 0.0 1.78814e-07 0.0 0.0 2.86102e-05 0.0 0.0 0.0 0.575204 0.0 0.0 0.0 1.49012e-07 0.0 0.0 0.0 0.0 0.0 1.78814e-07 0.0 0.0 0.982319 0.0 0.0 0.0 0.0020476 0.0 0.0 0.0 2.22921e-05 0.0 0.0 0.0 2.35438e-06 3.53158e-05 5.96046e-08 0.0 0.0
0.0 0.0 0.0 0.0 0.0 0.0 0.0 0.0 0.0 0.0 0.0 0.0 0.0 0.0 0.0 0.0 0.0 0.0 0.0 0.0 0.0 0.0 0.0 0.0 0.0 0.0 0.0 0.0 1.0 0.0 0.0 0.0 0.0 0.0 0.0 0.0 0.0 0.0 0.0 0.0 0.0 0.0 0.0 0.0 0.0 0.0 0.0 0.0 0.0 0.0 0.0 0.0 0.0 0.0 0.0 0.0 0.0 0.0 0.0 0.0 0.0 0.0 0.0 0.0
0.0 0.0 0.0 0.0 0.0 0.0 0.0 0.0 0.0 0.0 0.0 0.0 0.0 0.0 0.0 0.0 0.0 0.0 0.0 0.0 0.0 0.0 0.0 0.0 0.0 0.0 0.0 0.0 0.0 0.0 0.0 0.0 2.28882e-05 0.0 0.0 0.0 0.0 0.0 0.00734025 0.0 0.0 0.0 0.0 0.0 0.0 0.0 0.0 0.0 0.0 0.0 0.0 0.0 0.0 0.0 0.0 0.0 0.0 0.0 0.0 0.0 0.0 0.999804 0.0 0.0
0.0 0.0 0.0 0.0 0.0 0.0 0.0 0.0 0.0 0.0 0.0 0.0 0.0 0.0 0.0 0.0 0.0 0.0 0.999968 0.0 0.0 0.0 0.0 0.0 0.0 0.0 0.0 0.0 0.0 0.0 0.0 0.0 0.0 0.0 0.0 0.0 0.0 0.0 0.0 0.0 0.0 0.0 0.0 0.0 0.0 0.0 0.0 0.0 0.0 0.0 0.0 0.0 0.0 0.0 0.0 0.0 0.0 0.0 0.0 0.0 0.0 0.0 0.0 0.0
8.9407e-08 0.981841 5.96046e-08 0.0 0.0 0.0 0.0 0.0 0.0 0.0 0.0 0.0 0.0 1.04308e-06 3.8445e-06 0.0 0.0 0.0 0.0 0.0 0.0 0.0 0.0 0.0 0.0 0.0 0.0 5.96046e-08 0.0 0.0 0.00335562 0.0 0.0 0.0 0.0196439 0.0 0.0 0.0 8.9407e-08 0.0 0.0 0.0 0.0 0.0 0.0 0.0 0.0 7.7188e-06 0.0 0.0 0.0 1.09971e-05 0.0 0.0 0.0 1.49012e-07 0.0 0.0 0.0 0.0 0.0 6.25849e-07 0.0 0.0
1.03116e-05 0.0 0.0 0.0 0.0 0.0 0.0 0.0 0.0 0.0 0.0 0.0 0.0 0.0 0.0 0.0 0.0 0.0 0.0 0.0 0.0 0.0 0.0 0.0 0.0 0.0 0.0 0.0 0.0 0.0 0.0 0.0 0.0 0.0 2.98023e-08 0.0 0.0 0.0 0.0 0.0 0.0 0.0 0.0 0.0 0.0 0.0 0.0 6.10054e-05 0.0 0.0 0.0 8.9407e-08 0.0 0.0 0.0 0.0 0.0 0.0 0.0 0.998243 0.0 0.0 0.0 0.0
0.0 0.0 0.0 0.0 0.0 0.0 0.0 0.0 0.0 0.0 0.0 0.0 0.0 0.0 0.0 0.0 0.0 0.0 0.0 0.0 0.0 0.0 0.0 0.0 0.0 0.0 0.0 0.0 0.0 0.0 0.0 0.0 0.0 0.0 0.0 0.0 0.0 0.0 0.0 0.0 0.0 0.0 0.0 0.0 0.0 0.0 0.0 0.0 0.995661 0.0 0.0 0.0 0.0 0.0 0.0 0.0 0.0 0.0 0.0 0.0 0.0 0.0 0.0 0.0
0.0 0.0 0.0 0.0 0.0 0.0 0.0 1.14441e-05 0.0 0.988954 0.0 0.0 0.0 0.0 0.0 0.0 0.0 0.0 0.0 0.0 8.34465e-07 0.0 0.0 0.0 0.0 0.000679821 0.0 0.0 0.0 0.0 0.0 0.0 0.0 0.0 0.0 3.03984e-06 0.0 0.0 0.0 0.0 0.0 0.0 0.0 0.0 2.14577e-06 0.0 8.63671e-05 0.0 0.0 0.0 0.0 0.0 0.0 0.00025776 0.0 0.0 0.0 0.0 0.0 0.0 0.0 0.0 0.0 0.0
0.0 0.0 0.0 0.0 0.0 0.0 0.0 0.0 0.0 0.0 0.0 0.0 0.0 0.0 0.0 0.0 0.0 0.0 0.0 0.0 0.0 0.0 0.0 0.0 0.0 0.0 0.0 0.0 0.0 0.0 0.0 0.0 0.0 0.0 0.0 0.0 0.0 0.0 0.0 0.0 0.0 0.0 0.0 0.993732 0.0 0.0 0.0 0.0 0.0 0.0 0.0 0.0 0.0 0.0 0.0 0.0 0.0 0.0 0.0 0.0 0.0 4.47035e-07 0.0 0.0
0.0 0.0 3.26633e-05 0.0 0.0 0.0 0.856491 0.0 0.0 0.0 0.0 0.0 0.985988 8.34465e-07 0.0 0.0 0.0 0.939868 0.0 0.0 0.0 0.0 0.959845 0.00040853 0.0 0.0 0.991061 2.68221e-07 0.0 0.000759929 0.0 0.0 0.0 0.0 0.0 0.0 0.0 0.617469 0.0 0.0 0.0 0.0 0.488926 0.0 0.0 0.0 0.0 0.0 0.0 0.0 0.0 0.0 0.0 0.0 1.40071e-06 0.0 0.0 0.0 0.0 0.0 0.0 0.0 0.0 0.0
0.0 0.0 4.43161e-05 0.0 0.0 0.0 0.861931 0.0 0.0 0.0 0.0 0.0 0.972839 1.10269e-06 0.0 0.0 0.0 0.863074 0.0 0.0 0.0 0.0 0.974187 0.000364959 0.0 0.0 0.989954 5.96046e-08 0.0 0.00843826 0.0 0.0 0.0 0.0 0.0 0.0 0.0 0.686375 0.0 0.0 0.0 0.0 0.546231 0.0 0.0 0.0 0.0 0.0 0.0 0.0 0.0 0.0 0.0 0.0 2.17855e-05 0.0 0.0 0.0 0.0 0.0 0.0 0.0 0.0 0.0
0.0 0.0 2.68221e-07 0.0 0.0 0.0 6.25849e-07 0.0 0.0 0.0 0.0 0.0 1.81794e-06 5.96046e-08 0.0 0.0 0.0 2.98023e-08 0.0 0.0 0.0 0.0 7.89762e-06 0.0 0.0 0.0 4.91738e-06 0.0 0.0 0.555929 0.0 0.0 0.0 0.0 0.0 0.0 0.0 9.23872e-07 0.0 0.0 0.0 0.0 1.2517e-06 0.0 0.0 0.0 0.0 0.0 0.0 0.0 0.0 0.0 0.0 0.0 0.992791 0.0 0.0 0.0 0.0 8.9407e-08 0.0 0.0 0.0 0.0
0.0 0.0 0.0 0.0 0.0 0.0 0.0 6.55651e-07 0.0 0.0 2.98023e-08 0.0 0.0 0.0 0.0 0.0 0.0 0.0 0.0 0.0 0.0 0.0 0.0 0.0 0.0 0.0 0.0 0.0 0.0 0.0 0.0 0.0 0.0 0.0 0.0 0.0 0.0 0.0 0.0 0.0 0.0 0.0 0.0 0.0 0.0 0.0 0.0 0.0 0.0 0.0 0.0 0.0 0.999898 0.0 0.0 0.0 0.0 0.0 0.0 0.0 0.0 0.0 0.0 0.0
0.0 5.0962e-06 0.982294 0.0 0.0 0.0 0.0161946 0.0 0.0 0.0 0.0 0.0 7.45058e-07 0.981152 0.0 0.0 0.0 5.96046e-08 0.0 0.0 0.0 0.0 5.06639e-07 0.0 0.0 0.0 8.33273e-05 0.000546455 0.0 3.8743e-07 0.0 0.0 0.0 0.0 1.40071e-06 0.0 0.0 0.0947821 0.0 0.0 0.0 0.0 0.0 0.0 0.0 0.0 0.0 5.66244e-07 0.0 0.0 0.0 0.0 0.0 0.0 0.0 0.0 0.0 0.0 0.0 0.0 0.0 0.0 0.0 0.0
0.0 0.0 0.0 0.0 0.0 0.0 0.0 0.0 0.0 0.0 0.0 0.0 0.0 0.0 0.0 0.0 0.0 0.0 0.0 0.0 0.0 0.0 0.0 0.0 0.0 0.0 0.0 0.0 0.0 0.0 0.0 0.0 0.0 0.0 0.0 0.0 0.0 0.0 0.0 0.0 0.0 4.50015e-06 0.0 0.0 0.0 0.0 0.0 0.0 0.0 0.0 0.0 0.0 0.0 0.0 0.0 0.0 0.0 1.0 0.0 0.0 0.0 0.0 0.0 0.0
0.0 0.0 0.0 0.0 0.0 0.0 0.0 0.0 0.0 0.0 8.9407e-08 0.0 0.0 0.0 0.0 0.0 0.0 0.0 0.0 0.0 0.0 0.0 0.0 0.0 0.0 0.0 0.0 0.0 0.0 0.0 0.0 0.0 0.0 0.0 0.0 4.76837e-07 0.0 0.0 0.0 0.0 0.999734 0.0 0.0 0.0 0.0 0.0 0.0 0.0 0.0 2.08616e-07 0.0 0.0 0.0 0.0 0.0 0.0 0.0 0.0 0.0 0.0 0.0 0.0 0.0 0.0
8.9407e-08 0.0 0.0 0.0 0.0 0.0 0.0 0.0 0.0 0.0 0.0 0.0 0.0 0.0 5.96046e-08 0.0 0.0 0.0 0.0 0.0 0.0 0.0 0.0 0.0 0.0 0.0 0.0 0.0 0.0 0.0 0.0 0.0 0.018945 0.0 1.49012e-07 0.0 0.0 0.0 0.993726 0.0 0.0 0.0 0.0 0.0 0.0 0.0 0.0 1.3113e-06 0.0 0.0 0.0 1.84774e-06 0.0 0.0 0.0 2.98023e-08 0.0 0.0 0.0 0.0 0.0 0.0727268 0.0 0.0
0.0 0.0 0.0 0.0 0.0 2.98023e-08 0.0 0.0 0.0 0.00219035 0.0 0.0 0.0 0.0 0.0 0.0 0.0 0.0 0.0 0.0 0.000101149 0.0 0.0 0.0 0.0 0.999532 0.0 0.0 0.0 0.0 0.0 0.0 0.0 0.0 0.0 1.19209e-07 0.0 0.0 0.0 0.0 0.0 0.0 0.0 0.0 2.12491e-05 0.0 4.17233e-06 0.0 0.0 1.19209e-07 0.0 0.0 0.0 6.85453e-07 0.0 3.8743e-07 0.0 0.0 0.0 0.0 0.0 0.0 0.0 0.0
0.0 0.0 0.0 0.0 0.0 0.0 0.0 0.0 0.0 0.0 0.0 0.0 0.0 0.0 0.0 0.0 0.995082 0.0 0.0 6.25849e-07 0.0 0.0 0.0 0.0 0.0 0.0 0.0 0.0 0.0 0.0 0.0 0.0 0.0 0.0 0.0 0.0 0.0 0.0 0.0 0.0 0.0 0.0 0.0 0.0 0.0 0.0 0.0 0.0 0.0 0.0 0.0 0.0 0.0 0.0 0.0 0.0 0.0 0.0 0.0 0.0 0.0 0.0 0.0 0.0
0.0 0.0 0.0 0.0 0.0 0.0 0.0 0.000198156 0.0 0.000436068 0.0 0.0 0.0 0.0 0.0 0.0 0.0 0.0 0.0 0.0 0.0 0.0 0.0 0.0 0.0 4.20213e-06 0.0 0.0 0.0 0.0 0.0 0.0 0.0 0.0 0.0 2.98023e-08 0.0 0.0 0.0 0.0 0.0 0.0 0.0 0.0 3.93391e-06 0.0 0.000116616 0.0 0.0 1.84774e-06 0.0 0.0 0.0 0.999489 0.0 0.0 0.0 0.0 0.0 0.0 0.0 0.0 0.0 0.0
0.0 0.0 9.23872e-07 0.0 0.0 0.0 0.165358 0.0 0.0 0.0 0.0 0.0 0.960856 5.96046e-08 0.0 0.0 0.0 0.978448 0.0 0.0 0.0 0.0 0.840869 0.00842732 0.0 0.0 0.979009 1.19209e-07 0.0 5.46873e-05 0.0 0.0 0.0 0.0 0.0 0.0 0.0 0.0422395 0.0 0.0 0.0 0.0 0.757548 0.0 0.0 0.0 0.0 0.0 0.0 0.0 0.0 0.0 0.0 0.0 5.96046e-08 0.0 0.0 0.0 0.0 0.0 0.0 0.0 0.0 0.0
0.425115 0.0 0.0 0.0 0.0 0.0 0.0 0.0 0.0 2.08616e-07 0.0 0.0 0.0 0.0 0.0115644 0.0 0.0 0.0 0.0 0.0 3.57628e-07 0.0 0.0 0.0 0.0 2.05338e-05 0.0 0.0 0.0 0.0 4.26173e-06 0.0 0.0 0.0 1.19209e-07 0.0 0.0 0.0 0.0 0.0 0.0 0.0 0.0 0.0 0.000178367 0.0 0.0 2.68221e-07 0.0 0.0 0.0 0.644933 0.0 0.0 0.0 0.983182 0.0 0.0 0.0 0.0 7.689e-06 0.0 0.0 0.0
0.0 0.0 0.0 0.0 0.0 0.0 0.0 0.0 0.0 0.0 0.0 0.0 0.0 0.0 0.0 0.0 0.0 0.0 0.0 0.0 0.0 0.0 0.0 0.0 0.0 0.0 0.0 0.0 0.0 0.0 0.0 0.0 0.0 0.0 0.0 2.98023e-08 0.0 0.0 0.0 0.0 0.0 0.999998 0.0 0.0 0.0 0.0 0.0 0.0 0.0 0.0 0.0 0.0 0.0 0.0 0.0 0.0 0.0 2.08616e-07 4.91738e-06 0.0 0.0 0.0 0.0 0.0
0.0 0.0 0.0 0.0 0.0 0.0 0.0 0.0 0.0 0.0 0.0 0.0 0.0 0.0 0.0 0.0 0.0 0.0 0.0 0.0 0.0 0.0 0.0 0.0 0.0 0.0 0.0 0.0 0.0 0.0 0.0 0.0 0.999931 0.0 0.0 0.0 0.0 0.0 0.000784397 0.0 0.0 0.0 0.0 0.0 0.0 0.0 0.0 0.0 0.0 0.0 0.0 0.0 0.0 0.0 0.0 0.0 0.0 0.0 0.0 0.0 0.0 2.11298e-05 0.0 0.0
0.983662 5.96046e-08 0.0 0.0 0.0 0.0 0.0 0.0 0.0 0.0 0.0 0.0 0.0 0.0 0.000336796 0.0 0.0 0.0 0.0 0.0 0.0 0.0 0.0 0.0 0.0 1.78814e-07 0.0 0.0 0.0 0.0 7.53999e-06 0.0 0.0 0.0 0.000654399 0.0 0.0 0.0 0.0 5.96046e-08 0.0 0.0 0.0 0.0 0.000997096 0.0 0.0 0.0305786 0.0 0.0 0.0 0.259509 0.0 0.0 0.0 0.686579 0.0 0.0 0.0 2.08616e-07 0.000363082 0.0 0.0 0.0
0.0 0.0 0.0 0.0 0.0 0.0 0.0 0.0 0.0 0.0 0.0 0.0 0.0 0.0 0.0 0.0 0.0 0.0 0.0 0.0 0.0 0.0 0.0 0.0 0.999455 0.0 0.0 0.0 0.0 0.0 0.0 0.0 0.0 0.0 0.0 0.0 0.0 0.0 0.0 0.0 0.0 0.0 0.0 0.0 2.98023e-08 0.0 0.0 0.0 0.0 0.0 0.0 0.0 0.0 0.0 0.0 0.0 0.0 0.0 0.0 0.0 0.0 0.0 0.0 0.0
0.0 0.0 0.0 0.0 0.0 0.0 0.0 0.0 0.0 0.0 0.0 0.0 0.0 0.0 0.0 0.0 0.0 0.0 0.0 0.0 0.0 0.0 0.0 0.0 0.0 0.0 0.0 0.0 0.0 0.0 0.0 1.0 0.0 0.0 0.0 0.0 0.0 0.0 0.0 0.0 0.0 0.0 0.0 0.0 0.0 0.0 0.0 0.0 0.0 0.0 0.0 0.0 0.0 0.0 0.0 0.0 0.0 0.0 0.0 0.0 0.0 0.0 0.0 0.0
0.0 0.0 0.0 0.0 0.0 0.0 0.0 0.0 0.0 0.0 0.0 0.0 0.0 0.0 0.0 0.0 0.0 0.0 0.0 0.0 0.0 0.0 0.0 0.0 0.0 0.0 0.0 0.0 0.0 0.0 0.0 0.0 0.0 0.0 0.0 0.0 0.0 0.0 0.0 0.0 0.0 0.0 0.0 0.0 0.0 0.0 0.0 0.0 0.0 0.0 0.0 0.0 0.0 0.0 0.0 0.0 0.0 0.0 0.0 0.0 0.0 0.0 0.999998 0.0
1.13249e-06 0.0 0.0 0.0 0.0 0.0 0.0 0.0 0.0 0.000326306 0.0 0.0 0.0 0.0 0.000121415 0.0 0.0 0.0 0.0 0.0 0.00246996 0.0 0.0 0.0 0.0 0.000436038 0.0 0.0 0.0 0.0 0.0 0.0 0.0 0.0 0.0 0.0 0.0 0.0 0.0 0.0 0.0 0.0 0.0 0.0 2.08616e-07 0.0 9.53674e-07 0.0 0.0 1.78814e-07 0.0 5.92172e-05 0.0 0.0 0.0 0.00102904 0.0 0.0 0.0 0.0 0.0 0.0 0.0 0.0
0.0 0.0 0.173716 0.0 0.0 0.0 0.980255 0.0 0.0 0.0 0.0 0.0 0.548806 0.00413179 0.0 0.0 0.0 0.0391068 0.0 0.0 0.0 0.0 0.436389 0.0 0.0 0.0 0.963816 1.0103e-05 0.0 7.7039e-05 0.0 0.0 0.0 0.0 0.0 0.0 0.0 0.979705 0.0 0.0 0.0 0.0 6.20782e-05 0.0 0.0 0.0 0.0 0.0 0.0 0.0 0.0 0.0 0.0 0.0 1.19209e-07 0.0 0.0 0.0 0.0 0.0 0.0 0.0 0.0 0.0
4.20213e-06 0.0 0.0 0.0 0.0 0.0 0.0 0.0 0.0 0.0 0.0 0.0 0.0 0.0 0.0 0.0 0.0 0.0 0.0 0.0 0.0 0.0 0.0 0.0 0.0 0.0 0.0 0.0 0.0 0.0 0.0 0.0 0.0 0.0 0.0 0.0 0.0 0.0 0.0 0.999861 0.0 0.0 0.0 0.0 5.96046e-08 0.0 0.0 0.0 0.0 0.0 0.0 0.0 0.0 0.0 0.0 8.9407e-08 0.0 0.0 0.0 0.0 0.000138551 0.0 0.0 0.0
0.0 0.0 0.0 0.0 0.0 0.0 0.0 0.0110326 0.0 0.0616338 3.57628e-07 0.0 0.0 0.0 0.0 0.0 0.0 0.0 0.0 0.0 0.0 0.0 0.0 0.0 0.0 2.68221e-07 0.0 0.0 0.0 0.0 0.0 0.0 0.0 0.0 0.0 4.35114e-06 0.0 0.0 0.0 0.0 0.0 0.0 0.0 0.0 0.0 0.0 0.000286847 0.0 0.0 0.0 0.0 0.0 0.0 3.99351e-06 0.0 0.0 0.0 0.0 0.0 0.0 0.0 0.0 0.0 0.0
0.0 0.0 0.0 0.0 0.0 0.0 0.0 0.999898 0.0 1.10269e-06 4.38094e-06 0.0 0.0 0.0 0.0 0.0 0.0 0.0 0.0 0.0 0.0 0.0 0.0 0.0 0.0 0.0 0.0 0.0 0.0 0.0 0.0 0.0 0.0 0.0 0.0 0.0 0.0 0.0 0.0 0.0 0.0 0.0 0.0 0.0 0.0 0.0 1.78814e-07 0.0 0.0 0.0 0.0 0.0 3.8743e-07 9.36091e-05 0.0 0.0 0.0 0.0 0.0 0.0 0.0 0.0 0.0 0.0
0.0 0.0 0.0 0.0 0.0 9.98676e-05 0.0 0.0 0.0 5.06639e-06 6.85453e-07 0.0 0.0 0.0 0.0 0.0 0.0 0.0 0.0 0.0 0.0107771 0.0 0.0 0.0 0.0 0.000557631 0.0 0.0 0.0 0.0 0.0 0.0 0.0 0.0 0.0 2.00272e-05 0.0 0.0 0.0 0.0 2.08616e-07 0.0 0.0 0.0 0.0 0.0 2.08616e-07 0.0 0.0 1.16229e-06 0.0 0.0 0.0 0.0 0.0 0.0 0.0 0.0 0.0 0.0 0.0 0.0 0.0 0.0
0.0677198 4.17233e-07 0.0 0.0 0.0 0.0 0.0 0.0 0.0 0.0 0.0 0.0 0.0 0.0 0.510321 0.0 0.0 0.0 0.0 0.0 0.0 0.0 0.0 0.0 0.0 1.49012e-07 0.0 0.0 0.0 0.0 0.000263989 0.0 0.0 0.0 4.82798e-06 0.0 0.0 0.0 2.08616e-07 0.0 0.0 0.0 0.0 0.0 4.17233e-07 0.0 0.0 1.78516e-05 0.0 0.0 0.0 0.984594 0.0 0.0 0.0 0.696194 0.0 0.0 0.0 0.0 2.68221e-07 0.0 0.0 0.0
0.0 0.0 0.0 0.0 0.0 0.0 0.0 0.0 0.0 0.0 0.0 0.0 0.0 0.0 0.0 0.0 0.0 0.0 0.0 0.0 0.0 0.0 0.0 0.0 0.0 0.0 0.0 0.0 0.0 0.0 0.0 0.0 0.0 0.0 0.0 0.0 0.0 0.0 0.0 0.0 0.0 0.0 0.0 0.0 0.0 0.0 0.0 0.0 0.0 0.0 0.0 0.0 0.0 0.0 0.0 0.0 0.999971 0.0 0.0 0.0 0.0 0.0 0.0 0.0
0.0 0.0 0.0 0.0 0.0 0.0 0.0 1.59442e-05 0.0 0.242248 0.0 0.0 0.0 0.0 1.49012e-07 0.0 0.0 0.0 0.0 0.0 9.23872e-07 0.0 0.0 0.0 0.0 9.45926e-05 0.0 0.0 0.0 0.0 0.0 0.0 0.0 0.0 0.0 2.98023e-08 0.0 0.0 0.0 0.0 0.0 0.0 0.0 0.0 8.9407e-08 0.0 1.2815e-06 0.0 0.0 4.05312e-06 0.0 0.0 0.0 7.75754e-05 0.0 6.25849e-07 0.0 0.0 0.0 0.0 1.19209e-07 0.0 0.0 0.0
0.0 0.0 0.0 0.0 0.0 0.99998 0.0 0.0 0.0 0.0 2.98023e-07 0.0 0.0 0.0 0.0 0.0 0.0 0.0 0.0 0.0 0.0 0.0 0.0 0.0 0.0 0.0 0.0 0.0 0.0 0.0 0.0 0.0 0.0 0.0 0.0 2.16067e-05 0.0 0.0 0.0 0.0 2.42591e-05 0.0 0.0 0.0 0.0 0.0 0.0 0.0 0.0 0.0 0.0 0.0 0.0 0.0 0.0 0.0 0.0 0.0 0.0 0.0 0.0 0.0 0.0 0.0
0.0015116 0.0204844 0.0 0.0 0.0 0.0 0.0 0.0 0.0 0.0 0.0 0.0 0.0 4.47035e-07 8.98838e-05 0.0 0.0 0.0 0.0 0.0 0.0 0.0 0.0 0.0 0.0 0.0 0.0 2.98023e-08 0.0 0.0 0.0224222 0.0 0.0 0.0 0.984112 0.0 0.0 0.0 2.98023e-08 0.0 0.0 0.0 0.0 0.0 0.0 0.0 0.0 0.435869 0.0 0.0 0.0 0.000341088 0.0 0.0 0.0 2.89083e-06 0.0 0.0 0.0 0.0 1.93715e-06 1.19209e-07 0.0 0.0
0.0 0.0 0.0 0.0 0.0 0.0 0.0 0.0 0.0 0.0 0.0 0.0 0.0 0.0 0.0 0.0 0.0 0.0 0.0 0.0 0.0 0.0 0.0 0.0 0.0 0.0 0.0 0.0 0.0 0.0 0.0 0.0 0.0 0.0 0.0 0.0 0.999483 0.0 0.0 0.0 0.0 0.0 0.0 0.0 0.0 0.0 0.0 0.0 0.0 0.0 0.0 0.0 0.0 0.0 0.0 0.0 0.0 0.0 0.0 0.0 0.0 0.0 0.0 0.0
1.54972e-05 0.0 0.0 0.0 0.0 0.0 0.0 0.0 0.0 0.000942916 0.0 0.0 0.0 0.0 0.000551343 0.0 0.0 0.0 0.0 0.0 5.39124e-05 0.0 0.0 0.0 0.0 0.000885665 0.0 0.0 0.0 0.0 0.0 0.0 0.0 0.0 0.0 0.0 0.0 0.0 0.0 0.0 0.0 0.0 0.0 0.0 2.44081e-05 0.0 1.78814e-07 0.0 0.0 1.78814e-07 0.0 8.63075e-05 0.0 0.000369877 0.0 0.0180297 0.0 0.0 0.0 0.0 8.9407e-08 0.0 0.0 0.0
0.0 0.0 0.0 0.0 0.0 0.0 0.0 0.0 0.0 0.0 0.0 0.0 0.0 0.0 0.0 0.0 0.0 0.0 0.0 0.0 0.0 0.0 0.0 0.0 0.0 0.0 0.0 0.0 0.0 0.0 0.0 0.0 0.0 0.0 0.0 0.0 0.0 0.0 0.0 0.0 0.0 0.0 0.0 0.0 0.0 0.99992 0.0 0.0 0.0 0.0 0.0 0.0 0.0 0.0 0.0 0.0 0.0 0.0 0.0 0.0 0.0 0.0 0.0 0.0
0.0 0.0 0.0 0.0 0.0 2.68221e-07 0.0 2.98023e-07 0.0 0.0 0.999922 0.0 0.0 0.0 0.0 0.0 0.0 0.0 0.0 0.0 0.0 0.0 0.0 0.0 0.0 0.0 0.0 0.0 0.0 0.0 0.0 0.0 0.0 0.0 0.0 1.3113e-06 0.0 0.0 0.0 0.0 0.0 0.0 0.0 0.0 0.0 0.0 5.96046e-08 0.0 0.0 0.0 0.0 0.0 0.0 0.0 0.0 0.0 0.0 0.0 0.0 0.0 0.0 0.0 0.0 0.0
0.0 0.0 0.0 0.0 0.0 7.30157e-06 0.0 2.98023e-08 0.0 0.0 0.000261366 0.0 0.0 0.0 0.0 0.0 0.0 0.0 0.0 0.0 0.0 0.0 0.0 0.0 0.0 0.0 0.0 0.0 0.0 0.0 0.0 0.0 0.0 0.0 0.0 0.999783 0.0 0.0 0.0 0.0 2.44379e-06 8.91984e-05 0.0 0.0 0.0 0.0 4.47035e-07 0.0 0.0 0.0 0.0 0.0 0.0 0.0 0.0 0.0 0.0 0.0 0.0 0.0 0.0 0.0 0.0 0.0
0.0 0.0 0.0 0.0 0.0 0.0 0.0 0.0 0.0 0.0 0.0 0.0 0.0 0.0 0.0 0.0 0.0 0.0 0.0 0.0 0.0 0.0 0.0 0.0 0.0 0.0 0.0 0.0 0.0 0.0 0.0 0.0 0.0 0.0 0.0 0.0 0.0 0.0 0.0 0.0 0.0 0.0 0.0 0.0 0.0 0.0 0.0 0.0 0.0 0.0 0.945015 0.0 0.0 0.0 0.0 0.0 0.0 0.0 0.0 0.0 0.0 0.0 0.0 4.55976e-06
0.362852 5.96046e-08 0.0 0.0 0.0 0.0 0.0 0.0 0.0 1.49012e-07 0.0 0.0 0.0 0.0 0.046016 0.0 0.0 0.0 0.0 0.0 1.49012e-07 0.0 0.0 0.0 0.0 6.85453e-07 0.0 0.0 0.0 0.0 2.29478e-06 0.0 0.0 0.0 3.8743e-07 0.0 0.0 0.0 0.0 0.0 0.0 0.0 0.0 0.0 4.92632e-05 0.0 0.0 2.08616e-06 0.0 0.0 0.0 0.560017 0.0 0.0 0.0 0.945505 0.0 0.0 0.0 0.0 1.33812e-05 0.0 0.0 0.0
0.0 0.0 0.0 0.0 0.0 0.0 0.0 0.0 0.0 3.8743e-07 1.19209e-07 0.0 0.0 0.0 0.0 0.0 0.0 0.0 0.0 0.0 4.20213e-06 0.0 0.0 0.0 0.0 1.05202e-05 0.0 0.0 0.0 0.0 0.0 0.0 0.0 0.0 0.0 5.96046e-08 0.0 0.0 0.0 0.0 2.92659e-05 0.0 0.0 0.0 0.0 0.0 2.563e-06 0.0 0.0 0.999999 0.0 0.0 0.0 9.83477e-06 0.0 0.0 0.0 0.0 0.0 0.0 0.0 0.0 0.0 0.0
0.0 0.0 0.0 0.0 0.0 3.36766e-05 0.0 0.0 0.0 5.00679e-06 9.83477e-07 0.0 0.0 0.0 0.0 0.0 0.0 0.0 0.0 0.0 1.37389e-05 0.0 0.0 0.0 0.0 8.9407e-08 0.0 0.0 0.0 0.0 0.0 0.0 0.0 0.0 0.0 5.66244e-07 0.0 0.0 0.0 0.0 0.0 0.0 0.0 0.0 5.96046e-08 0.0 0.993949 0.0 0.0 1.43051e-06 0.0 0.0 0.0 8.61287e-06 0.0 0.0 0.0 0.0 0.0 0.0 0.0 0.0 0.0 0.0
0.0 0.0 0.0 0.0 0.0 0.0 0.0 0.0 0.0 0.0 0.0 0.0 0.0 0.0 0.0 0.0 1.78814e-07 0.0 0.0 0.998661 0.0 0.0 0.0 0.0 0.0 0.0 0.0 0.0 0.0 0.0 0.0 0.0 0.0 0.0 0.0 0.0 0.0 0.0 0.0 0.0 0.0 0.0 0.0 0.0 0.0 0.0 0.0 0.0 0.0 0.0 0.0 0.0 0.0 0.0 0.0 0.0 0.0 0.0 0.0 0.0 0.0 0.0 0.0 0.0
0.0 0.0 0.0 0.0 0.0 0.0 0.0 0.0 0.0 0.0 0.0 0.0 0.0 0.0 0.0 0.0 0.0 0.0 0.0 0.0 0.0 0.0 0.0 0.0 0.0 0.0 0.0 0.0 0.0 0.0 0.0 0.0 0.0 0.0 0.0 0.0 0.0 0.0 0.0 0.0 0.0 2.77162e-06 0.0 0.0 0.0 0.0 0.0 0.0 0.0 0.0 0.0 0.0 0.0 0.0 0.0 0.0 0.0 0.0 0.999994 0.0 0.0 0.0 0.0 0.0
5.75185e-06 0.000795305 0.0 0.0 0.0 0.0 0.0 0.0 0.0 0.0 0.0 0.0 0.0 0.0 0.0324969 0.0 0.0 0.0 0.0 0.0 0.0 0.0 0.0 0.0 0.0 0.0 0.0 0.0 0.0 0.0 0.99005 0.0 0.0 0.0 0.00268278 0.0 0.0 0.0 0.0 0.0 0.0 0.0 0.0 0.0 0.0 0.0 0.0 8.64267e-07 0.0 0.0 0.0 0.00201723 0.0 0.0 0.0 1.11163e-05 0.0 0.0 0.0 0.0 0.0 0.0 0.0 0.0
26 42 23 3 21 8 4 11 2 6 22 15 43 29 63 33 13 37 12 61 39 38 30 17 47 0 14 19 31 24 25 1 51 27 28 48 16 54 52 20 34 57 40 56 18 45 36 9 55 50 62 35 59 7 32 60 10 5 58 41 49 44 53 46
