8
0.981004 0.0980449 0.78404 0.0 0.510603 0.0 0.0 0.0 0.918816 0.0 0.0 0.0 0.0 0.0 0.0356666 0.0 0.0 0.0 0.0 0.0 0.0 0.0 0.222149 0.382101 0.701246 0.0 0.923315 0.0973794 0.0 0.97478 0.995194 0.0 0.458356 0.239185 0.0 0.195425 0.0 0.560605 0.0 0.0 0.946615 0.00234035 0.0 0.0 4.76837e-06 0.0 0.0 0.0 0.0 0.0 0.0 0.0211452 0.0 0.0 0.0 0.0 0.0 0.0 0.0 0.0 0.0 0.0 0.0 0.0
0.0 0.0 0.0 0.0 0.0 0.0 0.0 0.0 0.0 0.0 0.0 0.0726468 0.0 0.0 0.0 0.0131552 0.0 0.0 0.0 0.0924178 0.0 0.0 0.0 0.0 0.0 0.0 0.0 0.0 0.0 0.0 0.0 0.0 0.0 0.0 0.0 0.0 0.100778 0.0 0.0 0.0 0.0 0.0 0.0 0.271768 0.0 0.0 0.0 2.98023e-08 0.0 0.0 0.0 0.0 0.0 0.397513 0.0 0.0 0.0 0.00526685 0.0 0.0 0.0 0.0 0.0 0.00876096
0.000108808 0.942235 4.34816e-05 0.0 0.0336357 0.0 0.0 0.0 0.0368573 0.0 0.0 0.0 0.0 0.0 0.286529 0.0 0.0 0.0 0.0 0.0 0.0 0.0 0.156097 2.38419e-07 0.000131518 0.0 0.0840794 0.124293 0.0 0.00166672 0.000461936 0.0 0.64821 0.39678 0.0 0.202797 0.0 5.06639e-07 0.0 0.0 0.000947058 0.450622 0.0 0.0 0.0 0.0 0.0 0.0 0.0 0.0 0.0 0.780227 0.0 0.0 0.0 0.0 0.0 0.0 0.0 0.0 0.0 0.0 0.0 0.0
0.0 0.0 0.0 0.0 0.0 0.0 0.0 0.0 0.0 0.997294 0.0 0.0 0.0 1.69873e-06 0.0 0.0 0.0 0.0 0.0 0.0 0.0 0.0 0.0 0.0 0.0 0.0 0.0 0.0 0.0 0.0 0.0 1.5378e-05 0.0 0.0 0.0 0.0 0.0 0.0 0.0 1.0699e-05 0.0 0.0 0.0 0.0 0.0 0.0 0.0 0.0 0.000450343 0.0 0.0 0.0 0.0 0.0 1.78814e-07 0.0 0.0 0.0 0.0 0.0 0.0 0.0 1.5527e-05 0.0
1.19209e-07 0.000198126 0.000115275 0.0 0.000749648 0.0 0.0 0.0 4.31836e-05 0.0 0.0 0.0 0.0 0.0 0.0366302 0.0 0.0 0.0 0.0 0.0 0.0 0.0 0.00218722 0.0 2.86102e-06 0.0 0.000324905 0.00836265 0.0 1.3262e-05 2.08616e-07 0.0 0.000524461 0.00308344 0.0 0.00451258 0.0 0.0 0.0 0.0 8.64267e-07 0.122092 0.0 0.0 0.0 0.0 0.0 0.0 0.0 0.0 0.0 0.000312775 0.0 0.0 0.0 0.0 0.0 0.0 0.0 0.0 0.0 0.0 0.0 0.0
0.0 0.0 0.0 0.0 0.0 0.0 0.0 0.0 0.0 0.000494391 0.0 0.0 0.0 6.28531e-05 0.0 0.0 0.0 0.0 0.0 0.0 0.0 0.0 0.0 0.0 0.0 0.0 0.0 0.0 0.0 0.0 0.0 0.0 0.0 0.0 0.0 0.0 0.0 0.0 0.0 0.993434 0.0 0.0 0.0 0.0 0.0 0.0 0.0 0.0 0.00421154 0.0 0.0 0.0 0.164464 0.0 0.0090088 0.0 3.57628e-07 0.0 0.0 0.000119328 0.0 0.0 0.0 0.0
0.0 0.0 0.0 0.0 0.0 0.0 0.0 0.0 0.0 4.17233e-07 0.0 0.0 0.0 0.326964 0.0 0.0 0.0 0.0 0.0 0.0 0.0 0.0 0.0 0.0 0.0 0.0 0.0 0.0 0.0 0.0 0.0 0.0 0.0 0.0 0.0 0.0 0.0 0.0 0.0 0.00325719 0.0 0.0 0.0 0.0 0.0 0.0 0.0 0.0 0.093854 0.0 0.0 0.0 0.372401 0.0 0.986298 0.0 0.022791 0.0 0.0 0.00442645 0.0 0.0 0.0 0.0
0.0 0.0 0.0 0.989816 0.0 0.361058 0.0 0.865092 0.0 0.0 0.165133 0.0 0.0 0.0 0.0 0.0 0.921009 0.0 0.00168982 0.0 0.0 0.755016 0.0 0.0 0.0 0.0 0.0 0.0 0.0 0.0 0.0 0.0 0.0 0.0 0.979925 0.0 0.0 0.0 0.0 0.0 0.0 0.0 0.0765678 0.0 0.0 0.173178 0.0 0.000975877 0.0 0.925786 0.0392832 0.0 0.0 0.0 0.0 0.0 0.0 0.0 0.0 0.0 0.0048261 0.0 0.0 0.0
9.23872e-07 0.0234883 0.000680774 0.0 0.0226227 0.0 0.0 0.0 0.00289482 0.0 0.0 0.0 0.0 0.0 0.453433 0.0 0.0 0.0 0.0 0.0 0.0 0.0 0.204402 0.0 4.61936e-06 0.0 0.00204197 0.171692 0.0 0.000191242 5.81145e-06 0.0 0.0643689 0.260113 0.0 0.07686 0.0 0.0 0.0 0.0 1.82986e-05 0.907208 0.0 0.0 0.0 0.0 0.0 0.0 0.0 0.0 0.0 0.295676 0.0 0.0 0.0 0.0 0.0 0.0 0.0 0.0 0.0 0.0 0.0 0.0
0.0 0.0 0.0 0.0 0.0 0.0 0.0 0.0 0.0 0.0 0.0 0.0 0.0 0.0 0.0 0.0 0.0 0.999484 0.0 0.0 0.0 0.0 0.0 0.0 0.0 0.0 0.0 0.0 0.0 0.0 0.0 0.0 0.0 0.0 0.0 0.0 0.0 0.0 0.0 0.0 0.0 0.0 0.0 0.0 0.0 0.0 0.0 0.0 0.0 0.0 0.0 0.0 0.0 0.0 0.0 0.0 0.0 0.0 0.0 0.0 0.0 0.0 0.0 0.0
0.0 0.0 0.0 0.0 0.0 0.0 9.08971e-06 0.0 0.0 0.0 0.0 0.0 0.0 8.9407e-08 0.0 0.0 0.0 0.0 0.0 0.0 0.0 0.0 0.0 0.0 0.0 0.0 0.0 0.0 0.0 0.0 0.0 0.0441403 0.0 0.0 0.0 0.0 0.0 0.0 0.0 0.0 0.0 0.0 0.0 0.0 0.0 0.0 0.0 0.0 0.0 0.0 0.0 0.0 0.0 0.0 0.0 0.0 2.98023e-08 0.0 0.0 0.0 0.0 0.0 0.0 0.0
0.0 0.0 0.0 0.901883 0.0 0.855224 0.0 0.528357 0.0 0.0 0.0375404 0.0 0.0 0.0 0.0 0.0 0.00772345 0.0 0.129852 9.89437e-06 0.0 0.828733 0.0 0.0 0.0 0.0 0.0 0.0 0.0 0.0 0.0 0.0 0.0 0.0 0.672729 0.0 0.0 0.0 0.0 0.0 0.0 0.0 0.968963 0.0 0.0 0.92246 0.0 0.731047 0.0 0.94995 0.92829 0.0 0.0 0.0 0.0 0.0 0.0 0.0 0.0 0.0 0.751535 0.0 0.0 0.0
0.518529 0.000535101 0.143072 0.0 0.378526 0.0 0.0 0.0 0.378368 0.0 0.0 0.0 0.0 0.0 0.0413871 0.0 0.0 0.0 0.0 0.0 0.0 0.0 0.117416 0.0800001 0.975345 0.0 0.760266 0.110592 0.0 0.251486 0.473705 0.0 0.067494 0.0719108 0.0 0.226171 0.0 0.175638 0.0 0.0 0.843826 0.00121337 0.0 0.0 0.0 0.0 0.0 0.0 0.0 0.0 0.0 0.00124705 0.0 0.0 0.0 0.0 0.0 0.0 0.0 0.0 0.0 0.0 0.0 0.0
0.00763831 0.657241 0.00409505 0.0 0.558175 0.0 0.0 0.0 0.622308 0.0 0.0 0.0 0.0 0.0 0.861756 0.0 0.0 0.0 0.0 0.0 0.0 0.0 0.818021 1.15037e-05 0.0137247 0.0 0.771128 0.774072 0.0 0.079225 0.034718 0.0 0.978808 0.896971 0.0 0.90646 0.0 2.84016e-05 0.0 0.0 0.0709202 0.646375 0.0 0.0 0.0 0.0 0.0 0.0 0.0 0.0 0.0 0.900001 0.0 0.0 0.0 0.0 0.0 0.0 0.0 0.0 0.0 0.0 0.0 0.0
0.0 0.000929624 0.0 0.0 1.78814e-07 0.0 0.0 0.0 2.98023e-08 0.0 0.0 0.0 0.0 0.0 8.32379e-05 0.0 0.0 0.0 0.0 0.0 0.0 0.0 2.68221e-06 0.0 0.0 0.0 5.96046e-08 5.42402e-06 0.0 0.0 0.0 0.0 1.2815e-06 8.85129e-06 0.0 2.41399e-06 0.0 0.0 0.0 0.0 0.0 0.00195295 0.0 0.0 0.0 0.0 0.0 0.0 0.0 0.0 0.0 0.000125051 0.0 0.0 0.0 1.37091e-06 0.0 0.0 0.0 0.0 0.0 0.0 0.0 0.0
0.0 0.0 0.0 0.466378 0.0 0.877725 0.0 0.942705 0.0 0.0 0.97936 0.0 5.60284e-06 0.0 0.0 0.0 0.246802 0.0 0.180181 0.0 0.0 0.918913 0.0 0.0 0.0 0.0 0.0 0.0 0.0 0.0 0.0 0.0 0.0 0.0 0.150743 0.0 0.0 0.0 0.0 0.0 0.0 0.0 0.0781317 0.0 0.0 0.116813 0.0 0.00803131 0.0 0.0845871 0.318843 0.0 0.0 0.0 0.0 0.0 0.0 0.0 0.0 0.0 0.040224 0.0 0.0 0.0
0.0 0.0 0.0 0.0 0.0 0.0 6.55651e-07 0.0 0.0 0.0 0.0 0.0 0.0 0.000161916 0.0 0.0 0.0 0.0 0.0 0.0 0.0 0.0 0.0 0.0 0.0 0.0 0.0 0.0 0.0 0.0 0.0 0.0 0.0 0.0 0.0 0.0 0.0 0.0 0.0 1.19209e-07 0.0 0.0 0.0 0.0 0.0 0.0 0.0 0.0 2.71201e-06 0.0 0.0 0.0 0.000538409 0.0 0.0824991 0.0 0.950062 0.0 0.0 0.000492871 0.0 0.0 0.0 0.0
0.962409 0.000294566 0.0940092 0.0 0.00536469 0.0 0.0 0.0 0.0403221 0.0 0.0 0.0 0.0 0.0 7.43866e-05 0.0 0.0 0.0 0.0 0.0 0.0 0.0 0.000635743 0.983524 0.534148 0.0 0.108369 0.000331372 0.0 0.321502 0.947166 0.0 0.00128764 0.000406235 0.0 0.00147322 0.0 0.995528 0.0 0.0 0.727228 2.14577e-06 0.0 0.0 0.000283003 0.0 0.0 0.0 0.0 0.0 0.0 1.71363e-05 0.0 0.0 0.0 0.0 0.0 0.0 0.0 0.0 0.0 0.0 0.0 0.0
0.0 0.0 0.0 0.0 0.0 0.0 0.0 0.0 0.0 0.0 0.0 0.0 0.0 0.0 0.0 0.0 0.0 0.0 0.0 0.0 0.0 0.0 0.0 0.0 0.0 0.994741 0.0 0.0 0.0 0.0 0.0 0.0 0.0 0.0 0.0 0.0 0.0 0.0 0.0 0.0 0.0 0.0 0.0 0.0 0.0 0.0 0.0 0.0 0.0 0.0 0.0 0.0 0.0 0.0 0.0 0.0 0.0 0.0 0.0 0.0 0.0 0.0 0.0 0.0
0.0 0.0 0.0 0.860698 0.0 0.831457 0.0 0.982347 0.0 0.0 0.923981 0.0 3.27826e-07 0.0 0.0 0.0 0.570632 0.0 0.136841 0.0 0.0 0.918343 0.0 0.0 0.0 0.0 0.0 0.0 0.0 0.0 0.0 0.0 0.0 0.0 0.518122 0.0 0.0 0.0 0.0 0.0 0.0 0.0 0.115675 0.0 0.0 0.114764 0.0 0.00322178 0.0 0.354054 0.127053 0.0 0.0 0.0 0.0 0.0 0.0 0.0 0.0 0.0 0.0101366 0.0 0.0 0.0
0.0 0.0 0.0 0.0 0.0 0.0 0.0 0.0 0.0 0.0 4.17233e-07 0.0 0.989456 0.0 0.0 0.0 0.0 0.0 1.78814e-07 0.0 0.0 0.0 0.0 0.0 0.0 0.0 0.0 0.0 0.0 0.0 0.0 0.0 0.0 0.0 0.0 0.0 0.0 0.0 0.0 0.0 0.0 0.0 0.0 0.0 0.0 0.0 0.0 0.0 0.0 0.0 0.0 0.0 0.0 0.0 0.0 0.0 0.0 0.0 0.0 0.0 0.0 0.0 0.0 0.0
0.0 0.0 0.0 0.0 0.0 0.0 0.0 0.0 0.0 0.0 0.0 0.0 0.0 0.0 0.0 0.0 0.0 0.0 0.0 0.0 0.638677 0.0 0.0 0.0 0.0 0.0 0.0 0.0 0.0 0.0 0.0 0.0 0.0 0.0 0.0 0.0 0.0 0.0 0.0 0.0 0.0 0.0 0.0 0.0 0.0 0.0 0.0 0.0 0.0 0.0 0.0 0.0 0.0 0.0 0.0 0.0 0.0 0.0 0.0 0.0 0.0 0.0 0.0 0.0
0.0 0.00267237 5.96046e-08 0.0 5.66244e-07 0.0 0.0 0.0 5.96046e-08 0.0 0.0 0.0 0.0 0.0 0.000183165 0.0 0.0 0.0 0.0 0.0 0.0 0.0 6.04987e-06 0.0 0.0 0.0 0.0 1.15335e-05 0.0 0.0 0.0 0.0 3.09944e-06 1.89543e-05 0.0 5.69224e-06 0.0 0.0 0.0 0.0 0.0 0.00359502 0.0 0.0 0.0 0.0 0.0 0.0 0.0 0.0 0.0 0.000195533 0.0 0.0 0.0 8.9407e-08 0.0 0.0 0.0 0.0 0.0 0.0 0.0 0.0
0.522222 0.121184 0.615873 0.0 0.968964 0.0 0.0 0.0 0.919458 0.0 0.0 0.0 0.0 0.0 0.737159 0.0 0.0 0.0 0.0 0.0 0.0 0.0 0.923704 0.0045881 0.770984 0.0 0.993733 0.896004 0.0 0.861556 0.437247 0.0 0.745909 0.905469 0.0 0.876889 0.0 0.0124231 0.0 0.0 0.894324 0.257813 0.0 0.0 0.0 0.0 0.0 0.0 0.0 0.0 0.0 0.271253 0.0 0.0 0.0 0.0 0.0 0.0 0.0 0.0 0.0 0.0 0.0 0.0
0.187877 0.0141457 0.929645 0.0 0.923044 0.0 0.0 0.0 0.834264 0.0 0.0 0.0 0.0 0.0 0.707567 0.0 0.0 0.0 0.0 0.0 0.0 0.0 0.904816 0.000433743 0.229405 0.0 0.951092 0.882327 0.0 0.861344 0.279849 0.0 0.482521 0.872778 0.0 0.731175 0.0 0.00130656 0.0 0.0 0.498462 0.290355 0.0 0.0 0.0 0.0 0.0 0.0 0.0 0.0 0.0 0.108107 0.0 0.0 0.0 0.0 0.0 0.0 0.0 0.0 0.0 0.0 0.0 0.0
0.0 0.0 0.0 0.0 0.0 0.0 0.971721 0.0 0.0 0.0 0.0 0.0 0.0 0.0 0.0 0.0 0.0 0.0 0.0 0.0 0.0 0.0 0.0 0.0 0.0 0.0 0.0 0.0 0.0 0.0 0.0 3.57628e-07 0.0 0.0 0.0 0.0 0.0 0.0 0.0 0.0 0.0 0.0 0.0 0.0 0.0 0.0 0.0 0.0 0.0 0.0 0.0 0.0 0.0 0.0 0.0 0.0 2.98023e-08 0.0 0.0 0.0 0.0 0.0 0.0 0.0
4.66704e-05 0.203599 0.00894046 0.0 0.400383 0.0 0.0 0.0 0.0828411 0.0 0.0 0.0 0.0 0.0 0.967239 0.0 0.0 0.0 0.0 0.0 0.0 0.0 0.734554 2.98023e-08 0.00020659 0.0 0.138074 0.901562 0.0 0.0092462 0.000223309 0.0 0.540429 0.873853 0.0 0.769765 0.0 1.19209e-07 0.0 0.0 0.000849366 0.906743 0.0 0.0 0.0 0.0 0.0 0.0 0.0 0.0 0.0 0.45764 0.0 0.0 0.0 0.0 0.0 0.0 0.0 0.0 0.0 0.0 0.0 0.0
0.0 0.0 0.0 0.0 0.0 6.25849e-07 0.0 0.0 0.0 0.0 0.0 0.328986 0.0 0.0 0.0 0.879129 0.0 0.0 5.36442e-07 0.999439 0.0 2.98023e-08 0.0 0.0 0.0 0.0 0.0 0.0 0.0 0.0 0.0 0.0 0.0 0.0 0.0 0.0 0.938155 0.0 0.0 0.0 0.0 0.0 1.13547e-05 0.918416 0.0 1.17421e-05 0.0 0.00127897 0.0 8.9407e-08 2.81334e-05 0.0 0.0 0.764175 0.0 0.0 0.0 0.254185 0.0 0.0 0.000360757 0.0 0.0 0.70687
0.0 0.0 0.0 0.0 0.0 0.0 4.17233e-07 0.0 0.0 0.0 0.0 0.0 0.0 0.0359104 0.0 0.0 0.0 0.0 0.0 0.0 0.0 0.0 0.0 0.0 0.0 0.0 0.0 0.0 0.0 0.0 0.0 0.0 0.0 0.0 0.0 0.0 0.0 0.0 0.0 0.000314355 0.0 0.0 0.0 0.0 0.0 0.0 0.0 0.0 0.00160345 0.0 0.0 0.0 0.039428 0.0 0.166506 0.0 0.00474092 0.0 0.0 0.993352 0.0 0.0 0.0 0.0
0.802794 0.542868 0.594772 0.0 0.966091 0.0 0.0 0.0 0.98941 0.0 0.0 0.0 0.0 0.0 0.730053 0.0 0.0 0.0 0.0 0.0 0.0 0.0 0.91929 0.00908619 0.50811 0.0 0.990388 0.847538 0.0 0.968419 0.896116 0.0 0.883108 0.920581 0.0 0.899826 0.0 0.0258495 0.0 0.0 0.958463 0.0790074 0.0 0.0 1.78814e-07 0.0 0.0 0.0 0.0 0.0 0.0 0.315845 0.0 0.0 0.0 0.0 0.0 0.0 0.0 0.0 0.0 0.0 0.0 0.0
0.523009 0.235088 0.87201 0.0 0.994222 0.0 0.0 0.0 0.988917 0.0 0.0 0.0 0.0 0.0 0.966727 0.0 0.0 0.0 0.0 0.0 0.0 0.0 0.990071 0.00116467 0.688422 0.0 0.996048 0.979812 0.0 0.968271 0.708101 0.0 0.972646 0.980367 0.0 0.978445 0.0 0.00347486 0.0 0.0 0.893734 0.723806 0.0 0.0 0.0 0.0 0.0 0.0 0.0 0.0 0.0 0.63299 0.0 0.0 0.0 0.0 0.0 0.0 0.0 0.0 0.0 0.0 0.0 0.0
0.0 0.0 0.0 0.0 0.0 0.0 0.0 0.0 0.0 0.0 0.0 0.0 0.0 8.64267e-07 0.0 0.0 0.0 0.0 0.0 0.0 0.0 0.0 0.0 0.0 0.0 0.0 0.0 0.0 0.0 0.0 0.0 0.0 0.0 0.0 0.0 0.0 0.0 0.0 0.0 0.00258499 0.0 0.0 0.0 0.0 0.0 0.0 0.0 0.0 1.44243e-05 0.0 0.0 0.0 0.995734 0.0 0.336657 0.0 0.000245661 0.0 0.0 0.0134281 0.0 0.0 0.0 0.0
0.0158976 0.574204 0.177829 0.0 0.969091 0.0 0.0 0.0 0.934067 0.0 0.0 0.0 0.0 0.0 0.971951 0.0 0.0 0.0 0.0 0.0 0.0 0.0 0.98632 1.3113e-05 0.036208 0.0 0.954048 0.974851 0.0 0.551137 0.0761739 0.0 0.946817 0.98734 0.0 0.952874 0.0 3.45707e-05 0.0 0.0 0.225485 0.918776 0.0 0.0 0.0 0.0 0.0 0.0 0.0 0.0 0.0 0.913839 0.0 0.0 0.0 0.0 0.0 0.0 0.0 0.0 0.0 0.0 0.0 0.0
0.0 0.0 0.0 0.0 0.0 0.0 0.0 0.0 0.0 0.0 0.0 0.0 0.0 0.0 0.0 0.0 0.0 0.0 0.0 0.0 0.0 0.0 0.0 0.0 0.0 0.0 0.0 0.0 0.0 0.0 0.0 0.0 0.0 0.0 0.0 0.0 0.0 0.0 0.0 0.0 0.0 0.0 0.0 0.0 0.0 0.0 0.0 0.0 0.0 0.0 0.0 0.0 0.0 0.0 0.0 0.000162482 0.0 0.0 0.0 0.0 0.0 0.0 0.0 0.0
0.0 0.0 0.0 0.0 0.0 0.0 0.0 0.0 0.0 0.0 0.0 0.0 0.0 0.0 0.0 0.0 0.0 0.0 0.0 0.0 0.0 0.0 0.0 0.0 0.0 0.0 0.0 0.0 0.0 0.0 0.0 0.0 0.0 0.0 0.0 0.0 0.0 0.0 0.0 0.0 0.0 0.0 0.0 0.0 0.0 0.0 0.0 0.0 0.0 0.0 0.0 0.0 0.0 0.0 0.0 0.0 0.0 0.0 0.999799 0.0 0.0 0.0 0.0 0.0
5.96046e-07 0.017808 0.000191003 0.0 0.00727129 0.0 0.0 0.0 0.000816464 0.0 0.0 0.0 0.0 0.0 0.062771 0.0 0.0 0.0 0.0 0.0 0.0 0.0 0.0637516 0.0 2.20537e-06 0.0 0.000820249 0.02399 0.0 0.000103205 3.63588e-06 0.0 0.0198219 0.0870106 0.0 0.0117021 0.0 0.0 0.0 0.0 8.61287e-06 0.917735 0.0 0.0 0.0 0.0 0.0 0.0 0.0 0.0 0.0 0.0454816 0.0 0.0 0.0 0.0 0.0 0.0 0.0 0.0 0.0 0.0 0.0 0.0
0.0 0.0 0.0 0.155261 0.0 0.822183 0.0 0.0833517 0.0 0.0 0.0732813 0.0 0.0 0.0 0.0 0.0 5.36144e-05 0.0 0.326823 0.000952214 0.0 0.532957 0.0 0.0 0.0 0.0 0.0 0.0 0.0 0.0 0.0 0.0 0.0 0.0 0.021714 0.0 0.0 0.0 0.0 0.0 0.0 0.0 0.88307 0.0 0.0 0.886875 0.0 0.96954 0.0 0.484327 0.918901 0.0 0.0 0.0 0.0 0.0 0.0 0.0 0.0 0.0 0.984167 0.0 0.0 0.0
0.980645 0.0291087 0.589396 0.0 0.614381 0.0 0.0 0.0 0.928539 0.0 0.0 0.0 0.0 0.0 0.0594677 0.0 0.0 0.0 0.0 0.0 0.0 0.0 0.264387 0.509776 0.583676 0.0 0.877012 0.143327 0.0 0.968395 0.985717 0.0 0.363524 0.17842 0.0 0.279835 0.0 0.549828 0.0 0.0 0.983769 0.00290939 0.0 0.0 9.74536e-06 0.0 0.0 0.0 0.0 0.0 0.0 0.0167798 0.0 0.0 0.0 0.0 0.0 0.0 0.0 0.0 0.0 0.0 0.0 0.0
0.0162439 0.428876 0.049943 0.0 0.958739 0.0 0.0 0.0 0.84584 0.0 0.0 0.0 0.0 0.0 0.990792 0.0 0.0 0.0 0.0 0.0 0.0 0.0 0.962827 1.67489e-05 0.0584609 0.0 0.925349 0.98245 0.0 0.256427 0.0390013 0.0 0.952445 0.967066 0.0 0.992028 0.0 4.84586e-05 0.0 0.0 0.278382 0.674608 0.0 0.0 0.0 0.0 0.0 0.0 0.0 0.0 0.0 0.782111 0.0 0.0 0.0 0.0 0.0 0.0 0.0 0.0 0.0 0.0 0.0 0.0
0.0 0.0 0.0 0.0 0.0 0.0 0.0 0.0 0.0 0.0 0.0 0.0 0.0 0.0 0.0 0.0 0.0 0.0 0.0 0.0 0.0 0.0 0.0 0.0 0.0 0.0 0.0 0.0 0.0 0.0 0.0 0.0 0.0 0.0 0.0 0.0 0.0 0.0 0.0 0.0 0.0 0.0 0.0 0.0 0.0 0.0 0.0 0.0 0.0 0.0 0.0 0.0 0.0 0.0 0.0 0.99779 0.0 0.0 0.0 0.0 0.0 0.0 0.0 0.0
0.00529099 0.413218 0.0726319 0.0 0.950969 0.0 0.0 0.0 0.766228 0.0 0.0 0.0 0.0 0.0 0.986515 0.0 0.0 0.0 0.0 0.0 0.0 0.0 0.95928 4.88758e-06 0.02724 0.0 0.881355 0.990032 0.0 0.175696 0.0130732 0.0 0.746602 0.976056 0.0 0.983841 0.0 1.69873e-05 0.0 0.0 0.0968654 0.657011 0.0 0.0 0.0 0.0 0.0 0.0 0.0 0.0 0.0 0.492104 0.0 0.0 0.0 0.0 0.0 0.0 0.0 0.0 0.0 0.0 0.0 0.0
0.0 0.0 0.0 0.0 0.0 0.0 0.0 0.0 0.0 0.0 0.0 0.690946 0.0 0.0 0.0 0.520882 0.0 0.0 0.0 0.263635 0.0 0.0 0.0 0.0 0.0 0.0 0.0 0.0 0.0 0.0 0.0 0.0 0.0 0.0 0.0 0.0 0.60689 0.0 0.0 0.0 0.0 0.0 0.0 0.851648 0.0 5.96046e-08 0.0 8.9407e-08 0.0 0.0 0.0 0.0 0.0 0.904454 0.0 0.0 0.0 0.502234 0.0 0.0 0.0 0.0 0.0 0.603936
0.0 0.0 0.0 0.98957 0.0 0.378114 0.0 0.887241 0.0 0.0 0.121547 0.0 0.0 0.0 0.0 0.0 0.803623 0.0 0.00471824 0.0 0.0 0.797027 0.0 0.0 0.0 0.0 0.0 0.0 0.0 0.0 0.0 0.0 0.0 0.0 0.988211 0.0 0.0 0.0 0.0 0.0 0.0 0.0 0.219903 0.0 0.0 0.237227 0.0 0.00236452 0.0 0.961796 0.0651807 0.0 0.0 0.0 0.0 0.0 0.0 0.0 0.0 0.0 0.0120252 0.0 0.0 0.0
0.0 0.0 0.0 0.749337 0.0 0.939064 0.0 0.384169 0.0 0.0 0.157822 0.0 2.98023e-08 0.0 0.0 0.0 0.00869367 0.0 0.137161 8.76188e-06 0.0 0.919472 0.0 0.0 0.0 0.0 0.0 0.0 0.0 0.0 0.0 0.0 0.0 0.0 0.170803 0.0 0.0 0.0 0.0 0.0 0.0 0.0 0.858412 0.0 0.0 0.976207 0.0 0.684689 0.0 0.676885 0.917895 0.0 0.0 0.0 0.0 0.0 0.0 0.0 0.0 0.0 0.679558 0.0 0.0 0.0
0.930384 0.000166118 0.0521395 0.0 0.00426999 0.0 0.0 0.0 0.0398647 0.0 0.0 0.0 0.0 0.0 5.71609e-05 0.0 0.0 0.0 0.0 0.0 0.0 0.0 0.000469059 0.974059 0.530191 0.0 0.0776168 0.000281125 0.0 0.324856 0.918546 0.0 0.000922412 0.00027743 0.0 0.00111699 0.0 0.985093 0.0 0.0 0.678794 1.49012e-06 0.0 0.0 7.08997e-05 0.0 0.0 0.0 0.0 0.0 0.0 9.83477e-06 0.0 0.0 0.0 0.0 0.0 0.0 0.0 0.0 0.0 0.0 0.0 0.0
0.0 0.0 0.0 0.96796 0.0 0.964896 0.0 0.981353 0.0 0.0 0.869107 0.0 1.19209e-07 0.0 0.0 0.0 0.735611 0.0 0.132851 0.0 0.0 0.980794 0.0 0.0 0.0 0.0 0.0 0.0 0.0 0.0 0.0 0.0 0.0 0.0 0.805095 0.0 0.0 0.0 0.0 0.0 0.0 0.0 0.394595 0.0 0.0 0.55988 0.0 0.0138927 0.0 0.714953 0.377305 0.0 0.0 0.0 0.0 0.0 0.0 0.0 0.0 0.0 0.0424506 0.0 0.0 0.0
0.986725 0.0142091 0.718999 0.0 0.175993 0.0 0.0 0.0 0.753383 0.0 0.0 0.0 0.0 0.0 0.00490814 0.0 0.0 0.0 0.0 0.0 0.0 0.0 0.0409 0.83735 0.705402 0.0 0.788982 0.0199041 0.0 0.968486 0.994682 0.0 0.0996575 0.0417998 0.0 0.0465084 0.0 0.904179 0.0 0.0 0.944563 0.00025174 0.0 0.0 8.40425e-06 0.0 0.0 0.0 0.0 0.0 0.0 0.00168586 0.0 0.0 0.0 0.0 0.0 0.0 0.0 0.0 0.0 0.0 0.0 0.0
0.0 0.0 0.0 0.24004 0.0 0.932704 0.0 0.600076 0.0 0.0 0.796159 0.0 5.57303e-06 0.0 0.0 0.0 0.00381032 0.0 0.94251 3.03984e-06 0.0 0.723824 0.0 0.0 0.0 0.0 0.0 0.0 0.0 0.0 0.0 0.0 0.0 0.0 0.0844754 0.0 0.0 0.0 0.0 0.0 0.0 0.0 0.692918 0.0 0.0 0.756452 0.0 0.462016 0.0 0.168896 0.790354 0.0 0.0 0.0 0.0 0.0 0.0 0.0 0.0 0.0 0.41487 0.0 0.0 0.0
0.0 0.0 0.0 0.0 0.0 0.0 0.0 0.0 0.0 3.06964e-06 0.0 0.0 0.0 0.950872 0.0 0.0 0.0 0.0 0.0 0.0 0.0 0.0 0.0 0.0 0.0 0.0 0.0 0.0 0.0 0.0 0.0 0.0 0.0 0.0 0.0 0.0 0.0 0.0 0.0 9.80794e-05 0.0 0.0 0.0 0.0 0.0 0.0 0.0 0.0 0.0486532 0.0 0.0 0.0 0.000287265 0.0 0.432567 0.0 0.00235984 0.0 0.0 0.000148088 0.0 0.0 0.0 0.0
0.0 0.0 0.0 0.0 0.0 0.0 0.0 0.0 0.0 0.0 0.0 0.0 0.0 0.0 0.0 0.0 0.0 0.0 0.0 0.0 0.0 0.0 0.0 0.0 0.0 0.0 0.0 0.0 0.999973 0.0 0.0 0.0 0.0 0.0 0.0 0.0 0.0 0.0 0.0 0.0 0.0 0.0 0.0 0.0 0.0 0.0 0.0 0.0 0.0 0.0 0.0 0.0 0.0 0.0 0.0 0.0 0.0 0.0 0.0 0.0 0.0 0.0 0.0 0.0
0.0 0.0 0.0 0.536743 0.0 0.00403738 0.0 0.403918 0.0 0.0 0.0866306 0.0 0.0 0.0 0.0 0.0 0.988644 0.0 2.92659e-05 0.0 0.0 0.0624789 0.0 0.0 0.0 0.0 0.0 0.0 0.0 0.0 0.0 0.0 0.0 0.0 0.42951 0.0 0.0 0.0 0.0 0.0 0.0 0.0 7.79927e-05 0.0 0.0 0.000583768 0.0 5.06639e-07 0.0 0.00880957 3.72827e-05 0.0 0.0 0.0 0.0 0.0 0.0 0.0 0.0 0.0 2.95043e-06 0.0 0.0 0.0
0.00929567 0.829894 0.119935 0.0 0.973053 0.0 0.0 0.0 0.919047 0.0 0.0 0.0 0.0 0.0 0.991931 0.0 0.0 0.0 0.0 0.0 0.0 0.0 0.990068 6.79493e-06 0.0362645 0.0 0.947245 0.99113 0.0 0.392326 0.0419179 0.0 0.971269 0.99351 0.0 0.984962 0.0 2.25008e-05 0.0 0.0 0.149281 0.945323 0.0 0.0 0.0 0.0 0.0 0.0 0.0 0.0 0.0 0.926453 0.0 0.0 0.0 0.0 0.0 0.0 0.0 0.0 0.0 0.0 0.0 0.0
0.0 0.0 0.0 0.0 0.0 0.0 0.0 0.0 0.0 0.0066354 0.0 0.0 0.0 0.00910243 0.0 0.0 0.0 0.0 0.0 0.0 0.0 0.0 0.0 0.0 0.0 0.0 0.0 0.0 0.0 0.0 0.0 0.0 0.0 0.0 0.0 0.0 0.0 0.0 0.0 4.78327e-05 0.0 0.0 0.0 0.0 0.0 0.0 0.0 0.0 0.9925 0.0 0.0 0.0 9.59635e-05 0.0 0.00848794 0.0 7.15256e-07 0.0 0.0 3.5882e-05 0.0 0.0 0.0 0.0
0.0 0.0 0.0 0.845735 0.0 0.973665 0.0 0.726001 0.0 0.0 0.44972 0.0 2.98023e-08 0.0 0.0 0.0 0.00432852 0.0 0.537075 1.56164e-05 0.0 0.943308 0.0 0.0 0.0 0.0 0.0 0.0 0.0 0.0 0.0 0.0 0.0 0.0 0.409818 0.0 0.0 0.0 0.0 0.0 0.0 0.0 0.96136 0.0 0.0 0.947755 0.0 0.868103 0.0 0.845502 0.981756 0.0 0.0 0.0 0.0 0.0 0.0 0.0 0.0 0.0 0.852962 0.0 0.0 0.0
0.0 0.0 0.0 0.0 0.0 0.0 0.0 0.0 0.0 0.0 0.0 0.0 0.0 0.0 0.0 0.0 0.0 0.0 0.0 0.0 0.0 0.0 0.0 0.0 0.0 0.0 0.0 0.0 0.0 0.0 0.0 0.0 0.0 0.0 0.0 0.0 0.0 0.0 0.999875 0.0 0.0 0.0 0.0 0.0 0.0 0.0 0.0 0.0 0.0 0.0 0.0 0.0 0.0 0.0 0.0 0.0 0.0 0.0 6.55651e-07 0.0 0.0 0.0 0.0 0.0
0.944525 0.116589 0.924268 0.0 0.815571 0.0 0.0 0.0 0.966041 0.0 0.0 0.0 0.0 0.0 0.281829 0.0 0.0 0.0 0.0 0.0 0.0 0.0 0.693141 0.0512214 0.137942 0.0 0.93788 0.405569 0.0 0.991331 0.98227 0.0 0.714818 0.625568 0.0 0.424425 0.0 0.104548 0.0 0.0 0.940143 0.0305763 0.0 0.0 8.34465e-07 0.0 0.0 0.0 0.0 0.0 0.0 0.115891 0.0 0.0 0.0 0.0 0.0 0.0 0.0 0.0 0.0 0.0 0.0 0.0
0.0 0.0 0.0 0.0 0.0 0.0 0.0 0.0 0.0 0.0 0.0 0.0 0.0 0.0 0.0 0.0 0.0 0.0 0.0 0.0 0.0 0.0 0.0 0.0 0.0 0.0 0.0 0.0 0.0 0.0 0.0 0.0 0.0 0.0 0.0 0.0 0.0 0.0 0.0 0.0 0.0 0.0 0.0 0.0 0.0 0.0 0.999936 0.0 0.0 0.0 0.0 0.0 0.0 0.0 0.0 0.0 0.0 0.0 0.0 0.0 0.0 0.0 0.0 0.0
0.0 0.0 0.0 0.0274839 0.0 0.760828 0.0 0.0219621 0.0 0.0 0.04726 0.0 5.96046e-08 0.0 0.0 0.0 8.82149e-06 0.0 0.361558 0.0176522 0.0 0.297428 0.0 0.0 0.0 0.0 0.0 0.0 0.0 0.0 0.0 0.0 0.0 0.0 0.00518167 0.0 0.0 0.0 0.0 0.0 0.0 0.0 0.895142 5.96046e-08 0.0 0.875711 0.0 0.985008 0.0 0.248367 0.965174 0.0 0.0 0.0 0.0 0.0 0.0 0.0 0.0 0.0 0.977145 0.0 0.0 0.0
9.66191e-05 2.44379e-06 4.47035e-07 0.0 1.49012e-07 0.0 0.0 0.0 2.77162e-06 0.0 0.0 0.0 0.0 0.0 0.0 0.0 0.0 0.0 0.0 0.0 0.0 0.0 5.96046e-08 0.000742197 1.51992e-06 0.0 1.60933e-06 2.98023e-08 0.0 1.53482e-05 0.000379086 0.0 3.57628e-07 1.49012e-07 0.0 2.98023e-08 0.0 0.000149608 0.0 0.0 6.34789e-06 0.0 0.0 0.0 0.9983 0.0 0.0 0.0 0.0 0.0 0.0 3.27826e-07 0.0 0.0 0.0 0.0 0.0 0.0 0.0 0.0 0.0 0.0 0.0 0.0
0.0 0.0 0.0 0.0 0.0 0.0 0.0 0.0 0.0 8.9407e-08 0.0 0.0 0.0 0.0 0.0 0.0 0.0 0.0 0.0 0.0 0.0 0.0 0.0 0.0 0.0 0.0 0.0 0.0 0.0 0.0 0.0 0.0 0.0 0.0 0.0 0.0 0.0 0.0 0.0 0.0 0.0 0.0 0.0 0.0 0.0 0.0 0.0 0.0 0.0 0.0 0.0 0.0 0.0 0.0 0.0 0.0 0.0 0.0 0.0 0.0 0.0 0.0 0.998179 0.0
0.0 0.0 0.0 0.930946 0.0 0.989649 0.0 0.962309 0.0 0.0 0.878609 0.0 1.78814e-07 0.0 0.0 0.0 0.0381756 0.0 0.523403 6.22869e-06 0.0 0.984019 0.0 0.0 0.0 0.0 0.0 0.0 0.0 0.0 0.0 0.0 0.0 0.0 0.645964 0.0 0.0 0.0 0.0 0.0 0.0 0.0 0.89921 0.0 0.0 0.876539 0.0 0.660825 0.0 0.879782 0.970424 0.0 0.0 0.0 0.0 0.0 0.0 0.0 0.0 0.0 0.800819 0.0 0.0 0.0
0.000868857 0.941328 0.00348786 0.0 0.628754 0.0 0.0 0.0 0.505427 0.0 0.0 0.0 0.0 0.0 0.815771 0.0 0.0 0.0 0.0 0.0 0.0 0.0 0.828584 7.7486e-07 0.00146604 0.0 0.501981 0.6335 0.0 0.0689466 0.00727919 0.0 0.86899 0.918442 0.0 0.536365 0.0 2.05636e-06 0.0 0.0 0.0131846 0.832802 0.0 0.0 0.0 0.0 0.0 0.0 0.0 0.0 0.0 0.990507 0.0 0.0 0.0 0.0 0.0 0.0 0.0 0.0 0.0 0.0 0.0 0.0
0.0 0.0 0.0 0.0 0.0 0.0 0.0 0.0 0.0 0.0 0.0 0.0 0.0 0.0 0.0 0.0 0.0 0.0 0.0 0.0 0.0 0.0 0.0 0.0 0.0 0.0 0.0 0.0 0.0 0.0 0.0 0.0 0.0 0.0 0.0 0.0 0.0 0.0 0.0 0.0 0.0 5.96046e-08 0.0 0.0 0.0 0.0 0.0 0.0 0.0 0.0 0.0 5.96046e-08 0.0 0.0 0.0 0.0 0.0 0.0 0.0 0.0 0.0 0.998283 0.0 0.0
0.0 0.0 0.0 0.974245 0.0 0.728756 0.0 0.795702 0.0 0.0 0.0658875 0.0 0.0 0.0 0.0 0.0 0.0726672 0.0 0.0142491 1.19209e-07 0.0 0.883358 0.0 0.0 0.0 0.0 0.0 0.0 0.0 0.0 0.0 0.0 0.0 0.0 0.930063 0.0 0.0 0.0 0.0 0.0 0.0 0.0 0.700067 0.0 0.0 0.58411 0.0 0.127165 0.0 0.986527 0.443184 0.0 0.0 0.0 0.0 0.0 0.0 0.0 0.0 0.0 0.205972 0.0 0.0 0.0
0.764666 0.0 0.526695 0.0 0.865516 0.0 0.0 0.0 0.475852 0.0 0.0 0.0 0.0 0.0 0.000718385 0.0 0.0 0.0 0.0 0.0 0.0 0.0 0.0 0.985753 0.958247 0.0 0.0576434 0.0 0.0 0.862683 0.926007 0.0 0.118876 0.0 0.0 0.23968 0.0 0.898971 0.00123164 0.0 0.139135 0.0 0.0 0.0 3.57628e-06 0.0 0.00187942 0.0 0.0 0.0 0.0 0.311537 0.0 0.0 0.0 0.0 0.0 0.0 0.0 0.0 0.0 9.26852e-06 0.0 0.0
0.928993 0.0 0.902819 0.0 0.986825 0.0 0.0 0.0 0.961088 0.0 0.0 0.0 0.0 0.0 0.0348124 0.0 0.0 0.0 0.0 0.0 0.0 0.0 1.78814e-07 0.813352 0.74048 0.0 0.408304 0.0 0.0 0.9156 0.959436 0.0 0.805315 4.17233e-07 0.0 0.544967 0.0 0.59505 0.00243199 0.0 0.696002 0.0 0.0 0.0 4.17233e-07 0.0 0.000375837 0.0 0.0 0.0 0.0 0.919418 0.0 0.0 0.0 0.0 0.0 0.0 0.0 0.0 0.0 0.000492185 0.0 0.0
0.831564 0.0 0.959736 0.0 0.841313 0.0 0.0 0.0 0.898376 0.0 0.0 0.0 0.0 0.0 0.11331 0.0 0.0 0.0 0.0 0.0 0.0 0.0 6.25849e-07 0.705214 0.845703 0.0 0.889559 0.0 0.0 0.686027 0.991276 0.0 0.863414 2.35438e-06 0.0 0.945796 0.0 0.636859 0.000208259 0.0 0.841408 0.0 0.0 0.0 0.0 0.0 5.72205e-05 0.0 0.0 0.0 0.0 0.944173 0.0 0.0 0.0 0.0 0.0 0.0 0.0 0.0 0.0 0.000518471 0.0 0.0
0.0 0.0 0.0 0.0 0.0 0.0 0.0 0.0 0.0 0.0 0.0 0.0 0.0 0.0 0.0 0.0 0.0 0.0 0.0 0.0 0.0 0.999953 0.0 0.0 0.0 8.9407e-08 0.0 0.0 0.0 0.0 0.0 0.0 0.0 0.0 0.0 0.0 0.0 0.0 0.0 0.0 0.0 0.0 0.0 0.0 0.0 0.0 0.0 0.0 0.0 0.0 0.0 0.0 0.0 0.0 0.0 0.0 0.0 0.0 0.0 0.0 0.0 0.0 0.0 0.0
0.00310415 0.0 0.0236784 0.0 0.00154373 0.0 0.0 0.0 0.107789 0.0 0.0 0.0 0.0 0.0 0.990524 0.0 0.0 0.0 0.0 0.0 0.0 0.0 0.00419518 3.37958e-05 0.000205904 0.0 0.088603 0.0 0.0 6.68764e-05 0.00471029 0.0 0.348535 0.0192311 0.0 0.865414 0.0 3.24249e-05 5.96046e-08 0.0 0.031482 0.0 0.0 0.0 0.0 0.0 0.0 0.0 0.0 0.0 0.0 0.180968 0.0 0.0 0.0 0.0 0.0 0.0 0.0 0.0 0.0 2.16663e-05 0.0 0.0
0.0 0.0 0.0 0.9996 0.0 0.0 0.0 0.0 0.0 0.0 0.0 0.0 0.0 0.0 0.0 0.0 0.0 0.0 0.0 0.0 0.0 0.0 0.0 0.0 0.0 0.0 0.0 0.0 0.0 0.0 0.0 0.0 0.0 0.0 0.0 0.0 0.0 0.0 0.0 0.0 0.0 0.0 0.0 0.0 0.0 0.0 0.0 0.0 0.0 0.0 0.0 0.0 0.0 0.0 0.0 0.0 0.0 0.0 0.0 0.0 0.0 0.0 0.0 0.0
0.0 0.0 0.0 0.0 0.0 0.0 0.00200942 0.0 0.0 0.0 0.0 0.0 0.0 0.0 0.0 0.0 0.0 0.0 0.0 0.0 0.0 0.0 0.0 0.0 0.0 0.0 0.0 0.0 8.9407e-08 0.0 0.0 3.8743e-07 0.0 0.0 0.0 0.0 0.0 0.0 0.0 0.0 0.0 0.0 0.0 0.0 0.0 0.0 0.0 0.0 0.986064 0.0 0.0 0.0 5.06639e-07 0.0 1.49012e-07 0.0 0.0 0.0 0.0 8.64267e-07 0.0 0.0 1.46031e-05 0.0
0.0 0.0 0.0 0.0 0.0 0.0 0.0 0.758176 0.0 0.0 0.914458 0.00121838 0.0 0.0 0.0 0.000987589 0.0 0.0 0.0 0.114065 0.0 0.0 0.0 0.0 0.0 0.0 0.0 0.0 0.0 0.0 0.0 0.0 0.0 0.0 0.0 0.0 0.000862598 0.0 0.0 0.0 0.0 0.0 0.582115 0.0828491 0.0 0.989573 0.0 0.0 0.0 0.00261012 0.588871 0.0 0.0 0.00211236 0.0 0.0 0.0 0.0 0.0 0.0 0.629329 0.0 0.0 0.000261724
0.136645 0.0 0.238442 0.0 0.150337 0.0 0.0 0.0 0.81001 0.0 0.0 0.0 0.0 0.0 0.114092 0.0 0.0 0.0 0.0 0.0 0.0 0.0 3.57628e-05 0.012582 0.026755 0.0 0.579917 0.0 0.0 0.0182212 0.389995 0.0 0.832594 0.000112921 0.0 0.589856 0.0 0.0199424 7.06315e-06 0.0 0.987505 0.0 0.0 0.0 0.0 0.0 1.49012e-07 0.0 0.0 0.0 0.0 0.791776 0.0 0.0 0.0 0.0 0.0 0.0 0.0 0.0 0.0 6.26147e-05 0.0 0.0
0.0 0.0 0.0 0.0 0.0 0.0 0.0 0.0 0.0 0.0 0.0 0.0 0.0 0.0 0.0 0.0 0.0 0.0 0.0 0.0 0.999947 0.0 0.0 0.0 0.0 0.0 0.0 0.0 0.0 0.0 0.0 0.0 0.0 0.0 0.0 0.0 0.0 0.0 0.0 0.0 0.0 0.0 0.0 0.0 0.0 0.0 0.0 0.0 0.0 0.0 0.0 0.0 0.0 0.0 0.0 0.0 0.0 0.0 0.0 0.0 0.0 0.0 0.0 0.0
0.0 0.0 0.0 0.0 0.0 0.0 0.0 0.000209808 0.0 0.0 0.00034517 0.0 0.0 0.0 0.0 0.0 0.0 0.0 0.0 0.0 0.0 0.0 0.0 0.0 0.0 0.0 0.0 0.0 0.0 0.0 0.0 0.0 0.0 0.0 0.0 0.0 0.0 0.0 0.0 0.0 0.0 0.0 0.00189993 0.0 0.0 0.0001266 0.0 0.0 0.0 0.996654 0.00104174 0.0 0.0 0.0 0.0 0.0 0.0 0.0 0.0 0.0 0.00362447 0.0 0.0 0.0
0.0 0.0 0.0 0.0 0.0 0.0 0.0 5.96046e-08 0.0 0.0 2.68221e-07 0.00868171 0.0 0.0 0.0 0.00398719 0.0 0.0 0.0 0.000464886 0.0 0.0 0.0 0.0 0.0 0.0 0.0 0.0 0.0 0.0 0.0 0.0 0.0 0.0 0.0 0.0 1.0401e-05 0.0 0.0 0.0 0.0 0.0 0.0 0.000593007 0.0 5.96046e-08 0.0 0.998239 0.0 0.0 0.0 0.0 0.0 0.0147936 0.0 0.0 0.0 0.992669 0.0 0.0 0.0 0.0 0.0 0.0230828
0.00300673 0.0 0.000805169 0.0 0.00935236 0.0 0.0 0.0 0.000101268 0.0 0.0 0.0 0.00014171 0.0 5.96046e-08 0.0 0.0 0.0 0.0 0.0 0.0 0.0 0.0 0.0654907 0.0198528 0.0 1.62721e-05 0.0 0.0 0.0407381 0.00364363 0.0 8.43406e-06 0.0 0.0 0.000255764 0.0 0.149639 1.79708e-05 0.0 1.20401e-05 0.0 0.0 0.0 0.0135556 0.0 0.983143 0.0 0.0 0.0 0.0 3.41833e-05 0.0 0.0 0.0 0.0 0.0 0.0 0.0 0.0 0.0 0.0 0.0 0.0
0.000111848 0.0 0.000223845 0.0 0.000132471 0.0 0.0 0.0 0.00250626 0.0 0.0 0.0 0.0 0.0 0.000144571 0.0 0.0 1.2219e-06 0.0 0.0 0.0 0.0 6.19888e-06 5.57303e-06 1.87159e-05 0.0 0.000348091 0.0 0.0 8.25524e-06 0.000428557 0.0 0.00524986 0.0 0.0 0.00063169 0.0 5.48363e-06 0.117049 0.0 0.000385582 0.0 0.0 0.0 0.0 0.0 0.0 0.0 0.0 0.0 0.0 0.00471014 0.0 0.0 0.0 0.000232905 0.0 0.0 0.0 0.0 0.0 0.995823 0.0 0.0
0.164957 0.0 0.516005 0.0 0.201237 0.0 0.0 0.0 0.7402 0.0 0.0 0.0 0.0 0.0 0.866459 0.0 0.0 0.0 0.0 0.0 0.0 0.0 0.000136971 0.0412236 0.0246439 0.0 0.445708 0.0 0.0 0.140635 0.415121 0.0 0.233761 0.000865638 0.0 0.969556 0.0 0.048577 1.03414e-05 0.0 0.378362 0.0 0.0 0.0 0.0 0.0 4.88758e-06 0.0 0.0 0.0 0.0 0.422724 0.0 0.0 0.0 0.0 0.0 0.0 0.0 0.0 0.0 1.12057e-05 0.0 0.0
0.0 0.0 0.0 0.0 0.0 0.0 0.0 0.0011211 0.0 0.0 0.029176 0.852183 0.0 0.0 0.0 0.611537 0.0 0.0 0.0 0.391826 0.0 0.0 0.0 0.0 0.0 0.0 0.0 0.0 0.0 0.0 0.0 0.0 0.0 0.0 0.0 0.0 0.0109318 0.0 0.0 0.0 0.0 0.0 0.00104934 0.786663 0.0 0.00791726 0.0 7.15554e-05 0.0 0.0 0.00421056 0.0 0.0 0.670334 0.0 0.0 0.0 0.000217289 0.0 0.0 0.0014317 0.0 0.0 0.989316
0.0 0.0 0.0 0.0 0.0 5.54025e-05 0.0 0.0 0.0 0.0 0.0 0.0 0.0 0.0 0.0 0.0 8.9407e-08 0.0 0.0 0.0 0.0 0.0 0.0 0.0 0.0 0.0 0.0 0.0 0.0 0.0 0.0 0.0 0.0 0.0 0.998212 0.0 0.0 0.0 0.0 0.0 0.0 0.0 0.0 0.0 0.0 0.0 0.0 0.0 0.0 0.0 0.0 0.0 0.0 0.0 0.0 0.0 0.0 0.0 0.0 0.0 0.0 0.0 0.0 0.0
0.0 0.0 0.0 0.0 0.0 0.0 0.0 0.0 0.0 0.0 0.0 0.0 0.998497 0.0 0.0 0.0 0.0 0.0 0.0 0.0 0.0 0.0 0.0 2.08616e-07 0.0 0.0 0.0 0.0 0.0 8.9407e-08 0.0 0.0 0.0 0.0 0.0 0.0 0.0 2.68221e-07 0.0 0.0 0.0 0.0 0.0 0.0 8.17776e-05 0.0 0.000363469 0.0 0.0 0.0 0.0 0.0 0.0 0.0 0.0 0.0 0.0 0.0 0.0 0.0 0.0 0.0 0.0 0.0
0.0 0.0 0.0 0.0 0.0 0.0 1.49012e-07 0.0 0.0 0.0 0.0 0.0 0.0 0.0 0.0 0.0 0.0 0.0 0.0 0.0 0.0 0.0 0.0 0.0 0.0 0.0 0.0 0.0 1.12951e-05 0.0 0.0 0.989908 0.0 0.0 0.0 0.0 0.0 0.0 0.0 0.0 0.0 0.0 0.0 0.0 0.0 0.0 0.0 0.0 1.49012e-07 0.0 0.0 0.0 0.0 0.0 0.344783 0.0 0.0 0.0 0.0 2.68221e-07 0.0 0.0 5.36442e-07 0.0
0.0 0.0 0.0 0.0 0.0 0.0 0.0 0.100752 0.0 0.0 0.584245 0.951702 0.0 0.0 0.0 0.938496 0.0 0.0 0.0 0.80876 0.0 0.0 0.0 0.0 0.0 0.0 0.0 0.0 0.0 0.0 0.0 0.0 0.0 0.0 0.0 0.0 0.362816 0.0 0.0 0.0 0.0 0.0 0.0135344 0.98648 0.0 0.273022 0.0 2.20537e-06 0.0 0.0 0.0454977 0.0 0.0 0.931382 0.0 0.0 0.0 8.10623e-06 0.0 0.0 0.00889233 0.0 0.0 0.785912
0.0 0.0 0.0 0.0 0.0 0.0 0.0 0.0 0.0 0.0 0.0 0.0 0.0 0.0 0.0 0.0 0.0 0.0 0.0 0.0 0.0 0.0 0.0 0.0 0.0 0.0 0.0 0.0 0.0 0.0 0.0 0.0 0.0 0.0 0.0 0.0 0.0 0.0 0.0 0.0 0.0 0.0 0.0 0.0 0.0 0.0 0.0 0.0 0.0 0.0 0.0 0.0 0.0 0.0 0.0 0.0 0.999452 0.0 0.0 0.0 0.0 0.0 0.0 0.0
0.0 0.0 0.0 0.0 0.0 2.08616e-07 0.0 0.0 0.0 0.0 0.0 0.0 0.0 0.0 0.0 0.0 0.999917 0.0 0.0 0.0 0.0 0.0 0.0 0.0 0.0 0.0 0.0 0.0 0.0 0.0 0.0 0.0 0.0 0.0 1.19209e-06 0.0 0.0 0.0 0.0 0.0 0.0 0.0 0.0 0.0 0.0 0.0 0.0 0.0 0.0 0.0 0.0 0.0 0.0 0.0 0.0 0.0 0.0 0.0 0.0 0.0 0.0 0.0 0.0 0.0
0.0 0.0 0.0 0.0 0.0 0.0 0.0 0.0 2.68221e-07 0.0 0.0 0.0 0.0 0.0 0.00144741 0.0 0.0 0.0 0.0 0.0 0.0 0.0 0.00470623 0.0 0.0 0.0 2.17557e-06 0.0 0.0 0.0 0.0 0.0 2.14577e-06 0.989782 0.0 4.16934e-05 0.0 0.0 0.0 0.0 3.57628e-06 0.00417122 0.0 0.0 0.0 0.0 0.0 0.0 0.0 0.0 0.0 5.66244e-07 0.0 0.0 0.0 0.0 0.0 0.0 0.0 0.0 0.0 0.0 0.0 0.0
0.00742397 0.0 0.00119552 0.0 0.0164285 0.0 0.0 0.0 0.000159144 0.0 0.0 0.0 0.00127023 0.0 1.19209e-07 0.0 0.0 0.0 0.0 0.0 0.0 0.0 0.0 0.503103 0.0900383 0.0 1.98185e-05 0.0 0.0 0.150285 0.00735953 0.0 1.17719e-05 0.0 0.0 0.000199914 0.0 0.650685 0.000194818 0.0 1.64211e-05 0.0 0.0 0.0 0.126022 0.0 0.842985 0.0 0.0 0.0 0.0 4.9293e-05 0.0 0.0 0.0 0.0 0.0 0.0 0.0 0.0 0.0 0.0 0.0 0.0
0.979124 0.0 0.614252 0.0 0.936039 0.0 0.0 0.0 0.925352 0.0 0.0 0.0 0.0 0.0 0.0321193 0.0 0.0 0.0 0.0 0.0 0.0 0.0 2.98023e-07 0.39498 0.303701 0.0 0.0986105 0.0 0.0 0.821936 0.540338 0.0 0.60398 8.9407e-08 0.0 0.0729369 0.0 0.0900317 0.0177213 0.0 0.204573 0.0 0.0 0.0 5.06639e-07 0.0 0.000189215 0.0 0.0 0.0 0.0 0.715144 0.0 0.0 0.0 0.0 0.0 0.0 0.0 0.0 0.0 0.000735581 0.0 0.0
0.0 0.0 0.0 0.0 0.0 0.0 3.8445e-06 0.0 0.0 0.0 0.0 0.0 0.0 0.0 0.0 0.0 0.0 0.0 0.0 0.0 0.0 0.0 0.0 0.0 0.0 0.0 0.0 0.0 0.0 0.0 0.0 0.0 0.0 0.0 0.0 0.0 0.0 0.0 0.0 0.0 0.0 0.0 0.0 0.0 0.0 0.0 0.0 0.0 0.0 0.0 0.0 0.0 0.995924 0.0 0.0 0.0 0.0 0.0 0.0 0.0 0.0 0.0 0.0 0.0
0.93228 0.0 0.960882 0.0 0.94374 0.0 0.0 0.0 0.779278 0.0 0.0 0.0 2.98023e-08 0.0 0.00288579 0.0 0.0 0.0 0.0 0.0 0.0 0.0 0.0 0.985275 0.941615 0.0 0.509954 0.0 0.0 0.964317 0.977849 0.0 0.35915 0.0 0.0 0.811241 0.0 0.962378 0.00542283 0.0 0.388505 0.0 0.0 0.0 3.14415e-05 0.0 0.0371314 0.0 0.0 0.0 0.0 0.627559 0.0 0.0 0.0 0.0 0.0 0.0 0.0 0.0 0.0 1.86861e-05 0.0 0.0
0.0 0.999135 0.0 0.0 0.0 0.0 0.0 5.96046e-08 0.0 0.0 0.0 0.0 0.0 0.0 0.0 1.19209e-07 0.0 0.0 0.0 1.01328e-06 0.0 0.0 0.0 0.0 0.0 0.0 0.0 0.0 0.0 0.0 0.0 0.0 0.0 0.0 0.0 0.0 0.0 0.0 0.0 0.0 0.0 0.0 0.0 2.68221e-07 0.0 1.78814e-07 0.0 0.0 0.0 0.0 0.0 0.0 0.0 8.9407e-08 0.0 0.0 0.0 0.0 0.0 0.0 0.0 0.0 0.0 8.9407e-08
0.0 0.0 0.0 0.0 0.0 0.999785 0.0 0.0 0.0 0.0 0.0 0.0 0.0 0.0 0.0 0.0 0.0 0.0 0.0 0.0 0.0 0.0 0.0 0.0 0.0 0.0 0.0 0.0 0.0 0.0 0.0 0.0 0.0 0.0 5.59092e-05 0.0 0.0 0.0 0.0 0.0 0.0 0.0 0.0 0.0 0.0 0.0 0.0 0.0 0.0 0.0 0.0 0.0 0.0 0.0 0.0 0.0 0.0 0.0 0.0 0.0 0.0 0.0 0.0 0.0
0.437146 0.0 0.513436 0.0 0.747978 0.0 0.0 0.0 0.267292 0.0 0.0 0.0 8.9407e-08 0.0 0.00030908 0.0 0.0 0.0 0.0 0.0 0.0 0.0 0.0 0.951059 0.870586 0.0 0.0971491 0.0 0.0 0.933583 0.878777 0.0 0.0575523 0.0 0.0 0.177374 0.0 0.992238 0.000874996 0.0 0.103993 0.0 0.0 0.0 2.53022e-05 0.0 0.00852031 0.0 0.0 0.0 0.0 0.184938 0.0 0.0 0.0 0.0 0.0 0.0 0.0 0.0 0.0 3.51667e-06 0.0 0.0
0.0464391 0.0 0.608202 0.0 0.00942227 0.0 0.0 0.0 0.428868 0.0 0.0 0.0 0.0 0.0 0.342754 0.0 0.0 0.0 0.0 0.0 0.0 0.0 0.000467569 0.0022448 0.00838777 0.0 0.992476 0.0 0.0 0.0033192 0.269147 0.0 0.483971 0.000431478 0.0 0.92959 0.0 0.00534752 5.06639e-07 0.0 0.521371 0.0 0.0 0.0 0.0 0.0 0.0 0.0 0.0 0.0 0.0 0.577553 0.0 0.0 0.0 0.0 0.0 0.0 0.0 0.0 0.0 2.64645e-05 0.0 0.0
0.0 0.0 0.0 0.0 0.0 0.0 0.00644314 0.0 0.0 0.0 0.0 0.0 0.0 0.0 0.0 0.0 0.0 0.0 0.0 0.0 0.0 0.0 0.0 0.0 0.0 0.0 0.0 0.0 0.991171 0.0 0.0 5.66244e-07 0.0 0.0 0.0 0.0 0.0 0.0 0.0 0.0 0.0 0.0 0.0 0.0 0.0 0.0 0.0 0.0 2.68221e-07 0.0 0.0 0.0 1.19209e-07 0.0 8.9407e-08 0.0 0.0 0.0 0.0 0.0 0.0 0.0 0.000263423 0.0
0.599613 0.0 0.885359 0.0 0.591662 0.0 0.0 0.0 0.960545 0.0 0.0 0.0 0.0 0.0 0.569994 0.0 0.0 0.0 0.0 0.0 0.0 0.0 2.11298e-05 0.0593097 0.177222 0.0 0.848918 0.0 0.0 0.078958 0.847499 0.0 0.984282 2.57194e-05 0.0 0.849763 0.0 0.0347304 0.000124961 0.0 0.834631 0.0 0.0 0.0 0.0 0.0 7.15256e-07 0.0 0.0 0.0 0.0 0.986749 0.0 0.0 0.0 0.0 0.0 0.0 0.0 0.0 0.0 0.0035634 0.0 0.0
0.0 0.0 0.0 0.0 0.0 0.0 0.0 0.0 0.0 0.0 0.0 0.0 0.0 0.0 0.0 0.0 0.0 0.0 0.0 0.0 0.0 0.0 6.85453e-07 0.0 0.0 0.0 0.0 0.0 0.0 0.0 0.0 0.0 0.0 1.93119e-05 0.0 0.0 0.0 0.0 0.0 0.0 0.0 0.993733 0.0 0.0 0.0 0.0 0.0 0.0 0.0 0.0 0.0 0.0 0.0 0.0 0.0 0.0 0.0 0.0 0.0 0.0 0.0 0.0 0.0 0.0
0.0 0.0 0.0 0.0 0.0 0.0 0.0 0.0250857 0.0 0.0 0.219168 0.997244 0.0 0.0 0.0 0.993441 0.0 0.0 0.0 0.93789 0.0 0.0 0.0 0.0 0.0 0.0 0.0 0.0 0.0 0.0 0.0 0.0 0.0 0.0 0.0 0.0 0.513722 0.0 0.0 0.0 0.0 0.0 0.00314623 0.99237 0.0 0.0705351 0.0 0.00116795 0.0 0.0 0.0125783 0.0 0.0 0.990922 0.0 0.0 0.0 0.0042783 0.0 0.0 0.00298464 0.0 0.0 0.998823
0.0 0.0 0.0 0.0 0.0 0.0 0.0 0.0 3.8743e-07 0.0 0.0 0.0 0.0 0.0 0.0015603 0.0 0.0 0.0 0.0 0.0 0.0 0.0 0.988137 0.0 0.0 0.0 6.73532e-06 0.0 0.0 0.0 0.0 0.0 4.79817e-06 0.0223923 0.0 8.18968e-05 0.0 0.0 0.0 0.0 3.21865e-06 3.82066e-05 0.0 0.0 0.0 0.0 0.0 0.0 0.0 0.0 0.0 8.64267e-07 0.0 0.0 0.0 0.0 0.0 0.0 0.0 0.0 0.0 1.78814e-07 0.0 0.0
0.0 0.0 0.0 0.0 0.0 0.0 0.0 0.170737 0.0 0.0 0.108275 0.22449 0.0 0.0 0.0 0.155127 0.0 0.0 0.0 0.984711 0.0 0.0 0.0 0.0 0.0 0.0 0.0 0.0 0.0 0.0 0.0 0.0 0.0 0.0 0.0 0.0 0.00285947 0.0 0.0 0.0 0.0 0.0 0.00472391 0.700358 0.0 0.417009 0.0 1.78814e-07 0.0 2.08616e-07 0.0231132 0.0 0.0 0.237635 0.0 0.0 0.0 6.25849e-07 0.0 0.0 0.00352597 0.0 0.0 0.316857
0.886802 0.0 0.841169 0.0 0.77326 0.0 0.0 0.0 0.390835 0.0 0.0 0.0 0.0 0.0 0.0027875 0.0 0.0 0.0 0.0 0.0 0.0 0.0 0.0 0.977281 0.991697 0.0 0.221813 0.0 0.0 0.804492 0.960147 0.0 0.232424 5.96046e-08 0.0 0.618013 0.0 0.867326 0.000266612 0.0 0.175616 0.0 0.0 0.0 1.66893e-06 0.0 0.00280935 0.0 0.0 0.0 0.0 0.414494 0.0 0.0 0.0 0.0 0.0 0.0 0.0 0.0 0.0 1.055e-05 0.0 0.0
0.239088 0.0 0.591066 0.0 0.222881 0.0 0.0 0.0 0.88537 0.0 0.0 0.0 0.0 0.0 0.666351 0.0 0.0 0.0 0.0 0.0 0.0 0.0 0.000171244 0.00627941 0.0318007 0.0 0.765993 0.0 0.0 0.0121378 0.41041 0.0 0.985169 7.96914e-05 0.0 0.794565 0.0 0.0066196 3.70145e-05 0.0 0.827501 0.0 0.0 0.0 0.0 0.0 1.49012e-07 0.0 0.0 0.0 0.0 0.963395 0.0 0.0 0.0 0.0 0.0 0.0 0.0 0.0 0.0 0.00281936 0.0 0.0
0.0 0.0 0.0 0.0 0.0 0.0 0.0 0.0 0.0 0.985998 0.0 0.0 0.0 0.0 0.0 0.0 0.0 0.0 0.0 0.0 0.0 0.0 0.0 0.0 0.0 0.0 0.0 0.0 0.0 0.0 0.0 0.0 0.0 0.0 0.0 0.0 0.0 0.0 0.0 0.0 0.0 0.0 0.0 0.0 0.0 0.0 0.0 0.0 0.0 0.0 0.0 0.0 0.0 0.0 0.0 0.0 0.0 0.0 0.0 0.0 0.0 0.0 0.0 0.0
0.882242 0.0 0.992549 0.0 0.725076 0.0 0.0 0.0 0.78678 0.0 0.0 0.0 0.0 0.0 0.269042 0.0 0.0 0.0 0.0 0.0 0.0 0.0 1.04308e-06 0.39667 0.668129 0.0 0.914248 0.0 0.0 0.539478 0.91739 0.0 0.774061 2.74181e-06 0.0 0.968266 0.0 0.202212 8.39829e-05 0.0 0.479744 0.0 0.0 0.0 8.9407e-08 0.0 6.8903e-05 0.0 0.0 0.0 0.0 0.884824 0.0 0.0 0.0 0.0 0.0 0.0 0.0 0.0 0.0 0.000112325 0.0 0.0
0.0 0.0 0.0 0.0 0.0 0.0 0.0 0.0 0.0 0.0 0.0 0.0 0.0 0.0 0.0 0.0 0.0 0.0 0.0 0.0 0.0 0.0 0.0 0.0 0.0 0.0 0.0 0.996645 0.0 0.0 0.0 0.0 0.0 0.0 0.0 0.0 0.0 0.0 0.0 0.0 0.0 0.0 0.0 0.0 0.0 0.0 0.0 0.0 0.0 0.0 0.0 0.0 0.0 0.0 0.0 0.0 0.0 0.0 0.0 0.0 0.0 0.0 0.0 0.0
0.0 0.0 0.0 0.0 0.0 0.0 0.0 0.000162631 0.0 0.0 0.00111866 0.977465 0.0 0.0 0.0 0.967049 0.0 0.0 0.0 0.168315 0.0 0.0 0.0 0.0 0.0 0.0 0.0 0.0 0.0 0.0 0.0 0.0 0.0 0.0 0.0 0.0 0.0856037 0.0 0.0 0.0 0.0 0.0 8.22544e-06 0.660672 0.0 0.000335485 0.0 0.329977 0.0 0.0 3.50773e-05 0.0 0.0 0.975454 0.0 0.0 0.0 0.551262 0.0 0.0 9.23872e-06 0.0 0.0 0.801111
0.0 0.0 0.0 0.0 0.0 0.0 0.0 0.0180284 0.0 0.0 0.172162 0.826825 0.0 0.0 0.0 0.912533 0.0 0.0 0.0 0.301146 0.0 0.0 0.0 0.0 0.0 0.0 0.0 0.0 0.0 0.0 0.0 0.0 0.0 0.0 0.0 0.0 0.11156 0.0 0.0 0.0 0.0 0.0 0.00202662 0.928247 0.0 0.104182 0.0 2.0653e-05 0.0 0.0 0.00723383 0.0 0.0 0.987927 0.0 0.0 0.0 7.4476e-05 0.0 0.0 0.00267386 0.0 0.0 0.547502
5.66244e-07 0.0 8.9407e-08 0.0 4.23193e-06 0.0 0.0 0.0 2.98023e-08 0.0 0.0 0.0 0.0702004 0.0 0.0 0.0 0.0 0.0 0.0 0.0 0.0 0.0 0.0 9.55462e-05 7.03335e-06 0.0 0.0 0.0 0.0 7.48038e-06 1.16229e-06 0.0 0.0 0.0 0.0 8.9407e-08 0.0 2.0653e-05 2.98023e-08 0.0 0.0 0.0 0.0 0.0 0.00235283 0.0 0.015692 0.0 0.0 0.0 0.0 0.0 0.0 0.0 0.0 0.0 0.0 0.0 0.0 0.0 0.0 0.0 0.0 0.0
0.0 0.0 0.0 0.0 0.0 0.0 0.0 0.791002 0.0 0.0 0.984004 0.000627577 0.0 0.0 0.0 0.000881076 0.0 0.0 0.0 0.0140753 0.0 0.0 0.0 0.0 0.0 0.0 0.0 0.0 0.0 0.0 0.0 0.0 0.0 0.0 0.0 0.0 0.00240371 0.0 0.0 0.0 0.0 0.0 0.953333 0.0432747 0.0 0.836611 0.0 0.0 0.0 0.00268897 0.985973 0.0 0.0 0.000666171 0.0 0.0 0.0 0.0 0.0 0.0 0.974808 0.0 0.0 0.00034523
5.76079e-05 0.0 1.23382e-05 0.0 0.00017947 0.0 0.0 0.0 2.02656e-06 0.0 0.0 0.0 0.00208151 0.0 0.0 0.0 0.0 0.0 0.0 0.0 0.0 0.0 0.0 0.000795513 5.1707e-05 0.0 1.19209e-07 0.0 0.0 0.000805855 1.67489e-05 0.0 5.06639e-07 0.0 0.0 2.98023e-07 0.0 0.00194767 0.000175387 0.0 5.96046e-08 0.0 0.0 0.0 0.994783 0.0 0.050849 0.0 0.0 0.0 0.0 1.16229e-06 0.0 0.0 0.0 0.0 0.0 0.0 0.0 0.0 0.0 0.0 0.0 0.0
0.0 0.0 0.0 0.0 0.0 0.0 0.0 0.788952 0.0 0.0 0.995993 0.00865528 0.0 0.0 0.0 0.0169024 0.0 0.0 0.0 0.0247954 0.0 0.0 0.0 0.0 0.0 0.0 0.0 0.0 0.0 0.0 0.0 0.0 0.0 0.0 0.0 0.0 0.0373257 0.0 0.0 0.0 0.0 0.0 0.94941 0.356792 0.0 0.870917 0.0 0.0 0.0 0.000421882 0.955633 0.0 0.0 0.0101709 0.0 0.0 0.0 0.0 0.0 0.0 0.969245 0.0 0.0 0.00199983
0.0 0.0 0.0 0.0 0.0 0.0 0.814193 0.0 0.0 0.0 0.0 0.0 0.0 0.0 0.0 0.0 0.0 0.0 0.0 0.0 0.0 0.0 0.0 0.0 0.0 0.0 0.0 0.0 7.6592e-06 0.0 0.0 2.98023e-08 0.0 0.0 0.0 0.0 0.0 0.0 0.0 0.0 0.0 0.0 0.0 0.0 0.0 0.0 0.0 0.0 3.15905e-06 0.0 0.0 0.0 0.0 0.0 0.0 0.0 0.0 0.0 0.0 0.0 0.0 0.0 0.94423 0.0
0.0 0.0 0.0 0.0 0.0 0.0 0.0 0.772103 0.0 0.0 0.989207 0.000334531 0.0 0.0 0.0 0.000541776 0.0 0.0 0.0 0.00228113 0.0 0.0 0.0 0.0 0.0 0.0 0.0 0.0 0.0 0.0 0.0 0.0 0.0 0.0 0.0 0.0 0.00269642 0.0 0.0 0.0 0.0 0.0 0.982133 0.0153552 0.0 0.852263 0.0 0.0 0.0 0.00827664 0.972138 0.0 0.0 0.000363737 0.0 0.0 0.0 0.0 0.0 0.0 0.9867 0.0 0.0 0.000119954
0.0 0.0 0.0 0.0 0.0 0.0 0.0 0.46199 0.0 0.0 0.984857 0.000203699 0.0 0.0 0.0 0.000282884 0.0 0.0 0.0 0.00179189 0.0 0.0 0.0 0.0 0.0 0.0 0.0 0.0 0.0 0.0 0.0 0.0 0.0 0.0 0.0 0.0 0.00154114 0.0 0.0 0.0 0.0 0.0 0.982355 0.0129207 0.0 0.719042 0.0 0.0 0.0 0.0156883 0.954439 0.0 0.0 0.000208467 0.0 0.0 0.0 0.0 0.0 0.0 0.962251 0.0 0.0 8.37445e-05
0.656424 0.0 0.749712 0.0 0.832505 0.0 0.0 0.0 0.989784 0.0 0.0 0.0 0.0 0.0 0.319374 0.0 0.0 0.0 0.0 0.0 0.0 0.0 6.31809e-06 0.103579 0.107059 0.0 0.776745 0.0 0.0 0.381135 0.747878 0.0 0.916192 9.83477e-06 0.0 0.694825 0.0 0.0586504 0.000259817 0.0 0.781815 0.0 0.0 0.0 0.0 0.0 5.84126e-06 0.0 0.0 0.0 0.0 0.953287 0.0 0.0 0.0 0.0 0.0 0.0 0.0 0.0 0.0 0.00121266 0.0 0.0
0.0 0.0 0.0 0.0 0.0 0.0 0.0 0.0 0.0 0.0 0.0 0.0 0.0 0.0 0.0 0.0 0.0 0.0 0.0 0.0 0.0 0.0 0.0 0.0 0.0 0.0 0.0 0.0 0.0 0.0 0.0 2.563e-06 0.0 0.0 0.0 0.0 0.0 0.0 0.0 0.0 0.0 0.0 0.0 0.0 0.0 0.0 0.0 0.0 2.08616e-07 0.0 0.0 0.0 0.0 0.0 0.000133067 0.0 0.0 0.0 0.0 0.967298 0.0 0.0 0.0 0.0
0.0 0.0 0.0 0.0 0.0 0.0 0.0 0.0355831 0.0 0.0 0.314398 0.985418 0.0 0.0 0.0 0.962026 0.0 0.0 0.0 0.504546 0.0 0.0 0.0 0.0 0.0 0.0 0.0 0.0 0.0 0.0 0.0 0.0 0.0 0.0 0.0 0.0 0.518564 0.0 0.0 0.0 0.0 0.0 0.00453833 0.965169 0.0 0.0972565 0.0 1.61529e-05 0.0 0.0 0.0199396 0.0 0.0 0.946361 0.0 0.0 0.0 5.81145e-05 0.0 0.0 0.00600263 0.0 0.0 0.911716
0.0 0.0 0.0 0.0 0.0 0.0 0.0 0.0 0.0 0.0 0.0 0.0 0.0 0.998019 0.0 0.0 0.0 0.0 0.0 0.0 0.0 0.0 0.0 0.0 0.0 0.0 0.0 0.0 0.0 0.0 0.0 0.0 0.0 0.0 0.0 0.0 0.0 0.0 0.0 0.0 0.0 0.0 0.0 0.0 0.0 0.0 0.0 0.0 0.0 0.0 0.0 0.0 0.0 0.0 0.0 0.0 0.0 0.0 0.0 0.0 0.0 0.0 0.0 0.0
0.0 0.0 0.0 0.0 0.0 0.0 0.0 0.0 0.0 0.0 0.0 0.0 0.0 0.0 0.0 0.0 0.0 0.984264 0.0 0.0 0.0 0.0 0.0 0.0 0.0 0.0 0.0 0.0 0.0 0.0 0.0 0.0 0.0 0.0 0.0 0.0 0.0 0.0 0.0 0.0 0.0 0.0 0.0 0.0 0.0 0.0 0.0 0.0 0.0 0.0 0.0 0.0 0.0 0.0 0.0 0.0156687 0.0 0.0 0.0 0.0 0.0 2.68221e-07 0.0 0.0
0.0 0.0 0.0 0.0 0.0 0.0 0.0 0.0 0.0 0.0 0.0 0.0 0.0 0.0 0.0 0.0 0.0 0.0 0.0 0.0 0.0 0.0 0.0 0.0 0.0 0.0 0.0 0.0 0.0 0.0 0.0 0.0 0.0 0.0 0.0 0.0 0.0 0.0 0.0 0.0 0.0 0.0 0.0 0.0 0.0 0.0 0.0 0.0 0.0 0.0 0.0 0.0 0.0 0.0 0.0 0.0 0.0 0.0 0.999995 0.0 0.0 0.0 0.0 0.0
0.0 0.0 0.0 0.0 0.0 0.0 0.0 0.0191057 0.0 0.0 0.232858 0.937715 0.0 0.0 0.0 0.982747 0.0 0.0 0.0 0.189439 0.0 0.0 0.0 0.0 0.0 0.0 0.0 0.0 0.0 0.0 0.0 0.0 0.0 0.0 0.0 0.0 0.7278 0.0 0.0 0.0 0.0 0.0 0.00258145 0.930294 0.0 0.0289869 0.0 1.86265e-05 0.0 0.0 0.0100118 0.0 0.0 0.970707 0.0 0.0 0.0 6.76811e-05 0.0 0.0 0.00330803 0.0 0.0 0.525101
0.0 0.0 0.0 0.0 0.0 0.0 0.0 0.000244796 0.0 0.0 0.000379175 0.0 5.96046e-08 0.0 0.0 0.0 0.0 0.0 0.0 0.0 0.0 0.0 0.0 0.0 0.0 0.0 0.0 0.0 0.0 0.0 0.0 0.0 0.0 0.0 0.0 0.0 0.0 0.0 0.0 0.0 0.0 0.0 0.00359067 0.0 0.0 6.12736e-05 0.0 0.0 0.0 0.973641 0.00197408 0.0 0.0 0.0 0.0 0.0 0.0 0.0 0.0 0.0 0.0122958 0.0 0.0 0.0
0.0 0.0 0.0 0.0 0.0 0.0 0.0 0.0 0.0 0.0 0.0 0.0 0.0 0.0 0.0 0.0 0.0 0.0 0.0 0.0 0.0 0.0 0.0 0.0 0.0 0.0 0.0 0.0 0.0 0.0 0.0 0.0 0.0 0.0 0.0 0.0 0.0 0.0 0.0 0.996014 0.0 0.0 0.0 0.0 0.0 0.0 0.0 0.0 0.0 0.0 0.0 0.0 0.0 0.0 0.0 0.0 0.0 0.0 0.0 0.0 0.0 0.0 0.0 0.0
0.0 0.0 0.0 0.0 0.0 0.0 0.0 0.986487 0.0 0.0 0.890597 0.000329494 0.0 0.0 0.0 0.000436783 0.0 0.0 0.0 0.0139523 0.0 0.0 0.0 0.0 0.0 0.0 0.0 0.0 0.0 0.0 0.0 0.0 0.0 0.0 0.0 0.0 0.00237271 0.0 0.0 0.0 0.0 0.0 0.816138 0.00829402 0.0 0.758627 0.0 0.0 0.0 0.00402564 0.884811 0.0 0.0 0.000211775 0.0 0.0 0.0 0.0 0.0 0.0 0.887422 0.0 0.0 3.96073e-05
0.95615 0.0 0.835939 0.0 0.977689 0.0 0.0 0.0 0.83344 0.0 0.0 0.0 0.0 0.0 0.00386724 0.0 0.0 0.0 0.0 0.0 0.0 0.0 0.0 0.898639 0.782665 0.0 0.150961 0.0 0.0 0.985084 0.906597 0.0 0.311291 2.98023e-08 0.0 0.172459 0.0 0.72946 0.0102348 0.0 0.240375 0.0 0.0 0.0 8.85129e-06 0.0 0.0054259 0.0 0.0 0.0 0.0 0.569355 0.0 0.0 0.0 0.0 0.0 0.0 0.0 0.0 0.0 5.3674e-05 0.0 0.0
0.0 0.0 0.0 0.0 0.0 0.0 0.0 0.0 0.0 0.0 0.0 0.0 0.0 0.0 0.0 0.0 0.0 0.00262216 0.0 0.0 0.0 0.0 0.0 0.0 0.0 0.0 0.0 0.0 0.0 0.0 0.0 0.0 0.0 0.0 0.0 0.0 0.0 0.0 5.96046e-08 0.0 0.0 0.0 0.0 0.0 0.0 0.0 0.0 0.0 0.0 0.0 0.0 0.0 0.0 0.0 0.0 0.989546 0.0 0.0 0.0 0.0 0.0 2.17259e-05 0.0 0.0
0.0 0.0 0.0 0.0 0.0 0.0 0.0 0.0308375 0.0 0.0 0.343683 0.229961 0.0 0.0 0.0 0.468601 0.0 0.0 0.0 0.00297505 0.0 0.0 0.0 0.0 0.0 0.0 0.0 0.0 0.0 0.0 0.0 0.0 0.0 0.0 0.0 0.0 0.984784 0.0 0.0 0.0 0.0 0.0 0.0174206 0.258254 0.0 0.0165949 0.0 2.98023e-08 0.0 1.78814e-07 0.0504526 0.0 0.0 0.0928456 0.0 0.0 0.0 1.19209e-07 0.0 0.0 0.0111473 0.0 0.0 0.0184752
57 47 18 25 6 54 38 35 15 10 31 52 48 13 32 22 63 49 28 59 62 61 51 33 36 60 5 39 55 29 8 41 19 7 3 9 17 37 40 27 43 45 21 20 12 24 2 1 53 50 16 56 46 0 30 4 11 42 34 58 44 23 26 14
