8
0.00026834 0.0 5.66244e-07 7.21216e-06 0.0 1.49012e-07 0.0 0.0 0.0 0.0 0.0 3.78489e-06 0.0 0.0 0.0 0.0 0.0 0.0 9.53674e-07 0.0 0.0 0.0 0.0 0.0 4.21405e-05 0.0 0.0 2.98023e-08 0.0 0.0 0.0 0.0 0.0 0.11999 0.000646263 0.0 0.0 0.0 5.21541e-06 0.0 2.98023e-08 0.0 0.0111751 0.0 0.0 0.0 0.0 0.0 0.000809163 0.0 0.0 0.00483969 1.2517e-06 2.28584e-05 5.96046e-08 0.999399 1.19209e-07 0.0 0.0 8.34465e-07 1.49012e-07 0.0008246 0.0 3.9041e-06
0.0 8.9407e-08 0.0 0.453635 0.00711498 5.96046e-08 0.0 0.991507 3.57628e-07 0.0 0.479202 0.0024046 0.999986 0.0 0.0 0.0 0.0 0.0 4.17829e-05 1.71661e-05 0.0 0.0 0.0 0.0 7.7486e-06 0.0 0.0 0.498021 0.998426 0.0 8.9407e-08 0.0 1.2517e-06 2.8342e-05 0.00719246 0.0 0.0 0.0 0.00179332 0.0 0.997529 0.0 6.79493e-06 0.159968 1.10269e-06 3.83258e-05 0.0 0.0 3.37958e-05 0.000706166 0.774253 0.0 0.06479 0.0 0.0 0.0 0.0 2.98023e-08 0.918428 0.0 1.16229e-06 0.0 0.0 0.0
0.0 2.98023e-08 0.0 0.018526 0.000326604 0.0 0.0 0.00666457 1.12057e-05 0.0 0.169783 1.69873e-05 0.999238 0.0 0.0 0.0 0.0 0.0 0.000269324 0.0 0.0 0.0 0.0 0.0 0.000142634 0.0 0.0 0.990188 0.891295 0.0 0.0 0.0 0.0 0.000118852 2.8491e-05 0.0 0.0 0.0 2.95043e-06 0.0 0.999987 0.0 0.00199366 0.00104818 0.0 1.78814e-07 0.0 0.0 0.0137329 4.673e-05 0.000716895 0.0 9.23574e-05 0.0 0.0 0.0 0.0 0.0 0.000219375 0.0 1.10269e-06 0.0 0.0 0.0
6.30915e-05 0.0 0.0 0.452362 7.77841e-06 8.83043e-05 0.0 0.000438899 1.66893e-06 0.0 0.264532 5.06639e-07 0.927705 3.68059e-05 0.0 0.0 0.0 0.0 0.855459 0.0 0.0 0.0 0.0 0.0 4.81009e-05 0.0 0.0 5.03659e-06 0.880109 0.0 0.0 0.0 0.0 0.000442713 4.82798e-06 0.0 0.0 0.0 8.73208e-06 0.0 0.0230654 0.0 1.43945e-05 0.0022909 0.0 0.0 0.0 0.0 0.00227633 2.38419e-07 0.00911459 0.0 0.0 0.0 0.0 0.0 0.0 0.0 0.000207633 0.0 0.908169 0.0 2.92063e-06 0.0
0.0 0.0 0.0 0.00518262 0.0696297 0.0 0.999999 5.84126e-06 0.0 0.0 0.0 0.034129 1.49012e-07 0.0 0.0 0.0 0.0 0.0 0.0 0.0 0.0 0.0 0.0 0.0 0.0 0.0 0.0 0.0 0.00013572 0.0 2.55108e-05 0.0 0.0733987 0.0 8.64267e-07 0.0 0.0 3.24249e-05 0.047014 0.0 1.49012e-07 0.0 0.0 0.261363 0.000469923 0.0 0.0 7.15256e-07 0.0 0.0 0.0 0.0 0.524326 0.0 0.0 0.0 0.0 9.5278e-05 0.0 0.0 0.0 0.0 0.0 0.0
0.0 0.0 0.0 2.98023e-08 4.85778e-06 0.0 2.08616e-07 0.00740147 8.64267e-07 0.0 2.98023e-08 0.000462025 0.000111848 0.0 0.0 0.0 0.0 0.0 3.57628e-07 0.0 0.0 0.0 0.0 0.0 8.64267e-07 1.49012e-07 0.0 2.65241e-06 0.00063023 0.0 0.0 0.0 0.495573 0.0 0.000161767 0.0 2.38419e-07 0.0 0.000130445 0.0 1.19209e-07 0.0 7.7486e-07 0.00176543 0.0 1.0 0.0 0.0 1.78814e-07 2.98023e-05 1.19209e-07 0.0 0.980132 0.0 0.0 0.0 1.78814e-07 5.96046e-08 1.2219e-06 0.0 0.0 0.0 2.08616e-07 0.0
2.38419e-06 0.0 0.0 0.0 0.0 0.0 0.0 0.00425044 0.999997 0.0 7.55191e-05 0.0 1.65999e-05 1.19209e-07 0.0 0.0 0.0 0.0 3.0607e-05 0.0 0.0 0.0 0.0 0.0 4.6432e-05 0.0 0.0 2.38419e-07 0.00143459 0.0 0.0 0.0 0.0 5.66244e-06 5.66244e-07 0.0 0.0 0.0 1.19209e-07 0.0 8.9407e-08 0.0 0.000386685 1.19209e-07 0.0 0.00469655 0.0 5.96046e-08 3.72529e-06 0.00200441 1.10269e-06 0.0 1.57952e-06 0.0 0.0 0.000294983 0.0 0.0 5.36442e-07 0.0 0.0 0.0 0.0903694 0.0
0.0 0.0 0.0 1.78814e-07 1.78814e-07 0.0 1.93715e-06 0.00239018 0.0 0.18423 0.0 5.96046e-08 5.06639e-07 0.0 0.0 0.0 0.0 0.0 0.0 0.125323 0.0 0.0 0.0 0.0 0.0 0.0 0.0 0.0 0.00032565 0.0 0.0 0.0 1.80602e-05 0.0 8.04663e-07 0.0 0.000271499 0.0 0.0377728 0.0 0.0 0.0 0.0 5.0962e-06 0.998476 0.000197351 0.0 1.19209e-07 0.0 0.0 1.19209e-06 0.0 0.0258498 0.0 0.0 0.0 0.0 5.96046e-08 8.6695e-05 0.0 0.0 0.0 0.0 0.0
0.0 0.0 0.0 0.0 0.0 0.0 0.0 0.0 0.0 0.0 0.0 0.0 0.0 0.0 0.999415 0.0 0.0 8.9407e-08 0.0 0.0 0.0 0.0 0.0 5.66244e-07 0.0 0.0 0.0 0.0 0.0 0.0 0.0 0.0 0.0 0.0 0.0 0.0 0.0 0.0 0.0 0.0 0.0 0.00110427 0.0 0.0 0.0 0.0 2.98023e-08 0.0 0.0 0.0 0.0 0.0 0.0 0.0 0.0 0.0 0.0 0.0 0.0 0.0 0.0 0.0 0.0 1.49012e-07
0.0 0.0 0.0 0.0 0.0 0.0 0.0 5.96046e-08 0.0 0.0 0.0 0.0 0.0 0.0 0.0 0.0 4.17233e-07 0.0 0.0 0.0 0.0 0.0 0.0 0.0 0.0 2.98023e-08 0.0 0.0 1.01328e-06 0.0 2.98023e-08 0.0 1.49012e-07 0.0 0.0 0.0 0.999966 0.0 1.23084e-05 0.0 0.0 0.0 0.0 0.0 0.0 1.60933e-06 0.0 0.0 0.0 0.0 0.0 0.0 6.77109e-05 0.0 0.0 0.0 0.0 1.57952e-06 0.0 0.0 0.0 0.0 0.0 0.0
0.0 0.970478 0.0 2.98023e-08 0.0 0.0 0.0 0.0 0.0 0.000414759 8.9407e-08 1.19209e-07 9.80496e-06 0.0 0.0 0.0 0.0 0.0 0.0 2.29478e-06 0.0 0.0 0.0 0.0 0.0 0.0 0.0 0.0 0.000515163 0.0 0.0 0.0 0.0 0.0 0.0 0.0 0.0 0.0 0.0 0.0 1.60933e-06 0.0 0.0 2.68221e-07 0.00255638 0.0 0.0 0.0 0.0 0.0 5.36442e-07 0.0 8.9407e-08 0.0 0.0 0.0 0.0 0.0 2.92063e-06 0.0 0.0 0.0 0.0 0.0
8.9407e-08 0.0 0.0 0.797678 4.79817e-06 0.99999 1.19209e-07 0.048561 0.0 0.0 4.17233e-07 0.000734091 6.28829e-06 0.0 0.0 0.0 0.0 0.0 7.61151e-05 0.0 6.64592e-06 0.0 0.0 0.0 0.000544935 1.19209e-07 0.0 8.9407e-08 0.50193 0.0 0.00296828 0.0 0.0426016 0.00795767 0.00216374 0.0 6.85453e-07 3.8743e-07 0.302657 0.0 1.19209e-07 0.0 7.15256e-07 0.0022783 0.0 0.00661901 0.0 0.0 0.00171879 0.0 1.01328e-06 1.49012e-07 0.679495 6.76513e-05 0.0 0.00433755 0.00387436 7.39098e-06 2.38419e-07 1.66893e-06 9.42945e-05 0.00238782 0.0765752 2.98023e-08
0.0 2.68221e-07 0.0 0.0 0.0 0.0 0.0 1.18315e-05 1.01328e-06 0.640077 0.0 0.0 0.0 0.0 0.0 0.0 0.0 0.0 0.0 2.08616e-06 0.0 8.58307e-06 0.0 0.0 0.0 0.0 0.0 0.0 7.48038e-06 0.0 0.0 0.0 0.0 0.0 0.0 0.0 0.0 0.0 0.0 0.0 0.0 0.0 0.0 0.0 0.0033024 8.9407e-08 0.0 0.999583 0.0 0.0 0.0 0.0 8.9407e-08 0.0 0.0 0.0 0.0 0.0 8.64267e-06 0.0 0.0 0.0 0.0 0.0
0.0 0.0 0.0 0.0 0.0 0.0 0.0 0.0 0.0 0.0 0.0 0.0 0.0 0.0 0.000213355 1.78814e-07 0.0 0.00303239 0.0 0.0 0.0 0.0 1.99676e-06 0.0 0.0 0.0 0.000194699 0.0 0.0 0.0 0.0 0.0 0.0 0.0 0.0 0.0 0.0 0.0 0.0 0.0 0.0 0.995517 0.0 0.0 0.0 0.0 0.0 0.0 0.0 0.0 0.0 0.0 0.0 8.9407e-08 2.08616e-07 0.0 0.0 0.0 0.0 0.0 0.0 0.0 0.0 2.98023e-08
0.998972 0.0 0.0773909 0.183862 9.53674e-06 0.458351 2.68221e-07 1.69873e-06 2.38419e-07 0.0 0.0 0.000594854 5.01275e-05 2.47359e-06 0.0 0.0 0.0 3.51667e-06 0.980896 0.0 1.78814e-07 0.0 5.24521e-06 0.0 0.74728 0.0 0.0 0.0113832 0.0170703 0.0 1.56164e-05 0.0 0.0 0.999795 0.0116303 7.85887e-05 0.0 0.0 0.00321743 0.000181884 0.00148997 0.0 0.978689 0.00740847 0.0 6.61612e-06 0.0 0.0 0.99986 0.0 0.0 0.754895 8.49664e-05 0.980247 2.89381e-05 0.836954 0.000101149 0.0 0.0 0.388081 0.0378819 0.985876 1.72555e-05 0.00177035
8.9407e-08 0.0 0.0 9.53674e-07 2.98023e-08 3.33786e-06 0.0 0.00244424 0.000387251 0.0 3.24845e-06 5.03361e-05 0.0719803 0.0 0.0 0.0 0.0 0.0 1.54972e-06 0.0 8.9407e-08 0.0 0.0 0.0 0.0916251 0.0 0.0 0.00143051 0.00626498 0.0 2.98023e-08 1.49012e-07 1.16527e-05 0.00032708 0.140562 0.0 4.42564e-05 0.0 3.69251e-05 0.0 0.00133333 0.0 0.00618634 0.000169814 0.0 0.979084 0.0 0.0 0.0016506 0.000156909 2.98023e-08 0.0 0.301331 2.68221e-07 0.0 0.00485438 0.000208288 1.19209e-07 6.55651e-07 0.0 0.0 9.29832e-06 1.19209e-07 0.0
3.24845e-06 0.0 0.0 0.305215 0.958265 0.467583 0.0194544 0.0014838 0.0 0.0 0.0 0.098952 2.25604e-05 0.0 0.0 0.0 0.0 0.0 0.00154775 0.0 0.0 0.0 0.0 0.0 0.000600755 0.0 0.0 0.0116373 0.637128 0.0 0.0770767 0.0 0.00905335 0.000290632 0.00191447 0.0 0.0 1.49012e-07 0.966806 0.0 0.000530779 0.0 0.000631481 0.958633 0.0 0.00532779 0.0 0.0 0.375432 2.98023e-08 0.0 2.68221e-07 0.946203 1.54972e-06 0.0 1.19209e-07 2.41399e-06 0.000320643 0.0 2.38419e-07 0.0 2.98023e-07 2.08616e-07 0.0
0.0 0.0 0.0 0.0 0.0 0.0 0.0 0.0 0.0 0.0 0.0 0.0 0.0 0.0 0.000494361 5.96046e-08 0.0 0.00597438 0.0 0.0 0.0 0.0 4.61638e-05 0.0 0.0 0.0 9.52482e-05 0.0 0.0 0.0 0.0 0.0 0.0 0.0 0.0 0.0 0.0 0.0 0.0 0.0 0.0 0.55028 0.0 0.0 0.0 0.0 6.52671e-06 0.0 0.0 0.0 0.0 0.0 0.0 1.60933e-06 1.76728e-05 0.0 0.0 0.0 0.0 0.0 0.0 0.0 0.0 4.47035e-07
0.165619 0.0 2.98023e-08 0.0272044 0.00011766 3.57628e-07 0.0 0.00661406 0.000252873 0.0 3.51667e-06 3.09348e-05 0.248266 0.0 0.0 0.0 0.0 0.0 0.79203 0.0 0.0 0.0 0.0 0.0 0.406792 0.0 0.0 0.99685 0.149464 0.0 2.38419e-07 0.0 0.0 0.123951 0.0189432 0.0 0.0 0.0 0.000405878 2.08616e-07 0.799817 0.0 0.999803 0.00594956 0.0 9.34899e-05 0.0 0.0 0.999113 1.71363e-05 5.96046e-08 8.64267e-07 0.0117484 6.76513e-06 0.0 0.000424266 3.8743e-07 0.0 1.19209e-07 0.0 8.9407e-08 0.0 0.0 0.0
0.0 2.08616e-07 0.0 0.000155956 2.68221e-07 0.0 0.0 0.0514767 1.19209e-06 0.981525 0.00108725 2.98023e-08 0.0104422 0.0 0.0 0.0 0.0 0.0 0.0 0.705385 0.0 0.0 0.0 0.0 0.0 0.0 0.0 0.0 0.499994 0.0 0.0 0.0 0.0 0.0 1.49012e-07 0.0 2.98023e-08 0.0 0.0364415 0.0 1.10269e-06 0.0 0.0 0.0028263 0.439218 4.73857e-06 0.0 0.0 0.0 0.000151157 0.275357 0.0 0.00162312 0.0 0.0 0.0 0.0 0.0 0.117917 0.0 0.0 0.0 0.0 0.0
0.0 0.0 0.0 0.0 0.0 0.0 0.0 0.0 0.0 0.0 0.0 0.0 0.0 0.0 0.0 0.993469 0.0 6.04987e-06 0.0 0.0 1.19209e-05 0.0 0.0 2.98023e-08 0.0 0.0 4.52995e-06 0.0 0.0 0.0 0.0 0.0 0.0 0.0 0.0 0.0 0.0 0.0 0.0 0.0 0.0 8.9407e-08 0.0 0.0 0.0 0.0 0.0 0.0 0.0 0.0 0.0 0.0 0.0 0.0 2.95937e-05 0.0 0.0 0.0 0.0 4.38094e-06 0.0 0.0 0.0 0.0
0.0 0.0 0.0 1.19209e-07 0.0 0.0 0.0 1.07288e-06 0.0 0.0 0.0 8.9407e-08 0.0 0.0 0.0 0.0 0.799098 1.19209e-07 0.0 0.0 0.15809 0.0 0.0 0.0 0.0 4.36306e-05 0.0 0.0 0.00809437 6.56545e-05 3.15905e-06 0.999421 1.96695e-06 8.9407e-08 5.48363e-06 0.0 0.0 0.68026 8.9407e-08 0.0 2.98023e-08 0.0 0.0 0.0 0.0 1.15037e-05 0.0 0.0 0.0 0.0 0.0 0.0 0.000713259 0.0 0.0 0.0 1.19209e-06 0.000334322 0.0 0.0 0.0 0.0 0.0 0.0
3.27826e-07 0.0 2.38419e-07 8.9407e-08 0.0 3.57628e-06 0.0 0.0 0.0 0.0 0.0 0.0 0.0 0.0 0.0 0.0 0.0 1.49012e-07 2.08616e-07 0.0 1.78814e-07 0.0 2.38419e-07 0.0 1.57952e-06 0.0 0.0 0.0 5.96046e-08 0.0 0.0 0.0 0.0 0.00335577 5.96046e-08 1.90735e-06 0.0 0.0 5.96046e-08 0.0 0.0 0.0 0.0 0.0 0.0 0.0 0.0 0.0 1.03414e-05 0.0 0.0 0.409492 0.0 0.0849249 0.000276625 0.0181629 6.25849e-07 0.0 0.0 0.119309 3.78489e-06 0.996066 0.0 0.000138223
0.0 0.0 1.19209e-07 0.0 0.0 0.0 0.0 0.0 0.0 0.0 0.0 0.0 0.0 0.0 0.0523102 0.0 0.0 0.000588208 0.0 0.0 0.0 0.0 5.03659e-06 0.0 0.0 0.0 2.93851e-05 0.0 0.0 0.0 0.0 0.0 0.0 0.0 0.0 0.0 0.0 0.0 0.0 8.9407e-08 0.0 2.82526e-05 0.0 0.0 0.0 0.0 0.999763 0.0 0.0 0.0 0.0 0.0 0.0 7.7486e-07 3.8743e-07 0.0 0.0 0.0 0.0 0.0 0.0 0.0 0.0 1.75834e-06
2.08616e-07 0.0 8.9407e-08 8.9407e-08 0.0 2.08616e-07 0.0 0.0 0.0 0.0 0.0 0.0 0.0 0.0 0.0 0.0 0.0 5.66244e-07 2.44081e-05 0.0 0.0 0.0 4.32134e-06 0.0 3.57628e-07 0.0 2.98023e-07 0.0 8.9407e-08 0.0 1.78814e-07 0.0 0.0 0.000105679 5.96046e-08 0.0 0.0 0.0 2.38419e-07 0.0 0.0 0.0 1.37091e-06 0.0 0.0 0.0 0.0 0.0 0.000148118 0.0 0.0 0.995846 0.0 0.173954 6.07967e-05 0.000306606 9.0301e-06 0.0 0.0 0.000143498 7.7486e-07 0.494623 0.0 1.57952e-06
0.0 0.0 0.0 0.000109822 2.98023e-08 4.73857e-06 9.92417e-06 1.32024e-05 0.0 0.0 0.0 0.705176 1.49012e-07 0.0 0.0 0.0 3.56734e-05 0.0 0.0 0.0 4.43757e-05 0.0 0.0 0.0 3.51667e-06 0.000738263 0.0 0.0 0.0415927 6.25849e-07 0.157372 3.81172e-05 0.0176185 4.55976e-06 0.796932 0.0 2.17557e-06 0.0141076 0.983422 0.0 1.19209e-07 0.0 0.0 0.00239182 0.0 2.24113e-05 0.0 0.0 2.98023e-08 0.0 0.0 2.08616e-07 0.579456 0.0 0.0 1.37091e-06 1.46031e-06 0.999021 0.0 0.0 0.0 2.98023e-08 0.0 0.0
0.0 0.0 5.96046e-08 0.0 0.0 0.0 0.0 0.0 0.0 0.0 0.0 0.0 0.0 0.0 0.0 4.17233e-07 0.0 0.57899 0.0 0.0 0.00379175 0.0 0.000353009 0.0 0.0 0.0 0.000797361 0.0 0.0 0.0 0.0 0.0 0.0 1.78814e-07 0.0 0.0 0.0 0.0 0.0 0.0 0.0 2.68221e-07 0.0 0.0 0.0 0.0 0.0 0.0 0.0 0.0 0.0 0.00486785 0.0 0.0541363 0.998106 0.00550252 5.54323e-06 0.0 0.0 2.68221e-07 0.0 0.0411344 0.0 0.0519447
0.0 0.0 0.0 5.36442e-07 0.0 0.0 0.0 0.626128 0.156141 4.17233e-06 0.000737667 7.53999e-06 0.0343501 0.0 0.0 0.0 0.0 0.0 5.96046e-08 3.86536e-05 0.0 0.0 0.0 0.0 2.23517e-06 0.0 0.0 1.56164e-05 0.00109932 0.0 0.0 0.0 0.0 1.72853e-06 0.000352174 0.0 0.0 0.0 4.20511e-05 0.0 4.20213e-06 0.0 5.1856e-06 0.0015423 0.0 0.0256256 0.0 2.08616e-07 8.22544e-06 0.999201 0.00105393 0.0 0.112499 0.0 0.0 5.96046e-08 0.0 0.0 0.00239983 0.0 0.0 0.0 4.17233e-07 0.0
0.0 0.0 0.0 0.0 0.0 0.0 0.0 0.0 0.0 0.0 0.0 0.0 0.0 0.0 2.61962e-05 0.0 0.0 0.0 0.0 0.0 0.0 0.0 2.98023e-08 0.999568 0.0 0.0 0.0 0.0 0.0 0.0 0.0 0.0 0.0 0.0 0.0 0.0 0.0 0.0 0.0 0.0 0.0 0.0 0.0 0.0 0.0 0.0 0.0 0.0 0.0 0.0 0.0 0.0 0.0 3.24845e-06 0.0 1.78814e-07 0.0 0.0 0.0 5.96046e-08 0.0 0.0 0.0 1.49012e-07
0.0 0.0 0.0 1.33216e-05 0.0 1.49012e-07 0.0 0.0 0.0 0.0 0.0 0.0 0.0 0.0 0.0 4.58956e-06 9.98378e-06 9.59635e-06 0.0 0.0 0.999999 0.0 0.0 0.0 0.0 0.0 0.0 0.0 5.34952e-05 0.0 1.01328e-06 0.00040558 0.0 0.000650764 3.99351e-06 0.0 0.0 0.010704 0.0 0.0 0.0 0.0 0.0 0.0 0.0 0.0 0.0 0.0 0.0 0.0 0.0 6.49691e-06 5.66244e-07 8.34465e-07 0.000809491 0.000417471 0.00615987 4.47035e-07 0.0 1.19209e-07 0.0 4.88758e-06 0.0 8.9407e-07
0.0 0.0 0.0 0.00168592 1.37091e-06 2.98023e-07 0.000328332 1.7494e-05 0.0 0.0 0.0 0.0531289 0.0 0.0 0.0 0.0 8.04663e-06 0.0 0.0 0.0 8.9407e-08 0.0 0.0 0.0 1.78814e-07 6.40452e-05 0.0 0.0 0.00138882 0.0 0.0959585 1.51992e-06 0.999835 0.0 0.0108258 0.0 2.65837e-05 8.40425e-05 0.724196 0.0 0.0 0.0 0.0 0.00112811 0.0 0.0027321 0.0 0.0 0.0 0.0 0.0 0.0 0.96659 0.0 0.0 0.0 4.76837e-07 0.655025 0.0 0.0 0.0 0.0 0.0 0.0
0.0 0.0 0.0 0.0 0.0 0.0 0.0 0.0 0.0 0.0 0.0 0.0 0.0 0.0 0.0 0.0 0.0295472 0.0 0.0 0.0 5.45382e-06 0.0 0.0 0.0 0.0 9.23872e-06 0.0 0.0 0.0 0.000313222 0.0 0.0105365 8.9407e-08 0.0 0.0 0.0 0.0 0.565649 0.0 0.0 0.0 0.0 0.0 0.0 0.0 0.0 0.0 0.0 0.0 0.0 0.0 0.0 1.78814e-07 0.0 0.0 0.0 0.0 7.64728e-05 0.0 0.0 0.0 0.0 0.0 0.0
0.0 0.0 0.0 2.14577e-05 0.0 2.43783e-05 0.0 0.000801325 0.000269234 2.98023e-07 6.74725e-05 0.0 2.98023e-08 0.0 0.0 0.0 0.0 0.0 0.0 8.9407e-08 0.0 0.0 0.0 0.0 1.19209e-07 0.0 0.0 0.0 0.322138 0.0 0.0 0.0 0.0 1.36495e-05 5.06639e-07 0.0 0.0 0.0 0.00238782 0.0 0.0 0.0 0.0 2.98023e-08 0.0 6.25849e-07 0.0 0.0 1.78814e-07 0.0 0.00145343 0.0 1.78814e-07 0.0 0.0 0.0 0.0 0.0 6.48797e-05 0.0 0.0 0.0 0.994889 0.0
1.19209e-07 0.0 4.50015e-06 0.0 0.0 2.98023e-08 0.0 0.0 0.0 0.0 0.0 0.0 0.0 0.0 0.0 0.0 0.0 0.0 0.0 0.0 0.0 0.0 2.98023e-08 3.9041e-06 8.9407e-08 0.0 0.0 0.0 0.0 0.0 0.0 0.0 0.0 0.000456393 0.0 0.0 0.0 0.0 0.0 8.9407e-08 0.0 0.0 8.9407e-08 0.0 0.0 0.0 0.0 0.0 2.26498e-06 0.0 0.0 0.00011465 0.0 0.0102046 0.0 0.000496119 0.0 0.0 0.0 0.99816 8.9407e-08 0.111546 0.0 8.9407e-08
0.0 0.0 0.0 0.00170177 0.0 0.00103977 1.49012e-07 1.19209e-07 0.0 0.0 0.0 0.000113487 1.19209e-07 0.0 0.0 0.0 0.0 2.98023e-08 1.54972e-06 0.0 0.000110507 0.0 0.0 0.0 0.00048086 0.0 0.0 3.8743e-07 0.0299091 0.0 0.00741073 4.76837e-07 9.53674e-07 0.000660926 0.00774756 0.0 0.0 7.30157e-06 6.35982e-05 0.0 4.44055e-06 0.0 1.78814e-07 2.65241e-06 0.0 0.0 0.0 0.0 0.000237793 0.0 0.0 0.000459969 0.000194103 0.000645459 1.06394e-05 0.000346899 0.000648886 0.000122488 0.0 2.41399e-05 0.0 0.0114436 1.78814e-07 5.66244e-07
1.19209e-07 0.0 0.0 0.0 0.0 0.0 0.0 0.0 6.76513e-06 0.0 1.98483e-05 0.0 0.0 0.99354 0.0 0.0 0.0 0.0 7.45058e-07 0.0 0.0 0.0 0.0 0.0 0.0 0.0 0.0 0.0 0.0 0.0 0.0 0.0 0.0 0.0 0.0 0.0 0.0 0.0 0.0 0.0 0.0 0.0 0.0 0.0 0.0 0.0 0.0 0.0 0.0 0.0 0.0 0.0 0.0 0.0 0.0 0.0 0.0 0.0 0.0 0.0 1.66893e-06 0.0 0.0 0.0
0.0 0.0 0.0 2.68221e-06 0.0 0.0 2.08616e-07 5.96046e-08 0.0 0.0 0.0 0.00644603 0.0 0.0 0.0 0.0 0.0926117 0.0 0.0 0.0 2.98023e-06 0.0 0.0 0.0 0.0 0.999999 0.0 0.0 1.40071e-06 0.00102088 1.40667e-05 0.895872 0.0198399 0.0 0.00285086 0.0 0.00170419 0.00320581 0.128546 0.0 0.0 0.0 0.0 2.32458e-05 0.0 0.00453192 0.0 0.0 0.0 0.0 0.0 0.0 0.0285565 0.0 0.0 5.96046e-08 2.58684e-05 0.00830576 0.0 0.0 0.0 0.0 0.0 0.0
0.0 0.0 0.0 0.00090614 0.0 7.66218e-05 0.0 0.0 0.0 0.0 0.0 1.13249e-06 5.96046e-08 0.0 0.0 0.0 0.0 2.32458e-06 0.0 0.0 0.00439987 0.0 0.0 0.0 0.000121206 0.0 0.0 2.61366e-05 6.49691e-06 0.0 3.18885e-06 0.0 1.49012e-07 0.00113255 1.00136e-05 0.0 0.0 1.19209e-07 1.78814e-07 0.0 2.94149e-05 0.0 1.10865e-05 0.0 0.0 6.16908e-06 0.0 0.0 0.00257564 0.0 0.0 0.000120401 9.9808e-05 0.00193307 4.76837e-07 0.035559 0.999958 8.9407e-08 0.0 5.96046e-08 0.0 0.00407869 5.96046e-08 1.57952e-05
0.0 0.0 0.0 7.15256e-07 0.0 0.0 0.0 2.61664e-05 0.0 0.0 0.0 3.57628e-07 0.0 0.0 0.0 0.0 0.957745 0.0 0.0 0.0 0.008542 0.0 0.0 0.0 0.0 2.2918e-05 0.0 0.0 0.0620474 1.19209e-07 0.0650079 0.0716301 1.43051e-05 0.0 0.000140905 0.0 0.000823408 0.0532299 0.00227845 0.0 0.0 0.0 0.0 0.0 0.0 9.38773e-06 0.0 0.0 0.0 0.0 0.0 0.0 0.0165701 0.0 0.0 0.0 1.78814e-07 0.772335 4.17233e-07 0.0 0.0 0.0 0.0 0.0
0.0 0.0 0.0 1.57952e-06 6.25849e-07 0.0 0.0 0.980012 0.248495 1.87755e-06 0.0280815 4.76837e-07 0.867074 0.0 0.0 0.0 0.0 0.0 6.02007e-06 9.28044e-05 0.0 0.0 0.0 0.0 7.7486e-07 0.0 0.0 0.000572741 0.346423 0.0 0.0 0.0 5.96046e-08 2.08616e-07 3.54946e-05 0.0 0.0 0.0 4.11272e-06 0.0 0.000172347 0.0 8.49366e-06 0.015165 1.19209e-07 0.594135 0.0 0.0 7.53999e-06 0.748926 0.00555047 0.0 0.0029366 0.0 0.0 0.0 0.0 0.0 0.00551036 0.0 0.0 0.0 2.26498e-06 0.0
0.423211 0.0 0.0 0.0617507 7.88271e-05 2.98023e-07 0.0 1.01328e-06 1.87755e-06 0.0 5.96046e-08 1.49012e-07 0.00214726 4.17233e-07 0.0 0.0 0.0 0.0 0.990941 0.0 0.0 0.0 0.0 0.0 7.88867e-05 0.0 0.0 0.0395296 0.000521839 0.0 0.0 0.0 0.0 0.00144714 2.68221e-07 0.0 0.0 0.0 2.08616e-07 3.51369e-05 0.00546071 0.0 0.982255 4.70877e-06 0.0 0.0 0.0 0.0 0.768895 7.15256e-07 2.98023e-08 3.15905e-06 1.2815e-06 3.63588e-06 0.0 0.00127247 0.0 0.0 0.0 0.0 0.0044888 4.47035e-07 0.0 0.0
0.0 0.0 0.0 0.0 0.0 0.0 0.0 0.0 0.0 0.0 0.0 0.0 0.0 0.0 5.06639e-07 1.14143e-05 0.0 7.12276e-06 0.0 0.0 0.0 0.0 4.72963e-05 0.0 0.0 0.0 0.000497162 0.0 0.0 0.0 0.0 0.0 0.0 0.0 0.0 0.0 0.0 0.0 0.0 0.0 0.0 0.585157 0.0 0.0 0.0 0.0 5.96046e-08 0.0 0.0 0.0 0.0 0.0 0.0 0.0 0.0 0.0 0.0 0.0 0.0 0.0 0.0 0.0 0.0 0.0
0.00395846 0.0 0.0 0.000300348 2.35438e-06 0.00164995 0.0 8.9407e-08 3.57628e-07 0.0 0.0 5.60284e-06 7.7486e-07 0.0 0.0 0.0 0.0 0.0 0.0147841 0.0 0.0 0.0 0.0 0.0 0.0429309 0.0 0.0 0.000257373 0.00306427 0.0 1.96695e-06 0.0 0.0 0.219004 0.00562346 0.0 0.0 0.0 7.67112e-05 0.0 8.02875e-05 0.0 0.248362 1.28448e-05 0.0 1.66893e-06 0.0 0.0 0.897596 0.0 0.0 0.000141293 4.32134e-05 0.00563934 0.0 0.0218087 2.98023e-06 0.0 0.0 8.07643e-06 8.64267e-07 0.013364 2.68221e-07 1.49012e-07
0.0 0.0 0.0 0.107169 7.53701e-05 0.0 0.000171959 0.12719 0.0 0.0 0.0 0.204084 0.000106692 0.0 0.0 0.0 2.98023e-08 0.0 0.0 1.19209e-07 1.78814e-07 0.0 0.0 0.0 2.89083e-06 0.0 0.0 6.42836e-05 0.824594 0.0 0.0204279 5.06639e-07 0.964735 3.27826e-07 0.0615124 0.0 5.96046e-08 0.0106263 0.936477 0.0 7.77841e-05 0.0 1.19209e-07 0.329001 4.47035e-07 0.00301626 0.0 0.0 0.0 0.0 5.83231e-05 0.0 0.99998 0.0 0.0 2.98023e-08 0.0 0.0519948 0.000246942 0.0 0.0 0.0 0.0 0.0
0.0 0.0 0.0 0.948553 0.496616 0.000251114 0.0 0.981803 4.58956e-06 1.2517e-06 0.86252 0.000177503 0.148065 1.49012e-07 0.0 0.0 0.0 0.0 9.53674e-06 4.78625e-05 0.0 0.0 0.0 0.0 7.7486e-07 0.0 0.0 0.000692755 0.999995 0.0 2.7597e-05 0.0 2.08616e-07 8.90493e-05 2.45869e-05 0.0 0.0 0.0 0.364875 0.0 0.0806907 0.0 2.98023e-07 0.0776373 1.49012e-07 2.13981e-05 0.0 0.0 5.17964e-05 0.000160486 0.995795 0.0 0.00329039 0.0 0.0 1.19209e-07 0.0 0.0 0.913554 0.0 0.000350237 0.0 0.000122637 0.0
0.000365883 0.0 0.999697 0.0 0.0 0.0 0.0 0.0 0.0 0.0 0.0 0.0 0.0 0.0 0.0 0.0 0.0 2.98023e-08 8.9407e-08 0.0 0.0 0.0 0.000880122 0.0 0.0 0.0 0.0 0.0 0.0 0.0 0.0 0.0 0.0 5.96642e-05 0.0 0.00252217 0.0 0.0 0.0 0.0319558 0.0 0.0 8.9407e-08 0.0 0.0 0.0 0.0 0.0 1.49012e-07 0.0 0.0 0.000310957 0.0 0.0546968 5.96046e-08 0.000464767 0.0 0.0 0.0 0.000240624 0.0 0.000120521 0.0 1.01328e-06
4.16338e-05 0.0 0.0016349 0.0 0.0 0.0 0.0 0.0 0.0 0.0 0.0 0.0 0.0 0.0 0.0 0.0 0.0 0.0 1.23084e-05 0.0 0.0 0.0 4.79817e-06 0.0 0.0 0.0 0.0 0.0 2.98023e-08 0.0 0.0 0.0 0.0 0.0 0.0 2.12789e-05 0.0 0.0 5.66244e-07 0.934877 0.0 0.0 1.78814e-07 0.0 0.0 0.0 0.0 0.0 2.08616e-07 0.0 0.0 4.17233e-07 0.0 0.204913 0.0 2.23517e-06 0.0 0.0 0.0 0.0 0.0 4.88758e-06 0.0 8.9407e-08
0.0 0.0 0.0 0.0 0.0 0.0 0.0 0.0 0.0 0.00104001 0.0 0.0 0.0 0.0 0.0 0.0 0.0 0.0 0.0 0.00154772 0.0 1.0 0.0 0.0 0.0 0.0 0.0 0.0 0.0 0.0 0.0 0.0 0.0 0.0 0.0 0.0 0.0 0.0 0.0 0.0 0.0 0.0 0.0 0.0 7.15256e-07 0.0 0.0 0.00116727 0.0 0.0 0.0 0.0 0.0 0.0 0.0 0.0 0.0 0.0 0.0 0.0 0.0 0.0 0.0 0.0
0.0818302 0.0 0.0 0.00170264 5.36442e-07 1.91033e-05 0.0 7.30157e-06 1.96695e-06 0.0 2.08616e-07 0.0 0.000424325 2.65241e-06 0.0 0.0 0.0 0.0 0.999935 0.0 0.0 0.0 0.0 0.0 2.74181e-05 0.0 0.0 2.0802e-05 0.00962159 0.0 0.0 0.0 0.0 1.39475e-05 0.0 0.0 0.0 0.0 5.30481e-06 1.49012e-07 2.0802e-05 0.0 0.00476396 6.72936e-05 0.0 8.9407e-08 0.0 0.0 0.0403692 0.0 0.0 5.06639e-07 8.9407e-08 0.0 0.0 5.96046e-08 0.0 0.0 0.0 2.98023e-08 0.944762 1.78814e-06 1.78814e-07 0.0
0.0 0.0 0.0 0.0 0.0 0.0 0.0 0.0 0.0 0.0 0.0 0.0 0.0 0.0 0.0 0.0 7.15256e-07 0.0 0.0 0.0 0.0 0.0 0.0 0.0 0.0 1.15335e-05 0.0 0.0 0.0 0.999998 0.0 3.17097e-05 0.0 0.0 0.0 0.0 0.0 2.39611e-05 0.0 0.0 0.0 0.0 0.0 0.0 0.0 0.0 0.0 0.0 0.0 0.0 0.0 0.0 0.0 0.0 0.0 0.0 0.0 2.02656e-05 0.0 0.0 0.0 0.0 0.0 0.0
8.34465e-07 0.0 0.0 0.999643 0.760451 0.0737793 6.9201e-05 1.0 0.139407 0.0017494 0.895982 0.804906 0.99992 0.0 0.0 0.0 5.66244e-07 0.0 0.0483352 0.000694305 2.98023e-07 0.0 0.0 0.0 0.0884669 0.0 0.0 0.924666 1.0 0.0 0.614094 6.25849e-07 0.907678 0.120933 0.998203 0.0 1.02818e-05 0.0002639 0.999974 0.0 0.901072 0.0 0.047699 0.999287 0.0100778 0.622726 0.0 5.96046e-08 0.0517097 0.0995699 0.999505 8.9407e-08 0.999949 0.0 0.0 0.000190705 1.49012e-07 0.303593 0.999993 2.08616e-07 0.00108618 0.0 0.027681 0.0
0.0 0.0 1.97291e-05 0.0 0.0 0.0 0.0 0.0 0.0 0.0 0.0 0.0 0.0 0.0 0.0 0.0 0.0 0.0 0.0 0.0 0.0 0.0 0.000302702 0.0 0.0 0.0 0.0 0.0 0.0 0.0 0.0 0.0 0.0 0.0 0.0 0.995417 0.0 0.0 0.0 1.78814e-07 0.0 0.0 0.0 0.0 0.0 0.0 0.0 0.0 0.0 0.0 0.0 0.0 0.0 3.99351e-06 0.0 2.08616e-07 0.0 0.0 0.0 0.0 0.0 1.49012e-07 0.0 3.18885e-06
0.0 0.0 0.0 0.67296 0.0 0.000492543 1.49012e-06 0.0101353 0.0 0.0 2.98023e-08 0.501904 0.000891507 0.0 0.0 0.0 0.0 0.0 4.47035e-07 0.0 2.08616e-07 0.0 0.0 0.0 0.206593 1.49012e-07 0.0 2.02656e-06 0.0886857 0.0 0.0609245 0.0 0.00171179 0.0512884 0.99913 0.0 0.0 1.49012e-07 0.993701 0.0 2.23815e-05 0.0 0.00385159 0.0420344 0.0 1.78814e-07 0.0 0.0 0.00114772 0.0 2.98023e-07 5.06639e-07 0.866308 0.0 0.0 0.00364718 6.85453e-07 0.00304827 1.3113e-06 4.17233e-07 0.0 1.60933e-06 0.0 0.0
0.000145286 0.0 0.0 0.262106 3.33786e-06 0.000631422 4.76837e-07 0.00261557 0.000165075 0.0 6.16908e-06 0.00198463 0.279408 0.0 0.0 0.0 0.0 0.0 0.00236574 0.0 0.0 0.0 0.0 0.0 0.99961 0.0 0.0 0.0571435 0.141717 0.0 1.75834e-06 0.0 1.05202e-05 0.833308 0.865329 0.0 0.0 0.0 0.00649625 0.0 0.0922835 0.0 0.996668 0.206442 0.0 1.30236e-05 0.0 0.0 0.965405 3.57628e-07 0.0 1.01328e-05 0.817804 2.08616e-07 0.0 0.0506322 1.87755e-06 0.0 0.0 4.47035e-07 2.05636e-06 1.54376e-05 1.78814e-06 0.0
0.0 0.0 0.0 0.0 0.0 0.0 0.0 0.0 0.0 0.0 0.0 0.0 0.0 0.0 0.0 5.06639e-07 0.0 0.998627 0.0 0.0 1.50204e-05 0.0 0.0 0.0 0.0 0.0 0.000666142 0.0 0.0 0.0 0.0 0.0 0.0 0.0 0.0 0.0 0.0 0.0 0.0 0.0 0.0 1.01328e-06 0.0 0.0 0.0 0.0 0.0 0.0 5.96046e-08 0.0 0.0 0.000463158 0.0 0.000397325 0.0607282 1.01328e-06 9.03308e-05 0.0 0.0 0.0 0.0 1.4931e-05 0.0 0.0154059
0.0 0.0 0.0 0.801692 0.000647604 0.000716716 4.76837e-07 0.999955 1.19209e-07 0.000130594 1.39475e-05 0.017361 0.722799 0.0 0.0 0.0 0.0 0.0 8.82149e-06 3.49879e-05 0.0 0.0 0.0 0.0 8.30293e-05 0.0 0.0 0.000863463 0.975634 0.0 0.000148594 0.0 0.0638955 4.40478e-05 0.182891 0.0 8.64267e-07 0.0 0.983376 0.0 0.000181675 0.0 9.10759e-05 0.854448 0.00606984 0.0383385 0.0 0.0 0.000103086 0.000548691 0.00980595 0.0 0.985864 0.0 0.0 0.0 0.0 7.89464e-05 0.527596 0.0 0.0 0.0 1.19209e-07 0.0
0.0 0.0 0.0 0.0 0.0 0.0 0.0 0.0 0.0 0.0 0.0 0.0 0.0 0.0 1.49012e-07 1.01328e-05 0.0 0.00668177 0.0 0.0 5.66244e-07 0.0 7.60853e-05 0.0 0.0 0.0 0.998432 0.0 0.0 0.0 0.0 0.0 0.0 0.0 0.0 0.0 0.0 0.0 0.0 0.0 0.0 0.000750899 0.0 0.0 0.0 0.0 2.38419e-07 0.0 0.0 0.0 0.0 5.06639e-07 0.0 3.31104e-05 0.0170725 0.0 0.0 0.0 0.0 0.0 0.0 6.85453e-07 0.0 3.8743e-07
0.0 0.0 0.0 0.0283816 0.0386228 0.00110075 0.000814825 0.923581 0.0 8.9407e-08 9.20892e-06 0.999829 0.753281 0.0 0.0 0.0 4.05312e-06 0.0 2.38419e-07 5.66244e-07 0.0 0.0 0.0 0.0 0.000339568 3.27826e-07 0.0 0.00516364 0.923219 0.0 1.64509e-05 0.00114289 0.0419219 0.00282925 0.782818 0.0 6.22869e-06 0.000689238 0.657516 0.0 0.0182297 0.0 0.000176638 0.994814 3.84152e-05 0.877022 0.0 0.0 0.00165612 0.000239789 0.000149071 0.0 0.994332 0.0 0.0 2.34842e-05 2.08616e-07 0.000209719 0.000358969 0.0 0.0 0.0 0.0 0.0
0.0 0.0 0.0 0.0 0.0 0.0 0.0 3.95179e-05 0.0 0.996676 5.66244e-07 0.0 2.92063e-06 0.0 0.0 0.0 0.0 0.0 0.0 0.999956 0.0 3.12924e-06 0.0 0.0 0.0 0.0 0.0 0.0 4.11272e-06 0.0 0.0 0.0 0.0 0.0 0.0 0.0 3.57628e-07 0.0 8.34465e-07 0.0 0.0 0.0 0.0 0.0 0.124215 2.68221e-07 0.0 0.0 0.0 0.000126272 0.00185612 0.0 3.48687e-06 0.0 0.0 0.0 0.0 0.0 0.174816 0.0 0.0 0.0 0.0 0.0
0.0 0.0 0.000290543 0.0 0.0 0.0 0.0 0.0 0.0 0.0 0.0 0.0 0.0 0.0 0.0 0.0 0.0 3.51667e-06 0.0 0.0 0.0 0.0 1.37985e-05 1.90735e-05 0.0 0.0 0.0 0.0 0.0 0.0 0.0 0.0 0.0 2.98023e-08 0.0 0.09275 0.0 0.0 0.0 6.88434e-06 0.0 0.0 0.0 0.0 0.0 0.0 0.0 0.0 0.0 0.0 0.0 8.9407e-08 0.0 0.0612596 3.93391e-06 0.000187784 2.98023e-07 0.0 0.0 0.0 0.0 0.00037092 0.0 0.296083
0.0 5.96046e-08 0.0 0.00294575 1.82688e-05 0.0 0.0 0.349756 0.00626805 8.64267e-07 0.999997 5.45382e-06 0.999975 0.00438407 0.0 0.0 0.0 0.0 0.00206137 2.27988e-05 0.0 0.0 0.0 0.0 5.20051e-05 0.0 0.0 0.000192493 0.871129 0.0 0.0 0.0 0.0 5.60284e-06 0.000568062 0.0 0.0 0.0 2.5034e-06 0.0 0.481227 0.0 9.82881e-05 0.000591725 2.08616e-07 0.000554979 0.0 0.0 0.000151515 0.038121 0.808474 0.0 7.03335e-06 0.0 0.0 0.0 0.0 0.0 0.98435 0.0 0.00604883 0.0 2.5034e-06 0.0
0.000221938 0.0 3.3468e-05 0.0 0.0 8.9407e-08 0.0 0.0 0.0 0.0 0.0 0.0 0.0 0.0 0.0 0.0 0.0 6.25849e-07 1.40071e-06 0.0 0.0 0.0 0.000119239 5.96046e-08 0.0 0.0 0.0 0.0 0.0 0.0 0.0 0.0 0.0 3.8743e-07 0.0 4.76837e-07 0.0 0.0 0.0 6.55651e-07 0.0 0.0 1.19209e-07 0.0 0.0 0.0 0.0 0.0 2.44379e-06 0.0 0.0 9.30429e-05 0.0 0.999978 1.75834e-05 0.000205189 1.96099e-05 0.0 0.0 2.75075e-05 0.0 0.794923 0.0 8.67248e-06
0.0 0.0 0.0 0.0 0.0 0.0 0.000105977 0.0 0.0 0.0 0.0 0.0 0.0 0.0 0.0 0.0 0.0439806 0.0 0.0 0.0 8.34465e-07 0.0 0.0 0.0 0.0 0.0 0.0 0.0 5.96046e-08 0.0 1.14739e-05 0.000107408 5.96046e-08 0.0 0.0 0.0 5.96046e-08 0.99998 0.0 0.0 0.0 0.0 0.0 0.0 1.01328e-06 0.0 0.0 0.0 0.0 0.0 0.0 0.0 5.14984e-05 0.0 0.0 0.0 0.0 0.0187885 0.0 0.0 0.0 0.0 0.0 0.0
0.00213492 0.0 5.96046e-08 0.883578 0.00524962 1.20401e-05 0.0 2.80142e-06 0.0 0.0 0.0 1.17421e-05 8.9705e-05 0.0 0.0 0.0 0.0 0.0 0.311674 0.0 0.0 0.0 0.0 0.0 0.000147849 0.0 0.0 0.78125 0.501701 0.0 8.9407e-06 0.0 0.0 0.00260347 8.64267e-07 0.0 0.0 0.0 0.000301987 0.00011012 0.102567 0.0 0.807479 0.000820279 0.0 2.98023e-08 0.0 0.0 0.995214 2.98023e-08 0.0 2.66433e-05 1.02222e-05 2.98023e-06 0.0 1.8239e-05 9.77516e-06 0.0 0.0 5.96046e-08 2.7746e-05 4.17233e-07 0.0 0.0
2.23517e-06 5.96046e-08 0.0 0.0 0.0 0.0 0.0 0.0 0.0 1.69873e-06 0.0 0.0 0.0 0.0 0.00138518 0.0 6.10948e-06 0.0 0.0260816 5.96046e-08 0.0 0.0 0.0 1.60933e-06 3.15905e-06 0.517272 0.0 0.0 5.96046e-08 0.0 0.0 0.0 0.0 2.92063e-06 0.000426143 0.0 2.98023e-08 0.0 0.0 0.0 0.0 0.0 2.08616e-07 3.8445e-06 0.0 0.0 0.00134951 8.9407e-08 0.0 0.0 0.0 0.537828 8.9407e-08 0.032438 0.0 0.0 0.0 1.72853e-06 0.0 5.96046e-08 0.0 6.22869e-06 0.0 0.999725
0.551996 5.94258e-05 4.47035e-07 0.0100422 7.41482e-05 0.99843 5.87106e-06 2.98023e-08 0.0 0.000133216 3.8743e-07 0.0048719 0.00638896 0.0 5.96046e-08 0.0 0.000582695 0.0 0.000462592 6.15418e-05 0.0 0.0 0.0 0.0139365 4.53591e-05 0.0 0.0 0.0597174 0.0 0.0 0.0 0.0 1.92821e-05 4.97699e-06 6.79493e-06 0.0 0.0 2.98023e-08 3.016e-05 0.000691265 0.0 0.0 5.21541e-06 7.6741e-05 0.0 0.0 0.00346935 0.000217527 0.00510728 0.0 0.0 9.53674e-07 0.2013 0.0 0.0 2.98023e-08 0.0 0.00401133 0.00165531 0.0 1.78814e-07 0.0 0.0 2.98023e-08
9.35793e-06 2.98023e-07 0.0 0.0 2.38419e-07 0.0 5.96046e-08 0.0 0.0 8.64267e-07 0.0 0.0 0.0 0.0 0.999996 0.0 0.0 0.0 4.76837e-07 3.99351e-06 0.0 0.0 0.0 1.19209e-07 2.98023e-08 0.000114083 0.0 1.00136e-05 0.0 0.0 0.0 0.0 0.0 8.9407e-08 1.80006e-05 0.0 0.0 0.0 1.10269e-06 0.0 0.0 0.0 2.47657e-05 8.9407e-08 0.0 0.0 0.000108004 1.19209e-07 5.03659e-06 0.0 0.0 2.05636e-06 6.88434e-06 1.10269e-06 0.0 0.0 0.0 2.71797e-05 0.0 0.0 0.0 0.0 0.0 0.00151527
7.7486e-07 3.99351e-05 0.0 0.0 0.0 0.0 0.0 0.0 0.0 0.0127345 0.0 0.0 1.19209e-07 0.0 0.0 0.0 0.0 0.0 0.0 0.0 0.0 6.09159e-05 0.0 0.434084 0.222971 0.0 0.0 0.0 8.61287e-06 0.0 3.13222e-05 0.0 0.0 0.229752 0.181042 0.0 0.0 0.000478387 2.98023e-08 0.0 0.0 0.0 0.000772417 0.997842 0.0 0.0 0.0 0.000469476 0.0 0.0 0.0 4.38094e-05 0.0 8.85129e-06 0.0 0.0 0.0 0.00013262 0.0190662 0.000787258 0.0 2.65539e-05 1.78814e-07 0.0
3.20971e-05 5.96046e-08 2.98023e-08 0.000100046 0.000181347 2.68221e-07 9.87351e-05 1.7643e-05 0.0 0.0 0.0 0.00130093 0.0 0.0 0.000141919 0.0 0.0 0.0 3.48687e-06 0.999983 0.0 0.0 0.0 0.0 0.0 0.0 0.0 0.00396791 0.0 0.0 0.0 0.0 0.0 0.0 0.0 4.17233e-07 0.0 0.0 2.68221e-06 7.15256e-07 0.0 0.0 0.0 0.0 0.000707507 0.0 1.85072e-05 0.0 0.000639141 0.0 0.00214988 0.0 0.000345051 0.0 0.0 3.72529e-06 0.0 3.57628e-07 0.0 0.0 0.0555136 0.0 0.0 0.0
1.33216e-05 0.00105548 3.63588e-06 2.5034e-06 0.000666678 0.000448436 0.998397 1.3113e-05 0.0 0.0 0.0118931 1.52588e-05 0.0 0.0 0.0 0.0 4.70877e-06 0.0 2.68221e-07 0.000807881 0.0 0.0 0.0 2.98023e-08 0.0 0.0 0.0 0.0100276 0.0 0.0 0.0 0.0 0.0 0.0 0.0 1.78814e-07 0.0 0.0 0.0 2.38419e-07 0.0 0.0 0.0 0.0 1.37091e-06 0.0 0.147047 0.0 1.26958e-05 0.0 1.88649e-05 0.0 0.0337881 0.0 0.0 0.0 0.0 1.5825e-05 0.0 0.0 2.76864e-05 0.0 0.0 0.0
2.48551e-05 0.0188264 0.0 0.0 0.0 1.09971e-05 2.98023e-08 0.0 0.0 0.999985 0.0 0.0 0.000189275 0.0 1.78814e-07 0.0 2.98023e-08 0.0 1.10269e-06 0.0 0.0 0.00282124 0.0 0.30739 0.000730276 0.0 0.0 4.73559e-05 5.66244e-07 0.0 1.3411e-06 0.0 0.0 0.00414523 0.00216278 0.0 0.0 3.60608e-06 1.51992e-06 0.0 0.0 0.0 0.221755 0.124484 0.0 0.0 0.000974864 0.171816 0.0 0.0 0.0 0.000116497 0.000103116 1.78814e-07 0.0 0.0 0.0 0.000653952 0.000510722 1.58846e-05 0.0 2.98023e-07 0.0 2.68221e-07
0.00155526 0.0010058 0.0 8.49366e-06 3.63588e-06 0.000276089 2.71797e-05 0.0 0.0 3.8743e-07 0.000166982 4.23491e-05 5.96046e-08 0.0 0.00085479 0.0 0.390745 0.0 0.999431 0.00291443 0.0 0.0 0.0 5.96046e-07 2.86102e-06 0.00272146 0.0 1.06096e-05 0.0 0.0 0.0 0.0 0.0 3.27826e-07 0.000101626 0.0 0.0 0.0 0.0 0.0 0.0 0.0 1.81794e-06 1.0848e-05 0.0 0.0 0.988354 0.0 4.6432e-05 0.0 0.0 0.0459311 0.023296 2.68221e-07 0.0 0.0 0.0 9.93907e-05 5.96046e-08 0.0 0.0 2.98023e-08 0.0 0.616587
0.0 0.0 0.0 0.0 0.0 0.0 0.0 0.0 0.0 0.0 0.0 0.0 0.0 0.0 0.0 0.0 0.0 0.0 0.0 0.0 0.0 0.0 0.0 0.0 0.0 0.0 6.22869e-05 0.0 3.3468e-05 0.0 0.0 0.0 0.0 0.0 0.0 0.0 0.999707 0.0 0.0 0.0 0.0 0.0 0.0 0.0 0.0 0.0 0.0 0.0 0.0 0.0 0.0 0.0 0.0 2.98023e-08 0.0 0.0 1.87755e-06 0.0 0.0 0.0 0.0 0.0 5.83231e-05 0.0
0.0 0.0 8.40425e-06 2.20537e-06 0.000839353 0.0 7.18236e-05 0.294445 0.0 0.0 0.0 2.5332e-06 0.0 0.0 0.0 0.0 0.0 0.0 0.0 0.000606865 0.0 0.0 0.0 0.0 0.0 0.0 0.0 0.879093 0.0 0.0 0.0 0.0 0.0 0.0 0.0 0.0 0.0 0.0 0.0 0.00317448 0.0 0.0 0.0 0.0 0.999997 0.0 1.19209e-07 0.0 0.000229478 0.0 0.983417 0.0 0.0 0.0 0.0 0.776468 0.0 0.0 0.0 0.0 0.0254882 0.0 0.0 0.0
0.374691 5.66244e-07 0.0 0.0561256 4.78327e-05 0.393128 5.96046e-08 1.07288e-06 0.0 3.27826e-07 0.0 0.98844 0.0348424 0.0 0.0 0.0 0.0 0.0 6.70254e-05 7.28965e-05 0.0 0.0 0.0 0.00324476 2.98023e-07 0.0 0.0 0.0677389 0.0 0.0 0.0 0.0 2.08616e-07 0.0 5.96046e-08 0.0 0.0 0.0 0.00298485 0.000362068 0.0 0.0 1.19209e-07 1.49012e-07 0.0 0.0 2.31266e-05 1.18315e-05 0.00111753 0.0 4.47035e-07 0.0 6.34193e-05 0.0 0.0 3.40343e-05 0.0 3.09944e-06 3.16501e-05 0.0 8.19266e-05 0.0 0.0 2.98023e-08
2.65837e-05 0.0 0.0 0.0792628 0.999991 0.00413206 5.39422e-06 0.0272433 0.0 0.0 0.0 0.00436735 0.0 0.0 0.0 0.0 1.51992e-06 0.0 5.96046e-08 7.30157e-06 0.0 0.0 0.0 0.0 0.0 0.0 0.0 0.913999 0.0 0.0 0.0 0.0 0.0 0.0 0.0 0.0 0.0 0.0 1.19209e-07 0.000266224 0.0 0.0 0.0 0.0 1.78814e-06 0.0 0.000982642 0.0 0.540346 0.0 0.000476211 0.0 1.57058e-05 0.0 0.0 3.32296e-05 0.0 1.78814e-07 0.0 0.0 0.0429918 0.0 0.0 0.0
0.0 0.0 0.0 0.0 0.0 0.0 0.0 0.0 2.93851e-05 0.0 0.0 0.0 0.0 0.0 0.0 0.0 0.0 0.0 0.0 0.0 0.0 3.8743e-07 1.01328e-06 2.98023e-08 0.0 0.0 0.0 0.0 0.0 0.0 0.000444919 0.0 0.0 0.0 0.0 0.0 0.0 0.0 0.0 0.0 0.0 0.0 0.0 0.0 0.0 0.99926 0.0 0.0 0.0 8.9407e-08 0.0 0.0 0.0 0.0 0.0 0.0 0.0 0.0 0.0 0.0 0.0 0.0 0.0 0.0
0.0 0.0 0.0 0.0 0.0 0.0 0.0 0.0 2.3365e-05 0.0 0.0 0.0 0.0 0.0 0.0 0.0 0.0 0.0 0.0 0.0 0.0 0.00111634 2.08616e-06 2.23517e-06 0.0 0.0 0.0 0.0 9.98378e-05 0.0 2.92063e-06 1.96993e-05 0.0 5.96046e-08 3.49581e-05 0.0 0.0 0.0 0.0 0.0 0.0 2.68221e-06 0.0 2.98023e-08 0.0 2.98023e-08 0.0 0.0 0.0 5.0962e-06 0.0 0.0 0.0 2.08616e-07 0.989763 0.0 0.000136375 0.0 0.0 0.000164241 0.0 5.96046e-08 0.0 0.0
2.08616e-07 0.0 0.0 0.0 0.0 0.0 0.0 0.0 0.0 2.6226e-06 0.0 0.0 8.9407e-08 0.0 0.00079608 1.19209e-07 8.40425e-06 0.0 0.000176042 0.0 0.0 0.0 0.0 2.08616e-06 8.91089e-06 0.939128 0.0 0.0 2.29478e-06 0.0 0.0 0.0 0.0 1.09971e-05 0.000619918 0.0 5.96046e-08 0.0 0.0 0.0 0.0 0.0 0.0 3.8445e-06 0.0 0.0 0.00114909 5.96046e-08 0.0 0.0 0.0 0.00503176 0.0 0.0799619 0.0 0.0 0.0 0.0 0.0 1.49012e-07 0.0 1.19507e-05 0.0 0.714391
0.253341 1.17719e-05 2.68221e-07 6.3777e-06 0.0 0.00114295 8.9407e-08 0.0 0.0 0.00565332 0.0 1.00434e-05 0.0475138 0.0 0.0 0.0 0.0 0.0 0.0 0.0 0.0 0.0 0.0 0.0891793 0.00469297 0.0 0.0 0.0240346 0.0 0.0 2.68221e-06 0.0 4.36306e-05 0.0338607 1.51694e-05 0.0 0.0 0.000115007 0.0856148 0.000235528 0.0 0.0 8.55327e-06 0.00100657 0.0 0.0 3.57628e-07 0.0426383 1.57952e-06 0.0 0.0 8.04663e-07 0.000163168 0.0 0.0 1.19209e-07 0.0 0.0152134 0.928227 0.0 0.0 5.96046e-07 0.0 0.0
0.000622749 2.31862e-05 1.49012e-07 2.28882e-05 0.0 1.29342e-05 0.0 0.0 0.0 0.771671 0.0 3.36766e-05 0.000853926 0.0 0.0 0.0 0.0 0.0 0.0 8.9407e-08 0.0 0.000144899 0.0 0.340606 0.00157955 0.0 0.0 0.00702935 8.9407e-08 0.0 0.00276715 0.0 1.19209e-06 0.0155552 0.000117838 0.0 0.0 8.82149e-06 0.000416726 1.19209e-06 0.0 0.0 3.83258e-05 0.00525689 0.0 0.0 3.45707e-06 0.000833541 0.0 0.0 2.98023e-08 0.0 3.87728e-05 0.0 0.0 3.24845e-06 0.0 0.00273442 0.999989 1.19209e-06 0.0 8.9407e-08 0.0 0.0
0.0 0.0 0.0 0.0 0.0 0.0 0.0 0.0 5.48363e-06 0.0 0.0 0.0 0.0 0.0 0.0 0.0 0.0 0.000303686 0.0 0.0 0.0 0.0 2.08616e-07 0.0 0.0 0.0 1.01328e-06 0.0 3.57628e-07 8.64267e-07 0.0 0.97677 0.0 0.0 0.0 0.0 0.0 0.0 0.0 0.0 0.0 0.00557578 0.0 0.0 0.0 0.0 0.0 0.0 0.0 2.98023e-08 0.0 0.0 0.0 0.0 2.68221e-07 0.0 7.87973e-05 0.0 0.0 0.0 0.0 0.0 1.19209e-07 0.0
0.0 0.0 0.0 0.0 0.0 0.0 0.0 0.0 0.0 0.000193 0.0 0.0 0.0 0.0 0.0 5.78165e-06 0.0 0.0 0.0 0.0 0.0 7.40588e-05 6.55651e-07 0.000649393 1.11461e-05 3.27826e-07 2.08616e-07 0.0 0.00339535 0.0 6.78003e-05 0.0 0.0 0.000776798 0.000982225 0.0 0.0 5.96046e-07 0.0 0.0 0.0 0.0 0.0 6.77407e-05 0.0 0.0 0.0 0.0 0.0 0.0 0.0 1.19209e-07 0.0 0.00405768 0.00187841 0.0 3.27826e-07 0.0 2.68221e-07 0.0136274 0.0 0.000191301 8.9407e-08 1.16825e-05
0.0 0.0 5.36442e-07 3.96669e-05 0.768606 5.96046e-08 4.59552e-05 0.999413 0.0 0.0 0.0 4.88758e-06 0.0 0.0 0.0 0.0 0.0 0.0 0.0 7.16448e-05 0.0 0.0 0.0 0.0 0.0 0.0 0.0 0.561703 0.0 0.0 0.0 0.0 0.0 0.0 0.0 8.49366e-06 0.0 0.0 0.0 3.57628e-07 1.78814e-07 0.0 0.0 0.0 0.0569385 0.0 0.0 0.0 0.000712991 0.0 0.01213 0.0 0.0 0.0 0.0 1.90735e-06 0.0 0.0 0.0 0.0 0.0134293 0.0 0.0 0.0
0.00127125 0.0 5.96046e-08 0.814587 0.0705838 0.000767022 3.72529e-06 0.00462216 0.0 0.0 0.0 0.0200733 8.9407e-08 0.0 0.0 0.0 0.0 0.0 0.0 0.000410467 0.0 0.0 0.0 0.0 0.0 0.0 0.0 0.983932 0.0 0.0 0.0 0.0 3.42727e-06 0.0 0.0 0.0 0.0 0.0 0.0677025 0.758261 0.0 0.0 0.0 0.0 0.000626981 0.0 4.14252e-06 0.0 0.952671 0.0 0.0069674 0.0 1.90735e-06 0.0 0.0 0.555674 0.0 4.32134e-06 3.57628e-07 0.0 0.19656 0.0 0.0 0.0
0.0 0.0 0.0 0.0 0.0 0.0 0.0 0.0 0.0 0.0 0.0 0.0 0.0 0.0 0.0 0.0 0.0 0.0 0.0 0.0 0.0 0.0 0.0 0.0 0.0 0.0 0.0 0.0 0.0 0.0 0.0 0.0 0.0 0.0 0.0 0.0 0.0 0.0 0.0 0.0 0.999995 0.0 0.0 0.0 0.0 0.0 0.0 0.0 0.0 0.0 0.0 0.0 0.0 0.0 0.0 0.0 0.0 0.0 0.0 0.0 0.0 0.0 0.0 0.0
0.0 0.0 0.0 0.0 0.0 0.0 0.0 0.0 1.01328e-06 2.68221e-07 0.0 0.0 0.0 0.0 0.0 0.0 0.0 0.0 0.0 0.0 0.0 0.015506 0.0 0.00156605 0.0 0.0 0.0 0.0 5.96046e-08 0.0 0.999932 0.0 0.0 0.000151217 0.0 0.0 0.0 8.9407e-08 0.0 0.0 0.0 0.0 0.0 2.98023e-08 0.0 1.63913e-05 0.0 0.0 0.0 0.0 0.0 0.0 0.0 0.0 1.84774e-06 0.0 0.0 0.0 0.000384539 5.96046e-08 0.0 0.0 0.0 0.0
0.0 0.0 0.0 0.0 0.0 0.0 0.0 0.0 0.0 0.0 0.0 0.0 0.0 0.0 0.0 0.0 0.0 1.01626e-05 0.0 0.0 2.47359e-06 0.0 1.2517e-06 0.0 0.0 0.0 4.17233e-07 0.0 0.0 0.997844 0.0 1.00434e-05 0.0 0.0 0.0 0.0 0.0 0.0 0.0 0.0 0.0 4.94719e-06 0.0 0.0 0.0 1.49012e-07 0.0 0.0 0.0 0.0 0.0 0.0 0.0 0.0 0.0 0.0 2.98023e-08 0.0 0.0 0.0 0.0 0.0 0.0 0.0
4.76837e-07 8.9407e-08 0.0 0.0 0.0 0.0 0.0 0.0 0.0 0.00251451 0.0 0.0 2.38419e-07 0.0 0.0 0.0 0.0 0.0 0.0 0.0 0.0 2.86102e-05 0.0 0.0116948 1.60933e-06 0.0 0.0 0.0 5.60284e-06 0.0 5.99027e-05 0.0 1.19209e-07 0.787712 0.0609335 0.0 0.0 0.997941 1.19209e-07 0.0 0.0 0.0 1.28746e-05 0.00123435 0.0 0.0 0.0 8.07643e-06 0.0 0.0 0.0 1.5676e-05 0.0 7.70688e-05 0.0 0.0 0.0 0.000192583 0.00737002 0.0100558 0.0 0.218373 2.98023e-08 0.0
0.000627846 0.000740677 0.0 1.49012e-07 0.0 0.000310481 0.0 0.0 8.9407e-07 0.517707 0.0 1.69575e-05 0.694351 0.0 2.68221e-07 0.0 0.0 0.0 6.25849e-07 2.98023e-08 0.0 0.392915 0.0 1.0 0.180025 0.0 0.0 0.00260702 4.76837e-06 0.0 0.769448 0.0 0.00154826 0.873637 0.143696 0.0 0.0 0.0643995 0.00152606 0.000169039 0.0 0.0 0.00210887 0.102075 0.0 8.9407e-08 2.68221e-07 0.0168971 4.17233e-07 0.0 0.0 8.10623e-06 0.000825733 2.74181e-06 1.32918e-05 0.0 0.0 0.018455 0.823229 0.00422108 0.0 0.0249308 0.0 8.9407e-08
0.00310126 0.0177374 0.0 5.96046e-08 0.0 0.000326902 0.0 0.0 0.0 0.639671 0.0 2.98023e-08 0.152491 0.0 8.64267e-07 0.0 0.0 0.0 5.36442e-07 0.0 0.0 2.68221e-07 0.0 0.900312 0.0337701 0.0 0.0 8.87811e-05 0.0 0.0 0.0 0.0 0.0 0.00043112 0.046298 0.0 0.0 5.6684e-05 0.000426561 3.57628e-07 0.0 0.0 0.0305166 0.341651 0.0 0.0 2.14875e-05 0.998368 0.0 0.0 0.0 0.000802428 0.000104934 8.9407e-08 0.0 0.0 0.0 0.00135967 0.00406662 1.72853e-06 0.0 5.54323e-06 0.0 2.08616e-07
5.96046e-08 0.0799182 0.0 0.0 0.0 1.19209e-07 6.34491e-05 0.0 0.0 2.65241e-06 2.32458e-06 0.0 0.0 0.0 2.08616e-07 0.0 8.9407e-07 0.0 5.03659e-06 1.42455e-05 0.0 0.0 0.0 2.08616e-07 0.0 0.0 0.0 2.08616e-07 0.0 0.0 0.0 0.0 0.0 3.12924e-06 1.78814e-07 0.0 0.0 4.47035e-07 0.0 0.0 0.0 0.0 0.0 1.19209e-07 0.0 0.0 1.45733e-05 0.0 0.0 0.0 0.0 8.07643e-06 0.00320622 1.78814e-07 0.0 0.0 0.0 0.00284868 3.30806e-06 0.0 0.0 8.91089e-06 0.0 2.68221e-07
0.0 0.0 0.0 0.0 0.0 0.0 0.0 0.0 0.000233859 0.0 0.0 0.0 0.0 0.0 0.0 0.0 0.0 6.3777e-05 0.0 0.0 0.0 1.15037e-05 0.063411 0.0 0.0 0.0 5.06639e-07 0.0 1.4931e-05 3.75509e-06 1.49012e-07 0.00319499 0.0 0.0 1.35601e-05 0.0 6.81579e-05 0.0 0.0 0.0 0.0 0.102324 0.0 0.0 0.0 1.35899e-05 0.0 0.0 0.0 0.99994 0.0 0.0 0.0 0.0 0.000718415 0.0 0.0338999 0.0 0.0 1.19209e-07 0.0 0.0 0.00120324 0.0
2.95043e-06 3.67761e-05 1.78814e-07 0.0 0.0 1.49012e-06 0.0 0.0 0.0 1.18911e-05 0.0 1.19805e-05 0.000798762 0.0 0.0 0.0 0.0 0.0 0.0 6.25849e-07 0.0 0.0 0.0 0.019658 3.74317e-05 0.0 0.0 1.02818e-05 0.0 0.0 0.0 0.0 1.62125e-05 0.000132054 0.0 0.0 0.0 8.9407e-08 1.66893e-06 2.38419e-06 0.0 0.0 0.0 5.00679e-06 2.68221e-07 0.0 2.98023e-08 5.06639e-06 0.0 0.0 0.0 0.0 3.09944e-06 0.0 0.0 4.47035e-07 0.0 7.89762e-06 0.0303161 0.0 0.0 0.0 0.0 0.0
0.218208 0.0 2.98023e-07 0.99987 0.00590366 0.0605295 1.78814e-07 1.10865e-05 0.0 0.0 8.9407e-08 0.0746753 1.19805e-05 0.0 0.0 0.0 2.04146e-05 0.0 3.50773e-05 0.00109327 0.0 0.0 0.0 4.47035e-07 0.0 0.0 0.0 0.850919 0.0 0.0 0.0 0.0 0.000132352 0.0 2.98023e-08 5.96046e-08 0.0 0.0 0.000404984 0.0553194 0.0 0.0 0.0 0.0 2.43187e-05 0.0 6.77407e-05 1.19209e-07 0.027016 0.0 0.00141263 2.98023e-08 0.000267357 0.0 0.0 0.0926924 0.0 5.93066e-05 6.13332e-05 0.0 3.20673e-05 0.0 0.0 0.0
0.00116536 3.52859e-05 0.0 0.0 0.0 8.9407e-08 0.0 0.0 0.0 0.382821 0.0 0.0 1.3113e-06 0.0 1.10269e-06 0.0 0.0 0.0 4.76837e-07 0.0 0.0 2.38419e-07 0.0 0.0559851 0.000321776 0.0 0.0 1.01328e-06 2.98023e-08 0.0 0.0 0.0 0.0 0.000490695 0.688558 0.0 0.0 4.97997e-05 9.57549e-05 0.0 0.0 0.0 0.999504 0.324475 0.0 0.0 1.78814e-07 0.00600645 0.0 0.0 0.0 0.001872 3.5435e-05 2.08616e-07 0.0 0.0 0.0 0.000811249 0.000193477 0.000241518 0.0 1.66893e-06 0.0 2.68221e-07
1.2815e-06 0.0 2.98023e-07 0.0451957 0.308003 5.97239e-05 1.19209e-06 0.565167 0.0 0.0 0.0 0.151122 0.0 0.0 0.0 0.0 0.0 0.0 0.0 0.0186612 0.0 0.0 0.0 0.0 0.0 0.0 0.0 0.987029 0.0 0.0 0.0 0.0 0.0 0.0 0.0 0.0 0.0 0.0 5.72205e-06 0.00814924 0.0 0.0 0.0 0.0 0.22561 0.0 7.4923e-05 0.0 0.0900769 0.0 0.921724 0.0 1.72853e-06 0.0 0.0 0.572984 0.0 0.0 0.0 0.0 0.993415 0.0 0.0 0.0
0.231559 0.00251845 1.49012e-07 1.5378e-05 1.29044e-05 0.00780708 0.00183988 0.0 0.0 0.00223562 2.98023e-08 2.22027e-05 4.80115e-05 0.0 0.000206977 0.0 1.06394e-05 0.0 4.70281e-05 2.73287e-05 0.0 0.0 0.0 0.00413692 0.0181319 0.0 0.0 0.0603339 0.0 0.0 2.89083e-06 0.0 2.98023e-07 0.0104 2.33054e-05 0.0 0.0 0.000272095 0.000839651 8.31485e-06 0.0 0.0 0.000314355 0.00254217 0.0 0.0 0.00613162 0.000488579 0.00857091 0.0 0.0 0.00017041 0.964022 1.78814e-07 0.0 0.0 0.0 0.99992 0.938288 1.49012e-07 1.19209e-07 7.00355e-06 0.0 1.07288e-06
0.326251 1.10269e-06 0.000676572 0.538913 0.0562374 0.632624 0.00575972 0.0555657 0.0 7.89762e-06 5.96046e-08 0.653996 0.00514767 0.0 1.19209e-07 0.0 7.15256e-07 0.0 1.49012e-07 0.0424011 0.0 0.0 0.0 0.000120848 0.0 0.0 0.0 0.999994 0.0 0.0 0.0 0.0 0.000906974 2.98023e-08 2.98023e-08 0.0 0.0 0.0 0.258386 0.999988 0.0 0.0 1.78814e-07 0.0 0.938433 0.0 0.0620419 2.47359e-06 0.936927 0.0 0.9568 2.98023e-08 0.0470706 0.0 0.0 0.962388 0.0 0.00126263 0.000100106 0.0 0.219226 0.0 0.0 0.0
0.0 0.0 0.0 0.0 0.0 0.0 0.0 0.0 0.0 0.0 0.0 0.0 0.0 0.0 0.0 8.04663e-07 0.0 0.0 0.0 0.0 0.0 0.0 1.19209e-06 0.0 0.0 0.0 0.954716 0.0 3.04282e-05 0.0 0.0 2.38419e-07 0.0 0.0 0.0 0.0 5.96046e-08 0.0 0.0 0.0 0.0 0.0 0.0 0.0 0.0 0.0 0.0 0.0 0.0 0.0 0.0 0.0 0.0 0.0 0.0 0.0 3.65973e-05 0.0 0.0 0.0 0.0 0.0 1.33514e-05 0.0
0.0 0.0 0.0 0.0 0.0 0.0 0.0 0.0 0.0 1.49012e-07 0.0 0.0 0.0 0.0 0.0 1.19209e-07 0.0 0.0 0.0 0.0 0.0 2.5928e-06 0.0 2.68221e-07 0.0 0.0 2.70605e-05 0.0 0.999991 0.0 5.96046e-08 1.64211e-05 0.0 1.04308e-06 2.09808e-05 0.0 2.98023e-07 2.08616e-07 0.0 0.0 0.0 0.0 0.0 8.64267e-07 0.0 0.0 0.0 0.0 0.0 0.0 0.0 0.0 0.0 5.06639e-07 3.41237e-05 0.0 1.04308e-06 0.0 2.98023e-08 0.000208288 0.0 5.96046e-08 2.05636e-06 0.0
5.96046e-08 0.999847 0.0 0.0 0.0 5.66244e-07 7.33137e-06 0.0 0.0 6.60419e-05 1.49012e-07 0.0 2.38419e-07 0.0 0.0 0.0 3.24845e-06 0.0 7.15256e-07 0.0 0.0 0.0 0.0 0.000577807 1.59144e-05 0.0 0.0 2.98023e-07 0.0 0.0 0.0 0.0 0.0 8.9407e-08 4.61638e-05 0.0 0.0 0.0 0.0 0.0 0.0 0.0 1.99676e-06 0.00399753 0.0 0.0 3.32594e-05 4.97699e-06 0.0 0.0 0.0 1.78814e-07 5.91576e-05 0.0 0.0 0.0 0.0 3.93391e-06 6.25849e-07 0.0 0.0 0.0 0.0 0.0
0.0 0.0 3.60608e-06 7.41184e-05 0.000882894 1.2517e-06 1.54972e-06 0.64965 0.0 0.0 0.0 2.42591e-05 0.0 0.0 0.0 0.0 0.0 0.0 0.0 3.33786e-06 0.0 0.0 0.0 0.0 0.0 0.0 0.0 0.0667721 0.0 0.0 0.0 0.0 0.0 0.0 0.0 0.0 0.0 0.0 0.0 5.79059e-05 0.0 0.0 0.0 0.0 0.00417447 0.0 2.44677e-05 0.0 3.31998e-05 0.0 0.999645 0.0 0.0 0.0 0.0 0.000420868 0.0 0.0 0.0 0.0 0.0220493 0.0 0.0 0.0
0.0 0.0 0.0 0.0 0.0 0.0 0.0 0.0 0.0 2.38419e-07 0.0 0.0 0.0 0.0 0.0 0.999668 0.0 0.0 0.0 0.0 0.0 0.0 0.0 1.49012e-06 0.0 5.96046e-08 5.29587e-05 0.0 0.000304967 0.0 0.0 0.0 0.0 2.98023e-08 4.36306e-05 0.0 0.0 0.0 0.0 0.0 0.0 0.0 0.0 0.0 0.0 0.0 0.0 0.0 0.0 0.0 0.0 0.0 0.0 1.43051e-06 8.9407e-08 0.0 1.19209e-07 0.0 0.0 3.27826e-06 0.0 0.0 0.0 0.0
0.00404754 9.53674e-07 0.0 0.0 0.0 2.08616e-07 0.0 0.0 0.0 0.00915736 0.0 0.0 0.000533998 0.0 1.49012e-07 0.0 0.0 0.0 2.5332e-06 0.0 0.0 2.68221e-07 0.0 0.31198 0.0098024 0.0 0.0 1.40071e-06 1.26064e-05 0.0 0.00214162 0.0 5.66244e-07 0.999764 0.000360399 0.0 1.49012e-07 0.116406 2.38419e-06 0.0 0.0 0.0 1.18315e-05 0.104412 0.0 0.0 0.0 0.00014779 0.0 0.0 0.0 2.89083e-06 1.48416e-05 1.19209e-07 0.0 0.0 0.0 0.00233698 0.10853 1.0252e-05 0.0 0.000121176 0.0 0.0
0.0 0.0 0.0 0.0 0.0 0.0 0.0 0.0 0.0 0.0 0.0 0.0 0.0 0.0 0.0 0.0 0.0 0.985553 0.0 0.0 0.000178307 0.0 0.0 0.0 0.0 0.0 0.0 0.0 0.0 5.66244e-07 0.0 9.95398e-05 0.0 0.0 0.0 0.0 0.0 0.0 0.0 0.0 0.0 8.46982e-05 0.0 0.0 0.0 0.0 0.0 0.0 0.0 0.0 0.0 0.0 0.0 0.0 0.0 0.0 0.0 0.0 0.0 0.0 0.0 0.0 0.0 0.0
0.0 8.9407e-08 0.0 0.0 0.0 0.0 0.0 0.0 0.0 0.00334018 0.0 0.0 0.0 0.0 0.0 2.98023e-08 0.0 0.0 0.0 0.0 0.0 0.000440121 0.0 0.00566763 0.000129163 0.0 8.9407e-08 0.0 0.012731 0.0 7.54297e-05 0.0 0.0 0.00118253 0.596841 0.0 0.0 0.000346392 0.0 0.0 0.0 0.0 1.03712e-05 0.0123757 0.0 0.0 5.96046e-08 1.78814e-07 0.0 0.0 0.0 2.26498e-06 0.0 0.000252396 0.00206116 0.0 2.98023e-07 4.17233e-07 5.99623e-05 0.993519 0.0 0.00248432 2.08616e-07 3.27826e-07
0.0166999 1.78814e-06 0.0 4.35114e-06 0.0 1.06692e-05 2.98023e-08 0.0 0.0 0.00135994 0.0 0.000654548 0.00350833 5.96046e-07 2.08616e-07 0.0 0.0 0.0 9.23872e-07 2.83122e-06 0.0 2.68221e-07 0.0 0.932076 2.262e-05 0.0 0.0 0.000391334 0.0 0.0 4.78923e-05 0.0 3.18885e-05 7.93338e-05 0.00070107 0.0 0.0 1.90735e-06 0.914193 0.000309438 0.0 0.0 0.000138134 7.96616e-05 0.0 0.0 6.85453e-07 0.00607708 1.51992e-06 0.0 0.0 2.98023e-06 7.33137e-06 0.0 0.0 1.78814e-06 0.0 7.00355e-06 0.00217801 3.27826e-07 0.0 0.0 0.0 3.27826e-07
0.00142008 0.213572 1.49012e-07 5.56111e-05 0.264149 0.00140229 0.119018 0.0261152 0.0 3.74913e-05 8.9407e-08 0.42274 2.50041e-05 0.0 8.54433e-05 0.0 4.17233e-07 0.0 3.8445e-06 0.0278916 0.0 0.0 0.0 5.15282e-05 8.9407e-08 0.0 0.0 0.999987 0.0 0.0 0.0 0.0 0.0 0.0 1.51992e-06 0.0 0.0 0.0 0.0423969 0.00441575 0.0 0.0 2.11e-05 1.19209e-07 0.00538304 0.0 0.438335 6.31809e-06 0.643367 0.0 0.0100749 1.13249e-06 0.899527 0.0 0.0 1.20401e-05 0.0 0.0194642 0.000353038 0.0 0.0403296 0.0 0.0 0.0
0.0 0.0 0.0 0.0 0.0 0.0 0.0 0.0 0.998596 0.0 0.0 0.0 0.0 0.0 0.0 0.0 0.0 2.98023e-08 0.0 0.0 0.0 5.66244e-07 0.000643015 8.9407e-08 0.0 0.0 0.0 0.0 0.0 0.0 1.10269e-06 3.66569e-05 0.0 0.0 0.0 0.0 0.0 0.0 0.0 0.0 0.0 7.95722e-06 0.0 0.0 0.0 5.33462e-05 0.0 0.0 0.0 0.00071314 0.0 0.0 0.0 0.0 1.32918e-05 0.0 7.59661e-05 0.0 0.0 0.0 0.0 0.0 5.06639e-07 0.0
0.0 0.0 0.0 0.0 0.0 0.0 0.0 0.0 0.0 0.0 0.0 0.0 0.0 0.0 0.0 0.0 0.0 3.16501e-05 0.0 0.0 0.995705 0.0 0.0 0.0 0.0 0.0 0.0 0.0 0.0 2.08616e-07 0.0 0.0 0.0 0.0 0.0 0.0 0.0 0.0 0.0 0.0 0.0 0.0 0.0 0.0 0.0 0.0 0.0 0.0 0.0 0.0 0.0 0.0 0.0 0.0 0.0 0.0 0.0 0.0 0.0 0.0 0.0 0.0 0.0 0.0
2.08616e-07 0.0 0.921202 3.93391e-06 2.86102e-06 1.01328e-06 0.0217821 1.73151e-05 0.0 0.0 0.0 4.17233e-07 0.0 0.0 0.0 0.0 0.0 0.0 0.0 0.000758678 0.0 0.0 0.0 0.0 0.0 0.0 0.0 0.00126401 0.0 0.0 0.0 0.0 0.0 0.0 0.0 7.62939e-06 0.0 0.0 0.0 2.5332e-06 0.0 0.0 0.0 0.0 0.00023514 0.0 8.9407e-08 0.0 2.84314e-05 0.0 0.000388414 0.0 2.6226e-06 0.0 0.0 0.0 0.0 0.0 0.0 0.0 5.30481e-06 0.0 0.0 0.0
0.440446 3.9041e-06 0.0 0.000466853 2.98023e-07 0.00307047 6.55651e-07 0.0 0.0 7.43568e-05 0.0 4.02331e-06 0.000203639 0.0 1.19209e-07 0.0 1.93715e-06 0.0 8.39531e-05 6.85453e-06 0.0 0.0 0.0 0.137047 0.00444981 2.68221e-07 0.0 0.0016377 0.0 0.0 0.0 0.0 1.10269e-06 2.06232e-05 0.00102147 0.0 0.0 2.98023e-07 0.000476003 1.66297e-05 0.0 0.0 0.000378042 0.00870705 0.0 0.0 0.000147492 0.00160834 0.000110745 0.0 0.0 0.00076741 0.0135929 0.0 0.0 1.63913e-06 0.0 0.229065 0.0127149 0.0 0.0 2.98023e-08 0.0 2.80142e-06
1.78814e-07 0.0 0.00890726 0.0151237 0.00016883 9.88245e-05 4.66108e-05 0.192618 0.0 0.0 0.0 0.020159 0.0 0.0 0.0 0.0 0.0 0.0 0.0 0.75263 0.0 0.0 0.0 0.0 0.0 0.0 0.0 0.320363 0.0 0.0 0.0 0.0 1.19209e-07 0.0 0.0 0.0 0.0 0.0 2.08616e-07 0.0195209 0.0 0.0 0.0 0.0 0.977102 0.0 8.02875e-05 0.0 0.00029242 0.0 0.999758 0.0 1.51992e-06 0.0 0.0 0.799282 0.0 0.0 0.0 0.0 0.86076 0.0 0.0 0.0
0.939954 0.000784963 0.0 7.9304e-05 2.65241e-06 0.101772 1.84774e-06 0.0 0.0 0.000541508 0.0 0.000411749 0.00176597 0.0 8.11815e-05 0.0 6.25849e-07 0.0 0.000119239 4.75049e-05 0.0 0.0 0.0 0.00806007 3.00407e-05 0.0 0.0 0.046731 0.0 0.0 0.0 0.0 0.0 7.33435e-05 2.59876e-05 0.0 0.0 2.14577e-06 0.00220728 9.26852e-06 0.0 0.0 0.00269321 0.000157058 0.0 0.0 0.000215471 0.000611871 0.00123826 0.0 0.0 6.63996e-05 0.983558 0.0 0.0 0.0 0.0 0.890682 0.311389 0.0 0.0 1.49012e-07 0.0 2.08616e-07
0.0 0.0 0.0 0.0 0.0 0.0 0.0 0.0 8.9407e-08 0.0 0.0 0.0 0.0 0.0 0.0 0.0 0.0 1.19209e-07 0.0 0.0 0.0 0.0 0.00166759 0.0 0.0 0.0 2.37823e-05 0.0 1.78814e-07 0.0 0.0 1.60933e-06 0.0 0.0 8.9407e-08 0.0 1.87755e-06 0.0 0.0 0.0 0.0 5.57303e-06 0.0 0.0 0.0 0.0 0.0 0.0 0.0 7.15256e-07 0.0 0.0 0.0 0.0 3.57628e-07 0.0 0.996789 0.0 0.0 0.0 0.0 0.0 0.00022462 0.0
0.0 1.63913e-06 0.0 0.0 1.78814e-07 1.60933e-06 1.3113e-06 0.0 0.0 0.0 0.00970405 0.0 0.0 0.0 0.0 0.0 0.999471 0.0 1.38581e-05 7.53999e-06 0.0 0.0 0.0 0.0 0.0 1.51992e-06 0.0 0.0 0.0 0.0 0.0 0.0 0.0 0.0 0.0 0.0 0.0 0.0 0.0 0.0 0.0 0.0 0.0 0.0 0.0 0.0 0.355912 0.0 2.08616e-07 0.0 0.0 8.9407e-08 2.44379e-06 0.0 0.0 0.0 0.0 0.0 0.0 0.0 0.0 0.0 0.0 4.76837e-07
0.0 0.0 0.0 0.0 0.0 0.0 0.0 0.0 0.0 0.0 0.0 0.0 0.0 0.0 0.0 0.0 0.0 0.0 0.0 0.0 0.0 0.0 0.000394195 0.0 0.0 0.0 0.00030759 0.0 1.88649e-05 0.0 0.0 1.49012e-07 0.0 0.0 2.14577e-06 0.0 0.000372022 0.0 0.0 0.0 0.0 0.0 0.0 1.78814e-07 0.0 0.0 0.0 0.0 0.0 5.96046e-08 0.0 0.0 0.0 0.0 1.78814e-07 0.0 0.00161871 0.0 0.0 0.0 0.0 2.98023e-08 0.99066 0.0
0.0 0.0 0.0 0.0 0.0 0.0 0.0 0.0 1.78218e-05 9.51886e-05 0.0 0.0 0.0 0.0 0.0 0.0 0.0 0.0 0.0 0.0 0.0 0.98724 2.98023e-08 0.0182548 0.0 0.0 0.0 0.0 1.40965e-05 0.0 0.0218464 0.0 0.0 7.12574e-05 0.000880182 0.0 0.0 1.66595e-05 0.0 0.0 0.0 0.0 8.9407e-08 0.000105321 0.0 2.32458e-06 0.0 0.0 0.0 5.96046e-08 0.0 0.0 0.0 0.0 0.0282375 0.0 0.0 0.0 2.98023e-07 0.0247145 0.0 4.67896e-06 0.0 0.0
0.0571491 0.0 0.0 0.445703 0.991617 0.014503 0.000121534 0.536372 0.0 0.0 0.0 0.0279503 1.19209e-07 0.0 3.27826e-06 0.0 0.000282496 0.0 5.93066e-06 0.0144555 0.0 0.0 0.0 5.96046e-08 0.0 0.0 0.0 0.994088 0.0 0.0 0.0 0.0 5.48363e-06 0.0 0.0 0.0 0.0 0.0 0.00899702 0.102868 0.0 0.0 0.0 0.0 0.000468254 0.0 0.000102609 0.0 0.999981 0.0 0.131818 0.0 0.000362396 0.0 0.0 0.0045304 0.0 0.000209063 9.53674e-07 0.0 0.18134 0.0 0.0 0.0
0.0108716 0.000295252 0.0 1.49012e-07 0.0 0.00516272 0.0 0.0 0.0 0.0464187 0.0 6.41644e-05 0.997884 0.0 1.49012e-07 0.0 0.0 0.0 1.49012e-07 0.0 0.0 0.0 0.0 0.975635 0.000814348 0.0 0.0 0.00133654 0.0 0.0 0.0 0.0 5.06639e-07 6.19888e-05 6.35684e-05 0.0 0.0 1.63913e-06 0.000380993 6.935e-05 0.0 0.0 5.86808e-05 0.000540793 0.0 0.0 2.29478e-06 0.472229 8.9407e-08 0.0 0.0 1.10269e-06 3.99947e-05 0.0 0.0 0.0 0.0 3.8892e-05 0.00124738 0.0 0.0 1.19209e-07 0.0 0.0
3.57628e-07 3.68655e-05 0.0 3.8743e-07 0.000398129 9.20892e-06 0.000850767 7.48932e-05 0.0 4.76837e-07 0.000926614 0.000123471 0.0 0.0 9.41753e-05 0.0 0.0239669 0.0 0.00164548 0.000492692 0.0 0.0 0.0 0.0 0.0 3.8743e-07 0.0 0.00239098 0.0 0.0 0.0 0.0 0.0 0.0 1.19209e-07 0.0 0.0 0.0 5.96046e-08 2.08616e-07 0.0 0.0 0.0 0.0 0.0 0.0 1.0 0.0 2.48551e-05 0.0 2.49743e-05 4.17233e-07 0.000684917 0.0 0.0 0.0 0.0 2.38419e-07 0.0 0.0 7.30157e-06 0.0 0.0 4.51803e-05
1.29342e-05 0.0 0.0 0.0687507 1.02818e-05 1.13249e-06 0.0 7.7337e-05 0.0 0.0 0.0 0.00610793 3.8743e-07 2.36928e-05 0.0 0.0 0.0 0.0 0.0 6.3777e-06 0.0 0.0 0.0 2.98023e-08 0.0 0.0 0.0 0.958007 0.0 0.0 0.0 0.0 5.21541e-06 0.0 0.0 0.0 0.0 0.0 0.0301633 0.563659 0.0 0.0 0.0 0.0 0.0364916 0.0 8.40425e-06 0.0 0.000455141 0.0 0.240233 0.0 0.0 0.0 0.0 0.999975 0.0 2.08616e-07 1.78814e-07 0.0 0.00823992 0.0 0.0 0.0
0.0 0.00020805 0.0 0.0 0.0 0.0 0.0 0.0 0.0 0.0371002 5.96046e-08 0.0 1.19209e-07 0.0 0.0 2.38419e-07 4.47035e-07 0.0 7.7486e-07 0.0 0.0 0.00981668 2.08616e-07 0.32994 0.000638753 1.19209e-07 2.38419e-07 0.0 0.00560975 0.0 6.85453e-07 0.0 2.98023e-08 0.00040105 0.999988 0.0 3.57628e-07 0.00730178 0.0 0.0 0.0 0.0 0.00170097 0.53165 0.0 0.0 1.46031e-06 0.000114352 0.0 0.0 0.0 0.00121579 0.0 0.0268635 0.000404358 0.0 1.66893e-06 1.01328e-06 0.00011906 0.562146 0.0 0.021079 0.000176907 2.23815e-05
0.00452563 0.00138614 0.0 3.58522e-05 4.43161e-05 0.0223874 6.4671e-06 0.0 0.0 2.76268e-05 0.0 0.000206053 6.22869e-06 0.0 9.29832e-06 0.0 2.47359e-06 0.0 2.95937e-05 5.36442e-05 0.0 0.0 0.0 0.00150347 2.14577e-06 0.0 0.0 0.0329757 0.0 0.0 0.0 0.0 0.0 4.76837e-07 1.96695e-06 0.0 0.0 5.96046e-08 2.10702e-05 9.95398e-06 0.0 0.0 0.000210822 1.41859e-05 0.0 0.0 0.0112712 1.83582e-05 0.00125551 0.0 0.0 9.86457e-06 0.998072 0.0 0.0 0.0 0.0 0.470488 0.00346878 0.0 0.0 0.0 0.0 8.9407e-08
0.0 0.0 0.0 0.0 0.0 1.78814e-07 0.0 0.0 0.0 0.0 0.0 0.0 5.96046e-08 0.0 0.0 0.0 0.0 0.0 0.0 0.0 0.0 0.0 0.0 2.28286e-05 0.0 0.0 0.0 8.9407e-08 0.0 0.0 0.0 0.0 0.99991 3.57628e-07 2.98023e-08 0.0 0.0 1.19209e-07 8.9407e-08 6.67572e-06 0.0 0.0 0.0 0.0 0.0 0.0 0.0 0.0 1.19209e-07 0.0 0.0 0.0 0.0 0.0 0.0 0.0 0.0 5.96046e-08 7.27177e-06 0.0 0.0 0.0 0.0 0.0
0.0 1.78814e-07 0.0 0.0 5.96046e-08 0.0 0.00645491 0.0 0.0 0.0 0.999913 0.0 0.0 0.0 0.0 0.0 0.00113216 0.0 8.9407e-08 2.98023e-08 0.0 0.0 0.0 0.0 0.0 0.0 0.0 0.0 0.0 0.0 0.0 0.0 0.0 0.0 0.0 2.95043e-06 0.0 0.0 0.0 0.0 0.0 0.0 0.0 0.0 0.0 0.0 0.0035364 0.0 0.0 0.0 0.0 0.0 0.0 0.0 0.0 0.0 0.0 0.0 0.0 0.0 0.0 0.0 0.0 0.0
0.0 0.0 0.0 0.0 0.0 0.0 0.0 0.0 0.0 0.0 0.0 0.0 0.0 0.0 0.0 0.0159867 0.0 0.0 0.0 0.0 0.0 0.0 0.0 0.0 0.0 0.0 0.000269294 0.0 1.4931e-05 0.0 0.0 0.0 0.0 0.0 0.000288278 0.0 0.0 0.0 0.0 0.0 0.0 0.0 0.0 0.0 0.0 0.0 0.0 0.0 0.0 0.0 0.0 0.0 0.0 2.13981e-05 1.19209e-07 0.0 0.0 0.0 0.0 1.32024e-05 0.0 5.36442e-07 0.0 0.0
22 61 53 24 51 35 13 41 30 32 62 37 56 26 54 17 3 60 10 1 12 47 21 31 43 52 11 5 45 2 40 42 38 16 4 6 8 14 33 59 50 58 19 9 36 25 57 34 0 55 7 44 28 23 46 39 63 48 18 27 49 29 20 15
