8
0.0752919 0.0 0.0 0.0 0.0 0.0 0.0 0.0 0.0 0.0 0.0 0.0 0.0 0.0 0.0 0.0 0.0 0.0 0.0 0.0 0.0 0.0 0.0 0.0 0.0 0.0 0.0 0.0 0.0 0.0 0.0 0.0 0.0 0.0 0.0 0.0 0.0 0.0 0.0 0.0 0.0 0.0 0.0 0.0 0.0 0.0 0.0 0.0 0.999669 0.0 0.0 0.0 0.0 0.0 0.0 0.0 0.0 0.0 0.0 0.0 0.0 1.49012e-07 0.0 0.0
0.0 5.12302e-05 0.0 0.0 3.8743e-07 1.2517e-05 6.31511e-05 0.0 0.138069 0.0 0.0 0.0 0.00224918 0.0 0.873592 0.0 0.0 0.0 0.0 0.0 0.0 0.0 0.0 0.000437707 0.0 0.0 7.7188e-06 0.0919448 0.997562 0.0 0.578311 0.0 1.19209e-07 0.0 0.15407 0.0 0.0 0.0 0.0 0.0 0.0 0.0 0.430395 0.000612617 0.0 5.24521e-06 0.0 0.0145659 0.0 0.0438406 0.0 0.0 0.0 0.0 0.0 1.78814e-07 0.0 0.0 0.0053795 0.0 4.17233e-07 0.0 0.0 0.0
0.0 0.0 0.0 0.0 0.0 0.0 0.0 0.0 0.0 0.0 0.0 0.0 0.0 0.0 0.0 0.0 0.0 0.0 0.0 0.0 2.41399e-06 0.0 0.0 0.0 0.0 0.0 0.0 0.0 0.0 0.0 0.0 0.0 0.0 0.0 0.0 0.0 0.0 1.39475e-05 0.0 0.0 0.0 0.0 0.0 0.0 0.0 0.0 0.0 0.0 0.0 0.0 0.0 0.0 0.0 0.0 0.0 0.0 0.0 0.0 0.0 0.0 0.0 0.0 0.0 0.0
0.0 0.00189298 0.0 2.68221e-07 0.0 0.569849 0.0 0.0 2.7895e-05 0.0 0.0 0.0 0.000114948 0.0 9.65595e-06 0.0 0.0 0.0 0.0 0.0 0.0 0.0 0.0 3.3915e-05 0.0 0.0 0.104925 8.9407e-08 7.37607e-05 0.0 1.07586e-05 0.0 0.0 0.0 2.5332e-06 0.0 0.0 0.0 0.0 0.0 0.0 0.0 0.00497922 0.996719 0.0 2.98023e-08 0.0 0.000362068 0.0 0.802605 0.0 0.0 0.0 0.0 0.0 0.0 0.0 0.0 0.000715703 0.0 0.0 0.0 0.0 0.0
0.0 2.16961e-05 0.0 3.56138e-05 0.0 0.0146659 0.0 0.0 1.69873e-06 0.0 0.0 0.0 8.92282e-05 0.0 0.0 0.0 0.0 0.00237149 0.0 0.0 0.0 0.0 0.0 4.32134e-06 0.0 0.0 0.893065 0.0 5.96046e-07 0.0 4.17233e-07 0.0 0.0 0.0 8.9407e-08 0.0 0.0 0.0 0.0 0.0 0.0 0.0 0.000241071 0.0444079 0.0 0.0 0.0 0.00065136 0.0 0.339408 0.0 0.0 0.0 0.0 0.0 0.0 0.0 0.0 9.71556e-06 0.0 0.0 0.0 0.0 0.0
0.0 0.0 0.0 1.3113e-06 0.0 1.78814e-07 0.0 0.0 0.0 0.0 0.0 0.0 2.98023e-08 0.0 0.0 0.0 0.0 0.990665 0.0 0.0 0.0 0.0 0.0 0.0 0.0 0.0 1.17421e-05 0.0 0.0 0.0 0.0 0.0 0.0 0.0 2.08616e-07 0.0 0.0 0.0 0.0 0.0 0.0 0.0 0.0 2.98023e-08 0.0 0.0 0.0 9.23872e-07 0.0 2.60472e-05 0.0 0.0 0.0 0.0 0.0 0.0 0.0 0.0 0.0 0.0 0.0 0.0 0.0 0.0
0.0 0.00756207 0.0 0.0 1.19209e-07 0.000382721 2.11596e-06 0.0 0.318161 0.0 0.0 0.0 0.00442034 0.0 0.0031864 0.0 0.0 0.0 0.0 0.0 0.0 0.0 0.0 0.00230184 0.0 0.0 0.000163317 0.00356618 0.0112498 0.0 0.957443 0.0 0.0 0.0 0.0063532 0.0 0.0 0.0 0.0 0.0 0.0 0.0 1.0 0.000280797 0.0 4.9144e-05 0.0 3.39746e-06 0.0 0.113597 0.0 0.0 0.0 0.0 0.0 0.0 0.0 0.0 8.9407e-07 0.0 2.59876e-05 0.0 0.0 0.0
0.0 0.0 0.0 1.19209e-07 0.0 0.0 0.0 2.57492e-05 0.0 1.07288e-06 0.0 0.0 0.0 0.0 0.0 0.0 0.0 3.20077e-05 7.05421e-05 0.0 0.0 0.0 0.0 0.0 0.000362307 0.0 0.0 0.0 0.0 0.0 0.0 0.0 0.0 0.0 0.0 2.5034e-06 0.0 0.0 0.999809 0.0 0.0 0.0 0.0 0.0 0.0 0.0 8.9407e-08 0.0 0.0 0.0 0.0 0.0 0.0 0.0 0.0 0.0 0.0 0.0 0.0 0.0 0.0 0.0 0.0 0.0
0.0 0.0 0.0 0.0 2.98023e-08 0.0 0.0 0.0 0.0 0.0 0.0 0.0 0.0 0.116209 0.0 0.0 0.0 0.0 0.0 0.0 0.0 0.0 0.0 0.0 0.0 0.0 0.0 0.0 0.0 0.0 0.0 0.0 0.0 0.0 0.00552416 0.0 0.0 0.0 0.0 0.0 0.0 0.0 0.0 0.0 0.0 0.0 0.0 0.0 0.0 0.0 0.0 0.999029 0.903971 9.0301e-06 0.0 0.0 0.928455 0.0 0.0 2.98023e-06 0.0 0.0 1.19209e-07 0.0134423
0.0 5.1856e-06 0.0 0.0 7.15256e-07 5.44786e-05 0.0 0.0 0.00022468 0.0 0.0 0.0 0.0018447 0.0 9.17912e-06 0.0 0.0 0.0 0.0 0.0 0.0 0.0 0.0 0.999982 0.0 0.0 3.30806e-06 8.69632e-05 0.000206828 0.0 2.0355e-05 0.0 0.0 2.98023e-07 0.938391 0.0 0.0 0.0 0.0 0.0 0.0 0.0 0.0067775 2.08616e-07 0.0 0.0 0.0 7.51019e-06 0.0 3.63588e-06 0.0 0.0 0.0 0.0 0.0 1.19209e-07 0.0 0.0 0.0 0.0 8.9407e-08 0.0 0.0 0.0
0.0 0.0 0.0 0.0 0.0 0.0 0.0 0.0 0.0 0.0 0.0 0.0 0.0 0.0 0.0 0.0 0.0 0.0 0.0 0.0 0.0 0.0 0.0 0.0 0.0 0.0 0.0 0.0 0.0 0.0 0.0 1.0 0.0 0.0 0.0 0.0 0.000993371 0.0 0.0 0.0 0.0 0.0 0.0 0.0 0.0 0.0 0.0 0.0 0.0 0.0 0.0 0.0 0.0 0.0 0.0 0.0 0.0 0.0 0.0 0.0 0.0 0.0 0.0 0.0
0.0 0.0 0.0 0.0 0.0 0.0 0.0 0.0 0.0 0.999941 0.0 0.0 0.0 0.0 0.0 0.0 0.0 0.0 0.0 0.0 0.0 8.443e-05 0.0 0.0 0.99997 0.14106 0.0 0.0 0.0 0.200857 0.0 0.0 0.0 0.0 0.0 0.0 0.0 0.0 0.0 9.0301e-06 0.0 0.0 0.0 0.0 0.00211883 0.0 0.0 0.0 0.0 0.0 0.0 0.0 0.0 0.0 6.25849e-07 0.0 0.0 0.0 0.0 0.0 0.0 0.0 0.0 0.0
0.0 0.0 0.0 0.00789165 0.0 0.0 0.0 0.00407907 0.0 0.0 0.0 0.0 0.0 0.0 0.0 0.0 0.0 2.08616e-07 0.0 0.0 0.0 0.0 0.0 0.0 0.0 0.0 0.0 0.0 0.0 0.0 0.0 0.0 0.0 0.0 0.0 0.99932 0.0 0.0 0.0 0.0 0.0 0.0 0.0 0.0 0.0 0.0 2.14577e-06 0.0 0.0 0.0 0.0 0.0 0.0 0.0 0.0 0.0 0.0 0.0 0.0 0.0 0.0 0.0 0.0 0.0
0.0 1.49012e-07 0.0 0.0 0.00125551 0.0 0.0 0.0 2.38419e-07 0.0 0.0 0.0 8.52346e-06 0.0 1.90735e-06 0.0 0.0 0.0 0.0 0.0 0.0 0.0 0.0 0.000730485 0.0 0.0 0.0 0.00147292 2.38419e-07 0.0 9.29534e-05 0.0 0.0 1.37985e-05 0.999987 0.0 0.0 0.0 0.0 0.0 0.0 0.0 2.41995e-05 0.0 0.0 0.0 0.0 2.68221e-07 0.0 0.0 0.0 1.10269e-06 8.04663e-07 0.0 0.0 0.000800192 5.96046e-08 0.0 0.0 0.40525 0.0 0.0 5.96046e-08 0.0
0.0 0.000544846 0.0 0.0 2.98023e-08 0.00914639 0.0 0.0 0.0049713 0.0 0.0 0.0 0.956393 0.0 1.52886e-05 0.0 0.0 0.0 0.0 0.0 0.0 0.0 0.0 0.000941545 0.0 0.0 1.61231e-05 9.64999e-05 5.90086e-06 0.0 0.000157744 0.0 0.0 0.0 0.00136405 0.0 0.0 0.0 0.0 0.0 0.0 0.0 0.129536 0.000115246 0.0 0.00011906 0.0 5.72205e-06 0.0 0.013359 0.0 0.0 0.0 0.0 0.0 0.0 0.0 0.0 2.98023e-07 0.0 3.8743e-07 0.0 0.0 0.0
0.0 0.0 0.0 0.0 4.91738e-05 0.0 0.0 0.0 0.0 0.0 0.0 0.0 0.0 5.96046e-08 0.0 0.0 0.0 0.0 0.0 0.0 0.0 0.0 0.0 0.0 0.0 0.0 0.0 2.98023e-08 0.0 0.0 0.0 0.0 0.0 0.0 0.000290722 0.0 0.0 0.0 0.0 0.0 0.0 0.0 2.98023e-08 0.0 0.0 7.18236e-06 0.0 0.0 0.0 0.0 0.0 0.0 0.000112921 0.0 0.0 0.0 0.0 0.0 0.0 1.19209e-07 7.85291e-05 0.0 0.993075 0.0
0.0 0.0 0.0 0.0 0.0 0.0 0.0 0.0 0.0 0.00239104 0.0 0.0 0.0 0.0 0.0 0.0 0.00767988 0.0 0.0 5.96046e-08 1.53482e-05 1.49012e-05 0.0 0.0 0.00514492 0.000428438 0.0 0.0 0.0 3.60012e-05 0.0 0.0 0.0 0.0 0.0 0.0 0.0 0.0 0.0 3.23057e-05 1.79708e-05 0.0 0.0 0.0 0.000197172 0.0 0.0 0.0 0.0 0.0 0.998669 0.0 0.0 0.0 0.0155463 0.0 0.0 0.0 0.0 0.0 0.0 0.0 0.0 0.0
0.0 0.0075708 0.0 0.0 4.47035e-07 1.26958e-05 0.0 0.0 0.989355 0.0 0.0 0.0 0.0550237 0.0 0.0588272 0.0 0.0 0.0 0.0 0.0 0.0 0.0 0.0 0.003429 0.0 0.0 6.85453e-07 0.287719 0.0116625 0.0 0.150352 0.0 8.9407e-08 0.0 0.0273102 0.0 0.0 0.0 0.0 0.0 0.0 0.0 0.915267 1.66893e-06 0.0 0.0024302 0.0 0.00254288 0.0 0.00070557 0.0 0.0 0.0 0.0 0.0 0.0 0.0 0.0 1.07288e-06 0.0 0.000575662 0.0 0.0 0.0
0.0 4.58658e-05 0.0 0.999984 0.0 8.58307e-06 0.0 0.176871 1.49012e-07 0.0 0.0 0.0 8.61287e-06 0.0 0.0 0.0 0.0 0.00156337 1.19209e-07 0.0 0.0 0.0 0.0 1.46031e-06 0.0 0.0 0.000231802 0.0 0.0 0.0 1.78814e-07 0.0 0.0 0.0 1.08182e-05 0.0222371 0.0 0.0 0.0 0.0 0.0 0.0 1.82986e-05 1.3113e-06 0.0 0.0 0.0 0.000132084 0.0 1.04308e-06 0.0 0.0 0.0 0.0 0.0 8.34465e-07 0.0 0.0 0.0 0.0 0.0 0.0 0.0 0.0
0.0 0.0 0.0 0.0 0.0 0.0 0.0 0.0 0.0 0.0 0.0 0.0 0.0 0.0 0.0 0.0 0.0 0.0 0.0 0.0 1.78814e-07 0.0 0.0 0.0 7.42078e-06 0.0 0.0 0.0 0.0 0.0 0.0 0.0 0.0 0.0 0.0 0.0 0.0 0.0 0.0 0.0 0.0 0.0 0.0 0.0 0.0 0.0 8.9407e-08 0.0 0.0 0.0 0.0 0.0 0.0 0.0 0.0 0.0 0.0 0.0 0.0 0.0 0.0 0.0 0.0 0.0
0.0 0.0 0.0 0.0 0.0 0.0 0.0 0.0 0.0 0.0 0.0 0.999762 0.0 0.0 0.0 0.0 0.0 0.0 0.0 2.68221e-07 0.0 0.0 0.0 0.0 0.0 0.0 0.0 0.0 0.0 0.0 0.0 0.0 0.0 0.0 0.0 0.0 0.0 0.0 0.0 0.0 4.58956e-06 0.0 0.0 0.0 0.0 0.0 0.0 0.0 0.0 0.0 0.0 0.0 0.0 0.0 0.0 0.0 0.0 7.15256e-07 0.0 0.0 0.0 0.0 0.0 0.0
0.0 0.0 0.0 0.0 0.0 0.0 0.0 0.0 0.0 0.0 0.0 0.0 0.0 0.0 0.0 0.0 0.0 0.0 0.0 0.0 0.0 0.0 0.0 0.0 0.0 0.0 0.0 0.0 0.0 0.0 0.0 0.0 0.0 0.0 0.0 0.0 0.0 0.998557 0.0 0.0 0.0 0.0 0.0 0.0 0.0 0.0 0.0 0.0 0.0 0.0 0.0 0.0 0.0 0.0 0.0 0.0 0.0 1.19209e-07 0.0 0.0 0.0 0.0 0.0 0.0
0.0 0.0 0.0 0.0 0.0 0.0 0.0 0.0 0.0 0.0 0.0 0.0 0.0 0.0 0.0 0.0 0.0 0.0 0.0 0.0 9.39965e-05 0.0 0.0 0.0 0.0 0.0 0.0 0.0 0.0 0.0 0.0 0.0 0.0 0.0 0.0 0.0 0.0 0.0 0.0 0.0 0.000154436 0.0 0.0 0.0 0.0 0.0 0.0 0.0 0.0 0.0 0.0 0.0 0.0 0.0 0.0 0.0 0.0 0.0 0.0 0.0 0.0 0.0 0.0 0.0
0.0 0.0 0.0 0.0 0.0 0.0 0.0 0.0 0.0 0.0 0.0 0.0 0.0 6.25849e-07 0.0 0.0 0.0 0.0 0.0 0.0 0.0 0.0 0.0 0.0 0.0 0.0 0.0 0.0 0.0 0.0 0.0 0.0 0.0 0.0 0.0 0.0 0.0 0.0 0.0 0.0 0.0 0.0 0.0 0.0 0.0 0.0 0.0 0.0 0.0 0.0 0.0 1.75834e-06 0.0 0.969848 0.0 0.0 5.66244e-07 0.0 0.0 0.0 0.0 0.0 0.0 0.835669
0.0 3.41535e-05 0.0 0.0 5.78165e-06 6.16908e-06 0.0 0.0 0.0194264 0.0 0.0 0.0 0.0269491 0.0 0.0837314 0.0 0.0 0.0 0.0 0.0 0.0 0.0 0.0 0.000451684 0.0 0.0 1.2219e-06 0.0192623 0.00289047 0.0 6.48201e-05 0.0 0.0 0.0 0.222299 0.0 0.0 0.0 0.0 0.0 0.0 0.0 0.00122219 1.25766e-05 0.0 0.000722915 0.0 0.999751 0.0 9.44734e-05 0.0 0.0 0.0 0.0 0.0 6.85453e-07 0.0 0.0 4.17233e-06 1.49012e-07 0.00037697 0.0 0.0 0.0
0.0 0.0 0.0 0.0 0.0 0.0 0.0 0.0 0.0 0.00477463 0.0 0.0 0.0 0.0 0.0 0.0 5.48363e-06 0.0 0.0 2.98023e-08 0.027139 0.00504538 0.0 0.0 0.15838 0.047495 0.0 0.0 0.0 2.98023e-07 0.0 0.0 0.0 0.0 0.0 0.0 0.0 0.0 0.0 0.570031 0.000747263 0.0 0.0 0.0 0.296899 0.0 0.0 0.0 0.0 0.0 0.00364038 0.0 0.0 0.0 0.996438 0.0 0.0 0.0 0.0 0.0 0.0 0.0 0.0 0.0
0.0 0.0 0.0 0.0 0.994621 0.0 0.0 0.0 1.49012e-07 0.0 0.0 0.0 9.83477e-07 2.98023e-08 3.72529e-06 0.0 0.0 0.0 0.0 0.0 0.0 0.0 0.0 1.01328e-05 0.0 0.0 0.0 6.04689e-05 1.19209e-07 0.0 0.00129408 0.0 0.0 5.96046e-08 0.943383 0.0 0.0 0.0 0.0 0.0 0.0 0.0 0.000149429 0.0 0.0 3.08156e-05 0.0 1.49012e-07 0.0 0.0 0.0 1.78814e-07 3.08752e-05 0.0 0.0 1.28746e-05 5.06639e-07 0.0 0.0 1.44839e-05 0.0101213 0.0 0.000132024 0.0
0.0 4.94719e-06 0.0 0.0 8.16584e-06 5.96046e-08 0.0 0.0 0.00938407 0.0 0.0 0.0 0.000809848 0.0 0.990752 0.0 0.0 0.0 0.0 0.0 0.0 0.0 0.0 0.000555426 0.0 0.0 0.0 0.00183448 0.0961489 0.0 0.00542283 0.0 0.0 0.0 0.423286 0.0 0.0 0.0 0.0 0.0 0.0 0.0 0.00841019 5.96046e-08 0.0 8.64267e-07 0.0 0.00410485 0.0 1.43349e-05 0.0 0.0 0.0 0.0 0.0 1.43051e-06 0.0 0.0 7.15256e-07 1.19209e-07 1.60933e-06 0.0 0.0 0.0
0.0 0.00921175 0.0 1.49012e-07 0.0 0.999784 0.0 0.0 2.08616e-07 0.0 0.0 0.0 8.40425e-06 0.0 0.0 0.0 0.0 0.0 0.0 0.0 0.0 0.0 0.0 1.44839e-05 0.0 0.0 0.000129998 0.0 0.0 0.0 1.19209e-07 0.0 0.0 0.0 1.17421e-05 0.0 0.0 0.0 0.0 0.0 0.0 0.0 7.29859e-05 0.0123758 0.0 0.0 0.0 0.0 0.0 0.00458169 0.0 0.0 0.0 0.0 0.0 0.0 0.0 0.0 4.70877e-06 0.0 0.0 0.0 0.0 0.0
0.0 0.0 0.0 0.0 0.0 0.0 0.0 0.0 0.0 0.0973292 0.0 0.0 0.0 0.0 0.0 0.0 8.9407e-08 0.0 0.0 0.0 6.60717e-05 0.00510287 0.0 0.0 0.869828 0.0249672 0.0 0.0 0.0 1.16229e-06 0.0 0.0 0.0 0.0 0.0 0.0 0.0 0.0 0.0 0.999381 2.35736e-05 0.0 0.0 0.0 0.14754 0.0 0.0 0.0 0.0 0.0 1.2219e-06 0.0 0.0 0.0 0.034085 0.0 0.0 0.0 0.0 0.0 0.0 0.0 0.0 0.0
0.0 0.0 0.0 0.0 0.0 0.0 0.999997 0.0 0.0 0.0 0.0 0.0 0.0 0.0 5.87106e-06 0.0 0.0 0.0 0.0 0.0 0.0 0.0 0.0 0.0 0.0 0.0 0.0 0.0 1.57952e-06 0.0 0.000225902 0.0 0.0 0.0 0.0 0.0 0.0 0.0 0.0 0.0 0.0 0.0 0.000694036 2.98023e-08 0.0 1.19209e-07 0.0 8.9407e-08 0.0 0.00725234 0.0 0.0 0.0 0.0 0.0 0.0 0.0 0.0 8.64267e-07 0.0 0.0 0.0 0.0 0.0
0.0 0.0 0.0 0.0 0.0 0.0 0.0 0.0 0.0 0.0 0.0 0.0 0.0 0.0 0.0 0.0 0.0 0.0 0.0 0.0 0.0 0.0 0.0 0.0 0.0 0.0 0.0 0.0 0.0 0.0 0.0 0.0 0.0 0.0 0.0 5.96046e-07 0.0 0.0 0.0 0.0 0.0 0.0 0.0 0.0 0.0 0.0 1.0 0.0 0.0 0.0 0.0 0.0 0.0 0.0 0.0 0.0 0.0 0.0 0.0 0.0 0.0 0.0 0.0 0.0
0.0 0.0 0.0 0.0 6.55651e-07 0.0 0.0 0.0 0.0 0.0 0.0 0.0 0.0 0.0562733 0.0 0.0 0.0 0.0 0.0 0.0 0.0 0.0 0.0 0.0 0.0 0.0 0.0 0.0 0.0 0.0 0.0 0.0 0.0 0.0 0.00321117 0.0 0.0 0.0 0.0 0.0 0.0 0.0 0.0 0.0 0.0 0.0 0.0 0.0 0.0 0.0 0.0 0.809189 0.106882 0.0 0.0 0.0 0.999457 0.0 0.0 3.21865e-06 0.0 0.0 1.19209e-07 0.000201553
0.0 3.98755e-05 0.0 0.0 0.0 5.45979e-05 0.0 0.0 0.000103086 0.0 0.0 0.0 0.000966042 0.0 4.26173e-06 0.0 0.0 0.0 0.0 0.0 0.0 0.0 0.0 9.53674e-07 0.0 0.0 0.0 0.000464171 1.19209e-07 0.0 5.39422e-06 0.0 0.0 0.0 0.00258121 0.0 0.0 0.0 0.0 0.0 0.0 0.0 6.97374e-06 0.0 0.0 4.33326e-05 0.0 0.0002186 0.0 0.0 0.0 0.0 0.0 0.0 0.0 3.8743e-07 0.0 0.0 6.25849e-07 0.0 1.07288e-06 0.0 0.0 0.0
0.0 0.0 0.0 0.0 0.0 0.0 0.0 0.0 0.0 9.62615e-06 0.0 1.43051e-06 0.0 0.0 0.0 0.0 0.0 0.0 0.0 0.999998 0.0334658 0.00949183 0.0 0.0 4.42863e-05 3.27826e-07 0.0 0.0 0.0 0.0 0.0 0.0 0.0 0.0 0.0 0.0 0.0 0.0 0.0 0.000168175 0.325387 0.0 0.0 0.0 0.996733 0.0 0.0 0.0 0.0 0.0 5.57303e-06 0.0 0.0 0.0 9.56655e-05 0.0 0.0 0.0 0.0 0.0 0.0 0.0 0.0 0.0
0.0 0.0 0.0 0.0 0.0 0.0 0.0 0.000721455 0.0 0.0 0.0 0.0 0.0 0.0 0.0 0.0 0.0 0.0 0.999058 0.0 0.0 0.0 0.0 0.0 1.49012e-07 0.0 0.0 0.0 0.0 0.0 0.0 0.0 0.0 0.0 0.0 5.06639e-07 0.0 0.0 6.92308e-05 0.0 0.0 0.0 0.0 0.0 0.0 0.0 0.0 0.0 0.0 0.0 0.0 0.0 0.0 0.0 0.0 0.0 0.0 0.0 0.0 0.0 0.0 0.0 0.0 0.0
0.0 0.0 0.0 0.0 0.0 0.0 0.0 0.0 0.0 0.0 0.0 0.0 0.0 0.0 0.0 0.0 0.0 0.0 0.0 1.43051e-06 0.0 0.0 0.0 0.0 0.0 0.0 0.0 0.0 0.0 0.0 0.0 0.0 0.0 0.0 0.0 0.0 0.0 0.0 0.0 0.0 0.0 0.0 0.0 0.0 0.219972 0.0 0.0 0.0 0.0 0.0 0.0 0.0 0.0 0.0 0.0 0.0 0.0 0.0 0.0 0.0 0.0 0.0 0.0 0.0
0.0 0.0 0.0 0.0 0.0 0.0 0.0 0.0 0.0 0.91073 0.0 0.0 0.0 0.0 0.0 0.0 0.0 0.0 0.0 0.0 0.0 0.0 0.0 0.0 0.99997 5.66244e-07 0.0 0.0 0.0 7.58171e-05 0.0 0.0 0.0 0.0 0.0 0.0 0.0 0.0 1.78814e-07 0.0 0.0 0.0 0.0 0.0 1.49012e-06 0.0 0.0 0.0 0.0 0.0 0.0 0.0 0.0 0.0 0.0 0.0 0.0 0.0 0.0 0.0 0.0 0.0 0.0 0.0
0.0 0.0 0.0 0.0 0.0 0.0 0.0 0.0 0.0 0.9991 0.0 0.0 0.0 0.0 0.0 0.0 0.0 0.0 0.0 0.0 0.0 5.96046e-08 0.0 0.0 0.999733 0.00191477 0.0 0.0 0.0 0.99934 0.0 0.0 0.0 0.0 0.0 0.0 0.0 0.0 0.0 1.87755e-06 0.0 0.0 0.0 0.0 0.000130832 0.0 0.0 0.0 0.0 0.0 4.47035e-07 0.0 0.0 0.0 2.98023e-08 0.0 0.0 0.0 0.0 0.0 0.0 0.0 0.0 0.0
0.0 0.0 0.0 0.0 0.0 0.0 0.0 0.0 0.0 0.997556 0.0 0.0 0.0 0.0 0.0 0.0 0.0 0.0 0.0 0.0 1.19209e-07 1.79112e-05 0.0 0.0 0.999895 0.992385 0.0 0.0 0.0 0.0981212 0.0 0.0 0.0 0.0 0.0 0.0 0.0 0.0 0.0 0.00114456 1.49012e-07 0.0 0.0 0.0 0.0374763 0.0 0.0 0.0 0.0 0.0 5.66244e-07 0.0 0.0 0.0 0.000950426 0.0 0.0 0.0 0.0 0.0 0.0 0.0 0.0 0.0
0.0 0.0 0.0 0.0 0.0 0.0 0.0 0.0 0.0 0.0 0.0 4.17233e-07 0.0 0.0 0.0 0.0 0.0 0.0 0.0 0.0 0.0 0.0 0.0 0.0 0.0 0.0 0.0 0.0 0.0 0.0 0.0 0.0 0.0 0.0 0.0 0.0 0.0 2.563e-06 0.0 0.0 0.0 0.0 0.0 0.0 0.0 0.0 0.0 0.0 0.0 0.0 0.0 0.0 0.0 0.0 0.0 0.0 0.0 0.999625 0.0 0.0 0.0 0.0 0.0 0.0
0.0 0.0 0.0 0.0 0.0 0.0 0.0 0.0 0.0 0.0 0.0 0.0 0.0 0.0 0.0 0.0 0.0 0.0 0.0 0.0 0.0 0.0 0.0 0.0 0.0 0.0 0.0 0.0 0.0 0.0 0.0 4.17233e-07 0.0 0.0 0.0 0.0 1.0 0.0 0.0 0.0 0.0 0.0 0.0 0.0 0.0 0.0 0.0 0.0 0.0 0.0 0.0 0.0 0.0 0.0 0.0 0.0 0.0 0.0 0.0 0.0 0.0 0.0 0.0 0.0
0.0 0.0 0.0 0.0 0.0 0.0 0.0 0.0 0.0 0.0 0.0 0.0 0.0 0.0 0.0 0.0 0.0 0.0 0.0 0.0 0.0 0.0 0.0 0.0 0.0 0.0 0.0 0.0 0.0 0.0 0.0 0.0 2.20239e-05 0.0 0.0 0.0 0.0 0.0 0.0 0.0 0.0 0.999846 0.0 0.0 0.0 0.0 0.0 0.0 0.0 0.0 0.0 0.0 0.0 0.0 0.0 0.0 0.0 0.0 0.0 0.0 0.0 0.0 0.0 0.0
0.0 0.0 0.0 0.0 5.75185e-06 0.0 0.0 0.0 0.0 0.0 0.0 0.0 0.0 3.36766e-06 0.0 0.0 0.0 0.0 0.0 0.0 0.0 0.0 0.0 1.49012e-07 0.0 0.0 0.0 0.0 0.0 0.0 0.0 0.0 0.0 0.0 0.998795 0.0 0.0 0.0 0.0 0.0 0.0 0.0 0.0 0.0 0.0 0.0 0.0 0.0 0.0 0.0 0.0 0.0045912 9.38475e-05 0.0 0.0 0.00105977 1.79112e-05 0.0 0.0 0.998256 0.0 0.0 0.0 0.0
0.0 0.0194682 0.0 0.0 0.0 0.0139046 1.78814e-07 0.0 0.000164896 0.0 0.0 0.0 1.44243e-05 0.0 6.91712e-05 0.0 0.0 1.78814e-07 0.0 0.0 0.0 0.0 0.0 4.17233e-07 0.0 0.0 3.04282e-05 5.81145e-06 0.00033474 0.0 0.000207484 0.0 0.0 0.0 0.000401616 0.0 0.0 0.0 0.0 0.0 0.0 0.0 9.98974e-05 0.00284004 0.0 1.75834e-06 0.0 6.77407e-05 0.0 0.133847 0.0 0.0 0.0 0.0 0.0 0.0 0.0 0.0 0.999114 0.0 0.0 0.0 0.0 0.0
0.0 0.0 0.0 0.0 0.0 0.0 0.0 0.0 0.0 0.0 0.0 0.0 0.0 0.0 0.0 0.0 0.0 0.0 0.0 0.0 0.0 0.0 0.0 0.0 0.0 0.0 0.0 0.0 0.0 0.0 0.0 0.0 0.999941 0.0 0.0 0.0 0.0 0.0 0.0 0.0 0.0 0.0 0.0 0.0 0.0 0.0 0.0 0.0 0.0 0.0 0.0 0.0 0.0 0.0 0.0 0.0 0.0 0.0 0.0 0.0 0.0 0.0 0.0 0.0
0.0 5.63264e-06 0.0 0.0 0.000453264 8.9407e-08 5.16772e-05 0.0 0.0419469 0.0 0.0 0.0 6.65486e-05 0.0 0.331999 0.0 0.0 0.0 0.0 0.0 0.0 0.0 0.0 1.94013e-05 0.0 0.0 2.98023e-08 0.0160229 0.0559144 0.0 0.999957 0.0 0.0 0.0 0.0208237 0.0 0.0 0.0 0.0 0.0 0.0 0.0 0.995088 1.19209e-07 0.0 0.0166793 0.0 2.6226e-06 0.0 0.0003106 0.0 0.0 0.0 0.0 0.0 1.49012e-07 0.0 0.0 5.06639e-07 0.0 0.0028182 0.0 2.98023e-08 0.0
0.0 0.0 0.0 0.0 0.0 0.0 0.0 0.0 0.0 0.0 0.0 0.0 0.0 0.000496328 0.0 0.0 0.0 0.0 0.0 0.0 0.0 0.0 0.0 0.0 0.0 0.0 0.0 0.0 0.0 0.0 0.0 0.0 0.0 0.0 0.0 0.0 0.0 0.0 0.0 0.0 0.0 0.0 0.0 0.0 0.0 0.0 0.0 0.0 0.0 0.0 0.0 0.00160885 5.39422e-06 0.773427 0.0 0.0 0.000796914 0.0 0.0 0.0 0.0 0.0 0.0 0.99759
2.563e-06 0.0 0.0 0.0 0.0 0.0 0.0 0.0 0.0 0.0 0.0 0.0 0.0 0.0 0.0 0.0 0.0 0.0 0.0 0.0 0.0 0.0 0.0 0.0 0.0 0.0 0.0 0.0 0.0 0.0 0.0 0.0 0.0 0.0 0.0 0.0 0.0 0.0 0.0 0.0 0.0 0.0 0.0 0.0 0.0 0.0 0.0 0.0 0.0159563 0.0 0.0 0.0 0.0 0.0 0.0 0.0 0.0 0.0 0.0 0.0 0.0 0.999995 0.0 0.0
0.0 0.0 0.999929 0.0 0.0 0.0 0.0 0.0 0.0 0.0 0.0 0.0 0.0 0.0 0.0 0.0 0.0 0.0 0.0 0.0 0.0 0.0 0.0 0.0 0.0 0.0 0.0 0.0 0.0 0.0 0.0 0.0 0.0 0.0 0.0 0.0 0.0 0.0 0.0 0.0 0.0 0.0 0.0 0.0 0.0 0.0 0.0 0.0 0.0 0.0 0.0 0.0 0.0 0.0 0.0 0.0 0.0 0.0 0.0 0.0 0.0 0.0 0.0 0.0
0.0 0.0 0.0 0.0 0.0 0.0 0.0 0.0 0.0 0.00298145 0.0 0.0 0.0 0.0 0.0 0.0 0.000108242 0.0 0.0 0.0 9.23872e-07 0.0 0.0 0.0 0.164574 2.08616e-07 0.0 0.0 0.0 0.00344464 0.0 0.0 0.0 0.0 0.0 0.0 0.0 0.0 0.0 5.96046e-08 0.0 0.0 0.0 0.0 1.49012e-07 0.0 0.0 0.0 0.0 0.0 3.21865e-06 0.0 0.0 0.0 1.19209e-07 0.0 0.0 0.0 0.0 0.0 0.0 0.0 0.0 0.0
0.0 0.000329912 0.0 6.48201e-05 0.0 0.00617784 0.0 0.0 9.23872e-06 0.0 0.0 0.0 0.000304133 0.0 1.19209e-07 0.0 0.0 6.62208e-05 0.0 0.0 0.0 0.0 0.0 0.000136167 0.0 0.0 0.988848 5.96046e-08 3.78489e-06 0.0 2.55406e-05 0.0 0.0 0.0 5.1558e-06 0.0 0.0 0.0 0.0 0.0 0.0 0.0 0.00523332 0.0350562 0.0 0.0 0.0 0.000845939 0.0 0.0809444 0.0 0.0 0.0 0.0 0.0 0.0 0.0 0.0 7.12276e-06 0.0 0.0 0.0 0.0 0.0
0.0 0.0192165 0.0 5.91278e-05 0.0 0.00842819 1.78814e-07 0.0 0.0109952 0.0 0.0 0.0 0.00243095 0.0 0.000118047 0.0 0.0 5.66244e-07 0.0 0.0 0.0 0.0 0.0 3.89516e-05 0.0 0.0 0.48073 2.20537e-05 0.000519216 0.0 0.00716764 0.0 0.0 0.0 5.63264e-06 0.0 0.0 0.0 0.0 0.0 0.0 0.0 0.520866 0.195938 0.0 4.47035e-07 0.0 0.000311553 0.0 0.996255 0.0 0.0 0.0 0.0 0.0 0.0 0.0 0.0 0.000782251 0.0 0.0 0.0 0.0 0.0
0.0 0.0 0.0 0.0 0.0 0.0 0.0 0.0 0.0 0.0 0.0 0.0 0.0 0.991304 0.0 0.0 0.0 0.0 0.0 0.0 0.0 0.0 0.0 0.0 0.0 0.0 0.0 0.0 0.0 0.0 0.0 0.0 0.0 0.0 3.29912e-05 0.0 0.0 0.0 0.0 0.0 0.0 0.0 0.0 0.0 0.0 0.0 0.0 0.0 0.0 0.0 0.0 0.0847131 0.00684068 5.48363e-06 0.0 0.0 0.050591 0.0 0.0 2.98023e-08 0.0 0.0 8.9407e-08 0.00704145
0.0 0.0 0.0 0.0 0.0 0.0 0.0 0.0 0.0 1.37091e-06 0.0 0.0 0.0 0.0 0.0 0.0 0.999505 0.0 0.0 0.0 1.10269e-06 0.0 0.0 0.0 2.73287e-05 6.25849e-07 0.0 0.0 0.0 0.0 0.0 0.0 0.0 0.0 0.0 0.0 0.0 0.0 0.0 8.34465e-07 0.0 0.0 0.0 0.0 1.19209e-06 0.0 0.0 0.0 0.0 0.0 0.00358832 0.0 0.0 0.0 3.57032e-05 0.0 0.0 0.0 0.0 0.0 0.0 0.0 0.0 0.0
0.0 0.0 0.0 0.0 0.0 0.0 0.0 0.0 0.0 0.0 0.0 0.0 0.0 0.0 0.0 0.0 0.0 0.0 0.0 0.0 0.0 0.0 0.0 5.96046e-08 0.0 0.0 0.0 0.0 0.0 0.0 0.0 0.0 0.0 0.999931 0.192084 0.0 0.0 0.0 0.0 0.0 0.0 0.0 0.0 0.0 0.0 0.0 0.0 0.0 0.0 0.0 0.0 0.0 0.0 0.0 0.0 0.0 0.0 0.0 0.0 0.0 0.0 0.0 0.0 0.0
0.0 0.0 0.0 0.0 1.49012e-07 0.0 0.0 0.0 0.0 0.0 0.0 0.0 2.98023e-08 0.0 0.0 0.0 0.0 0.0 0.0 0.0 0.0 0.0 0.0 5.96046e-08 0.0 0.0 0.0 8.9407e-08 0.0 0.0 1.78814e-07 0.0 0.0 0.0 0.982947 0.0 0.0 0.0 0.0 0.0 0.0 0.0 0.0 0.0 0.0 0.0 0.0 0.0 0.0 0.0 0.0 0.0 0.0 0.0 0.0 0.999794 0.0 0.0 0.0 0.00271848 0.0 0.0 0.0 0.0
0.0 0.0 0.0 0.0 0.0 0.0 0.0 0.0 0.0 0.00138885 0.0 0.0 0.0 0.0 0.0 0.0 0.0 0.0 0.0 5.96046e-08 0.0 2.98023e-08 0.0 0.0 0.0167092 9.62615e-05 0.0 0.0 0.0 1.19209e-07 0.0 0.0 0.0 0.0 0.0 0.0 0.0 0.0 0.0 1.0401e-05 0.0 0.0 0.0 0.0 1.0 0.0 0.0 0.0 0.0 0.0 0.0 0.0 0.0 0.0 9.11951e-06 0.0 0.0 0.0 0.0 0.0 0.0 0.0 0.0 0.0
0.0 0.0 0.0 0.0 0.0 0.0 0.0 0.0 0.0 0.0 0.0 0.0 0.0 0.0 0.0 0.999997 0.0 0.0 0.0 0.0 0.0 0.0 0.0 0.0 0.0 0.0 0.0 0.0 0.0 0.0 0.0 0.0 0.0 0.0 0.0 0.0 0.0 0.0 0.0 0.0 0.0 0.0 0.0 0.0 0.0 0.0 0.0 0.0 0.0 0.0 0.0 0.0 0.0 0.0 0.0 0.0 0.0 0.0 0.0 0.0 0.0 0.0 0.0 0.0
0.0 0.00094673 0.0 3.88622e-05 0.0 0.593925 0.0 0.0 8.25524e-06 0.0 0.0 0.0 0.000120193 0.0 2.38419e-07 0.0 0.0 2.74181e-06 0.0 0.0 0.0 0.0 0.0 1.13249e-05 0.0 0.0 0.96387 0.0 5.21541e-06 0.0 2.44379e-06 0.0 0.0 0.0 1.19209e-07 2.98023e-08 0.0 0.0 0.0 0.0 0.0 0.0 0.00693631 0.915956 0.0 0.0 0.0 0.00274366 0.0 0.923778 0.0 0.0 0.0 0.0 0.0 0.0 0.0 0.0 5.11706e-05 0.0 0.0 0.0 0.0 0.0
0.0 0.0 0.0 0.0 0.0 0.0 0.0 0.0 0.0 0.0 0.0 0.0 0.0 0.0 0.0 0.0 0.0 0.0 0.0 0.0 0.0 0.0 0.999971 0.0 0.0 0.0 0.0 0.0 0.0 0.0 0.0 0.0 0.0 0.0 0.0 0.0 0.0 0.0 0.0 0.0 0.0 0.0 0.0 0.0 0.0 0.0 0.0 0.0 0.0 0.0 0.0 0.0 0.0 0.0 0.0 0.0 0.0 0.0 0.0 0.0 0.0 0.0 0.0 0.0
0.0 5.6982e-05 0.0 0.0 1.8537e-05 1.12951e-05 1.2517e-06 0.0 0.00328448 0.0 0.0 0.0 0.000232905 0.0 0.000101596 0.0 0.0 0.0 0.0 0.0 0.0 0.0 0.0 4.32134e-06 0.0 0.0 0.0 0.0207119 2.47359e-06 0.0 0.046829 0.0 0.0 0.0 0.000911027 0.0 0.0 0.0 0.0 0.0 0.0 0.0 0.289242 1.51992e-06 0.0 0.999355 0.0 1.68383e-05 0.0 0.000194818 0.0 0.0 0.0 0.0 0.0 0.0 0.0 0.0 1.19209e-07 0.0 0.377854 0.0 1.29044e-05 0.0
0.0 2.08616e-07 0.0 0.0 0.00525656 0.0 0.0 0.0 6.45518e-05 0.0 0.0 0.0 8.22544e-06 0.0 9.0003e-06 0.0 0.0 0.0 0.0 0.0 0.0 0.0 0.0 2.44379e-06 0.0 0.0 0.0 0.000399292 1.19209e-07 0.0 0.00450245 0.0 0.0 0.0 0.000961602 0.0 0.0 0.0 0.0 0.0 0.0 0.0 0.0107197 0.0 0.0 0.651048 0.0 4.11272e-06 0.0 0.0 0.0 0.0 0.0 0.0 0.0 0.0 0.0 0.0 0.0 0.0 0.998425 0.0 4.09484e-05 0.0
0.0 0.0 0.0 0.0 2.262e-05 0.0 0.0 0.0 0.0 0.0 0.0 0.0 0.0 0.000321805 0.0 0.0 0.0 0.0 0.0 0.0 0.0 0.0 0.0 0.0 0.0 0.0 0.0 0.0 0.0 0.0 0.0 0.0 0.0 0.0 0.0372809 0.0 0.0 0.0 0.0 0.0 0.0 0.0 0.0 0.0 0.0 0.0 0.0 0.0 0.0 0.0 0.0 0.12096 0.988799 0.0 0.0 0.0 0.0524023 0.0 0.0 1.68979e-05 0.0 0.0 2.55108e-05 6.52671e-06
0.0 0.996661 0.0 0.0 0.000890434 0.000221819 0.0 0.130319 0.0 0.0 0.0 0.0 6.52671e-06 1.01328e-06 0.0166767 0.0 0.0 2.98023e-08 1.01328e-06 0.0 0.0 0.0 0.0 0.0 0.0 0.0 3.27826e-07 4.76837e-07 8.9407e-08 0.0 0.000212848 0.0 0.0 3.8743e-07 0.0 0.0 0.0 0.0 3.12924e-06 0.0 0.0 0.0 0.0 0.0 0.0 0.0 0.0 0.0 0.0 0.0 0.0 0.0 0.000222147 0.0 0.0 0.0 0.0 0.0 0.0 0.00944635 0.0 0.0 0.0013009 0.0
0.0 2.29478e-06 0.0 2.68221e-07 7.7486e-07 5.66244e-07 0.0 2.08616e-07 7.39098e-06 0.0 0.0 0.0 4.02331e-06 2.98023e-08 0.0 0.0 0.0 0.0 0.0 0.0 0.0 0.0 0.0 1.19209e-07 0.0 0.0 0.173338 0.998961 0.0 0.0 2.5928e-06 0.0 0.0 0.0 0.0 0.0 0.0 0.0 0.0 0.0 0.0 0.0 0.0 2.6226e-06 0.0 0.0 0.0 0.0 0.0 0.0 0.0 0.0 0.203457 0.0 0.0 7.15256e-07 0.0 0.0 0.0 0.0 0.0 0.0 1.93715e-06 0.0
0.0 0.0 0.0 0.0 0.0 0.0 0.0 0.0 0.0 0.0 0.0 0.0 0.0 0.0 0.0 0.0 0.0 0.0 0.0 0.0 0.191908 0.0 0.994189 0.0 0.0 0.0 0.0 0.0 0.0 0.0 0.0 0.0 0.0 0.0 0.0 0.0 0.0 6.85453e-07 0.0 0.0 0.0 0.0 0.0 0.0 0.0 0.0 0.0 0.0 0.0 0.0 0.0 0.0 0.0 0.0 0.0 0.0 0.0 0.0 0.0 0.0 0.0 0.0 0.0 0.0
0.0 0.0 0.0 0.0 0.0 0.0 0.000101537 0.0 0.0 0.0 0.0 0.0 0.0 0.0 0.0 0.0 0.0 0.0 0.0 0.0 0.0 0.0 0.0 0.0 0.0 0.0 0.0 0.0 0.00515085 1.78814e-07 0.0131633 0.0 0.0 0.0 2.17557e-06 0.0 0.0 0.0 0.0 0.0 0.0 0.0 0.0 0.0 0.0 0.0 0.000170678 0.0 0.0 0.0 0.00181422 0.0 0.0 0.0 0.986266 0.0 0.0 0.0 0.0 0.0 0.0 0.0 0.0 0.0
0.0 0.0303115 0.0 0.0 0.00616035 6.67572e-06 0.0 0.401104 0.0 0.0 0.0 0.0 0.000381649 3.57628e-07 0.00830388 0.0 0.0 0.0 6.55651e-07 0.0 0.0 0.0 0.0 0.0 0.0 0.0 0.0 0.0 0.0 0.0 2.72393e-05 0.0 0.0 4.76837e-07 0.0 0.0 0.0 0.0 3.57628e-07 0.0 0.0 0.0 0.0 0.0 0.0 0.0 0.0 0.0 0.0 0.0 0.0 0.0 3.96371e-06 0.0 0.0 0.0 0.0 0.0 0.0 0.99243 0.0 0.0 0.000576168 0.0
0.0 1.2517e-06 0.0 0.0 0.000442237 0.0 0.0 1.3113e-06 0.0 0.0 0.0 0.0 0.998941 0.0 5.96046e-08 0.0 0.0 3.8445e-06 5.96046e-08 0.0 0.0 0.0 0.0 0.0 0.0 0.0 1.49012e-07 2.38419e-07 0.0 0.0 0.0 0.0 0.0 0.0 0.0 0.0 0.0 0.0 0.0 0.0 0.0 0.0 0.0 0.0 0.0 0.0 0.0 3.66569e-06 0.0 0.0 0.0 1.78814e-07 0.00844896 0.0 0.0 0.00018537 0.0 0.0 0.0 3.9041e-06 0.0 0.0 0.000537723 0.0
0.0 0.0 0.0 0.0 0.0 0.0 0.0 0.0 0.0 0.0 0.0 0.0 0.0 0.0 0.0 0.919615 0.0 0.0 0.0 0.0 0.0 0.0 0.0 0.0 0.0 0.0 0.0 0.0 0.0 0.0 0.0 0.0 0.0 0.0 0.0 0.0 0.0 0.0 0.0 0.0 0.0 0.0 0.0 0.0 0.0 0.0 0.0 0.0 0.0 0.0 0.0 1.04308e-06 0.0 0.982895 0.0 0.0 3.75509e-06 0.0 0.0 0.0 0.0 0.0 0.0 0.686175
0.0 0.0 1.49012e-07 0.0 0.0 0.0 0.0 0.0 0.0 0.0 0.0 0.803494 0.0 0.0 0.0 0.0 0.0 0.0 0.0 3.57628e-07 2.77162e-05 0.0 0.0 0.0 0.0 0.231613 0.0 0.0 0.0 0.0 0.0 0.00551665 0.0 0.0 0.0 0.0 0.0802132 0.0 0.0 0.122859 0.0 0.0 0.0 0.0 0.0 0.0 0.0 0.0 0.0 0.0 0.0 0.0 0.0 0.0 0.0 0.0 0.0 0.0 0.0 0.0 0.0 0.0 0.0 0.0
0.0 9.23872e-07 0.0 9.37581e-05 0.0 0.0 0.0 2.38419e-07 0.0 0.0 0.0 0.0 0.0 0.0 0.0 0.0 0.0358852 0.0 0.999193 0.0 0.0 0.0 0.0 0.0 0.0 0.0 0.0 0.0 0.0 0.0 0.0 0.0 0.0 0.250483 0.0 0.0 0.0 0.0 0.151294 0.0 0.0 0.0 0.0 0.0 0.0 0.0 0.0 0.0 0.0 0.0 0.0 0.0 0.0 0.0 0.0 0.0 0.0 0.0 0.0 0.0 1.04308e-06 0.0 0.0 0.0
0.0 0.0 0.0 0.0 0.0 0.0 0.0 0.0 0.0 0.991173 0.0 0.0 0.0 0.0 0.0 0.0 0.0 0.0 0.0 0.0 0.0 0.0 0.0 0.0 0.999999 0.0 0.0 0.0 0.0 0.0 0.0 0.0 0.0 0.0 0.0 0.0 0.0 0.0 0.0 0.0 0.0 0.0 0.0 0.0 0.339103 0.0 0.0 0.0 0.0 0.0 0.0 0.0 0.0 0.0 0.0 0.0 0.0 0.0 0.0 0.0 0.0 2.68221e-07 0.0 0.0
0.0 0.0 0.0 0.0 0.0 0.0 0.0 0.0 0.0 0.0 0.0 8.9407e-08 0.0 0.0 0.0 0.0 0.0 0.0 0.0 0.0 0.99671 0.0 0.104127 0.0 0.0 0.0 0.0 0.0 0.0 0.0 0.0 0.0 0.0 0.0 0.0 0.0 0.0 0.0 0.0 6.55651e-07 0.0 0.0 0.0 0.0 0.0 0.0 0.0 0.0 0.0 0.0 0.0 0.0 0.0 0.0 0.0 0.0 0.0 0.0 0.0 0.0 0.0 0.0 0.0 0.0
0.0 0.0 0.0 0.0 0.0 0.0 0.0 0.0 0.0 0.0 0.0 0.0 0.0 0.0 0.0 0.0 0.0 0.0 0.0 0.0 0.0 1.19209e-07 3.15905e-06 0.0 0.0 0.0 0.0 0.0 0.0 0.0 0.0 0.0 0.0 0.0 0.0 0.0 0.0 0.999785 0.0 0.0 8.9407e-08 0.0 0.0 0.0 0.0 0.0 0.0 0.0 0.0 0.0 0.0 0.0 0.0 0.0 0.0 0.0 0.0 0.000906825 0.0 0.0 0.0 0.0 0.0 0.0
0.0 0.0 0.0 0.0 0.0 0.0 0.0 0.0 0.0 0.0 0.0 0.0 0.0 0.0 0.0 0.0 0.0 0.0 0.0 4.47035e-07 0.0 0.0 0.0 0.0 0.0 0.0 0.0 0.0 0.0 0.990239 0.0 0.0 0.0 0.0 8.22544e-06 0.0 0.0 0.0 0.0 0.0 0.0 0.592114 0.0 0.0 0.0 0.0 0.0 0.0 0.0 8.09729e-05 8.9407e-08 0.0 0.0 0.0 2.98023e-08 0.0 0.0 0.0 0.0 0.0 0.0 0.0 0.0 0.0
0.0 0.000269651 0.0 2.08616e-07 0.000148952 2.93851e-05 0.0 0.000412524 3.57628e-07 0.0 0.0 0.0 0.0488989 1.3411e-06 3.93391e-06 0.0 0.0 1.78814e-07 1.16229e-06 0.0 0.0 0.0 0.0 0.0 0.0 0.0 7.64132e-05 0.0120041 0.0 0.0 8.19564e-06 0.0 0.0 1.78814e-06 0.0 0.0 0.0 0.0 7.7486e-07 0.0 0.0 0.0 0.0 5.96046e-08 0.0 0.0 0.0 2.11596e-06 0.0 0.0 0.0 0.0 0.998176 0.0 0.0 2.08616e-06 0.0 0.0 0.0 3.54648e-06 0.0 0.0 0.000969946 0.0
0.0 7.78139e-05 0.0 5.126e-06 0.0 0.0 0.0 1.72853e-06 0.0 0.0 0.0 0.0 0.0 0.0 0.0 0.0 0.000435114 0.0 0.0236205 0.0 0.0 0.0 0.0 0.0 0.0 0.0 0.0 0.0 0.0 0.0 0.0 0.0 0.0 0.00153348 0.0 0.0 0.0 0.0 0.997831 0.0 0.0 0.0 0.0 0.0 0.0 0.0 0.0 0.0 0.0 0.0 0.0 0.0 0.0 0.0 0.0 0.0 0.0 0.0 0.0 1.49012e-07 4.372e-05 0.0 0.0 0.0
0.0 0.0 0.0 0.0 0.0 0.0 0.0 0.0 0.0 0.0 0.0 0.0 0.0 0.0 0.0 0.0 0.0 0.0 0.0 0.0 0.0 0.0 0.0 0.0 0.0 0.0 0.0 0.0 0.0 0.0 0.0 0.0 1.0 0.0 0.0 0.0 0.0 0.0 0.0 0.0 0.0 0.0 0.0 0.0 0.0 0.0 0.0 0.0 0.0 0.0 0.0 0.0 0.0 0.0 0.0 0.0 0.0 0.0 0.0 0.0 0.0 0.0 0.0 0.0
0.0 0.0 0.0 0.0 0.0 0.0 0.0 0.0 0.0 0.0 0.0 0.0 0.0 0.0 0.0 0.0 0.0 0.0 0.0 0.0 0.0 0.59977 1.49012e-06 0.0 0.0 0.0 0.0 0.0 0.0 0.0 0.0 0.0 0.0 0.0 0.0 0.0 0.0 5.3674e-05 0.0 0.0 3.8743e-07 0.0 0.0 0.0 0.0 0.0 0.0 0.0 0.0 0.0 0.0 0.0 0.0 0.0 0.0 0.0 0.0 2.68221e-07 0.0 0.0 0.0 0.0 0.0 0.0
0.0 0.0 0.0 0.0 0.0 0.0 0.0 0.0 0.0 0.0 0.0 0.0 0.0 0.0 0.0 0.0 0.0 0.0 0.0 0.0 0.0 0.0 0.0 0.0 0.0 0.0 0.0 0.0 0.0 0.0 1.19209e-07 0.0 0.0 0.0 0.0 0.999973 0.0 0.0 0.0 0.0 0.0 2.98023e-08 3.45707e-06 0.0 0.0 0.0 1.78814e-07 0.0 0.0 0.0 2.98023e-08 0.0 0.0 0.0 0.0 0.0 0.0 0.0 0.0 0.0 0.0 0.0 0.0 0.0
0.0 0.0 8.04663e-07 0.0 0.0 0.0 0.0 0.0 0.0 0.0 0.0 0.0199573 0.0 0.0 0.0 0.0 0.0 0.0 0.0 0.00136018 0.0 0.0 0.0 0.0 0.0 0.988357 0.0 0.0 0.0 0.0 0.0 0.96399 0.0 0.0 0.0 0.0 0.377223 0.0 0.0 0.0141964 0.0 0.0 0.0 0.0 0.0 0.0 0.0 0.0 0.0 0.0 0.0 0.0 0.0 0.0 0.0 0.0 0.0 0.0 0.0 0.0 0.0 0.0 0.0 0.0
0.0 0.0 0.999967 0.0 0.0 0.0 0.0 0.0 0.0 0.0 2.51234e-05 5.96046e-08 0.0 0.0 0.0 0.0 0.0 0.0 0.0 0.000371188 0.0 0.0 0.0 0.0 0.0 2.65241e-06 0.0 0.0 0.0 0.0 0.0 1.78814e-06 0.0 0.0 0.0 0.0 1.63913e-05 0.0 0.0 0.0 0.0 0.0 0.0 0.0 0.0 0.0 0.0 0.0 0.0 0.0 0.0 0.0 0.0 0.0 0.0 0.0 0.0 0.0 0.0 0.0 0.0 0.0 0.0 0.0
0.0 0.0 0.0 0.0 0.0 0.0 0.0 0.0 0.0 0.0 0.0 0.0 0.0 0.0 0.0 0.0 0.0 0.0 0.0 0.0 8.9407e-08 0.999354 2.38419e-07 0.0 0.0 0.0 0.0 0.0 0.0 0.0 0.0 0.0 0.0 0.0 0.0 0.0 0.0 7.7486e-07 0.0 0.0 0.07606 0.0 0.0 0.0 0.0 0.0 0.0 0.0 0.0 0.0 0.0 0.0 0.0 0.0 0.0 0.0 0.0 0.0 0.0 0.0 0.0 0.0 0.0 0.0
0.0 0.0 0.0 0.0 0.0 0.0 0.0 0.0 0.0 0.0 0.0 0.0 0.0 0.0 0.0 0.0 0.0 0.0 0.0 0.0 0.0 0.0766115 4.76837e-07 0.0 0.0 0.0 0.0 0.0 0.0 0.0 0.0 0.0 0.0 0.0 0.0 0.0 0.0 3.39746e-06 0.0 0.0 0.999981 0.0 0.0 0.0 0.0 0.0 0.0 0.0 0.0 0.0 0.0 0.0 0.0 0.0 0.0 0.0 0.0 2.98023e-08 0.0 0.0 0.0 0.0 0.0 0.0
0.0 0.00079751 0.0 0.00105354 5.96046e-08 2.98023e-07 1.49012e-07 0.000212401 0.0 0.0 0.0 0.0 2.08616e-07 0.0 2.98023e-08 0.0 0.816843 0.0 0.965725 0.0 0.0 0.0 0.0 0.0 0.0 0.0 5.96046e-08 1.78814e-07 9.65595e-06 0.0 0.000174791 0.0 0.0 0.998859 0.0 0.0 0.0 0.0 0.760228 0.0 0.0 0.0 1.19209e-07 0.0 0.0 0.0 0.0 0.0 0.0 0.0 0.0 0.0 2.15471e-05 0.0 0.0 0.0 0.0 0.0 0.0 5.45382e-06 0.000338435 0.0 8.9407e-08 0.0
0.0 0.0 0.0 0.0 0.0 0.0 0.0 0.0 0.000275135 0.0 0.0 0.0 2.48253e-05 0.0 0.0 0.0 0.0 0.0 0.0 0.0 0.0 0.0 0.0 6.25849e-07 0.0 0.0 5.06639e-07 0.0 0.0 0.0 0.0 0.0 0.0 0.0 0.0 0.0 0.0 0.0 0.0 0.0 0.0 0.0 0.0 0.0 0.0 0.0 0.0 0.999407 0.0 0.0 0.0 0.0 2.68221e-07 0.0 0.0 0.0 0.0 0.0 0.0105661 0.0 0.0 0.0 0.0 0.0
0.0 0.0 0.0 0.0 0.0 0.0 0.0 0.0 0.0 0.00124514 0.0 0.0 0.0 0.0 0.0 0.0 0.0 0.0 0.0 0.0 0.0 0.0 0.0 0.0 0.000671118 0.0 0.0 0.0 0.0 0.0 0.0 0.0 0.0 0.0 0.0 0.0 0.0 0.0 0.0 0.0 0.0 0.0 0.0 0.0 0.999999 0.0 0.0 0.0 0.0 0.0 0.0 0.0 0.0 0.0 0.0 0.0 0.0 0.0 0.0 0.0 0.0 6.79493e-06 0.0 0.0
0.0 0.0 0.0 0.0 0.0 0.0 0.0 0.0 0.0 0.0 0.0 0.0 0.0 0.0 0.0 0.0 0.0 0.0 0.0 0.0 4.80115e-05 1.81794e-06 0.178759 0.0 0.0 0.0 0.0 0.0 0.0 0.0 0.0 0.0 0.0 0.0 0.0 0.0 0.0 0.000178665 0.0 0.0 7.7486e-07 0.0 0.0 0.0 0.0 0.0 0.0 0.0 0.0 0.0 0.0 0.0 0.0 0.0 0.0 0.0 0.0 2.68221e-07 0.0 0.0 0.0 0.0 0.0 0.0
0.0 7.7486e-07 0.0 0.0 0.0 0.129536 0.0 2.98023e-07 0.0 0.0 0.0 0.0 0.0 6.49989e-05 3.68059e-05 0.0 0.0 0.0 0.0 0.0 0.0 0.0 0.0 1.19209e-07 0.0 0.0 2.23517e-06 5.30779e-05 0.000561118 0.0 0.00102061 0.0 0.0 0.0 0.0 0.0 0.0 0.0 0.0 0.0 0.0 0.0 0.0 0.998215 0.0 0.0 1.19209e-07 0.0 0.0 0.0 0.0 0.0 0.000103951 0.0 0.0 0.0 0.0 0.0 0.0 0.0 0.0 0.0 0.0 0.0
0.0 0.172366 0.0 0.0 0.00164381 0.000373214 0.0 0.997888 0.0 0.0 0.0 0.0 8.53837e-05 1.57952e-06 0.0165533 0.0 0.0 7.45058e-07 3.5435e-05 0.0 0.0 0.0 0.0 0.0 0.0 0.0 1.94907e-05 1.87755e-06 0.0 0.0 0.000167906 0.0 0.0 1.99676e-06 0.0 0.0 0.0 0.0 6.34789e-06 0.0 0.0 0.0 0.0 0.0 0.0 0.0 0.0 5.06639e-07 0.0 0.0 0.0 0.0 0.0019837 0.0 0.0 5.27501e-06 0.0 0.0 0.0 0.187347 0.0 0.0 0.00433123 0.0
0.0 0.0126446 0.0 0.0 5.01573e-05 0.027206 0.0 0.241232 0.0 0.0 0.0 0.0 1.07288e-06 0.0339844 0.999959 0.0 0.0 2.08616e-07 0.0 0.0 0.0 0.0 0.0 0.0 0.0 0.0 1.19209e-07 0.0 5.96046e-08 0.0 0.0497544 0.0 0.0 0.0 0.0 0.0 0.0 0.0 0.0 0.0 0.0 0.0 0.0 2.68221e-07 0.0 0.0 2.98023e-08 0.0 0.0 0.0 8.9407e-08 8.9407e-08 6.85453e-07 0.0 0.0 6.25849e-07 0.0 0.0 0.0 0.396146 0.0 0.0 6.96778e-05 0.0
0.0 0.0 0.0 0.0 0.0 0.0 0.0 0.0 0.0 0.0 0.0 0.0 0.0 0.0 0.0 0.0 0.0 0.0 0.0 0.0 0.0137764 0.0 0.0818535 0.0 0.0 0.0 0.0 0.0 0.0 0.0 0.0 0.0 0.0 0.0 0.0 0.0 0.0 6.25849e-07 0.0 0.0 0.0 0.0 0.0 0.0 0.0 0.0 0.0 0.0 0.0 0.0 0.0 0.0 0.0 0.0 0.0 0.0 0.0 0.0 0.0 0.0 0.0 0.0 0.0 0.0
0.0 0.0 0.0 0.0 0.0 0.0 0.0 0.0 0.0 0.0 0.0 0.0 0.0 0.0 0.0 0.0 0.0 0.0 0.0 0.0 0.0 0.0 0.0 0.99709 0.0 0.0 2.98023e-08 8.9407e-08 0.0 0.0 0.0 0.0 0.0 0.0 0.0 0.0 0.0 0.0 0.0 0.0 0.0 0.0 0.0 0.0 0.0 0.0 0.0 7.7486e-07 0.0 0.0 0.0 0.0 0.0 0.0 0.0 0.0 0.0 0.0 0.0 0.0 0.0 0.0 0.0 0.0
0.0 0.0 3.24845e-06 0.0 0.0 0.0 0.0 0.0 0.0 0.0 0.0 0.999254 0.0 0.0 0.0 0.0 0.0 0.0 0.0 6.25551e-05 0.0 0.0 0.0 0.0 0.0 0.586514 0.0 0.0 0.0 0.0 0.0 0.256718 0.0 0.0 0.0 0.0 0.0389209 0.0 0.0 0.00420082 0.0 0.0 0.0 0.0 0.0 0.0 0.0 0.0 0.0 0.0 0.0 0.0 0.0 0.0 0.0 0.0 0.0 0.0 0.0 0.0 0.0 0.0 0.0 0.0
0.0 0.0 0.0 0.0 0.0 0.0 0.0 0.0 0.998364 0.0 0.0 0.0 0.0 0.0 0.0 0.0 0.0 0.0 0.0 0.0 0.0 0.0 0.0 0.0 0.0 0.0 9.47118e-05 5.75185e-06 0.0 0.0 0.0 0.0 0.0 0.0 0.0 0.0 0.0 0.0 0.0 0.0 0.0 0.0 0.0 0.0 0.0 0.0 0.0 0.00013876 0.0 0.0 0.0 0.0 0.0 0.0 0.0 0.0 0.0 0.0 3.30806e-05 0.0 0.0 0.0 0.0 0.0
0.0 0.00129119 0.0 0.0 0.998561 0.0 0.0 0.000572264 0.0 0.0 0.0 0.0 0.00164089 0.0 0.000125021 0.0 0.0 0.000648052 0.0 0.0 0.0 0.0 0.0 0.0 0.0 0.0 4.32134e-06 4.73857e-06 0.0 0.0 0.0 0.0 0.0 0.0 0.0 0.0 0.0 0.0 5.96046e-08 0.0 0.0 0.0 0.0 0.0 0.0 0.0 0.0 0.0 0.0 0.0 0.0 7.89165e-05 0.000516325 0.0 0.0 0.000521898 1.78814e-07 0.0 2.98023e-08 0.00503016 0.0 0.0 0.644058 0.0
0.0 0.0 0.0 0.0 0.0 0.0 0.0 0.0 0.0 0.0 0.0 0.0 0.0 0.0 0.0 0.0 0.0 0.0 0.0 0.0 0.0 0.0 0.0 0.0 0.0 0.0 0.0 0.0 0.0 4.23193e-06 0.0 0.0 0.0 0.0 0.0 0.0 0.0 0.0 0.0 0.0 0.0 3.11434e-05 0.0 0.0 0.0 0.0 0.0 0.0 0.0 0.999979 0.0 0.0 0.0 0.0 0.0 0.0 0.0 0.0 0.0 0.0 0.0 0.0 0.0 0.0
0.0 0.0 0.0 0.0 0.0 0.0 0.0 0.0 0.0 0.0 0.0 0.00264379 0.0 0.0 0.0 0.0 0.0 0.0 0.0 5.96046e-08 0.0 0.0 0.0 0.0 0.0 0.00589815 0.0 0.0 0.0 0.0 0.0 0.029095 0.0 0.0 0.0 0.0 0.192518 0.0 0.0 0.996909 0.0 0.0 0.0 0.0 0.0 0.0 0.0 0.0 0.0 0.0 0.0 0.0 0.0 0.0 0.0 0.0 0.0 0.0 0.0 0.0 0.0 0.0 0.0 0.0
0.0 0.0 0.000143886 0.0 0.0 0.0 0.0 0.0 0.0 0.0 0.0 2.0057e-05 0.0 0.0 0.0 0.0 0.0 0.0 0.0 0.999999 0.0 0.0 0.0 0.0 0.0 0.000127882 0.0 0.0 0.0 0.000462294 0.0 1.40667e-05 0.0 0.0 2.68221e-06 0.0 0.000509024 0.0 0.0 2.98023e-08 0.0 4.44651e-05 2.63453e-05 0.0 0.0 0.0 0.0 0.0 0.0 2.19941e-05 0.0 0.0 0.0 0.0 0.0 0.0 0.0 0.0 0.0 0.0 0.0 0.0 0.0 0.0
0.0 0.0 0.0 0.0 0.0 0.0 0.0 0.0 0.0 0.0 0.0 0.0 0.0 0.0 0.0 0.0 0.0 0.0 0.0 0.0 2.98023e-08 0.0 7.15256e-07 0.0 0.0 0.0 0.0 0.0 0.0 0.0 0.0 0.0 0.0 0.0 0.0 0.0 0.0 0.00266832 0.0 0.0 0.0 0.0 0.0 0.0 0.0 0.0 0.0 0.0 0.0 0.0 0.0 0.0 0.0 0.0 0.0 0.0 0.0 0.999899 0.0 0.0 0.0 0.0 0.0 0.0
0.0 0.0 0.0 0.0 0.0 0.0 0.0 0.0 0.0 0.0 0.0 0.0 0.0 0.0 0.0 0.0 0.0 0.0 0.0 0.0 0.000395238 2.98023e-07 0.000601828 0.0 0.0 0.0 0.0 0.0 0.0 0.0 0.0 0.0 0.0 0.0 0.0 0.0 0.0 0.0 0.0 0.0 6.59823e-05 0.0 0.0 0.0 0.0 0.0 0.0 0.0 0.0 0.0 0.0 0.0 0.0 0.0 0.0 0.0 0.0 0.0 0.0 0.0 0.0 0.0 0.0 0.0
0.0 0.0 0.0 0.0 0.0 0.0 0.0 0.0 0.0 0.0 0.0 0.0 0.0 0.0 0.0 0.0 0.0 0.0 0.0 0.0 1.19209e-07 0.0203312 3.36766e-06 0.0 0.0 0.0 0.0 0.0 0.0 0.0 0.0 0.0 0.0 0.0 0.0 0.0 0.0 4.17233e-07 0.0 0.0 9.53674e-06 0.0 0.0 0.0 0.0 0.0 0.0 0.0 0.0 0.0 0.0 0.0 0.0 0.0 0.0 0.0 0.0 0.000197202 0.0 0.0 0.0 0.0 0.0 0.0
0.958428 0.0 0.0 0.0 0.0 0.0 0.0 0.0 0.0 0.0 0.0 0.0 0.0 0.0 0.0 0.0 0.0 0.0 0.0 0.0 0.0 0.0 0.0 0.0 0.0 0.0 0.0 0.0 0.0 0.0 0.0 0.0 0.0 0.0 0.0 0.0 0.0 0.0 0.0 0.0 0.0 0.0 0.0 0.0 0.0 0.0 0.0 0.0 0.965981 0.0 0.0 0.0 0.0 0.0 0.0 0.0 0.0 0.0 0.0 0.0 0.0 0.0 0.0 0.0
0.0 0.0 0.0 0.0 0.0 0.0 0.0 0.0 0.0 0.0 0.0 0.0 0.0 0.0 0.0 0.0 0.0 0.0 0.0 0.0 0.0 0.0 0.0 0.0 0.0 0.0 0.0 0.0 0.0 2.98023e-08 0.0 0.0 0.0 0.0 0.999998 0.0 0.0 0.0 0.0 0.0 0.0 0.0 0.0 0.0 0.0 0.0 8.9407e-08 0.0 0.0 0.0 0.0 0.0 0.0 0.0 0.0 0.0 0.0 0.0 0.0 0.0 0.0 0.0 0.0 0.0
0.0 2.38419e-06 0.0 0.0 0.0 0.427285 1.43051e-06 2.5034e-06 0.0 0.0 0.0 0.0 5.96046e-08 0.99954 0.0260497 0.0 0.0 0.0 0.0 0.0 0.0 0.0 0.0 0.0 0.0 0.0 0.0 0.0 8.9407e-08 0.0 0.742796 0.0 0.0 0.0 0.0 0.0 0.0 0.0 0.0 0.0 0.0 0.0 0.0 7.34627e-05 0.0 0.0 8.9407e-08 0.0 0.0 0.0 1.10865e-05 0.0 7.15256e-07 0.0 0.0 0.0 0.0 0.0 0.0 1.49012e-07 0.0 0.0 0.0 0.0
0.0 0.0 0.0 0.0 0.0 0.0 0.0 0.0 0.0 0.0 0.0 0.0 0.0 0.0 0.0 0.0 0.990586 0.0 0.0162814 0.0 0.0 0.0 0.0 0.0 0.0 0.0 0.0 0.0 0.0 0.0 8.9407e-08 0.0 0.0 0.0237847 0.0 0.0 0.0 0.0 0.004206 0.0 0.0 0.0 4.17233e-07 0.0 0.0 0.0 0.0 0.0 0.0 0.0 0.0 0.0 0.0 0.0 0.0 0.0 0.0 0.0 0.0 0.0 0.00712416 0.0 0.0 0.0
0.0 0.0 0.0 0.0 0.0 0.0 0.0 0.0 0.0 0.0 0.0 0.0 0.0 0.0 0.0 0.0 0.0 0.0 0.0 0.0 0.0 0.0 0.0 0.0 0.0 0.0 0.0 0.0 0.0 0.0 0.0 0.0 0.0 0.0 0.0 0.0 0.0 0.0 0.0 0.0 0.0 0.0 0.0 0.0 0.0 0.0 0.0 0.0 0.0 0.0 0.0 0.0 0.0 0.0 0.0 0.0 0.0 0.0 0.0 0.0 0.0 0.999991 0.0 0.0
0.0 0.0 0.0 0.0 3.79682e-05 0.0 0.0 0.0 0.0 0.0 0.0 0.0 2.98023e-08 0.0 0.0 0.0 0.0 0.98805 0.0 0.0 0.0 0.0 0.0 0.0 0.0 0.0 0.0 0.0 0.0 0.0 0.0 0.0 0.0 0.0 0.0 0.0 0.0 0.0 0.0 0.0 0.0 0.0 0.0 0.0 0.0 0.0 0.0 0.0 0.0 0.0 0.0 0.224723 0.0 0.0 0.0 0.00461239 0.0378264 0.0 0.0 0.0 0.0 0.0 0.000998497 0.0
0.0 0.0 0.0 0.0 0.0 0.0 0.0 0.0 0.0 1.0 0.0 0.0 0.0 0.0 0.0 0.0 0.0 0.0 0.0 0.0 0.0 0.0 0.0 0.0 0.991735 0.0 0.0 0.0 0.0 0.0 0.0 0.0 0.0 0.0 0.0 0.0 0.0 0.0 0.0 0.0 0.0 0.0 0.0 0.0 0.0473877 0.0 0.0 0.0 0.0 0.0 0.0 0.0 0.0 0.0 0.0 0.0 0.0 0.0 0.0 0.0 0.0 3.01003e-06 0.0 0.0
0.0 0.0 0.0 0.0 0.0 0.0 0.0 0.0 3.66569e-06 0.0 0.0 0.0 0.0 0.0 0.0 0.0 0.0 0.0 0.0 0.0 0.0 0.0 0.0 0.0 0.0 0.0 2.98023e-08 0.0 0.0 0.0 0.0 0.0 0.0 0.0 0.0 0.0 0.0 0.0 0.0 0.0 0.0 0.0 0.0 0.0 0.0 0.0 0.0 0.0200342 0.0 0.0 0.0 0.0 0.0 0.0 0.0 4.67896e-06 0.0 0.0 0.99888 0.0 0.0 0.0 5.96046e-08 0.0
0.0 1.34706e-05 0.0 0.0 0.0 2.15769e-05 0.893396 0.0 0.0 0.0 0.0 0.0 0.0 0.000471383 1.64211e-05 0.0 2.68221e-07 0.0 4.47035e-07 0.0 0.0 0.0 0.0 0.0 0.0 0.0 0.0 0.0 0.999211 8.9407e-08 0.697039 0.0 0.0 0.000128418 8.34465e-07 0.0 0.0 0.0 0.0 0.0 0.0 2.98023e-08 0.0 9.36091e-05 0.0 0.0 7.03037e-05 0.0 0.0 0.0 0.242027 0.0 4.76837e-07 0.0 0.00230309 0.0 0.0 0.0 0.0 0.0 9.80496e-06 0.0 0.0 0.0
0.0 3.8743e-07 0.0 2.98023e-08 0.0 0.0 5.96046e-08 0.0 0.0 0.0 0.0 0.0 0.0 0.0 0.0 0.0 0.348234 0.0 0.00170884 0.0 0.0 0.0 0.0 0.0 0.0 0.0 0.0 0.0 1.06394e-05 0.0 3.92795e-05 0.0 0.0 0.0034233 0.0 0.0 0.0 0.0 0.00188079 0.0 0.0 0.0 2.38419e-07 0.0 0.0 0.0 0.0 0.0 0.0 0.0 1.49012e-07 0.0 0.0 0.0 0.0 0.0 0.0 0.0 0.0 0.0 0.950627 0.0 0.0 0.0
0.0 0.0 0.0 0.0 0.0 0.0 0.0 0.0 0.0 0.0 0.0 0.0 0.0 0.0 0.0 0.0 0.0 0.0 0.0 0.0 0.0 0.0511551 1.78814e-07 0.0 0.0 0.0 0.0 0.0 0.0 0.0 0.0 0.0 0.0 0.0 0.0 0.0 0.0 8.10921e-05 0.0 0.0 5.17666e-05 0.0 0.0 0.0 0.0 0.0 0.0 0.0 0.0 0.0 0.0 0.0 0.0 0.0 0.0 0.0 0.0 6.4373e-06 0.0 0.0 0.0 0.0 0.0 0.0
0.0 0.0 0.0 0.978318 0.0 0.0 0.0 0.0 0.0 0.0 0.0 0.0 0.0 0.0 0.0 0.0 0.0 0.0 2.80738e-05 0.0 0.0 0.0 0.0 0.0 0.0 0.0 0.0 1.78814e-07 0.0 0.0 0.0 0.0 0.0 1.18911e-05 0.0 0.0 0.0 0.0 3.8743e-07 0.0 0.0 0.0 0.0 0.0 0.0 0.0 0.0 0.0 0.0 0.0 0.0 0.0 2.98023e-08 0.0 0.0 0.0 0.0 0.0 0.0 0.0 0.0 0.0 8.9407e-08 0.0
0.0 5.83231e-05 0.0 0.0 0.0109987 0.0 0.0 6.33895e-05 0.0 0.0 0.0 0.0 0.000131786 0.0 1.02222e-05 0.0 0.0 0.00461149 0.0 0.0 0.0 0.0 0.0 0.0 0.0 0.0 2.28286e-05 2.05636e-06 0.0 0.0 0.0 0.0 0.0 0.0 0.0 0.0 0.0 0.0 0.0 0.0 0.0 0.0 0.0 0.0 0.0 0.0 0.0 0.0 0.0 0.0 0.0 0.000595897 2.44379e-05 0.0 0.0 0.0039807 3.63588e-06 0.0 1.19209e-07 1.16825e-05 0.0 0.0 0.997757 0.0
0.0 0.0 0.0 0.0 0.0 0.0 0.0 0.0 0.0 0.0 0.0 0.0 0.0 0.0 0.0 0.868356 0.0 0.0 0.0 0.0 0.0 0.0 0.0 0.0 0.0 0.0 0.0 0.0 0.0 0.0 0.0 0.0 0.0 0.0 0.0 0.0 0.0 0.0 0.0 0.0 0.0 0.0 0.0 0.0 0.0 0.0 0.0 0.0 0.0 0.0 0.0 0.0 0.0 0.956581 0.0 0.0 0.0 0.0 0.0 0.0 0.0 0.0 0.0 0.966753
0.0 0.0 0.0 0.0 0.0 0.0 0.0 0.0 0.0 0.0 0.0 0.0 0.0 0.0 0.0 0.0 0.0 0.0 0.0 0.0 2.68221e-07 0.0268407 0.000120401 0.0 0.0 0.0 0.0 0.0 0.0 0.0 0.0 0.0 0.0 0.0 0.0 0.0 0.0 0.000137955 0.0 0.0 1.96695e-06 0.0 0.0 0.0 0.0 0.0 0.0 0.0 0.0 0.0 0.0 0.0 0.0 0.0 0.0 0.0 0.0 0.000790805 0.0 0.0 0.0 0.0 0.0 0.0
0.0 2.77162e-06 0.0 5.96046e-08 1.26362e-05 1.85072e-05 0.0 7.27177e-06 0.0490941 0.0 0.0 0.0 1.7643e-05 0.0 2.98023e-08 0.0 0.0 8.9407e-08 0.0 0.0 0.0 0.0 0.0 0.0 0.0 0.0 0.998705 0.267378 0.0 0.0 0.0 0.0 0.0 0.0 0.0 0.0 0.0 0.0 0.0 0.0 0.0 0.0 0.0 8.9407e-08 0.0 0.0 0.0 0.000725031 0.0 0.0 0.0 1.04308e-06 0.000425041 0.0 0.0 0.00027132 0.0 0.0 3.70145e-05 0.0 0.0 0.0 3.79086e-05 0.0
0.0 0.0 0.0 0.0 5.83529e-05 0.0 0.0 0.0 0.0 0.0 0.0 0.0 1.2815e-06 0.0 0.0 0.0 0.0 0.154941 0.0 0.0 0.0 0.0 0.0 0.0 0.0 0.0 0.0 0.0 0.0 0.0 0.0 0.0 0.0 0.0 0.0 0.0 0.0 0.0 0.0 0.0 0.0 0.0 0.0 0.0 0.0 0.0 0.0 0.0 0.0 0.0 0.0 0.97627 0.0 0.0 0.0 0.00666413 0.00435933 0.0 0.0 0.0 0.0 0.0 0.00351307 0.0
0.817943 0.0 0.0 0.0 0.0 0.0 0.0 0.0 0.0 0.0 0.0 0.0 0.0 0.0 0.0 0.0 0.0 0.0 0.0 0.0 0.0 0.0 0.0 0.0 0.0 0.0 0.0 0.0 0.0 0.0 0.0 0.0 0.0 0.0 0.0 0.0 0.0 0.0 0.0 0.0 0.0 0.0 0.0 0.0 0.0 0.0 0.0 0.0 0.848271 0.0 0.0 0.0 0.0 0.0 0.0 0.0 0.0 0.0 0.0 0.0 0.0 0.0 0.0 0.0
0.0 0.0 0.0 0.0 0.0 0.0 0.0 0.0 0.0 0.0 0.0 0.0 0.0 0.0 0.0 0.0 0.0 0.0 0.0 0.0 0.0 0.0 0.0 0.0 0.0 0.0 0.0 0.0 0.0 0.0 0.0 0.0 0.0 0.0 0.0 0.0 0.0 0.0 0.0 0.0 0.0 0.0 0.0 0.0 0.0 0.999987 0.0 0.0 0.0 0.0 0.0 0.0 0.0 0.0 0.0 0.0 0.0 0.0 0.0 0.0 0.0 0.0 0.0 0.0
0.0 0.0 0.0 0.0 0.0 0.0 2.98023e-07 0.0 0.0 0.0 0.0 0.0 0.0 2.30074e-05 1.19209e-07 0.0 0.0 0.0 0.0 0.0 0.0 0.0 0.0 0.0 0.0 0.0 0.0 0.0 0.000377238 8.9407e-08 0.989487 0.0 0.0 0.0 8.9407e-08 0.0 0.0 0.0 0.0 0.0 0.0 0.0 0.0 5.96046e-08 0.0 0.0 2.47359e-06 0.0 0.0 0.0 0.998964 0.0 0.0 0.0 0.000876665 0.0 0.0 0.0 0.0 0.0 0.0 0.0 0.0 0.0
0.0 0.0 0.0 0.0 0.000116408 0.0 0.0 8.9407e-08 0.0 0.0 0.0 0.0 2.99215e-05 0.0 0.0 0.0 0.0 0.116718 0.0 0.0 0.0 0.0 0.0 0.0 0.0 0.0 2.18451e-05 4.76837e-07 0.0 0.0 0.0 0.0 0.0 0.0 0.0 0.0 0.0 0.0 0.0 0.0 0.0 0.0 0.0 0.0 0.0 0.0 0.0 5.96046e-08 0.0 0.0 0.0 0.094192 1.10269e-06 0.0 0.0 0.996047 9.77516e-06 0.0 8.27312e-05 0.0 0.0 0.0 0.00740194 0.0
0.0 0.000339806 0.0 0.0 0.0 0.999427 5.96046e-08 0.000178397 0.0 0.0 0.0 0.0 2.98023e-08 0.904719 0.219971 0.0 0.0 0.0 0.0 0.0 0.0 0.0 0.0 0.0 0.0 0.0 1.3113e-06 1.49012e-06 1.78814e-07 0.0 0.158292 0.0 0.0 0.0 0.0 0.0 0.0 0.0 0.0 0.0 0.0 0.0 0.0 0.00746071 0.0 0.0 0.0 2.08616e-07 0.0 0.0 0.0 0.0 3.09944e-06 0.0 0.0 0.0 0.0 0.0 0.0 7.56979e-06 0.0 0.0 0.0 0.0
0.0 0.0 0.0 0.0 0.0 0.0 0.0 0.0 0.0 0.0 0.0 0.0 0.0 0.0 0.0 1.19209e-07 0.0 0.00523677 0.0 0.0 0.0 0.0 0.0 0.0 0.0 0.0 0.0 0.0 0.0 0.0 0.0 0.0 0.0 0.0 0.0 0.0 0.0 0.0 0.0 0.0 0.0 0.0 0.0 0.0 0.0 0.0 0.0 0.0 0.0 0.0 0.0 0.0337889 0.0 4.17233e-07 0.0 2.98023e-07 0.996739 0.0 0.0 0.0 0.0 0.0 2.98023e-07 0.0
0.0 0.0 0.0 0.0 0.0 0.0 0.0 0.0 0.0 0.0 0.0 0.0 0.0 0.0 0.0 0.979008 0.0 0.0 0.0 0.0 0.0 0.0 0.0 0.0 0.0 0.0 0.0 0.0 0.0 0.0 0.0 0.0 0.0 0.0 0.0 0.0 0.0 0.0 0.0 0.0 0.0 0.0 0.0 0.0 0.0 0.0 0.0 0.0 0.0 0.0 0.0 0.0 0.0 0.963652 0.0 0.0 1.19209e-07 0.0 0.0 0.0 0.0 0.0 0.0 0.612736
10 31 46 30 6 42 41 36 20 11 9 23 53 13 34 19 21 37 24 47 63 52 49 2 40 57 44 58 15 62 60 22 0 48 61 45 32 56 55 33 1 28 5 17 8 51 26 4 27 14 12 35 18 3 43 59 7 38 29 39 25 54 16 50
