8
0.0 0.0 0.0 0.0 0.0 0.0 0.0 0.0 0.0 0.0 0.0 0.0 0.0 0.0 0.0 0.0 0.0 0.0 0.0 0.0 0.0 0.0 0.0 0.0 0.0 0.0 0.0 0.0 0.998586 0.0 0.0 0.0 0.0 0.0 0.0 0.0 0.0 0.0 0.0 0.0 0.0 0.0 0.0 0.0 0.0 0.0 0.0 0.0 0.0 0.0 0.0 0.0 0.0 0.0 0.0 0.0 0.0 0.0 0.0 0.0 0.0 0.0 0.0 0.0
0.0 1.24276e-05 0.382536 0.0 0.0 0.0 0.0 0.13306 0.000187099 2.95043e-06 0.0 0.00188491 0.0 0.0 0.0 0.0 0.0 0.647036 0.0 0.0149542 0.0 1.49012e-07 0.0 0.0 0.0 0.128399 0.0 0.000885546 0.0 0.0 4.17233e-07 0.0 0.0 0.0 0.0 1.19209e-07 0.0 0.0 1.07288e-05 0.00585344 1.13249e-06 0.000807166 0.980282 0.0 0.0 0.0 0.0 0.0 0.0 0.983582 0.0 0.0 0.0 0.0 0.0 0.0 0.0 0.000937879 0.0 0.0 0.0 0.0 0.00214797 0.000463575
0.0 0.0 0.0 0.0 0.0 0.0 0.0 0.0 0.0 0.0 0.0 0.0 0.0 0.0 0.0 9.74536e-06 3.27826e-07 0.0 0.0 0.0 0.0 0.0 0.0 0.0 0.0 0.0 0.0 0.0 0.0 0.0 0.0 0.0 4.09782e-05 0.0 0.0 0.0 2.57194e-05 0.0 0.0 0.0 0.0 0.0 0.0 0.0 0.992868 0.0 5.69224e-06 0.0 0.0 0.0 0.0 0.931203 0.0 0.0 0.0 0.0 0.0 0.0 0.0 0.0 0.0 5.06639e-07 0.0 0.0
0.0 0.0 0.0 0.0 0.0 0.0 0.0 0.0 0.0 0.0 0.0 0.0 0.0 3.84152e-05 2.18153e-05 0.0 0.0 0.0 0.0 0.0 0.000102192 0.0 0.0 0.0 5.06639e-07 0.0 0.000316888 0.0 0.0 0.0 0.0 0.0 0.0 0.0 7.45058e-07 0.0 0.0 0.000430852 0.0 0.0 0.0 0.0 0.0 0.0 0.0 0.0 0.0 2.5332e-06 0.0 0.0 0.0 0.0 0.999971 0.0 0.0 0.0 5.30481e-06 0.0 0.0 7.69198e-05 0.0 0.0 0.0 0.0
0.0 0.0 0.0 0.0 0.0 0.0 0.0 0.0 0.0 0.0 0.0 0.0 0.0 0.0 3.24249e-05 0.0 0.0 0.0 0.0 0.0 4.47035e-07 0.0 0.0 0.0 0.995288 0.0 0.0 0.0 0.0 0.0 0.0 0.0 0.0 1.49012e-07 9.05097e-05 0.0 0.0 0.0 0.0 0.0 0.0 0.0 0.0 0.0566967 0.0 0.0 0.0 0.0 0.0 0.0 0.0 0.0 5.96046e-08 0.0 0.0 0.0 0.0 0.0 0.0184306 0.0 0.0 2.5928e-06 0.0 0.0
0.0 0.0 0.0 0.0 0.0 2.98023e-05 0.0 0.0 0.0 0.0 0.0 0.0 0.0 0.0 0.0 0.0 0.0 0.0 0.0 0.0 0.0 0.0 0.0 0.0 0.0 0.0 0.0 0.0 0.0 0.0 0.0 5.36442e-07 0.0 0.0 0.0 0.0 0.0 0.0 0.0 0.0 0.0 0.0 0.0 0.0 0.0 0.994899 0.0 0.0 0.0 0.0 0.0 0.0 0.0 0.0 0.0 0.0 0.0 0.0 0.0 0.0 1.04308e-06 0.0 0.0 0.0
0.0 0.96918 0.103142 0.0 0.0189542 0.0 0.0 0.997394 0.0239444 0.890484 0.0 0.0 0.0 0.0 0.0 0.0 0.0 0.83668 0.0 0.980117 0.0 3.73423e-05 0.0270688 0.0 0.0 0.996094 0.0 0.981333 0.0 0.0 0.0 0.0 0.0 0.0 0.0 0.0 0.0 0.0 0.941875 0.0162139 0.840879 0.981528 0.0225806 0.0 0.0 0.0 0.0 0.0 0.0346548 0.00708225 0.107296 0.0 0.0 0.0 0.0 0.0 0.0 0.974795 0.0 0.0 0.0 0.0 0.97439 0.959934
0.0 0.0 8.34465e-07 0.0 0.0 0.0 0.0 0.0 0.0 0.0 0.0 0.984839 0.0 0.0 0.0 0.0 0.0 0.0 0.0 0.0 0.0 0.0 0.0 0.0 0.0 0.0 0.0 0.0 0.0 0.0 5.06639e-07 0.0 0.0 0.0 0.0 0.585721 0.0 0.0 0.0 1.49012e-07 0.0 0.0 5.26309e-05 0.0 0.0 0.0 0.0 2.51532e-05 0.0 9.44436e-05 0.0 0.0 0.0 0.0 0.0 0.0 0.0 0.0 0.0 0.0 0.0 0.0 0.0 0.0
0.0 0.000124335 0.0 0.0 0.00564674 0.0 0.0 3.27826e-06 0.0 9.47714e-06 0.0 0.0 0.0 0.0 0.0 0.0 0.0 0.0 0.0 0.0 0.0 0.0 0.00029695 0.0 0.0 2.65241e-06 0.0 1.19209e-07 0.0 0.0 0.0 0.0 0.0 0.0 0.0 0.0 0.0 0.0 1.19209e-06 0.0 3.96371e-06 5.96046e-08 0.0 0.0 0.0 0.0 0.0 0.0 0.000344038 0.0 0.351429 0.0 0.0 0.993867 0.0 0.0 0.0 1.78814e-07 0.0 0.0 0.0 0.0 2.98023e-08 2.08616e-07
1.19209e-07 0.992406 1.17123e-05 0.0 0.719949 0.0 0.0 0.77542 0.000641137 0.921942 0.0 0.0 0.0 0.0 0.0 0.0 0.0 0.000221103 0.0 0.0207168 0.0 3.36766e-05 0.979431 0.0 0.0 0.675974 0.0 0.223745 0.0 0.0 0.0 0.0 0.0 0.0 0.0 0.0 0.0 0.0 0.868962 5.6088e-05 0.916747 0.25128 4.47035e-07 0.0 0.0 0.0 0.0 0.0 0.982813 1.78814e-07 0.99449 0.0 0.0 2.80142e-06 0.0 0.0 0.0 0.21865 0.0 0.0 0.0 0.0 0.0810502 0.221335
0.0 0.0 0.0 0.0 0.0 0.0 0.0 0.0 0.0 0.0 0.0 0.0 0.0 0.0 0.0 0.0 0.0 0.0 0.0 0.0 5.36442e-07 0.0 0.0 2.68221e-06 0.0 0.0 0.0 0.0 0.0 0.99981 0.0 0.0 0.0 0.0 0.0 0.0 0.0 0.0 0.0 0.0 0.0 0.0 0.0 0.0 0.0 0.0 0.0 0.0 0.0 0.0 0.0 0.0 0.0 0.0 0.0 0.0 0.0 0.0 0.0 0.0 0.0 0.0 0.0 0.0
0.0 0.0 0.0 1.3411e-06 0.0 0.0 3.57628e-07 0.0 0.0 0.0 0.0 0.0 0.000407219 0.000865579 0.999997 0.0 0.0 0.0 0.0 0.0 0.0 0.0 0.0 0.0 2.68221e-07 0.0 5.57303e-06 0.0 0.0 0.0 0.0 0.0 0.0 0.0 1.49012e-07 0.0 0.0 0.0 0.0 0.0 0.0 0.0 0.0 1.49012e-07 0.0 0.0 0.0 1.49012e-07 0.0 0.0 0.0 0.0 1.43051e-06 0.0 8.9407e-08 5.51343e-06 2.98023e-08 0.0 0.0 0.0 0.0 0.0 0.0 0.0
0.0 0.0 0.0 0.0 0.0 0.0 0.0 0.0 0.0 0.0 0.0 0.0 0.0 0.0 0.0 0.991784 0.00155741 0.0 0.000161856 0.0 0.0 0.0 0.0 0.0 0.0 0.0 0.0 0.0 0.0 0.0 0.0 0.0 0.546934 0.0 0.0 0.0 7.35223e-05 0.0 0.0 0.0 0.0 0.0 0.0 0.0 5.66244e-07 0.0 4.11272e-06 0.0 0.0 0.0 0.0 3.96371e-06 0.0 0.0 0.0 0.0 0.0 0.0 0.0 0.0 0.0 0.0 0.0 0.0
0.0 0.0 0.0 0.0 0.0 0.0 0.0 0.0 0.0 0.0 0.0 0.0 0.0 0.0 5.96046e-08 0.0 0.0 0.0 0.0 0.0 3.27826e-07 0.0 0.0 2.98023e-08 0.0263301 0.0 0.0 0.0 0.0 0.0 0.0 0.0 0.0 0.0 6.85453e-07 0.0 0.0 0.0 0.0 0.0 0.0 0.0 0.0 0.0129048 0.0 0.0 0.0 0.0 0.0 0.0 0.0 0.0 0.0 0.0 0.0 0.0 0.0 0.0 0.99827 0.0 0.0 0.00417635 0.0 0.0
0.0 0.0 0.0 0.0 0.0 0.0 0.00111336 0.0 0.0 0.0 0.0 0.0 0.0 0.0 0.0 0.0 0.0 0.0 0.0 0.0 0.0 0.0 0.0 0.0 0.0 0.0 0.0 0.0 0.0 0.0 0.0 0.0 0.0 1.0 3.27826e-07 0.0 0.0 0.0 0.0 0.0 0.0 0.0 0.0 0.0 0.0 0.0 0.0 0.0 0.0 0.0 0.0 0.0 0.0 0.0 0.0 0.0 0.0 0.0 0.0 0.0 0.0 0.0 0.0 0.0
0.0 0.0 0.0 0.0 0.0 0.0 0.0 0.0 0.0 0.0 0.0 0.0 0.0 0.0 0.0 0.0250298 0.997538 0.0 0.00393835 0.0 0.0 0.0 0.0 0.0 0.0 0.0 0.0 0.0 0.0 0.0 0.0 0.0 8.90195e-05 0.0 0.0 0.0 0.00424352 0.0 0.0 0.0 0.0 0.0 0.0 0.0 1.78814e-07 0.0 0.00491437 0.0 0.0 0.0 0.0 9.74536e-06 0.0 0.0 0.0 0.0 0.0 0.0 0.0 0.0 0.0 0.0 0.0 0.0
0.0 0.0 0.0 0.0 0.0 0.0 0.0 0.0 0.0 0.0 0.0 0.0 0.0 0.0 0.0 0.00262636 0.00202137 0.0 0.99853 0.0 0.0 0.0 0.0 0.0 0.0 0.0 0.0 0.0 0.0 0.0 0.0 0.0 1.78814e-07 0.0 0.0 0.0 4.22299e-05 0.0 0.0 0.0 0.0 0.0 0.0 0.0 0.0 0.0 1.01328e-06 0.0 0.0 0.0 0.0 0.0 0.0 0.0 0.0 0.0 0.0 0.0 0.0 0.0 0.0 0.0 0.0 0.0
2.80142e-06 0.999521 3.12626e-05 0.0 0.94238 0.0 0.0 0.932748 0.000594378 0.975439 0.0 0.0 0.0 0.0 0.0 0.0 0.0 0.000588447 0.0 0.0529999 0.0 0.000238359 0.992848 0.0 0.0 0.843817 0.0 0.355467 0.0 0.0 0.0 0.0 0.0 0.0 0.0 0.0 0.0 0.0 0.897326 8.46684e-05 0.989224 0.412137 1.10269e-06 0.0 0.0 0.0 0.0 0.0 0.995126 1.78814e-07 0.99954 0.0 0.0 5.26309e-05 0.0 0.0 0.0 0.50983 0.0 0.0 0.0 0.0 0.155898 0.306231
0.0 0.0 0.0 0.0 0.0 0.0 0.0 0.0 0.0 0.0 0.0 0.0 0.0 0.0 0.0 0.0 2.88188e-05 0.0 0.0 0.0 0.0 0.0 0.0 0.0 0.0 0.0 0.0 0.0 0.0 0.0 0.0 0.0 8.9407e-08 0.0 0.0 0.0 0.000696301 0.0 0.0 0.0 0.0 0.0 0.0 0.0 0.0456668 0.0 0.00533426 0.0 0.0 0.0 0.0 0.04562 0.0 0.0 0.0 0.0 0.0 0.0 2.08616e-07 0.0 0.0 6.50883e-05 0.0 0.0
0.0 0.989015 0.00378931 0.0 0.214381 0.0 0.0 0.994746 0.0128617 0.983867 0.0 0.0 0.0 0.0 0.0 0.0 0.0 0.128195 0.0 0.894614 0.0 0.000211477 0.542337 0.0 0.0 0.99391 0.0 0.958421 0.0 0.0 0.0 0.0 0.0 0.0 0.0 0.0 0.0 0.0 0.980963 0.00337216 0.969851 0.961379 0.000471294 0.0 0.0 0.0 0.0 0.0 0.704101 0.000127882 0.859499 0.0 0.0 0.0 0.0 0.0 0.0 0.965699 0.0 0.0 0.0 0.0 0.944918 0.962531
0.0 0.0 0.0 0.0 0.0 0.0 0.0 0.0 0.0 0.0 0.0 0.0 0.0 9.23872e-07 0.0 0.0 0.0 0.0 0.0 0.0 0.344439 0.0 0.0 2.89083e-06 1.19209e-07 0.0 5.96046e-08 0.0 0.0 2.68221e-07 0.0 0.0 0.0 0.0 1.01328e-06 0.0 0.0 4.67896e-06 0.0 0.0 0.0 0.0 0.0 0.0 0.0 0.0 0.0 0.0 0.0 0.0 0.0 0.0 1.19507e-05 0.0 0.0 0.0 0.0166002 0.0 0.0 0.996933 0.0 0.0 0.0 0.0
0.0 0.0231603 0.008674 0.0 6.49691e-06 0.0 0.0 0.124914 0.0117889 0.000829399 0.0 2.47359e-06 0.0 0.0 0.0 0.0 0.0 0.0182958 0.0 0.0278223 0.0 1.46031e-06 7.62939e-06 0.0 0.0 0.398879 0.0 0.0182266 0.0 0.0 0.0 0.0 0.0 0.0 0.0 0.0 0.0 0.0 0.00133017 0.996073 0.00120553 0.0218578 0.0102783 0.0 0.0 0.0 0.0 0.0 1.09971e-05 0.00634077 2.21133e-05 0.0 0.0 0.0 0.0 0.0 0.0 0.0144514 0.0 0.0 0.0 0.0 0.0220769 0.00874743
2.98023e-08 0.995573 0.00223437 0.0 0.364402 0.0 0.0 0.993271 0.00270781 0.975575 0.0 0.0 0.0 0.0 0.0 0.0 0.0 0.0404253 0.0 0.677686 0.0 0.000105053 0.772088 0.0 0.0 0.978886 0.0 0.898389 0.0 0.0 0.0 0.0 0.0 0.0 0.0 0.0 0.0 0.0 0.973006 0.00102577 0.986037 0.934542 8.41916e-05 0.0 0.0 0.0 0.0 0.0 0.736321 1.98185e-05 0.910567 0.0 0.0 2.98023e-08 0.0 0.0 0.0 0.935495 0.0 0.0 0.0 0.0 0.840903 0.861207
0.0 0.0 0.0 0.0 0.0 0.0 0.0 0.0 0.0 0.0 0.0 0.0 0.0 0.0 1.78814e-07 0.0 0.0 0.0 0.0 0.0 0.0 0.0 0.0 0.0 0.00837973 0.0 0.0 0.0 0.0 0.0 0.0 0.0 0.0 2.98023e-07 0.0 0.0 0.0 0.0 0.0 0.0 0.0 0.0 0.0 0.98648 0.0 0.0 0.0 0.0 0.0 0.0 0.0 0.0 0.0 0.0 0.0 0.0 0.0 0.0 0.000861019 0.0 0.0 0.00136778 0.0 0.0
0.0 0.0 0.0 0.0 0.0 0.0 0.0 0.0 0.0 0.0 0.0 0.0 0.0 0.0 0.0 5.39422e-06 0.00343919 0.0 3.93391e-06 0.0 0.0 0.0 0.0 0.0 0.0 0.0 0.0 0.0 0.0 0.0 0.0 0.0 4.17233e-07 0.0 0.0 0.0 0.864435 0.0 0.0 0.0 0.0 0.0 0.0 0.0 8.31485e-06 0.0 0.9979 0.0 0.0 0.0 0.0 8.53837e-05 0.0 0.0 0.0 0.0 0.0 0.0 0.0 0.0 0.0 1.14739e-05 0.0 0.0
0.0 0.0 0.0 2.98023e-08 0.0 0.0 0.0 0.0 0.0 0.0 0.0 0.0910706 0.0 0.0 0.0 0.0 0.0 0.0 0.0 0.0 0.0 0.0 0.0 0.0 0.0 0.0 5.96046e-08 0.0 0.0 0.0 0.0 0.0 0.0 0.0 0.0 0.987642 0.0 0.0 0.0 0.0 0.0 0.0 0.0 0.0 0.0 0.0 0.0 0.00206599 0.0 0.0 0.0 0.0 0.0 0.0 0.0 0.0 0.0 0.0 0.0 0.0 0.0 0.0 0.0 0.0
0.0 0.0 0.0 0.0 0.0 0.0 0.0 0.0 0.0 0.0 0.0 0.0 0.0 0.0 0.0 0.0 0.0 0.0 0.0 0.0 0.0 0.0 0.0 0.0 2.17557e-06 0.0 0.0 0.0 0.0 0.0 0.0 0.0 0.0 0.0 0.0 0.0 9.23872e-07 0.0 0.0 0.0 0.0 0.0 0.0 0.0172306 2.44677e-05 0.0 5.91278e-05 0.0 0.0 0.0 0.0 2.11596e-05 0.0 0.0 0.0 0.0 0.0 0.0 0.0267394 0.0 0.0 0.971672 0.0 0.0
6.07967e-06 0.987923 8.9407e-08 0.0 0.983916 0.0 0.0 0.100991 4.59552e-05 0.42974 0.0 0.0 0.0 0.0 0.0 0.0 0.0 3.18885e-06 0.0 0.000325859 0.0 1.85966e-05 0.987235 0.0 0.0 0.0601541 0.0 0.00463524 0.0 0.0 0.0 0.0 0.0 0.0 0.0 0.0 0.0 0.0 0.119292 1.01328e-06 0.560843 0.00577819 0.0 0.0 0.0 0.0 0.0 0.0 0.983454 0.0 0.999874 0.0 0.0 0.0213051 0.0 0.0 0.0 0.00593063 0.0 0.0 0.0 0.0 0.00138417 0.00556415
0.0 0.946302 0.129314 0.0 0.0146825 0.0 0.0 0.997562 0.0547696 0.843323 0.0 0.0 0.0 0.0 0.0 0.0 0.0 0.772882 0.0 0.980575 0.0 1.82092e-05 0.0109548 0.0 0.0 0.996985 0.0 0.985818 0.0 0.0 0.0 0.0 0.0 0.0 0.0 0.0 0.0 0.0 0.929892 0.0280997 0.734622 0.979688 0.0379533 0.0 0.0 0.0 0.0 0.0 0.0163582 0.0118928 0.0550865 0.0 0.0 0.0 0.0 0.0 0.0 0.98051 0.0 0.0 0.0 0.0 0.984841 0.977187
0.0 0.0 0.0 0.0 0.0 0.0 0.0 0.0 0.0 0.0 0.0 0.0 0.0 1.2219e-06 0.0 0.0 0.0 0.0 0.0 0.0 0.989842 0.0 0.0 3.33786e-06 4.8548e-05 0.0 2.98023e-08 0.0 0.0 1.2815e-06 0.0 0.0 0.0 0.0 0.000258803 0.0 0.0 1.19209e-07 0.0 0.0 0.0 0.0 0.0 5.96046e-08 0.0 0.0 0.0 0.0 0.0 0.0 0.0 0.0 1.4931e-05 0.0 0.0 0.0 3.74615e-05 0.0 7.56979e-06 0.00790098 0.0 0.0 0.0 0.0
2.68221e-07 0.903755 0.161728 0.0 0.00215942 0.0 0.0 0.88302 2.67625e-05 0.0289145 0.0 0.0 0.0 0.0 0.0 0.0 0.0 0.225218 0.0 0.183849 0.0 0.000523627 0.00272554 0.0 0.0 0.61993 0.0 0.100679 0.0 0.0 0.0 0.0 0.0 0.0 0.0 0.0 0.0 0.0 0.065871 0.00369588 0.248383 0.322779 0.0169692 0.0 0.0 0.0 0.0 0.0 0.00153458 0.00411591 0.0156652 0.0 0.0 0.0 0.0 0.0 0.0 0.144424 0.0 0.0 0.0 0.0 0.0913952 0.0190666
0.0 0.0 0.0 0.0 0.0 0.0 0.0 0.0 0.0 0.0 0.0 0.0 0.997922 0.0 0.000304878 0.0 0.0 0.0 0.0 0.0 0.0 0.0 0.0 0.0 0.0 0.0 0.0 0.0 0.0 0.0 0.0 0.0 0.0 0.0 2.5034e-06 0.0 0.0 0.0 0.0 0.0 0.0 0.0 0.0 0.0 0.0 0.0 0.0 8.9407e-08 0.0 0.0 0.0 0.0 0.0 0.0 1.25766e-05 0.0 0.0 0.0 0.0 0.0 0.0 0.0 0.0 0.0
0.0 0.0 0.0 0.0 0.0 0.0 0.0 0.0 0.0 0.0 0.0 0.0 0.0 0.0 0.0 0.000107974 7.80821e-05 0.0 2.65241e-06 0.0 0.0 0.0 0.0 0.0 0.0 0.0 0.0 0.0 0.0 0.0 0.0 0.0 3.33786e-05 0.0 0.0 0.0 0.53784 0.0 0.0 0.0 0.0 0.0 0.0 0.0 0.00343299 0.0 0.791581 0.0 0.0 0.0 0.0 0.00707638 0.0 0.0 0.0 0.0 0.0 0.0 0.0 0.0 0.0 5.06639e-07 0.0 0.0
0.0 0.0 0.0 0.0 0.0 0.0 0.999998 0.0 0.0 0.0 0.0 0.0 0.0 0.0 0.0 0.0 0.0 0.0 0.0 0.0 0.0 0.0 0.0 0.0 0.0 0.0 7.95722e-06 0.0 0.0 0.0 0.0 0.0 0.0 0.580357 0.0 0.0 0.0 0.0 0.0 0.0 0.0 0.0 0.0 0.0 0.0 0.0 0.0 2.98023e-08 0.0 0.0 0.0 0.0 0.0 0.0 0.0 0.0 0.0 0.0 0.0 0.0 0.0 0.0 0.0 0.0
0.999539 0.00789967 5.36442e-07 0.0 0.00108191 0.0 0.0 5.11408e-05 3.27826e-07 0.000176549 0.0 0.0 0.0 0.0 0.0 0.0 0.0 0.0 0.0 1.72853e-06 0.0 0.0346369 0.0010635 0.0 0.0 4.94719e-05 0.0 6.22869e-06 0.0 0.0 0.0 0.0 0.0 0.0 0.0 0.0 0.0 0.0 2.89977e-05 0.0 0.000459433 1.57952e-05 0.0 0.0 0.0 0.0 0.0 0.0 0.000926316 0.0 0.0101228 0.0 0.0 0.0 0.0 0.0 0.0 1.055e-05 0.0 0.0 0.0 0.0 2.05636e-06 3.42727e-06
0.0 0.0 0.0 0.994992 0.0 0.0 0.0 0.0 0.0 0.0 0.0 0.0 0.0 0.0 0.0 0.0 0.0 0.0 0.0 0.0 0.0 0.0 0.0 0.0 0.0 0.0 0.00439736 0.0 0.0 0.0 0.0 0.0 0.0 0.0 0.0 1.19209e-07 0.0 0.0 0.0 0.0 0.0 0.0 0.0 0.0 0.0 0.0 0.0 0.947048 0.0 0.0 0.0 0.0 0.0 0.0 0.0 0.0 0.0 0.0 0.0 5.96046e-08 0.0 0.0 0.0 0.0
0.0 0.0 0.0 0.0 0.0 0.0 0.0 0.0 0.0 0.0 0.0 0.0 0.0 0.0 0.0 0.0 0.0 0.0 0.0 0.0 0.0 0.0 0.0 0.0 0.0 0.0 0.0 0.0 0.0 0.0 0.0 0.0 0.0 0.0 0.0 0.0 0.0 0.0 0.0 0.0 0.0 0.0 0.0 0.0 0.0 0.0 0.0 0.0 0.0 0.0 0.0 0.0 0.0 0.0 0.0 0.0 0.0 0.0 0.0 0.0 0.0 0.0 0.0 0.0
0.0 0.0 0.0 0.0 0.0 0.993665 0.0 0.0 0.0 0.0 0.0 0.0 0.0 0.0 0.0 0.0 0.0 0.0 0.0 0.0 0.0 0.0 0.0 0.0 0.0 0.0 0.0 0.0 0.0 0.0 0.0 0.0 0.0 0.0 0.0 0.0 0.0 0.0 0.0 0.0 0.0 0.0 0.0 0.0 0.0 6.88434e-06 0.0 0.0 0.0 0.0 0.0 0.0 0.0 0.0 0.0 0.0 0.0 0.0 0.0 0.0 0.0 0.0 0.0 0.0
0.0 0.967669 0.240149 0.0 0.0237861 0.0 0.0 0.998079 0.0324731 0.913251 0.0 0.0 0.0 0.0 0.0 0.0 0.0 0.755288 0.0 0.966139 0.0 6.93202e-05 0.0254769 0.0 0.0 0.995839 0.0 0.983906 0.0 0.0 0.0 0.0 0.0 0.0 0.0 0.0 0.0 0.0 0.958015 0.0153739 0.857906 0.969221 0.0269988 0.0 0.0 0.0 0.0 0.0 0.0388912 0.00690082 0.117898 0.0 0.0 0.0 0.0 0.0 0.0 0.99028 0.0 0.0 0.0 0.0 0.982017 0.975356
0.0 0.000732422 0.989605 0.0 2.08616e-07 0.0 0.0 0.388289 0.000123769 0.000168264 0.0 8.55327e-05 0.0 0.0 0.0 0.0 0.0 0.594644 0.0 0.0615703 0.0 0.00027737 2.38419e-07 0.0 0.0 0.26233 0.0 0.0108061 0.0 0.0 2.98023e-07 0.0 0.0 0.0 0.0 8.9407e-08 0.0 0.0 0.000673234 0.0018796 0.00010404 0.0129291 0.753285 0.0 0.0 0.0 0.0 0.0 2.08616e-07 0.582926 4.47035e-07 0.0 0.0 0.0 0.0 0.0 0.0 0.0286417 0.0 0.0 0.0 0.0 0.0220317 0.00667226
0.0 0.991856 0.0072321 0.0 0.30271 0.0 0.0 0.996914 0.00891861 0.981817 0.0 0.0 0.0 0.0 0.0 0.0 0.0 0.140663 0.0 0.877587 0.0 7.71284e-05 0.735496 0.0 0.0 0.992068 0.0 0.971223 0.0 0.0 0.0 0.0 0.0 0.0 0.0 0.0 0.0 0.0 0.983099 0.00201562 0.976451 0.958162 0.000366747 0.0 0.0 0.0 0.0 0.0 0.793781 8.77082e-05 0.911025 0.0 0.0 0.0 0.0 0.0 0.0 0.975081 0.0 0.0 0.0 0.0 0.9558 0.961854
0.0 0.000171423 0.686617 0.0 8.9407e-08 0.0 0.0 0.333284 0.000261366 3.49879e-05 0.0 0.000402868 0.0 0.0 0.0 0.0 0.0 0.793804 0.0 0.0818172 0.0 2.83122e-06 0.0 0.0 0.0 0.373053 0.0 0.00520596 0.0 0.0 3.8743e-07 0.0 0.0 0.0 0.0 5.96046e-08 0.0 0.0 0.000128806 0.0125132 1.45733e-05 0.00716034 0.98653 0.0 0.0 0.0 0.0 0.0 0.0 0.961009 5.96046e-08 0.0 0.0 0.0 0.0 0.0 0.0 0.00834376 0.0 0.0 0.0 0.0 0.0138524 0.00350174
0.0 0.0397329 0.722634 0.0 6.49691e-06 0.0 0.0 0.968814 0.000407666 0.00625655 0.0 2.71201e-06 0.0 0.0 0.0 0.0 0.0 0.98906 0.0 0.818891 0.0 7.21216e-06 3.8743e-06 0.0 0.0 0.937183 0.0 0.349436 0.0 0.0 0.0 0.0 0.0 0.0 0.0 0.0 0.0 0.0 0.0259933 0.026323 0.00471601 0.460521 0.906714 0.0 0.0 0.0 0.0 0.0 5.99027e-06 0.843309 1.81794e-05 0.0 0.0 0.0 0.0 0.0 0.0 0.442676 0.0 0.0 0.0 0.0 0.481252 0.112062
6.99162e-05 0.00106445 0.000254452 0.0 6.16908e-05 0.0 0.0 0.00231129 9.17912e-06 0.0010297 0.0 0.0 0.0 0.0 0.0 0.0 0.0 2.14875e-05 0.0 0.00028342 0.0 0.996153 2.25902e-05 0.0 0.0 0.0034911 0.0 0.000127763 0.0 0.0 0.0 0.0 0.0 0.0 0.0 0.0 0.0 0.0 0.000126779 5.06639e-07 0.000803381 0.000360638 1.69277e-05 0.0 0.0 0.0 0.0 0.0 3.78191e-05 2.38419e-06 0.000165343 0.0 0.0 0.0 0.0 0.0 0.0 0.00030148 0.0 0.0 0.0 0.0 0.000125527 0.00010103
0.0 0.0 0.0 0.0 0.0 0.0 0.0 0.0 0.0 0.0 0.0 0.0 0.0 0.0 0.0 1.26958e-05 4.85778e-06 0.0 0.0 0.0 0.0 0.0 0.0 0.0 0.0 0.0 0.0 0.0 0.0 0.0 0.0 0.0 2.12491e-05 0.0 0.0 0.0 0.000401825 0.0 0.0 0.0 0.0 0.0 0.0 0.0 0.878 0.0 2.3663e-05 0.0 0.0 0.0 0.0 0.995062 0.0 0.0 0.0 0.0 0.0 0.0 0.0 0.0 0.0 7.15256e-07 0.0 0.0
0.0 0.0 0.0 0.0 0.0 0.0 0.0 0.0 0.0 0.0 0.0 5.39422e-06 0.0 0.0 0.0 0.0 0.0 0.0 0.0 0.0 0.0 0.0 0.0 0.0 0.0 0.0 0.0 0.0 0.0 0.0 0.990997 0.0 0.0 0.0 0.0 3.27826e-07 0.0 0.0 0.0 0.0 0.0 0.0 1.19209e-06 0.0 0.0 0.0 0.0 0.0 0.0 6.85453e-07 0.0 0.0 0.0 0.0 0.0 0.0 0.0 0.0 0.0 0.0 7.39098e-06 0.0 0.0 0.0
0.0 0.0 0.0 0.0 0.0 0.0 0.0 0.0 0.0 0.0 0.0 0.0 0.0 0.0 0.0 0.0011203 0.00398642 0.0 0.00182745 0.0 0.0 0.0 0.0 0.0 0.0 0.0 0.0 0.0 0.0 0.0 0.0 0.0 5.26905e-05 0.0 0.0 0.0 0.993663 0.0 0.0 0.0 0.0 0.0 0.0 0.0 3.49581e-05 0.0 0.436634 0.0 0.0 0.0 0.0 0.0014112 0.0 0.0 0.0 0.0 0.0 0.0 0.0 0.0 0.0 0.0 0.0 0.0
0.0 0.0 0.0 0.0 0.0 0.0 0.0 0.0 0.0 0.0 0.0 0.0 0.0 0.000129759 2.68221e-06 0.0 0.0 0.0 0.0 0.0 3.83854e-05 0.0 0.0 3.60608e-05 0.0 0.0 8.9407e-08 0.0 0.0 1.81794e-06 0.0 0.0 0.0 0.0 2.98023e-08 0.0 0.0 0.0 0.0 0.0 0.0 0.0 0.0 0.0 0.0 0.0 0.0 0.0 0.0 0.0 0.0 0.0 7.7486e-07 0.0 0.0 0.0 0.987075 0.0 0.0 0.0193879 0.0 0.0 0.0 0.0
1.49012e-07 0.9912 7.06315e-06 0.0 0.890147 0.0 0.0 0.73727 0.000499725 0.91149 0.0 0.0 0.0 0.0 0.0 0.0 0.0 0.000151694 0.0 0.0120423 0.0 1.72555e-05 0.984604 0.0 0.0 0.534754 0.0 0.137399 0.0 0.0 0.0 0.0 0.0 0.0 0.0 0.0 0.0 0.0 0.803737 2.07424e-05 0.877777 0.13773 2.98023e-07 0.0 0.0 0.0 0.0 0.0 0.980474 1.49012e-07 0.996518 0.0 0.0 1.68383e-05 0.0 0.0 0.0 0.166123 0.0 0.0 0.0 0.0 0.0505416 0.173126
0.0 0.0 0.0 0.0 0.0 0.0 0.0 0.0 0.0 0.0 0.0 0.0 1.57952e-06 2.98023e-08 1.07288e-05 0.0 0.0 0.0 0.0 0.0 4.60744e-05 0.0 0.0 0.0 0.0221236 0.0 0.0 0.0 0.0 0.0 0.0 0.0 0.0 2.08616e-07 0.999093 0.0 0.0 0.0 0.0 0.0 0.0 0.0 0.0 1.2517e-06 0.0 0.0 0.0 0.0 0.0 0.0 0.0 0.0 2.08616e-07 0.0 2.98023e-08 0.0 0.0 0.0 0.000430167 0.0 0.0 0.0 0.0 0.0
0.0 0.812448 0.257632 0.0 0.0019317 0.0 0.0 0.997098 0.0554349 0.521828 0.0 2.98023e-08 0.0 0.0 0.0 0.0 0.0 0.926104 0.0 0.986418 0.0 1.75238e-05 0.000729918 0.0 0.0 0.996544 0.0 0.978535 0.0 0.0 0.0 0.0 0.0 0.0 0.0 0.0 0.0 0.0 0.719182 0.0199096 0.317972 0.971529 0.23864 0.0 0.0 0.0 0.0 0.0 0.00108102 0.0908428 0.00419042 0.0 0.0 0.0 0.0 0.0 0.0 0.963863 0.0 0.0 0.0 0.0 0.981332 0.949645
0.0 0.0 0.0 0.0 0.0 0.0 0.0 0.0 0.0 0.0 0.0 0.0 0.0 0.0 0.0 0.332854 0.000100285 0.0 2.08616e-07 0.0 0.0 0.0 0.0 0.0 0.0 0.0 0.0 0.0 0.0 0.0 0.0 0.0 0.993962 0.0 0.0 0.0 1.71959e-05 0.0 0.0 0.0 0.0 0.0 0.0 0.0 1.66893e-06 0.0 5.66244e-07 0.0 0.0 0.0 0.0 3.9041e-06 0.0 0.0 0.0 0.0 0.0 0.0 0.0 0.0 0.0 0.0 0.0 0.0
0.0 0.0 0.0 0.0 0.0 0.0 0.0 0.0 0.0 0.0 0.0 0.0 0.0 0.0 0.0 0.0 0.0 0.0 0.0 0.0 2.98023e-08 0.0 0.0 0.0 0.0 0.0 3.51667e-06 0.0 0.0 0.0 0.0 0.0 0.0 0.0 0.0 0.0 0.0 0.999999 0.0 0.0 0.0 0.0 0.0 0.0 0.0 0.0 0.0 5.66244e-07 0.0 0.0 0.0 0.0 1.88351e-05 0.0 0.0 0.0 0.0 0.0 0.0 1.40071e-06 0.0 0.0 0.0 0.0
2.08616e-07 0.979384 1.91033e-05 0.0 0.994396 0.0 0.0 0.819412 0.021149 0.798202 0.0 0.0 0.0 0.0 0.0 0.0 0.0 0.000422537 0.0 0.0453705 0.0 0.000105917 0.775055 0.0 0.0 0.857243 0.0 0.267994 0.0 0.0 0.0 0.0 0.0 0.0 0.0 0.0 0.0 0.0 0.42451 1.46925e-05 0.586141 0.162039 3.54648e-06 0.0 0.0 0.0 0.0 0.0 0.699586 1.16229e-06 0.992991 0.0 0.0 0.000140727 0.0 0.0 0.0 0.218605 0.0 0.0 0.0 0.0 0.120811 0.290169
0.0 0.0679475 0.000466079 0.0 0.00624451 0.0 0.0 0.742596 0.985727 0.0176565 0.0 1.78814e-07 0.0 0.0 0.0 0.0 0.0 0.00264588 0.0 0.106937 0.0 3.57628e-07 0.000312418 0.0 0.0 0.93149 0.0 0.269609 0.0 0.0 0.0 0.0 0.0 0.0 0.0 0.0 0.0 0.0 0.0120609 0.0106472 0.00326303 0.0495239 0.000613689 0.0 0.0 0.0 0.0 0.0 0.000390798 0.00101927 0.00201601 0.0 0.0 0.0 0.0 0.0 0.0 0.0886641 0.0 0.0 0.0 0.0 0.199947 0.399689
0.0 0.0 0.0 0.0 0.0 0.0 0.0 0.0 0.0 0.0 0.0 0.0 0.0 0.0 0.0 0.0 0.0 0.0 0.0 0.0 0.0 0.0 0.0 0.0 0.0 0.0 0.0 0.0 0.0 0.0 0.0 0.998292 0.0 0.0 0.0 0.0 0.0 0.0 0.0 0.0 0.0 0.0 0.0 0.0 0.0 1.2517e-06 0.0 0.0 0.0 0.0 0.0 0.0 0.0 0.0 5.36442e-07 0.0 0.0 0.0 0.0 0.0 0.0 0.0 0.0 0.0
0.0 0.0 0.0 0.0 0.0 0.0 0.0 0.0 0.0 0.0 0.0 0.0 0.0 0.999856 0.00306579 0.0 0.0 0.0 0.0 0.0 7.15256e-07 0.0 0.0 1.65105e-05 5.98729e-05 0.0 2.98023e-08 0.0 0.0 0.0 0.0 0.0 0.0 0.0 1.69873e-06 0.0 0.0 2.98023e-08 0.0 0.0 0.0 0.0 0.0 1.37091e-06 0.0 0.0 0.0 0.0 0.0 0.0 0.0 0.0 5.74291e-05 0.0 0.0 0.0 6.16908e-06 0.0 0.000101954 2.68221e-07 0.0 0.0 0.0 0.0
1.51992e-06 0.998586 1.41561e-05 0.0 0.991284 0.0 0.0 0.906837 0.00128055 0.969095 0.0 0.0 0.0 0.0 0.0 0.0 0.0 0.000288516 0.0 0.0308774 0.0 6.51181e-05 0.998787 0.0 0.0 0.790499 0.0 0.278446 0.0 0.0 0.0 0.0 0.0 0.0 0.0 0.0 0.0 0.0 0.902833 2.63751e-05 0.973284 0.291934 4.47035e-07 0.0 0.0 0.0 0.0 0.0 0.999052 1.78814e-07 0.999922 0.0 0.0 0.0005337 0.0 0.0 0.0 0.345219 0.0 0.0 0.0 0.0 0.115371 0.341453
0.0 0.0 0.0 0.0 0.0 0.0 0.0 0.0 0.0 0.0 0.999824 0.0 0.0 0.0 0.0 0.0 0.0 0.0 0.0 0.0 0.0 0.0 0.0 0.0 0.0 0.0 0.0 0.0 0.0 0.0 0.0 0.0 0.0 0.0 0.0 0.0 0.0 0.0 0.0 0.0 0.0 0.0 0.0 0.0 0.0 0.0 0.0 0.0 0.0 0.0 0.0 0.0 0.0 0.0 0.0 0.0 0.0 0.0 0.0 0.0 0.0 0.0 0.0 0.0
0.0 0.0 0.0 0.0 0.0 0.0 0.0 0.0 0.0 0.0 0.0 0.0 0.0 0.0 0.0 0.0 0.0 0.0 0.0 0.0 0.0 0.0 0.0 0.0 0.0 0.0 0.0 0.0 0.0 0.0 0.0 0.0 0.0 0.0 0.0 0.0 0.0 0.0 0.0 0.0 0.0 0.0 0.0 0.0 0.0 0.0 0.0 0.0 0.0 0.0 0.0 0.0 0.0 0.0 0.0 0.0 0.0 0.0 0.0 0.0 0.0 0.0 0.0 0.0
0.0 0.0 0.0 0.0 0.0 0.0 0.0 0.0 0.0 0.0 0.0 0.0 4.76837e-07 0.0 0.0 0.0 0.0 0.0 0.0 0.0 0.0 0.0 0.0 0.0 0.0 0.0 0.0 0.0 0.0 0.0 0.0 3.27826e-07 0.0 0.0 0.0 0.0 0.0 0.0 0.0 0.0 0.0 0.0 0.0 0.0 0.0 0.0 0.0 0.0 0.0 0.0 0.0 0.0 0.0 0.0 0.985505 0.0 0.0 0.0 0.0 0.0 0.0 0.0 0.0 0.0
0.0 0.0 0.0 0.0 0.0 0.0 0.0 0.0 0.0 0.0 0.0 0.0 0.0 0.00121352 3.27826e-07 0.0 0.0 0.0 0.0 0.0 0.0 0.0 0.0 0.0 0.0 0.0 0.0 0.0 0.0 0.0 0.0 0.0 0.0 0.0 0.0 0.0 0.0 0.0 0.0 0.0 0.0 0.0 0.0 0.0 0.0 0.0 0.0 0.0 0.0 0.0 0.0 0.0 0.0 0.0 0.0 0.999778 8.9407e-08 0.0 0.0 0.0 0.0 0.0 0.0 0.0
0.0 0.971993 0.031023 0.0 0.0512737 0.0 0.0 0.99792 0.0590156 0.90914 0.0 0.0 0.0 0.0 0.0 0.0 0.0 0.502847 0.0 0.957803 0.0 1.01626e-05 0.0908604 0.0 0.0 0.996932 0.0 0.985842 0.0 0.0 0.0 0.0 0.0 0.0 0.0 0.0 0.0 0.0 0.961894 0.0147011 0.806616 0.974467 0.00592926 0.0 0.0 0.0 0.0 0.0 0.102998 0.00312275 0.321591 0.0 0.0 0.0 0.0 0.0 0.0 0.973923 0.0 0.0 0.0 0.0 0.979804 0.976784
0.0 0.960723 0.152671 0.0 0.0235442 0.0 0.0 0.997299 0.166902 0.849979 0.0 0.0 0.0 0.0 0.0 0.0 0.0 0.722874 0.0 0.978801 0.0 5.65946e-05 0.0116787 0.0 0.0 0.997487 0.0 0.984767 0.0 0.0 0.0 0.0 0.0 0.0 0.0 0.0 0.0 0.0 0.904705 0.0530518 0.757346 0.972896 0.0324561 0.0 0.0 0.0 0.0 0.0 0.0211638 0.0112998 0.072418 0.0 0.0 0.0 0.0 0.0 0.0 0.981968 0.0 0.0 0.0 0.0 0.98319 0.975789
0.0 0.0 0.0 0.0 0.0 0.0 0.0 0.0 0.0 0.0 3.14713e-05 0.0 0.0 0.129243 0.0 0.0 0.0 0.0 0.0 0.0 0.456903 0.0 0.0 1.78814e-06 1.10269e-06 0.0 0.0 0.0 0.0 2.29478e-06 0.0 0.0 2.80142e-06 0.99754 0.0 0.0 0.0 0.0 0.0 0.0 0.0 0.0 0.0 0.0 2.51532e-05 0.0 0.0 0.0 0.0 0.0 0.0 0.00301614 0.0 0.0 0.0 0.0 0.0 0.0 6.94394e-06 0.0 0.0 2.16961e-05 0.0 0.0
0.0 0.000710815 0.0 0.0 0.0 0.375485 0.0 0.980627 4.67896e-06 0.0 0.0 0.776338 0.0 0.0 0.0 0.0 0.0 0.00025782 0.0 0.0 0.0 1.54078e-05 0.0 0.0 0.0 0.543372 0.0 6.61612e-06 0.0 0.0 0.00406876 0.00119871 0.0 0.0 0.0 0.000725657 0.0 0.0 0.0 0.0 0.0 8.85129e-06 0.00156623 0.0 0.0 0.449004 0.0 0.0 0.0 0.000588059 0.0 0.0 0.0 0.0 1.75834e-06 0.000115842 0.0 0.0 0.0 0.0 0.0959278 0.0 2.98023e-08 1.19209e-07
0.0 0.0 0.0 0.0 0.0 0.0 0.0 0.0 0.0 0.0 0.0 0.0 0.999773 0.0 0.0 0.0 0.0 0.0 0.0 0.0 0.0 0.0 0.0 0.0 0.0 0.0 0.0 0.0 0.0 0.0 0.0 0.0 0.0 0.0 0.0 0.0 0.0 0.0 0.0 0.0 0.0 0.0 0.0 0.0 0.0 0.0 0.0 0.0 0.0 0.0 0.0 0.0 0.0 0.0 0.0 0.0 0.0 0.0 0.0 0.0 0.0 0.0 0.0 0.0
3.30806e-06 0.0155431 0.0 0.0 0.0 0.0027521 0.0 0.00063628 0.995286 0.0 0.0 8.19266e-05 0.0 0.0 0.0 0.0 0.0 0.0271685 0.0 0.0 0.0 0.0 0.0 0.0 0.0 1.19209e-07 0.0 0.0175556 0.0 0.0 0.000807583 0.000844926 0.0 0.0 1.26064e-05 0.0 0.0 0.0 2.98023e-08 2.08616e-07 0.0 0.00276032 0.0239336 0.0 0.0 0.00457555 0.0 0.0 0.0 0.184728 1.49012e-07 0.0 0.0 0.0 0.0 4.78625e-05 0.0 2.68221e-06 0.0 0.0 2.98023e-08 0.0 0.000305831 0.00377876
0.0 0.0 0.999105 0.0 0.000859469 0.0 0.0 0.0 0.0 0.0 0.0 0.0 0.0 0.0 0.0 0.0 0.0 0.0 0.0 0.0 0.0 5.96046e-08 0.0 0.0 0.0 0.0 0.0 0.0 0.0 0.0 0.0 0.0 0.0 0.0 0.0 0.0 0.0 0.0 0.0 0.0 0.0 0.0 0.0 0.0 0.0 0.0 0.0 0.0 0.0 0.0 0.0 0.0 0.0 0.0 0.0 0.0 0.0 0.0 0.0 0.0 0.0 0.0 0.0 0.0
0.0 0.0 0.0 0.0 0.0 0.0 0.0 0.0 0.0 0.0 0.0 0.0 0.0 0.0 0.0 0.000383466 1.49012e-07 0.0 8.9407e-07 0.0 0.0 0.0 0.0 0.0 0.99289 0.0 0.0 0.0 0.0 3.67165e-05 0.0 0.0 0.947783 0.0 0.0 0.0 0.0 0.0 0.0 0.0 0.0 0.0 0.0 0.0 0.0561321 0.0 9.799e-05 0.0 0.0 0.0 0.0 0.0148764 0.0 0.0 0.0 0.0 0.0 0.0 0.0 0.0 0.0 0.0 0.0 0.0
0.0 0.0 0.0 0.0 0.0 0.0 0.0 0.0 0.0 0.0 0.0 0.0 0.0 0.0 0.0 0.0 0.0 0.0 0.0 0.0 0.0 0.0 0.0 0.0 0.0 0.0 0.0 0.0 0.0 0.0 0.0 0.0 0.0 0.0 0.0 0.0 0.0 0.999999 0.0 0.0 0.0 0.0 0.0 0.0 0.0 0.0 0.0 0.0 0.0 0.0 0.0 0.0 0.0 0.0 0.0 8.9407e-08 0.0 0.0 0.0 0.0 0.0 0.0 0.0 0.0
0.0 0.0 0.0 0.0 0.0 2.04146e-05 0.0 0.0223362 0.0 0.0 0.0 0.132883 0.0 0.0 0.0 0.0 0.0 0.0 0.0 0.0 0.0 2.08616e-07 0.0 0.0 0.0 0.984071 0.0 0.0 0.0 0.0 1.19209e-07 4.17233e-07 0.0 0.0 0.0 0.224835 0.0 0.0 0.0 0.0 0.0 0.0 2.98023e-08 0.0 0.0 0.00017935 0.0 0.0 0.0 0.0 0.0 0.0 0.0 0.0 4.23193e-06 8.9407e-08 0.0 0.0 0.0 0.0 0.950246 0.0 0.0 0.0
0.0 1.50502e-05 0.0 0.0 0.0 9.80496e-06 0.0 4.53591e-05 0.0 0.0 0.0 8.64267e-07 0.0 0.0 0.0 0.0 0.0 5.87106e-06 0.0 0.0 0.0 0.998628 0.0 0.0 0.0 6.55651e-07 0.0 2.65241e-06 4.76837e-07 0.0 0.000305772 0.0 0.0 0.0 1.78814e-07 0.0 0.0 0.0 0.0 0.0 0.0 2.08616e-07 2.44379e-06 0.0 0.0 4.32134e-06 0.0 0.0 0.0 7.51019e-06 0.0 0.0 0.0 0.0 0.0 0.0 0.0 8.9407e-08 0.0 0.0 5.06639e-07 0.0 0.0 1.19209e-07
0.823417 0.0149853 0.0 0.0 0.0 2.88785e-05 0.0 8.9407e-08 0.000966787 0.000324756 0.0 0.0 0.0 0.0 0.0 0.0 0.0 0.0360021 0.0 0.0482932 0.0 3.57628e-07 8.43108e-05 0.0 0.0 0.0 0.0 0.403561 3.75509e-06 0.0 0.00343338 0.000205189 0.0 0.0 0.963049 0.0 0.0 0.0 0.233352 0.537292 0.000781864 0.243619 0.00502658 0.0 0.0 2.11596e-06 0.0 0.0 4.76837e-07 0.0570852 0.819114 0.0 0.0 0.0 0.0 0.0 0.0 0.968408 0.0 0.0 0.0 0.0 0.936613 0.844447
0.0 0.0 0.0 0.0 0.0 0.0 9.47714e-06 0.0 0.0 0.0 0.0 1.49012e-07 0.0 0.0 0.0 0.0 0.0 0.0 0.0 0.0 0.0 0.0 0.0 0.0 0.0 1.78814e-07 0.0 0.0 0.0 0.0 0.0 0.0 0.0 0.0 0.0 2.21133e-05 0.0 9.53674e-07 0.0 0.0 0.0 0.0 0.0 0.0 0.0 0.0 0.0 0.0 0.0 0.0 0.0 0.0 0.0 0.0 0.155259 0.0 0.0 0.0 0.0 0.0 5.96046e-08 0.0 0.0 0.0
0.0 0.0 0.0 0.0 0.0 0.0 0.0 3.66569e-06 0.0 0.0 0.0 0.0027833 0.0 0.0 0.0 0.0 0.0 0.0 0.0 0.0 0.0 0.0 0.0 0.0 0.0 0.0929269 0.0 0.0 0.0 0.0 0.0 0.0 0.0 0.0 0.0 0.995351 0.0 0.0 0.0 0.0 0.0 0.0 0.0 0.0 0.0 1.19209e-07 0.0 0.0 0.0 0.0 0.0 0.0 0.0 0.0 7.54893e-05 0.0 0.0 0.0 0.0 0.0 0.300976 0.0 0.0 0.0
0.0 0.0 0.0 0.0 0.0 0.0 0.0 0.0 0.0 0.0 0.999335 0.0 0.0 1.60933e-06 0.0 0.0 0.0 0.0 0.0 0.0 5.64456e-05 0.0 0.0 0.000100672 0.0 0.0 0.0 0.0 0.0 0.0 0.0 0.0 0.0 2.10106e-05 0.0 0.0 0.0 0.0 0.0 0.0 0.0 0.0 0.0 0.0 2.08616e-07 0.0 0.0 0.0 0.0 0.0 0.0 2.94745e-05 0.0 0.0 0.0 0.0 0.0 0.0 0.0 0.0 0.0 1.19209e-07 0.0 0.0
0.0 0.0 0.0 0.0 0.0 0.0 0.0 0.0 0.0 0.0 0.0 0.0 0.0340006 0.0 0.0 0.0 0.0 0.0 0.0 0.0 0.0 0.0 0.0 0.0 0.0 0.0 6.17206e-05 0.0 0.0 0.0 0.0 0.0 0.0 0.0 0.0 0.0 0.0 0.0 0.0 0.0 0.0 0.0 0.0 0.0 0.0 0.0 0.0 9.62913e-05 0.0 0.0 0.0 0.0 0.0 0.0 0.0 0.0 0.0 0.0 0.0 2.98023e-08 0.0 0.0 0.0 0.0
0.0 0.0 0.0 0.999907 0.0 0.0 0.0 0.0 0.0 0.0 0.0 0.0 0.0 0.0 0.0 0.0 0.0 0.0 0.0 0.0 0.0 0.0 0.0 0.0 0.0 0.0 3.39746e-06 0.0 0.0 0.0 0.0 0.0 0.0 0.0 0.0 0.0 0.0 0.0 0.0 0.0 0.0 0.0 0.0 0.0 0.0 0.0 0.0 2.08914e-05 0.0 0.0 0.0 0.0 0.0 0.0 0.0 0.0 0.0 0.0 0.0 0.0 0.0 0.0 0.0 0.0
0.0 0.0 0.0 0.0 0.0 0.0 0.0 0.0 0.0 0.0 0.0 0.0 0.0 0.0 0.0 1.99676e-06 0.0 0.0 2.98023e-07 0.0 0.0 0.0 0.0 2.98023e-08 0.000882536 0.0 0.0 0.0 0.0 0.995422 0.0 0.0 0.907551 5.96046e-08 0.0 0.0 0.0 0.0 0.0 0.0 0.0 0.0 0.0 0.0 0.00232536 0.0 5.06639e-07 0.0 0.0 0.0 0.0 1.46925e-05 0.0 0.0 0.0 0.0 0.0 0.0 0.0 0.0 0.0 0.0 0.0 0.0
0.0 0.0 0.0 0.0 0.0 0.0 0.0 0.0 0.0 0.0 1.42753e-05 0.0 0.0 0.263831 0.0 0.0 0.0 0.0 0.0 0.0 0.994094 0.0 0.0 1.10269e-06 0.0 0.0 0.0 0.0 0.0 8.9407e-08 0.0 0.0 0.0 0.749717 0.0 0.0 0.0 0.0 0.0 0.0 0.0 0.0 0.0 0.0 0.0 0.0 0.0 3.57628e-07 0.0 0.0 0.0 1.3113e-06 0.0 0.0 0.0 0.0 0.0 0.0 8.9407e-08 1.10269e-06 0.0 4.76837e-07 0.0 0.0
6.55651e-07 0.929207 0.0 0.0 0.0 0.75564 0.0 0.267054 0.000316769 0.0 0.0 0.00158373 0.0 0.0 0.0 0.0 0.0 0.869688 0.0 0.0 0.0 0.000164747 0.0 0.0 0.0 5.54323e-06 0.0 0.581463 0.0 0.0 0.988875 0.0342428 0.0 0.0 2.60472e-05 0.0 0.0 0.0 0.0 2.08616e-07 0.0 0.110064 0.775596 0.0 0.0 0.625019 0.0 0.0 0.0 0.917252 5.96046e-08 0.0 0.0 0.0 0.0 0.000102371 0.0 2.38419e-06 0.0 0.0 3.27826e-07 0.0 0.0143908 0.0314478
0.0 0.0 0.0 0.0 0.0 0.0 0.0 0.0 0.0 0.0 0.0 0.0 0.0 0.0 0.0 0.0 0.0 0.0 0.0 0.0 4.47035e-07 0.0 0.0 0.0 0.0 0.0 0.0193428 0.0 0.0 0.0 0.0 0.0 0.0 0.0 0.0 0.0 0.0 0.0 0.0 0.0 0.0 0.0 0.0 0.0 0.0 0.0 0.0 0.00803113 0.0 0.0 0.0 0.0 0.0 0.0 0.0 0.0 0.0 0.0 0.0 0.999282 0.0 0.0 0.0 0.0
3.016e-05 0.968148 0.0 0.0 0.0 0.313564 0.0 0.0157751 0.0306112 0.0 0.0 8.88109e-05 0.0 0.0 0.0 0.0 0.0 0.969122 0.0 0.0 0.0 8.85129e-06 0.0 0.0 0.0 3.27826e-07 0.0 0.923956 1.19209e-07 0.0 0.839092 0.0123862 0.0 0.0 0.000798792 0.0 0.0 0.0 1.49012e-07 1.07884e-05 0.0 0.48789 0.942681 0.0 0.0 0.233112 0.0 0.0 0.0 0.990726 1.90735e-06 0.0 0.0 0.0 0.0 1.12653e-05 0.0 8.62479e-05 0.0 0.0 2.98023e-08 0.0 0.319595 0.578122
0.0 2.17259e-05 0.0 0.0 0.0 0.000357807 0.0 0.0053502 1.51992e-05 0.0 0.0 0.022117 0.0 0.0 0.0 0.0 0.0 6.22869e-06 0.0 0.0 0.0 2.08616e-07 0.0 0.0 0.0 0.00437596 0.0 4.76837e-07 0.0 0.0 2.47359e-05 4.41074e-06 0.0 0.0 0.0 0.0022476 0.0 0.0 0.0 0.0 0.0 4.47035e-07 4.70877e-05 0.0 0.0 0.00669271 0.0 0.0 0.0 3.17395e-05 0.0 0.0 0.0 0.0 0.231038 0.000267893 0.0 0.0 0.0 0.0 0.000707626 0.0 0.0 5.96046e-08
0.0 0.000528067 0.0 0.0 0.0 0.00283751 0.0 0.00938064 3.43621e-05 0.0 0.0 0.0016689 0.0 0.0 0.0 0.0 0.0 0.000455976 0.0 0.0 0.0 2.98023e-08 0.0 0.0 0.0 1.50204e-05 0.0 3.97563e-05 0.0 0.0 0.00199637 0.000576556 0.0 0.0 0.0 2.68221e-07 0.0 8.9407e-08 0.0 0.0 0.0 1.68085e-05 0.000530183 0.0 0.0 0.0043188 0.0 0.0 0.0 0.000501662 0.0 0.0 0.0 0.0 1.19209e-06 0.997849 0.0 0.0 0.0 0.0 4.47035e-07 0.0 1.19209e-07 1.19209e-06
3.8147e-06 1.23084e-05 0.0 0.0 0.0 1.69873e-06 0.0 2.98023e-08 0.0 0.0 0.0 0.0 0.0 0.0 0.0 0.0 0.0 1.98483e-05 0.0 0.0 0.0 1.96695e-06 0.0 0.0 0.0 0.0 0.0 3.47793e-05 0.999801 0.0 8.64267e-06 0.0 0.0 0.0 1.26064e-05 0.0 0.0 0.0 0.0 2.77162e-06 0.0 4.87566e-05 1.14441e-05 0.0 0.0 8.9407e-08 0.0 0.0 0.0 9.65595e-06 2.68221e-07 0.0 0.0 1.19209e-07 0.0 0.0 0.0 6.79493e-06 0.0 0.0 0.0 0.0 1.18315e-05 3.18885e-05
0.0 0.0 0.0 4.55976e-06 0.0 0.0 0.0 0.0 0.0 0.0 0.0 0.0 0.0 1.19209e-07 4.12166e-05 0.0 0.0 0.0 0.0 0.0 6.16908e-06 0.0 0.0 0.0 0.0 0.0 0.998892 0.0 0.0 0.0 0.0 0.0 0.0 1.19209e-07 0.0 0.0 0.0 0.0 0.0 0.0 0.0 0.0 0.0 0.0 0.0 0.0 0.0 0.991838 0.0 0.0 0.0 0.0 0.0 0.0 0.0 0.0 0.0 0.0 0.0 0.0244132 0.0 0.0 0.0 0.0
0.0 0.0 0.0 0.0 0.0 0.0 0.0 0.0 0.0 0.0 2.08616e-07 0.0 0.0 0.0 0.0 2.49743e-05 0.0 0.0 0.000186473 0.0 0.0 0.0 0.0 0.0 0.754907 0.0 0.0 0.0 0.0 0.000244051 0.0 0.0 0.963732 8.64267e-07 0.0 0.0 0.0 0.0 0.0 0.0 0.0 0.0 0.0 0.0 0.999158 0.0 0.000150681 0.0 0.0 0.0 0.0 0.371597 0.0 0.0 0.0 0.0 0.0 0.0 7.27177e-06 0.0 0.0 0.0 0.0 0.0
0.0 0.0 0.0 0.0 0.0 4.47035e-07 0.0 0.000586629 0.0 0.0 0.0 0.0125821 0.0 0.0 0.0 0.0 0.0 0.0 0.0 0.0 0.0 1.49012e-07 0.0 0.0 0.0 0.897553 0.0 0.0 0.0 0.0 0.0 0.0 0.0 0.0 0.0 0.550721 0.0 0.0 0.0 0.0 0.0 0.0 0.0 0.0 0.0 4.79817e-06 0.0 0.0 0.0 0.0 0.0 0.0 0.0 0.0 2.68221e-07 0.0 0.0 0.0 0.0 0.0 0.986625 0.0 0.0 0.0
0.0 0.0 0.0 2.35438e-05 0.0 0.0 0.0 0.0 0.0 0.0 0.0 0.0 0.0 1.54972e-06 0.000503302 0.0 0.0 0.0 0.0 0.0 8.53539e-05 0.0 0.0 0.0 0.0 0.0 0.993587 0.0 0.0 0.0 0.0 0.0 0.0 1.75834e-06 0.0 0.0 0.0 0.0 0.0 0.0 0.0 0.0 0.0 0.0 0.0 0.0 0.0 0.999726 0.0 0.0 0.0 0.0 0.0 0.0 0.0 0.0 0.0 0.0 0.0 0.00242859 0.0 0.0 0.0 0.0
8.16584e-06 0.971878 0.0 0.0 0.0 0.868686 0.0 0.0997306 0.0197004 0.0 0.0 0.000423968 0.0 0.0 0.0 0.0 0.0 0.978383 0.0 0.0 0.0 4.17233e-06 0.0 0.0 0.0 1.84774e-06 0.0 0.937343 3.27826e-07 0.0 0.881068 0.0588869 0.0 0.0 0.000120848 0.0 0.0 0.0 0.0 3.39746e-06 0.0 0.808664 0.979203 0.0 0.0 0.441241 0.0 0.0 0.0 0.984009 3.27826e-07 0.0 0.0 0.0 0.0 0.000133038 0.0 1.47223e-05 0.0 0.0 1.19209e-07 0.0 0.130048 0.517366
0.0 0.0 0.0 0.0 0.0 0.0 0.992995 0.0 0.0 0.0 0.0 0.0 0.0 0.0 0.0 0.0 0.0 0.0 0.0 0.0 0.0 0.0 0.0 0.0 0.0 0.0 0.0 0.0 0.0 0.0 0.0 0.0 0.0 0.0 0.0 0.0 0.0 0.0 0.0 0.0 0.0 0.0 0.0 0.0 0.0 0.0 0.0 0.0 0.0 0.0 0.0 0.0 0.0 0.0 0.0 0.0 0.0 0.0 0.0 0.0 0.0 0.0 0.0 0.0
0.0 0.0 0.0 0.0 0.0 0.0 0.0 0.0 0.0 0.0 0.0 0.0 1.78814e-07 0.0 0.0 0.0 0.0 0.0 0.0 0.0 0.0 0.0 0.0 0.0 0.0 2.98023e-08 0.0 0.0 0.0 0.0 0.0 0.0 0.0 0.0 0.0 9.0301e-06 0.0 0.0 0.0 0.0 0.0 0.0 0.0 0.0 0.0 0.0 0.0 0.0 0.0 0.0 0.0 0.0 0.0 0.0 1.78814e-07 0.0 0.0 0.0 0.0 0.0 3.8743e-07 0.0 0.0 0.0
0.0 0.0 0.0 0.0 0.0 0.0 0.0 0.0 0.0 0.0 0.0 0.0 0.0 0.0 0.0 0.0 0.0 0.0 0.0 0.0 0.0 0.0 0.0 0.0 0.0 0.0 0.0 0.0 0.0 0.0 0.0 0.0 0.0 0.0 0.0 0.0 0.997015 0.0 0.0 0.0 0.0 0.0 0.0 0.0 0.0 0.0 0.0 0.0 0.0 0.0 0.0 0.0 0.0 0.0 0.0 0.0 0.0 0.0 0.0 0.0 0.0 0.0 0.0 0.0
0.0 0.0 0.0 0.0 0.0 0.0 0.0 0.0 0.0 0.0 0.0 0.0 0.0 1.49012e-07 0.0 0.0 0.0 0.0 0.0 0.0 2.20537e-06 0.0 0.0 0.0 6.25849e-07 0.0 0.0 0.0 0.0 0.0 0.0 0.0 1.78814e-07 5.06639e-07 0.0 0.0 0.0 0.0 0.0 0.0 0.0 0.0 0.0 0.0 1.16229e-06 0.0 0.0 0.0 0.0 0.0 0.0 2.08616e-07 0.0 0.0 0.0 0.0 0.0 0.0 0.999296 0.0 0.0 0.0 0.0 0.0
0.0 0.0 0.0 0.0 0.0 0.0 0.0 0.0 0.0 0.0 0.0 0.0 0.0 0.0 0.0 0.0061157 0.00157058 0.0 0.999152 0.0 0.0 0.0 0.0 0.0 5.75185e-06 0.0 0.0 0.0 0.0 4.17233e-07 0.0 0.0 0.0862846 0.0 0.0 0.0 0.0 0.0 0.0 0.0 0.0 0.0 0.0 0.0 6.00815e-05 0.0 0.717629 0.0 0.0 0.0 0.0 5.45382e-06 0.0 0.0 0.0 0.0 0.0 0.0 0.0 0.0 0.0 0.0 0.0 0.0
0.0 0.0 0.0 0.0 0.0 0.0 0.0 0.0 0.0 0.0 0.0 0.0 0.0 0.0 0.0 0.0 0.0 0.0 0.0 0.0 0.0 0.0 0.0 0.0 0.0 0.0 0.0 0.0 0.0 0.0 0.0 0.0 0.0 0.0 0.0 0.0 0.0 0.0 0.0 0.0 0.0 0.0 0.0 0.0 0.0 0.0 0.0 0.0 0.0 0.0 0.0 0.0 1.0 0.0 0.0 0.0 0.0 0.0 0.0 0.0 0.0 0.0 0.0 0.0
0.0 0.0 0.0 8.9407e-08 0.0 0.0 0.0 0.0 0.0 0.0 0.0 0.0 0.0 0.0 0.998953 0.0 0.0 0.0 0.0 0.0 1.19209e-07 0.0 0.0 0.0 0.0 0.0 9.53674e-07 0.0 0.0 0.0 0.0 0.0 0.0 0.0 0.0 0.0 0.0 0.0 0.0 0.0 0.0 0.0 0.0 0.0 0.0 0.0 0.0 5.96046e-06 0.0 0.0 0.0 0.0 0.0 0.0 0.0 0.0 0.0 0.0 0.0 0.0 0.0 0.0 0.0 0.0
0.0 0.0 0.0 0.0 0.0 0.0 0.0 8.9407e-08 0.0 0.0 0.0 1.23382e-05 0.0 0.0 0.0 0.0 0.0 0.0 0.0 0.0 0.0 0.0 0.0 0.0 0.0 1.3113e-06 0.0 0.0 0.0 0.0 0.0 0.0 0.0 0.0 0.0 0.000167072 0.0 0.0 0.0 0.0 0.0 0.0 0.0 0.0 0.0 1.78814e-07 0.0 0.0 0.0 0.0 0.0 0.0 0.0 0.0 0.985855 0.0 0.0 0.0 0.0 0.0 2.68221e-07 0.0 0.0 0.0
0.0 0.0 0.0 0.0 0.0 0.0 0.0 0.0 0.0 0.0 0.0 0.0 0.0 0.0 0.0 0.000920624 1.66893e-06 0.0 0.000978023 0.0 0.0 0.0 0.0 2.98023e-07 0.00201991 0.0 0.0 0.0 0.0 0.0594139 0.0 0.0 0.935584 8.9407e-08 0.0 0.0 0.0 0.0 0.0 0.0 0.0 0.0 0.0 0.0 0.00218052 0.0 0.00149456 0.0 0.0 0.0 0.0 0.00168955 0.0 0.0 0.0 0.0 0.0 0.0 0.0 0.0 0.0 0.0 0.0 0.0
0.0 0.0 0.0372171 0.0 0.999958 0.0 0.0 0.0 0.0 0.0 0.0 0.0 0.0 0.0 0.0 0.0 0.0 0.0 0.0 0.0 0.0 0.0 0.0 0.0 0.0 0.0 0.0 0.0 0.0 0.0 0.0 0.0 0.0 0.0 0.0 0.0 0.0 0.0 0.0 0.0 0.0 0.0 0.0 0.0 0.0 0.0 0.0 0.0 0.0 0.0 0.0 0.0 0.0 0.0 0.0 0.0 0.0 0.0 0.0 0.0 0.0 0.0 0.0 0.0
0.0411008 0.834557 0.0 0.0 0.0 0.0184542 0.0 7.48634e-05 0.0100912 1.19209e-07 0.0 3.27826e-07 0.0 0.0 0.0 0.0 0.0 0.923864 0.0 3.26037e-05 0.0 4.76837e-07 8.9407e-08 0.0 0.0 0.0 0.0 0.976498 2.44379e-06 0.0 0.224261 0.0304015 0.0 0.0 0.319622 0.0 0.0 0.0 0.000384331 0.0177084 2.68221e-07 0.939739 0.780594 0.0 0.0 0.00182486 0.0 0.0 0.0 0.943783 0.0049223 0.0 0.0 0.0 0.0 1.19209e-07 0.0 0.166826 0.0 0.0 0.0 0.0 0.968582 0.983641
6.55651e-07 0.0248685 0.0 0.0 0.0 0.0614389 0.0 0.0488177 0.000611156 0.0 0.0 0.000701249 0.0 0.0 0.0 0.0 0.0 0.0341175 0.0 0.0 0.0 0.0 0.0 0.0 0.0 4.61042e-05 0.0 0.00845033 0.0 0.0 0.00686446 0.997207 0.0 0.0 1.66893e-06 0.0 0.0 0.0 0.0 1.66893e-06 0.0 0.0212131 0.0189565 0.0 0.0 0.0284356 0.0 0.0 0.0 0.0386671 1.19209e-07 0.0 0.0 0.0 0.0 2.92957e-05 0.0 2.71201e-06 0.0 0.0 1.78814e-06 0.0 0.00279349 0.00398645
0.301892 0.432888 0.0 0.0 0.0 0.00175241 0.0 5.96046e-06 0.00280827 2.77162e-06 0.0 0.0 0.0 0.0 0.0 0.0 0.0 0.589472 0.0 0.00059247 0.0 2.08616e-07 5.06639e-07 0.0 0.0 0.0 0.0 0.876593 2.38419e-06 0.0 0.0620103 0.0113079 0.0 0.0 0.714718 0.0 0.0 0.0 0.00644997 0.194051 5.66244e-06 0.711419 0.241568 0.0 0.0 0.000157773 0.0 0.0 0.0 0.697433 0.0824166 0.0 0.0 0.0 0.0 0.0 0.0 0.549105 0.0 0.0 0.0 0.0 0.983994 0.942226
1.19209e-07 0.706125 0.0 0.0 0.0 0.987958 0.0 0.893916 0.000542134 0.0 0.0 0.0622527 0.0 0.0 0.0 0.0 0.0 0.549748 0.0 0.0 0.0 6.28829e-06 0.0 0.0 0.0 0.000410825 0.0 0.107749 1.19209e-07 0.0 0.798427 0.0241729 0.0 0.0 2.68221e-07 1.78814e-07 0.0 0.0 0.0 0.0 0.0 0.170611 0.873578 0.0 0.0 0.858621 0.0 0.0 0.0 0.568686 0.0 0.0 0.0 0.0 2.98023e-07 0.000718921 0.0 0.0 0.0 0.0 3.20077e-05 0.0 0.000398308 0.0041905
0.0 0.345783 0.0 0.0 0.0 0.784991 0.0 0.912828 0.000418454 0.0 0.0 0.366081 0.0 0.0 0.0 0.0 0.0 0.176581 0.0 0.0 0.0 6.34789e-06 0.0 0.0 0.0 0.00227877 0.0 0.0115712 0.0 0.0 0.352513 0.0077377 0.0 0.0 0.0 2.05636e-06 0.0 0.0 0.0 0.0 0.0 0.00744578 0.447718 0.0 0.0 0.989682 0.0 0.0 0.0 0.36943 0.0 0.0 0.0 0.0 4.64916e-06 0.000500947 0.0 0.0 0.0 0.0 0.000133663 0.0 2.71201e-05 0.000293255
0.0 0.0 0.0 0.0 0.0 0.0 0.0 0.0 0.0 0.0 8.9407e-08 0.0 0.0 8.9407e-08 0.0 0.0 0.0 0.0 0.0 0.0 0.0 0.0 0.0 5.99027e-06 0.0 0.0 0.0 0.0 0.0 0.0 0.0 0.0 0.0 1.27256e-05 0.0 0.0 0.0 0.0 0.0 0.0 0.0 0.0 0.0 0.0 0.0 0.0 0.0 0.0 0.0 0.0 0.0 1.46031e-06 0.0 0.0 0.0 0.0 0.0 0.0 0.0 0.0 0.0 0.99717 0.0 0.0
0.0 0.0 0.0 0.0 0.0 0.0 0.0 0.0 0.0 0.0 0.0 0.0 0.0 0.0 0.0 0.979201 0.0210995 0.0 0.000412077 0.0 0.0 0.0 0.0 0.0 4.76837e-06 0.0 0.0 0.0 0.0 0.0 0.0 0.0 0.0102709 0.0 0.0 0.0 0.0 0.0 0.0 0.0 0.0 0.0 0.0 0.0 3.27826e-07 0.0 0.153112 0.0 0.0 0.0 0.0 0.0 0.0 0.0 0.0 0.0 0.0 0.0 0.0 0.0 0.0 0.0 0.0 0.0
0.0 0.0 0.0 0.0 0.0 0.0 0.0 0.0 0.0 0.0 0.0 0.0 0.0 0.0 0.0 0.128181 0.00176403 0.0 0.039685 0.0 0.0 0.0 0.0 0.0 3.16501e-05 0.0 0.0 0.0 0.0 3.27826e-07 0.0 0.0 0.0518351 0.0 0.0 0.0 0.0 0.0 0.0 0.0 0.0 0.0 0.0 0.0 6.07967e-06 0.0 0.989689 0.0 0.0 0.0 0.0 1.78814e-07 0.0 0.0 0.0 0.0 0.0 0.0 0.0 0.0 0.0 0.0 0.0 0.0
0.0 0.0 0.0 0.0 0.0 0.0 0.0 0.0 0.0 0.0 2.14875e-05 0.0 0.0 2.20537e-06 0.0 8.9407e-08 0.0 0.0 0.0 0.0 0.0 0.0 0.0 1.52588e-05 0.00531191 0.0 0.0 0.0 0.0 2.08616e-07 0.0 0.0 0.00457102 7.62939e-06 0.0 0.0 0.0 0.0 0.0 0.0 0.0 0.0 0.0 0.0 0.00241444 0.0 5.96046e-08 0.0 0.0 0.0 0.0 0.991904 0.0 0.0 0.0 0.0 0.0 0.0 8.9407e-08 0.0 0.0 1.19209e-07 0.0 0.0
0.0 0.0 0.0 0.0 0.0 0.0 0.0 0.0 0.0 0.0 0.0 0.0 4.76837e-06 0.0 0.0 0.0 0.0 0.0 0.0 0.0 0.0 0.0 0.0 0.0 0.0 2.98023e-08 0.0 0.0 0.0 0.0 0.0 0.0 0.0 0.0 0.0 1.99676e-06 0.0 0.0 0.0 0.0 0.0 0.0 0.0 0.0 0.0 0.0 0.0 0.0 0.0 0.0 0.0 0.0 0.0 0.0 0.0 0.0 0.0 0.0 0.0 0.0 1.78814e-07 0.0 0.0 0.0
0.986174 0.000558943 0.0 0.0 0.0 1.16229e-06 0.0 0.0 0.000168562 0.0350741 0.0 0.0 0.0 0.0 0.0 0.0 0.0 0.0011988 0.0 0.696788 0.0 8.9407e-08 0.00743824 0.0 0.0 0.0 0.0 0.025694 3.69549e-06 0.0 7.19726e-05 3.25739e-05 0.0 0.0 0.972593 0.0 0.0 0.0 0.939932 0.969579 0.0801852 0.0159565 0.000197589 0.0 0.0 1.78814e-07 0.0 0.0 4.71771e-05 0.00224534 0.986185 0.0 0.0 0.0 0.0 0.0 0.0 0.995676 0.0 0.0 0.0 0.0 0.585512 0.26747
0.0 3.9041e-06 0.0 0.0 0.0 0.00288755 0.0 0.531072 6.25849e-07 0.0 0.0 0.993281 0.0 0.0 0.0 0.0 0.0 1.2517e-06 0.0 0.0 0.0 5.06639e-07 0.0 0.0 0.0 0.734058 0.0 8.9407e-08 0.0 0.0 2.94149e-05 2.55704e-05 0.0 0.0 0.0 0.129539 0.0 0.0 0.0 0.0 0.0 2.98023e-08 8.04663e-06 0.0 0.0 0.080906 0.0 0.0 0.0 3.39746e-06 0.0 0.0 0.0 0.0 0.000123531 1.80304e-05 0.0 0.0 0.0 0.0 0.212363 0.0 0.0 0.0
3.14415e-05 0.981411 0.0 0.0 0.0 0.601672 0.0 0.0226385 0.0105507 0.0 0.0 8.68738e-05 0.0 0.0 0.0 0.0 0.0 0.975468 0.0 0.0 0.0 1.11461e-05 0.0 0.0 0.0 3.57628e-07 0.0 0.956416 1.78814e-07 0.0 0.893976 0.0207894 0.0 0.0 0.000523508 0.0 0.0 0.0 1.78814e-07 1.23084e-05 0.0 0.806247 0.961021 0.0 0.0 0.252885 0.0 0.0 0.0 0.986781 1.60933e-06 0.0 0.0 0.0 0.0 1.28746e-05 0.0 6.62804e-05 0.0 0.0 1.19209e-07 0.0 0.286328 0.652302
0.0 0.0 0.0 0.0 0.0 0.0 0.0 0.0 0.0 0.0 0.0 0.0 0.0 0.0 0.0 0.000953734 0.998445 0.0 0.000310481 0.0 0.0 0.0 0.0 0.0 0.0 0.0 0.0 0.0 0.0 0.0 0.0 0.0 6.3777e-06 0.0 0.0 0.0 0.0 0.0 0.0 0.0 0.0 0.0 0.0 0.0 0.0 0.0 0.013533 0.0 0.0 0.0 0.0 0.0 0.0 0.0 0.0 0.0 0.0 0.0 0.0 0.0 0.0 0.0 0.0 0.0
0.0 0.0 0.0 0.0 0.0 0.0 0.0 0.0 0.0 0.0 0.0 0.0 0.0 0.0 0.0 0.0 0.0 0.0 0.0 0.0 0.0 0.0 0.0 0.0 0.0 0.0 0.0 0.0 0.0 0.0 0.0 0.0 0.0 0.0 0.0 0.0 0.0 0.0 0.0 0.0 0.0 0.0 0.0 0.0 0.0 0.0 0.0 0.0 0.0 0.0 0.0 0.0 0.0 0.999978 0.0 0.0 0.0 0.0 0.0 0.0 0.0 0.0 0.0 0.0
0.958237 0.000121355 0.0 0.0 0.0 3.57628e-07 0.0 0.0 7.62939e-06 0.118158 0.0 0.0 0.0 0.0 0.0 0.0 0.0 0.000211209 0.0 0.832736 0.0 0.0 0.0314375 0.0 0.0 0.0 0.0 0.00429642 1.49012e-06 0.0 1.35005e-05 4.17829e-05 0.0 0.0 0.72342 0.0 0.0 0.0 0.964332 0.983432 0.200304 0.00492531 5.26309e-05 0.0 0.0 2.98023e-08 0.0 0.0 0.000307381 0.000403583 0.980627 0.0 0.0 0.0 0.0 0.0 0.0 0.994179 0.0 0.0 0.0 0.0 0.248657 0.0834489
0.0 0.0 0.0 0.0 0.0 0.0 0.0 0.0 0.0 0.0 0.0 0.0 0.0 0.0 0.0 0.0 0.0 0.0 0.0 0.0 0.0 0.0 0.0 0.0 0.0 0.0 0.0 0.0 0.0 0.0 0.0 0.0 0.0 0.0 0.0 0.0 0.0 0.0 0.0 0.0 0.0 0.0 0.0 0.992023 0.0 0.0 0.0 0.0 0.0 0.0 0.0 0.0 0.0 0.0 0.0 0.0 0.0 0.0 0.0 0.0 0.0 0.0 0.0 0.0
0.0 0.0 0.0 0.0 0.0 0.0 0.0 0.0 0.0 0.0 3.66569e-06 0.0 0.0 0.995422 0.0 0.0 0.0 0.0 0.0 0.0 0.649317 0.0 0.0 1.02222e-05 0.0 0.0 0.0 0.0 0.0 3.99351e-06 0.0 0.0 5.96046e-08 0.0315693 0.0 0.0 0.0 0.0 0.0 0.0 0.0 0.0 0.0 0.0 3.57628e-07 0.0 0.0 2.98023e-08 0.0 0.0 0.0 4.86076e-05 0.0 0.0 0.0 0.0 0.0 0.0 3.57628e-07 0.0 0.0 8.9407e-08 0.0 0.0
0.0 0.0 0.0 0.0 0.0 0.0 0.0 0.0 0.0 0.0 2.98023e-08 0.0 0.0 4.8995e-05 1.19209e-07 0.0 0.0 0.0 0.0 0.0 0.010822 0.0 0.0 0.0 0.0 0.0 8.9407e-08 0.0 0.0 0.0 0.0 0.0 0.0 0.000509828 0.0 0.0 0.0 0.0 0.0 0.0 0.0 0.0 0.0 0.0 0.0 0.0 0.0 3.33786e-06 0.0 0.0 0.0 0.0 0.0 0.0 0.0 0.0 0.0 0.0 0.000269651 0.0 0.0 0.0 0.0 0.0
0.000958681 0.968626 0.0 0.0 0.0 0.250006 0.0 0.00205019 0.00829011 0.0 0.0 8.40425e-06 0.0 0.0 0.0 0.0 0.0 0.974482 0.0 3.57628e-07 0.0 2.65241e-06 0.0 0.0 0.0 0.0 0.0 0.980814 7.7486e-07 0.0 0.876447 0.0654588 0.0 0.0 0.0201146 0.0 0.0 0.0 4.85778e-06 0.000377834 0.0 0.932775 0.941436 0.0 0.0 0.047344 0.0 0.0 0.0 0.987208 6.24955e-05 0.0 0.0 0.0 0.0 3.72529e-06 0.0 0.0029214 0.0 0.0 0.0 0.0 0.896982 0.941643
0.0 0.0 0.0 0.0 0.0 0.0 0.0 0.0 0.0 0.0 0.0 0.0 0.0 0.0 0.0 0.0 0.0 0.0 0.0 0.0 0.0 0.0 0.0 0.0 0.0 0.0 0.0 0.0 0.0 0.0 0.0 0.0 0.0 0.0 0.0 0.0 0.0 0.0 0.0 0.0 0.0 0.0 0.0 0.0 0.0 0.0 0.0 0.0 0.0 0.0 0.0 0.0 0.0 0.0 0.0 0.0 0.0 0.0 0.0 5.06639e-07 0.0 0.0 0.0 0.0
1.97887e-05 0.0121327 0.0 0.0 0.0 0.00617236 0.0 0.00823888 0.0227456 0.0 0.0 0.00104731 0.0 0.0 0.0 0.0 0.0 0.00461337 0.0 5.96046e-08 0.0 0.0 0.0 0.0 0.0 4.02331e-06 0.0 0.00358978 0.0 0.0 0.000509113 0.0343016 0.0 0.0 6.91414e-06 0.0 0.0 0.0 1.19209e-07 6.58631e-06 0.0 0.00367779 0.00898409 0.0 0.0 0.0273493 0.0 0.0 0.0 0.0611539 2.20537e-06 0.0 0.0 0.0 0.0 2.08616e-07 0.0 1.09076e-05 0.0 0.0 4.47035e-07 0.0 0.0039843 0.00214776
0.0 0.0 0.0 0.0 0.0 0.0 0.0 0.0 0.0 0.0 9.80496e-05 0.0 0.0 1.63913e-06 0.0 0.0 0.0 0.0 0.0 0.0 5.96046e-07 0.0 0.0 0.962458 0.0 0.0 0.0 0.0 0.0 3.8743e-07 0.0 0.0 3.57628e-07 3.39746e-05 0.0 0.0 0.0 0.0 0.0 0.0 0.0 0.0 0.0 0.0 4.47035e-07 0.0 0.0 0.0 0.0 0.0 0.0 9.20594e-05 0.0 0.0 0.0 0.0 0.0 0.0 0.0 0.0 0.0 2.68221e-06 0.0 0.0
0.0 0.0 0.0 0.0 0.0 0.0 0.0 0.0 0.0 0.0 0.0 0.0 0.0 0.0 0.0 0.0 0.0 0.0 0.0 0.0 0.0 0.0 0.0 0.0 0.0 0.0 0.0 0.0 0.0 0.0 0.0 0.0 0.0 0.0 0.0 0.0 0.0 0.0 0.0 0.0 0.0 0.0 0.0 0.0 0.0 0.0 0.0 0.0 0.0 0.0 0.0 0.0 0.0 0.0 0.0 0.0 0.999502 0.0 0.0 0.0 0.0 0.0 0.0 0.0
0.00088653 0.924992 0.0 0.0 0.0 0.485824 0.0 0.00284401 0.00610614 0.0 0.0 1.31726e-05 0.0 0.0 0.0 0.0 0.0 0.876221 0.0 2.08616e-07 0.0 5.06639e-07 0.0 0.0 0.0 5.96046e-08 0.0 0.949837 1.63913e-06 0.0 0.388239 0.0332933 0.0 0.0 0.0122317 0.0 0.0 0.0 3.51667e-06 0.000457317 0.0 0.982526 0.92252 0.0 0.0 0.0472837 0.0 0.0 0.0 0.90019 4.61936e-05 0.0 0.0 0.0 0.0 2.95043e-06 0.0 0.00213343 0.0 0.0 0.0 0.0 0.621147 0.926884
4.55976e-06 0.972546 0.0 0.0 0.0 0.929637 0.0 0.218132 0.0131621 0.0 0.0 0.00164852 0.0 0.0 0.0 0.0 0.0 0.960181 0.0 0.0 0.0 4.11272e-06 0.0 0.0 0.0 6.88434e-06 0.0 0.870072 1.78814e-07 0.0 0.863553 0.0186583 0.0 0.0 6.07669e-05 0.0 0.0 0.0 0.0 1.81794e-06 0.0 0.744618 0.982048 0.0 0.0 0.718772 0.0 0.0 0.0 0.981527 1.49012e-07 0.0 0.0 0.0 2.98023e-08 9.53376e-05 0.0 7.12276e-06 0.0 0.0 4.47035e-07 0.0 0.0838434 0.351928
50 19 9 48 22 40 38 57 1 49 34 0 28 62 63 27 7 11 14 33 6 41 42 17 25 35 3 52 37 5 45 30 60 54 8 53 4 24 46 36 23 43 21 39 2 44 51 32 26 61 55 31 12 15 16 18 47 56 13 58 10 29 20 59
