8
2.98023e-08 0.0 0.0 0.0 0.0 0.0 0.0 0.0 0.0 0.388798 0.0 0.0 0.0 0.0 0.979116 0.0 0.0 0.0 0.0 0.0 1.78814e-07 0.0 0.0 0.0 0.827926 0.0 0.0 0.0 0.0 0.0 0.0 0.0 0.0 0.0 0.0 0.0 0.0 0.0108564 0.0 0.0 0.0 0.0 0.000679016 0.0 0.0 0.0 0.0 0.0 0.0 0.0 0.0 0.0 0.0 0.0 0.0 0.869282 0.0 0.0 0.0 0.0 0.0 0.0 0.0 0.0
0.805479 0.0 0.0 0.0 0.0 0.0 0.0 0.0 0.0 0.0 0.982245 0.000526339 0.891515 0.0 0.0 0.0 0.0 0.0 0.0 0.0 0.692752 0.0 0.0 0.0 0.0 0.0 0.0 0.0 0.0 0.0 0.0 0.0 0.0 0.0 0.0 0.0 0.0 0.0 0.0 0.0 0.0 0.0 0.000155628 0.0 0.0 0.0 0.0 0.0 0.0 0.0 0.0 0.0 0.0 0.0 0.0 0.0 0.0 0.0 0.0 0.0 0.000244945 0.0 0.0 0.0
0.0 0.858641 0.0 0.0 0.0 0.0 0.0 0.0 0.0 0.0 0.0 0.0 0.0 0.0 0.0 9.0003e-06 0.0 0.0 0.0 0.0 0.0 0.0 0.0 0.917978 0.0 0.0 0.0 0.0 0.0 0.0 0.0 0.0 0.0 0.0 0.0 0.0 0.0 0.0 0.0 0.0 0.0 0.0 0.0 0.0 0.0 0.0 0.0 0.0 0.0 0.0 0.0 0.0 0.0 0.0 0.0 0.0 0.0 0.988436 0.0 0.0 0.0 0.0 0.0 0.0
0.0 0.0 0.0 0.000579178 0.0 0.0 0.0 0.0 2.98023e-08 0.0 0.0 0.0 0.0 0.0 0.0 0.0 0.0 0.0 0.00161508 8.9407e-08 0.0 2.6226e-06 0.0 0.0 0.0 0.0 7.88271e-05 8.9407e-08 0.00175139 0.0 0.0 0.0 0.0 0.0 0.0 0.0 0.995422 0.0 0.0 0.000452369 0.0 0.0 0.0 0.0 0.0 0.0 0.0 1.19209e-07 0.0 0.0 0.0 0.0 0.0 6.55651e-07 0.0 0.0 1.27256e-05 0.0 0.0 8.9407e-08 0.0 0.0 0.000635773 0.0
0.0 0.000494927 0.0 0.0 0.0 0.0 0.0 0.0 0.0 0.0 0.0 5.96046e-08 0.0 0.0 0.0 0.157334 0.0 0.0 0.0 0.0 0.0 0.0 0.0 0.0312091 0.0 0.0 0.0 0.0 0.0 0.0 0.0 0.0 0.0 0.0 0.0 0.0 0.0 0.0 0.0 0.0 0.0 0.0 0.0 0.0 0.0 0.0 0.0 0.0 0.0 0.0 0.0 0.0 0.0 0.0 0.0 0.0 0.0 0.00237632 0.0 0.0 2.98023e-08 0.0 0.0 0.0
0.0 0.0 0.0 0.00351503 0.0 0.041165 0.0 0.0 2.77162e-06 0.0 0.0 0.0 0.0 0.0 0.0 0.0 0.0 0.0 6.55651e-06 0.0 0.0 0.946746 2.91169e-05 0.0 0.0 0.0 0.344193 0.00252482 0.000155091 0.0 0.0 0.0 0.0 0.0 0.0 0.000908285 0.0 0.0 0.0 0.059346 1.93715e-06 0.0 0.0 2.5034e-06 0.0 0.0 0.0 0.0 0.0 0.0 0.0 0.0 0.0 0.991215 0.0 0.0 0.163365 0.0 0.0 0.0 0.0 0.0 0.0288566 0.0
0.0 0.0 0.0 0.0 0.0 0.0 0.0 0.0 0.0 0.0 0.0 0.0 0.0 0.0 0.0 0.0 0.0 0.0 0.0 0.0 0.0 0.0 0.0 0.0 0.0 0.0 0.0 0.0 0.0 0.0 0.0 0.0 0.0 0.0 0.0 0.0 0.0 0.0 0.0 0.0 0.0 0.0 0.0 0.0 0.0 0.0 0.0 0.0 0.0 0.999999 0.0 0.0 0.0 0.0 0.0 0.0 0.0 0.0 0.0 0.0 0.0 0.0 0.0 0.0
0.0 3.01301e-05 0.999994 0.0 0.0 0.0 0.0 0.0 0.0 0.0 0.0 0.0 0.0 0.0 0.0 0.0 0.0 0.0 0.0 0.0 0.0 0.0 0.0 8.04663e-07 0.0 0.0 0.0 0.0 0.0 1.0 0.0 0.0 0.0 0.0 0.0 0.0 0.0 0.0 0.0 0.0 0.0 0.0 0.0 0.0 0.000267416 0.0 0.0 0.0 0.0 0.0 0.0 0.0 0.0 0.0 8.9407e-08 0.0 0.0 0.0 0.0 0.0 0.0 0.0 0.0 0.0
0.0 0.0 0.0 6.79493e-06 0.0 1.78814e-07 0.0 0.0 0.0 0.0 0.0 0.0 0.0 0.0 0.0 0.0 0.0 2.98023e-08 1.13249e-06 1.45137e-05 0.0 2.78652e-05 3.57628e-07 0.0 0.0 1.2815e-06 0.0144407 3.12924e-06 0.998852 0.0 2.98023e-07 0.0 0.0 0.0 0.0 0.000757545 0.000548929 0.0 0.0 8.85129e-06 1.75834e-06 0.0 0.0 5.06639e-07 0.0 0.0 0.0 0.0 0.0 0.0 0.0 0.0 0.0 8.33869e-05 0.0 0.0 2.76566e-05 0.0 0.0 0.0 0.0 0.0 3.20673e-05 0.0
0.0 0.0 0.0 0.0 0.0 0.0 0.0 0.0 0.0 0.0 0.0 0.0 0.0 0.0 0.0 0.0 0.0 0.0 0.0 0.0 0.0 0.0 0.0 0.0 8.9407e-08 0.0 0.0 0.0 0.0 0.0 0.0 0.0 0.0 0.0 0.0 0.0 0.0 0.921961 0.0 0.0 0.0 0.0 0.0 0.0 0.0 0.000645339 0.0 0.0 0.0 0.0 0.0 0.0 0.196224 0.0 0.0 0.0 0.0 0.0 0.0 0.0 0.0 0.0 0.0 0.0
1.74046e-05 0.0 0.0 0.0 0.0 0.0 0.0 0.0 0.0 0.980562 4.76837e-07 0.0 1.19209e-07 0.0 0.0918268 0.0 0.0 0.0 0.0 0.0 0.000100076 0.0 0.0 0.0 0.0411052 0.0 0.0 0.0 0.0 0.0 0.0 0.0 0.0 0.0 0.0 0.0 0.0 1.3411e-05 0.0 0.0 0.0 0.0 0.0338335 0.0 0.0 0.0 0.0 0.0 0.0 0.0 0.0 0.0 0.0 0.0 0.0 0.840293 0.0 0.0 0.0 0.0 0.0 0.0 0.0 0.0
0.245782 0.0 0.0 0.0 0.0 0.0 0.0 0.0 0.0 0.000559747 0.00551349 0.0 0.00126162 0.0 1.2815e-06 0.0 0.0 0.0 0.0 0.0 0.435527 0.0 0.0 0.0 8.9407e-08 0.0 0.0 0.0 0.0 0.0 0.0 0.0 0.0 0.0 0.0 0.0 0.0 0.0 0.0 0.0 0.0 0.0 0.980632 0.0 0.0 0.0 0.0 0.0 0.0 0.0 0.0 0.0 0.0 0.0 0.0 0.026967 0.0 0.0 0.0 0.0 0.0 0.0 0.0 0.0
1.31726e-05 0.0 0.0 0.0 0.0 0.0 0.0 0.0 0.0 0.82447 3.57628e-07 0.0 2.98023e-08 0.0 0.48096 0.0 0.0 0.0 0.0 0.0 8.02577e-05 0.0 0.0 0.0 0.0463023 0.0 0.0 0.0 0.0 0.0 0.0 0.0 0.0 0.0 0.0 0.0 0.0 2.73585e-05 0.0 0.0 0.0 0.0 0.318578 0.0 0.0 0.0 0.0 0.0 0.0 0.0 0.0 0.0 0.0 0.0 0.0 0.986332 0.0 0.0 0.0 0.0 0.0 0.0 0.0 0.0
0.0 0.0 0.0 0.0 0.0 0.0 0.0 0.0 0.0 0.0 0.0 0.0 0.0 0.0 0.0 0.0 0.0 0.0 0.0 0.0 0.0 0.0 0.0 0.0 0.0 0.0 0.0 0.0 0.0 0.0 0.0 0.0 0.0 0.0 0.0 0.0 0.0 0.0 0.999989 0.0 0.0 0.0 0.0 0.0 0.0 0.0 0.0 0.0 0.0 0.0 0.0 0.0 0.0 0.0 0.0 0.0 0.0 0.0 0.0 0.0 0.0 0.0 0.0 0.0
0.0 0.0 0.0 0.0 0.0 0.0 0.0 0.0 0.0 0.0 0.0 0.0 0.0 0.0 0.0 0.0 0.0 0.0 0.0 0.0 0.0 0.0 0.0 0.0 0.0 0.0 0.0 0.0 0.0 0.0 0.0 0.0 1.08182e-05 0.0 0.0 0.0 0.0 0.0 0.0 0.0 0.0 0.0 0.0 0.0 0.0 0.333935 0.0 0.0 0.0 0.0 0.0 0.0 3.57628e-07 0.0 0.0 0.0 0.0 0.0 0.0 0.0 0.0 0.0 0.0 0.0
0.95928 0.0 0.0 0.0 0.0 0.0 0.0 0.0 0.0 0.0 0.54357 0.000181228 0.991394 0.0 0.0 0.0 0.0 0.0 0.0 0.0 0.858199 0.0 0.0 0.0 0.0 0.0 0.0 0.0 0.0 0.0 0.0 0.0 0.0 0.0 0.0 0.0 0.0 0.0 0.0 0.0 0.0 0.0 0.00973839 0.0 0.0 0.0 0.0 0.0 0.0 0.0 0.0 0.0 0.0 0.0 0.0 1.49012e-07 0.0 0.0 0.0 0.0 0.00158033 0.0 0.0 0.0
0.0 0.0 0.0 0.0 0.0 0.0 0.0 0.908657 0.0 0.0 0.0 0.0 0.0 0.0 0.0 0.0 0.0 0.0 0.0 0.0 0.0 0.0 0.0 0.0 0.0 0.0 0.0 0.0 0.0 0.0 0.0 0.0 0.0 0.194299 0.0 0.0 0.0 0.0 0.0 0.0 0.0 0.105922 0.0 0.0 0.0 0.0 0.355549 0.0 0.0 0.0 0.0 0.0 0.0 0.0 0.0 0.0 0.0 0.0 0.0 0.0 0.0 0.0 0.0 0.768049
0.0 0.0 0.0 2.38419e-07 0.0 0.0 0.0 0.0 0.0 0.0 0.0 0.0 0.0 0.0 0.0 0.0 0.0 0.0 0.0 0.0 0.0 0.0 0.0 0.0 0.0 0.0 0.0 0.0 0.0 0.0 0.0 0.0 0.0 0.0 0.0 0.0 0.0 0.0 0.0 0.0 0.0 0.0 0.0 0.0 0.0 0.0 0.0 0.996984 0.0 0.0 0.0 0.0 0.0 0.0 2.82526e-05 0.0 0.0 0.0 0.0 0.00132579 0.0 0.0 8.9407e-08 0.0
0.0 0.0 0.0 0.0 0.0 0.0 0.0 0.0 0.0 0.0 0.0 0.0 0.0 0.0 0.0 0.0 0.0 0.0 8.9407e-08 0.998209 0.0 0.0 0.0 0.0 0.0 0.0 5.66244e-07 2.68221e-07 0.0 0.0 0.0 0.0 0.0 0.0 0.0 1.49012e-07 0.0 0.0 0.0 1.78814e-07 0.0 0.0 0.0 0.0 0.0 0.0 0.0 0.0 0.0 0.0 0.0 0.0 0.0 0.0 0.0 0.0 1.49012e-07 0.0 0.0 0.0 0.0 0.0 8.9407e-08 0.0
0.0 0.0 0.0 0.0 0.0 0.0 0.0 0.0 0.0 0.0 0.0 0.0 0.0 0.0 0.0 0.0 0.0 0.0 0.0 0.0 0.0 0.0 0.0 0.0 0.0 0.0 0.0 0.0 0.0 0.0 0.0 0.0 0.0 0.0 0.0 0.0 0.0 8.9407e-08 0.0 0.0 0.0 0.0 0.0 0.0 0.0 0.0 0.0 0.0 0.0 0.0 0.0 1.0 0.0 0.0 0.0 0.0 0.0 0.0 0.0 0.0 0.0 1.19209e-07 0.0 0.0
0.0 0.0 0.0 0.0 0.0 0.0 0.0 0.0 0.0 0.578321 0.0 0.0 0.0 0.0 0.896543 0.0 0.0 0.0 0.0 0.0 0.0 0.0 0.0 0.0 0.981777 0.0 0.0 0.0 0.0 0.0 0.0 0.0 0.0 0.0 0.0 0.0 0.0 0.230324 0.0 0.0 0.0 0.0 1.42455e-05 0.0 0.0 0.0 0.0 0.0 0.0 0.0 0.0 0.0 0.0 0.0 0.0 0.147955 0.0 0.0 0.0 0.0 0.0 0.0 0.0 0.0
0.0 0.0 0.0 0.0 0.0 0.0 0.958206 0.0 0.0 0.0 0.0 0.0 0.0 0.0 0.0 0.0 0.0 1.86861e-05 0.0 0.0 0.0 0.0 1.82688e-05 0.0 0.0 7.12872e-05 0.0 0.0 0.0 0.0 7.15256e-07 0.0 0.0 0.00038445 0.0 0.0 0.0 0.0 0.0 0.0 0.000152171 0.0 0.0 0.0 0.0 0.0 0.0 0.0 0.0 0.0 0.0 0.0 0.0 0.0 0.0 0.0 0.0 0.0 0.0 0.0 0.0 0.0 0.0 0.0
0.0 0.0 0.0 3.57628e-07 0.0 1.40071e-06 0.0 0.0 0.0 0.0 0.0 0.0 0.0 0.0 0.0 0.0 0.0 0.0 0.0 2.68221e-07 0.0 4.85182e-05 5.96046e-08 0.0 0.0 0.0 0.00768393 0.999076 8.9407e-08 0.0 0.0 0.0 0.0 0.0 0.0 1.64807e-05 0.0 0.0 0.0 4.33028e-05 1.3411e-06 0.0 0.0 0.0 0.0 0.0 0.0 0.0 0.0 0.0 0.0 0.0 0.0 0.000511974 0.0 0.0 0.00756806 0.0 0.0 0.0 0.0 0.0 3.78489e-06 0.0
0.984363 0.0 0.0 0.0 0.0 0.0 0.0 0.0 0.0 2.98023e-08 0.92202 7.89762e-06 0.936234 0.0 0.0 0.0 0.0 0.0 0.0 0.0 0.970371 0.0 0.0 0.0 0.0 0.0 0.0 0.0 0.0 0.0 0.0 0.0 0.0 0.0 0.0 0.0 0.0 0.0 0.0 0.0 0.0 0.0 0.0196913 0.0 0.0 0.0 0.0 0.0 0.0 0.0 0.0 0.0 0.0 0.0 0.0 1.78814e-07 0.0 0.0 0.0 0.0 7.21812e-05 0.0 0.0 0.0
0.0 0.0 0.0 0.0 0.0 0.0 0.0 0.0 0.0 0.0 0.0 0.0 0.0 0.0 0.0 0.0 0.0 0.0 0.0 0.0 0.0 0.0 0.0 0.0 0.0 0.0 0.0 0.0 0.0 0.0 0.0 0.0 0.048184 0.0 0.0 0.0 0.0 0.0 0.0 0.0 0.0 0.0 0.0 0.0 0.0 0.240071 0.0 0.0 0.0 0.0 0.0 0.0 0.0 0.0 0.0 0.0 0.0 0.0 0.0 0.0 0.0 0.0 0.0 0.0
0.0 0.0 0.0 0.0 0.0 0.481411 2.20537e-06 0.0 0.0 0.0 0.0 0.0 0.0 0.0 0.0 0.0 0.0 0.00123549 0.0 0.0 0.0 1.66893e-06 0.984786 0.0 0.0 0.0350825 1.2219e-05 0.00137711 1.49012e-07 0.0 1.63913e-05 0.0 0.0 2.38419e-07 0.0 5.36442e-07 0.0 0.0 0.0 0.0 0.696656 0.0 0.0 0.0 0.0 0.0 0.0 0.0 0.0 0.0 0.0 0.0 0.0 7.78735e-05 0.0 0.0 3.8743e-07 0.0 0.0 0.0 0.0 0.0 0.0 0.0
0.0 0.0 0.0 0.0175318 0.0 6.25849e-07 0.0 0.0 0.99813 0.0 0.0 0.0 0.0 0.0 0.0 0.0 0.0 0.0 0.000176996 0.0 0.0 0.000361085 0.0 0.0 0.0 0.0 2.38419e-07 0.0 0.0 0.0 0.0 0.0 0.0 0.0 0.0 0.0 0.0 0.0 0.0 1.32322e-05 0.0 0.0 0.0 0.0 0.0 0.0 0.0 8.9407e-08 0.0 0.0 0.0 0.0 0.0 2.08616e-05 2.38419e-07 0.0 6.91414e-06 0.0 0.0 0.0 0.0 0.0 3.52859e-05 0.0
0.0 0.0 0.0 0.0 0.0 0.0 0.0 0.0 0.0 0.0 0.0 0.0 0.0 0.0 0.0 0.0 0.0 0.0 0.0 0.0 0.0 0.0 0.0 0.0 0.0 0.0 0.0 0.0 0.0 0.0 0.0 0.0 0.0 0.0 0.0 0.0 0.0 8.9407e-08 0.0 0.0 0.0 0.0 0.0 0.0 0.0 0.0 0.0 0.0 1.0 0.0 0.0 0.0 0.0 0.0 0.0 0.0 0.0 0.0 0.0 0.0 0.0 0.0 0.0 0.0
0.0 0.79243 0.0 0.0 0.0 0.0 0.0 0.0 0.0 0.0 0.0 0.0 0.0 0.0 0.0 1.67489e-05 0.0 0.0 0.0 0.0 0.0 0.0 0.0 0.986643 0.0 0.0 0.0 0.0 0.0 0.0 0.0 0.0 0.0 0.0 0.0 0.0 0.0 0.0 0.0 0.0 0.0 0.0 0.0 0.0 0.0 0.0 0.0 0.0 0.0 0.0 0.0 0.0 0.0 0.0 0.0 0.0 0.0 0.632337 0.0 0.0 0.0 0.0 0.0 0.0
0.0 0.988798 0.0 0.0 0.0 0.0 0.0 0.0 0.0 0.0 0.0 0.0 0.0 0.0 0.0 6.85453e-07 0.0 0.0 0.0 0.0 0.0 0.0 0.0 0.780823 0.0 0.0 0.0 0.0 0.0 0.0 0.0 0.0 0.0 0.0 0.0 0.0 0.0 0.0 0.0 0.0 0.0 0.0 0.0 0.0 0.0 0.0 0.0 0.0 0.0 0.0 0.0 0.0 0.0 0.0 0.0 0.0 0.0 0.559822 0.0 0.0 0.0 0.0 0.0 0.0
0.0 0.0 0.0 0.0 0.0 0.0 0.0 0.0 0.0 0.0 0.0 0.0 0.0 0.0 0.0 0.0 0.0 0.0 0.0 0.0 0.0 0.0 0.0 0.0 0.0 0.0 0.0 0.0 0.0 0.0 0.0 0.0 0.0 1.0 0.0 0.0 0.0 0.0 4.17233e-06 0.0 0.0 0.0 0.0 0.0 0.0 0.0 0.0 0.0 0.0 0.0 0.708581 0.0 0.0 0.0 0.0 0.0 0.0 0.0 0.0 0.0 0.0 0.0 0.0 0.0
0.0 0.0 0.0 0.0 0.0 0.0 0.0 0.0 0.0 0.0 0.0 0.0 0.0 0.0 0.0 0.0 0.0 0.0 0.0 0.0 0.0 0.0 0.0 0.0 0.0 0.0 0.0 0.0 0.0 0.0 0.0 0.0 0.0 0.0 0.0 0.0 0.0 0.0 0.0 0.0 0.0 0.0 0.0 0.0 2.43187e-05 0.0 0.0 0.000200182 0.0 0.0 0.0 0.0 0.0 0.0 0.0116309 0.0 0.0 0.0 0.0 0.999099 0.0 0.0 0.0 0.0
0.0 0.0 0.0 0.0 0.0 0.000137955 6.55651e-07 0.0 0.0 0.0 0.0 0.0 0.0 0.0 0.0 0.0 0.0 0.973089 0.0 0.0 0.0 0.0 0.0272144 0.0 0.0 0.883683 0.0 8.9407e-08 2.98023e-08 0.0 0.0416531 0.0 0.0 6.79493e-06 0.0 0.0 0.0 0.0 1.75834e-06 0.0 0.00638998 0.0 0.0 0.0 0.0 0.0 0.0 0.0 0.0 0.0 0.0 0.0 0.0 0.0 0.0 0.0 0.0 0.0 3.18885e-06 0.0 0.0 0.0 0.0 0.0
0.0 0.0 0.0 0.0 0.0 0.0 0.0 0.0 0.0 0.0 0.0 0.0 0.0 0.0 0.0 0.0 0.0 0.0 0.0 0.0 0.0 0.0 0.0 0.0 0.0 0.0 0.0 0.0 0.0 0.0 0.0 0.0 0.958188 0.0 0.0 0.0 0.0 0.0 0.0 0.0 0.0 0.0 0.0 0.0 0.0 4.17233e-07 0.0 0.0 0.0 0.0 0.0 0.0 0.0 0.0 0.0 0.0 0.0 0.0 0.0 0.0 0.0 0.0 0.0 0.0
0.0 6.04391e-05 1.0 8.40425e-06 4.26173e-06 0.0 0.0 0.0 5.96046e-08 0.0 0.0 0.0 0.0 0.0 0.0 0.0 0.0 0.0 5.88894e-05 0.0 0.0 0.0 0.0 1.99676e-06 0.0 0.0 0.0 0.0 0.0 0.99999 0.0 0.0 0.0 0.0 0.0 0.0 0.0 0.0 0.0 5.96046e-08 0.0 0.0 0.0 0.0 0.997692 0.0 0.0 0.00546941 0.0 0.0 0.0 0.0 0.0 0.0 0.999336 0.0 0.0 0.0 0.0 0.973444 0.0 0.0 3.27826e-07 0.0
0.0 0.0 0.0 0.0012961 0.0 5.39422e-06 0.0 0.0 0.0 0.0 0.0 0.0 0.0 0.0 0.0 0.0 0.0 0.0 0.000809014 3.80576e-05 0.0 0.00721666 1.78814e-07 0.0 0.0 0.0 0.951623 0.0149403 0.0211777 0.0 0.0 0.0 0.0 0.0 0.0 0.0123223 1.2517e-06 0.0 0.0 0.154419 9.23872e-07 0.0 0.0 5.96046e-07 0.0 0.0 0.0 2.98023e-08 0.0 0.0 0.0 0.0 0.0 0.0581046 0.0 0.0 0.673909 0.0 0.0 0.0 0.0 0.0 0.0347879 0.0
0.0 0.0 0.0 0.0 0.0 0.0 0.0 0.0 0.0 0.0 0.0 0.0 0.0 0.0 0.0 0.0 0.0 0.0 0.0 0.0 0.0 0.0 0.0 0.0 0.0 0.0 0.0 0.0 0.0 0.0 0.0 0.0 0.0 0.0 0.0 0.0 0.0 0.0 0.0 0.0 0.0 0.0 0.0 0.0 1.0 0.0 0.0 0.0 0.0 0.0 0.0 0.0 0.0 0.0 0.0 0.0 0.0 0.0 0.0 1.35601e-05 0.0 0.0 0.0 0.0
0.0 0.0 0.0 2.08616e-07 0.0 8.04663e-07 0.0 0.0 0.0 0.0 0.0 0.0 0.0 0.0 0.0 0.0 0.0 0.0 0.0 2.01464e-05 0.0 1.81198e-05 1.78814e-07 0.0 0.0 2.98023e-08 0.0327189 0.000384152 0.000170261 0.0 2.08616e-07 0.0 0.0 0.0 0.0 0.992218 0.0 0.0 0.0 7.56979e-06 0.000167608 0.0 0.0 0.0 0.0 0.0 0.0 0.0 0.0 0.0 0.0 0.0 0.0 0.000339746 0.0 0.0 0.000148386 0.0 0.0 0.0 0.0 0.0 2.26498e-06 0.0
0.0 0.0 0.0 0.0 0.0 0.00068149 0.000170797 0.0 0.0 0.0 0.0 0.0 0.0 0.0 0.0 0.0 0.0 0.00455055 0.0 0.0 0.0 0.0 0.27874 0.0 0.0 0.33143 1.78814e-07 8.01682e-06 0.0 0.0 0.00454521 0.0 0.0 8.9407e-08 0.0 6.28829e-06 0.0 0.0 0.0 0.0 0.99769 0.0 0.0 0.0 0.0 0.0 0.0 0.0 0.0 0.0 0.0 0.0 0.0 2.98023e-08 0.0 0.0 0.0 0.0 0.0 0.0 0.0 0.0 0.0 0.0
0.0 0.0 0.0 0.0 0.0 0.0 0.0 0.0 0.0 0.0 0.0 0.0 0.0 0.0 0.0 0.0 0.0 0.0 0.0 0.0 0.0 0.0 0.0 0.0 0.0 0.0 0.0 0.0 0.0 0.0 0.0 0.0 0.0 1.0 0.0 0.0 0.0 0.0 0.0 0.0 0.0 0.0 0.0 0.0 0.0 0.0 0.0 0.0 0.0 0.0 0.0 0.0 0.0 0.0 0.0 0.0 0.0 0.0 0.0 0.0 0.0 0.0 0.0 0.0
0.0 0.0 0.0 0.0 0.999996 0.0 0.0 0.0 0.0 0.0 0.0 0.0 0.0 0.0 0.0 0.0 0.0 0.0 0.0 0.0 0.0 0.0 0.0 0.0 0.0 0.0 0.0 0.0 0.0 0.0 0.0 0.0 0.0 0.0 0.0 0.0 0.0 0.0 0.0 0.0 0.0 0.0 0.0 0.0 0.0 0.0 0.0 0.0 0.0 0.0 0.0 0.0 0.0 0.0 0.0 0.0 0.0 0.0 0.0 0.0 0.0 0.0 0.0 0.0
0.0 0.0 0.0 0.0 0.0 0.0 0.0 0.999813 0.0 0.0 0.0 0.0 0.0 0.0 0.0 0.0 0.0 0.0 0.0 0.0 0.0 0.0 0.0 0.0 0.0 0.0 0.0 0.0 0.0 0.0 0.0 0.0 0.0 0.957146 0.0 0.0 0.0 0.0 0.0 0.0 0.0 0.998465 0.0 0.0 0.0 0.0 0.932479 0.0 0.0 0.0 0.0 0.0 0.0 0.0 0.0 0.0 0.0 0.0 1.49012e-07 0.0 0.0 0.0 0.0 0.99726
0.0 0.0 0.0 0.0 0.0 0.0 0.0 0.0 0.0 0.0 0.0 0.0 0.0 0.0 0.0 0.0 0.0 0.0 0.0 0.0 0.0 0.0 0.0 0.0 0.0 0.0 0.0 0.0 0.0 0.0 0.0 0.0 0.0 0.0 0.0 0.0 0.0 0.0 0.0 0.0 0.0 0.0 0.0 0.0 0.0 0.0 0.0 0.0 0.0 0.0 0.0 0.0 9.53674e-07 0.0 0.0 0.0 0.0 0.0 0.0 0.0 0.0 0.0 0.0 0.0
0.0 1.49012e-07 0.0 0.0 0.0 0.0 0.0 0.0 0.0 0.0 0.0 9.11951e-06 0.0 0.0 0.0 0.992906 0.0 0.0 0.0 0.0 0.0 0.0 0.0 1.04308e-05 0.0 0.0 0.0 0.0 0.0 0.0 0.0 0.0 0.0 0.0 0.0 0.0 0.0 0.0 0.0 0.0 0.0 0.0 0.0 0.0 0.0 0.0 0.0 0.0 0.0 0.0 0.0 0.0 0.0 0.0 0.0 0.0 0.0 3.15905e-06 0.0 0.0 6.09756e-05 0.0 0.0 0.0
0.0 0.0 0.0 0.0 0.0 0.0 0.0 0.0 0.0 0.0 0.0 0.0 0.0 0.0 0.0 0.0 0.0 0.0 0.0 0.0 0.0 0.0 0.0 0.0 0.0 0.0 0.0 0.0 0.0 0.0 0.0 0.999931 0.0 0.0 0.0 0.0 0.0 0.0 0.0 0.0 0.0 0.0 0.0 0.0 0.0 0.0 0.0 0.0 0.0 0.0 0.0 0.0 0.0 0.0 0.0 0.0 0.0 0.0 0.0 0.0 0.0 0.0 0.0 0.0
0.0 0.0 0.0 0.753803 0.0 0.000107199 0.0 0.0 2.92063e-06 0.0 0.0 0.0 0.0 0.0 0.0 0.0 0.0 0.0 0.525825 5.78165e-06 0.0 0.765773 2.98023e-08 0.0 0.0 0.0 0.970729 0.00210565 0.0209841 0.0 0.0 0.0 0.0 0.0 0.0 0.00161892 1.06394e-05 0.0 0.0 0.992064 1.19209e-07 0.0 0.0 2.24411e-05 0.0 0.0 0.0 2.86102e-06 0.0 0.0 0.0 0.0 0.0 0.781394 3.57628e-07 0.0 0.936955 0.0 0.0 0.0 0.0 0.0 0.992049 0.0
0.0 0.0 0.0 1.78814e-07 0.0 0.0 0.0 0.0 0.0 0.0 0.0 0.0 0.0 0.0 0.0 0.0 0.0 0.0 1.49012e-07 0.00521937 0.0 0.0 0.0 0.0 0.0 0.0 7.80821e-06 2.563e-06 0.00342664 0.0 4.76837e-07 0.0 0.0 0.0 0.988763 0.0228319 0.00237337 0.0 0.0 1.78814e-07 8.9407e-08 0.0 0.0 0.0 0.0 0.0 0.0 0.0 0.0 0.0 0.0 0.0 0.0 0.0 0.0 0.0 4.38094e-06 0.0 8.9407e-08 0.0 0.0 0.0 1.19209e-07 0.0
2.68221e-07 0.0 0.0 0.0 0.0 0.0 0.0 0.0 0.0 0.0 2.44379e-06 0.178905 0.000206023 0.0 0.0 0.000181526 0.0 0.0 0.0 0.0 8.9407e-08 0.0 0.0 0.0 0.0 0.0 0.0 0.0 0.0 0.0 0.0 0.0 0.0 0.0 0.0 0.0 0.0 0.0 0.0 0.0 0.0 0.0 0.0 0.0 0.0 0.0 0.0 0.0 0.0 0.0 0.0 0.0 0.0 0.0 0.0 0.0 0.0 1.19209e-07 0.0 0.0 0.986153 0.0 0.0 0.0
0.0 0.0 0.0 0.0 0.0 0.0 0.0 0.0 0.0 0.0 0.0 0.0 0.0 0.999987 0.0 0.0 6.55651e-06 0.0 0.0 0.0 0.0 0.0 0.0 0.0 0.0 0.0 0.0 0.0 0.0 0.0 0.0 0.0 0.0 0.0 0.0 0.0 0.0 0.0 0.0 0.0 0.0 0.0 0.0 0.0 0.0 0.0 0.0 0.0 0.0 0.0 0.0 0.0 0.0 0.0 0.0 0.0 0.0 0.0 0.0 0.0 0.0 0.0 0.0 0.0
0.0 0.0 0.0 0.0 0.0 0.0 0.0 0.0 0.0 0.0 0.0 0.0 0.0 0.0 0.0 0.0 0.0 7.43866e-05 0.0 0.0 0.0 0.0 0.0 0.0 0.0 2.46167e-05 0.0 0.0 0.0 0.0 0.484078 0.0 0.0 4.47035e-07 0.0 0.0 0.0 0.0 0.0 0.0 5.96046e-07 0.0 0.0 0.0 0.0 0.0 0.0 0.0 0.0 0.0 0.0 0.0 0.0 0.0 0.0 0.0 0.0 0.0 0.964362 0.0 0.0 0.0 0.0 0.0
0.0 0.0 0.0 0.0 0.0 0.0 0.0 0.94136 0.0 0.0 0.0 0.0 0.0 0.0 0.0 0.0 0.0 0.0 0.0 0.0 0.0 0.0 0.0 0.0 0.0 0.0 0.0 0.0 0.0 0.0 0.0 0.0 0.0 0.479357 0.0 0.0 0.0 0.0 0.0 0.0 0.0 0.992082 0.0 0.0 0.0 0.0 0.137632 0.0 0.0 0.0 0.0 0.0 0.0 0.0 0.0 0.0 0.0 0.0 0.0 0.0 0.0 0.0 0.0 0.206969
0.0 0.0 0.0 0.000164688 0.0 8.49366e-05 0.0 0.0 5.87106e-06 0.0 0.0 0.0 0.0 0.0 0.0 0.0 0.0 0.0 0.000129521 0.0 0.0 9.62317e-05 8.9407e-08 0.0 0.0 0.0 3.618e-05 2.09212e-05 0.0 0.0 0.0 0.0 0.0 5.6535e-05 0.0 0.0 0.0 0.0 0.0 0.00108925 3.27826e-07 0.0 0.0 0.0 1.43051e-06 0.0 0.0 0.000793576 0.0 0.0 0.0 0.0 0.0 0.000112087 0.99965 0.0 0.000282198 0.0 0.0 0.00104517 0.0 0.0 0.000344217 0.0
0.0 0.0 0.0 0.0306937 0.0 8.21352e-05 0.0 0.0 5.36442e-07 0.0 0.0 0.0 0.0 0.0 0.0 0.0 0.0 0.0 0.0072825 2.34544e-05 0.0 0.175847 2.08616e-07 0.0 0.0 0.0 0.755792 0.0608752 0.000133008 0.0 0.0 0.0 0.0 0.0 0.0 0.000306696 6.25849e-07 0.0 0.0 0.850933 7.15256e-07 0.0 0.0 2.38419e-07 0.0 0.0 0.0 2.98023e-08 0.0 0.0 0.0 0.0 0.0 0.344315 6.55651e-07 0.0 0.969724 0.0 0.0 0.0 0.0 0.0 0.290466 0.0
0.0 0.0 0.0 0.624242 0.0 0.00651774 0.0 0.0 0.000313908 0.0 0.0 0.0 0.0 0.0 0.0 0.0 0.0 0.0 0.00148472 0.0 0.0 0.993683 1.01328e-06 0.0 0.0 0.0 0.399122 0.000413328 6.12736e-05 0.0 0.0 0.0 0.0 0.0 0.0 0.000426203 0.0 0.0 0.0 0.616955 3.27826e-07 0.0 0.0 6.25849e-07 0.0 0.0 0.0 2.98023e-08 0.0 0.0 0.0 0.0 0.0 0.975863 2.98023e-08 0.0 0.759439 0.0 0.0 0.0 0.0 0.0 0.642023 0.0
0.469277 0.0 0.0 0.0 0.0 0.0 0.0 0.0 0.0 0.0 0.691936 0.0074892 0.984558 0.0 0.0 0.0 0.0 0.0 0.0 0.0 0.103839 0.0 0.0 0.0 0.0 0.0 0.0 0.0 0.0 0.0 0.0 0.0 0.0 0.0 0.0 0.0 0.0 0.0 0.0 0.0 0.0 0.0 3.09944e-06 0.0 0.0 0.0 0.0 0.0 0.0 0.0 0.0 0.0 0.0 0.0 0.0 0.0 0.0 0.0 0.0 0.0 0.00989649 0.0 0.0 0.0
0.0 0.0 0.0 0.0 0.0 0.0 0.0 0.0 0.0 0.0 0.0 0.0 0.0 0.0 0.0 0.0 0.0 0.0 0.0 0.0 0.0 0.0 0.0 0.0 0.0 0.0 0.0 0.0 0.0 0.0 0.0 0.0 0.0 0.0 0.0 0.0 0.0 2.08616e-06 0.0 0.0 0.0 0.0 0.0 0.0 0.0 0.0613043 0.0 0.0 0.0 0.0 0.0 0.0 0.000395536 0.0 0.0 0.0 0.0 0.0 0.0 0.0 0.0 0.0 0.0 0.0
0.0 0.0 0.0 0.815521 0.0 0.0 0.0 0.0 0.000121951 0.0 0.0 0.0 0.0 0.0 0.0 0.0 0.0 0.0 0.991361 8.9407e-08 0.0 0.000450462 0.0 0.0 0.0 0.0 0.000248075 0.0 1.51992e-06 0.0 0.0 0.0 0.0 0.0 0.0 0.0 1.60933e-06 0.0 0.0 0.263536 0.0 0.0 0.0 0.0 1.78814e-07 0.0 0.0 7.39098e-06 0.0 0.0 0.0 0.0 0.0 5.19753e-05 2.5332e-06 0.0 0.00584158 0.0 0.0 1.07288e-06 0.0 0.0 0.548563 0.0
0.981397 0.0 0.0 0.0 0.0 0.0 0.0 0.0 0.0 2.08616e-07 0.915542 1.10269e-06 0.739803 0.0 0.0 0.0 0.0 0.0 0.0 0.0 0.983482 0.0 0.0 0.0 0.0 0.0 0.0 0.0 0.0 0.0 0.0 0.0 0.0 0.0 0.0 0.0 0.0 0.0 0.0 0.0 0.0 0.0 0.0922142 0.0 0.0 0.0 0.0 0.0 0.0 0.0 0.0 0.0 0.0 0.0 0.0 1.75834e-06 0.0 0.0 0.0 0.0 1.09076e-05 0.0 0.0 0.0
0.0 0.0 0.0 1.19209e-07 1.49012e-07 0.0 0.0 0.0 2.38419e-07 0.0 0.0 0.0 0.0 0.0 0.0 0.0 0.0 0.0 0.0 0.0 0.0 8.58307e-06 0.0 0.0 0.0 0.0 5.07236e-05 0.0 2.17557e-06 0.0 0.0 0.0 0.0 0.0 0.0 0.0 0.0 0.0 6.25849e-07 9.23872e-07 0.0 0.0 0.0 0.99978 0.0 0.0 0.0 0.0 0.0 0.0 0.0 0.0 0.0 3.97265e-05 0.0 0.0 8.64267e-07 0.0 0.0 0.0 0.0 0.0 2.98023e-06 0.0
1.19209e-07 0.0 0.0 0.0 0.0 0.0 0.0 0.0 0.0 0.0 7.39098e-06 0.984204 0.000227362 0.0 0.0 1.2219e-06 0.0 0.0 0.0 0.0 5.96046e-08 0.0 0.0 0.0 0.0 0.0 0.0 0.0 0.0 0.0 0.0 0.0 0.0 0.0 0.0 0.0 0.0 0.0 0.0 0.0 0.0 0.0 0.0 0.0 0.0 0.0 0.0 0.0 0.0 0.0 0.0 0.0 0.0 0.0 0.0 0.0 0.0 3.8743e-07 0.0 0.0 0.0821217 0.0 0.0 0.0
0.00120082 0.0 0.0 0.0 0.0 0.0 0.0 0.0 0.0 0.0941981 0.0029892 0.0 1.87457e-05 0.0 0.0130627 0.0 0.0 0.0 0.0 0.0 0.00306675 0.0 0.0 0.0 0.000971317 0.0 0.0 0.0 0.0 0.0 0.0 0.0 0.0 0.0 0.0 0.0 0.0 1.51396e-05 0.0 0.0 0.0 0.0 0.00916582 0.0 0.0 0.0 0.0 0.0 0.0 0.0 0.0 0.0 2.98023e-08 0.0 0.0 0.275047 0.0 0.0 0.0 0.0 0.0 0.0 0.0 0.0
0.0 0.0 0.0 0.820166 0.0 0.000311911 0.0 0.0 0.000391394 0.0 0.0 0.0 0.0 0.0 0.0 0.0 0.0 0.0 0.0458679 0.0 0.0 0.918943 5.96046e-08 0.0 0.0 0.0 0.22337 9.15527e-05 3.81768e-05 0.0 0.0 0.0 0.0 0.0 0.0 6.02305e-05 5.96046e-08 0.0 0.0 0.858838 0.0 0.0 0.0 1.78814e-07 0.0 0.0 0.0 1.75834e-06 0.0 0.0 0.0 0.0 0.0 0.730386 7.7486e-07 0.0 0.482769 0.0 0.0 0.0 0.0 0.0 0.910201 0.0
0.0 0.0 0.0 0.904296 0.0 1.19209e-06 0.0 0.0 1.65999e-05 0.0 0.0 0.0 0.0 0.0 0.0 0.0 0.0 0.0 0.592868 0.0 0.0 0.392282 0.0 0.0 0.0 0.0 0.155198 6.41644e-05 2.41399e-06 0.0 0.0 0.0 0.0 0.0 0.0 4.26173e-06 5.96046e-08 0.0 0.0 0.96 0.0 0.0 0.0 8.9407e-08 0.0 0.0 0.0 6.25849e-07 0.0 0.0 0.0 0.0 0.0 0.0822336 2.77162e-06 0.0 0.900878 0.0 0.0 0.0 0.0 0.0 0.922623 0.0
0.0 0.0 0.0 0.0 0.0 0.0 0.0 0.0281246 0.0 0.0 0.0 0.0 0.0 0.0 0.0 0.0 0.0 0.0 0.0 0.0 0.0 0.0 0.0 0.0 0.0 0.0 0.0 0.0 0.0 0.0 0.0 0.0 0.0 0.30835 0.0 0.0 0.0 0.0 0.0 0.0 0.0 0.00919369 0.0 0.0 0.0 0.0 0.836527 0.0 0.0 0.0 0.0 0.0 0.0 0.0 0.0 0.0 0.0 0.0 1.15931e-05 0.0 0.0 0.0 0.0 0.00409356
0.0194631 6.02007e-06 0.0 0.0 0.0 0.0 0.0 0.0 0.0 0.0 3.6478e-05 0.0633386 0.995161 0.0 0.0 0.0 0.0 0.0 0.0 0.0 0.000183553 0.0 0.0 1.19209e-07 0.0 0.0 0.0 0.0 0.0 0.0 0.0 0.0 0.0 0.0 0.0 0.0 0.0 0.0 0.0 0.0 0.0 0.0 0.0 0.0 0.0 0.0 0.0 2.08616e-07 0.0 0.0 0.0 0.0 0.0 0.0 0.0 0.0 0.0 0.0 0.0 0.0 0.000109643 0.0 0.0 0.0
0.0 0.96492 0.0 0.0 0.0 0.0 0.0 0.0 0.0 0.0 0.0 0.0 0.0 0.0 0.0 4.33922e-05 0.0 0.0 0.0 0.0 0.0 0.0 0.0 0.963455 0.0 0.0 0.0 0.0 0.0 0.0 0.0 0.0 0.0 0.0 0.0 0.0 0.0 0.0 0.0 0.0 0.0 0.0 0.0 0.0 0.0 0.0 0.0 4.76837e-06 0.0 0.0 0.0 0.0 0.0 0.0 0.5031 0.0 0.0 0.99703 0.0 0.0 0.0 0.0 0.0 0.0
0.0 0.0 0.0 0.0 0.0 0.0 0.0 0.0 0.0 0.0 0.0 0.0 0.0 0.0 0.0 0.0 0.0 0.0 0.0 0.0 0.0 0.0 0.0 0.0 0.0 0.0 0.0 0.0 0.993756 0.0 0.0 0.0 0.0 0.0 0.0 0.0 0.0 0.0 0.0 0.0 0.0 0.0 0.0 0.0 0.0 0.0 0.0 0.0 0.0 0.0 0.0 0.0 0.0 0.0 0.0 0.0 0.0 0.0 0.0 0.0 0.0 0.0 0.0 0.0
0.0 0.0 0.0 0.92037 0.0 0.203305 0.0 0.0 0.0 0.0 0.0 0.0 0.0 0.0 0.0 0.0 0.0 0.0 0.00278237 0.0 0.0 0.000165969 0.00123286 0.0 0.0 1.49012e-07 0.0 0.000239074 0.0 0.0 0.0 0.0 0.0 0.0 0.0 0.0 0.0 0.0 0.0 7.24792e-05 0.0 0.0 0.0 0.0 0.0 0.0 0.0 0.0 0.0 0.0 0.0 0.0 0.0 0.931729 0.0 0.0 0.52575 0.0 7.7486e-07 0.0 0.0 0.0 0.985593 0.0
0.0 0.0 1.78814e-07 0.0 0.0 0.0 0.0 0.0 0.0 0.0 0.0 0.0 0.0 0.0 0.0 0.0 0.0 0.0 0.0 0.0 0.0 0.0 0.0 0.0 0.0 0.0 0.0 0.0 0.0 0.0 0.0 2.98023e-08 0.0 0.0 0.0 0.0 0.0 0.0 0.0 0.0 0.0 0.0 0.0 0.0 0.0 0.0 0.0 0.0 0.0 0.0 0.0 0.0 0.0 0.0 0.0 0.0 0.0 0.0 0.0 0.0 0.0 0.0 0.0 0.0
0.0 0.0 0.0 4.76837e-07 0.0 0.00768355 0.0 0.0 0.0 0.0 0.0 0.0 0.0 3.63588e-05 0.0 0.0 0.0 0.0 1.19209e-07 0.0 0.0 1.19209e-07 0.339583 0.0 0.0 0.973705 0.0 0.00373182 0.0 0.0 0.0 0.0 0.0 0.0 0.0 0.0 0.0 0.0 2.41399e-06 2.08616e-07 0.0 0.0 0.0 0.0 0.0 0.0 0.0 0.0 0.0 0.0 0.0 0.0 0.0 5.37932e-05 0.0 0.0 0.0222617 0.0 8.9407e-08 0.0 0.0 0.0 2.68221e-07 0.0
0.0 0.0 0.0 0.0 0.0 0.0 0.0 0.0 0.0 0.0 0.0 0.0 0.0 5.96046e-08 0.0 0.0 0.0 0.0 0.0 0.0 0.0 2.98023e-08 3.57628e-07 0.0 0.0 8.9407e-08 0.0 2.77162e-06 0.0 0.0 0.0 0.0 0.0 0.0 0.0 0.0 0.0 0.0 0.0 0.0 0.0 0.0 0.0 0.0 1.99676e-06 0.0 0.0 0.0 0.998134 0.0 0.0 0.0 0.0 0.0 0.0 0.0 0.0 0.0 0.0 0.0 0.0 0.0 0.0 1.49012e-07
0.0 0.0 0.0 0.0 0.0 0.0 0.0 1.3411e-05 0.0 0.0 0.0 0.0 0.0 0.0 0.0 0.0 0.0 0.0 0.0 0.0 0.0 0.0 0.0 0.0 0.0 0.0 0.0 0.0 0.0 0.0 0.0 0.0 0.0 0.0 0.999277 0.0 0.0 0.0 0.0 0.0 0.0 0.0 0.0 0.0 0.0 0.0 0.0 0.0 0.0 0.0 0.0 0.0 0.0 0.0 0.0 0.0 0.0 0.0 0.0 0.0 0.0 0.0 0.0 0.0
0.0 0.0 0.0 0.0 0.0 0.0 0.0 0.0 0.0 0.0 0.0 0.0 0.0 0.0 0.0 0.0 0.0 0.0 0.0 1.0 0.0 0.0 0.0 0.0 0.0 0.0 0.0 0.0 0.0 0.0 0.0 0.0 0.0 0.0 0.0 0.0 0.0 0.0 0.0 0.0 0.0 0.0 0.0 0.0 0.0 0.0 0.0 0.0 0.0 0.0 0.0 0.0 0.0 0.0 0.0 0.0 0.0 0.0 0.0 0.0 0.0 0.0 0.0 0.0
1.69575e-05 0.0 0.0 0.0 0.0 0.0 0.0 0.0 0.0 0.984657 0.00125968 0.0 0.0 0.0 0.618924 0.0 0.0 0.0 0.0 0.0 3.57628e-07 0.0 0.0 0.0 0.98201 0.0 0.0 0.0 0.0 0.0 0.0 0.0 0.0 0.0 0.0 0.0 0.0 0.0 0.0 0.0 0.0 0.0 0.604654 0.0 0.0 0.0 0.0 0.0 0.0 0.0 0.0 0.0 0.0 0.0 0.0 0.752901 0.0 0.0 0.0 0.0 2.14577e-06 0.0 0.0 0.0
0.370162 1.68681e-05 0.0 0.0 0.0 0.0 0.0 0.0 0.0 0.0 0.570155 1.3113e-06 0.000937492 0.0 0.0 0.0 0.0 0.0 0.0 0.0 0.994651 0.0 0.0 0.0 0.0 0.0 0.0 0.0 0.0 0.0 0.0 0.0 0.0 0.0 0.0 0.0 0.0 0.0 0.0 0.0 0.0 0.0 0.0 0.0 0.0 0.0 0.0 0.0 0.0 0.0 0.0 0.0 0.0 0.0 0.0 0.0 0.0 0.0 0.0 0.0 0.000170261 0.0 0.0 0.0
0.0 4.41968e-05 0.0 0.0 0.0 0.0 0.0 0.0 0.0 0.0 0.0 1.93715e-06 2.98023e-08 0.0 0.0 2.68221e-07 0.0 0.0 0.0 0.0 0.0 0.0 0.0 3.21567e-05 0.0 0.0 0.0 0.0 0.0 0.0 0.0 0.0 0.0 0.0 0.0 0.0 0.0 0.0 0.0 0.0 0.0 0.0 0.0 0.0 0.0 0.0 0.0 0.998006 0.0 0.0 0.0 0.0 0.0 0.0 1.93417e-05 0.0 0.0 1.49012e-05 0.0 0.0 0.0 0.0 0.0 0.0
1.12653e-05 1.2517e-06 0.0 0.0 0.0 0.0 0.0 0.0 0.0 0.0 1.07288e-06 0.988634 0.0821982 0.0 0.0 0.0 0.0 0.0 0.0 0.0 2.05636e-06 0.0 0.0 2.08616e-07 0.0 0.0 0.0 0.0 0.0 0.0 0.0 0.0 0.0 0.0 0.0 0.0 0.0 0.0 0.0 0.0 0.0 0.0 0.0 0.0 0.0 0.0 0.0 0.000181168 0.0 0.0 0.0 0.0 0.0 0.0 0.0 0.0 0.0 0.0 0.0 0.0 2.563e-05 0.0 0.0 0.0
0.0 0.0 0.0 0.0 0.0 0.0 0.0 0.0 0.0 0.0 0.0 0.0 0.0 0.0 0.0 0.0 0.0 0.0 0.0 0.0 0.0 0.0 0.0 0.0 0.0 0.0 0.0 0.0 0.0 0.0 0.0 0.0 0.0 0.0 0.0 0.0 0.0 0.0 0.0 0.0 0.0 0.0 0.0 0.0 0.0 0.0 0.0 0.0 0.0 0.000546515 0.0 0.0 0.0 0.0 0.0 0.0 0.0 0.0 0.0 0.0 0.0 0.0 0.0 0.0
1.54972e-06 0.0 0.0 0.0 0.0 0.0 0.0 0.0 0.0 0.913082 0.000107795 0.0 0.0 0.0 0.630795 0.0 0.0 0.0 0.0 0.0 2.98023e-08 0.0 0.0 0.0 0.862605 0.0 0.0 0.0 0.0 0.0 0.0 0.0 0.0 0.0 0.0 0.0 0.0 0.0 0.0 0.0 0.0 0.0 0.473055 0.0 0.0 0.0 0.0 0.0 0.0 0.0 0.0 0.0 0.0 0.0 0.0 0.986596 0.0 0.0 0.0 0.0 1.19209e-07 0.0 0.0 0.0
0.0 0.0 0.0 0.0 0.999979 0.0 0.0 0.0 0.0 0.0 0.0 0.0 0.0 0.0 0.0 0.0 0.0 0.0 0.0 0.0 0.0 0.0 0.0 0.0 0.0 0.0 0.0 0.0 0.0 0.0 0.0 0.0 0.0 0.0 0.0 0.0 0.0 0.0 0.0 0.0 0.0 0.0 0.0 0.0 0.0 0.0 0.0 0.0 0.0 0.0 0.0 0.0 0.0 0.0 0.0 0.0 0.0 0.0 0.0 0.0 0.0 0.0 0.0 0.0
0.0 0.0 0.0 0.0 0.0 0.0 0.0 0.0 0.0 0.0 0.0 0.0 0.0 0.0 0.0 0.0 0.0 0.0 0.0 0.0 0.0 0.0 0.0 0.0 0.0 0.0 0.0 0.0 0.0 0.0 0.0 0.0 0.0 0.0 0.0 0.0 0.0 0.999991 0.0 0.0 0.0 0.0 0.0 0.0 0.0 0.0 0.0 0.0 0.0 0.0 0.0 0.0 0.0 0.0 0.0 0.0 0.0 0.0 0.0 0.0 0.0 0.0 0.0 0.0
0.0 0.0 0.0 5.0962e-06 0.0 2.68221e-07 0.0 0.0 0.0 0.0 0.0 0.0 0.0 0.0 0.0 0.0 0.0 0.0 1.51992e-06 0.0 0.0 0.0 6.25849e-06 0.0 0.0 1.19209e-07 0.0 0.0 0.0 0.0 0.0 0.0 0.0 0.0 0.0 0.0 0.0 0.0 0.0 0.0 0.0 0.0 0.0 0.0 0.0 0.0 0.0 0.0 0.0 0.0 0.0 0.0 0.0 4.50611e-05 0.0 0.0 5.39422e-06 0.0 0.998714 0.0 0.0 0.0 3.47793e-05 0.0
0.0 0.0 0.0 0.0 0.0 0.0 0.0 0.0 0.0 0.0 0.0 0.0 0.0 0.0 0.0 0.0 0.0 0.0 0.0 0.0 0.0 0.0 0.0 0.0 0.0 0.0 0.0 0.0 0.0 0.0 0.0 0.0 0.0 0.0 0.0 0.0 0.999944 0.0 0.0 0.0 0.0 0.0 0.0 0.0 0.0 0.0 0.0 0.0 0.0 0.0 0.0 0.0 0.0 0.0 0.0 0.0 0.0 0.0 0.0 0.0 0.0 0.0 0.0 0.0
0.0 0.0 0.0 0.0 0.0 0.0 0.0 0.0 0.0 0.0 0.0 0.0 0.0 0.0 0.0 0.0 0.0 0.0 0.0 0.0 0.0 0.0 0.0 0.0 0.0 0.0 0.0 1.19209e-07 0.0 0.0 0.0 0.0 0.0 0.0 0.0 0.0 0.0 0.0 0.0 8.9407e-08 0.0 0.0 0.0 0.0 0.997663 0.0 0.0 0.0 0.0 0.0 0.0 0.0 0.0 0.0 0.0 0.0 0.0 0.0 0.0 0.0 0.0 0.0 0.0 0.0
0.997798 1.54972e-06 0.0 0.0 0.0 0.0 0.0 0.0 0.0 4.47035e-07 0.0246269 1.85668e-05 0.146844 0.0 0.0 0.0 0.0 0.0 0.0 0.0 0.235204 0.0 0.0 0.0 8.9407e-08 0.0 0.0 0.0 0.0 0.0 0.0 0.0 0.0 0.0 0.0 0.0 0.0 0.0 0.0 0.0 0.0 0.0 2.08616e-07 0.0 0.0 0.0 0.0 0.0 0.0 0.0 0.0 0.0 0.0 0.0 0.0 0.0 0.0 0.0 0.0 0.0 0.000258833 0.0 0.0 0.0
0.0 0.0 0.0 0.000182003 0.0 0.0375811 0.0 0.0 0.0 0.0 0.0 0.0 0.0 2.80142e-06 0.0 0.0 0.0 0.0 0.000627726 0.0 0.0 9.59635e-06 0.356742 0.0 0.0 0.00766158 0.0 0.998381 0.0 0.0 0.0 0.0 0.0 0.0 0.0 0.0 0.0 0.0 2.68221e-07 0.000229776 0.0 0.0 0.0 0.0 8.9407e-07 0.0 0.0 0.0 4.15444e-05 0.0 0.0 0.0 0.0 0.00883573 0.0 0.0 0.0630663 0.0 0.0 0.0 0.0 0.0 0.000285387 0.0
0.0 0.0 0.0 0.0 0.0 2.563e-06 0.0 0.0 0.0 0.0 0.0 0.0 0.0 1.78814e-07 0.0 0.0 0.0 0.0 0.0 0.0 0.0 0.0 3.27826e-06 0.0 0.0 0.0161793 0.0 2.98023e-08 0.0 0.0 0.0 0.0 0.0 0.0 0.0 0.0 0.0 0.0 8.9407e-08 0.0 0.0 0.0 0.0 0.0 0.0 0.0 0.0 0.0 0.0 0.0 0.0 4.22895e-05 0.0 0.0 0.0 0.0 6.58631e-06 0.0 0.0 0.0 0.0 0.0 0.0 0.0
0.0 0.00153518 0.0 0.0 0.0 0.0 0.0 0.0 0.0 0.0 0.0 0.0 0.0 0.0 0.0 1.59144e-05 0.0 0.0 0.0 0.0 0.0 0.0 0.0 0.37376 0.0 0.0 0.0 0.0 0.0 0.0 0.0 0.0 0.0 0.0 0.0 0.0 0.0 0.0 0.0 0.0 0.0 0.0 0.0 0.0 0.0 0.0 0.0 2.89083e-06 0.0 0.0 0.0 0.0 0.0 0.0 0.99105 0.0 0.0 0.110221 0.0 0.0 0.0 0.0 0.0 0.0
1.19209e-07 0.0 0.0 0.0 0.0 0.0 0.0 0.0 0.0 0.977499 1.27852e-05 0.0 0.0 0.0 0.983475 0.0 0.0 0.0 0.0 0.0 0.0 0.0 0.0 0.0 0.920993 0.0 0.0 0.0 0.0 0.0 0.0 0.0 0.0 0.0 0.0 0.0 0.0 0.0 0.0 0.0 0.0 0.0 0.0420811 0.0 0.0 0.0 0.0 0.0 0.0 0.0 0.0 0.0 0.0 0.0 0.0 0.881976 0.0 0.0 0.0 0.0 0.0 0.0 0.0 0.0
0.0 0.0 0.0 0.0 0.0 0.0 0.0 0.0 0.0 0.0 0.0 0.0 0.0 0.000111103 0.0 0.0 0.0 0.0 0.0 0.0 0.0 0.0 4.47035e-07 0.0 0.0 0.00880879 0.0 1.19209e-07 0.0 0.0 0.0 0.0 0.0 0.0 0.0 0.0 0.0 0.0 0.0183665 0.0 0.0 0.0 0.0 0.0 0.0 0.0 0.0 0.0 0.0 0.0 0.0 1.19209e-06 0.0 0.0 0.0 0.0 0.0 0.0 0.0 0.0 0.0 0.0 0.0 0.0
0.0 0.0 0.0 0.00590676 0.0 0.000189006 0.0 0.0 0.0 0.0 0.0 0.0 0.0 0.0 0.0 0.0 0.0 0.0 0.992231 0.0 0.0 2.02656e-06 0.00709099 0.0 0.0 8.9407e-08 0.0 7.78735e-05 0.0 0.0 0.0 0.0 0.0 0.0 0.0 0.0 0.0 0.0 0.0 0.00247806 0.0 0.0 0.0 0.0 0.0 0.0 0.0 0.0 0.0 0.0 0.0 0.0 0.0 0.0022119 0.0 0.0 0.000246078 0.0 1.78814e-07 0.0 0.0 0.0 0.0194525 0.0
0.0 0.0 0.0 0.0 0.0 0.0 0.0 0.0 0.0 0.0 0.0 0.0 0.0 0.0 0.0 0.0 0.0 0.0 0.0 0.0 0.0 0.0 0.0 0.0 0.0 0.0 0.0 0.0 0.0 0.0 0.0 0.0 0.0 2.98023e-08 0.0 0.0 0.0 0.0 0.0 0.0 0.0 0.0 0.0 0.0 0.0 0.0 0.0 0.0 0.0 0.0 0.0 0.0 0.0 0.0 0.0 0.0 0.0 0.0 0.0 0.0 0.0 0.0 0.0 0.0
0.0 0.0 0.0 0.0 0.0 0.0 0.0 0.0 0.0 0.0 0.0 0.0 0.0 0.0 0.0 0.0 0.0 0.0 0.0 0.0 0.0 0.0 0.0 0.0 0.0 0.0 0.000113666 0.0 0.0 0.0 0.0 0.0 0.0 0.0 0.0 0.0 0.0 0.0 0.0 0.0 0.0 0.0 0.0 0.0 0.0 0.0 0.0 0.0 0.0 0.0 0.0 0.993288 0.0 0.0 0.0 0.0 0.0 0.0 0.0 0.0 0.0 0.0 0.0 0.0
0.0 0.0 0.997672 0.0 0.0 0.0 0.0 0.0 0.0 0.0 0.0 0.0 0.0 0.0 0.0 0.0 0.0 0.0 0.0 0.0 0.0 0.0 0.0 0.0 0.0 0.0 0.0 0.0 0.0 0.995081 0.0 0.0 0.0 0.0 0.0 0.0 0.0 0.0 0.0 0.0 0.0 0.0 0.0 0.0 0.0 0.0 0.0 0.0 0.0 0.0 0.0 0.0 0.0 0.0 0.0 0.0 0.0 0.0 0.0 0.0 0.0 0.0 0.0 0.0
0.0 0.0 0.0 0.0 0.0 0.0 0.0 0.0 0.0 0.0 0.0 0.0 0.0 0.0 0.0 0.0 0.996657 0.0 0.0 0.0 0.0 0.0 0.0 0.0 0.0 0.0 8.34465e-07 0.0 0.0 0.0 0.00441819 0.0 0.0 0.0 0.0 0.0 0.0 0.0 0.0 0.0 0.0 0.0 0.0 0.0 0.0 0.0 0.0 0.0 0.0 0.0 0.0 0.0 0.0 0.0 0.0 0.0 0.0 0.0 0.0 0.0 0.0 0.0 0.0 0.0
0.0 0.0 0.0 0.0 0.0 0.0 0.0 0.0 0.0 0.0 0.0 0.0 0.0 0.0 0.0 0.0 0.0 0.0 0.0 0.0 0.0 0.0 0.0 0.0 0.0 0.0 0.0 0.0 0.0 0.0 0.0 0.0 0.999067 0.0 0.0 0.0 0.0 0.0 0.0 0.0 0.0 0.0 0.0 0.0 0.0 0.0 0.0 0.0 0.0 0.0 0.0 0.0 0.0 0.0 0.0 0.0 0.0 0.0 0.0 0.0 0.0 0.0 0.0 0.0
0.0 0.0 0.0 0.0 0.0 0.0 0.0 0.0 0.0 0.0 0.0 0.0 0.0 0.0 0.0 0.0 0.0 0.0 0.0 0.0 0.0 0.0 0.0 0.0 0.0 0.0 0.0 0.0 0.0 0.0 0.0 0.0 0.0 0.0 0.0 0.0 0.0 0.0 0.0 0.0 0.0 0.0 0.0 0.0 0.0 0.0 0.0 0.0 0.0 0.999992 0.0 0.0 0.0 0.0 0.0 0.0 0.0 0.0 0.0 0.0 0.0 0.0 0.0 0.0
0.0 0.0 0.0 0.0 0.0 0.0 0.999998 0.0 0.0 0.0 0.0 0.0 0.0 0.0 0.0 0.0 0.0 0.0 0.0 0.0 0.0 0.0 0.0 0.0 0.0 0.0 0.0 0.0 0.0 0.0 0.0 0.0 0.0 0.0 0.0 0.0 0.0 0.0 0.0 0.0 0.0 0.0 0.0 0.0 0.0 0.0 0.0 0.0 0.0 0.0 0.0 0.0 0.0 0.0 0.0 0.0 0.0 0.0 0.0 0.0 0.0 0.0 0.0 0.0
0.0 0.0 0.0 0.0 0.0 0.0 0.0 0.0 0.99959 0.0 0.0 0.0 0.0 0.0 0.0 0.0 0.0 0.0 0.0 0.0 0.0 0.0 0.0 0.0 0.0 0.0 0.0 0.0 0.0 0.0 0.0 0.0 0.0 0.0 8.9407e-08 0.0 0.0 0.0 0.0 0.0 0.0 0.0 0.0 0.0 0.0 0.0 0.0 0.0 0.0 0.0 0.0 0.0 0.0 0.0 0.0 0.0 0.0 0.0 0.0 0.0 0.0 0.0 0.0 0.0
0.0 0.0 0.0 0.612542 0.0 0.993447 0.0 0.0 0.0 0.0 0.0 0.0 0.0 1.19209e-07 0.0 0.0 0.0 0.0 0.00117368 0.0 0.0 0.00317821 0.178209 0.0 0.0 0.000285715 0.0 0.031064 0.0 0.0 0.0 0.0 0.0 0.0 0.0 0.0 0.0 0.0 0.0 0.000333607 0.0 0.0 0.0 0.0 0.0 0.0 0.0 0.0 0.0 0.0 0.0 0.0 0.0 0.802733 0.0 0.0 0.998116 0.0 8.9407e-08 0.0 0.0 0.0 0.369661 0.0
0.0 0.0 0.0 0.000128567 0.0 0.000196576 0.0 0.0 0.0 0.0 0.0 0.0 0.0 0.0 0.0 0.0 0.0 0.0 0.000744432 0.0 0.0 2.32458e-06 0.000195652 0.0 0.0 0.0 0.0 4.29153e-06 0.0 0.0 0.0 0.0 0.0 0.0 0.0 0.0 0.0 0.0 0.0 0.99838 0.0 0.0 0.0 0.0 5.96046e-08 0.0 0.0 0.0 0.0 0.0 0.0 0.0 0.0 0.000241339 0.0 0.0 0.000332892 0.0 0.0 0.0 0.0 0.0 0.000133127 0.0
0.0 0.0 0.0 0.0 0.0 0.0 0.0 0.0 0.0 0.0 0.0 0.0 0.0 0.0 0.0 0.0 0.0 0.0 0.0 0.0 0.0 0.0 0.0 0.0 0.0 0.0 0.0 0.0 0.0 0.0 0.0 0.0 0.0 0.0 0.0 0.0 0.0 0.0 0.0 0.0 0.0 0.0 0.0 0.0 0.0 0.0 0.0 0.0 0.0 0.0 0.0 0.0 0.999903 0.0 0.0 0.0 0.0 0.0 0.0 0.0 0.0 0.0 0.0 0.0
0.0 0.0 0.0 0.0 0.0 0.0 0.0 0.0 0.0 0.0 0.0 0.0 0.0 2.35438e-06 0.0 0.0 0.0 0.0 0.0 0.0 0.0 0.0 0.0 0.0 0.0 0.0 7.56085e-05 0.0 0.0 0.0 0.0 0.0 0.0 0.0 0.0 0.0 0.0 0.0 4.85778e-06 0.0 0.0 0.0 0.0 0.0 0.0 0.0 0.0 0.0 0.0 0.0 0.0 0.000468314 0.0 0.0 0.0 0.0 0.0 0.0 0.0 0.0 0.0 0.0 0.0 0.0
0.0 0.0 0.0 0.000252038 0.0 0.000653505 0.0 0.0 0.0 0.0 0.0 0.0 0.0 0.0 0.0 0.0 0.0 0.0 1.49012e-05 0.0 0.0 0.996924 3.39746e-06 0.0 0.0 0.0 0.0 2.95043e-06 0.0 0.0 0.0 0.0 0.0 0.0 0.0 0.0 1.54972e-06 0.0 0.0 4.67598e-05 0.0 0.0 0.0 0.0 0.0 0.0 0.0 0.0 0.0 0.0 0.0 0.0 0.0 0.000204682 0.0 0.0 0.00210059 0.0 0.0 0.0 0.0 0.0 2.90275e-05 0.0
0.0 0.0 0.0 0.0 0.0 0.0 0.0 0.0 0.0 0.0 0.0 0.0 0.0 0.0 0.0 0.0 0.0 0.0 0.0 0.0 0.0 0.0 0.0 0.0 0.0 0.0 0.0 0.0 0.0 0.0 0.0 0.0 0.0 0.0 0.0 0.0 0.0 0.0 0.0 0.0 0.0 0.0 0.0 0.0 0.0 0.0 0.0 0.0 0.0 0.0 0.0 0.0 0.0 0.0 0.0 0.0 0.0 0.0 0.0 0.0 0.0 0.0 0.0 0.0
0.0 0.0 0.0 0.0 0.0 0.0 0.0 0.0 0.0 0.0 0.0 0.0 0.0 0.0 0.0 0.0 0.0 0.0 0.0 0.0 0.0 0.0 0.0 0.0 0.0 0.0 0.00146922 0.0 0.0 0.0 0.0 0.0 0.0 0.0 0.0 0.0 0.0 0.0 0.0 0.0 0.0 0.0 0.0 0.0 0.0 0.0 0.988401 0.0 0.0 0.0 0.0 0.0 0.0 0.0 0.0 0.0 0.0 0.0 0.0 0.0 0.0 0.0 0.0 0.0
8.62181e-05 1.3411e-06 0.0 0.0 0.0 0.0 0.0 0.0 0.0 0.0 8.22544e-06 1.87755e-05 8.95858e-05 0.0 0.0 0.0 0.0 0.0 0.0 0.0 1.2964e-05 0.0 0.0 0.0 0.0 0.0 0.0 0.0 0.0 0.0 0.0 0.0 0.0 0.0 0.0 0.0 0.0 0.0 0.0 0.0 0.0 0.0 6.25849e-07 0.0 0.0 0.0 0.0 2.98023e-08 0.0 0.0 0.0 0.0 0.0 0.0 0.0 0.0 0.0 0.0 0.0 0.0 0.99712 0.0 0.0 0.0
0.0 0.0 0.0 0.0 0.0 0.0 0.0 0.0 0.0 0.0 0.0 0.0 0.0 0.0 0.0 0.0 0.0 0.0 0.0 0.0 0.0 0.0 0.0 0.0 0.0 0.0 0.0 0.0 0.0 0.0 0.0 0.0 0.0 0.0 0.0 0.0 0.0 0.0 0.0 0.0 0.999956 0.0 0.0 0.0 0.0 0.0 0.0 0.0 0.0 0.0 0.0 0.0 0.0 0.0 0.0 0.0 0.0 0.0 0.0 0.0 0.0 0.0 0.0 0.0
0.0 0.0 0.0 0.0 0.0 0.0 0.0 0.0 0.0 0.0 0.0 0.0 0.0 0.0 0.0 0.0 0.0 0.0 0.0 0.0 0.0 0.0 0.0 0.0 0.0 0.0 0.0 0.0 0.0 0.0 0.0 0.0 0.0 0.999622 0.0 0.0 0.0 0.0 0.0 0.0 0.0 0.0 0.0 0.0 0.0 0.0 0.0 0.0 0.0 0.0 0.0 0.0 0.0 0.0 0.0 0.0 0.0 0.0 0.0 0.0 0.0 0.0 0.0 0.0
0.0 0.0 0.0 0.0 0.0 0.0 0.0 0.0 0.0 0.0 0.0 0.0 0.0 0.0 0.0 0.0 0.0 0.0 0.0 0.0 0.0 0.0 0.0 0.0 0.0 0.0 0.0 0.0 0.0 0.0 0.0 0.0 0.0 0.0 0.0 0.0 0.0 0.0 0.0 0.0 0.0 0.0 0.0 0.0 0.0 2.98023e-08 0.0 0.0 0.0 0.0 0.0 0.0 0.0 0.0 0.0 0.0 0.0 0.0 0.0 0.0 0.0 0.999101 0.0 0.0
0.0 0.0 0.0 0.0 0.0 0.0 0.0 0.0 0.0 0.0 0.0 0.0 0.0 0.0 0.0 0.0 0.0 0.0 0.0 0.0 0.0 0.0 0.0 0.0 0.0 0.0 0.998736 0.0 0.0 0.0 0.0 0.0 0.0 0.0 0.0 0.0 0.0 0.0 0.0 0.0 0.0 0.0 0.0 0.0 0.0 0.0 9.67383e-05 0.0 0.0 0.0 0.0 1.35601e-05 0.0 0.0 0.0 0.0 0.0 0.0 0.0 0.0 0.0 0.0 0.0 0.0
0.0 0.0 0.0 0.0 0.0 0.0 0.0 0.0 0.0 0.0 0.0 0.0 0.0 0.0 0.0 0.0 0.0 0.0 0.0 0.0 0.0 0.0 0.0 0.0 0.0 0.0 0.0 0.0 0.0 0.0 0.0 0.0 0.0 0.0 0.0 0.0 0.0 0.0 0.0 0.0 0.0 0.0 0.0 0.995091 0.0 0.0 0.0 0.0 0.0 0.0 0.0 0.0 0.0 0.0 0.0 0.0 0.0 0.0 0.0 0.0 0.0 0.0 0.0 0.0
0.0 0.0 0.0 0.0 0.0 0.0 0.0 0.0 0.0 0.0 0.0 0.0 0.0 0.0 0.0 0.0 0.0 0.0 0.0 0.0 0.0 0.0 0.0 0.0 0.0 0.0 0.0 0.0 0.0 0.0 0.0 0.0 0.0 0.0 0.0 0.0 0.0 0.0 0.0 0.0 0.0 0.0 0.0 0.0 0.0 0.0 0.0 0.0 0.0 0.0 0.0 0.0 0.0 0.0 0.0 0.0 0.0 0.0 0.0 0.0 0.0 0.0 0.0 0.0
0.0 0.0 0.0 0.0 0.0 1.19209e-07 0.0 0.0 0.0 0.0 0.0 0.0 0.0 0.999935 0.0 0.0 0.0 0.0 0.0 0.0 0.0 0.0 7.15256e-07 0.0 0.0 8.55327e-06 0.0 1.19209e-07 0.0 0.0 0.0 0.0 0.0 0.0 0.0 0.0 0.0 0.0 1.19209e-07 0.0 0.0 0.0 0.0 0.0 0.0 0.0 0.0 0.0 0.0 0.0 0.0 0.0 0.0 0.0 0.0 0.0 0.0 0.0 0.0 0.0 0.0 0.0 0.0 0.0
0.0 0.0 0.0 0.0 0.0 0.0 0.0 0.0 0.0 0.0 0.0 0.0 0.0 0.0 0.0 0.0 0.0 0.0 0.0 0.0 0.0 0.0 0.0 0.0 0.0 0.0 0.0 0.0 0.0 0.0 0.0 0.0 0.0 0.0 0.0 0.000158012 0.0 0.0 0.0 0.0 0.0 0.0 0.0 0.0 0.0 0.0 0.0 0.0 0.0 0.0 0.0 0.0 0.0 0.0 0.0 0.0 0.0 0.0 0.0 0.0 0.0 0.0 0.0 0.998092
0.0 0.0 0.0 0.0 0.0 0.0 0.0 0.0 0.0 0.0 0.0 0.0 0.0 0.0 0.0 0.0 0.0 0.0 0.0 0.0 0.0 0.0 0.0 0.0 0.0 0.0 0.0 0.0 0.0 0.0 0.0 1.0 0.0 0.0 0.0 0.0 0.0 0.0 0.0 0.0 0.0 0.0 0.0 0.0 0.0 0.0 0.0 0.0 0.0 0.0 0.0 0.0 0.0 0.0 0.0 0.0 0.0 0.0 0.0 0.0 0.0 0.0 0.0 0.0
0.0 0.0 0.0 0.0 0.0 0.0 0.0 0.0 0.0 0.0 0.0 0.0 0.0 0.0 0.0 0.0 0.0 0.0 0.0 0.0 0.0 0.0 0.0 0.0 0.0 0.0 0.0 0.0 0.0 0.0 0.0 0.0 0.0 0.0 0.0 0.0 0.0 0.0 0.0 0.0 0.0 0.0 0.0 0.0 0.0 0.998176 0.0 0.0 0.0 0.0 0.0 0.0 0.0 0.0 0.0 0.0 0.0 0.0 0.0 0.0 0.0 0.0 0.0 0.0
0.0 0.0 0.0 0.0111481 0.0 0.194864 0.0 0.0 0.0 0.0 0.0 0.0 0.0 1.49012e-07 0.0 0.0 0.0 0.0 0.000233591 0.0 0.0 1.50204e-05 0.990221 0.0 0.0 0.0157416 0.0 0.0134051 0.0 0.0 0.0 0.0 0.0 0.0 0.0 0.0 0.0 0.0 0.0 0.000367939 0.0 0.0 0.0 0.0 0.0 0.0 0.0 0.0 0.0 0.0 0.0 0.0 0.0 0.396335 0.0 0.0 0.886851 0.0 1.75834e-06 0.0 0.0 0.0 0.0047332 0.0
0.0 0.0 0.0 0.0 0.0 0.0 0.0 0.0 0.0 0.0 0.0 0.0 0.0 0.0 0.0 0.0 0.0 0.0 0.0 0.0 0.0 0.0 0.0 0.0 0.0 0.0 0.0 0.0 0.0 0.0 0.0 0.0 0.0 0.0 0.0 0.0 0.0 0.0 0.0 0.0 0.0 0.0 0.0 0.0 0.0 0.0 0.0 0.0 0.0 0.0 0.0 0.0 0.0 0.0 0.0 0.0 0.0 0.0 0.0 0.999922 0.0 0.0 0.0 0.0
1.09971e-05 0.0 0.0 0.0 0.0 0.0 0.0 0.0 0.0 0.164281 0.000149637 0.0 2.98023e-08 0.0 0.0049367 0.0 0.0 0.0 0.0 0.0 1.78814e-07 0.0 0.0 0.0 0.487087 0.0 0.0 0.0 0.0 0.0 0.0 0.0 0.0 0.0 0.0 0.0 0.0 0.0 0.0 0.0 0.0 0.0 0.986484 0.0 0.0 0.0 0.0 0.0 0.0 0.0 0.0 0.0 0.0 0.0 0.0 0.187049 0.0 0.0 0.0 0.0 2.98321e-05 0.0 0.0 0.0
0.0 0.0 0.0 0.982375 0.0 0.235592 0.0 0.0 0.0 0.0 0.0 0.0 0.0 0.0 0.0 0.0 0.0 0.0 0.0319552 0.0 0.0 0.0144374 0.0017584 0.0 0.0 2.98023e-08 0.0 0.00016138 0.0 0.0 0.0 0.0 0.0 0.0 0.0 0.0 0.0 0.0 0.0 0.000836998 0.0 0.0 0.0 0.0 0.0 0.0 0.0 0.0 0.0 0.0 0.0 0.0 0.0 0.827416 0.0 0.0 0.672436 0.0 2.38419e-07 0.0 0.0 0.0 0.942917 0.0
0.0 0.609172 0.0 0.0 0.0 0.0 0.0 0.0 0.0 0.0 0.0 0.0 0.0 0.0 0.0 1.34408e-05 0.0 0.0 0.0 0.0 0.0 0.0 0.0 0.996505 0.0 0.0 0.0 0.0 0.0 0.0 0.0 0.0 0.0 0.0 0.0 0.0 0.0 0.0 0.0 0.0 0.0 0.0 0.0 0.0 0.0 0.0 0.0 2.31266e-05 0.0 0.0 0.0 0.0 0.0 0.0 0.725893 0.0 0.0 0.961657 0.0 0.0 0.0 0.0 0.0 0.0
0.0 0.0 0.0 0.0 0.0 0.0 0.0 0.0 0.0 0.0 0.0 0.0 0.0 3.60608e-06 0.0 0.0 0.0 0.0 0.0 0.0 0.0 0.0 5.96046e-08 0.0 0.0 1.3411e-06 0.0 6.25849e-07 0.0 0.0 0.0 0.0 0.0 0.0 0.0 0.0 0.0 0.0 0.905546 0.0 0.0 0.0 0.0 0.0 0.0 0.0 0.0 0.0 0.0 0.0 0.0 0.0 0.0 0.0 0.0 0.0 0.0 0.0 0.0 0.0 0.0 0.0 0.0 0.0
0.0 0.0 0.0 0.0 0.0 0.0 0.0 0.0 0.0 0.0 0.0 0.0 0.0 0.0 0.0 0.0 0.0 0.999303 0.0 0.0 0.0 0.0 0.0 0.0 0.0 0.0 0.0 0.0 0.0 0.0 0.0 0.0 0.0 0.0 0.0 0.0 0.0 0.0 0.0 0.0 0.0 0.0 0.0 0.0 0.0 0.0 0.0 0.0 0.0 0.0 0.0 0.0 0.0 0.0 0.0 0.0 0.0 0.0 0.0 0.0 0.0 0.0 0.0 0.0
0.0 3.26335e-05 0.0 0.0 0.0 0.0 0.0 0.0 0.0 0.0 0.0 0.0 0.0 0.0 0.0 0.999162 0.0 0.0 0.0 0.0 0.0 0.0 0.0 1.44541e-05 0.0 0.0 0.0 0.0 0.0 0.0 0.0 0.0 0.0 0.0 0.0 0.0 0.0 0.0 0.0 0.0 0.0 0.0 0.0 0.0 0.0 0.0 0.0 1.19209e-07 0.0 0.0 0.0 0.0 0.0 0.0 3.02196e-05 0.0 0.0 1.81794e-05 0.0 0.0 0.0 0.0 0.0 0.0
0.0 0.0 0.0 0.033424 0.0 0.990637 0.0 0.0 0.0 0.0 0.0 0.0 0.0 1.78814e-07 0.0 0.0 0.0 0.0 0.000629455 0.0 0.0 0.00100067 0.0662191 0.0 0.0 0.00200841 0.0 0.0109386 0.0 0.0 0.0 0.0 0.0 0.0 0.0 0.0 0.0 0.0 8.9407e-08 0.000626355 0.0 0.0 0.0 0.0 0.0 0.0 0.0 0.0 0.0 0.0 0.0 0.0 0.0 0.178734 0.0 0.0 0.976723 0.0 0.0 0.0 0.0 0.0 0.0251612 0.0
0.0 0.0 0.0 0.827147 0.0 0.39127 0.0 0.0 0.0 0.0 0.0 0.0 0.0 0.0 0.0 0.0 0.0 0.0 0.0072715 0.0 0.0 0.000330806 0.233823 0.0 0.0 1.34706e-05 0.0 0.00358352 0.0 0.0 0.0 0.0 0.0 0.0 0.0 0.0 0.0 0.0 0.0 0.00156638 0.0 0.0 0.0 0.0 0.0 0.0 0.0 0.0 0.0 0.0 0.0 0.0 0.0 0.991359 0.0 0.0 0.918024 0.0 9.17912e-06 0.0 0.0 0.0 0.933985 0.0
0.0 0.0 0.0 0.0 0.0 0.0 0.0 0.0 0.0 0.0 0.0 0.0 0.0 0.0 0.0 0.0 0.0 0.0 0.0 0.0 0.0 0.0 0.0 0.0 0.0 0.0 0.0 0.0 0.0 0.0 0.0 0.0 0.0 0.0 0.0 0.999618 0.0 0.0 0.0 0.0 0.0 2.08616e-07 0.0 0.0 0.0 0.0 0.0 0.0 0.0 0.0 0.0 0.0 0.0 0.0 0.0 0.0 0.0 0.0 0.0 0.0 0.0 0.0 0.0 2.5332e-06
30 50 41 7 29 1 10 9 16 63 46 34 2 57 20 24 37 35 26 8 28 23 0 14 52 56 18 19 51 54 12 55 45 3 36 44 31 59 11 42 61 62 39 33 32 17 47 60 5 53 21 6 49 58 43 15 25 22 27 48 13 38 40 4
