8
0.00018847 0.0 0.000392497 8.9407e-08 0.988101 0.0 0.00364 0.0 0.0 0.0 0.0 0.0 0.0 0.134942 0.0 0.00679928 0.0 0.0 0.0182247 5.96046e-08 0.0 0.2425 0.0 0.0 0.0 0.0 0.25047 0.654577 0.0 0.0 2.68221e-07 2.68221e-07 0.0 0.000101835 0.000255197 0.000109494 0.0 0.000582159 0.0 0.0762708 0.02496 2.08616e-06 0.997401 0.0 0.0 0.0 0.0242326 0.0 0.0 0.0 5.96046e-08 0.0 0.0 0.590403 0.0 0.0 5.06639e-07 1.19209e-07 0.0 0.0 0.0 2.6077e-05 0.000545502 8.64267e-06
0.00127715 0.0 0.0 0.0 0.0 0.0 0.0 0.0 0.0 0.0 0.0 0.0 0.0 0.0 0.0 0.0 0.0 0.0 5.96046e-08 0.0 0.0 0.0 0.0 0.0 0.0 0.0 1.49012e-07 0.0 0.0 0.0 0.0 0.0 0.0 4.25577e-05 0.0 0.0 0.0 0.0 0.0 2.53916e-05 5.06639e-07 0.0 0.0 0.0 0.0 0.999577 5.1856e-06 1.49012e-07 0.0 0.0 0.0 0.0 0.0 0.0 0.0 0.0 8.27312e-05 0.0 0.0 0.0 0.0 0.0 0.0 0.0
0.0 0.0 0.000340253 0.101222 0.0 0.0 0.0 0.000110447 0.0 0.0 0.0 0.0 0.0 0.0 0.0 0.0 0.0 0.0 0.0 0.0 0.0 0.00255868 0.0 1.10865e-05 1.78814e-07 0.731948 0.0 5.96046e-07 2.98023e-08 0.0 0.707472 5.0962e-06 0.0 0.0 1.19209e-07 0.0 0.0 0.000129223 0.0 0.0 0.0 0.0 2.38717e-05 0.0 0.0 0.0 0.0 0.0 0.0 0.987301 7.15256e-07 0.0 0.0 0.0 0.000678986 0.0 0.0 0.0 0.0 0.0 0.0 0.0 5.66244e-06 0.0
6.73532e-06 0.0 0.000227332 0.124992 5.27501e-06 0.0 0.000339895 1.49012e-07 0.0 0.0 4.35114e-06 2.98023e-08 0.0 0.000668049 0.0 5.69224e-06 0.0 0.0 2.85506e-05 0.0 0.0 0.00184828 0.0 0.0 0.0 2.98023e-08 2.95937e-05 6.22869e-06 0.0 0.0 2.19941e-05 5.96046e-08 0.0 1.49012e-07 0.0 0.0 0.0 1.94311e-05 0.0 1.78814e-07 3.33786e-06 0.0 0.00582817 0.0 0.0 0.0 5.96046e-08 0.0 0.0 4.85778e-06 0.999996 0.0 0.0 5.66244e-05 0.0 0.0 1.37091e-06 2.05636e-06 0.0 0.0 0.0 0.0 0.00281408 0.0
8.9407e-06 0.0 0.000138134 0.0 0.0 0.0 7.63535e-05 0.0 0.0 0.0 0.0 0.999928 0.0 2.77162e-06 2.39313e-05 0.0 0.0 0.0 6.25849e-07 0.0 0.0 5.06639e-07 0.0 0.0 0.0 0.0 1.19209e-07 0.0 0.0 0.0 1.2219e-06 0.0 0.0 0.0 0.0 0.0 0.0 0.00040257 0.0 0.0 0.0 0.0 9.44734e-06 0.0 7.92742e-06 0.0 0.0 0.0 0.0 2.98023e-08 0.0 0.0 0.0 1.49012e-07 0.0 0.0 1.87755e-06 0.0 0.0 0.0 0.0 0.0 2.98917e-05 0.0
0.0 0.0 0.0 0.0 0.0 0.0 0.0 0.0 0.0 0.0 0.0 0.0 0.99955 0.0 0.0 0.0 0.0 0.0 0.0 0.0 0.0 0.0 0.0 0.0 0.0 0.0 0.0 0.0 0.0 0.0 0.0 0.0 0.0 0.0 0.0 0.0 0.0 0.0 0.0 0.0 0.0 0.0 0.0 0.0 0.0 0.0 0.0 0.0 0.0 0.0 0.0 0.0 0.0 0.0 0.0 0.0 0.0 0.0 0.0 0.0 0.0 0.0 0.0 0.0
1.13547e-05 0.0 0.00367665 8.28505e-06 0.659396 0.0 0.00259084 0.0 0.0 0.0 0.0 0.0 0.0 0.0463149 0.0 0.00089258 0.0 0.0 0.0029805 0.0 0.0 0.93352 0.0 0.0 0.0 8.9407e-08 0.0187674 0.98179 0.0 0.0 5.83529e-05 1.3113e-06 0.0 1.63913e-06 0.00125259 2.81036e-05 0.0 0.00115365 0.0 0.000218153 0.000376344 2.75373e-05 0.998841 0.0 0.0 0.0 2.67923e-05 0.0 0.0 2.17557e-06 1.78814e-07 0.0 0.0 0.0975067 0.0 0.0 1.19209e-07 0.0 0.0 0.0 0.0 2.98023e-08 0.00320244 1.99676e-06
0.0 0.0 0.0 0.0 0.0 2.68221e-07 0.0 0.0 0.0 0.0 0.0 0.0 0.0 0.0 0.0 0.0 0.0 0.0 0.0 0.0 0.0253697 0.0 0.0 0.0 0.0 0.0 0.0 0.0 1.49012e-07 0.0 0.0 0.0 0.0 0.0 0.0 0.0 0.0 0.0 0.0 0.0 0.0 0.0 0.0 0.0 0.0 0.0 0.0 0.0 0.0 0.0 0.0 0.999189 0.0 0.0 0.0 0.0 0.0 0.0 0.0 0.0 0.0 0.0 0.0 0.0
0.0 0.0 0.0 0.0 0.0 0.0 0.0 0.0 0.0 0.0 0.0 0.0 0.0 0.0 0.0 0.0 0.0 0.0 0.0 0.0 0.0 0.0 0.0 0.0 0.0 0.0 0.0 0.0 0.0 0.0 0.0 0.0 0.0 0.0 0.0 0.0 0.0 0.0 0.0 0.0 0.0 0.0 0.0 0.0 0.0 0.0 0.0 0.0 0.0 0.0 0.0 0.0 0.0 0.0 0.0 0.0 0.0 0.0 0.0 0.0 0.0 0.0 0.0 0.0
0.0 0.0 0.0 0.000884861 0.0 0.997635 0.0 2.38419e-07 0.0 0.0 0.000100017 0.0 0.0 0.0 0.0 0.0 0.000629395 0.0 0.0 0.0 0.0 0.0 0.0 8.99136e-05 0.0 0.0 0.0 0.0 0.999175 0.0 0.0 0.0 0.0 0.0 0.0 0.0 9.47714e-06 0.0 0.0 0.0 0.0 0.0 0.0 0.0 0.0 0.0 0.0 0.0 0.0 0.0 0.0 2.98023e-08 0.0 0.0 0.000123769 0.0 0.0 0.0 0.0 0.0 0.0 0.0 0.0 0.0
0.0 0.0 0.0 0.00166184 0.0 6.25849e-07 0.0 2.98023e-07 0.0 0.0 0.0 0.0 0.0 0.0 0.0 0.0 0.000458211 0.0 0.0 0.0 0.0 0.0 0.0 0.00011152 0.0 5.96046e-08 0.0 0.0 2.19643e-05 0.0 0.0 0.0 0.0 0.0 0.0 0.0 0.999619 0.0 0.0 0.0 0.0 0.0 0.0 0.0 0.0 0.0 0.0 0.0 0.0 0.0 0.0 0.0 0.0 0.0 3.96371e-06 0.0 0.0 0.0 0.0 0.0 0.0 0.0 0.0 0.0
0.0 0.0 0.0 0.0 0.0 3.06964e-06 0.0 0.0 0.0 0.0 4.17233e-07 5.02467e-05 0.0 0.0 0.999963 0.0 0.0 0.0 0.0 0.0 0.0 0.0 0.0 0.0 0.0 0.0 0.0 0.0 0.0 0.0 0.0 0.0 0.0 0.0 0.0 0.0 0.0 0.0 0.0 0.0 0.0 0.0 0.0 0.0 4.76837e-07 0.0 0.0 0.0 0.0 0.0 0.0 0.0 0.0 0.0 0.0 0.0 0.0 0.0 0.0 0.0 0.0 0.0 0.0 0.0
0.0 0.0 0.0 0.0 0.0 0.0 0.0 0.0 0.0 0.0 0.0 0.0 0.0 0.0 0.0 0.0 0.0 0.0 0.0 0.0 0.0 0.0 0.0 0.0 0.0 0.0 0.0 0.0 0.0 0.999998 0.0 0.0 0.0 0.0 0.0 0.0 0.0 0.0 0.0 0.0 0.0 0.0 0.0 0.0 0.0 0.0 0.0 0.0 0.0 0.0 0.0 0.0 0.0 0.0 0.0 0.0 0.0 0.0 0.0 0.0 0.0 0.0 0.0 0.0
0.00546864 0.0 0.000409067 5.96046e-08 0.00686485 0.0 0.485662 0.0 0.0 0.0 0.0 2.98023e-08 0.0 0.667533 0.0 0.994505 0.0 0.0 0.206883 5.06639e-07 0.0 0.000669062 0.0 0.0 0.0 0.0 0.110634 2.7746e-05 0.0 0.0 0.0 0.0 0.0 2.26796e-05 5.36442e-07 8.85129e-06 0.0 0.00128722 0.0 0.0338063 0.0127506 1.46329e-05 0.239599 0.0 0.0 0.0 0.012713 0.0 0.0 0.0 0.0 0.0 0.0 0.367626 0.0 0.0 0.00165996 5.96046e-08 0.0 0.0 0.0 6.36876e-05 0.0140252 0.000836313
0.0 0.0 0.0 0.0 0.0 0.0 0.0 0.0 2.8491e-05 0.0 0.0 0.0 0.0 0.0 0.0 0.0 0.0 0.0 0.0 0.0 0.99962 0.0 0.0 0.0 0.0 0.0 0.0 0.0 0.0 0.0 0.0 0.0 0.0 0.0 0.0 0.0 0.0 0.0 0.0 0.0 0.0 0.0 0.0 0.0 0.0 0.0 0.0 0.0 0.0 0.0 0.0 0.0238406 0.0 0.0 0.0 0.0 0.0 0.0 0.0 0.0 0.0 0.0 0.0 0.0
0.0 0.0 0.0 0.0 0.0 0.0 0.0 0.0 0.0 0.0 0.0 0.0 0.0 0.0 0.0 0.0 0.0 0.0 0.0 0.0 0.0 0.0 0.0 0.0 0.0 0.0 0.0 0.0 0.0 0.0 0.0 0.0 0.997404 0.0 0.0 0.0 0.0 0.0 0.0 0.0 0.0 0.0 0.0 0.0 0.0 0.0 0.0 0.0 0.0 0.0 0.0 0.0 0.0 0.0 0.0 0.0 0.0 0.0 0.0 0.0 0.0 0.0 0.0 0.0
0.0 0.0 0.0 0.0 0.0 0.0 0.0 0.0 0.0 0.0 0.0 0.0 0.0 0.0 0.0 0.0 0.0 0.0 0.0 0.0 0.0 0.0 0.0 0.0 0.0 0.0 0.0 0.0 0.0 0.0 0.0 0.0 0.0 0.0 0.0 0.0 0.0 0.0 0.0 0.0 0.0 0.0 0.0 0.0 0.0 0.0 0.0 0.0 0.0 0.0 0.0 0.0 0.0 0.0 0.0 0.997345 0.0 0.0 1.49012e-07 0.0 0.0 0.0 0.0 0.0
0.0 0.0 2.98023e-08 0.999952 0.0 0.000725031 0.0 0.0023872 0.0 0.0 5.57303e-06 0.0 0.0 0.0 0.0 0.0 0.000195354 0.0 0.0 0.0 0.0 2.38419e-07 0.0 0.0026187 0.0 3.61204e-05 0.0 0.0 0.0210885 0.0 8.9407e-06 2.08616e-06 0.0 0.0 0.0 0.0 6.90222e-05 0.0 0.0 0.0 0.0 0.0 1.19209e-07 0.0 0.0 0.0 0.0 0.0 0.0 4.76837e-06 0.000141442 0.0 0.0 0.0 0.0139831 0.0 0.0 0.0 0.0 0.0 0.0 0.0 0.0 0.0
0.00507784 0.0 0.0 0.0 0.000371695 0.0 1.08778e-05 0.0 0.0 0.0 0.0 0.0 0.0 0.000111729 0.0 0.00108251 0.0 0.0 0.00500113 5.66244e-07 0.0 0.0 0.0 0.0 0.0 0.0 0.0142681 2.68221e-07 0.0 0.0 0.0 0.0 0.0 0.0888669 1.19209e-07 3.99351e-06 0.0 0.0 0.0 0.960591 0.0952453 0.0 0.0010224 0.0 0.0 0.0 0.989694 1.33812e-05 0.0 0.0 0.0 0.0 0.0 0.00228071 0.0 0.0 0.000111312 0.000285983 0.0 0.0 0.0 0.983032 5.96046e-08 9.06289e-05
2.02656e-06 0.0 0.0 0.0 0.0 0.0 0.0 0.0 0.0 0.0 0.0 0.0 0.0 0.0 0.0 0.0 0.0 0.0 0.0 0.0 0.0 0.0 0.0 0.0 0.0 0.0 0.0 0.0 0.0 0.0 0.0 0.0 0.0 2.14577e-05 0.0 0.0 0.0 0.0 0.0 7.39098e-06 0.0 0.0 0.0 0.0 0.0 0.0 3.3617e-05 0.99915 0.0 0.0 0.0 0.0 0.0 0.0 0.0 0.0 4.47035e-07 0.0 0.0 0.0 0.0 7.7188e-06 0.0 0.0
0.0 0.0 0.0 2.65241e-06 0.0 5.63264e-06 1.78814e-07 0.0 0.0 0.0 1.0 0.0 0.0 0.0 9.53674e-07 0.0 0.0 2.98023e-07 0.0 0.0 0.0 0.0 0.0 0.0 0.0 0.0 0.0 0.0 5.96046e-08 0.0 0.0 0.0 0.0 0.0 0.0 0.0 0.0 0.0 0.0 0.0 0.0 0.0 0.0 0.0 6.95586e-05 0.0 0.0 0.0 0.0 0.0 0.0 0.0 0.0 0.0 0.0 0.0 0.0 0.0 0.0 0.0 0.0 0.0 5.96046e-08 0.0
5.36442e-07 0.0 0.393535 3.96371e-06 0.000148237 2.98023e-08 0.947984 0.0 0.0 0.0 1.01328e-06 3.27826e-06 0.0 0.0837431 0.0 0.000648707 0.0 0.0 0.000269771 0.0 0.0 0.0229186 0.0 0.0 0.0 1.3411e-06 0.000372767 9.20594e-05 0.0 0.0 0.00298545 0.0 0.0 1.78814e-07 1.69873e-06 0.0 0.0 0.264789 0.0 1.43051e-06 3.18885e-06 2.7746e-05 0.454031 0.0 0.0 0.0 2.38419e-07 0.0 0.0 9.17912e-06 0.000155747 0.0 0.0 0.00223294 0.0 0.0 2.98023e-08 0.0 0.0 0.0 0.0 0.0 0.986352 0.0
0.0 0.0 0.0 0.0 0.0 0.0 0.0 0.0 0.0 0.0 0.0 0.0 0.0 0.0 0.0 0.0 0.0 0.0 0.0 0.0 0.0 0.0 0.0 0.0 0.0 0.0 0.0 0.0 0.0 0.0 0.0 0.0 0.0 0.0 0.0 0.0 0.0 0.0 0.0 0.0 0.0 0.0 0.0 0.0 0.0 0.0 0.0 0.0 0.0 0.0 0.0 0.0 0.0 0.0 0.0 0.0 0.0 0.0 0.0 0.0 0.0 0.0 0.0 0.0
0.0 0.0 0.0 0.0 0.0 0.0 0.0 0.0 0.0 0.0 0.0 0.0 0.0 0.0 0.0 0.0 0.0 0.0 0.0 0.0 0.0 0.0 0.0 0.0 0.0 0.0 0.0 0.0 0.0 0.0 0.0 0.0 0.0 0.0 0.0 0.0 0.0 0.0 0.0 0.0 0.0 0.0 0.0 0.0 0.0 0.0 0.0 0.0 0.0 0.0 0.0 0.0 0.0 0.0 0.0 1.01924e-05 0.0 0.0 0.99953 9.83477e-07 0.0 0.0 0.0 0.0
0.0 0.0 0.0 0.0 0.0 0.0 0.0 0.0 0.0 0.0 8.9407e-08 0.0 0.0 0.0 0.0 0.0 0.0 1.0 0.0 0.0 0.0 0.0 0.0 0.0 0.0 0.0 0.0 0.0 0.0 0.0 0.0 0.0 0.0 0.0 0.0 0.0 0.0 0.0 0.0 0.0 0.0 0.0 0.0 0.0 0.0 0.0 0.0 0.0 0.0 0.0 0.0 0.0 0.0 0.0 0.0 0.0 0.0 0.0 0.0 0.0 0.0 0.0 0.0 0.0
0.0 0.0 0.0 0.0225147 0.0 1.20997e-05 0.0 4.09186e-05 0.0 0.0 0.0 0.0 0.0 0.0 0.0 0.0 0.98779 0.0 0.0 0.0 0.0 0.0 0.0 0.0698284 0.0 0.0 0.0 0.0 0.00100961 0.0 0.0 0.0 0.0 0.0 0.0 0.0 0.00385675 0.0 0.0 0.0 0.0 0.0 0.0 0.0 0.0 0.0 0.0 0.0 0.0 0.0 0.0 0.0 0.0 0.0 7.85887e-05 0.0 0.0 0.0 0.0 0.0 0.0 0.0 0.0 0.0
0.0 0.999924 0.0 0.0 0.0 0.0 0.0 0.0 0.0 0.0 0.0 0.0 0.0 0.0 0.0 0.0 0.0 0.0 0.0 2.98023e-08 0.0 0.0 0.0 0.0 0.0 0.0 0.0 0.0 0.0 0.0 0.0 0.0 0.0 0.0 0.0 0.0 0.0 0.0 0.0 0.0 0.0 0.0 0.0 0.0 0.0 0.0 0.0 0.0 0.0 0.0 0.0 0.0 0.0 0.0 0.0 0.0 0.0 0.0 0.0 0.0 0.0 0.0 0.0 0.0
0.0 0.0 0.0175733 0.109627 8.9407e-08 8.9407e-08 3.63588e-06 9.58741e-05 0.0 0.0 2.98023e-08 8.9407e-08 0.0 8.9407e-08 0.0 0.0 0.0 0.0 0.0 0.0 0.0 0.0659096 0.0 8.64267e-07 2.98023e-08 0.361481 0.0 1.50204e-05 8.9407e-08 0.0 0.988746 1.48416e-05 0.0 0.0 5.66244e-07 0.0 0.0 0.00546259 0.0 0.0 0.0 0.0 0.0017882 0.0 0.0 0.0 0.0 0.0 0.0 0.91616 7.18236e-06 0.0 0.0 0.0 0.000566691 0.0 0.0 0.0 0.0 0.0 0.0 0.0 0.000614196 0.0
0.0944782 0.0 8.07643e-06 2.08616e-07 5.45681e-05 0.0 0.721275 0.0 0.0 0.0 1.2815e-06 1.78814e-07 0.0 0.0396663 0.0 0.0899598 0.0 0.0 0.123089 0.0 0.0 5.96046e-07 0.0 0.0 0.0 0.0 0.020656 2.38419e-07 0.0 0.0 0.0 0.0 0.0 0.000608623 5.96046e-08 5.96046e-08 0.0 0.000154346 0.0 0.100856 0.0800008 0.000424266 0.00165898 0.0 1.19209e-07 0.0 0.101436 1.66893e-06 0.0 0.0 0.0 0.0 0.0 0.0156142 0.0 0.0 0.0730307 0.0 0.0 0.0 0.0 0.000803888 0.000185132 0.00270039
0.387574 0.0 0.0 0.0 2.68221e-07 0.0 5.96046e-08 0.0 0.0 0.0 0.0 2.98023e-08 0.0 1.78814e-07 0.0 0.0 0.0 0.0 4.1008e-05 0.0 0.0 0.0 0.0 0.0 0.0 0.0 5.13494e-05 0.0 0.0 0.0 0.0 0.0 0.0 0.158861 0.0 0.0 0.0 0.0 0.0 0.0809898 0.000744253 0.0 6.16908e-06 0.0 0.0 0.000357389 0.131697 0.000198066 0.0 0.0 0.0 0.0 0.0 2.38419e-06 0.0 0.0 0.0329285 0.0 0.0 0.0 0.0 0.00113049 0.0 2.08616e-07
0.0 0.0 0.0 0.364026 0.0 2.78056e-05 0.0 0.000256479 0.0 0.0 5.96046e-08 0.0 0.0 0.0 0.0 0.0 0.155891 0.0 0.0 0.0 0.0 0.0 0.0 0.981515 1.78814e-07 0.00020653 0.0 0.0 0.00122556 0.0 0.0 0.0 0.0 0.0 0.0 0.0 0.000273049 0.0 0.0 0.0 0.0 0.0 0.0 0.0 0.0 0.0 0.0 0.0 0.0 3.39746e-06 0.0 0.0 0.0 0.0 0.293379 0.0 0.0 0.0 0.0 0.0 0.0 0.0 0.0 0.0
0.0 0.0 5.36442e-07 1.2517e-06 0.0 0.999895 0.0 2.98023e-08 0.0 0.0 2.98023e-05 0.0 0.0 0.0 8.40425e-06 0.0 1.49012e-07 0.0 0.0 0.0 0.0 0.0 0.0 1.46031e-05 0.0 1.17719e-05 0.0 0.0 0.131173 0.0 4.55976e-06 0.0 0.0 0.0 0.0 0.0 0.0 1.19209e-07 0.0 0.0 0.0 0.0 0.0 0.0 0.0 0.0 0.0 0.0 0.0 8.9407e-08 0.0 0.0 0.0 0.0 0.00111291 0.0 0.0 0.0 0.0 0.0 0.0 0.0 1.78814e-07 0.0
0.0 0.0 0.0 0.0 0.0 0.0 0.0 0.0 0.0 0.0 2.98023e-08 1.56462e-05 0.0 0.0 1.17123e-05 0.0 0.0 0.0 0.0 0.0 0.0 0.0 0.0 0.0 0.0 0.0 0.0 0.0 0.0 0.0 0.0 0.0 0.0 0.0 0.0 0.0 0.0 0.0 0.0 0.0 0.0 0.0 0.0 0.0 0.998547 0.0 0.0 0.0 0.0 0.0 0.0 0.0 0.0 0.0 0.0 0.0 0.0 0.0 0.0 0.0 0.0 0.0 0.0 0.0
0.0 0.0 0.0 1.56462e-05 5.96046e-08 0.0 0.0 0.0 0.0 0.0 0.0 0.0 0.0 0.0 0.0 0.0 0.0 0.0 0.0 0.0 0.0 0.0 0.0 0.0 0.0 0.0 0.0 2.98023e-08 0.0 0.0 0.0 5.1856e-06 0.0 0.0 2.98023e-08 0.0 0.0 0.0 2.98023e-08 5.96046e-08 0.0 0.0 2.38419e-07 0.0 0.0 0.0 1.19209e-07 0.0 0.0 0.0 0.0 0.0 1.2517e-06 0.0 0.0 0.0 0.0 0.999417 0.0 0.0 0.0 5.96046e-07 0.0 5.96046e-08
0.0 0.0 0.0 0.0 0.0 0.0 0.0 0.0 0.0 0.0773805 0.0 0.0 0.0 0.0 0.0 0.0 0.0 0.0 0.0 0.0 0.0 0.0 0.0 0.0 0.0 0.0 0.0 0.0 0.0 0.0 0.0 0.0 0.0 0.0 0.0 0.0 0.0 0.0 0.0 0.0 0.0 0.0 0.0 0.0 0.0 0.0 0.0 0.0 0.0 0.0 0.0 0.0 0.0 0.0 0.0 0.0 0.0 0.0 0.0 0.0 0.0 0.0 0.0 0.0
0.232541 0.0 0.000921994 0.0 0.141876 0.0 0.784726 0.0 0.0 0.0 0.0 2.08616e-07 0.0 0.965142 0.0 0.443667 0.0 0.0 0.978874 0.0 0.0 0.0176959 0.0 0.0 0.0 0.0 0.960804 0.0024544 0.0 0.0 8.9407e-08 0.0 0.0 0.00357085 1.508e-05 1.2517e-06 0.0 0.00139141 0.0 0.477048 0.756825 7.16746e-05 0.951916 0.0 0.0 0.0 0.169111 0.0 0.0 0.0 3.27826e-07 0.0 0.0 0.967654 0.0 0.0 0.00200772 0.0 0.0 0.0 0.0 0.00024879 0.0232488 9.08971e-06
0.0 0.0 0.0 0.0 0.0 0.0 0.0 0.0 0.0 0.0 0.0 0.0 0.0 0.0 0.0 0.0 0.0 0.0 0.0 0.0 0.0 0.0 0.991716 0.0 0.0 0.0 0.0 0.0 0.0 0.0 0.0 0.0 0.0 0.0 0.0 0.0 0.0 0.0 0.0 0.0 0.0 0.0 0.0 0.0 0.0 0.0 0.0 0.0 0.0 0.0 0.0 0.0 0.0 0.0 0.0 0.0 0.0 0.0 0.0 0.0 0.0 0.0 0.0 0.0
0.0 0.0 0.0 0.0 0.0 0.0 0.0 0.0 0.0 1.61231e-05 0.0 0.0 1.49012e-07 0.0 0.0 0.0 0.0 0.0 0.0 0.0 0.0 0.0 0.0 0.0 0.0 0.0 0.0 0.0 0.0 0.0 0.0 0.0 0.0 0.0 0.0 0.0 0.0 0.0 0.0 0.0 0.0 0.0 0.0 0.00835904 0.0 0.0 0.0 0.0 1.0 0.0 0.0 0.0 0.0 0.0 0.0 2.08616e-07 0.0 0.0 0.0 0.0 0.0 0.0 0.0 0.0
0.0 0.0 0.0 0.0 0.0 0.0 0.0 0.0 0.0 0.0 0.0 0.0 0.0 0.0 0.0 0.0 0.0 0.0 0.0 0.0 0.0 0.0 0.0 0.0 0.0 0.0 0.0 0.0 0.0 0.0 0.0 3.8743e-07 0.0 0.0 0.0 0.0 0.0 0.0 0.0 0.0 0.0 0.0 0.0 0.0 0.0 0.0 0.0 0.0 0.0 0.0 0.0 0.0 0.998286 0.0 0.0 0.0 0.0 6.06477e-05 0.0 0.0 0.0 0.0 0.0 0.0
0.0405694 0.0 0.000567496 0.0 0.628138 0.0 0.412287 0.0 0.0 0.0 0.0 2.98023e-08 0.0 0.943049 0.0 0.2193 0.0 0.0 0.904371 8.9407e-08 0.0 0.0232794 0.0 0.0 0.0 0.0 0.967694 0.0163409 0.0 0.0 2.98023e-08 0.0 0.0 0.00231701 1.2964e-05 2.92063e-06 0.0 0.00063771 0.0 0.644523 0.739607 5.0962e-06 0.97309 0.0 0.0 0.0 0.259766 0.0 0.0 0.0 3.57628e-07 0.0 0.0 0.984173 0.0 0.0 0.000251532 0.0 0.0 0.0 0.0 0.000351727 0.0122836 3.96371e-06
0.0408385 0.0 0.0 0.0 0.000263542 0.0 0.000151217 0.0 0.0 0.0 0.0 0.0 0.0 0.000634044 0.0 2.84612e-05 0.0 0.0 0.022047 0.0 0.0 3.01003e-06 0.0 0.0 0.0 0.0 0.0721855 3.54648e-06 0.0 0.0 0.0 0.0 0.0 0.996613 5.96046e-08 1.19209e-07 0.0 5.96046e-08 0.0 0.908038 0.069219 0.0 0.00680959 0.0 0.0 1.84774e-06 0.639184 5.57303e-06 0.0 0.0 0.0 0.0 0.0 0.00576741 0.0 0.0 2.864e-05 3.57628e-07 0.0 0.0 0.0 0.0087209 5.06639e-07 0.0
2.98023e-08 0.0 0.940455 0.000113517 0.000314474 1.49012e-07 0.11084 0.0 0.0 0.0 1.19209e-07 5.47171e-05 0.0 0.00823992 0.0 0.00052464 0.0 0.0 2.71797e-05 0.0 0.0 0.083268 0.0 0.0 0.0 5.01573e-05 3.20971e-05 0.000158399 0.0 0.0 0.153184 8.9407e-08 0.0 0.0 6.61612e-06 0.0 0.0 0.987468 0.0 1.49012e-07 2.98023e-07 4.97699e-06 0.552097 0.0 0.0 0.0 0.0 0.0 0.0 0.00134626 1.3411e-06 0.0 0.0 0.000352234 2.98023e-08 0.0 0.0 0.0 0.0 0.0 0.0 0.0 0.477302 5.96046e-08
0.0 0.0 0.0 0.392898 0.0 0.0020836 0.0 0.00455394 0.0 0.0 1.19209e-07 0.0 0.0 0.0 0.0 0.0 0.00115681 0.0 0.0 0.0 0.0 0.0 0.0 0.756666 0.0 0.0123829 0.0 0.0 0.0310817 0.0 3.3617e-05 0.0 0.0 0.0 0.0 0.0 0.000121087 0.0 0.0 0.0 0.0 0.0 0.0 0.0 0.0 0.0 0.0 0.0 0.0 0.000104934 0.0 0.0 0.0 0.0 0.989576 0.0 0.0 0.0 0.0 0.0 0.0 0.0 0.0 0.0
0.0 0.0 0.0 0.0 0.0 0.0 0.0 0.0 0.0 0.0 0.0 0.0 0.0 0.0 0.0 0.0 0.0 0.0 0.0 0.0 0.0 0.0 0.0 0.0 0.0 0.0 0.0 0.0 0.0 0.0 0.0 0.0 0.0 0.0 0.0 0.0 0.0 0.0 0.0 0.0 0.0 0.0 0.0 0.0 0.0 0.0 0.0 0.0 0.0 0.0 0.0 0.0 0.0 0.0 0.0 0.0 0.0 0.0 0.0 0.0 0.0 0.0 0.0 0.0
0.0064491 0.0 0.0361363 0.000165701 0.0841615 0.0 0.0400932 0.0 0.0 0.0 0.0 1.10269e-06 0.0 0.138076 0.0 0.0116904 0.0 0.0 0.162626 0.0 0.0 0.5071 0.0 0.0 1.61827e-05 1.42753e-05 0.188693 0.275392 0.0 0.0 0.001578 1.16229e-06 0.0 0.000451446 0.999997 4.50015e-06 0.0 0.10298 1.49012e-07 0.00861123 0.0182369 0.00160745 0.972979 0.0 0.0 0.0 0.00220916 0.0 0.0 0.000636995 2.44379e-06 0.0 0.0 0.138238 0.0 0.0 1.99974e-05 0.0 0.0 0.0 0.0 1.17421e-05 0.0633967 2.3216e-05
0.0 0.0 0.0 1.94013e-05 0.0 0.0 0.0 0.0 0.0 0.0 0.0 0.0 0.0 0.0 0.0 0.0 0.0 0.0 0.0 0.0 0.0 0.0 0.0 0.0 0.997228 5.96046e-08 0.0 0.0 0.0 0.0 0.0 0.0 0.0 0.0 0.0 0.0 0.0 0.0 5.59986e-05 0.0 0.0 0.0 0.0 0.0 0.0 0.0 0.0 0.0 0.0 2.74181e-06 0.0 0.0 0.0 0.0 0.0 0.0 0.0 0.0 0.0 0.0 0.0 0.0 0.0 0.0
0.0943294 0.0 0.000570476 0.0 0.43926 0.0 0.513292 0.0 0.0 0.0 0.0 1.19209e-07 0.0 0.934089 0.0 0.148936 0.0 0.0 0.946151 1.49012e-07 0.0 0.0373813 0.0 0.0 0.0 0.0 0.982292 0.0143999 0.0 0.0 8.9407e-08 0.0 0.0 0.00688571 2.02954e-05 2.5928e-06 0.0 0.000717342 0.0 0.772775 0.819378 7.39098e-06 0.965169 0.0 0.0 0.0 0.383925 0.0 0.0 0.0 3.27826e-07 0.0 0.0 0.979099 0.0 0.0 0.00024727 0.0 0.0 0.0 0.0 0.000486284 0.0144793 1.66893e-06
0.0 0.0 0.0 2.68221e-06 0.0 0.0 0.0 0.0 0.0 0.0 0.0 0.0 0.0 0.0 0.0 0.0 0.0 0.0 0.0 0.0 0.0 7.17342e-05 0.0 0.0 0.0 2.98023e-08 0.0 4.47035e-07 0.0 0.0 1.49012e-07 0.999567 0.0 0.0 0.0 0.0 0.0 0.0 0.0 0.0 0.0 0.0 1.54972e-05 0.0 0.0 0.0 0.0 0.0 0.0 3.27826e-07 0.0 0.0 1.28448e-05 0.0 0.0 0.0 0.0 3.54648e-06 0.0 0.0 0.0 0.0 0.0 0.0
0.0 0.0 0.0 5.66244e-07 0.0 0.0 0.0 0.0 0.0 0.0 0.0 0.0 0.0 0.0 0.0 0.0 0.0 0.0 0.0 0.0 0.0 0.0 0.0 0.0 0.0 0.0 0.0 0.0 0.0 0.0 0.0 0.0 0.0 0.0 1.49012e-07 0.0 0.0 0.0 0.0 0.0 0.0 0.0 0.0 0.0 0.0 0.0 0.0 0.0 0.0 0.0 0.0 0.0 0.0 0.0 0.0 0.0 0.0 0.0 0.0 0.0 0.0 0.0 0.0 0.0
0.0 0.0 0.0 0.0 0.0 0.0 0.0 1.78814e-07 0.0 0.0 0.0 0.0 0.0 0.0 0.0 0.0 0.0 0.0 0.0 0.0 0.0 0.0 0.0 0.0 3.42727e-05 0.0 0.0 0.0 0.0 0.0 0.0 0.0 0.0 0.0 0.0 0.0 0.0 0.0 0.99994 0.0 0.0 0.0 0.0 0.0 0.0 0.0 0.0 0.0 0.0 0.0 0.0 0.0 0.0 0.0 0.0 0.0 0.0 0.0 0.0 0.0 0.0 0.0 0.0 0.0
0.0 0.0 0.0 0.0 0.0 0.0 0.0 0.0 0.0 0.0 0.0 0.0 0.0 0.0 0.0 0.0 0.0 0.0 0.0 0.0 0.0 0.0 0.0 0.0 0.0 0.0 0.0 0.0 0.0 0.0 0.0 0.0 0.0 0.0 0.0 0.0 0.0 0.0 0.0 0.0 0.0 0.0 0.0 0.0 0.0 0.0 0.0 0.0 0.0 0.0 0.0 0.0 0.0 0.0 0.0 0.0 0.0 0.0 0.0 0.0 0.0 0.0 0.0 0.0
0.0 0.0 0.0 0.0 0.0 0.0 0.0 0.0 0.0 0.0 0.0 0.0 0.0 0.0 0.0 0.0 0.0 0.0 0.0 0.0 0.0 0.0 0.0 0.0 0.0 0.0 0.0 0.0 0.0 0.0 0.0 0.0 0.0 0.0 0.0 0.0 0.0 0.0 0.0 0.0 0.0 0.0 0.0 0.994724 0.0 0.0 0.0 0.0 0.0 0.0 0.0 0.0 0.0 0.0 0.0 0.0 0.0 0.0 0.0 0.0 0.0 0.0 0.0 0.0
5.96046e-07 0.0 0.0 0.0 1.2219e-06 0.0 6.85453e-07 0.0 0.0 0.0 0.0 0.0 0.0 5.06639e-07 0.0 0.000743598 0.0 0.0 9.53674e-07 0.0 0.0 2.98023e-08 0.0 0.0 0.0 0.0 2.98023e-07 5.96046e-07 0.0 0.0 0.0 0.0 0.0 0.0 0.0281738 1.49012e-07 0.0 0.0 0.0 2.5928e-06 1.2517e-06 3.06964e-06 9.72748e-05 0.0 0.0 0.0 8.19564e-06 0.0 0.0 0.0 0.0 0.0 0.0 8.34465e-07 0.0 0.0 7.06315e-06 1.49012e-07 0.0 0.0 0.0 2.32458e-06 0.0 0.997819
0.0 8.9407e-08 0.0 0.0 0.0 0.0 0.0 0.0 0.0 0.0 0.0 0.0 0.0 0.0 0.0 2.98023e-08 0.0 0.0 0.0 0.999696 0.0 0.0 0.0 0.0 0.0 0.0 0.0 0.0 0.0 0.0 0.0 0.0 0.0 0.0 0.0 0.0 0.0 0.0 0.0 0.0 0.0 0.0 2.98023e-08 0.0 0.0 0.0 5.96046e-08 0.0 0.0 0.0 0.0 0.0 0.0 0.0 0.0 0.0 0.0 3.12924e-06 0.0 0.0 0.0 0.0 0.0 1.19209e-07
0.0 0.0 3.27826e-07 0.809449 0.0 5.63264e-06 0.0 0.00501424 0.0 0.0 1.19209e-07 0.0 0.0 0.0 0.0 0.0 1.87755e-06 0.0 0.0 0.0 0.0 1.69873e-06 0.0 0.0605999 3.8743e-07 0.989921 0.0 0.0 1.80006e-05 0.0 0.038681 5.06639e-07 0.0 0.0 0.0 0.0 1.78814e-06 2.08616e-07 0.0 0.0 0.0 0.0 0.0 0.0 0.0 0.0 0.0 0.0 0.0 0.676206 5.96046e-08 0.0 0.0 0.0 0.554698 0.0 0.0 0.0 0.0 0.0 0.0 0.0 2.98023e-08 0.0
1.39475e-05 0.0 1.84774e-06 8.9407e-08 1.37091e-06 0.0 0.0222196 0.0 0.0 0.0 0.0 0.0 0.0 3.02196e-05 0.0 9.65595e-06 0.0 0.0 2.43485e-05 0.0 0.0 7.42078e-06 0.0 0.0 0.0 5.96046e-08 1.90735e-06 2.41399e-06 0.0 0.0 9.23872e-07 0.0 0.0 1.19209e-07 0.000131071 0.0 0.0 5.70714e-05 0.0 9.23872e-07 9.23872e-07 0.994742 0.00136018 0.0 0.0 0.0 1.19209e-07 0.0 0.0 1.19209e-07 0.0 0.0 0.0 5.66244e-06 0.0 0.0 8.07643e-06 0.0 0.0 0.0 0.0 0.0 7.16448e-05 0.000647008
0.00258595 0.0 0.0227758 2.08616e-07 0.0998924 0.0 0.910197 0.0 0.0 0.0 0.0 1.37091e-06 0.0 0.981496 0.0 0.161035 0.0 0.0 0.612803 0.0 0.0 0.0973983 0.0 0.0 0.0 0.0 0.707798 0.00678259 0.0 0.0 2.6226e-06 0.0 0.0 0.000142932 5.39422e-06 0.0 0.0 0.025562 0.0 0.0127568 0.03723 1.03414e-05 0.984369 0.0 0.0 0.0 0.00249797 0.0 0.0 2.98023e-08 1.48714e-05 0.0 0.0 0.899709 0.0 0.0 5.75185e-05 0.0 0.0 0.0 0.0 2.38419e-06 0.495537 5.06639e-07
0.0 0.0 0.0 0.0 0.0 0.0 0.0 0.0 0.0 0.0 0.0 0.0 0.0 0.0 0.0 0.0 0.0 0.0 0.0 0.0 0.0 0.0 0.0 0.0 0.0 0.0 0.0 0.0 0.0 0.0 0.0 0.0 0.0 0.0 0.0 0.0 0.0 0.0 0.0 0.0 0.0 0.0 0.0 0.0 0.0 0.0 0.0 0.0 0.0 0.0 0.0 0.0 0.0 0.0 0.0 0.0 0.0 0.0 0.0 0.0 0.999912 0.0 0.0 0.0
0.0 0.0 0.0 0.0288154 0.0 2.98023e-08 0.0 0.997824 0.0 0.0 0.0 0.0 0.0 0.0 0.0 0.0 2.41399e-06 0.0 0.0 0.0 0.0 0.0 0.0 4.83394e-05 0.0 3.21865e-06 0.0 0.0 0.0 0.0 7.45058e-07 0.0 0.0 0.0 0.0 0.0 6.25849e-07 0.0 1.40071e-06 0.0 0.0 0.0 0.0 0.0 0.0 0.0 0.0 0.0 0.0 1.72853e-06 1.49012e-07 0.0 0.0 0.0 0.000178188 0.0 0.0 0.0 0.0 0.0 0.0 0.0 0.0 0.0
0.0 0.0 0.0 0.0 0.0 0.0 0.0 0.0 0.0 0.0 0.0 0.0 0.0 0.0 0.0 0.0 0.0 0.0 0.0 0.0 0.0 0.0 0.0 0.0 0.0 0.0 0.0 0.0 0.0 0.0 0.0 0.0 0.0 0.0 0.0 0.0 0.0 0.0 0.0 0.0 0.0 0.0 0.0 0.0 0.0 0.0 0.0 0.0 0.0 0.0 0.0 0.0 0.0 0.0 0.0 0.0 0.0 0.0 0.0 0.0 0.0 0.0 0.0 0.0
0.0 0.0 0.0 0.0 0.0 0.0 0.0 0.0 0.998157 0.0 0.0 0.0 0.0 0.0 0.0 0.0 0.0 0.0 0.0 0.0 0.0250374 0.0 0.0 0.0 0.0 0.0 0.0 0.0 0.0 0.0 0.0 0.0 0.0 0.0 0.0 0.0 0.0 0.0 0.0 0.0 0.0 0.0 0.0 0.0 0.0 0.0 0.0 0.0 0.0 0.0 0.0 1.19209e-07 0.0 0.0 0.0 0.0 0.0 0.0 0.0 0.0 0.0 0.0 0.0 0.0
0.776338 0.0 3.18885e-06 0.0 0.100826 0.0 0.0467846 0.0 0.0 0.0 0.0 5.96046e-08 0.0 0.418806 0.0 0.0717825 0.0 0.0 0.949015 0.0 0.0 0.000246227 0.0 0.0 0.0 0.0 0.961476 0.000330925 0.0 0.0 0.0 0.0 0.0 0.0607921 1.37091e-06 3.57628e-06 0.0 3.8147e-06 0.0 0.964736 0.984177 2.92063e-06 0.466982 0.0 0.0 2.98023e-08 0.961397 1.78814e-07 0.0 0.0 0.0 0.0 0.0 0.869065 0.0 0.0 0.0246716 0.0 0.0 0.0 0.0 0.024168 0.000116944 1.33216e-05
0.0 0.0 0.987848 0.000528902 0.000278443 1.49012e-07 0.0112823 2.98023e-08 0.0 0.0 2.08616e-07 2.45273e-05 0.0 0.0013659 0.0 9.2566e-05 0.0 0.0 3.8743e-06 0.0 0.0 0.755643 0.0 0.0 0.0 9.23574e-05 5.90086e-06 0.00108376 0.0 0.0 0.300726 1.04308e-06 0.0 0.0 6.55651e-07 0.0 0.0 0.871152 0.0 2.98023e-08 2.98023e-08 4.17233e-07 0.838335 0.0 0.0 0.0 0.0 0.0 0.0 0.00496539 1.2964e-05 0.0 0.0 7.08103e-05 1.19209e-07 0.0 0.0 0.0 0.0 0.0 0.0 0.0 0.411613 0.0
0.0 0.0 0.0 0.0 0.0 0.0 0.0 0.0 0.0 0.0 0.0 0.0 0.0 0.0 0.0 0.0 0.0 0.0 0.0 0.0 0.0 0.0 0.0 0.0 0.0 0.0 0.0 0.0 0.0 0.0 0.0 0.0 0.0 0.0 0.0 0.0 0.0 0.0 0.0 0.0 0.0 0.0 0.0 0.0 0.0 0.0 0.0 0.0 0.0 0.0 0.0 0.0 0.0 0.0 0.0 0.0 0.0 0.0 7.7486e-07 0.999065 0.0 0.0 0.0 0.0
0.000564218 0.0 0.0 0.0 1.49012e-07 0.0 0.00416169 0.0 0.0 0.0 0.0 0.0 0.0 0.0 0.0 0.0 0.0 0.0 0.0 6.55651e-07 0.0 0.991416 0.0 0.0 0.0 0.000146449 0.0 0.430726 0.0 0.0 0.0104873 5.51939e-05 0.0 0.0 0.0 0.653039 0.0 0.0 0.0 1.13249e-06 1.49012e-07 0.0 0.365686 0.0 0.0163215 0.0 0.0 0.00397396 0.0 0.0221843 0.0 0.0 0.0 2.68221e-06 0.00304535 0.0 0.000139862 0.0 0.0 0.0 0.0 0.0 1.84774e-06 0.0
0.0 0.0 0.0 0.0 1.19209e-07 0.0 0.0 0.0 0.0 0.0 0.0 1.0 6.13034e-05 0.0 0.0 0.0 0.0 0.0 4.5687e-05 0.0 0.0 0.0 0.0 0.0 0.0 0.0 0.0 0.0 0.0 0.0 0.0 4.17233e-07 0.0 0.0 0.0 0.0 0.0 0.0 0.0 0.0 0.0 0.0 0.0 0.0 0.0 1.30832e-05 0.0 0.0 0.0 0.0 0.0 0.0 0.0 0.0 0.0 0.0 0.0 0.0 0.0 0.0 0.0 7.9751e-05 0.0 0.0
0.0 0.0 0.0 6.55651e-07 0.0 0.0 5.96642e-05 8.03769e-05 0.0 0.0 0.0 0.0 0.0 0.0 0.0 0.0 0.0 0.0 0.0 0.0 2.08616e-07 0.00169861 0.0 4.61042e-05 0.0 0.951494 0.0 3.18885e-06 0.0 0.0 0.982531 0.0 0.0 0.0 0.0 0.000147432 0.0 0.0 0.0 0.0 0.0 0.0 0.000231236 0.0 0.000395507 0.0 0.0 0.0 0.0 0.0099915 0.0 0.0 0.0 0.0 0.0072698 0.0 2.98023e-08 0.0 0.0 0.0 0.0 0.0 0.0 0.0
0.0 0.0 0.0 0.0 0.0 0.0 0.0 0.0 0.0 0.0 8.9407e-08 0.0 0.0 0.0 0.0 0.0 0.0 0.0 0.0 0.0 0.0 0.0 5.96046e-08 0.0 0.0 0.0 0.0 0.0 8.9407e-08 0.0 0.0 0.0 0.0 0.0 0.0 0.0 1.0 0.0 0.0 0.0 0.0 1.52588e-05 0.0 0.0 0.0 0.0 0.0 0.0 0.0 0.0 0.0 0.0 0.0 0.0 0.0 0.0 0.0 0.0 0.0 0.0 0.0 0.0 0.0 0.0
2.38419e-07 0.0 0.0 0.0 0.0 0.0 0.0 0.0 0.0 0.0 0.0 0.0 0.0 0.0 0.0 0.0 0.0 0.0 0.0 0.0 0.0 0.0 0.0 0.0 0.0 0.0 0.0 0.0 0.0 0.0 0.0 0.0 0.0 0.0 0.0 0.0 0.0 0.0 0.0 0.0 1.19209e-07 0.0 0.0 0.0 0.0 0.0 0.0 1.78814e-07 0.0 0.0 0.0 0.0 0.0 0.0 0.0 0.0 2.98023e-07 0.0 0.0 0.0 0.0 0.0 0.999855 0.0
0.0 0.0 0.0 0.0 0.0 0.0 0.0 0.0 0.0 0.0 0.0 0.0 0.0 0.0 1.3113e-06 0.0 3.57628e-07 0.0 0.0 0.0 7.29263e-05 0.0 0.0 0.0 0.74845 0.0 0.0 0.0 0.0 0.0 0.0 0.0 0.0 0.0 0.999991 0.0 0.0 0.0 0.0 0.0 0.0 0.0 0.0 0.0 0.0 0.0 0.0 0.0 0.0 0.0 1.49012e-07 0.0 0.0 0.0 0.0 0.0 0.0 0.0 0.0 0.0 0.0 0.0 0.0 0.0
0.00447714 0.0 0.0 0.0 8.04663e-07 0.0 0.00234029 0.0 0.0 0.0 0.0 0.0 0.0 0.0 0.0 0.0 0.0 0.0 0.0 3.42429e-05 0.0 0.330374 0.0 0.0 0.0 6.61612e-06 0.0 0.0604729 0.0 0.0 0.000216633 0.00906929 0.0 0.0 0.0 0.241579 0.0 0.0 0.0 3.3021e-05 5.21541e-06 0.0 0.993437 0.0 0.293845 0.0 3.27826e-07 0.0191619 0.0 7.28071e-05 0.0 0.0 0.0 9.34601e-05 0.00599936 0.0 0.00189155 0.0 0.0 0.0 0.0 0.0 1.90735e-06 0.0
0.0 0.0 0.0 0.0 0.0 0.0 2.08616e-06 0.0 0.0 0.0 0.0 0.0 0.0 0.0 0.0 0.0 0.0 0.0 0.0 0.0 0.0 0.0 0.0 0.0 0.0 0.0 0.0 0.0 0.00584912 0.0 0.0 0.0 0.0 0.0 0.0 0.0 1.13249e-06 0.0 0.0 0.0 0.0 0.999927 0.0 0.0 0.0 0.0 0.0 0.0 0.0 0.0 0.0 0.0 0.0 0.0 0.0 0.0 0.0 0.0 0.0 0.0 0.0 0.0 0.0 0.0
0.0 0.0 0.0 0.0 0.0 0.0 0.0 0.0 0.0 0.0 0.0 0.0 0.0 0.0 0.0 2.98023e-08 0.0 0.0 0.0 0.0 0.0 0.0 0.0 0.0 0.0 0.0 0.0 0.0 0.0 0.999754 0.0 0.0 0.0 0.0 0.0 0.0 0.0 0.0 0.0 0.0 0.0 0.0 0.0 0.0 0.0 0.0 0.0 0.0 0.0 0.0 0.0 0.0 0.0 0.0 0.0 0.0 0.0 0.0 0.0 0.0 0.0 0.0 0.0 0.0
0.0 0.0 0.0 1.0 0.0 0.0 0.0 0.0 0.0 0.0 0.0 0.0 0.0 0.0 0.0 0.0 0.0 0.0 0.0 0.0 0.0 0.0 0.0 0.0 0.0 0.0 0.0 0.0 4.11272e-06 0.0 0.0 0.0 0.0 0.0 0.0 0.0 0.0 0.0 0.0 0.0 0.0 0.0 0.0 0.0 2.98023e-08 0.0 0.0 0.0 0.0 2.08616e-07 0.0 0.0 0.0 0.0 0.0 0.0 0.0 0.0 0.0 0.0 0.0 0.0 0.0 0.0
0.0 0.0 0.0 0.0 0.0 0.0 0.0 0.0 0.0 0.0 0.0 0.0 0.0 0.0 0.0 0.0 0.0 0.0 0.0 0.0 0.0 0.0 0.0 0.0 0.0 0.0 0.0 0.0 0.0 0.0 0.0 0.0 0.0 0.0 0.0 0.0 0.0 0.0 0.0 0.0 0.0 0.0 0.0 0.0 0.0 0.0 0.0 0.0 0.0 0.0 0.0 0.0 0.999962 0.0 0.0 0.0 0.0 0.0 0.0 0.0 0.0 0.0 0.0 0.0
0.0 0.0 1.0 0.0 0.0 0.0 0.0 0.0 0.0 0.0 0.0 0.0 0.0 0.0 0.0 0.0 0.0 0.0 0.0 0.0 0.0 0.0 0.0 0.0 0.0 0.0 3.78489e-06 0.0 0.0 0.0 0.0 2.08616e-07 4.29153e-06 0.0 0.0 0.0 0.0 0.0 0.0 0.0 0.0 0.0 0.0 0.0 0.0 0.0 0.0 0.0 0.0 0.0 0.0 0.0 0.0 0.0 0.0 0.0 0.0 0.0 0.0 0.0 0.0 0.0 0.0 0.0
0.0 0.0 0.0 0.0 0.0 0.0 0.0 0.0 0.0 0.999609 0.0 0.0 0.0 0.0 0.0 0.0 0.0 0.0 0.0 0.0 0.0 0.0 0.0 0.0 0.0 0.0 0.0 0.0 0.0 0.0 0.0 0.0 0.0 0.0 0.0 0.0 0.0 0.0 0.0 0.0 0.0 0.0 0.0 0.0 0.0 0.0 0.0 0.0 0.0 0.0 2.563e-06 1.49012e-07 0.0 0.0 0.0 0.0 0.0 0.0 0.0 0.0 0.0 0.0 0.0 0.0
0.0 0.0 2.08616e-06 0.0 0.0 0.0 0.0 0.0 0.0 0.0 0.0 0.0 0.0 1.01328e-06 0.0 0.0 0.0 0.0 0.0 0.0 0.0 0.0 0.0 0.0 0.0 0.0 0.998915 0.0 0.0 0.0 0.0 9.74536e-06 0.0 0.0 0.0 0.0 0.0 0.0 0.0 0.0 0.0 0.0 0.0 0.0 0.0 0.0 0.0 0.0 0.0 0.0 0.0 0.0 0.0 0.0 0.0 0.0 0.0 0.0 0.0 0.0 0.0 0.0 0.0 0.0
2.29478e-06 0.0 0.0 2.563e-06 0.0 0.0 7.30157e-05 4.20213e-06 0.0 0.0 0.0 0.0 0.0 0.0 0.0 0.0 0.0 0.0 0.0 0.0 0.0 0.0128425 0.0 8.9407e-08 0.0 0.00587484 0.0 6.89328e-05 0.0 0.0 0.0298646 0.0 0.0 0.0 0.0 0.00126895 0.0 0.0 0.0 0.0 0.0 0.0 3.63588e-05 0.0 0.000201702 0.0 0.0 9.53674e-07 0.0 0.996616 0.0 0.0 0.0 0.0 7.36117e-06 0.0 4.05312e-06 0.0 0.0 0.0 0.0 0.0 7.15256e-07 0.0
0.0 0.994914 0.0 0.0 0.0 0.0 0.0 0.0 0.0 0.0 0.0 0.0 0.0 0.0 0.0 1.7792e-05 0.0 0.0 0.0 0.0 0.0 0.0 0.0 0.0 0.0 0.0 0.0 0.0 0.0 0.0 0.0 0.0 0.0 0.0 0.0 0.0 0.0 0.0 0.0 0.0 0.0 0.0 0.0 0.0 0.0 0.0 0.0 0.0 0.0 0.0 0.0 0.0 0.0 0.0 0.0 0.0 0.0 0.0 0.0 0.0 0.0 0.0 0.0 0.0
0.0 0.0 0.0 0.0 0.0 0.0 0.0 0.0 0.0 0.0 0.0 0.0 0.0 0.0 0.0 0.0 2.98023e-08 0.0 0.0 0.0 0.0 0.0 0.0 0.0 5.96046e-08 0.0 0.0 0.0 0.0 0.0 0.0 0.0 0.0 0.0 0.0 0.0 0.0 3.27826e-07 0.0 0.0 0.0 0.0 0.0 0.0 0.0 0.0 0.0 0.0 0.0 0.0 3.06964e-06 6.88434e-06 0.0 0.0 0.0 0.0 0.0 0.0 0.0 0.0 0.0 0.0 0.0 0.0
0.0 0.0 0.0 0.0 0.0 0.0 0.0 0.0 0.0 0.0 0.999999 0.0 0.0 0.0 0.0 0.0 0.0 0.0 0.0 0.0 0.0 0.0 0.0 0.0 0.0 0.0 0.0 0.0 0.0 0.0 0.0 5.96046e-08 0.0 0.0 0.0 0.0 0.00036186 0.0 0.0 0.0 0.0 5.96046e-08 0.0 0.0 0.0 0.0 0.0 0.0 0.0 0.0 0.0 0.0 0.0 0.0 0.0 0.0 0.0 0.0 0.0 0.0 0.0 0.0 0.0 0.0
0.770421 0.0 0.0 0.0 0.264472 0.0 0.000215024 0.0 0.0 0.0 0.0 0.0 0.0 0.0 0.0 0.0 0.0 0.0 0.0 0.983765 0.0 6.69062e-05 0.0 0.0 0.0 0.0 0.0 0.00135601 0.0 0.0 0.0 0.0211022 0.0 0.0 0.0 6.58035e-05 0.0 0.0 0.0 0.938137 0.0770108 0.0 0.000560611 0.0 0.000438631 0.0 0.739313 0.961293 0.0 1.19209e-07 0.0 0.0 0.0 0.98499 0.0 0.0 0.353265 0.0 0.0 0.0 0.0 2.98023e-08 2.38419e-06 0.0
0.0 2.80142e-06 0.0 0.0 0.0 0.0 0.0 0.0 0.0 0.0 0.0 0.0 0.0 0.0 0.0 0.998909 0.0 0.0 0.0 0.0 0.0 0.0 0.0 0.0 0.0 0.0 0.0 0.0 0.0 8.9407e-08 0.0 0.0 0.0 0.0 0.0 0.0 0.0 0.0 0.0 0.0 0.0 0.0 0.0 0.0 0.0 0.0 0.0 0.0 0.0 0.0 0.0 0.0 0.0 0.0 0.0 0.0 0.0 0.0 0.0 0.0 0.0 0.0 0.0 0.0
0.0 0.0 0.0 0.0 0.0 0.0 0.0 0.0 0.0 0.0 0.0 7.15256e-07 2.27988e-05 0.0 0.0 0.0 0.0 0.0 1.81794e-06 0.0 0.0 0.0 0.0 0.0 0.0 0.0 0.0 0.0 0.0 0.0 0.0 5.72205e-06 0.0 0.00216717 0.0 0.0 0.0 0.0 0.999997 0.0 6.55651e-07 0.0 0.0 0.0 0.0 1.02818e-05 0.0 1.78814e-07 0.0 0.0 0.0 0.0 0.0 0.0 0.0 0.0 0.0 0.0 0.0 0.0 0.0 0.000143856 0.0 0.0
0.00409114 0.0 0.0 1.19209e-07 2.98023e-08 0.0 0.98127 0.0 0.0 0.0 0.0 0.0 0.0 0.0 0.0 0.0 0.0 0.0 0.0 1.3411e-06 0.0 0.00332746 0.0 0.0 0.0 1.03116e-05 0.0 0.00324005 0.0 0.0 0.000242293 1.19209e-07 0.0 0.0 0.0 0.00479779 0.0 0.0 0.0 1.46031e-06 2.98023e-08 9.23872e-07 0.00602901 0.0 0.00038141 0.0 0.0 0.00130776 0.0 0.00023362 0.0 0.0 0.0 3.01003e-06 0.0875306 0.0 0.0745879 0.0 0.0 0.0 0.0 0.0 2.58684e-05 0.0
0.0 0.0 0.0 0.0 0.0 0.0 0.0 0.0 0.0 0.0 0.0 0.0 0.0 0.0 0.0 0.0 0.0 0.0 0.0 0.0 0.0 0.0 0.0 0.0 0.0 0.0 0.0 0.0 0.0 0.0 0.0 0.0 0.0 0.0 0.0 0.0 0.0 0.0 0.0 0.0 0.0 0.0 0.0 0.0 0.0 0.0 0.0 0.0 0.0 0.0 0.0 0.0 0.0 0.0 0.0 0.0 0.0 0.0 0.0 0.999727 0.0 0.0 0.0 0.0
0.0 0.0 0.0 0.0 0.0 0.0 0.0 0.0 0.0 0.0 0.0 0.0 0.0 0.0 5.96046e-08 0.0 0.99976 0.0 0.0 0.0 0.0128825 0.0 0.0 0.0 6.73532e-06 0.0 0.0 0.0 0.0 0.0 0.0 0.0 0.0 0.0 7.15256e-07 0.0 0.0 0.0 0.0 0.0 0.0 0.0 0.0 0.0 0.0 0.0 0.0 0.0 0.0 0.0 0.00170836 4.75049e-05 0.0 0.0 0.0 0.0 0.0 0.0 0.0 0.0 0.0 0.0 0.0 0.0
0.0 0.0 0.0 8.61287e-06 0.0 0.0 0.0 0.00218037 0.0 0.0 0.0 0.0 0.0 0.0 0.000358105 0.0 8.56519e-05 0.0 0.0 0.0 0.96888 0.0 0.0 0.0224317 9.08971e-06 5.96046e-08 0.0 0.0 0.0 0.0 0.0 0.0 0.0 0.0 8.9407e-08 0.0 0.0 0.0 0.0 0.0 0.0 0.0 0.0 0.0 0.0 0.0 0.0 0.0 0.0 0.0 0.00553399 0.000214159 0.0 0.0 0.0 0.0 0.0 0.0 0.0 0.0 0.0 0.0 0.0 1.84774e-06
0.0 0.0 0.0 1.72853e-05 0.0 0.0 0.0 0.00330234 0.0 0.0 0.0 0.0 0.0 0.0 0.0 0.0 0.0 0.0 0.0 0.0 6.70552e-06 1.49012e-07 0.0 0.0815205 0.0 0.771537 0.0 0.0 0.0 0.0 0.119297 0.0 0.0 0.0 0.0 3.27826e-07 0.0 0.0 0.0 0.0 0.0 0.0 2.98023e-08 0.0 3.21865e-06 0.0 0.0 0.0 0.0 5.70714e-05 0.0 0.0 0.0 0.0 0.000430435 0.0 0.0 0.0 0.0 0.0 0.0 0.0 0.0 0.0
0.00010556 0.0 0.0 0.0 0.999156 0.0 0.0 0.0 0.0 0.0 0.0 0.0 0.0 0.0 0.0 0.0 0.0 0.0 0.0 0.0500882 0.0 0.0 0.0 0.0 0.0 0.0 0.0 3.57628e-07 0.0 0.0 0.0 9.51588e-05 0.0 0.0 0.0 0.0 0.0 0.0 0.0 0.00434488 0.00020504 0.0 0.0 0.0 8.9407e-08 0.0 0.0193544 0.00436437 0.0 0.0 0.0 0.0 0.0 0.0171861 0.0 0.0 7.09295e-06 0.0 0.0 0.0 0.0 0.0 0.0 0.0
4.17233e-07 0.0 0.0 5.66244e-07 0.0 0.0 0.0269465 2.68221e-07 0.0 0.0 0.0 0.0 0.0 0.0 0.0 0.0 0.0 0.0 0.0 0.0 0.0 0.00057739 0.0 8.9407e-08 0.0 0.000285178 0.0 2.89083e-05 2.68221e-07 0.0 0.00448817 1.78814e-07 0.0 0.0 0.0 0.00597364 0.0 0.0 0.0 0.0 0.0 2.98023e-08 0.0119504 0.0 0.0154576 0.0 0.0 9.53674e-07 0.0 9.86457e-06 0.0 0.0 0.0 0.0 0.98686 0.0 7.6592e-06 0.0 0.0 0.0 0.0 0.0 2.38419e-07 0.0
0.0 0.0 0.0 0.0 0.0 0.0 0.0 0.0 0.0 0.0 0.0 0.0 0.0 0.0 0.0 0.0 4.67896e-06 0.0 0.0 0.0 0.00025937 0.0 0.0 5.96046e-08 5.95152e-05 0.0 0.0 0.0 0.0 0.0 0.0 0.0 0.0 0.0 0.0 0.0 0.0 0.0 0.0 0.0 0.0 0.0 0.0 0.0 0.0 0.0 0.0 0.0 0.0 0.0 0.99287 3.06964e-06 0.0 0.0 0.0 0.0 0.0 0.0 0.0 0.0 0.0 0.0 0.0 0.0
0.0 0.0 0.0 0.0 0.0 0.0 0.0 0.0 3.57628e-07 0.0 0.0 0.0 0.0 0.0 0.0 0.0 0.0 0.0 0.0 0.0 0.0 0.0 0.0 0.0 0.0 0.0 0.0 0.0 0.997014 0.0 0.0 0.0 0.0 0.0 0.0 0.0 0.0 0.0 0.0 0.0 0.0 5.96046e-08 0.0 0.0 0.0 0.0 0.0 0.0 0.0 0.0 0.0 0.0 0.0 0.0 0.0 0.0 0.0 0.0 0.0 0.0 0.0 0.0 0.0 0.0
0.0 0.0 0.0 1.10269e-06 0.0 0.0 1.84774e-06 0.000624567 0.0 0.0 0.0 0.0 0.0 0.0 0.0 0.0 0.0 0.0 0.0 0.0 2.47359e-06 2.82526e-05 0.0 0.00146922 0.0 0.985458 0.0 5.96046e-08 0.0 0.0 0.887854 0.0 0.0 0.0 0.0 2.05934e-05 0.0 0.0 0.0 0.0 0.0 0.0 7.77841e-06 0.0 7.48038e-05 0.0 0.0 0.0 0.0 0.00334203 0.0 0.0 0.0 0.0 0.000790715 0.0 0.0 0.0 0.0 0.0 0.0 0.0 0.0 0.0
0.000159442 0.0 0.0 3.72529e-06 6.85453e-07 0.0 4.75645e-05 8.9407e-08 0.0 0.0 0.0 0.0 0.0 0.0 0.0 0.0 0.0 8.9407e-08 0.0 1.16825e-05 0.0 0.017215 0.0 0.0 0.0 0.000349939 0.0 0.00455305 0.0 0.0 0.0023919 0.0925832 0.0 0.0 0.0 0.00498095 0.0 0.0 0.0 1.21891e-05 9.23872e-07 0.0 0.148309 0.0 0.999802 0.0 4.47035e-07 0.00516325 0.0 0.0014334 0.0 0.0 0.0 1.3262e-05 0.00822419 0.0 0.00035581 0.0 0.0 0.0 0.0 0.0 2.35438e-06 0.0
0.0 0.0 0.0 0.0 8.64267e-07 0.0 0.0 0.0 0.0 0.0 0.0 5.42402e-06 0.00870544 0.0 0.0 0.0 0.0 0.0 0.00044024 4.47035e-07 0.0 0.0 0.0 0.0 0.0 0.0 0.0 0.0 0.0 0.0 0.0 1.04308e-06 0.0 0.0 0.0 0.0 0.0 0.0 0.0 8.9407e-08 1.5229e-05 0.0 0.0 0.0 0.0 0.99594 2.74181e-06 1.49012e-07 0.0 0.0 0.0 0.0 0.0 2.98023e-08 0.0 0.0 0.0 0.0 0.0 0.0 0.0 0.0891688 0.0 0.0
0.480186 0.0 0.0 0.0 0.0237942 0.0 0.0649813 0.0 0.0 0.0 0.0 0.0 0.0 0.0 0.0 0.0 0.0 8.9407e-08 0.0 0.285761 0.0 0.676525 0.0 0.0 0.0 0.000337899 0.0 0.972142 0.0 0.0 0.00471145 0.998086 0.0 0.0 0.0 0.270634 0.0 0.0 0.0 0.660855 0.125491 0.0 0.974071 0.0 0.985266 0.0 0.0544386 0.998498 0.0 0.000237882 0.0 0.0 0.0 0.336464 0.0810452 0.0 0.205299 0.0 0.0 0.0 0.0 5.66244e-07 7.63237e-05 0.0
0.0 0.0 0.0 0.0 0.0 0.0 0.0 0.0 0.0 0.0 0.0 0.0 0.0 0.0 0.0 0.0 0.0 1.0 0.0 0.0 0.0 0.0 0.0 0.0 0.0 0.0 0.0 0.0 0.0 0.0 0.0 0.0 0.0 0.0 0.0 0.0 0.0 0.0 0.0 0.0 0.0 0.0 0.0 0.0 0.0 0.0 0.0 0.0 0.0 0.0 0.0 0.0 0.0 0.0 0.0 0.0 0.0 0.0 0.0 0.0 0.0 0.0 0.0 0.0
0.56345 0.0 0.0 0.0 0.118881 0.0 5.39422e-05 0.0 0.0 0.0 0.0 0.0 0.0 0.0 0.0 0.0 0.0 0.0 0.0 0.956005 0.0 1.29342e-05 0.0 0.0 0.0 0.0 0.0 0.00219756 0.0 0.0 0.0 0.00933459 0.0 0.0 0.0 4.96805e-05 0.0 0.0 0.0 0.986714 0.435248 0.0 0.000109136 0.0 0.00023365 0.0 0.709291 0.992103 0.0 2.98023e-08 0.0 0.0 0.0 0.874568 0.0 0.0 0.0649134 0.0 0.0 0.0 0.0 1.78814e-07 1.54972e-06 0.0
0.0 0.0 0.0 0.0 0.0 0.0 0.0 0.0 0.0 0.0 0.0 0.0 0.0 0.0 0.786422 0.0 2.32756e-05 0.0 0.0 0.0 0.0 0.0 0.0 8.9407e-08 5.66244e-07 0.0 0.0 0.0 0.0 0.0 0.0 0.0 0.0 0.0 2.98023e-08 0.0 0.0 0.0 0.0 0.0 0.0 0.0 0.0 0.0 0.0 0.0 0.0 0.0 0.0 0.0 6.25849e-07 0.000818819 0.0 0.0 0.0 0.0 0.0 0.0 0.0 0.0 0.0 0.0 0.0 0.999922
0.0 0.0 0.0 0.0 0.0 0.0 0.0 1.49012e-07 0.0 0.0 0.0 0.0 0.0 0.0 1.57952e-06 0.0 0.0 0.0 0.0 0.0 0.0 0.0 0.0 0.0 0.00056991 0.0 0.0 0.0 0.0 0.0 0.0 0.0 0.0 0.0 0.0 0.0 0.0 0.0 0.0 0.0 0.0 0.0 0.0 0.0 0.0 0.0 0.0 0.0 0.0 0.0 0.0 5.96046e-08 0.0 0.0 0.0 0.0 0.0 0.0 0.0 0.0 0.0 0.0 0.0 0.0
0.0 0.0 0.0 0.0 0.0 0.0 0.0 0.0 0.0 0.0 0.0 0.0 0.0 0.0 0.0 0.0 0.0 0.0 0.0 0.0 0.0 0.0 0.0 0.0 0.0 0.0 0.0 0.0 3.00109e-05 0.0 0.0 0.0 0.0 0.0 0.0 0.0 0.0 0.0 0.0 0.0 0.0 0.0 0.0 0.0 0.0 0.0 0.0 0.0 0.0 0.0 0.0 0.0 0.0 0.0 0.0 8.9407e-08 0.0 0.0 0.992274 0.0 0.0 0.0 0.0 0.0
0.61465 0.0 0.0 0.0 4.45843e-05 0.0 0.407986 0.0 0.0 0.0 0.0 0.0 0.0 0.0 0.0 0.0 0.0 0.0 0.0 0.0137998 0.0 0.000548214 0.0 0.0 0.0 0.0 0.0 0.000426084 0.0 0.0 5.66244e-07 2.07722e-05 0.0 0.0 0.0 0.000124216 0.0 0.0 0.0 0.0123416 5.29289e-05 0.0 0.00581503 0.0 0.0034315 0.0 0.000144541 0.33668 0.0 3.75807e-05 0.0 0.0 0.0 0.0218158 0.00021717 0.0 0.980569 0.0 0.0 0.0 0.0 0.0 0.000564069 0.0
0.0144874 0.0 0.0 0.0 9.68874e-05 0.0 3.8445e-06 0.0 0.0 0.0 0.0 0.0 0.0 0.0 0.0 0.0 0.0 0.0 2.98023e-08 0.0189709 0.0 2.38419e-06 0.0 0.0 0.0 0.0 0.0 0.000315994 0.0 0.0 0.0 5.42402e-06 0.0 5.03659e-06 0.0 1.78814e-06 0.0 0.0 0.0 0.212382 0.714474 0.0 2.29478e-06 0.0 3.30806e-06 1.19209e-07 0.00569472 0.976233 0.0 2.98023e-08 0.0 0.0 0.0 0.00438249 0.0 0.0 0.0002276 0.0 0.0 0.0 0.0 0.0 0.00214481 0.0
0.0 0.0 0.0 0.0 2.71201e-06 0.0 0.0 0.0 0.0 0.0 0.0 3.27826e-07 0.0 0.0 0.0 0.0 0.0 0.0 2.98023e-08 0.0 0.0 0.0 0.0 0.0 0.0 0.0 0.0 0.0 0.0 0.0 0.0 3.27826e-07 0.0 0.0 0.0 0.0 0.0 0.0 0.0 0.0 0.0 0.0 0.0 0.0 0.0 0.0 0.0 0.0 0.0 0.0 0.0 0.0 0.0 0.0 0.0 0.0 0.0 0.0 0.0 0.0 0.0 1.19209e-07 0.0 0.0
2.05636e-06 0.0 0.0 8.34465e-07 0.0 0.0 1.41561e-05 6.85453e-07 0.0 0.0 0.0 0.0 0.0 0.0 0.0 0.0 0.0 0.0 0.0 0.0 0.0 0.420837 0.0 1.49012e-07 0.0 0.0430469 0.0 0.00102648 0.0 0.0 0.576407 2.68221e-07 0.0 0.0 0.0 0.00130448 0.0 0.0 0.0 0.0 0.0 0.0 0.00431174 0.0 0.00911421 0.0 0.0 9.74536e-06 0.0 0.47215 0.0 0.0 0.0 0.0 9.94503e-05 0.0 9.23872e-07 0.0 0.0 0.0 0.0 0.0 5.96046e-08 0.0
0.0 0.0 0.0 0.0 0.0 0.0 0.0 0.0 0.0 0.0 0.0 0.0 0.0 0.0 0.0 0.0 0.0 0.0 0.0 0.0 0.0 0.0 0.0 0.0 0.0 0.0 0.0 0.0 0.0 0.0 0.0 0.0 0.0 0.0 0.0 0.0 0.0 0.0 0.0 0.0 0.0 0.0 0.0 0.0 0.0 0.0 0.0 0.0 0.990536 0.0 0.0 0.0 0.0 0.0 0.0 0.0 0.0 0.0 0.0 0.0 0.0 0.0 0.0 0.0
0.0 0.0 0.0 0.0 0.0 0.0 0.0 0.0 0.0 0.0 0.0 0.0 0.0 0.0 1.32024e-05 0.0 0.0 0.0 0.0 0.0 0.00417113 0.0 0.0 0.0 0.998364 0.0 0.0 0.0 0.0 0.0 0.0 0.0 0.0 0.0 0.0118337 0.0 0.0 0.0 0.0 0.0 0.0 0.0 0.0 0.0 0.0 0.0 0.0 0.0 0.0 0.0 1.75834e-06 0.0 0.0 0.0 0.0 0.0 0.0 0.0 0.0 0.0 0.0 0.0 0.0 0.0
0.0 0.0 0.0 0.0 0.0 0.0 0.0 1.19209e-07 0.0 0.0 0.0 0.0 0.0 0.0 0.999976 0.0 1.2815e-06 0.0 0.0 0.0 0.0 0.0 0.0 4.76837e-07 7.15256e-06 0.0 0.0 0.0 0.0 0.0 0.0 0.0 0.0 0.0 3.50773e-05 0.0 0.0 0.0 0.0 0.0 0.0 0.0 0.0 0.0 0.0 0.0 0.0 0.0 0.0 0.0 3.99351e-06 9.53674e-07 0.0 0.0 0.0 0.0 0.0 0.0 0.0 0.0 0.0 0.0 0.0 0.825332
0.988192 0.0 0.0 0.0 0.00145787 0.0 0.0830782 0.0 0.0 0.0 0.0 0.0 0.0 0.0 0.0 0.0 0.0 0.0 0.0 0.142054 0.0 0.00492978 0.0 0.0 0.0 0.0 0.0 0.0138968 0.0 0.0 8.9407e-08 0.000337213 0.0 0.0 0.0 0.000376284 0.0 0.0 0.0 0.192277 0.00900304 0.0 0.0125492 0.0 0.00106221 0.0 0.00329646 0.864708 0.0 5.78761e-05 0.0 0.0 0.0 0.204736 6.02007e-06 0.0 0.782959 0.0 0.0 0.0 0.0 0.0 0.000384718 0.0
0.0 0.0 4.02331e-06 0.0 0.0 0.0 0.0 0.0 0.0 0.0 0.0 0.0 0.0 0.0 0.0 0.0 0.0 0.0 0.0 0.0 0.0 0.0 0.0 0.0 0.0 0.0 0.0 0.0 0.0 0.0 0.0 1.14441e-05 0.998412 0.0 0.0 0.0 0.0 0.0 0.0 0.0 0.0 0.0 0.0 0.0 0.0 0.0 0.0 0.0 0.0 0.0 0.0 0.0 0.0 0.0 0.0 0.0 0.0 0.0 0.0 0.0 0.0 0.0 0.0 0.0
0.0 0.0 0.0 0.0 0.0 0.0 0.0 0.0 0.0 0.0 0.0 0.0 0.0 0.0 0.0 0.0 0.0 0.0 0.0 0.0 0.0 0.0 0.0 0.0 0.0 0.0 0.0 0.0 0.0 0.0 0.0 0.0 0.0 0.0 0.0 0.0 0.0 0.0 0.0 0.0 0.0 0.0 0.0 0.0 0.0 0.0 0.0 0.0 9.85563e-05 0.0 0.0 0.0 0.0 0.0 0.0 0.0 0.0 0.0 0.0 0.0 0.0 0.0 0.0 0.0
0.0 0.0 0.0 4.29153e-06 0.0 0.0 0.0 0.00196826 0.0 0.0 0.0 0.0 0.0 0.0 2.38419e-07 0.0 0.0 0.0 0.0 0.0 0.00160074 0.0 0.0 0.998551 0.0 1.48714e-05 0.0 0.0 0.0 0.0 1.19209e-07 0.0 0.0 0.0 0.0 0.0 0.0 0.0 0.0 0.0 0.0 0.0 0.0 0.0 0.0 0.0 0.0 0.0 0.0 0.0 4.3422e-05 7.80821e-06 0.0 0.0 0.0 0.0 0.0 0.0 0.0 0.0 0.0 0.0 0.0 0.0
0.0 0.0 0.0 0.0 0.0 0.0 0.0 0.0 0.0 0.0 0.0 0.0 0.0 0.0 0.0 0.0 0.0 0.0 0.0 0.0 0.0 0.0 0.995895 0.0 0.0 0.0 0.0 0.0 0.0 0.0 0.0 0.0 0.0 0.0 0.0 0.0 0.0 0.0 0.0 0.0 0.0 0.0 0.0 0.0 0.0 0.0 0.0 0.0 0.0 0.0 0.0 0.0 0.0 0.0 0.0 0.0 0.0 0.0 0.0 0.0 0.0 0.0 0.0 0.0
0.0 0.0 0.0 0.0 0.0 0.0 0.0 0.0 0.0 0.0 0.0 0.0 0.0 0.0 0.0 0.0 0.0 0.0 0.0 0.0 0.0 0.0 0.0 0.0 0.0 0.0 0.0 0.0 0.0 0.0 0.0 0.0 0.0 0.0 0.0 0.0 0.0 0.999841 0.0 0.0 0.0 0.0 0.0 0.0 0.0 0.0 0.0 0.0 0.0 0.0 0.0 0.0 0.0 0.0 0.0 0.0 0.0 0.0 0.0 0.0 0.0 0.0 0.0 0.0
0.0 0.0 0.0 3.36766e-06 0.0 0.0 0.0 0.997939 0.0 0.0 0.0 0.0 0.0 0.0 2.98023e-07 0.0 0.0 0.0 0.0 0.0 2.05636e-06 0.0 0.0 0.00126368 0.0 6.97672e-05 0.0 0.0 0.0 0.0 4.35114e-06 0.0 0.0 0.0 0.0 0.0 0.0 0.0 0.0 0.0 0.0 0.0 0.0 0.0 0.0 0.0 0.0 0.0 0.0 3.01003e-06 1.49012e-07 1.49012e-07 0.0 0.0 2.68221e-07 0.0 0.0 0.0 0.0 0.0 0.0 0.0 0.0 0.0
0.0 0.0 0.0 0.0 2.08616e-07 0.0 0.0 0.0 0.0 0.0 0.0 0.0 0.0 0.998581 0.0 0.0 0.0 0.0 0.0 0.0 0.0 0.0 0.0 0.0 0.0 0.0 3.57628e-07 0.0 0.0 0.0 0.0 0.0 0.0 0.0 0.0 0.0 0.0 0.0 0.0 0.0 0.0 0.0 0.0 0.0 0.0 0.0 0.0 0.0 0.0 0.0 0.0 0.0 0.0 0.0 0.0 0.0 0.0 0.0 0.0 0.0 0.0 0.0 0.0 0.0
0.0 0.0 0.0 4.47035e-07 0.0 0.0 4.75049e-05 6.41048e-05 0.0 0.0 0.0 0.0 0.0 0.0 0.0 0.0 0.0 0.0 0.0 0.0 8.9407e-08 0.00364339 0.0 1.5378e-05 0.0 0.962962 0.0 8.43406e-06 0.0 0.0 0.982543 0.0 0.0 0.0 0.0 0.000267476 0.0 0.0 0.0 0.0 0.0 0.0 0.000501335 0.0 0.000970513 0.0 0.0 5.96046e-08 0.0 0.109913 0.0 0.0 0.0 0.0 0.0016253 0.0 8.9407e-08 0.0 0.0 0.0 0.0 0.0 5.96046e-08 0.0
0.0 0.0 0.0 1.79708e-05 0.0 0.0 0.0 3.8743e-07 0.0 0.0 0.0 0.0 0.0 0.0 0.0 0.0 0.0 0.0 0.0 0.0 0.000208795 0.0 0.0 0.000134081 2.98023e-08 0.000245184 0.0 0.0 0.0 0.0 6.68764e-05 0.0 0.0 0.0 0.0 0.0 0.0 0.0 0.0 0.0 0.0 0.0 0.0 0.0 8.9407e-08 0.0 0.0 0.0 0.0 3.30806e-06 1.49012e-07 0.0 0.0 0.0 1.75834e-06 0.0 0.0 0.0 0.0 0.0 0.0 0.0 0.0 0.0
0.10932 0.0 0.0 0.0 0.542091 0.0 1.78814e-06 0.0 0.0 0.0 0.0 0.0 0.0 0.0 0.0 0.0 0.0 0.0 0.0 0.990118 0.0 5.06639e-07 0.0 0.0 0.0 0.0 0.0 3.85642e-05 0.0 0.0 0.0 0.0579681 0.0 0.0 0.0 4.47035e-07 0.0 0.0 0.0 0.860644 0.127171 0.0 4.08292e-06 0.0 2.15173e-05 0.0 0.982093 0.905896 0.0 0.0 0.0 0.0 0.0 0.93055 0.0 0.0 0.00710714 0.0 0.0 0.0 0.0 6.07967e-06 1.19209e-07 0.0
0.0 0.0 0.0 0.0 0.0 0.999058 0.0 0.0 0.0 0.0 0.0 0.0 0.0 0.0 0.0 0.0 0.0 0.0 0.0 0.0 0.0 0.0 0.0 0.0 0.0 0.0 0.0 0.0 0.0 0.0 0.0 0.0 0.0 0.0 0.0 0.0 0.0 0.0 0.0 0.0 0.0 0.0 0.0 0.0 0.0 0.0 0.0 0.0 0.0 0.0 0.0 0.0 0.0 0.0 0.0 0.0 0.0 0.0 0.0 0.0 0.0 0.0 0.0 0.0
0.0 0.0 0.0 0.0 0.0 0.0 0.0 0.0 0.0 0.0 0.0 0.0 0.0 0.0 0.0 0.0 0.0 0.0 0.0 0.0 0.0 0.0 0.0 0.0 0.0 0.0 0.0 0.0 9.44734e-06 0.0 0.0 0.0 0.0 0.0 0.0 0.0 0.0 0.0 0.0 0.0 0.0 0.0 0.0 0.0 0.0 0.0 0.0 0.0 0.0 0.0 0.0 2.95043e-06 0.0 0.0 0.0 0.996381 0.0 0.0 0.0 0.0 0.0 0.0 0.0 0.0
0.0 0.0 0.0 0.0 0.0 0.0 0.0 0.0 0.0 0.0 0.0 0.0 0.0 0.0 0.0 0.0 0.0 0.0 0.0 0.0 0.0 0.0 0.0 0.0 0.0 0.0 0.0 0.0 0.0 0.0 0.0 0.0 0.0 0.0 0.0 0.0 0.0 0.0 0.0 0.0 0.0 0.0 0.0 0.99347 0.0 0.0 0.0 0.0 0.0 0.0 0.0 0.0 0.0 0.0 0.0 0.0 0.0 0.0 0.0 0.0 0.0 0.0 0.0 0.0
0.0 0.0 0.0 0.0 0.0 0.0 0.0 0.0 0.0 0.0 0.0 2.48253e-05 0.998981 0.0 0.0 0.0 0.0 0.0 0.0006136 0.0 0.0 0.0 0.0 0.0 0.0 0.0 0.0 0.0 0.0 0.0 0.0 0.0 0.0 0.0 0.0 0.0 0.0 0.0 0.0 0.0 0.0 0.0 0.0 0.0 0.0 0.0582053 0.0 0.0 0.0 0.0 0.0 0.0 0.0 0.0 0.0 0.0 0.0 0.0 0.0 0.0 0.0 0.0313918 0.0 0.0
0.208073 0.0 0.0 0.0 0.569607 0.0 5.33462e-06 0.0 0.0 0.0 0.0 0.0 0.0 0.0 0.0 0.0 0.0 0.0 0.0 0.992933 0.0 1.40071e-06 0.0 0.0 0.0 0.0 0.0 0.000158429 0.0 0.0 0.0 0.105974 0.0 0.0 0.0 2.47359e-06 0.0 0.0 0.0 0.93508 0.265112 0.0 1.2219e-05 0.0 3.73125e-05 0.0 0.9774 0.945039 0.0 0.0 0.0 0.0 0.0 0.964934 0.0 0.0 0.0182867 0.0 0.0 0.0 0.0 1.75834e-06 1.78814e-07 0.0
0.000821501 0.0 0.0 0.0 3.15905e-06 0.0 0.00162041 0.0 0.0 0.0 0.0 0.0 0.0 0.0 0.0 0.0 0.0 0.0 0.0 1.07884e-05 0.0 0.713574 0.0 0.0 0.0 2.71201e-06 0.0 0.979523 0.0 0.0 0.000115991 0.000227243 0.0 0.0 0.0 0.0213632 0.0 0.0 0.0 3.66569e-05 2.563e-06 0.0 0.0232274 0.0 0.00531134 0.0 2.68221e-07 0.0737422 0.0 0.000671864 0.0 0.0 0.0 2.8193e-05 7.52807e-05 0.0 3.58522e-05 0.0 0.0 0.0 0.0 0.0 2.08616e-07 0.0
0.0 0.0 0.0 0.0 0.0 0.0 0.0 0.0 0.0 5.96046e-08 0.0 0.0 0.0 0.0 1.49012e-07 0.0 2.30968e-05 0.0 0.0 0.0 1.10269e-05 0.0 0.0 1.78814e-07 5.66244e-07 0.0 0.0 0.0 0.0 0.0 0.0 0.0 0.0 0.0 0.0 0.0 0.0 0.0 0.0 0.0 0.0 0.0 0.0 0.0 0.0 0.0 0.0 0.0 0.0 0.0 6.82473e-06 0.999999 0.0 0.0 0.0 0.0 0.0 0.0 0.0 0.0 0.0 0.0 0.0 8.64267e-07
35 18 61 40 33 57 60 8 39 53 19 47 31 5 12 29 56 13 15 32 44 34 9 28 46 26 1 45 24 17 3 50 0 4 11 14 20 10 36 22 21 62 2 49 38 52 63 59 6 27 30 23 58 7 51 43 42 54 25 16 55 41 37 48
