8
0.0 0.0 0.0 0.0 0.0 0.0 0.0 0.000656217 0.0 0.0 0.999965 0.0 0.0 0.0 0.0 0.0 0.0 0.0 0.0 0.302388 0.0 0.0 0.0 0.0 0.0 0.0 0.0 2.98023e-08 0.0 0.0 0.0 0.0 0.0 0.0 0.0 0.0 0.0 0.318319 0.0 0.0 0.0 0.0 0.0 0.0 0.0743541 0.0 0.0 0.0 0.0 0.0 0.0567172 0.0 0.0 2.68221e-07 5.1856e-06 0.0 0.0087443 0.0 0.0 0.0 0.0 0.0 0.0 0.0
0.0 0.0 1.055e-05 0.0 0.0 0.0 0.0 0.0 0.0 0.0 0.0 0.0 0.0 0.0 0.0 3.9041e-05 2.68221e-07 0.000378966 0.000532985 0.0 0.0 0.0 0.0 0.0 0.0 0.0 0.000941336 0.0 0.0 0.0 0.0 0.0 0.0 0.0 0.0 0.0 0.99418 0.0 0.0 0.0 0.0 0.0 0.00236109 0.0 0.0 0.0 0.000219882 0.0 0.0 0.0 0.0 0.0 0.086553 0.0 0.0 0.0 0.0 0.0 0.0 0.0 0.0 0.0 0.0 0.0
0.0 0.0 0.0 0.0 0.0 0.0 0.0 0.0 0.0 0.0 0.0 0.0 0.0 0.0 0.0 0.0 0.0 0.0 0.0 0.0 0.0 0.0 0.0 0.0 0.0 0.0 0.0 0.0 0.0 0.99537 0.0 0.0 0.0 0.0 0.0 0.0 0.00229338 0.0 0.0 0.0 0.0 0.0 0.0 0.0 0.0 0.0 0.0 0.0 0.0 0.0 0.0 0.0 0.433084 0.0 0.0 0.0 0.0 0.0 0.0 0.0 0.0 0.0 0.0 0.0
0.000278354 0.0 0.0 3.27826e-07 0.000194013 0.0 0.0 0.0 0.0 0.0 0.0 0.0 0.0395167 0.00152642 0.0 0.882286 3.80278e-05 0.0 0.0 0.0 1.34706e-05 0.0 0.0 0.0 0.0 0.0 0.000198662 0.0 0.0 0.0 0.0 0.0 0.0 0.000811666 0.000995159 0.0 0.999328 0.0 0.000861138 0.0 0.000298023 0.0 0.0 0.0 0.0 0.0 0.0 0.0 0.0 0.0 0.0 0.0 0.0 0.0 0.0 0.0 0.0 0.0 0.0 0.000948787 5.96046e-08 0.0 0.0 0.984789
8.64267e-07 0.0 0.0 0.0 0.0 0.0 0.0 0.0 0.0 0.0 0.0 0.0 0.0247725 0.000846922 0.0 0.0483634 2.07722e-05 0.0 0.0 0.0 8.9407e-08 1.51992e-06 0.0 0.0 0.0 0.0 0.0 0.0 4.11272e-06 0.0 0.0 0.0 0.0 0.0 0.0 0.0 0.520052 0.0 0.0 0.0 0.0 0.0 0.0 0.0 0.0 0.0 0.0 1.19209e-07 0.0 0.0 0.0 0.0 0.0 0.0 0.0 0.0 0.0 0.0 0.00394973 0.000178665 0.831923 0.0 0.0 5.66244e-07
0.0 0.0 0.0 0.0 0.0 0.0 0.0 1.49012e-07 5.96046e-07 0.0 0.00995648 0.0 0.0 0.0 0.0 0.0 0.0 0.0 0.0 0.00026381 0.0 0.0 0.0 0.0 0.0 0.0 0.0 0.0 0.0 0.0 0.0 0.0 0.0 0.0 0.0 0.0 0.0 5.29885e-05 0.0 0.0 0.0 0.0 0.0 0.0 2.98023e-08 0.0 0.0 0.0 0.0 0.0 0.0 0.0 0.0 0.000353098 0.000614196 0.0 0.9929 0.0 0.0 0.0 0.0 0.0 0.0 0.0
0.0 0.0 0.0 0.0 0.0 0.0 0.0 0.0 0.0 0.999998 0.0 0.0 0.0 0.0 0.0 0.0 0.0 0.0 0.0 0.0 0.0 1.32024e-05 0.0 0.0 0.0 0.0 0.0 0.0 2.95043e-06 0.0 0.0 0.0 0.0 0.0 0.0 0.0 0.0 0.0 0.0 0.0 0.0 0.0 0.0 0.0 0.0 0.0 0.0 8.10325e-05 0.0 0.0 0.0 0.0 0.0 0.0 0.0 0.0 0.0 0.0 3.8743e-07 0.0 0.0 0.0 0.0 0.0
0.000826865 0.0 0.0 1.49012e-07 5.59688e-05 0.0 0.0 0.0 0.0 0.0 0.0 0.0 0.999374 0.59048 0.0 0.999851 0.0820506 0.0 0.0 0.0 0.00296929 0.0 0.0 0.0 0.0 0.0 0.0113665 0.0 0.0 0.0 0.0 0.0 0.0 1.35303e-05 0.000408828 0.0 0.999699 0.0 0.000501305 0.0 4.76837e-07 0.0 0.0 0.0 0.0 0.0 0.0 2.68221e-07 0.0 0.0 0.0 0.0 0.0 0.0 0.0 0.0 0.0 0.0 0.0 8.67248e-06 5.31375e-05 0.0 0.0 0.331547
0.0 0.0 0.0 0.0 0.0 0.0 0.0 0.0 0.0 0.0 0.0 0.0 0.0 0.0 0.0 0.0 0.0 0.0 0.0 0.0 0.0 0.0 0.0 0.0 0.0 0.0 0.0 0.0 0.0 0.0 0.0 0.0 0.0 0.0 0.0 0.0 0.0 0.0 0.0 2.68221e-07 0.0 0.999994 0.0 0.0 0.0 0.0 0.0 0.0 0.0 0.0 0.0 0.0 0.0 0.0 2.38419e-07 0.0 0.0 0.0 0.0 0.0 0.0 0.0 0.0 0.0
0.0 0.0 0.0 0.0 0.0 0.0 0.0 0.0 0.0 0.0 0.0 0.0 0.0 0.0 0.0 0.0 0.0 0.0 0.0 0.0 0.0 0.0 0.0 0.89263 0.0 0.0 0.0 0.0 0.0 0.0 0.0 0.0 0.0 0.0 0.0 0.0 0.0 0.0 0.0 0.0 0.0 0.0 0.0 0.0 0.0 0.0 0.0 0.0 0.0 0.0 0.0 0.0 0.0 0.0 0.0 0.0 0.0 0.0 0.0 0.0 0.0 0.0 0.0 0.0
0.00617939 0.0 0.0 0.287494 0.00103641 0.0 0.0 0.0 0.0 0.0 0.0 5.96046e-08 5.1558e-06 3.03984e-06 0.0 0.971629 0.0490027 3.57628e-07 0.0084115 0.0 0.133106 0.0 0.0 0.0 2.98023e-06 0.0 0.508308 0.0 0.0 7.15256e-07 0.0 0.0 0.0 0.00247279 0.0366952 0.0 0.999985 0.0 0.0362082 0.0 4.17233e-07 0.0 0.00525886 0.135055 0.0 0.0 0.0275182 1.13249e-06 0.0 0.0 0.0 0.0 0.000274718 0.0 0.0 0.0 0.0 0.0 0.0 6.28531e-05 0.0 4.47035e-07 0.0 0.000131339
0.0 0.996472 0.0 0.0 0.0 0.0 0.0 0.0 0.0 0.0 0.0 0.0 0.0 0.0 0.0 0.0 0.0 2.98023e-08 0.0 0.0 0.0 0.0 0.0 0.0 0.0 0.0 0.0 0.0 0.0 0.0 0.0 0.0 2.38419e-07 0.0 0.0 0.0 0.000105828 0.0 0.0 0.0 0.0 0.0 0.0 0.0 0.0 0.0 0.0 0.0 0.0 0.0 0.0 0.0 0.990703 0.0 0.0 0.0 0.0 0.0 0.0 0.0 0.0 0.0 0.0 0.0
0.0147487 0.0 0.0 0.0 0.00995085 0.0 0.0 0.0 0.0 0.0 0.0 5.1856e-06 6.25849e-07 4.17233e-07 0.0 9.39071e-05 1.19209e-07 0.0 0.0 0.0 0.0 0.0 0.0 0.0 0.0 0.0 0.0 0.0 0.0 0.0 0.0 0.0 0.0 2.74181e-06 5.06639e-07 0.0 0.117365 0.0 2.98023e-07 0.0 0.0793352 0.0 0.0 0.0 0.0 0.0 0.0 0.0 0.0 0.0 0.0 0.0 0.0 0.0 0.0 0.0 0.0 0.0 0.0 0.482454 0.0 0.0 0.0 2.38419e-06
2.98023e-08 0.0 0.0 0.0 0.0 0.0 0.0 0.0 0.0 0.0 0.0 0.0 0.0285915 8.03173e-05 0.0 0.00606772 2.38419e-07 0.0 0.0 0.0 8.9407e-08 1.19209e-07 0.0 0.0 0.0 0.0 0.0 0.0 2.98023e-08 0.0 0.0 0.0 0.0 0.0 0.0 0.0 0.655402 0.0 0.0 0.0 0.0 0.0 0.0 0.0 0.0 0.0 0.0 4.47035e-07 0.0 0.0 0.0 0.0 0.0 0.0 0.0 0.0 0.0 0.0 4.05312e-06 3.09944e-05 0.988131 0.0 0.0 5.66244e-07
0.0 0.0 0.0 0.0 0.0 0.0 0.0 0.0552793 0.0 0.0 0.000306576 0.0 0.0 0.0 0.0 0.0 0.0 0.0 0.0 0.985315 0.0 0.0 0.0 0.0 0.0 0.0 0.0 8.9407e-08 0.0 0.0 0.0 0.0 0.0 0.0 0.0 0.0 0.0 0.75741 0.0 0.0 0.0 0.0 0.0 0.0 0.0 0.0 0.0 0.0 0.0 0.0 0.000836104 4.88758e-06 0.0 0.0 0.0 0.0 0.0 0.0 0.0 0.0 0.0 0.0 0.0 0.0
0.0 0.0 0.999083 0.0 0.0 0.0 0.0 0.0 0.0 0.0 0.0 0.0 0.0 0.0 0.0 2.98023e-08 1.19209e-07 4.09782e-05 0.0 0.0 0.0 0.0 0.0 0.0 0.0 0.0 0.0 0.0 0.0 0.0 0.0 0.0 0.0 0.0 0.0 2.98023e-08 7.70092e-05 0.0 0.0 0.0 0.0 0.0 0.0 0.0 0.0 0.0 0.0 0.0 0.0 0.0 0.0 0.0 0.99995 0.0 0.0 0.0 0.0 0.0 0.0 0.0 0.0 0.0 0.0 0.0
0.0 0.0 0.0 0.0 0.0 0.0 0.0 6.25849e-07 0.0 0.0 0.0 0.0 0.0 0.0 0.0 0.0 0.0 0.0 0.0 8.9407e-08 0.0 0.0 0.0 0.0 0.0 0.0 0.0 0.0 0.0 0.0 0.0 0.0 0.0 0.0 0.0 0.0 0.0 3.27826e-06 0.0 0.0 0.0 0.0 0.0 0.0 0.0 2.98023e-08 0.0 0.0 0.0 0.0 0.0 0.0 0.0 0.99497 1.72853e-06 0.0 0.000151247 0.0 0.0 0.0 0.0 0.0 0.0 0.0
2.98023e-08 0.0 0.0 0.594901 1.2815e-06 0.0 0.0 0.0 0.0 0.0 0.0 0.0 0.0 0.0 0.0 0.00100997 2.0355e-05 0.0 0.000342727 0.0 2.33352e-05 0.0 0.0 0.0 0.0 0.0 0.0462465 0.0 0.0 0.0 0.0 0.0 0.0 4.47035e-07 0.000801772 0.0 0.999992 0.0 0.000933439 0.0 0.0 0.0 0.00269186 0.979634 0.0 0.0 0.0137653 0.0 0.0 0.0 0.0 0.0 3.8743e-07 0.0 0.0 0.0 0.0 0.0 0.0 0.0 0.0 4.58956e-06 0.0 0.0
0.0 1.60038e-05 2.94745e-05 0.0 0.0 0.0 0.0 0.0 0.0 0.0 0.0 0.0 0.0 0.0 0.0 0.0 0.0 0.882514 1.10269e-06 0.0 0.0 0.0 0.0 0.0 0.0 0.0 0.0 0.0 0.0 0.0 0.0 0.0 0.0 0.0 0.0 0.0 0.173965 0.0 0.0 0.0 0.0 0.0 0.0 0.0 0.0 0.0 0.0 0.0 0.0 0.0 0.0 0.0 0.999955 0.0 0.0 0.0 0.0 0.0 0.0 0.0 0.0 0.0 0.0 0.0
0.47456 0.0 0.0 0.000284463 0.000113159 0.0 0.0 0.0 0.0 0.0 0.0 5.66244e-07 5.0962e-06 1.51992e-06 0.0 0.00131756 1.43051e-05 0.0 2.98023e-08 0.0 0.000915259 0.0 0.0 0.0 0.0 0.0 0.0169365 0.0 0.0 0.0 0.0 0.0 0.0 0.998781 0.108794 0.0 0.999985 0.0 0.0388547 0.0 9.47714e-06 0.0 1.78814e-06 2.53022e-05 0.0 0.0 1.60933e-06 0.0 0.0 0.0 0.0 0.0 0.0 0.0 0.0 0.0 0.0 0.0 0.0 4.61936e-06 0.0 2.17557e-06 0.0 0.000248134
0.0 0.0 0.0 0.0 0.0 0.0 0.999982 0.0 0.0 0.0 0.0 0.0 0.0 0.0 0.0 0.0 0.0 0.0 0.0 0.0 0.0 0.0 0.0 0.0 0.0 0.0 0.0 0.0 0.0 0.0 0.0 0.0 1.49012e-07 0.0 0.0 1.19209e-05 0.0 0.0 0.0 0.0 0.0 0.0 0.0 0.0 0.0 0.0 0.0 0.0 0.0 0.0 0.0 0.0 0.00485241 0.0 0.0 0.0 0.0 0.0 0.0 0.0 0.0 0.0 0.0 0.0
0.0 0.0 0.0 0.0 0.0 0.0 0.0 0.0 0.0 0.0 0.0 0.0 0.0 0.0 0.0 0.0 0.0 0.0 0.0 0.0 0.0 0.00958711 0.0 0.0 0.0 0.0 0.0 0.0 0.448022 0.0 0.0 0.0 0.0 0.0 0.0 0.0 8.64267e-07 0.0 0.0 0.0 0.0 0.0 0.0 0.0 0.0 0.0 0.0 0.0 0.0 0.0 0.0 0.0 0.0 0.0 0.0 0.0 0.0 0.0 0.999781 1.19209e-07 1.19209e-07 0.0 0.0 0.0
0.0 0.0 0.0 0.0 0.0 0.0 0.0 0.0 0.0 0.0 0.0 0.0 0.0 0.0 0.0 0.0 0.0 0.0 0.0 0.0 0.0 0.0 0.0 0.0 0.0 0.0 0.0 0.0 0.0 0.0 0.0 0.0 0.0 0.0 0.0 0.0 0.0 0.0 0.0 0.0 0.0 0.0 0.0 0.0 0.0 0.0 0.0 0.0 0.0 0.0 0.0 0.0 0.0 0.0 0.0 0.847176 0.0 0.0 0.0 0.0 0.0 0.0 0.0 0.0
0.0 0.0 0.0 0.0 0.0 0.0 0.0 0.0 0.0 0.0 0.0 0.0 0.0 0.0 0.0 0.014829 1.02818e-05 0.0 0.0 0.0 0.0 0.0 0.0 0.0 0.0 0.0 2.98023e-08 0.0 0.0 0.0 0.0 0.0 0.0 0.0 0.0 0.0 0.7784 0.0 0.0 0.0 0.0 0.0 0.0 0.0 0.0 0.0 0.0 7.28667e-05 0.0 0.0 0.0 0.0 0.0 0.0 0.0 0.0 0.0 0.0 8.9407e-08 0.0 5.96046e-08 0.0 0.99994 0.0
0.0 0.0 0.0 0.0 0.0 0.0 0.0 0.0 0.0 0.0 0.0 0.0 0.0 0.0 0.0 0.0 0.0 0.0 0.0 0.0 0.0 0.0 0.0 0.0 0.0 5.96046e-08 0.0 0.0 0.0 0.0 0.0 0.0 0.0 0.0 0.0 0.0 0.0 0.0 0.0 0.0 0.0 0.0 0.0 0.0 0.0 0.0 0.0 0.0 0.0 0.999981 0.0 0.0 0.0 0.0 0.0 0.0 0.0 0.0 0.0 0.0 0.0 0.0 0.0 0.0
0.000324279 0.0 0.0 2.98023e-07 0.000141829 0.0 0.0 0.0 0.0 0.0 0.0 0.0 0.00301647 0.989754 0.0 0.996562 0.201612 0.0 0.0 0.0 0.000215441 0.0 0.0 0.0 0.0 0.0 0.00361043 0.0 0.0 0.0 0.0 0.0 0.0 1.2815e-06 0.00015533 0.0 0.999681 0.0 0.000657558 0.0 0.0 0.0 0.0 0.0 0.0 0.0 0.0 1.19209e-07 0.0 0.0 0.0 0.0 0.0 0.0 0.0 0.0 0.0 0.0 0.0 1.37091e-06 8.9407e-08 0.0 0.0 0.000394523
6.85453e-07 0.0 0.0 0.0164463 2.32458e-06 0.0 0.0 0.0 0.0 0.0 0.0 0.0 0.000440001 0.000761956 0.0 0.979095 0.00218502 0.0 5.96046e-08 0.0 0.997801 0.0 0.0 0.0 0.0 0.0 0.967624 0.0 0.0 0.0 0.0 0.0 0.0 1.72853e-06 0.0031001 0.0 1.0 0.0 0.00556472 0.0 0.0 0.0 4.47035e-07 0.00402156 0.0 0.0 4.58956e-06 0.0 0.0 0.0 0.0 0.0 0.0 0.0 0.0 0.0 0.0 0.0 0.0 3.27826e-07 0.0 2.98023e-07 0.0 1.7792e-05
0.0 0.0 0.0 0.0 0.0 0.0 0.0 0.0 0.0 0.0 0.0 0.0 0.0 0.0 0.0 0.0 0.0 0.0 0.0 0.0 0.0 8.03769e-05 0.0 0.0 0.0 0.0 0.0 2.98023e-07 5.63264e-06 0.0 0.0 0.000139892 0.0 0.0 0.0 0.0 0.0 8.9407e-08 0.0 0.0 0.0 0.0 0.0 0.0 0.0 0.0 0.0 0.0 0.0 0.0 7.86781e-06 0.994761 0.0 0.0 0.0 0.0 0.0 1.40071e-06 0.0 0.0 0.0 0.0 0.0 0.0
0.0 0.0 0.0 0.0 0.0 0.0 0.0 0.0 0.991381 0.0 0.0 0.0 0.0 0.0 0.00198993 0.0 0.0 0.0 0.0 0.0 0.0 0.0 0.000118375 0.0 0.0 0.0 0.0 0.0 0.0 0.0 0.0 0.0 0.0 0.0 0.0 0.0 0.0 0.0 0.0 1.2815e-06 0.0 0.0 0.0 0.0 0.0 0.0 0.0 0.0 0.0 0.0 0.0 0.0 0.0 9.23872e-07 0.0 0.0 3.07262e-05 0.0 0.0 0.0 0.0 0.0 0.0 0.0
0.000178099 0.0 0.0 0.100359 0.000379115 0.0 0.0 0.0 0.0 0.0 0.0 0.0 3.57628e-07 3.21865e-06 0.0 0.404636 0.000961006 0.0 0.0 0.0 0.00580236 0.0 0.0 0.0 0.0 0.0 0.235723 0.0 0.0 0.0 0.0 0.0 0.0 0.00304654 0.966909 0.0 0.999966 0.0 0.980226 0.0 2.38419e-07 0.0 5.06639e-07 0.00802213 0.0 0.0 3.39746e-06 0.0 0.0 0.0 0.0 0.0 0.0 0.0 0.0 0.0 0.0 0.0 0.0 2.98023e-08 0.0 1.78814e-07 0.0 8.34763e-05
0.0 0.0 0.0 0.0 0.0 0.0 0.0 0.0 0.0 0.0 0.0 0.0 0.0 0.0 0.0 0.0 0.0 0.0 0.0 0.0 0.0 0.0 0.0 0.0 0.0 0.999922 0.0 0.0 0.0 0.0 0.0 0.0 0.0 0.0 0.0 0.0 0.0 0.0 0.0 0.0 0.0 0.0 0.0 0.0 0.0 0.0 0.0 0.0 0.0 1.49012e-07 0.0 0.0 0.0 0.0 0.0 0.0 0.0 0.0 0.0 0.0 0.0 0.0 0.0 0.0
3.99351e-06 0.0 0.0 0.997367 3.78489e-06 0.0 0.0 0.0 0.0 0.0 0.0 0.0 0.0 0.0 0.0 0.011467 1.34706e-05 0.0 9.0003e-06 0.0 0.00011304 0.0 0.0 0.0 0.0 0.0 0.0602942 0.0 0.0 0.0 0.0 0.0 0.0 1.28448e-05 0.0367752 0.0 0.999998 0.0 0.032311 0.0 5.96046e-08 0.0 0.000590503 0.626683 0.0 0.0 0.000401646 0.0 0.0 0.0 0.0 0.0 0.0 0.0 0.0 0.0 0.0 0.0 0.0 0.0 0.0 7.89762e-06 0.0 8.9407e-08
0.0 0.0 0.0 0.0 0.0 0.0 0.0 0.0 0.0 1.19209e-07 0.0 0.0 0.0393647 0.00108051 0.0 0.688206 0.00609922 0.0 0.0 0.0 0.00551495 5.29587e-05 0.0 0.0 0.0 0.0 4.17233e-07 0.0 0.000937194 0.0 0.0 0.0 0.0 0.0 0.0 0.0 0.993361 0.0 0.0 0.0 0.0 0.0 0.0 0.0 0.0 0.0 0.0 0.99986 0.0 0.0 0.0 0.0 0.0 0.0 0.0 0.0 0.0 0.0 0.244407 5.44786e-05 0.0640968 0.0 0.00314382 1.2815e-06
7.53999e-06 0.0 0.0 0.0 1.07288e-06 0.0 0.0 0.0 0.0 0.0 0.0 0.996544 0.0 0.0 0.0 0.0 0.0 0.0 0.0 0.0 0.0 0.0 0.0 0.0 0.0 0.0 0.0 0.0 0.0 0.0 0.0 0.0 0.0 6.25849e-07 0.0 0.0 0.0433717 0.0 0.0 0.0 3.23653e-05 0.0 0.0 0.0 0.0 0.0 0.0 0.0 0.0 0.0 0.0 0.0 0.0 0.0 0.0 0.0 0.0 0.0 0.0 1.49012e-07 0.0 0.0 0.0 0.0
0.0 0.0 0.0 0.000122875 0.0 0.0 0.0 0.0 0.0 0.0 0.0 0.0 0.0 0.0 0.0 0.000138581 2.2471e-05 4.41074e-06 0.770768 0.0 0.0 0.0 0.0 0.0 0.0 0.0 0.0177225 0.0 0.0 0.0 0.0 0.0 0.0 0.0 1.19209e-07 0.0 0.999849 0.0 1.19209e-07 0.0 0.0 0.0 0.487455 0.00201178 0.0 0.0 0.983981 0.0 0.0 0.0 0.0 0.0 0.000318289 0.0 0.0 0.0 0.0 0.0 0.0 0.0 0.0 1.78814e-07 0.0 0.0
0.0 0.0 0.0 0.0 0.0 0.0 0.0 0.0 0.0 0.0 0.0 0.0 0.0 0.0 0.0 0.0 0.0 0.0 0.0 0.0 0.0 1.49012e-07 0.0 0.0 0.0 0.0 0.0 3.54648e-06 0.0 0.0 0.0 5.96046e-08 0.0 0.0 0.0 0.0 0.0 0.0 0.0 0.0 0.0 0.0 0.0 0.0 0.0 0.0 0.0 0.0 0.0 0.0 5.96046e-08 5.96046e-08 0.0 0.0 0.0 0.0 0.0 0.996013 0.0 0.0 0.0 0.0 0.0 0.0
0.0 0.0 0.0 0.0 0.0 0.0 0.0 0.0 1.3113e-06 0.0 0.000109255 0.0 0.0 0.0 0.327182 0.0 0.0 0.0 0.0 0.0 0.0 0.0 0.00568751 0.0 0.0 0.0 0.0 0.0 0.0 0.0 0.0 0.0 0.0 0.0 0.0 0.0 0.0 0.0 0.0 0.00457209 0.0 0.0 0.0 0.0 0.0 0.0 0.0 0.0 0.0 0.0 0.0 0.0 0.0 0.0 2.98023e-06 0.0 8.64267e-07 0.0 0.0 0.0 0.0 0.0 0.0 0.0
0.0 0.0 0.0 0.0 0.0 0.0 0.0 0.0 2.98023e-08 0.0 0.000180632 0.0 0.0 0.0 0.00010547 0.0 0.0 0.0 0.0 1.19209e-07 0.0 0.0 1.60933e-06 0.0 0.0 0.0 0.0 0.0 0.0 0.0 0.0 0.0 0.0 0.0 0.0 0.0 0.0 0.0 0.0 0.00144288 0.0 0.0 0.0 0.0 0.0 0.0 0.0 0.0 0.0 0.0 0.0 0.0 0.0 1.78814e-07 0.997709 0.0 0.00536448 0.0 0.0 0.0 0.0 0.0 0.0 0.0
0.0 0.0 0.0 2.88486e-05 0.0 0.0 0.0 0.0 0.0 0.0 0.0 0.0 0.0 0.0 0.0 4.67896e-06 5.66244e-07 4.78327e-05 0.89121 0.0 5.96046e-08 0.0 0.0 0.0 0.0 0.0 0.00360507 0.0 0.0 0.0 0.0 0.0 0.0 0.0 0.0 0.0 0.999931 0.0 2.98023e-08 0.0 0.0 0.0 0.970339 0.000751466 0.0 0.0 0.67061 0.0 0.0 0.0 0.0 0.0 0.00547382 0.0 0.0 0.0 0.0 0.0 0.0 0.0 0.0 2.08616e-07 0.0 0.0
0.0 0.0 0.0 0.0 0.0 0.0 0.0 0.000266701 0.0 0.0 0.000185758 0.0 0.0 0.0 0.0 0.0 0.0 0.0 0.0 0.0047403 0.0 1.49012e-07 0.0 0.0 0.0 0.0 0.0 0.974837 0.0 0.0 0.0 0.0786626 0.0 0.0 0.0 0.0 0.0 0.515699 0.0 0.0 0.0 0.0 0.0 0.0 0.995763 0.0 0.0 0.0 0.0 0.0 0.999849 0.0011493 0.0 0.0 0.0 0.0 0.0 0.000121623 0.0 0.0 0.0 0.0 0.0 0.0
2.38717e-05 0.0 0.0 0.000118822 8.9407e-08 0.0 0.0 0.0 0.0 0.0 0.0 0.0 0.0 0.0 0.0 0.00260606 0.00255632 0.0 0.00224239 0.0 2.86102e-06 0.0 0.0 0.0 0.0 0.0 0.0503345 0.0 0.0 0.0 0.0 0.0 0.0 8.73208e-05 0.000595033 0.0 0.999859 0.0 0.000492215 0.0 0.0 0.0 0.0214578 2.60472e-05 0.0 0.0 0.0112066 0.0 0.0 0.0 0.0 0.0 1.63615e-05 0.0 0.0 0.0 0.0 0.0 0.0 0.0 0.0 5.96046e-07 5.96046e-08 0.0
0.0 0.0 0.0 0.0 0.0 0.0 0.0 0.0 0.0 0.0 0.0 0.0 0.0 0.0 0.0 0.0 0.0 0.0 0.0 0.0 0.0 0.0 0.0 0.0 0.0 0.0 0.0 0.0 0.0 0.0 0.999999 0.0 0.0 0.0 0.0 0.0 0.0 0.0 0.0 0.0 0.0 0.0 0.0 0.0 0.0 0.0 0.0 0.0 0.0 0.0 0.0 0.0 0.0 0.0 0.0 0.0 0.0 0.0 0.0 0.0 0.0 0.0 0.0 0.0
0.0 0.0 0.0 0.0 0.0 0.0 4.82798e-06 0.0 0.0 0.0 0.0 0.0 0.0 0.0 0.0 0.0 0.0 0.0 0.0 0.0 0.0 0.0 0.0 0.0 0.0 0.0 0.0 0.0 0.0 0.0 0.0 0.0 5.96046e-08 0.0 0.0 0.0 0.0 0.0 0.0 0.0 0.0 0.0 0.0 0.0 0.0 0.0 0.0 0.0 0.0 0.0 0.0 0.0 3.97265e-05 0.0 0.0 0.0 0.0 0.0 0.0 0.0 0.0 0.0 0.0 0.0
0.0 0.0 0.0 1.40071e-06 0.0 0.0 0.0 0.0 0.0 0.0 0.0 0.0 0.0 0.0 0.0 2.38419e-06 1.2517e-06 0.000367969 0.985409 0.0 0.0 0.0 0.0 0.0 0.0 0.0 0.0001131 0.0 0.0 0.0 0.0 0.0 0.0 0.0 0.0 0.0 0.99916 0.0 0.0 0.0 0.0 0.0 0.606664 2.13087e-05 0.0 0.0 0.50195 0.0 0.0 0.0 0.0 0.0 0.015524 0.0 0.0 0.0 0.0 0.0 0.0 0.0 0.0 0.0 0.0 0.0
0.0 0.0 0.0 0.0 0.0 0.0 0.0 0.0 0.000968039 0.0 0.0 0.0 0.0 0.0 0.968073 0.0 0.0 0.0 0.0 0.0 0.0 0.0 0.800906 0.0 0.0 0.0 0.0 0.0 0.0 0.0 0.0 0.0 0.0 0.0 0.0 0.0 0.0 0.0 0.0 0.0612152 0.0 0.0 0.0 0.0 0.0 0.0 0.0 0.0 0.0 0.0 0.0 0.0 0.0 2.38419e-07 7.98702e-06 0.0 6.55651e-07 0.0 0.0 0.0 0.0 0.0 0.0 0.0
0.0 0.0 0.0 0.0 0.0 0.0 0.0 0.0 0.0 0.0 0.0 0.0 0.0 0.0 0.0 0.0 0.0 0.0 0.0 0.0 0.0 0.0 0.0 0.0 0.0 0.0 0.0 0.0 0.0 0.0 0.0 0.0 0.0 0.0 0.0 0.0 0.0 0.0 0.0 0.0 0.0 0.0 0.0 0.0 0.0 0.0 0.0 0.0 0.999964 0.0 0.0 0.0 0.000115544 0.0 0.0 0.0 0.0 0.0 0.0 0.0 0.0 0.0 0.0 0.0
1.57952e-06 0.0 0.0 0.00302833 3.57628e-07 0.0 0.0 0.0 0.0 0.0 0.0 0.0 0.0343815 0.121865 0.0 0.99668 0.003021 0.0 0.0 0.0 0.00753769 0.0 0.0 0.0 1.2815e-06 0.0 0.0189276 0.0 0.0 0.0 0.0 0.0 0.0 2.08616e-07 2.35736e-05 0.0 0.999997 0.0 4.93526e-05 0.0 2.98023e-08 0.0 0.0 2.27392e-05 0.0 0.0 0.0 0.0 0.0 0.0 0.0 0.0 0.0 0.0 0.0 0.0 0.0 0.0 0.0 2.02656e-06 6.4075e-06 1.49012e-07 0.0 0.000770152
1.03712e-05 0.0 0.0 0.000111401 0.0 0.0 0.0 0.0 0.0 0.0 0.0 0.0 0.0 1.19209e-07 0.0 0.00564402 5.06639e-06 0.0 8.9407e-08 0.0 3.27826e-07 0.0 0.0 0.0 0.00231114 0.0 5.96046e-07 0.0 0.0 0.0100345 0.0 0.0 0.0 0.0 1.49012e-07 0.0 0.999992 0.0 2.98023e-07 0.0 0.0 0.0 0.0 4.42266e-05 0.0 0.0 5.96046e-08 0.0 0.0 0.0 0.0 0.0 5.96046e-08 0.0 0.0 0.0 0.0 0.0 0.0 0.0 0.0 0.932208 0.0 0.0
0.0 0.0 0.0 0.0 0.0 0.999995 0.0 0.0 0.0 0.0 0.0 0.0 0.0 0.0 0.0 5.66244e-07 1.49012e-07 0.0 0.0 0.0 0.0 1.51992e-06 0.0 0.0 0.0 0.0 0.0 0.0 0.0 0.0 0.0 0.0 0.0 0.0 0.0 0.0 0.00083071 0.0 0.0 0.0 0.0 0.0 0.0 0.0 0.0 0.0 0.0 0.0 0.0 0.0 0.0 0.0 0.0 0.0 0.0 0.0 0.0 0.0 0.0 0.0 0.0 0.0 0.0 0.0
0.000201553 0.0 0.0 0.0805775 0.00122657 0.0 0.0 0.0 0.0 0.0 0.0 0.0 1.3113e-06 1.90735e-06 0.0 0.319723 0.000389755 0.0 0.0 0.0 0.000668555 0.0 0.0 0.0 0.0 0.0 0.331479 0.0 0.0 0.0 0.0 0.0 0.0 0.0126289 0.981018 0.0 0.999967 0.0 0.931245 0.0 4.23193e-06 0.0 2.68221e-07 0.00328356 0.0 0.0 1.93715e-06 0.0 0.0 0.0 0.0 0.0 0.0 0.0 0.0 0.0 0.0 0.0 0.0 1.49012e-07 0.0 4.76837e-07 0.0 0.000162423
0.0 2.08616e-07 0.000131488 0.0 0.0 0.0 0.0 0.0 0.0 0.0 0.0 0.0 0.0 0.0 0.0 0.0 0.0 0.994186 1.81198e-05 0.0 0.0 0.0 0.0 0.0 0.0 0.0 1.78814e-07 0.0 0.0 0.0 0.0 0.0 0.0 0.0 0.0 0.0 0.799385 0.0 0.0 0.0 0.0 0.0 1.37091e-06 0.0 0.0 0.0 3.27826e-07 0.0 0.0 0.0 0.0 0.0 0.99991 0.0 0.0 0.0 0.0 0.0 0.0 0.0 0.0 0.0 0.0 0.0
1.29044e-05 0.0 0.0 3.3617e-05 8.9407e-08 0.0 0.0 0.0 0.0 0.0 0.0 0.0 0.0 0.0 0.0 0.0510156 7.46548e-05 0.0 9.03606e-05 0.0 0.0 0.0 0.0 0.0 0.0 0.0 0.00112078 0.0 0.0 0.0 0.0 0.0 0.0 1.26064e-05 0.000109076 0.0 0.999858 0.0 5.05745e-05 0.0 0.0 0.0 0.00048399 2.563e-06 0.0 0.0 0.000915378 0.0 0.0 0.0 0.0 0.0 8.82447e-05 0.0 0.0 0.0 0.0 0.0 0.0 0.0 0.0 0.0 0.0 8.9407e-08
0.0 0.0 0.0 0.0 0.0 0.0 0.0 0.0 0.0 0.0 0.0 0.0 0.0 0.0 0.0 0.0 0.0 0.0 0.0 0.0 0.0 2.98023e-07 0.0 0.0 0.0 0.0 0.0 1.49012e-07 0.0 0.0 0.0 0.999816 0.0 0.0 0.0 0.0 0.0 0.0 0.0 0.0 0.0 0.0 0.0 0.0 4.0859e-05 0.0 0.0 0.0 0.0 0.0 0.000401616 0.00648758 0.0 0.0 0.0 0.0 0.0 1.78814e-07 0.0 0.0 0.0 0.0 0.0 0.0
0.0 0.0 0.0 0.0 0.0 0.0 0.0 0.0 6.00517e-05 0.0 0.0 0.0 0.0 0.0 0.994197 0.0 0.0 0.0 0.0 0.0 0.0 0.0 0.9759 0.0 0.0 0.0 0.0 0.0 0.0 0.0 0.0 0.0 0.0 0.0 0.0 0.0 0.0 0.0 0.0 0.000813067 0.0 0.0 0.0 0.0 0.0 0.0 0.0 0.0 0.0 0.0 0.0 0.0 0.0 0.0 1.88649e-05 0.0 0.0 0.0 0.0 0.0 0.0 0.0 0.0 0.0
0.0 0.0 0.0 0.0 0.0 0.0 0.0 0.0 0.0 0.0 4.19617e-05 0.0 0.0 0.0 0.0 0.0 0.0 0.0 0.0 1.10269e-06 0.0 0.0 0.0 0.0 0.0 0.0 0.0 0.431991 0.0 0.0 0.0 2.98023e-08 0.0 0.0 0.0 0.0 0.0 2.8789e-05 0.0 0.0 0.0 0.0 0.0 0.0 0.999999 0.0 0.0 0.0 0.0 0.0 0.000715405 0.0 0.0 0.0 0.0 0.0 0.0 1.49012e-07 0.0 0.0 0.0 0.0 0.0 0.0
0.0 8.9407e-08 0.0 0.0 0.0 0.0 0.110859 0.0 0.0 0.0 0.0 0.0 0.0 0.0 0.0 0.0 0.0 0.0 0.0 0.0 0.0 0.0 0.0 0.0 0.0 0.0 0.0 0.0 0.0 0.0 0.0 0.0 0.00235236 0.0 0.0 0.999697 0.0 0.0 0.0 0.0 0.0 0.0 0.0 0.0 0.0 0.0 0.0 0.0 0.0 0.0 0.0 0.0 0.999998 0.0 0.0 0.0 0.0 0.0 0.0 0.0 0.0 0.0 0.0 0.0
0.0 0.0 0.0 0.0 0.0 0.0 0.0 0.985158 0.0 0.0 2.08616e-07 0.0 0.0 0.0 0.0 0.0 0.0 0.0 0.0 0.0134179 0.0 0.0 0.0 0.0 0.0 0.0 0.0 0.0 0.0 0.0 0.0 0.0 0.0 0.0 0.0 0.0 0.0 0.081771 0.0 0.0 0.0 0.0 0.0 0.0 0.0 0.0 0.0 0.0 0.0 0.0 0.000111461 9.23872e-07 0.0 0.0 0.0 0.0 0.0 0.0 0.0 0.0 0.0 0.0 0.0 0.0
0.0 0.0 0.0 0.0 0.0 0.0 0.0 0.0 0.0 0.0 0.0 0.0 0.0 0.0 0.0 0.0 0.0 0.0 0.0 2.98023e-08 0.0 0.0 0.0 0.0 0.0 0.0 0.0 0.990283 0.0 0.0 0.0 1.78814e-07 0.0 0.0 0.0 0.0 0.0 2.98023e-07 0.0 0.0 0.0 0.0 0.0 0.0 0.00209653 0.0 0.0 0.0 0.0 0.0 0.000118941 5.06639e-07 0.0 0.0 0.0 0.0 0.0 2.07126e-05 0.0 0.0 0.0 0.0 0.0 0.0
0.0 0.0 0.0 0.0 0.0 0.0 0.0 0.0 0.0 0.0 0.0 0.0 0.0 0.0 0.0 0.0 0.0 0.0 0.0 0.0 0.0 0.0 0.0 6.85453e-07 0.0 0.0 0.0 0.0 0.0 0.0 0.0 0.0 0.0 0.0 0.0 0.0 0.0 0.0 0.0 0.0 0.0 0.0 0.0 0.0 0.0 0.999889 0.0 0.0 0.0 0.0 0.0 0.0 0.0 1.10269e-06 0.0 0.0 0.0 0.0 0.0 0.0 0.0 0.0 0.0 0.0
0.00311026 0.0 0.0 0.00535363 0.187834 0.0 0.0 0.0 0.0 0.0 0.0 0.0 0.000249296 0.0408645 0.0 0.994705 0.916293 0.0 2.38419e-07 0.0 0.00090307 0.0 0.0 0.0 0.0 0.0 0.984308 0.0 0.0 0.0 0.0 0.0 0.0 0.00669083 0.392567 0.0 0.999993 0.0 0.466697 0.0 2.41399e-06 0.0 2.41399e-06 0.0017789 0.0 0.0 6.34193e-05 5.96046e-08 0.0 0.0 0.0 0.0 0.0 0.0 0.0 0.0 0.0 0.0 0.0 3.15607e-05 0.0 1.2815e-06 5.96046e-08 0.00402573
0.00343299 0.0 0.0 0.0 0.0470791 0.0 0.0 0.0 0.0 0.0 0.0 0.000170499 8.9407e-08 2.98023e-08 0.0 2.85208e-05 3.57628e-07 0.0 0.0 0.0 0.0 0.0 0.0 0.0 0.0 0.0 9.23872e-07 0.0 0.0 0.0 0.0 0.0 0.0 3.01898e-05 5.30481e-06 0.0 0.158622 0.0 8.04663e-07 0.0 0.998386 0.0 0.0 0.0 0.0 0.0 0.0 0.0 0.0 0.0 0.0 0.0 0.0 0.0 0.0 0.0 0.0 0.0 0.0 0.000237793 0.0 0.0 0.0 0.000100911
0.00481158 0.0 3.99351e-06 0.000182629 0.00014168 3.47197e-05 0.0 0.0 0.0 0.0 0.0 0.0 0.000465393 0.0112262 0.0 1.0 0.999973 0.0 7.15256e-07 0.0 9.17912e-06 0.0 0.0 0.0 0.0 0.0 0.279283 0.0 0.0 0.0 0.0 0.0 0.0 3.12924e-06 0.00344461 0.0 0.999986 0.0 0.00416672 0.0 0.00230721 0.0 5.06639e-07 2.69115e-05 0.0 0.0 7.87675e-05 2.44379e-06 0.0 0.0 0.0 0.0 6.25849e-07 0.0 0.0 0.0 0.0 0.0 0.0 1.41561e-05 2.98023e-08 3.20375e-05 0.00697762 0.000643373
1.49012e-06 0.0 0.0 2.68221e-07 0.998111 0.0 0.0 0.0 0.0 0.0 0.0 4.17233e-07 1.48118e-05 4.20809e-05 0.0 0.0449637 0.000148982 0.0 0.0 0.0 0.000197202 0.0 0.0 0.0 0.0 0.0 0.13982 0.0 0.0 0.0 0.0 0.0 0.0 9.35793e-06 7.69496e-05 0.0 0.707287 0.0 1.60933e-05 0.0 0.000937343 0.0 0.0 1.49012e-07 0.0 0.0 0.0 0.0 0.0 0.0 0.0 0.0 0.0 0.0 0.0 0.0 0.0 0.0 0.0 9.23872e-07 0.0 0.0 0.0 3.45707e-06
0.0 0.0 0.0 0.0 0.0 0.0 0.0 0.0 0.0 0.0 0.0 0.0 0.0 0.0 0.0 0.000855744 1.2815e-06 0.0 0.0 0.0 0.0 0.0 0.0 0.0 0.999497 0.0 0.0 0.0 0.0 2.38419e-07 0.0 0.0 0.0 0.0 0.0 0.0 0.999969 0.0 0.0 0.0 0.0 0.0 0.0 0.0 0.0 0.0 0.0 5.96046e-08 0.0 0.0 0.0 0.0 0.0 0.0 0.0 0.0 0.0 0.0 0.0 0.0 0.0 0.0 0.0 0.0
0.0 0.0 0.0 0.0 0.0 0.0 0.0 2.29478e-05 0.0 0.720568 0.0 0.0 0.0 0.0 0.0028027 0.0 2.68221e-07 0.0 0.0 0.0 0.0 0.0 0.0 8.76188e-06 0.0 0.0 0.0 0.0 3.07858e-05 0.0 0.00374749 0.0 0.285954 0.0 0.0 0.0 0.0 0.99954 0.0 0.0 0.0 0.0 0.0 0.0 0.0 0.0 0.0 0.0 0.0 0.0 0.0 0.0 0.0 0.0 8.9407e-08 0.0 0.0809579 0.0 5.27501e-06 0.0 0.0 0.0 0.0 0.0
0.0 0.00227416 0.0 0.0 0.0 0.0 0.0 0.0 0.0 0.0 0.0 0.00100082 0.0 0.0 0.0 0.0 0.0 0.0 1.48714e-05 0.0 0.0 0.0 0.0 0.0 0.0 0.0 0.0 0.0 0.0 0.0 0.0 0.0 0.0 0.000617474 0.0 0.0 0.0 0.0 0.0 0.0 0.994566 0.0 0.0 0.0 0.0 0.0 0.0 0.0 0.0 0.0 0.0 0.0 0.0 0.0 0.0 0.0 0.0 0.0 0.0 0.0 0.0 0.0 0.0 0.0
0.0 0.0 0.0 0.0 0.0 0.0 0.0 0.0 0.0 0.0 0.0 0.0 0.0 0.0 0.0 0.0 0.0 0.0 0.0 0.0 0.0 0.0 0.0 0.0 0.0 8.9407e-08 0.0 0.0 0.0 0.0 0.0 0.0 0.0 0.0 0.0 0.0 0.0 0.0 0.0 0.0 0.0 0.0 0.0 0.0 0.0 0.0 0.0 0.0 0.0 0.0 0.999976 0.0 0.0 0.0 0.0 0.0 0.0 0.0 0.0 0.0 0.0 0.0 0.0 0.0
0.0 0.0 0.0 0.000403047 0.00103155 0.0 0.0 0.0 0.0 0.0 0.0 0.0 5.96046e-08 8.9407e-08 0.0 0.0 0.0 2.11596e-06 0.0 0.0 0.0 0.0 0.0 0.0 0.0 0.0 0.0 0.0 0.0 9.53674e-07 0.0 7.37906e-05 0.0 0.0 1.78814e-07 0.0 0.0 0.0 0.0 0.0 0.0 0.0 0.0 0.0 0.0 0.0 0.0 0.0 0.0 2.563e-06 0.0 0.0 0.0 0.0 0.0 0.0 0.0 8.9407e-08 0.0 0.00033012 0.0 0.992292 0.0 0.0
0.0 0.0 0.0 0.325203 0.428077 0.0 0.0 0.0 0.0 0.0 8.9407e-08 0.0 0.00199121 4.88758e-06 0.0 8.9407e-08 0.0 9.57251e-05 0.0 0.0 0.0 2.98023e-08 0.0 0.0 0.0 0.0 3.27826e-07 5.96046e-08 0.0 0.0240348 0.0 0.0327866 0.0 0.0 0.00315365 0.0 0.0 0.0 2.68221e-07 0.0 0.0 0.0 0.0 0.0 0.0 0.0 0.0 0.0 0.0 0.00126699 0.0 0.0 0.0 0.0 0.0 0.0 0.0 2.98023e-07 0.0 0.0360952 1.49012e-07 0.0150086 0.0 2.98023e-07
0.0 0.0 0.0 0.0 0.0 0.0 0.0 0.000575334 0.0 0.975241 0.0 0.0 0.0 0.0 0.000308245 0.0 0.0 0.0 0.0 0.0 0.0 0.0 0.0 0.00068745 0.0 0.0 0.0 0.0 5.96046e-08 0.0 8.13603e-06 0.0 0.802358 0.0 0.0 0.0 0.0 0.159511 0.0 0.0 0.0 0.0 0.0 0.0 0.0 0.0 0.0 0.0 0.0 0.0 0.0 0.0 0.0 0.0 2.29478e-06 0.0 0.351652 0.0 0.0 0.0 0.0 0.0 0.0 0.0
0.0 0.0 0.0 1.40071e-06 1.96695e-05 0.0 0.0 0.0 0.0 0.0 0.0 0.0 0.0 0.0 0.0 0.0 0.0 0.0 0.0 0.0 0.0 0.0 0.0 0.0 0.0 0.0 0.0 0.0 0.0 0.0 0.0 0.0 0.0 0.0 0.0 2.38419e-07 0.0 0.0 0.0 0.0 0.0 0.0 0.0 0.0 0.0 0.0 0.0 0.0 0.0 1.49012e-07 0.0 0.0 0.0 0.0 0.0 0.0 0.0 0.0 0.0 4.94719e-06 0.0 0.0 0.0 0.0
0.0 0.0 0.0 0.0 0.0 4.07398e-05 0.0 0.0 0.0 0.0 0.0 0.0 0.0 0.0 0.0 0.0 0.0 0.0 0.0 0.0 1.49012e-07 0.0 0.0 0.0 0.000232726 0.00886494 0.0 0.0 0.0 0.0 0.0 0.0 0.0 0.0 0.0 0.0 0.0 0.0 0.0 9.53674e-07 0.0 0.0 0.0 0.0 0.0 0.0 0.0 1.49012e-07 0.0 2.20537e-06 0.0 0.000618309 0.0 0.0 0.0 0.0 0.0 6.28531e-05 0.0 0.0 0.0 0.0 0.996546 8.9407e-08
0.0 0.0 0.0 0.0 0.0 0.0 0.0 0.0 8.9407e-08 0.0 0.0 0.0 0.0 0.0 0.0 0.0 0.0 0.0 0.0 0.0 0.0 0.0 0.0 0.0 0.0 0.0 0.0 0.0 0.0343736 0.0 0.792029 0.0 0.0 0.0 0.0 0.0 0.0 0.0 0.0 0.0 0.0 0.00267085 0.0 0.0 0.0 0.0 0.0 0.0 0.0 0.0 0.0 0.0 0.0 0.989122 0.0 0.0 0.0 0.0 0.000289142 0.0 0.0 0.0 0.0 0.0
0.0 0.0 0.0 0.0 1.49012e-07 0.0 0.0 0.0 0.0 0.0 2.98023e-07 0.0 2.53022e-05 0.0 0.0 0.0 0.0 1.3113e-06 0.0 0.0 0.0 0.0 0.0 0.0 0.0 0.0 0.0 0.0 0.0 2.38419e-07 0.0 1.91033e-05 0.0 0.0 1.10865e-05 0.0 0.0 0.0 1.33216e-05 0.0 0.0 0.0 0.0 9.26852e-06 0.0 0.0 0.0 0.0 0.0 0.0 0.0 0.0 0.0 0.0 0.0 0.0 0.0 0.0 0.0 7.21216e-05 0.0 0.0 0.0 0.0
0.0 0.0 0.0 0.0 0.0 0.00436163 0.0 3.69549e-05 0.0 8.9407e-08 0.0 0.0 0.0 0.0 0.0 0.0 0.0 0.0 0.0 0.0 0.0 0.0 0.0 0.000636637 0.0 0.0 0.0 0.0 0.0 0.0 5.96046e-08 0.0 4.23193e-05 0.0 0.0 0.0 0.0 0.0 0.0 0.0 0.0 0.0 0.0 0.0 0.0 0.0 0.0 0.0 0.0 0.0 0.0 0.0 0.0 0.0 0.999661 0.0 2.81632e-05 0.0 0.0 0.0 0.0 0.0 0.0 0.0
0.0 0.0 0.0 2.31266e-05 5.96046e-08 0.0 0.0 0.0 0.0 0.0 0.0 0.0 4.23193e-06 5.96046e-08 0.0 0.0 0.0 5.96046e-08 0.0 0.0 0.0 2.20537e-06 0.0 0.0 0.000185817 0.0 3.8743e-07 0.0 0.0 4.05014e-05 0.0 4.47035e-07 0.0 0.0 2.77162e-06 0.0 0.0 0.0 0.0 0.0 0.0 0.0 0.0 0.0 0.0 0.0 0.0 0.0 0.0 0.0298431 0.0 0.0 0.0 0.0 0.0 0.0 0.0 1.5527e-05 0.0 3.96967e-05 0.996386 1.49012e-07 0.0 2.0206e-05
0.0 0.0 0.0 0.0148692 0.998548 0.0 0.0 0.0 0.0 0.0 0.000322074 0.0 0.128783 0.0 0.0 2.98023e-07 0.0 0.000103205 0.0 0.0 0.0 0.0 0.0 0.0 0.0 0.0 0.0 0.0 0.0 0.00319403 0.0 0.0829054 0.0 0.0 0.230743 0.0 0.0 0.0 0.000676394 0.0 0.0 0.0 0.0 5.71012e-05 0.0 0.0 0.0 0.0 0.0 1.07884e-05 0.0 0.0 0.0 0.0 0.0 0.0 0.0 0.0 0.0 0.0320969 0.0 2.23517e-05 0.0 0.0
0.0 0.0 0.0 1.68681e-05 8.9407e-08 0.0 0.0 0.0 0.0 0.0 0.0 0.0 0.0 5.78165e-06 0.0 0.0 0.0 0.0 0.0 0.0 0.0 1.8388e-05 0.0 0.0 0.574532 5.06639e-07 1.60038e-05 0.0 0.0 1.49012e-07 0.0 0.0 0.0 0.0 0.0 0.0 0.0 0.0 0.0 0.0 0.0 0.0 0.0 0.0 0.0 0.0 0.0 0.0 0.0 0.0569961 0.0 0.0 0.0 0.0 0.0 0.0 0.0 0.990576 0.0 1.84774e-06 1.36793e-05 5.06639e-07 2.98023e-06 0.0211046
0.0 0.0 0.0 0.0 0.0 0.0 0.0 1.3411e-06 0.0 0.0242375 0.0 0.0 0.0 0.0 0.219305 0.0 0.0 0.0 0.0 0.0 0.0 0.0 0.0 0.00140777 0.0 0.0 0.0 0.0 0.00337899 0.0 0.949633 0.0 0.00200337 0.0 0.0 0.0 0.0 0.00438461 0.0 0.0 0.0 0.0 0.0 0.0 0.0 0.0 0.0 0.0 0.0 0.0 0.0 0.0 0.0 1.94907e-05 3.27826e-07 0.0 0.000745356 0.0 1.39475e-05 0.0 0.0 0.0 0.0 0.0
0.0 0.0 0.0 0.0 0.0 0.955458 0.0 0.0 0.0 0.0 0.0 0.0 0.0 0.0 0.0 0.0 0.0 0.0 0.0 0.0 0.0 0.0 0.0 0.0 0.0 4.51207e-05 0.0 0.0 0.0 0.0 0.0 0.0 0.0 0.0 0.0 0.0 0.0 0.0 0.0 0.999825 0.0 0.0 0.0 0.0 0.0 0.0 0.0 5.06639e-07 0.0 0.0 0.0 0.0 0.0 0.0 0.0 0.0 0.0 0.0 0.0 0.0 0.0 0.0 2.02656e-06 0.0
1.49012e-07 0.0 0.0 8.9407e-08 0.0 0.0293314 0.0 0.0 0.0 0.0 0.0 0.0 0.0 0.100882 0.0 0.0 0.0 0.0 0.0 0.0 0.0 0.999969 0.0 0.0 0.0138043 2.5034e-05 0.963447 0.289664 0.0 0.0 0.0 0.0 0.0 0.0 0.0 0.0 0.0 0.0 0.0 0.0 0.0 0.0 0.0 0.0 0.0 0.0 0.0 0.0 0.0 1.5229e-05 0.0 0.0 0.0 0.0 0.0 0.0 0.0 4.58956e-06 0.0 0.0 2.08616e-07 0.0 0.0 0.175638
0.0 5.13494e-05 0.0 0.0 0.0 0.0 0.0 0.0 0.0 0.0 1.78814e-07 0.0101235 0.0 0.0 0.0 0.0 0.0 0.0 2.89083e-06 0.0 0.0 0.0 0.0 0.0 0.0 0.0 0.0 0.0 0.0 0.0 0.0 0.0 0.0 0.985753 0.0 0.0 0.0 0.0 0.0 0.0 0.00295854 0.0 0.0 0.0 0.0 0.0 0.0 0.0 0.0 0.0 0.0 0.0 0.0 0.0 0.0 0.0 0.0 0.0 0.0 0.0 0.0 0.0 0.0 0.0
0.0 0.981577 0.0 0.0 0.0 0.0 0.0 0.0 0.0 0.0 1.84774e-06 0.00803259 0.0 0.0 0.0 0.0 0.0 0.0 0.451975 0.0 0.0 0.0 0.0 0.0 0.0 0.0 0.0 0.0 0.0 0.0 0.0 0.0 0.0 0.000154465 0.0 0.0 0.0 0.0 0.0 0.0 0.0784191 0.0 0.0 0.0 0.0 0.0 0.0 0.0 0.0 0.0 0.0 0.0 0.0 0.0 0.0 0.0 0.0 0.0 0.0 0.0 0.0 0.0 0.0 0.0
0.000113219 0.0 0.0 0.0 0.0 0.000457674 0.0 1.63913e-06 0.0 0.0 0.0 0.0 0.0 0.0 0.0 0.0 0.0 0.0 0.0 0.0 0.99788 0.0 0.0 0.0 2.38419e-07 1.0 0.0 0.0 0.0 0.0 0.0 0.0 7.15256e-07 0.0 0.0 0.0 0.0 0.0 0.0 1.63913e-06 0.0 0.0 0.0 0.0 0.0 0.0 0.0 0.0 0.0 0.0 0.0 0.0 0.0 0.0 1.7494e-05 0.0 0.0 0.0 0.0 0.0 0.0 0.0 0.0147149 0.0
0.0 0.0 2.98023e-08 0.116226 0.00243226 0.0 0.0 0.0 0.0 0.0 0.0 0.0 2.38419e-06 3.27826e-07 0.0 0.0 0.0 0.000200272 0.0 0.0 0.0 5.96046e-08 0.0 0.0 0.0 0.0 2.5034e-06 0.0 0.0 7.03037e-05 0.0 0.00708306 0.0 0.0 0.000295609 0.0 5.96046e-08 0.0 2.41399e-06 0.0 0.0 0.0 0.0 1.01328e-06 0.0 0.0 0.0 0.0 0.0 3.09944e-06 0.0 0.0 0.0 0.0 0.0 0.0 0.0 0.0 0.0 0.169276 5.96046e-08 0.0357506 0.0 8.9407e-08
0.0 0.0 0.0 0.0284961 0.0113773 1.78814e-07 0.0 0.0 0.0 0.0 0.00372142 0.0 0.966205 0.0 0.0 1.06692e-05 0.0 0.0308081 0.0 0.0 0.0 0.0 0.0 0.0 0.0 0.0 1.78814e-07 0.0 0.0 0.296935 0.0 0.86527 0.0 0.0 0.915794 0.0 0.0 0.0 0.0220351 8.40425e-06 0.0 0.0 0.0 0.00260618 0.0 0.0 0.0 8.9407e-08 0.0 0.000279337 0.0 3.57628e-07 0.0 0.0 0.0 0.0 0.0 0.0 0.0 0.999928 9.65595e-06 2.20537e-06 0.0 0.0
0.0 0.0 0.0 0.0 0.0 7.21216e-06 0.0 0.0 0.0 0.0 0.0 0.0 0.0 0.0 0.0 0.0 0.0 0.0 0.0 0.0 0.0 0.0 0.0 0.0 0.0 0.0 0.0 0.0 0.0 0.0 0.0 0.0 0.0 0.0 0.0 0.0 0.0 0.0 0.0 0.0 0.0 0.0 0.0 0.0 0.0 0.99999 0.0 0.0 0.0 0.0 0.0 0.0 0.0 0.0 0.0 0.0 0.0 0.0 0.0 0.0 0.0 0.0 0.0 0.0
0.0 0.0 0.0 1.49608e-05 1.11163e-05 0.0 0.0 0.0 0.0 0.0 0.00200164 0.0 0.0320432 0.0 0.0 0.00413802 0.0 0.00628415 0.0 0.0 0.0 0.0 0.0 0.0 0.0 0.0 0.0 0.0 0.0 0.00661349 0.0 0.255128 0.0 0.0 0.672228 0.0 0.0 0.0 0.125064 0.0 0.0 0.0 0.0 0.110026 0.0 0.0 0.0 0.0 0.0 5.96046e-08 0.0 0.0 0.0 0.0 0.0 0.0 0.0 0.0 0.0 0.00115675 5.96046e-08 5.96046e-08 0.0 0.0
0.0 0.0 0.999985 0.0 0.0 0.0 0.0 0.0 0.0 0.0 0.0 0.0 0.0 0.0 0.0 0.0 0.0 0.0 0.0 0.0 0.0 0.0 0.0 0.0 0.0 0.0 0.0 0.0 0.0 0.0 0.0 0.0 0.0 0.0 0.0 0.0130927 0.0 0.0 0.0 0.0 0.0 0.0 0.0 0.0 0.0 0.0 0.0 0.0 0.0 0.0 0.0 0.0 0.0 0.0 0.0 0.0 0.0 0.0 0.0 0.0 0.0 0.0 0.0 0.0
0.0 0.0 0.000350595 0.0 0.0 0.0 0.0 0.0 0.0 0.0 0.0 0.0 0.0 0.0 0.0 0.0 0.0 0.0 0.0 0.0 0.0 0.0 0.0 0.0 0.0 0.0 0.0 0.0 0.0 0.0 0.0 0.0 0.0 0.0 0.0 0.999298 0.0 0.0 0.0 0.0 0.0 0.0 0.0 0.0 0.0 0.0 0.0 0.0 0.0 0.0 0.0 0.0 0.0 0.0 0.0 0.0 0.0 0.0 0.0 0.0 0.0 0.0 0.0 0.0
0.0 0.0 0.0 1.15037e-05 8.9407e-07 0.0 0.0 0.0 0.0 0.0 0.0443946 0.0 0.136324 0.0 0.0 0.000141203 0.0 0.00657752 5.96046e-08 0.0 0.0 0.0 0.0 0.0 0.0 0.0 0.0 0.0 0.0 0.00359666 0.0 0.0178692 0.0 0.0 0.0944656 0.0 0.0 0.0 0.0176518 2.08616e-07 0.0 0.0 0.0 0.0158261 0.0 0.0 0.0 2.08616e-07 0.0 7.15256e-07 0.0 3.27826e-07 0.0 0.0 0.0 0.0 0.0 0.0 0.0 0.032873 2.98023e-08 0.0 0.0 0.0
0.0 0.0 0.0 0.0 0.0 0.0 0.0 0.996235 0.0 2.83122e-06 0.0 0.0 0.0 0.0 0.0 0.0 0.0 0.0 0.0 0.0 0.0 0.0 0.0 0.144792 0.0 1.19209e-07 0.0 0.0 0.0 0.0 0.0 0.0 0.0358377 0.0 0.0 0.0 0.0 2.98023e-08 0.0 0.0 0.0 0.0 0.0 0.0 0.0 0.0 0.0 0.0 0.0 0.0 0.0 0.0 0.0 0.0 0.000121772 0.0 0.0279227 0.0 0.0 0.0 0.0 0.0 0.0 0.0
0.0 0.0 0.0 0.0 0.0 0.0 0.0 0.0 0.0 0.0 0.0 0.0 0.0 0.0 0.0 0.0 0.993517 0.0 0.0 0.0 0.0 0.0 0.0 0.0 0.0 0.0 0.0 0.0 0.0 0.0 2.68221e-07 0.0 0.0 0.0 0.0 0.0 0.0 7.7486e-07 0.0 0.0 0.0 0.0 0.0 0.0 0.0 0.0 0.0 0.0 0.0 0.0 0.0 0.0 0.0 0.0 0.0 0.0 0.0 0.0 0.0 0.0 0.0 0.0 0.0 0.0
0.0 0.0 0.0 0.00827059 0.000366479 0.0 0.0 0.0 0.0 0.0 0.0 0.0 0.000344217 0.0 0.0 1.19209e-07 0.0 0.988135 0.0 0.0 0.0 0.0 0.0 0.0 0.0 0.0 0.0 0.0 0.0 0.257926 0.0 0.77305 0.0 0.0 0.0784386 0.0 0.0 0.0 1.2219e-06 0.0 0.0 0.0 0.0 5.36442e-07 0.0 0.0 0.0 0.0 0.0 1.2815e-05 0.0 0.0 0.0 0.0 0.0 0.0 0.0 0.0 0.0 0.361712 2.98023e-08 7.7188e-06 0.0 0.0
0.0 0.0 0.0 0.0 0.0 0.0 0.0 0.0 0.0 0.0 0.0 0.0 0.0 0.0 0.0 0.0 0.0 0.0 0.0 0.0 0.0 0.0 0.0 0.0 0.0 0.0 0.0 0.0 0.0 0.0 0.0 0.0 0.0 0.0 0.0 0.0 0.0 0.0 0.0 0.0 0.0 0.0 0.0 0.0 0.0 0.0 0.0 0.0 0.0 0.0 0.0 0.0 0.0 0.0 0.0 0.997187 0.0 0.0 0.0 0.0 0.0 0.0 0.0 0.0
0.0 0.0 0.0 0.0 0.0 8.9407e-08 0.0 0.0 0.0 0.0 0.0 0.0 0.0 0.0 0.0 0.0 0.0 0.0 0.0 0.000791103 0.0 0.0 0.0 0.0 0.0 0.0 0.0 0.0 0.0 0.0 0.0 0.0 0.0 0.0 0.0 0.0 0.0 0.0 0.0 6.85453e-07 0.0 0.0 0.0 0.0 0.0 0.0 0.0 0.996795 0.0 0.0 0.0 0.0750766 0.0 0.0 0.0 0.0 0.0 0.0 0.0 0.0 0.0 0.0 0.0 0.0
0.996128 0.0 0.0 0.0 0.0 0.0 0.0 0.0 0.0 0.0 0.0 0.0 0.0 0.0 0.0 0.0 0.0 0.0 0.0 0.0 0.0 0.0 0.0 0.0 0.0 0.0 0.0 0.0 0.0 0.0 0.0 0.0 0.0 0.0 0.0 0.0 0.0 0.0 0.0 1.46031e-06 0.0 0.0 0.0 0.0 0.0 0.0 0.0 0.0 0.0 0.0 0.0 0.0 0.0 0.0 0.0 0.0 0.0 0.0 0.0 0.0 0.0 0.0 0.0 0.0
0.0 0.0 0.0 4.66108e-05 5.96046e-08 0.0 0.0 0.0 0.0 0.0 0.0 0.0 0.0 0.993657 0.0 0.0 0.0 0.0 0.0 0.0 0.0 0.00486568 0.0 0.0 5.59986e-05 0.0 0.00495392 0.016551 0.0 1.19209e-07 0.0 0.0 0.0 0.0 0.0 0.0 0.0 0.0 0.0 0.0 0.0 0.0 0.0 0.0 0.0 0.0 0.0 0.0 0.0 6.04987e-05 0.0 0.0 0.0 0.0 0.0 0.0 0.0 8.64267e-07 0.0 1.49012e-07 0.0 5.66244e-07 0.0 0.284653
0.0 0.0 0.0 0.0 5.57303e-06 0.0 0.0 0.0 0.0 0.0 0.0955773 0.0 0.0211709 0.0 0.0 9.71556e-06 0.0 1.78814e-07 5.66244e-07 0.0 0.0 0.0 0.0 0.0 0.0 0.0 0.0 0.0 0.0 1.19209e-07 0.0 0.000260025 0.0 0.0 0.00904956 0.0 0.0 0.0 0.986362 0.0 0.0 0.0 0.0 0.938508 0.0 0.0 0.0 0.0 0.0 0.0 0.0 0.0 0.0 0.0 0.0 0.0 0.0 0.0 0.0 0.000272423 0.0 0.0 0.0 0.0
0.0 0.0 0.0 0.0 0.0 1.0 0.0 1.19209e-06 1.01328e-06 5.96046e-08 0.0 0.0 0.0 2.08616e-07 8.9407e-08 0.0 0.0 0.0 0.0 0.0 7.12276e-06 0.0300529 0.0 2.08616e-07 1.75536e-05 0.0395346 9.89437e-06 0.000608742 0.0 0.0 0.0 0.0 5.14388e-05 0.0 0.0 0.0 0.0 8.9407e-08 0.0 0.0303528 0.0 0.0 0.0 0.0 0.0 0.0 0.0 8.9407e-08 0.0 2.98023e-08 0.0 0.0 0.0 0.0 0.00776741 0.0 1.46925e-05 0.0 0.0 0.0 0.0 0.0 0.000652492 9.62615e-06
0.0 0.0 0.0 0.0 0.0 0.0 0.0 0.0 0.0 0.0 0.0 0.0 0.0 0.0 0.0 0.0 0.0 0.0 0.0 0.0 0.0 0.0 0.0 0.0 0.0 0.0 0.0 0.0 0.0 0.0 0.0 0.0 0.0 0.0 0.0 0.0 0.00612357 0.0 0.0 0.0 0.0 0.0 0.0 0.0 0.999999 0.0 0.0 0.0 0.0 0.0 0.0 0.0 0.0 0.0 0.0 0.0 0.0 0.0 0.0 0.0 0.0 0.0 0.0 0.0
0.0 0.0 0.0 0.0 0.0 0.0 0.0 0.0 1.78814e-07 5.51343e-06 0.0 0.0 0.0 0.0 4.73857e-06 0.0 0.0 0.0 0.0 0.0 0.0 0.0 0.0 0.0 0.0 0.0 0.0 0.0 0.998965 0.0 0.964877 0.0 0.0 0.0 0.0 0.0 0.0 9.92417e-05 0.0 0.0 0.0 9.65595e-06 0.0 0.0 0.0 0.0 0.0 0.0 0.0 0.0 0.0 0.0 0.0 0.557471 0.0 0.0 0.0 0.0 0.0175902 0.0 0.0 0.0 0.0 0.0
0.0 1.19209e-07 0.0 0.0 5.06639e-07 0.0 0.0 0.0 0.0 0.0 0.120818 5.96046e-08 0.00121924 0.0 0.0 9.26852e-06 0.0 8.9407e-08 4.73857e-06 0.0 0.0 0.0 0.0 0.0 0.0 0.0 0.0 0.0 0.0 0.0 0.0 5.27501e-05 0.0 0.0 0.000836045 0.0 0.0 0.0 0.964568 0.0 0.0 0.0 0.0 0.987751 0.0 0.0 0.0 0.0 0.0 0.0 0.0 0.0 0.0 0.0 0.0 0.0 0.0 0.0 0.0 3.62694e-05 0.0 0.0 0.0 0.0
0.0 0.0 0.0 0.0 0.0 0.0 0.0 0.0 5.96046e-08 0.000709951 0.0 0.0 0.0 0.0 0.998031 0.0 0.0 0.0 0.0 0.0 0.0 0.0 0.0 1.03414e-05 0.0 0.0 0.0 0.0 6.67572e-06 0.0 0.994881 0.0 7.00355e-06 0.0 0.0 0.0 0.0 0.000730097 0.0 0.0 0.0 0.0 0.0 0.0 0.0 0.0 0.0 0.0 0.0 0.0 0.0 0.0 0.0 8.04663e-07 0.0 0.0 5.93066e-06 0.0 0.0 0.0 0.0 0.0 0.0 0.0
0.0 0.0 0.0 0.0 0.0 1.3411e-06 0.0 0.0 0.0 0.0 0.0 0.0 0.0 0.0 0.0 0.0 0.0 0.0 0.0 0.0 0.0 0.0 0.0 0.0 0.0 3.57628e-07 0.0 0.0 0.0 0.0 0.0 0.0 0.0 0.0 0.0 0.0 0.0 0.0 0.0 3.93391e-06 0.0 0.0 0.0 0.0 0.0 0.0 0.0 0.169476 0.0 0.0 0.0 0.998616 0.0 0.0 0.0 0.0 0.0 0.0 0.0 0.0 0.0 0.0 1.2517e-05 0.0
0.0 0.0 0.0 0.0 0.0 0.0 0.0 0.0 0.0 0.0 0.0 0.0 0.0 0.0 0.0 0.0 0.0 0.0 0.0 0.0 0.0 0.0 0.999423 0.0 0.0 0.0 0.0 0.0 0.0 0.0 0.0 0.0 0.0 0.0 0.0 0.0 0.0 0.0 0.0 0.0 0.0 0.0 0.0 0.0 0.0 0.0 0.0 0.0 0.0 0.0 0.0 0.0 0.0 0.0 0.0 0.0 0.0 0.0 0.0 0.0 0.0 0.0 0.0 0.0
0.0 0.369259 0.0 0.0 0.0 0.0 0.0 0.0 0.0 0.0 0.000136405 0.000531852 0.0 0.0 0.0 8.9407e-08 0.0 0.0 0.986257 0.0 0.0 0.0 0.0 0.0 0.0 0.0 0.0 0.0 0.0 0.0 0.0 0.0 0.0 9.47714e-06 0.0 0.0 0.0 0.0 8.9407e-08 0.0 0.000178754 0.0 0.0 1.01328e-06 0.0 0.0 0.0 0.0 0.0 0.0 0.0 0.0 0.0 0.0 0.0 0.0 0.0 0.0 0.0 0.0 0.0 0.0 0.0 0.0
0.0 0.00434873 0.0 0.0 0.0 0.0 0.0 0.0 0.0 0.0 1.78814e-07 0.994573 0.0 0.0 0.0 0.0 0.0 0.0 0.000141084 0.0 0.0 0.0 0.0 0.0 0.0 0.0 0.0 0.0 0.0 0.0 0.0 0.0 0.0 0.00679374 0.0 0.0 0.0 0.0 0.0 0.0 0.000763237 0.0 0.0 0.0 0.0 0.0 0.0 0.0 0.0 0.0 0.0 0.0 0.0 0.0 0.0 0.0 0.0 0.0 0.0 0.0 0.0 0.0 0.0 0.0
0.0 0.0 0.0 0.0 0.0 0.0 0.0 0.0 0.0 0.0 0.0 0.0 0.0 0.0 0.0 0.0 0.0 0.0 0.0 0.0 0.0 0.0 0.0 0.0 0.0 0.0 0.0 0.0 3.12924e-06 0.0 0.00306526 0.0 0.0 0.0 0.0 0.0 0.0 0.0 0.0 0.0 0.0 0.974096 0.0 0.0 0.0 0.0 0.0 0.0 0.0 0.0 0.0 0.0 0.0 3.94583e-05 0.0 0.0 0.0 0.0 0.0 0.0 0.0 0.0 0.0 0.0
0.0 0.0 0.0 0.0 0.0 0.0 0.0 0.0 0.0 0.0 0.0 0.0 0.0 0.0 0.0 0.0 0.0 0.0 0.0 0.0 0.999605 0.0 0.0 0.0 0.0 0.991344 0.0 0.0 0.0 0.0 0.0 0.0 0.0 0.0 0.0 0.0 0.0 0.0 0.0 0.0 0.0 0.0 0.0 0.0 0.0 0.0 0.0 0.0 0.0 0.0 0.0 0.0 0.0 0.0 0.0 0.0 0.0 0.0 0.0 0.0 0.0 0.0 2.34842e-05 0.0
0.0 1.78814e-07 0.0 0.0 0.0 0.0 0.0 0.0 0.0 0.0 0.0 0.0 0.0 0.0 0.0 0.0 0.0 0.0 4.17233e-07 0.0 0.0 0.0 0.0 0.0 0.0 0.0 0.0 0.0 0.0 0.0 0.0 0.0 0.0 0.0 0.0 0.0 0.0 0.0 0.0 0.0 0.0 0.0 0.946545 0.0 0.0 0.0 0.0 0.0 0.0 0.0 0.0 0.0 0.0 0.0 0.0 0.0 0.0 0.0 0.0 0.0 0.0 0.0 0.0 0.0
0.0 0.00109252 0.0 0.0 3.8743e-07 0.0 0.0 0.0 0.0 0.0 0.999444 6.181e-05 0.144165 0.0 0.0 6.49095e-05 0.0 0.0 0.00879169 8.9407e-08 0.0 0.0 0.0 0.0 0.0 0.0 0.0 0.0 0.0 0.0 0.0 2.38419e-06 0.0 8.64267e-07 0.000387073 0.0 5.96046e-08 0.0 0.117525 0.0 1.01328e-06 0.0 0.0 0.114376 0.0 0.0 0.0 0.0 0.0 0.0 0.0 0.0 0.0 0.0 0.0 0.0 0.0 0.0 0.0 6.70254e-05 0.0 0.0 0.0 0.0
0.0 0.0 0.0 0.0 0.0 0.0 0.995273 0.0 0.0 0.0 0.0 0.0 0.0 0.0 0.0 0.0 0.0 0.0 0.0 0.0 0.0 0.0 0.0 0.0 0.0 0.0 0.0 0.0 0.0 0.0 0.0 0.0 0.0 0.0 0.0 2.3514e-05 0.0 0.0 0.0 0.0 0.0 0.0 0.0 0.0 0.0 0.0 0.0 0.0 0.0 0.0 0.0 0.0 0.0 0.0 0.0 0.0 0.0 0.0 0.0 0.0 0.0 0.0 0.0 0.0
0.0 0.0 0.0 0.60036 0.0334455 0.0 0.0 0.0 0.0 0.0 1.3113e-06 0.0 0.0635271 8.9407e-08 0.0 5.06639e-07 0.0 0.394655 0.0 0.0 0.0 0.0 0.0 0.0 0.0 0.0 0.0 0.0 0.0 0.993347 0.0 0.888359 0.0 0.0 0.828 0.0 0.0 0.0 6.52671e-06 0.0 0.0 0.0 0.0 5.06639e-07 0.0 0.0 0.0 0.0 0.0 0.00324616 0.0 0.0 0.0 0.0 0.0 0.0 0.0 0.0 0.0 0.652322 7.24196e-06 1.60933e-06 0.0 0.0
0.0 0.0 0.0 0.0 0.0 3.8743e-06 0.0 0.0 0.0 0.0 0.0 0.0 0.0 0.0 0.0 0.0 0.0 0.0 0.0 0.999955 0.0 0.0 0.0 0.0 0.0 0.0 0.0 0.0 0.0 0.0 0.0 0.0 0.0 0.0 0.0 0.0 0.0 0.0 0.0 0.00178304 0.0 0.0 0.0 0.0 0.0 0.0 0.0 0.0652266 0.0 0.0 0.0 0.0 0.0 0.0 0.0 0.0 0.0 0.0 0.0 0.0 0.0 0.0 0.0 0.0
0.0 0.0 0.0 2.44677e-05 0.00660878 0.0 0.0 0.0 0.0 0.0 0.0181541 0.0 0.999951 0.0 0.0 4.47035e-07 0.0 1.66893e-05 0.0 0.0 0.0 0.0 0.0 0.0 0.0 0.0 0.0 0.0 0.0 0.000744045 0.0 0.00648528 0.0 0.0 0.434345 0.0 0.0 0.0 0.00221986 0.0 0.0 0.0 0.0 0.000110745 0.0 0.0 0.0 0.0 0.0 1.0252e-05 0.0 0.0 0.0 0.0 0.0 0.0 0.0 0.0 0.0 0.360412 5.06639e-07 2.98023e-08 0.0 0.0
0.0 0.0 0.0 0.0 0.0 0.0 0.0 0.159848 0.0 0.0146632 0.0 0.0 0.0 0.0 2.58982e-05 0.0 0.0 0.0 0.0 0.0 0.0 0.0 0.0 0.106241 0.0 0.0 0.0 0.0 0.0 0.0 2.68221e-07 0.0 0.999926 0.0 0.0 0.0 0.0 0.000683248 0.0 0.0 0.0 0.0 0.0 0.0 0.0 0.0 0.0 0.0 0.0 0.0 0.0 0.0 1.5825e-05 0.0 0.000176489 0.0 0.121687 0.0 0.0 0.0 0.0 0.0 0.0 0.0
0.0 0.0 0.0 0.0 0.0 0.0 0.0 0.0 3.27826e-06 0.0 0.0 0.0 0.0 0.0 0.0 0.0 0.0 0.0 0.0 0.0 0.0 0.0 0.0 0.0 0.0 0.0 0.0 0.0 6.73532e-06 0.0 6.25551e-05 0.0 0.0 0.0 0.0 0.0 0.0 2.38419e-07 0.0 0.0 0.0 0.0 0.0 0.0 0.0 0.0 0.0 0.0 0.0 0.0 0.0 0.0 0.0 4.61936e-06 0.0 0.0 0.0 0.0 0.956641 0.0 0.0 0.0 0.0 0.0
0.0 0.0 0.0 0.0 0.0 0.000315726 0.0 0.0 1.0 0.0 0.0 0.0 0.0 0.0 8.49366e-06 0.0 0.0 0.0 0.0 0.0 0.0 0.0 0.0 0.0 0.0 0.0 0.0 0.0 6.94394e-05 0.0 0.946608 0.0 0.0 0.0 0.0 0.0 0.0 0.0 0.0 0.0 0.0 2.23517e-06 0.0 0.0 0.0 0.0 0.0 0.0 0.0 0.0 0.0 0.0 0.0 4.72963e-05 0.0 0.0 0.0 0.0 2.18153e-05 0.0 0.0 0.0 0.0 0.0
0.0 0.0 0.0 0.0 0.0 0.0 2.68221e-07 0.0 0.0 0.0 0.0 0.0 0.0 0.0 0.0 0.0 0.0 0.0 0.0 0.0 0.0 0.0 0.0 0.0 0.0 0.0 0.0 0.0 0.0 0.0 0.0 0.0 0.0 0.0 0.0 0.000361919 0.0 0.0 0.0 0.0 0.0 0.0 0.0 0.0 0.0 0.0 0.0 0.0 0.0 0.0 0.0 0.0 0.0 0.0 0.0 0.0 0.0 0.0 0.0 0.0 0.0 0.0 0.0 0.0
0.0 0.0 0.0 0.0 0.0 8.9407e-08 0.0 0.524542 0.0 7.08699e-05 0.0 0.0 0.0 0.0 8.49366e-06 0.0 0.0 0.0 0.0 0.0 0.0 0.0 0.0 0.992316 0.0 0.0 0.0 0.0 0.0 0.0 2.89083e-06 0.0 0.051466 0.0 0.0 0.0 0.0 1.78814e-07 0.0 0.0 0.0 0.0 0.0 0.0 0.0 0.0 0.0 0.0 0.0 0.0 0.0 0.0 0.0 0.0 0.00173986 0.0 0.175335 0.0 0.0 0.0 0.0 0.0 0.0 0.0
0.0 0.0 0.0 0.0 0.0 0.0 0.0 0.242925 0.0 0.00404909 0.0 0.0 0.0 0.0 2.68221e-07 0.0 0.0 0.0 0.0 0.0 0.0 0.0 0.0 0.0418481 0.0 0.0 0.0 0.0 0.0 0.0 0.0 0.0 0.698295 0.0 0.0 0.0 0.0 0.000130445 0.0 0.0 0.0 0.0 0.0 0.0 0.0 0.0 0.0 0.0 0.0 0.0 0.0 0.0 0.0 0.0 7.81417e-05 0.0 0.980198 0.0 0.0 0.0 0.0 0.0 0.0 0.0
0.0 0.0 0.0 2.68221e-07 0.0 7.51019e-05 0.0 0.0 0.0 0.0 0.0 0.0 0.0 0.000712216 0.0 0.0 0.0 0.0 0.0 0.0 8.9407e-08 0.97529 0.0 0.0 0.000892311 8.22544e-06 0.999959 0.0154095 0.0 0.0 0.0 0.0 0.0 0.0 0.0 0.0 0.0 0.0 0.0 0.0 0.0 0.0 0.0 0.0 0.0 0.0 0.0 0.0 0.0 8.37445e-06 0.0 0.0 0.0 0.0 0.0 0.0 0.0 4.47035e-07 0.0 3.27826e-07 5.96046e-08 0.0 0.0 0.0286071
0.0 0.0 0.0 0.0039618 9.58741e-05 0.0 0.0 0.0 0.0 0.0 0.0 0.0 5.96046e-08 1.19209e-07 0.0 0.0 0.0 0.000699818 0.0 0.0 0.0 0.0 0.0 0.0 0.0 0.0 0.0 0.0 0.0 0.000204206 0.0 0.00732413 0.0 0.0 0.000290602 0.0 0.0 0.0 1.07288e-06 0.0 0.0 0.0 0.0 1.40071e-06 0.0 0.0 0.0 0.0 0.0 2.98023e-06 0.0 0.0 0.0 0.0 0.0 0.0 0.0 0.0 0.0 0.00335559 3.57628e-07 0.0499839 0.0 0.0
0.0 0.0 0.0 1.19209e-07 0.0 0.0 0.0 0.0 0.0 0.0 0.0 0.0 0.0 0.0192201 0.0 0.0 0.0 0.0 0.0 0.0 0.0 0.789085 0.0 0.0 1.19209e-07 0.0 0.00725296 0.991456 0.0 0.0 0.0 0.0 0.0 0.0 0.0 0.0 0.0 0.0 0.0 0.0 0.0 0.0 0.0 0.0 0.0 0.0 0.0 0.0 0.0 2.68221e-07 0.0 0.0 0.0 0.0 0.0 0.0 0.0 0.0 0.0 0.0 0.0 0.0 0.0 0.000911325
0.0 0.0 0.0 0.0 0.0 0.0 0.0 0.0 0.0 0.0 0.0 0.0 0.0 0.0 0.0 0.0 0.0 0.0 0.0 0.0 0.0 0.0 0.0 0.0 0.0 0.0 0.0 0.0 0.0 0.0 0.0 0.0 0.0 0.0 0.0 0.0 0.999646 0.0 0.0 0.0 0.0 0.0 0.0 0.0 0.0102971 0.0 0.0 0.0 0.0 0.0 0.0 0.0 0.0 0.0 0.0 0.0 0.0 0.0 0.0 0.0 0.0 0.0 0.0 0.0
0.0 0.0 0.0 0.000203252 0.193212 0.0 0.0 0.0 0.0 0.0 7.90954e-05 0.0 0.0171958 0.0 0.0 5.96046e-08 0.0 2.23517e-05 0.0 0.0 0.0 0.0 0.0 0.0 0.0 0.0 0.0 0.0 0.0 8.46684e-05 0.0 0.0041416 0.0 0.0 0.00329962 0.0 0.0 0.0 0.000103354 0.0 0.0 0.0 0.0 1.65701e-05 0.0 0.0 0.0 0.0 0.0 2.08616e-07 0.0 0.0 0.0 0.0 0.0 0.0 0.0 0.0 0.0 0.00215551 0.0 0.000152349 0.0 0.0
0.0 0.0 0.0 0.0 0.0 0.0 0.0 0.0 0.0 0.0 1.40071e-06 0.0 0.0 0.0 0.0 0.999709 0.0 0.0 1.19209e-07 0.0 0.0 0.0 0.0 0.0 0.0 0.0 0.0 0.0 0.0 0.0 0.0 1.19209e-07 0.0 0.0 1.49012e-07 0.0 0.0 0.0 2.38419e-07 0.0 0.0 0.0 0.0 1.49012e-07 0.0 0.0 0.0 0.0 0.0 0.0 0.0 0.0 0.0 0.0 0.0 0.0 0.0 0.0 0.0 0.0 0.0 0.0 0.0 0.0
52 31 3 63 24 49 34 46 32 47 61 15 2 29 38 42 0 10 36 39 50 17 43 18 37 54 44 14 19 33 11 1 28 8 41 30 25 13 60 40 16 53 22 55 35 57 27 51 21 58 45 48 5 56 7 12 59 26 20 6 9 23 62 4
