8
0.0 0.0 0.0 0.0 0.0 0.0 0.0 0.0 0.0 0.0 0.0 0.0 0.0 0.0 0.0 0.0 0.0 0.0 0.0 0.0 0.0 0.0 0.0 0.0 0.0 0.0 0.0 0.0 0.0 0.0 0.0 0.0 0.0 0.0 0.0 0.0 0.0 0.0 0.999999 0.0 0.0 1.78814e-07 0.0 0.0 0.0 0.0 0.0 0.0 0.0 0.0 0.0 0.0 0.0 0.0 0.0 0.0 0.0 0.0 0.0 0.0 0.0 0.0 0.0 0.0
0.0 0.0 0.000245899 0.0 0.0 0.942861 0.223484 0.91293 0.817031 0.000768423 1.19209e-07 0.0 0.0 0.0 0.973182 0.0 1.19209e-06 0.0325983 0.0 0.0 0.0 0.0 0.0 0.0 3.01003e-06 0.691122 5.81145e-06 0.0187508 0.0 0.273443 0.685831 0.0 0.0 0.0 0.0195925 0.0 1.19209e-07 0.0 0.0 0.0 0.00352979 9.0301e-06 5.66244e-06 0.0 0.0 0.980834 1.19209e-07 0.0 0.0530368 0.0 0.106814 0.0 0.0 0.0 0.81063 0.0 0.0 0.0 0.0 0.0 0.0 0.0979926 0.963537 0.0
0.0 0.0 0.0 0.0 0.0 0.285597 9.20892e-06 0.780483 0.968675 5.96046e-08 0.00173759 0.0 0.0 0.0 0.178265 0.0 0.0209353 4.47035e-07 4.55379e-05 0.0 0.0 0.0 0.0 0.0 0.0 0.929873 0.0643809 0.800281 0.0 0.980992 0.000242233 0.000178516 0.0 0.0 4.47035e-07 0.0 0.000564694 1.45137e-05 0.0 0.0 3.62098e-05 1.10567e-05 0.0 0.0 0.0 0.471684 0.0 0.0 8.04663e-07 0.0 0.985686 0.0002864 0.0 0.0 0.91376 0.0 0.0 0.0 0.0 0.0 0.0 0.941109 0.0983448 0.0
0.0 0.0 0.0 0.0 0.0 0.0 0.0 0.0 3.57628e-07 0.0 0.990372 0.0 0.0 0.537539 0.0 0.0 0.185308 0.0 0.373915 0.0 0.290776 0.0 0.0 0.0 0.0 1.10269e-06 0.140288 0.000353396 0.0 7.12276e-06 0.0 0.94076 0.0 0.0 0.0 0.0 0.986358 0.976225 0.0 0.0 0.0 1.19209e-07 0.0 0.0 0.0 0.0 0.0 2.98023e-08 0.0 0.0 5.16772e-05 0.830966 0.0 0.0 1.78814e-07 0.0 0.0 0.0 0.394989 0.0 0.0 2.39611e-05 0.0 0.0
0.0 0.0 0.0 0.0 0.0 3.48687e-05 0.0 0.000235945 0.0069482 0.0 0.984369 0.0 0.0 7.26283e-05 3.45707e-06 0.0 0.75101 0.0 0.271061 0.0 1.61231e-05 0.0 0.0 0.0 0.0 0.0205576 0.974501 0.720977 0.0 0.077465 0.0 0.954386 0.0 0.0 0.0 0.0 0.986026 0.836432 0.0 0.0 2.68221e-06 1.3113e-06 0.0 0.0 0.0 1.40369e-05 0.0 1.49012e-07 0.0 0.0 0.319575 0.963759 0.0 0.0 0.00271311 0.0 0.0 0.0 0.000185549 0.0 0.0 0.23057 8.9407e-07 0.0
0.0 0.0347444 0.972028 0.0 0.0 0.00287649 0.925746 9.83179e-05 7.53999e-06 0.879141 0.0 0.0 0.0 0.0 0.00906619 0.0 0.0 0.976133 0.0 0.0 0.0 0.0 0.0 0.0 0.746096 3.12924e-06 0.0 2.98023e-08 0.0 3.27826e-07 0.759083 0.0 0.0 0.0 0.958564 0.0 0.0 0.0 0.0 0.0 9.22382e-05 3.21865e-06 1.57058e-05 0.0 0.0133553 0.00422409 0.121298 0.0 0.897512 0.0 1.19209e-07 0.0 0.0 0.0 1.4782e-05 0.0 0.0 0.0 0.0 0.0 0.0 8.9407e-08 0.0242344 0.0
0.0 0.0 0.0 0.0 0.0 0.768065 4.28855e-05 0.931683 0.978213 8.9407e-08 0.000280112 0.0 0.0 0.0 0.570999 0.0 0.00240919 2.11596e-06 1.51992e-05 0.0 0.0 0.0 0.0 0.0 0.0 0.964822 0.0162373 0.903653 0.0 0.969437 0.000955522 2.68519e-05 0.0 0.0 2.02656e-06 0.0 8.85725e-05 2.23517e-06 0.0 0.0 0.000723958 1.00732e-05 0.0 0.0 0.0 0.807544 0.0 0.0 4.50015e-06 0.0 0.969181 4.91142e-05 0.0 0.0 0.962573 0.0 0.0 0.0 0.0 0.0 0.0 0.96359 0.25272 0.0
0.0 0.0 0.0 0.0 0.0 0.0 0.0 0.0 0.0 0.0 0.0 0.999945 0.0 0.0 0.0 0.0 0.0 0.0 0.0 0.0 0.0 0.0 0.0 0.0 0.0 0.0 0.0 0.0 0.0 0.0 0.0 0.0 0.0 0.0 0.0 0.0 0.0 0.0 0.0 0.0 0.0 0.0 0.0 0.0 0.0 0.0 0.0 0.0 0.0 0.0 0.0 0.0 0.0 0.0 0.0 0.0 0.0 0.0 0.0 0.0 0.0 0.0 0.0 0.0
0.0 0.0 0.0 0.0 0.0 0.0 0.0 0.0 0.0 0.0 8.9407e-08 0.0 0.0 0.0 0.0 0.0 0.0 0.0 0.0 0.0 2.08616e-07 0.0 0.0 0.0 0.0 0.0 0.0 0.0 0.0 0.0 0.0 0.0 0.0 0.0 0.0 0.0 5.96046e-08 8.9407e-08 0.0 0.0 0.0 0.0 0.0 0.0 0.0 0.0 0.0 0.999417 0.0 0.0 0.0 0.0 0.0 0.0 0.0 0.0 0.0 0.0 0.0 0.0 0.0 0.0 0.0 0.0
0.0 6.06179e-05 0.316166 0.0 0.0 0.523524 0.958559 0.0845292 0.00640944 0.313327 0.0 0.0 0.0 0.0 0.842737 0.0 0.0 0.909375 0.0 0.0 0.0 0.0 0.0 0.0 0.00646162 0.0032137 0.0 1.49608e-05 0.0 0.000299126 0.965363 0.0 0.0 0.0 0.637728 0.0 0.0 0.0 0.0 0.0 0.00688538 1.74642e-05 0.00011 0.0 2.10106e-05 0.754732 0.000333667 0.0 0.910919 0.0 0.000107497 0.0 0.0 0.0 0.0139939 0.0 0.0 0.0 0.0 0.0 0.0 7.91252e-05 0.889981 0.0
0.0 0.0 0.0 0.0 0.0 0.0 0.0 0.0 0.0 0.0 0.0 0.0 0.0 0.0 0.0 0.0 0.0 0.0 0.0 0.0 0.0 0.0 0.0 0.0 0.0 0.0 0.0 0.0 0.0 0.0 0.0 0.0 0.0 0.0 0.0 0.0 0.0 0.0 0.0 0.0 0.0 0.0 0.0 2.26498e-06 0.0 0.0 0.0 0.0 0.0 0.0 0.0 0.0 0.0 0.0 0.0 0.0 0.0 0.0 0.0 0.0 0.998021 0.0 0.0 0.818706
1.28448e-05 0.0 0.0 0.0 0.0 0.0 0.0 0.0 0.0 0.0 0.0 0.0 0.0 0.0 0.0 0.0 0.0 0.0 0.0 0.0 0.0 0.0 0.0 1.02222e-05 0.0 0.0 0.0 0.0 0.0 0.0 0.0 0.0 0.0 0.0 0.0 0.0 0.0 0.0 0.0 0.0 0.0 0.0 0.0 0.0 0.0 0.0 0.0 0.0 0.0 0.0 0.0 0.0 0.99999 7.24196e-06 0.0 0.0 0.0 0.0 0.0 0.0 0.0 0.0 0.0 0.0
0.0 0.0 4.38094e-06 0.0 0.0 0.975502 0.0123804 0.975058 0.949788 2.14875e-05 1.84774e-06 0.0 0.0 0.0 0.963479 0.0 2.10404e-05 0.000666469 1.78814e-07 0.0 0.0 0.0 0.0 0.0 8.9407e-08 0.951216 9.96888e-05 0.282533 0.0 0.734531 0.108647 8.9407e-08 0.0 0.0 0.000397414 0.0 5.06639e-07 0.0 0.0 0.0 0.0379059 6.73532e-06 5.126e-06 0.0 0.0 0.972473 0.0 0.0 0.00156751 0.0 0.563776 2.98023e-07 0.0 0.0 0.975261 0.0 0.0 0.0 0.0 0.0 0.0 0.653266 0.899288 0.0
0.0 0.811196 0.890784 0.0 0.0 2.68221e-07 0.00893471 0.0 0.0 0.420345 0.0 0.0 0.0 0.0 9.23872e-07 0.0 0.0 0.0854768 0.0 0.0 0.0 0.0 0.0 0.0 0.975218 0.0 0.0 0.0 0.0 0.0 0.000578731 0.0 0.0 0.0 0.194714 0.0 0.0 0.0 0.0 0.0 5.96046e-08 2.08616e-07 4.76837e-07 0.0 0.611941 4.47035e-07 0.823229 0.0 0.015826 0.0 0.0 0.0 0.0 0.0 0.0 0.0 0.0 0.0 0.0 0.0 0.0 0.0 3.03984e-06 0.0
0.0 0.959802 0.0777935 0.0 0.0 0.0 3.66271e-05 0.0 0.0 0.0864507 0.0 0.0 7.95722e-06 0.0 0.0 0.0 0.0 0.000340164 0.0 0.0 0.0 0.0 0.0 0.0 0.976439 0.0 0.0 0.0 0.0 0.0 1.57952e-06 0.0 0.0 0.0 0.000685036 0.0 0.0 0.0 0.0 0.0 0.0 5.96046e-08 2.86102e-06 0.0 0.95086 0.0 0.974856 0.0 0.000131577 0.0 0.0 0.0 0.0 0.0 0.0 0.0 0.0 0.0 0.0 0.0 0.0 0.0 0.0 0.0
0.0 0.0 0.0 0.0 2.98023e-08 0.0 0.0 0.0 0.0 0.0 0.0 2.55406e-05 0.0 0.0 0.0 3.70443e-05 0.0 0.0 0.0 0.0 0.0 0.0 0.0 0.0 0.0 0.0 0.0 0.0 0.999884 0.0 0.0 0.0 0.00261763 0.0 0.0 0.0 0.0 0.0 0.0 1.49012e-07 0.0 0.0 0.0 0.0 0.0 0.0 0.0 0.0 0.0 0.0 0.0 0.0 0.0 0.0 0.0 0.00130945 0.0 0.00845143 0.0 0.0 0.0 0.0 0.0 0.0
0.0 0.0 0.0 0.0 0.0 0.0 0.0 0.0 0.0 0.0 0.0 0.0 0.0 0.0 0.0 0.0 0.0 0.0 0.0 0.0 0.0 0.0 0.0 2.08616e-07 0.0 0.0 0.0 0.0 0.0 0.0 0.0 0.0 0.0 0.0 0.0 0.0 0.0 0.0 0.0 0.0 0.0 0.0 0.0 0.0 0.0 0.0 0.0 0.0 0.0 0.0 0.0 0.0 0.0 0.0 0.0 0.0 0.991233 0.0 0.0 0.0 0.0 0.0 0.0 0.0
0.0 0.0 0.0 0.0 0.0 7.89762e-06 0.0 8.95858e-05 0.0029428 0.0 0.92504 0.0 0.0 3.42429e-05 1.46031e-06 0.0 0.96127 0.0 0.0113657 0.0 8.79169e-06 0.0 0.0 0.0 0.0 0.00563046 0.61255 0.15174 0.0 0.0377257 0.0 0.770089 0.0 0.0 0.0 0.0 0.769581 0.552361 0.0 0.0 5.96046e-08 5.66244e-07 0.0 0.0 0.0 6.02007e-06 0.0 2.98023e-08 0.0 0.0 0.174383 0.54563 0.0 0.0 0.000968903 0.0 0.0 0.0 4.31836e-05 0.0 0.0 0.0466779 4.76837e-07 0.0
0.0 0.0 0.0 1.10269e-06 0.0 0.0 0.0 0.0 0.0 0.0 0.0 0.0 0.0 0.0 0.0 0.0 0.0 0.0 0.0 0.0 0.0 0.999997 0.0 0.0 0.0 0.0 0.0 0.0 0.0 0.0 0.0 0.0 0.0 0.0 0.0 0.0 0.0 0.0 0.0 0.0 0.0 0.0 0.0 0.0 0.0 0.0 0.0 0.0 0.0 0.0 0.0 0.0 0.0 0.0 0.0 0.0 0.0 0.0 0.0 0.0 0.0 0.0 0.0 0.0
0.0 0.0 0.0 0.0 0.0 0.0 0.0 0.0 0.0 0.0 0.0 0.0 0.0 0.0 0.0 0.0 0.0 0.0 0.0 0.0 0.0 0.0 0.00322905 0.0 0.0 0.0 0.0 0.0 0.0 0.0 0.0 0.0 0.0 0.0 0.0 0.0 0.0 0.0 0.0 0.0 0.0 0.0 0.0 0.0301714 0.0 0.0 0.0 0.0 0.0 0.993479 0.0 0.0 0.0 0.0 0.0 0.0 0.0 0.0 0.0 0.0 0.0 0.0 0.0 1.19209e-07
0.0 0.801292 0.553887 0.0 0.0 0.0 0.00088793 0.0 0.0 0.569148 0.0 0.0 1.78814e-07 0.0 1.19209e-07 0.0 0.0 0.00896618 0.0 0.0 0.0 0.0 0.0 0.0 0.975537 0.0 0.0 0.0 0.0 0.0 5.78463e-05 0.0 0.0 0.0 0.00868234 0.0 0.0 0.0 0.0 0.0 0.0 1.49012e-07 4.03523e-05 0.0 0.904453 0.0 0.963839 0.0 0.00174952 0.0 0.0 0.0 0.0 0.0 0.0 0.0 0.0 0.0 0.0 0.0 0.0 0.0 3.57628e-07 0.0
0.0 0.0 0.0 0.0 0.0 0.0 0.0 0.0 0.0 0.0 0.0 0.0 0.0 0.0 0.0 0.0 0.0 0.0 0.0 0.0 0.0 0.0 0.0 1.0 0.0 0.0 0.0 0.0 0.0 0.0 0.0 0.0 0.0 0.0 0.0 0.0 0.0 0.0 0.0 0.0 0.0 0.0 0.0 0.0 0.0 0.0 0.0 0.0 0.0 0.0 0.0 0.0 0.0 0.0 0.0 0.0 0.0 0.0 0.0 0.0 0.0 0.0 0.0 0.0
0.0 0.0 0.0 0.0 0.0 0.0 0.0 0.0 0.0 0.0 0.0 0.0 0.0 0.0 0.0 0.0 0.0 0.0 0.0 0.0 0.0 0.0 0.0 0.0 0.0 0.0 0.0 0.0 0.0 0.0 0.0 0.0 0.0 0.0 0.0 0.0 0.0 0.0 0.0 0.0 0.0 0.0 0.0 0.0 0.0 0.0 0.0 0.0 0.0 0.0 0.0 0.0 0.0 0.0 0.0 0.0 0.0 0.0 0.0 0.99967 0.0 0.0 0.0 0.0
0.0 0.0 0.0 0.0 0.0 0.0 0.0 0.0 0.0 0.0 0.0 0.0 0.0 0.0 0.0 0.0 0.0 0.0 0.0 0.0 0.0 0.0 0.513247 0.0 0.0 0.0 0.0 0.0 0.0 0.0 0.0 0.0 0.0 0.0 0.0 0.0 0.0 0.0 0.0 0.0 0.0 0.0 0.0 0.999999 0.0 0.0 0.0 0.0 0.0 0.99974 0.0 0.0 0.0 0.0 0.0 0.0 0.0 0.0 0.0 0.0 0.0132781 0.0 0.0 0.991456
0.0 0.000415415 0.695434 0.0 0.0 0.455294 0.971387 0.0311312 0.00186363 0.82991 0.0 0.0 0.0 0.0 0.715822 0.0 0.0 0.942332 0.0 0.0 0.0 0.0 0.0 0.0 0.0362168 0.00097838 0.0 4.05312e-06 0.0 8.44598e-05 0.951752 0.0 0.0 0.0 0.795356 0.0 0.0 0.0 0.0 0.0 0.00851145 1.38879e-05 0.000606596 0.0 0.000138015 0.526947 0.0021379 0.0 0.962178 0.0 2.92957e-05 0.0 0.0 0.0 0.00428951 0.0 0.0 0.0 0.0 0.0 0.0 2.25306e-05 0.825314 0.0
0.0 0.0 0.0 0.0 0.0 0.0 0.0 0.0 0.0 0.0 0.0 0.0 0.0 0.0 0.0 0.0 0.0 0.0 0.0 0.0 0.0 0.0 0.0 0.0 0.0 0.0 0.0 0.0 8.34465e-07 0.0 0.0 0.0 0.0 0.0 0.0 0.0 0.0 0.0 0.0 0.0 0.0 0.0 0.0 0.0 0.0 0.0 0.0 0.0 0.0 0.0 0.0 0.0 0.0 0.0 0.0 0.99898 0.0 0.0 0.0 0.0 0.0 0.0 0.0 0.0
0.0 0.89761 0.735284 0.0 0.0 0.0 0.0029878 0.0 0.0 0.777443 0.0 0.0 8.9407e-08 0.0 1.19209e-07 0.0 0.0 0.0266175 0.0 0.0 0.0 0.0 0.0 0.0 0.983008 0.0 0.0 0.0 0.0 0.0 0.000157803 0.0 0.0 0.0 0.0223778 0.0 0.0 0.0 0.0 0.0 8.9407e-08 3.57628e-07 8.01384e-05 0.0 0.937885 1.19209e-07 0.971894 0.0 0.00543022 0.0 0.0 0.0 0.0 0.0 0.0 0.0 0.0 0.0 0.0 0.0 0.0 0.0 7.15256e-07 0.0
0.0 4.16934e-05 0.247738 0.0 0.0 0.715917 0.969152 0.116939 0.0102641 0.336051 0.0 0.0 0.0 0.0 0.865162 0.0 0.0 0.893618 0.0 0.0 0.0 0.0 0.0 0.0 0.00369862 0.00495934 0.0 2.35438e-05 0.0 0.000488758 0.960626 0.0 0.0 0.0 0.658942 0.0 0.0 0.0 0.0 0.0 0.0152298 2.30074e-05 0.000111967 0.0 1.30534e-05 0.781264 0.000204921 0.0 0.920339 0.0 0.000163436 0.0 0.0 0.0 0.0214958 0.0 0.0 0.0 0.0 0.0 0.0 0.000122815 0.905283 0.0
0.0 0.0 0.0 0.0 0.0 0.0 0.0 0.0 0.0 0.0 0.051319 0.0 0.0 0.993281 0.0 0.0 5.54323e-05 0.0 0.00885224 0.0 0.973426 0.0 0.0 0.0 0.0 0.0 3.00109e-05 0.0 0.0 0.0 0.0 0.00599775 0.0 0.0 0.0 0.0 0.0738539 0.0303727 0.0 0.0 0.0 0.0 0.0 0.0 0.0 0.0 0.0 0.0 0.0 0.0 0.0 0.00209779 0.0 0.0 0.0 0.0 0.0 0.0 0.983714 0.0 0.0 0.0 0.0 0.0
0.0 0.0 0.0 0.0 0.0 0.0 0.0 0.0 0.0 0.0 0.0 0.0 0.0 0.0 0.0 1.72853e-06 0.0 0.0 0.0 0.995403 0.0 0.0 0.0 0.0 0.0 0.0 0.0 0.0 0.0 0.0 0.0 0.0 0.0 0.0 0.0 0.0 0.0 0.0 0.0 0.0 0.0 0.0 0.0 0.0 0.0 0.0 0.0 0.0 0.0 0.0 0.0 0.0 0.0 0.0 0.0 0.0 0.0 0.0 0.0 0.0 0.0 0.0 0.0 0.0
0.0 0.0 0.0 0.0 0.0 0.0870433 1.19209e-07 0.29164 0.876554 0.0 0.220417 0.0 0.0 0.0 0.0102778 0.0 0.325053 0.0 0.00649434 0.0 0.0 0.0 0.0 0.0 0.0 0.915717 0.864347 0.98672 0.0 0.967558 3.99351e-06 0.0319219 0.0 0.0 0.0 0.0 0.10336 0.00277126 0.0 0.0 0.000132293 6.10948e-06 0.0 0.0 0.0 0.0386359 0.0 2.98023e-08 5.96046e-08 0.0 0.985533 0.0498739 0.0 0.0 0.709935 0.0 0.0 0.0 1.19209e-07 0.0 0.0 0.981712 0.00290293 0.0
0.0 0.0 0.0 0.0 0.0 0.3026 1.74344e-05 0.0442806 0.0144692 5.96046e-08 0.000144184 0.0 0.0 0.0 0.0116381 0.0 7.98702e-06 3.8743e-07 1.68681e-05 0.0 0.0 0.0 0.0 0.0 0.0 0.131008 0.00356895 0.350441 0.0 0.00484157 2.21431e-05 3.32296e-05 0.0 0.0 1.19209e-07 0.0 0.000171274 5.24521e-06 0.0 0.0 0.835382 4.88758e-06 6.25849e-07 0.0 0.0 0.0191912 0.0 0.0 2.29478e-06 0.0 0.0107166 0.000116557 0.0 0.0 0.0922878 0.0 0.0 0.0 0.0 0.0 0.0 0.0592587 0.00116789 0.0
0.0 0.0 0.0 0.0 0.0 0.0 0.0 0.0 0.0 0.0 0.0 0.0 0.0 0.0 0.0 0.0 0.0 0.0 0.0 0.0 0.0 0.0 0.0 0.0 0.0 0.0 0.0 0.0 0.0 0.0 0.0 0.0 0.0 0.0 0.0 0.0 0.0 0.0 0.0 0.0 0.0 0.0 0.0 0.0779256 0.0 0.0 0.0 0.0 0.0 0.00019443 0.0 0.0 0.0 0.0 0.0 0.0 0.0 0.0 0.0 0.0 0.00884971 0.0 0.0 0.977202
0.0 0.0 6.55651e-07 0.0 0.0 0.602759 0.0005413 0.0618452 0.0114984 3.39746e-06 3.54648e-06 0.0 0.0 0.0 0.0900341 0.0 6.25849e-07 2.24411e-05 6.25849e-07 0.0 0.0 0.0 0.0 0.0 0.0 0.071352 7.37906e-05 0.0338839 0.0 0.00187552 0.000604868 5.06639e-07 0.0 0.0 5.90086e-06 0.0 4.26173e-06 1.78814e-07 0.0 0.0 0.959458 3.63588e-06 2.31266e-05 0.0 0.0 0.0633381 0.0 0.0 0.000131071 0.0 0.00282806 2.32458e-06 0.0 0.0 0.0697303 0.0 0.0 0.0 0.0 0.0 0.0 0.0156527 0.0180906 0.0
0.0 0.0 1.78814e-07 0.0 0.0 0.702093 0.000156969 0.865072 0.97231 2.08616e-07 8.4132e-05 0.0 0.0 0.0 0.664431 0.0 0.000735521 9.11951e-06 4.23193e-06 0.0 0.0 0.0 0.0 0.0 0.0 0.948833 0.00421178 0.669602 0.0 0.948869 0.00421697 7.7188e-06 0.0 0.0 8.67248e-06 0.0 2.61068e-05 5.66244e-07 0.0 0.0 0.000207722 2.86102e-06 0.0 0.0 0.0 0.798379 0.0 0.0 1.43647e-05 0.0 0.948413 1.45435e-05 0.0 0.0 0.931816 0.0 0.0 0.0 0.0 0.0 0.0 0.89998 0.324135 0.0
0.0 1.2815e-06 9.80496e-06 0.0 0.0 0.0001674 0.000135988 7.62939e-06 6.55651e-07 0.00215504 0.0 0.0 0.0 0.0 3.76999e-05 0.0 0.0 2.17259e-05 0.0 0.0 0.0 0.0 0.0 0.0 2.37823e-05 5.96046e-07 0.0 0.0 0.0 0.0 5.39422e-06 0.0 0.0 0.0 3.8743e-07 0.0 0.0 0.0 0.0 0.0 0.00152797 1.78814e-07 0.943582 0.0 2.58982e-05 1.65701e-05 0.000112444 0.0 0.000290424 0.0 2.98023e-08 0.0 0.0 0.0 2.20537e-06 0.0 0.0 0.0 0.0 0.0 0.0 0.0 2.72691e-05 0.0
0.0 0.00127193 0.711012 0.0 0.0 0.0276623 0.885009 0.00424647 0.00034377 0.325913 0.0 0.0 0.0 0.0 0.217681 0.0 0.0 0.948133 0.0 0.0 0.0 0.0 0.0 0.0 0.091768 0.000166863 0.0 7.15256e-07 0.0 1.72257e-05 0.942458 0.0 0.0 0.0 0.957115 0.0 0.0 0.0 0.0 0.0 7.236e-05 6.97374e-06 1.3113e-06 0.0 0.000372916 0.162729 0.003025 0.0 0.735654 0.0 7.15256e-06 0.0 0.0 0.0 0.00067839 0.0 0.0 0.0 0.0 0.0 0.0 4.50015e-06 0.488196 0.0
0.0 0.48545 0.981647 0.0 0.0 2.02358e-05 0.248626 7.7486e-07 8.9407e-08 0.938184 0.0 0.0 0.0 0.0 6.1512e-05 0.0 0.0 0.785696 0.0 0.0 0.0 0.0 0.0 0.0 0.980392 5.96046e-08 0.0 0.0 0.0 0.0 0.0296779 0.0 0.0 0.0 0.642058 0.0 0.0 0.0 0.0 0.0 2.02656e-06 5.06639e-07 2.0951e-05 0.0 0.386346 2.89083e-05 0.786275 0.0 0.370419 0.0 0.0 0.0 0.0 0.0 1.49012e-07 0.0 0.0 0.0 0.0 0.0 0.0 0.0 0.000185281 0.0
0.0 0.0 0.0 0.0 0.0 0.0 0.0 0.0 0.0 0.0 0.0 0.0 0.0 0.0 0.0 3.78191e-05 0.0 0.0 0.0 0.0 0.0 0.0 0.0 0.0 0.0 0.0 0.0 0.0 1.2219e-06 0.0 0.0 0.0 8.9407e-08 0.0 0.0 0.0 0.0 0.0 0.0 7.11977e-05 0.0 0.0 0.0 0.0 0.0 0.0 0.0 0.0 0.0 0.0 0.0 0.0 0.0 0.0 0.0 0.0 0.0 0.998625 0.0 0.0 0.0 0.0 0.0 0.0
0.0 0.0 0.0 0.0 0.0 0.0 0.0 0.0 0.0 0.0 0.0 0.0 0.0 0.0 0.0 0.0 0.0 0.0 0.0 0.0 0.0 0.0 0.0 6.55651e-07 0.0 0.0 0.0 0.0 0.0 0.0 0.0 0.0 0.0 0.0 0.0 0.0 0.0 0.0 0.0 0.0 0.0 0.0 0.0 0.0 0.0 0.0 0.0 0.0 0.0 0.0 0.0 0.0 4.44353e-05 0.987437 0.0 0.0 0.0 0.0 0.0 0.0 0.0 0.0 0.0 0.0
0.0 2.98023e-08 0.0 0.0 0.0 0.0 0.0 0.0 0.0 0.0 0.0 0.0 0.975227 0.0 0.0 0.0 0.0 0.0 0.0 0.0 0.0 0.0 0.0 0.0 0.0 0.0 0.0 0.0 0.0 0.0 0.0 0.0 0.0 0.0 0.0 0.0 0.0 0.0 0.0 0.0 0.0 0.0 0.0 0.0 2.98023e-08 0.0 0.0 0.0 0.0 0.0 0.0 0.0 0.0 0.0 0.0 0.0 0.0 0.0 0.0 0.0 0.0 0.0 0.0 0.0
0.0 0.0 0.0 0.999575 0.0 0.0 0.0 0.0 0.0 0.0 0.0 0.0 0.0 0.0 0.0 0.0 0.0 0.0 0.0 0.0 0.0 2.23517e-06 0.0 1.54972e-06 0.0 0.0 0.0 0.0 0.0 0.0 0.0 0.0 0.0 0.432406 0.0 0.0 0.0 0.0 0.0 0.0 0.0 0.0 0.0 0.0 0.0 0.0 0.0 0.0 0.0 0.0 0.0 0.0 0.0 0.0 0.0 0.0 0.0 0.0 0.0 0.0 0.0 0.0 0.0 0.0
0.0 0.0 2.98023e-08 0.0 0.0 0.901003 0.00010246 0.955925 0.983519 2.08616e-07 0.000340104 0.0 0.0 0.0 0.754242 0.0 0.00271767 5.21541e-06 1.89543e-05 0.0 0.0 0.0 0.0 0.0 0.0 0.977406 0.0184939 0.924469 0.0 0.967194 0.00219625 3.24845e-05 0.0 0.0 4.52995e-06 0.0 0.000105441 2.74181e-06 0.0 0.0 0.00254023 6.67572e-06 1.78814e-07 0.0 0.0 0.89441 0.0 0.0 1.07884e-05 0.0 0.973646 6.08265e-05 0.0 0.0 0.977245 0.0 0.0 0.0 0.0 0.0 0.0 0.976731 0.424203 0.0
0.0 0.0 0.0 0.0 0.0 0.0 0.0 1.49012e-07 2.11596e-06 0.0 0.993302 0.0 0.0 0.130255 0.0 0.0 0.390311 0.0 0.231589 0.0 0.0436281 0.0 0.0 0.0 0.0 7.59959e-06 0.374313 0.00218704 0.0 4.5687e-05 0.0 0.965613 0.0 0.0 0.0 0.0 0.991498 0.982723 0.0 0.0 0.0 2.98023e-08 0.0 0.0 0.0 0.0 0.0 8.9407e-08 0.0 0.0 0.000334054 0.929203 0.0 0.0 9.83477e-07 0.0 0.0 0.0 0.0979587 0.0 0.0 0.000149161 0.0 0.0
0.0 0.0 6.25849e-07 0.0 0.0 0.936094 0.00204334 0.958837 0.969519 3.01003e-06 6.4075e-06 0.0 0.0 0.0 0.922535 0.0 7.44462e-05 0.000110209 3.57628e-07 0.0 0.0 0.0 0.0 0.0 0.0 0.948125 0.000377715 0.365238 0.0 0.869066 0.0357744 7.15256e-07 0.0 0.0 9.48906e-05 0.0 2.08616e-06 5.96046e-08 0.0 0.0 0.00299346 5.69224e-06 3.57628e-07 0.0 0.0 0.956021 0.0 0.0 0.000232905 0.0 0.793985 1.2517e-06 0.0 0.0 0.962523 0.0 0.0 0.0 0.0 0.0 0.0 0.824897 0.798174 0.0
0.0 0.0 0.0 0.0 0.0 0.0 0.0 5.96046e-08 2.5034e-06 0.0 0.980274 0.0 0.0 0.532673 0.0 0.0 0.397123 0.0 0.592536 0.0 0.461764 0.0 0.0 0.0 0.0 7.12276e-06 0.173951 0.00117227 0.0 5.01573e-05 0.0 0.892344 0.0 0.0 0.0 0.0 0.96244 0.901249 0.0 0.0 0.0 1.60635e-05 0.0 0.0 0.0 0.0 0.0 8.9407e-08 0.0 0.0 0.000327706 0.707734 0.0 0.0 1.10269e-06 0.0 0.0 0.0 0.467024 0.0 0.0 0.000144452 0.0 0.0
0.0 0.000155479 0.554259 0.0 0.0 0.0843436 0.909887 0.0148075 0.00136474 0.311448 0.0 0.0 0.0 0.0 0.469505 0.0 0.0 0.941478 0.0 0.0 0.0 0.0 0.0 0.0 0.0154519 0.000617445 0.0 3.01003e-06 0.0 6.60419e-05 0.957831 0.0 0.0 0.0 0.905106 0.0 0.0 0.0 0.0 0.0 0.0001899 5.78165e-06 3.93391e-06 0.0 4.86076e-05 0.326349 0.000646353 0.0 0.843269 0.0 2.73883e-05 0.0 0.0 0.0 0.00256163 0.0 0.0 0.0 0.0 0.0 0.0 1.64807e-05 0.7797 0.0
0.0 0.0 0.0 0.0 0.0 0.0 0.0 0.0 0.0 0.0 0.0 0.0 0.0 0.0 0.0 0.0 0.0 0.0 0.0 0.0 0.0 0.0 0.998955 0.0 0.0 0.0 0.0 0.0 0.0 0.0 0.0 0.0 0.0 0.0 0.0 0.0 0.0 0.0 0.0 0.0 0.0 0.0 0.0 7.31945e-05 0.0 0.0 0.0 0.0 0.0 0.0434685 0.0 0.0 0.0 0.0 0.0 0.0 0.0 0.0 0.0 0.0 0.0 0.0 0.0 0.0
0.0 0.0 0.0 0.0 0.0 0.0238698 0.0 0.0961469 0.737283 0.0 0.211765 0.0 0.0 0.0 0.00206274 0.0 0.466735 0.0 0.00313368 0.0 0.0 0.0 0.0 0.0 0.0 0.71063 0.814269 0.947127 0.0 0.936296 7.15256e-07 0.0373752 0.0 0.0 0.0 0.0 0.110463 0.00347465 0.0 0.0 2.95639e-05 6.28829e-06 0.0 0.0 0.0 0.00951079 0.0 0.0 0.0 0.0 0.980396 0.0506538 0.0 0.0 0.46366 0.0 0.0 0.0 1.19209e-07 0.0 0.0 0.942849 0.000732541 0.0
0.0 0.0 0.0 0.0 0.0 0.0 0.0 0.0 0.0 0.0 0.0 0.0 0.0 0.0 0.0 0.0 0.0 0.0 0.0 0.0 0.0 0.0 0.0 0.0 0.0 0.0 0.0 0.0 6.85453e-07 0.0 0.0 0.0 0.0 0.0 0.0 0.0 0.0 0.0 0.0 0.999254 0.0 0.0 0.0 0.0 0.0 0.0 0.0 0.0 0.0 0.0 0.0 0.0 0.0 0.0 0.0 0.0 0.0 0.00122252 0.0 0.0 0.0 0.0 0.0 0.0
0.0 0.0 0.0 0.0 2.5034e-06 0.0 0.0 0.0 0.0 0.0 0.0 6.25849e-07 0.0 0.0 0.0 0.0 0.0 0.0 0.0 0.0 0.0 0.0 0.0 0.0 0.0 0.0 0.0 0.0 1.29938e-05 0.0 0.0 0.0 0.99948 0.0 0.0 0.0 0.0 0.0 0.0 0.0 0.0 0.0 0.0 0.0 0.0 0.0 0.0 0.0 0.0 0.0 0.0 0.0 0.0 0.0 0.0 0.0 0.0 7.7486e-07 0.0 0.0 0.0 0.0 0.0 0.0
0.0 0.632324 0.966674 0.0 0.0 3.8743e-06 0.159464 1.19209e-07 0.0 0.909497 0.0 0.0 0.0 0.0 1.05202e-05 0.0 0.0 0.585059 0.0 0.0 0.0 0.0 0.0 0.0 0.975926 0.0 0.0 0.0 0.0 0.0 0.00808635 0.0 0.0 0.0 0.351538 0.0 0.0 0.0 0.0 0.0 1.46031e-06 1.19209e-06 0.000112742 0.0 0.728357 5.24521e-06 0.898003 0.0 0.195584 0.0 0.0 0.0 0.0 0.0 0.0 0.0 0.0 0.0 0.0 0.0 0.0 0.0 3.23057e-05 0.0
0.0 0.0 0.0 0.0 0.0 0.0 0.0 0.0 0.0 0.0 2.20537e-06 0.0 0.0 4.47035e-05 0.0 5.96046e-08 0.0 0.0 9.26852e-06 0.00170234 0.000626773 0.0 0.0 0.0152405 0.0 0.0 0.0 0.0 0.0 0.0 0.0 5.96046e-08 0.0 0.0 0.0 0.0 2.08616e-07 2.98023e-07 0.506357 0.0 0.0 1.0 0.0 0.0 0.0 0.0 0.0 2.92063e-06 0.0 0.0 0.0 0.0 0.0 0.0 0.0 0.0 0.0 0.0 1.5676e-05 0.0 0.0 0.0 0.0 0.0
0.0 0.0 0.0 0.0 0.0 0.143436 1.19209e-07 0.299363 0.863106 0.0 0.0725816 0.0 0.0 0.0 0.0105153 0.0 0.081398 0.0 0.00268275 0.0 0.0 0.0 0.0 0.0 0.0 0.929894 0.731129 0.978201 0.0 0.930044 3.45707e-06 0.00897479 0.0 0.0 0.0 0.0 0.0309766 0.000807554 0.0 0.0 0.000557482 1.43051e-06 0.0 0.0 0.0 0.0339223 0.0 8.9407e-08 0.0 0.0 0.976599 0.0160383 0.0 0.0 0.786232 0.0 0.0 0.0 0.0 0.0 0.0 0.970341 0.0030944 0.0
0.0 0.901496 0.0036678 0.0 0.0 0.0 2.6226e-06 0.0 0.0 0.0049192 0.0 0.0 3.87132e-05 0.0 0.0 0.0 0.0 2.85208e-05 0.0 0.0 0.0 0.0 0.0 0.0 0.821434 0.0 0.0 0.0 0.0 0.0 2.08616e-07 0.0 0.0 0.0 4.30942e-05 0.0 0.0 0.0 0.0 0.0 0.0 0.0 6.25849e-07 0.0 0.83118 0.0 0.904196 0.0 1.00434e-05 0.0 0.0 0.0 0.0 0.0 0.0 0.0 0.0 0.0 0.0 0.0 0.0 0.0 0.0 0.0
0.999936 0.0 0.0 0.0 0.0 0.0 0.0 0.0 0.0 0.0 0.0 0.0 0.0 0.0 0.0 0.0 0.0 0.0 0.0 0.0 0.0 0.0 0.0 0.0 0.0 0.0 0.0 0.0 0.0 0.0 0.0 0.0 0.0 0.0 0.0 0.0 0.0 0.0 0.0 0.0 0.0 0.0 0.0 0.0 0.0 0.0 0.0 0.0 0.0 0.0 0.0 0.0 5.96046e-08 5.96046e-08 0.0 0.0 0.0 0.0 0.0 0.0 0.0 0.0 0.0 0.0
0.0 0.0 0.0 0.975105 0.0 0.0 0.0 0.0 0.0 0.0 0.0 0.0 0.0 0.0 0.0 0.0 0.0 0.0 0.0 0.0 0.0 0.0 0.0 0.0 0.0 0.0 0.0 0.0 0.0 0.0 0.0 0.0 0.0 0.994883 0.0 0.0 0.0 0.0 0.0 0.0 0.0 0.0 0.0 0.0 0.0 0.0 0.0 0.0 0.0 0.0 0.0 0.0 0.0 0.0 0.0 0.0 0.0 0.0 0.0 0.0 0.0 0.0 0.0 0.0
0.0 0.0 0.0 0.0 0.0 2.98023e-08 0.0 6.25849e-07 1.63615e-05 0.0 0.9967 0.0 0.0 0.0425209 0.0 0.0 0.71672 0.0 0.530263 0.0 0.0104029 0.0 0.0 0.0 0.0 5.58496e-05 0.742427 0.0139829 0.0 0.000326246 0.0 0.984161 0.0 0.0 0.0 0.0 0.994544 0.984355 0.0 0.0 0.0 3.57628e-07 0.0 0.0 0.0 0.0 0.0 2.98023e-08 0.0 0.0 0.00251263 0.972685 0.0 0.0 7.21216e-06 0.0 0.0 0.0 0.062877 0.0 0.0 0.00110212 0.0 0.0
0.0 0.0 0.0 0.0 0.0 0.0 0.0 0.0 3.57628e-07 0.0 0.99648 0.0 0.0 0.346288 0.0 0.0 0.180897 0.0 0.457324 0.0 0.117485 0.0 0.0 0.0 0.0 1.2815e-06 0.21428 0.000430644 0.0 7.80821e-06 0.0 0.964025 0.0 0.0 0.0 0.0 0.995661 0.984102 0.0 0.0 0.0 8.9407e-08 0.0 0.0 0.0 0.0 0.0 0.0 0.0 0.0 5.78165e-05 0.899891 0.0 0.0 1.19209e-07 0.0 0.0 0.0 0.362606 0.0 0.0 2.72691e-05 0.0 0.0
0.0 0.0 0.0 0.0 0.982931 0.0 0.0 0.0 0.0 0.0 0.0 0.0 0.0 0.0 0.0 0.0 0.0 0.0 0.0 0.0 0.0 0.0 0.0 0.0 0.0 0.0 0.0 0.0 0.0 0.0 0.0 0.0 2.98023e-08 0.0 0.0 0.0 0.0 0.0 0.0 0.0 0.0 0.0 0.0 0.0 0.0 0.0 0.0 0.0 0.0 0.0 0.0 0.0 0.0 0.0 0.0 0.0 0.0 0.0 0.0 0.0 0.0 0.0 0.0 0.0
0.0 0.0 0.0 0.0 0.0 0.0 0.0 0.0 0.0 0.0 0.0 3.27826e-07 0.0 0.0 0.0 0.990202 0.0 0.0 0.0 1.51992e-06 0.0 1.19209e-07 0.0 0.0 0.0 0.0 0.0 0.0 0.0 0.0 0.0 0.0 0.0 0.0 0.0 0.0 0.0 0.0 0.0 0.0 0.0 0.0 0.0 0.0 0.0 0.0 0.0 0.0 0.0 0.0 0.0 0.0 0.0 0.0 0.0 0.0 0.0 3.45707e-05 0.0 0.0 0.0 0.0 0.0 0.0
0.0 0.121239 7.31051e-05 0.0 0.0 0.0 5.96046e-08 0.0 0.0 8.34167e-05 0.0 0.0 0.00149736 0.0 0.0 0.0 0.0 4.76837e-07 0.0 0.0 0.0 0.0 0.0 0.0 0.101017 0.0 0.0 0.0 0.0 0.0 0.0 0.0 0.0 0.0 6.55651e-07 0.0 0.0 0.0 0.0 0.0 0.0 0.0 1.16229e-06 0.0 0.626112 0.0 0.667365 0.0 1.78814e-07 0.0 0.0 0.0 0.0 0.0 0.0 0.0 0.0 0.0 0.0 0.0 0.0 0.0 0.0 0.0
0.0 0.0 0.0 0.0 0.0 1.04308e-06 0.0 9.50694e-06 0.000233948 0.0 0.964408 0.0 0.0 0.000604123 1.49012e-07 0.0 0.160708 0.0 0.99165 0.0 0.000185817 0.0 0.0 0.0 0.0 0.000603467 0.834038 0.0601984 0.0 0.00231466 0.0 0.719646 0.0 0.0 0.0 0.0 0.925795 0.424609 0.0 0.0 0.0 3.15011e-05 0.0 0.0 0.0 5.66244e-07 0.0 0.0 0.0 0.0 0.0145281 0.723971 0.0 0.0 0.000119358 0.0 0.0 0.0 0.00157881 0.0 0.0 0.00941548 8.9407e-08 0.0
0.0 0.0 0.0 0.0 0.0 0.0 0.0 0.0 0.0 0.0 0.0 0.0 0.0 0.0 0.0 0.0 0.0 0.0 0.0 0.0 0.0 0.0 0.0 0.0109359 0.0 0.0 0.0 0.0 0.0 0.0 0.0 0.0 0.0 0.0 0.0 0.986356 0.0 0.0 0.0 0.0 0.0 0.0 0.0 0.0 0.0 0.0 0.0 0.0 0.0 0.0 0.0 0.0 0.0 0.0 0.0 0.0 0.0 0.0 0.0 0.0 0.0 0.0 0.0 0.0
0.0 0.0 0.0 0.0 0.0 0.0 0.0 0.0 0.0 0.0 0.0 0.0 0.0 0.0 0.0 0.0 0.0 0.0 0.0 0.0 0.0 0.0 0.99998 0.0 0.0 0.0 0.0 0.0 0.0 0.0 0.0 0.0 0.0 0.0 0.0 0.0 0.0 0.0 0.0 0.0 0.0 0.0 0.0 0.0 0.0 0.0 0.0 0.0 0.0 0.0 0.0 0.0 0.0 0.0 0.0 0.0 0.0 0.0 0.0 0.0 0.0 0.0 0.0 0.0
0.0 0.267166 0.968182 0.0 0.0 0.0140627 0.889493 0.0 0.0 0.00431597 0.0 0.0 0.159257 2.98023e-08 0.0040943 0.0 0.0 0.876483 0.0 0.0 2.38419e-07 0.0 0.0 0.0 0.00464514 0.0 4.05312e-06 0.165256 0.0 0.0 0.939993 4.20213e-06 0.0 0.0 0.946868 0.0 2.38419e-06 4.97699e-06 0.0 0.0 0.0 0.0 0.00939676 0.0 0.928711 0.000200868 0.00302395 0.0 0.441354 0.0 0.0 9.80496e-06 0.0 0.0 0.00028342 0.0 0.0 0.0 0.0 0.0 0.0 0.000563771 0.00444841 0.0
0.0 0.000345707 0.570631 0.0 0.0 3.06368e-05 0.967103 1.19209e-07 0.0 1.19209e-06 0.0 0.0 0.0155917 0.0 0.000257134 0.0 0.0 0.968744 0.0 0.0 0.0 0.0 0.0 0.0 1.01328e-06 0.0 8.04663e-06 0.00207707 0.0 0.0 0.971603 0.00568235 0.0 0.0 0.138801 0.0 2.98023e-08 1.0699e-05 0.0 0.0 0.0 0.0 0.633457 0.0 0.0739562 0.367352 7.7486e-07 0.0 0.936287 0.0 0.0 2.45869e-05 0.0 0.0 2.99513e-05 0.0 0.0 0.0 3.48687e-06 0.0 0.0 0.000335902 0.870845 0.0
0.0 0.0 0.0 0.3965 0.631407 0.0 0.0 0.0 0.0 0.0 0.0 0.0 0.0 0.0 0.0 0.0 0.0 0.0 0.0 0.0 0.0 0.0 0.0 0.0 0.0 0.0 0.0 0.0 0.0 0.0 0.0 0.0 0.0 0.0 0.0 1.37091e-06 0.0 0.0 0.0 0.0 0.0 5.96046e-08 0.0 0.00943068 0.0 0.0 0.0 0.0 0.0 0.0 0.0 0.0 0.0 0.0 0.0 0.0 0.0 0.999521 0.0 0.0 0.0 0.0 0.0 0.0
0.0 0.0 0.0 0.0 0.0 0.0 0.0 0.0 0.0 0.0 0.0 0.0 0.0 0.0 0.0 0.0 0.0 0.0 0.0 0.0 0.0 0.0 0.0 0.0 0.0 0.0 0.0 0.0 0.0 0.0 0.0 0.0 0.0 0.0 0.0 0.0 0.0 0.0 0.0 0.0 0.0 1.75834e-06 0.0 0.0 0.0 0.0 0.0 0.0 0.0 0.0 0.0 0.0 0.0 0.994748 0.0 0.0 0.0 0.0 3.9041e-06 0.0 0.0 0.0 0.0 0.0
0.0 0.27002 0.0184893 0.0 0.0 0.898838 4.80115e-05 0.0 0.0 0.968462 0.0 0.0 8.13305e-05 1.04904e-05 0.000765651 0.0 0.0 5.48959e-05 0.0 0.0 6.94394e-06 0.0 0.0 0.0 0.846069 0.0 0.0 0.319261 0.0 0.0 0.00010556 0.0 0.0 0.0 0.0606092 0.0 0.00672752 0.0 0.0 0.0 9.74536e-06 0.0 2.98023e-08 0.0 0.0550256 0.0 0.919529 0.0 5.0962e-06 0.0 0.0 0.0 0.0 0.0 3.05772e-05 0.0 0.0 0.0 0.0 0.0 0.0 2.68221e-06 0.0 0.0
0.0 0.0223964 0.944737 0.0 0.0 0.00160447 0.972631 0.0 0.0 0.00010851 0.0 0.0 0.0426129 0.0 0.0058302 0.0 0.0 0.952655 0.0 0.0 2.68221e-07 0.0 0.0 0.0 8.80659e-05 0.0 1.45435e-05 0.080435 0.0 0.0 0.970139 0.000153035 0.0 0.0 0.735464 0.0 1.43051e-06 1.86563e-05 0.0 0.0 0.0 0.0 0.170143 0.0 0.558024 0.0099813 6.41942e-05 0.0 0.919583 0.0 0.0 3.96669e-05 0.0 0.0 0.00048843 0.0 0.0 0.0 0.0 0.0 0.0 0.00166336 0.167256 0.0
0.0 0.0 0.0 0.0 0.0 0.0 0.0 0.000168771 0.000782043 0.0 0.0 0.0 0.0 0.0 0.0 0.0 0.0 0.0 0.0 0.0 0.0 0.0 0.0 0.0 0.0 0.991661 0.0 0.0 0.0 0.000216156 0.0 0.0 0.0 0.0 0.0 0.0 0.0 0.0 0.0 0.0 0.0 0.0 0.0 0.0 0.0 0.0 0.0 0.0 0.0 0.0 2.68221e-07 0.0 0.0 0.0 0.0 0.0 0.0 0.0 0.0 0.0 0.0 0.0 0.0 0.0
0.0 0.0 0.0 0.0 0.0 0.0 0.0 1.71959e-05 0.0 0.0 0.0 0.0 0.0 0.0 0.0 0.0 0.0 0.0 0.0 0.0 0.0 0.0 0.0 0.0 0.0 6.88136e-05 0.0 0.0 0.0 0.999605 0.0 1.7345e-05 0.0 0.0 0.0 0.0 0.0 0.0 0.0 0.0 0.0 0.0 2.38419e-07 0.0 0.0 3.65376e-05 0.0 0.0 0.0 0.0 0.134103 0.0 0.0 0.0 0.0 0.0 0.0 0.0 1.54972e-06 0.0 0.0 0.0 1.04308e-06 0.0
0.0 0.886238 0.045976 0.0 0.0 0.571388 9.45926e-05 0.0 0.0 0.960198 0.0 0.0 0.0034515 2.38419e-07 0.000122011 0.0 0.0 0.000135243 0.0 0.0 2.68221e-07 0.0 0.0 0.0 0.955679 0.0 0.0 0.117932 0.0 0.0 0.000267506 0.0 0.0 0.0 0.24531 0.0 0.000181407 0.0 0.0 0.0 2.08616e-07 0.0 5.96046e-08 0.0 0.306919 0.0 0.979749 0.0 1.0103e-05 0.0 0.0 0.0 0.0 0.0 6.70552e-06 0.0 0.0 0.0 0.0 0.0 0.0 9.23872e-07 0.0 0.0
0.0 0.0 0.0 0.0 0.0 0.0 0.0 0.0 0.0 0.0 0.0 0.0 0.0 0.0 0.0 0.0 0.0 0.0 0.994813 0.0 0.0 0.0 0.0 0.0 0.0 0.0 0.0 0.0 0.0 0.0 0.0 0.0 0.0 0.0 0.0 0.0 0.0 0.0 0.0 0.0 0.0 0.0 0.0 0.0 0.0 0.0 0.0 0.0 0.0 0.0 0.0 0.0 0.0 0.0 0.0 0.0 0.0 0.0 0.0 0.0 0.0 0.0 0.0 0.0
0.0 0.0 0.0 0.0 0.0 0.0 0.0 0.0 0.0 0.0 0.0 0.0 0.0 0.0 0.0 0.0 0.0 0.0 0.0 0.0 0.0 0.0 0.0 0.0 0.0 0.0 0.0 0.0 0.0 0.0 0.0 0.0 0.0 0.0 0.0 0.0 0.0 0.0 0.0 0.0 0.0 0.0 0.0 0.0 0.0 0.0 0.0 0.0 0.0 0.0 0.0 0.0 0.0 0.0 0.0 0.999989 0.0 0.0 0.0 0.0 0.0 0.0 0.0 0.0
0.0 0.0571146 0.00389674 0.0 0.0 1.81794e-06 0.00121 0.0 0.0 1.57654e-05 0.0 0.0 0.947006 0.0 8.9407e-08 0.0 0.0 0.00148988 0.0 0.0 0.0 0.0 0.0 0.0 0.000344872 0.0 0.0 6.19888e-06 0.0 0.0 0.00416297 0.0 0.0 0.0 0.0261429 0.0 0.0 0.0 0.0 0.0 0.0 0.0 2.17855e-05 0.0 0.0172052 5.06639e-07 0.000258803 0.0 0.000280172 0.0 0.0 0.0 0.0 0.0 0.0 0.0 0.0 0.0 0.0 0.0 0.0 1.19209e-07 8.88109e-06 0.0
0.0 7.7486e-07 5.30481e-06 0.0 0.0 0.0318668 5.66244e-07 0.0 0.0 0.00547007 0.0 0.0 0.0 0.241135 0.00518528 0.0 0.0 2.98023e-08 0.0 0.0 0.0258463 0.0 0.0 0.0 6.81579e-05 0.0 8.64267e-07 0.050013 0.0 0.0 1.78814e-07 0.0 0.0 0.0 9.23872e-07 0.0 0.943932 1.01328e-06 0.0 0.0 0.0345451 0.0 1.78814e-07 0.0 5.06639e-07 0.0 0.000585467 0.0 4.47035e-07 0.0 0.0 4.17233e-07 0.0 0.0 0.00215444 0.0 0.0 0.0 0.0 0.0 0.0 0.00013572 0.0 0.0
0.0 0.000280142 0.197221 0.0 0.0 0.164991 0.0945202 0.0 0.0 0.00250795 0.0 0.0 1.30534e-05 0.000114381 0.925596 0.0 0.0 0.0111693 0.0 0.0 0.00258294 0.0 0.0 0.0 0.000148773 0.0 0.00194803 0.398819 0.0 0.0 0.0264269 6.85453e-07 0.0 0.0 0.0086481 0.0 0.00560805 0.00162131 0.0 0.0 7.77841e-06 0.0 0.00191066 0.0 0.00296926 3.3319e-05 0.00104025 0.0 0.0481998 0.0 0.0 0.000952005 0.0 0.0 0.744373 0.0 0.0 0.0 0.0 0.0 0.0 0.479852 0.000322163 0.0
0.0 0.0 0.0 0.0 0.0 0.0 0.0 0.0 0.0 0.0 0.0 0.0 0.0 0.0 0.0 0.0 0.0 0.0 0.0 0.0 0.0 0.0 0.0 0.999442 0.0 0.0 0.0 0.0 0.0 0.0 0.0 0.0 0.0 0.0 0.0 0.0 0.0 0.0 0.0 0.0 0.0 0.0 0.0 0.0 0.0 0.0 0.0 0.0 0.0 0.0 0.0 0.0 0.0 0.0 0.0 0.0 0.0 0.0 0.0 0.0 0.0 0.0 0.0 0.0
0.0 0.0 0.0 0.0 0.0 0.0 0.0 0.0 0.0 0.0 0.0 0.0 0.0 0.0 0.0 0.0 0.0 0.0 0.0 0.0 0.0 0.0 0.0 0.0 0.0 0.0 0.0 0.0 0.0 4.64916e-06 0.0 2.08616e-07 0.0 0.0 0.0 0.0 0.0 0.0 0.0 0.0 0.0 0.0 0.0 0.0 0.0 0.0 0.0 0.0 0.0 0.0 0.000474304 0.0 0.0 5.66244e-07 0.0 0.0 0.0 0.0 0.000169158 0.0 0.0 0.0 0.0 0.0
0.0 0.0 5.54025e-05 0.0 0.0 0.0 0.029144 4.1455e-05 0.0 0.0 0.0 0.0 1.2219e-06 0.0 1.78814e-07 0.0 0.0 0.0191079 0.0 0.0 0.0 0.0 0.0 0.0 0.0 0.0 2.44379e-06 2.38419e-07 0.0 4.09186e-05 0.0153048 0.135814 0.0 0.0 1.72853e-06 0.0 0.0 2.5928e-06 0.0 0.0 0.0 0.0 0.245565 0.0 9.83477e-07 0.928881 0.0 0.0 0.0815046 0.0 0.0 7.86781e-06 0.0 0.0 2.08616e-07 0.0 0.0 0.0 0.000492036 0.0 0.0 1.43647e-05 0.928919 0.0
0.0 0.0 0.0 0.0 0.0 0.0 0.0 0.0 0.0 0.0 0.0 0.984729 0.0 0.0 0.0 0.0 0.0 0.0 0.0 0.0 0.0 0.0 0.0 0.0 0.0 0.0 0.0 0.0 0.0 0.0 0.0 0.0 0.0 0.0 0.0 0.0 0.0 0.0 0.0 0.0 0.0 0.0 0.0 0.0 0.0 0.0 0.0 0.0 0.0 0.0 0.0 0.0 0.0 0.0 0.0 0.0 0.0 0.0 0.0 0.0 0.0 0.0 0.0 0.0
0.0 0.0 0.0 0.0 0.0 0.0 0.0 0.0 0.0 0.0 3.18587e-05 0.0 0.0 0.0 0.0 2.71201e-06 0.0 0.0 0.0 0.0 0.0 0.0 0.0 0.0 0.0 0.0 0.0 0.0 0.0 0.0 0.0 0.0 0.991423 0.0 0.0 0.0 0.0 0.0 0.0 0.0 0.0 0.0 0.0 0.0 0.0 0.0 0.0 0.0 0.0 0.0 0.0 0.0 0.0 0.0 0.0 0.0 0.0 0.0 0.0 0.00594887 0.0 0.0 0.0 0.0
0.0 0.0 0.0 0.0 0.0 3.45707e-05 0.0 0.0 0.0 2.20537e-06 0.0 0.0 0.0 0.964225 0.00044927 0.0 0.0 0.0 0.0 0.0 0.753389 0.0 0.0 0.0 0.0 0.0 1.49012e-06 4.02033e-05 0.0 0.0 0.0 0.0 0.0 0.0 0.0 0.0 0.495819 2.29478e-06 0.0 0.0 0.0454032 0.0 0.0 0.0 0.0 0.0 5.96046e-08 0.0 0.0 0.0 0.0 5.06639e-07 0.0 0.0 0.00139293 0.0 0.0 0.0 0.0 0.0 0.0 6.12438e-05 0.0 0.0
2.20239e-05 0.0 0.0 0.0 0.0 0.0 0.0 0.0 0.0 0.0 0.0 0.0 0.0 0.0 0.0 2.5332e-06 0.0 0.0 0.0 0.0 0.0 0.0 0.0 0.0 0.0 0.0 0.0 0.0 2.98023e-08 0.0 0.0 0.0 8.9407e-08 0.0 0.0 0.0 0.0 0.0 0.0 0.0 0.0 0.0 0.0 0.0 0.0 0.0 0.0 0.0 0.0 0.0 0.0 0.0 0.999998 0.0 0.0 0.0 0.0 0.0 0.0 1.91033e-05 0.0 0.0 0.0 0.0
0.0 0.0 0.0 0.0 0.0 0.0 0.0 0.0 0.0 0.0 0.0 0.0 0.0 0.0 0.0 0.0 0.0 0.0 0.0 0.0 0.0 0.0 0.0 0.0 0.0 0.0 0.0 0.0 0.0 0.0 0.0 0.0 0.0 0.0 0.0 0.0 0.0 0.0 0.0 0.0 0.0 0.0 0.0 0.0 0.0 0.0 0.0 0.0 0.0 0.999858 0.0 0.0 0.0 0.0 0.0 0.0 0.0 0.0 0.0 0.0 0.0 0.0 0.0 0.0
0.0 0.0 0.0 0.0 0.0 0.0 0.0 0.0 0.0 0.0 0.0 0.0 0.0 0.0 0.0 0.0 0.0 0.0 0.0 0.0 0.0 0.0 0.0 0.0 0.0 0.0 0.0 0.0 0.0 0.0 0.0 0.0 0.0 0.0 0.0 0.0 0.0 0.0 0.0 0.0 0.0 0.994084 0.0 0.0 0.0 0.0 0.0 0.0 0.0 0.0 0.0 0.0 1.19209e-07 0.0 0.0 0.0 0.0 0.0 0.0 0.0 0.0 0.0 0.0 0.0
0.0 0.613146 0.00403982 0.0 0.0 0.528535 6.4373e-06 0.0 0.0 0.97461 0.0 0.0 0.000836313 5.06639e-07 8.60691e-05 0.0 0.0 9.98378e-06 0.0 0.0 3.57628e-07 0.0 0.0 0.0 0.956528 0.0 0.0 0.0353941 0.0 0.0 1.92225e-05 0.0 0.0 0.0 0.0352342 0.0 0.000591248 0.0 0.0 0.0 4.76837e-07 0.0 0.0 0.0 0.0538349 0.0 0.980273 0.0 7.7486e-07 0.0 0.0 0.0 0.0 0.0 4.29153e-06 0.0 0.0 0.0 0.0 0.0 0.0 3.8743e-07 0.0 0.0
0.0 0.0 0.0 0.0 0.0 0.0 0.0 0.0 0.9995 0.0 0.0 0.0 0.0 0.0 0.0 0.0 0.00196099 0.0 0.0 0.0 0.0 0.0 0.0 0.0 0.0 2.38717e-05 0.0 0.0 0.0 0.0 0.0 0.0 0.0 0.0 0.0 0.0 0.0 0.0 0.0 0.0 0.0 0.0 0.0 0.0 0.0 0.0 0.0 0.0 0.0 0.0 0.0 0.0 0.0 0.0 0.0 0.0 0.0 0.0 0.0 0.0 0.0 0.0 0.0 0.0
0.0 0.0 0.000144869 0.0 0.0 5.63264e-06 0.0014424 0.0 0.0 5.96046e-08 0.0 0.0 1.19209e-07 3.66867e-05 0.0646381 0.0 0.0 3.03388e-05 0.0 0.0 0.00326756 0.0 0.0 0.0 0.0 0.0 0.935324 0.000553191 0.0 0.0 9.95398e-05 0.00430158 0.0 0.0 2.5034e-06 0.0 2.40803e-05 0.919733 0.0 0.0 8.9407e-08 0.0 0.0404723 0.0 7.45058e-07 0.0018672 8.9407e-08 0.0 0.00788784 0.0 0.0 0.888917 0.0 0.0 0.327943 0.0 0.0 0.0 4.58956e-06 0.0 0.0 0.976026 0.000662804 0.0
0.0 0.112091 0.0461467 0.0 0.0 0.955298 0.000721395 0.0 0.0 0.86598 0.0 0.0 6.91414e-05 5.80549e-05 0.0447034 0.0 0.0 0.000347525 0.0 0.0 0.000103444 0.0 0.0 0.0 0.461894 0.0 4.17233e-07 0.861973 0.0 0.0 0.00073579 0.0 0.0 0.0 0.0558538 0.0 0.0411555 3.8743e-07 0.0 0.0 7.85887e-05 0.0 9.83477e-07 0.0 0.0367659 0.0 0.690053 0.0 9.56059e-05 0.0 0.0 2.68221e-07 0.0 0.0 0.00195977 0.0 0.0 0.0 0.0 0.0 0.0 0.000182897 1.78814e-07 0.0
0.0 0.0 0.0 0.273409 0.000168324 0.0 0.0 0.0 0.0 0.0 0.0 0.0 0.0 0.0 0.0 0.0 0.0 0.0 0.0 0.0 0.0 0.0 0.0 0.0 0.0 0.0 0.0 0.0 0.0 0.0 0.0 0.0 0.0 0.0 0.0 0.00122285 0.0 0.0 0.0 0.0 0.0 0.0 0.0 0.999189 0.0 0.0 0.0 0.0 0.0 0.0 0.0 0.0 0.0 0.0 0.0 0.0 0.0 0.0419729 0.0 0.0 0.0 0.0 0.0 0.0
0.0 0.0 0.0 0.0 0.0 0.0 0.0 0.0 0.0 0.0 0.0 0.0 0.0 0.0 0.0 0.0 0.0 0.0 0.0 0.0 0.0 0.0 0.0 0.0 0.0 2.08616e-07 0.0 0.0 0.0 0.0841677 0.0 0.0 0.0 0.0 0.0 0.0 0.0 0.0 0.0 0.0 0.0 0.0 0.0 0.0 0.0 0.0 0.0 0.0 0.0 0.0 0.999815 0.0 0.0 0.0 0.0 0.0 0.0 0.0 0.0 0.0 0.0 0.0 0.0 0.0
0.0 2.23517e-06 0.025293 0.0 0.0 2.98023e-07 0.890965 1.93715e-06 0.0 0.0 0.0 0.0 0.000246048 0.0 0.000132173 0.0 0.0 0.591714 0.0 0.0 2.98023e-08 0.0 0.0 0.0 0.0 0.0 0.000564426 0.00019455 0.0 4.17233e-07 0.691213 0.213295 0.0 0.0 0.000939637 0.0 0.0 0.000668108 0.0 0.0 0.0 0.0 0.967773 0.0 0.000488907 0.940934 0.0 0.0 0.953719 0.0 0.0 0.00192139 0.0 0.0 0.000123203 0.0 0.0 0.0 0.000213474 0.0 0.0 0.00749072 0.96815 0.0
0.0 0.0 1.10269e-06 0.0 0.0 0.0 3.80278e-05 0.0 0.0 0.0 0.0 0.0 0.0 1.19209e-07 6.31809e-06 0.0 0.0 6.55651e-07 0.0 0.0 3.62098e-05 0.0 0.0 0.0 0.0 0.0 0.954336 8.9407e-07 0.0 2.98023e-08 2.02656e-06 0.0872037 0.0 0.0 0.0 0.0 0.0 0.956679 0.0 0.0 0.0 0.0 0.00915486 0.0 0.0 0.00114065 0.0 0.0 0.000272721 0.0 0.0 0.962865 0.0 0.0 5.33462e-05 0.0 0.0 0.0 0.00814068 0.0 0.0 0.166558 0.000102252 0.0
0.0 0.0 0.0 0.0 0.0 0.0 0.0 0.0 0.0 0.0 0.0 0.0 0.0 0.0 0.0 0.0 0.0 0.0 0.0 0.0 0.0 0.0 0.0 0.0 0.0 0.0 0.0 0.0 0.0 0.0 0.0 0.0 0.0 0.0 0.0 0.0 0.0 0.0 0.0 0.0 0.0 0.0 0.0 0.0 0.0 0.0 0.0 0.0 0.0 0.0 0.0 0.0 0.0 0.0 0.0 0.0 0.989646 0.0 0.0 0.0 0.0 0.0 0.0 0.0
0.0 0.0 0.0 0.0 0.0 0.0 0.0 0.0 0.0 0.0 0.0 0.0 0.0 0.0 0.0 0.0 0.0 0.0 0.0 0.0 0.0 0.0 0.0 0.0 0.0 0.0 0.0 0.0 0.0 0.0 0.0 0.0 0.0 0.0 0.0 0.0 0.0 0.0 3.8743e-07 0.0 0.0 0.0 0.0 0.0 0.0 0.0 0.0 0.0 0.0 0.0 0.0 0.0 0.0 0.00158545 0.0 0.0 0.0 0.0 0.0 0.0 0.0 0.0 0.0 0.0
0.0 0.000341356 0.706165 0.0 0.0 2.59578e-05 0.97749 2.08616e-07 0.0 1.04308e-06 0.0 0.0 0.00984809 0.0 0.00100189 0.0 0.0 0.967127 0.0 0.0 1.49012e-07 0.0 0.0 0.0 9.83477e-07 0.0 4.13954e-05 0.00324738 0.0 0.0 0.97608 0.0097585 0.0 0.0 0.108668 0.0 5.96046e-08 4.96507e-05 0.0 0.0 0.0 0.0 0.817569 0.0 0.0658817 0.449153 7.15256e-07 0.0 0.975264 0.0 0.0 0.000119209 0.0 0.0 0.000204355 0.0 0.0 0.0 4.26173e-06 0.0 0.0 0.00227118 0.910825 0.0
0.0 0.0 0.0 0.0 0.0 8.9407e-06 0.0 0.0 0.0 7.15256e-07 0.0 0.0 0.0 0.123998 1.66893e-05 0.0 0.0 0.0 0.0 0.0 0.000527799 0.0 0.0 0.0 0.0 0.0 0.0 7.80821e-06 0.0 0.0 0.0 0.0 0.0 0.0 0.0 0.0 0.111615 0.0 0.0 0.0 0.971072 0.0 0.0 0.0 0.0 0.0 0.0 0.0 0.0 0.0 0.0 0.0 0.0 0.0 2.46763e-05 0.0 0.0 0.0 0.0 0.0 0.0 8.9407e-08 0.0 0.0
0.0 0.00705481 0.227076 0.0 0.0 0.16518 0.0435815 0.0 0.0 0.0111379 0.0 0.0 2.18451e-05 0.00019002 0.131564 0.0 0.0 0.00500369 0.0 0.0 0.00113729 0.0 0.0 0.0 0.00283247 0.0 8.14497e-05 0.964913 0.0 0.0 0.00882453 6.25849e-07 0.0 0.0 0.0465333 0.0 0.034031 9.04202e-05 0.0 0.0 7.60555e-05 0.0 0.00145724 0.0 0.0279014 6.70552e-06 0.00373381 0.0 0.0133062 0.0 0.0 0.000145346 0.0 0.0 0.0325786 0.0 0.0 0.0 0.0 0.0 0.0 0.0176668 4.65214e-05 0.0
0.0 0.0 2.44379e-06 0.0 0.0 0.0 7.00653e-05 0.0 0.0 0.0 0.0 0.0 0.0 1.78814e-07 8.58307e-06 0.0 0.0 1.2815e-06 0.0 0.0 3.60608e-05 0.0 0.0 0.0 0.0 0.0 0.949113 2.32458e-06 0.0 2.98023e-08 4.23193e-06 0.0606995 0.0 0.0 2.98023e-08 0.0 0.0 0.94751 0.0 0.0 0.0 0.0 0.0142024 0.0 0.0 0.00150007 0.0 0.0 0.000518024 0.0 0.0 0.970214 0.0 0.0 7.57873e-05 0.0 0.0 0.0 0.00473851 0.0 0.0 0.202732 0.000142127 0.0
2.98023e-08 0.0 0.0 0.0 0.0 0.0 0.0 0.0 2.20537e-06 0.0 0.459178 0.0 0.0 0.0 0.0 4.4018e-05 0.00789127 0.0 0.0 0.0 0.0 0.0 0.0 0.0 0.0 0.0 0.0 0.0 0.0 0.0 0.0 0.0 0.26033 0.0 0.0 0.0 0.0 0.0 0.0 0.0 0.0 0.0 0.0 0.0 0.0 0.0 0.0 0.0 0.0 0.0 0.0 0.0 3.17097e-05 0.0 0.0 0.0 0.0 0.0 0.0 0.999154 0.0 0.0 0.0 0.0
0.0 0.0 0.0 6.6787e-05 1.29342e-05 0.0 0.0 0.0 0.0 0.0 0.0 0.0 0.0 0.0 0.0 0.0 0.0 0.0 0.0 0.0 0.0 0.0 0.0 0.0 0.0 0.0 0.0 0.0 0.0 0.0 0.0 0.0 0.0 0.0 0.0 0.997505 0.0 0.0 0.0 0.0 0.0 0.0 0.0 0.0247568 0.0 0.0 0.0 0.0 0.0 0.0 0.0 0.0 0.0 0.0 0.0 0.0 0.0 5.72503e-05 0.0 0.0 0.0 0.0 0.0 0.0
0.0 0.0 0.0 0.0 0.0 5.06639e-07 0.0 0.0 0.0 3.86238e-05 0.0 0.0 0.0 1.19209e-07 0.0 0.0 0.0 0.0 0.0 0.0 0.0 0.0 0.0 0.0 4.32134e-06 0.0 0.0 0.0 0.0 0.0 0.0 0.0 0.0 0.0 0.0 0.0 2.5332e-06 0.0 0.0 0.0 0.000101447 0.0 0.0 0.0 0.0 0.0 2.05338e-05 0.0 0.0 0.0 0.0 0.0 0.0 0.0 0.0 0.0 0.0 0.0 0.0 0.0 0.0 0.0 0.0 0.0
0.0 0.0 0.0 0.0 0.0 0.0 0.0 0.0 0.0 0.0 0.0 0.0 0.0 0.0 0.0 0.0 0.0 0.0 0.0 0.0 0.0 0.0 0.0 0.0 0.0 0.0 0.0 0.0 0.0 0.0 0.0 0.0 0.0 0.0 0.0 0.0 0.0 0.0 1.0 0.0 0.0 0.0 0.0 0.0 0.0 0.0 0.0 0.0 0.0 0.0 0.0 0.0 0.0 0.0 0.0 0.0 0.0 0.0 0.0 0.0 0.0 0.0 0.0 0.0
0.0 0.161633 0.0166939 0.0 0.0 3.01003e-06 0.00725752 0.0 0.0 2.72393e-05 0.0 0.0 0.963534 0.0 5.96046e-08 0.0 0.0 0.0192999 0.0 0.0 0.0 0.0 0.0 0.0 0.000524879 0.0 0.0 1.15335e-05 0.0 0.0 0.0294061 1.78814e-07 0.0 0.0 0.11245 0.0 0.0 0.0 0.0 0.0 0.0 0.0 9.24766e-05 0.0 0.107904 5.51343e-06 0.000421882 0.0 0.00110635 0.0 0.0 0.0 0.0 0.0 0.0 0.0 0.0 0.0 0.0 0.0 0.0 5.96046e-08 8.31783e-05 0.0
0.0 0.0 0.0 0.99959 0.0113191 0.0 0.0 0.0 0.0 0.0 0.0 0.0 0.0 0.0 0.0 0.0 0.0 0.0 0.0 0.0 0.0 0.0 0.0 0.0 0.0 0.0 0.0 0.0 0.0 0.0 0.0 0.0 0.0 0.0 0.0 2.08616e-05 0.0 0.0 0.0 0.0 0.0 0.0 0.0 0.60463 0.0 0.0 0.0 0.0 0.0 0.0 0.0 0.0 0.0 0.0 0.0 0.0 0.0 0.460299 0.0 0.0 0.0 0.0 0.0 0.0
0.0 0.949873 0.579932 0.0 0.0 0.0453639 0.00814176 0.0 0.0 0.339493 0.0 0.0 0.350837 0.0 3.76701e-05 0.0 0.0 0.0136406 0.0 0.0 5.96046e-08 0.0 0.0 0.0 0.609476 0.0 5.96046e-08 0.0764535 0.0 0.0 0.0242166 0.0 0.0 0.0 0.915447 0.0 3.36766e-06 2.98023e-08 0.0 0.0 0.0 0.0 4.91738e-06 0.0 0.934067 1.49012e-07 0.582123 0.0 0.000601649 0.0 0.0 2.98023e-08 0.0 0.0 2.26498e-06 0.0 0.0 0.0 0.0 0.0 0.0 2.44379e-06 1.57952e-06 0.0
0.0 0.0 0.000685602 0.0 0.0 0.0 0.309494 1.13845e-05 0.0 0.0 0.0 0.0 1.87755e-05 0.0 3.78489e-06 0.0 0.0 0.171231 0.0 0.0 0.0 0.0 0.0 0.0 0.0 0.0 9.15229e-05 2.71201e-06 0.0 1.2815e-05 0.146516 0.599606 0.0 0.0 2.20239e-05 0.0 0.0 9.9808e-05 0.0 0.0 0.0 0.0 0.893843 0.0 1.20103e-05 0.987808 0.0 0.0 0.622154 0.0 0.0 0.000302076 0.0 0.0 5.75185e-06 0.0 0.0 0.0 0.00337481 0.0 0.0 0.000529796 0.986308 0.0
0.0 0.936419 0.0420914 0.0 0.0 0.195294 0.000132114 0.0 0.0 0.900782 0.0 0.0 0.0108041 5.96046e-08 3.09348e-05 0.0 0.0 0.000164658 0.0 0.0 8.9407e-08 0.0 0.0 0.0 0.940229 0.0 0.0 0.0690781 0.0 0.0 0.000331581 0.0 0.0 0.0 0.327 0.0 5.92172e-05 0.0 0.0 0.0 1.49012e-07 0.0 1.19209e-07 0.0 0.466382 0.0 0.940283 0.0 1.63019e-05 0.0 0.0 0.0 0.0 0.0 2.44379e-06 0.0 0.0 0.0 0.0 0.0 0.0 5.66244e-07 2.98023e-08 0.0
0.0 0.0 0.0 0.0 0.0 0.0 0.0 0.0 0.0 0.0 0.0 0.0 0.0 0.0 0.0 0.0 0.0 0.0 2.38419e-07 0.98398 0.0 0.0 0.0 0.0 0.0 0.0 0.0 0.0 0.0 0.0 0.0 0.0 0.0 0.0 0.0 0.0 0.0 0.0 0.0 0.0 0.0 0.0 0.0 0.0 0.0 0.0 0.0 0.0 0.0 0.0 0.0 0.0 0.0 0.0 0.0 0.0 0.0 0.0 0.0 0.0 0.0 0.0 0.0 0.0
0.0 0.000469118 0.647509 0.0 0.0 2.22921e-05 0.972099 1.19209e-07 0.0 1.2517e-06 0.0 0.0 0.0232786 0.0 0.000278741 0.0 0.0 0.975581 0.0 0.0 0.0 0.0 0.0 0.0 1.3113e-06 0.0 6.49691e-06 0.00154343 0.0 0.0 0.978343 0.0056521 0.0 0.0 0.180249 0.0 8.9407e-08 8.31485e-06 0.0 0.0 0.0 0.0 0.611324 0.0 0.10419 0.356187 8.64267e-07 0.0 0.943223 0.0 0.0 1.89543e-05 0.0 0.0 4.07696e-05 0.0 0.0 0.0 2.98023e-06 0.0 0.0 0.000362456 0.88513 0.0
0.0 0.0 0.0 0.0 0.0 0.0 0.0 0.0 0.0 0.0 0.0 0.0 0.0 0.0 0.0 0.0 0.0 0.0 0.0 0.0 0.0 0.0 0.0 0.0 0.0 0.0 0.0 0.0 0.0 0.0 0.0 0.0 0.0 0.0 0.0 0.0 0.0 0.0 0.0 0.0 0.0 0.0 0.0 0.0 0.0 0.0 0.0 0.0 0.0 0.0 0.0 0.0 0.0 0.0 0.0 0.0 0.0 0.0 0.0 0.0 0.0 0.0 0.0 0.999893
0.0 0.0 0.0 0.0 0.0 0.0 0.0 0.0 0.00151217 0.0 0.0 0.0 0.0 0.0 0.0 0.0 0.994887 0.0 0.0 0.0 0.0 0.0 0.0 0.0 0.0 0.0 0.0 0.0 0.0 0.0 0.0 0.0 5.96046e-08 0.0 0.0 0.0 0.0 0.0 0.0 0.0 0.0 0.0 0.0 0.0 0.0 0.0 0.0 0.0 0.0 0.0 0.0 0.0 0.0 0.0 0.0 0.0 0.0 0.0 0.0 1.49012e-07 0.0 0.0 0.0 0.0
0.0 0.0 8.64267e-06 0.0 0.0 5.96046e-08 0.000213325 0.0 0.0 0.0 0.0 0.0 0.0 5.66244e-07 0.00010851 0.0 0.0 4.23193e-06 0.0 0.0 0.000144631 0.0 0.0 0.0 0.0 0.0 0.977004 1.12653e-05 0.0 1.19209e-07 1.23978e-05 0.0671695 0.0 0.0 1.19209e-07 0.0 1.19209e-07 0.976489 0.0 0.0 0.0 0.0 0.0302106 0.0 0.0 0.00346762 0.0 0.0 0.00147587 0.0 0.0 0.980814 0.0 0.0 0.000865668 0.0 0.0 0.0 0.0015952 0.0 0.0 0.724065 0.000364959 0.0
1.0 0.0 0.0 0.0 0.0 0.0 0.0 0.0 0.0 0.0 0.0 0.0 0.0 0.0 0.0 0.0 0.0 0.0 0.0 0.0 0.0 0.0 0.0 0.0 0.0 0.0 0.0 0.0 0.0 0.0 0.0 0.0 0.0 0.0 0.0 0.0 0.0 0.0 0.0 0.0 0.0 0.0 0.0 0.0 0.0 0.0 0.0 0.0 0.0 0.0 0.0 0.0 0.0 0.0 0.0 0.0 0.0 0.0 0.0 0.0 0.0 0.0 0.0 0.0
0.0 0.0 0.000204474 0.0 0.0 0.0 0.104538 8.04663e-07 0.0 0.0 0.0 0.0 3.93391e-06 0.0 3.96371e-06 0.0 0.0 0.0178035 0.0 0.0 8.9407e-08 0.0 0.0 0.0 0.0 0.0 0.00621304 8.40425e-06 0.0 1.52588e-05 0.0217845 0.827942 0.0 0.0 6.85453e-06 0.0 0.0 0.00668877 0.0 0.0 0.0 0.0 0.96108 0.0 3.66569e-06 0.936003 0.0 0.0 0.404459 0.0 0.0 0.0205663 0.0 0.0 1.60336e-05 0.0 0.0 0.0 0.0125293 0.0 0.0 0.00757 0.858392 0.0
0.0 2.03252e-05 0.0215808 0.0 0.0 0.0397674 0.0142018 0.0 0.0 0.000337958 0.0 0.0 8.34465e-07 0.000805467 0.961032 0.0 0.0 0.000782877 0.0 0.0 0.0105893 0.0 0.0 0.0 1.5378e-05 0.0 0.00296983 0.118233 0.0 0.0 0.00192064 5.36442e-07 0.0 0.0 0.000518382 0.0 0.0121186 0.00234857 0.0 0.0 4.20511e-05 0.0 0.000934899 0.0 0.000184923 1.46329e-05 0.000136167 0.0 0.0136907 0.0 0.0 0.00091517 0.0 0.0 0.938011 0.0 0.0 0.0 0.0 0.0 0.0 0.716803 9.45032e-05 0.0
0.0 0.0 0.0 0.0 0.0 0.0 0.0 0.0 0.0 0.0 0.0 0.0 0.0 0.0 0.0 0.0 0.0 0.0 0.0 0.0 0.0 0.0 0.0 0.0 0.0 0.0 0.0 0.0 0.0 0.0 0.0 0.0 0.0 0.0 0.0 0.0 0.0 0.0 0.0 0.0 0.0 0.0 0.0 0.0 0.0 0.0 0.0 0.999996 0.0 0.0 0.0 0.0 0.0 0.0 0.0 0.0 0.0 0.0 0.0 0.0 0.0 0.0 0.0 0.0
0.0 0.0 0.0 0.0 0.0 0.0 0.0 0.0 0.0 0.0 0.000137538 0.0 0.0 0.0 0.0 0.147133 0.0 0.0 0.0 0.0 0.0 0.0 0.0 0.0 0.0 0.0 0.0 0.0 0.0 0.0 0.0 0.0 5.10812e-05 0.0 0.0 0.0 0.0 0.0 0.0 0.0 0.0 0.0 0.0 0.0 0.0 0.0 0.0 0.0 0.0 0.0 0.0 0.0 2.41399e-06 0.0 0.0 0.0 0.0 0.0 0.0 4.40478e-05 0.0 0.0 0.0 0.0
0.0 0.0 0.0 0.000529587 0.998648 0.0 0.0 0.0 0.0 0.0 0.0 0.0 0.0 0.0 0.0 0.0 0.0 0.0 0.0 0.0 0.0 0.0 0.0 0.0 0.0 0.0 0.0 0.0 0.0 0.0 0.0 0.0 0.0 0.0 0.0 1.19209e-07 0.0 0.0 0.0 0.0 0.0 2.38419e-07 0.0 6.64592e-06 0.0 0.0 0.0 0.0 0.0 0.0 0.0 0.0 0.0 1.63913e-06 0.0 0.0 0.0 0.149502 0.0 0.0 0.0 0.0 0.0 0.0
0.0 0.0 1.19209e-07 0.0 0.0 0.0 0.000140041 1.49012e-07 0.0 0.0 0.0 0.0 0.0 0.0 0.0 0.0 0.0 4.43161e-05 0.0 0.0 0.0 0.0 0.0 0.0 0.0 0.0 0.00304618 0.0 0.0 3.41535e-05 3.20077e-05 0.986637 0.0 0.0 0.0 0.0 0.0 0.00424623 0.0 0.0 0.0 0.0 0.151132 0.0 0.0 0.764889 0.0 0.0 0.00132298 0.0 0.0 0.0121597 0.0 0.0 8.9407e-08 0.0 0.0 0.0 0.73192 0.0 0.0 9.60231e-05 0.220248 0.0
0.0 0.0 0.0 0.0 0.0 0.0 0.0 0.0 0.0 0.0 0.0 0.0 0.0 0.0 0.0 0.0 0.0 0.0 2.08616e-07 0.0 0.0 0.0 0.0 0.0 0.0 0.0 0.0 0.0 0.0 0.0 0.0 0.0 0.0 0.0 0.0 0.0 0.0 0.0 0.0 0.999331 0.0 0.0 0.0 0.0 0.0 0.0 0.0 0.0 0.0 0.0 0.0 0.0 0.0 0.0 0.0 0.0 0.0 0.0 0.0 0.0 0.0 0.0 0.0 0.0
0.0 0.0 0.0 0.0 0.0 0.0 0.0 0.0 0.0 0.0 0.0 0.0 0.0 0.0 0.0 0.0 0.0 0.0 0.0 0.0 0.0 0.9968 0.0 0.0 0.0 0.0 0.0 0.0 0.0 0.0 0.0 0.0 0.0 0.0 0.0 0.0 0.0 0.0 0.0 0.0 0.0 0.0 0.0 0.0 0.0 0.0 0.0 0.0 0.0 0.0 0.0 0.0 0.0 0.0 0.0 0.0 0.0 0.0 0.0 0.0 0.0 0.0 0.0 0.0
0.0 2.08616e-07 0.000713408 0.0 0.0 0.000433117 0.00216657 0.0 0.0 2.92063e-06 0.0 0.0 5.96046e-08 0.000758439 0.91318 0.0 0.0 5.85914e-05 0.0 0.0 0.0127945 0.0 0.0 0.0 1.78814e-07 0.0 0.0392993 0.00478962 0.0 0.0 0.00016883 8.82149e-06 0.0 0.0 1.51396e-05 0.0 0.00238824 0.0299504 0.0 0.0 1.61827e-05 0.0 0.00332657 0.0 4.23193e-06 4.57466e-05 1.2219e-06 0.0 0.00484154 0.0 0.0 0.0121142 0.0 0.0 0.940168 0.0 0.0 0.0 0.0 0.0 0.0 0.933528 9.35197e-05 0.0
0.0 0.0 0.0 0.0 0.0 0.0 0.0 0.975811 0.0 0.0 0.0 0.0 0.0 0.0 0.0 0.0 0.0 0.0 0.0 0.0 0.0 0.0 0.0 0.0 0.0 0.000108361 0.0 0.0 0.0 0.000472248 0.0 1.49012e-07 0.0 0.0 0.0 0.0 0.0 0.0 0.0 0.0 0.0 0.0 1.49012e-07 0.0 0.0 4.05312e-06 0.0 0.0 0.0 0.0 2.08616e-07 0.0 0.0 0.0 0.0 0.0 0.0 0.0 0.0 0.0 0.0 0.0 1.37091e-06 0.0
0.0 0.0 0.0 0.0 0.0 0.0 0.0 0.0 0.0 0.0 0.0 0.0 0.0 0.0 0.0 0.0 0.0 0.0 0.0 0.0 0.0 0.0 0.0 0.0 0.0 0.0 0.0 0.0 0.0 0.0 0.0 0.0 0.0 0.999556 0.0 2.98023e-08 0.0 0.0 0.0 0.0 0.0 0.0 0.0 2.98023e-08 0.0 0.0 0.0 0.0 0.0 0.0 0.0 0.0 0.0 0.0 0.0 0.0 0.0 0.0 0.0 0.0 0.0 0.0 0.0 0.0
20 44 45 10 60 15 28 58 13 1 62 18 21 23 43 31 36 34 7 11 52 41 3 37 27 6 25 55 0 38 57 51 5 2 8 47 22 59 4 26 9 30 29 19 49 39 53 61 24 48 50 32 63 35 42 54 46 17 16 56 33 40 12 14
