8
0.0 0.0 0.0 0.0 0.0 0.0 0.0 0.0 0.0 0.0 0.0 0.0 0.0 0.0 0.0 0.0 0.0 0.0 0.0 0.0 0.0 0.0 0.0 0.0 0.0 0.0 0.0 0.0 0.0 0.0 0.0 0.0 0.0 0.997001 0.0 0.0 0.0 0.0 0.0 0.0 0.0 0.0 0.0 0.0 0.0 0.0 0.0 0.0 0.0 0.0 0.0 0.0 0.0 0.0 0.0 0.0 0.0 0.0 0.0 0.0 0.0 0.0 0.0 0.0
0.0 0.214954 0.0 0.0944977 0.505156 0.0 0.529845 0.375933 0.98334 0.0 0.0670567 0.0 0.0 0.0 0.736373 0.0 2.08616e-07 0.0 0.0 0.00639737 0.0 0.0 0.0 0.0 0.000487387 0.892307 0.0971402 0.000264794 0.0 0.0 0.0 0.00999182 0.0 0.0 0.00113109 0.0 0.0 0.0 0.0 0.0469758 0.000509083 0.0 0.9893 0.0 0.0 0.0 0.0 0.0 0.0 0.0 0.0 0.00349426 0.0 0.0 0.0 0.0 0.0 0.966349 0.0 0.0 0.103449 0.998329 9.23872e-07 0.0
0.0 0.0 0.0 0.0 0.0 0.0 0.0 0.0 0.0 0.0 0.0 0.0 0.0 0.0 0.0 0.0 0.0 0.0 0.0 0.0 0.0 0.0 0.0 0.0 0.0 0.0 0.0 0.0 0.0 0.0 0.0 0.0 0.0 0.0 0.0 0.0 0.0 0.0 0.0 0.0 0.0 0.0 0.0 0.99946 0.0 0.0 0.0 0.0 0.0 0.0 0.0 0.0 0.0 0.0 0.0 0.0 0.0 0.0 0.0 0.0 0.0 0.0 0.0 0.0
0.0 0.604237 0.0 0.932041 0.486451 0.0 5.96046e-08 0.00190559 2.29478e-05 0.0 0.389321 0.0 0.0 2.44379e-06 0.139575 0.0 0.483574 0.0 0.0 0.964819 0.0 0.0 0.0 0.0 3.48389e-05 2.68221e-07 0.0 5.06639e-07 0.0 0.0 0.0 0.0 0.0 0.0 0.998623 0.0 0.0 0.0 0.0 0.0 0.0155349 0.0 0.000283033 0.0 0.0 0.0 0.0 0.0 0.000854343 0.0 0.0 0.938307 0.0 0.0 0.0 0.0 0.0 0.000157326 0.0 0.0 0.0 3.51667e-05 0.65981 0.0
0.0 0.747783 0.0 0.83141 0.470035 0.0 0.0135813 0.00198597 0.814606 0.0 0.88269 0.0 0.0 0.0 0.948944 0.0 0.000416964 0.0 0.0 0.932694 0.0 0.0 0.0 0.0 0.000183761 0.157709 0.000222653 0.00221014 0.0 0.0 0.0 1.32024e-05 0.0 0.0 0.56346 0.0 0.0 0.0 0.0 0.000134975 0.000861555 0.0 0.866537 0.0 0.0 0.0 0.0 0.0 4.17233e-07 0.0 0.0 0.435986 0.0 0.0 0.0 0.0 0.0 0.542292 0.0 0.0 0.000987589 0.15619 0.00264066 0.0
0.0 0.0 0.0 0.0 0.0 0.0 0.0 0.0 0.0 0.0 0.0 0.0 0.0 0.0 0.0 0.0 0.0 0.0 0.0 0.0 0.0790278 0.0 0.0 0.0 0.0 0.0 0.0 0.0 0.0 0.0 0.0 0.0 5.88e-05 0.0 0.0 0.0 0.0 0.0 0.0 0.0 0.0 0.0 0.0 0.0 0.983186 0.168661 0.0 0.0 0.0 1.5378e-05 0.0 0.0 0.0 0.0 0.0 0.0 0.0 0.0 0.0 0.0 0.0 0.0 0.0 0.0
0.0 0.0535707 0.0 0.0914018 0.195507 0.0 0.355711 0.343445 0.992963 0.0 0.00702816 0.0 0.0 0.0 0.724188 0.0 1.19209e-07 0.0 0.0 0.00484058 0.0 0.0 0.0 0.0 5.03659e-06 0.988234 0.0620963 0.00052768 0.0 0.0 0.0 0.381763 0.0 0.0 0.000193566 0.0 0.0 0.0 0.0 0.0554563 5.33462e-06 0.0 0.993064 0.0 0.0 0.0 0.0 0.0 0.0 0.0 0.0 0.00156459 0.0 0.0 0.0 0.0 0.0 0.848837 0.0 0.0 0.307003 0.913473 1.16229e-06 0.0
0.0 0.0 8.64267e-07 0.0 0.0 0.0 0.0 0.0 0.0 0.0 0.0 0.0 0.0 0.506442 0.0 0.0 8.64267e-07 1.19209e-07 0.0 0.0 0.0 0.0 0.0 0.0 0.0 0.0 0.0 0.0 0.0 0.0 0.0 0.0 0.0 0.0 0.0 0.974593 0.0 0.0 0.0 0.0 0.0 0.0 0.0 0.0 0.0 0.0 0.0 0.0 7.01845e-05 0.0 0.0 0.0 0.0617937 4.76837e-05 0.0 0.0 0.0 0.0 0.0 0.0 0.0 0.0 2.68221e-07 0.0
0.0 0.983142 0.0 0.989782 0.503969 0.0 6.55651e-07 0.0138007 0.00117311 0.0 0.968613 0.0 0.0 2.38419e-07 0.601727 0.0 0.24699 0.0 0.0 0.977265 0.0 0.0 0.0 0.0 0.000580937 8.19564e-06 5.96046e-08 1.3411e-05 0.0 0.0 0.0 0.0 0.0 0.0 0.998625 0.0 0.0 0.0 0.0 0.0 0.570276 0.0 0.00703174 0.0 0.0 0.0 5.96046e-08 0.0 0.00174549 0.0 0.0 0.959014 0.0 0.0 0.0 0.0 0.0 0.00700185 0.0 0.0 2.98023e-08 0.00167909 0.21379 0.0
0.0 0.0 0.0 0.0 0.0 0.0 0.0 0.0 0.0 0.0 0.0 2.23517e-06 0.0 0.0 0.0 0.0 0.0 0.0 0.0 0.0 0.0 0.0 1.19209e-07 0.0 1.19209e-07 0.0 0.0 0.0 0.0 0.0 0.0 0.0 0.0 0.0 0.0 0.0 0.0 0.0 0.0 0.0 0.0 0.0 0.0 0.0 0.0 0.0 0.985354 0.0 0.0 0.0 0.0 0.0 0.0 0.0 0.0 0.0 0.0 0.0 0.0 0.0 0.0 0.0 0.0 0.0
0.0 0.987818 0.0 0.991745 0.622774 0.0 7.7486e-07 0.354872 0.000948519 0.0 0.228608 0.0 0.0 1.49012e-07 0.820049 0.0 0.506462 0.0 0.0 0.931329 0.0 0.0 0.0 0.0 0.000415534 1.06394e-05 2.98023e-08 5.51343e-06 0.0 0.0 0.0 0.0 0.0 0.0 0.986545 0.0 0.0 0.0 0.0 0.0 0.04081 0.0 0.00995478 0.0 0.0 0.0 0.0 0.0 0.000328869 0.0 0.0 0.999375 0.0 0.0 0.0 0.0 0.0 0.00138581 0.0 0.0 5.96046e-08 0.000454962 0.765773 0.0
0.0 0.0 0.0 0.0 0.0 0.0 0.0 0.0 0.0 0.0 0.0 0.0 0.0 0.0 0.0 0.0 0.0 0.0 0.0 0.0 0.0 0.0 0.0 0.0 0.0 0.0 0.0 0.0 0.0 0.0 0.0 0.0 0.0 0.0 0.0 0.0 0.999098 0.0 0.0 0.0 0.0 0.0 0.0 0.0 0.0 0.0 0.0 0.0 0.0 0.0 1.49012e-07 0.0 0.0 0.0 0.0 0.0 0.0 0.0 0.0 0.0 0.0 0.0 5.96046e-08 0.0
0.000310838 0.0 0.0557364 0.0 0.0 0.0 0.0 0.0 0.0 0.0 0.0 0.0 0.207179 0.0 0.0 0.0 0.0 0.020757 5.98729e-05 0.0 0.0 0.0 0.0 0.0 0.0 0.0 0.0 0.0 0.0 0.0 2.98023e-08 0.0 0.0 0.0 0.0 0.0 0.0 0.0 0.0 0.0 0.0 0.0 0.0 0.0 0.0 0.0 0.0 0.577193 0.0 0.0 0.0 0.0 0.0 3.51667e-06 0.0 0.0 0.96918 0.0 0.00157067 0.00818342 0.0 0.0 0.0 0.0
0.0 0.0 0.0 0.0 0.0 0.0 0.0 0.0 0.0 5.66244e-07 0.0 1.19209e-06 0.0 0.0 0.0 0.0 0.0 0.0 0.0 0.0 0.0 0.0 0.9959 0.0 0.0 0.0 0.0 0.0 0.0 0.0 0.0 0.0 0.0 0.0 0.0 0.0 0.0 0.0 0.0 0.0 0.0 0.0212819 0.0 0.0 0.0 0.0 0.0 0.0 0.0 0.0 0.0 0.0 0.0 0.0 0.0 0.0 0.0 0.0 0.0 0.0 0.0 0.0 0.0 0.0
0.0 4.05908e-05 0.0 1.53482e-05 0.00113773 0.0 0.871176 0.00133118 0.505518 0.0 1.19209e-06 0.0 0.0 0.0 0.000909388 0.0 0.0 0.0 0.0 6.25849e-07 0.0 0.0 0.0 0.0 2.98023e-08 0.984517 0.948568 9.9808e-05 0.0 0.0 0.0 0.675255 0.0 0.0 8.9407e-08 0.0 0.0 0.0 0.0 0.631039 0.0 0.0 0.207727 0.0 0.0 0.0 0.0 0.0 0.0 0.0 0.0 7.7486e-07 0.0 0.0 0.0 0.0 0.0 0.0552837 0.0 0.0 0.617476 0.184171 0.0 0.0
0.0 0.0 0.0 0.0 0.0 0.0 0.0 0.0 0.0 0.0 0.0 0.0 0.0 0.0 0.0 1.19209e-07 0.0 0.0 0.0 0.0 0.0 0.0 0.0 0.0 0.0 0.0 0.0 0.0 0.999024 5.11706e-05 0.0 0.0 0.0 0.0 0.0 0.0 0.0 0.0 0.0 0.0 0.0 0.0 0.0 0.0 0.0 0.0 0.0 0.0 0.0 0.0 0.0 0.0 0.0 0.0 0.0 8.9407e-08 0.0 0.0 0.0 0.0 0.0 0.0 0.0 0.0
0.0 2.07722e-05 0.0 4.65214e-05 8.9407e-08 0.0 0.0 1.49012e-07 0.0 0.0 2.78354e-05 0.0 0.0 0.00287104 8.9407e-08 0.0 0.0132021 0.0 0.0 5.02765e-05 0.0 0.0 0.0 0.0 0.0 0.0 0.0 0.0 0.0 0.0 0.0 0.0 0.0 0.0 0.00306791 0.000806749 0.0 0.0 0.0 0.0 0.000165403 0.0 0.0 0.0 0.0 0.0 0.0 0.0 0.978855 0.0 0.0 0.000226587 1.07288e-06 0.0 0.0 0.0 0.0 0.0 0.0 0.0 0.0 0.0 0.000227779 0.0
0.0 0.0 0.799649 0.0 0.0 0.0 0.0 0.0 0.0 0.0 0.0 0.0 0.0129174 1.19209e-06 0.0 0.0 0.0 0.10672 0.0 0.0 0.0 0.0 0.0 0.0 0.0 0.0 0.0 0.0 0.0 0.0 0.0 0.0 0.0 0.0 0.0 1.10269e-05 0.0 0.0 0.0 0.0 0.0 0.0 0.0 0.0 0.0 0.0 0.0 0.000304937 0.0 0.0 0.0 0.0 0.323196 0.993102 0.0 0.0 6.30021e-05 0.0 0.0 0.0 0.0 0.0 0.0 0.0
0.000683516 0.0 0.0 0.0 0.0 0.0 0.0 0.0 0.0 0.0 0.0 0.0 1.40071e-06 0.0 0.0 0.0 0.0 1.19209e-07 0.680851 0.0 0.0 0.0 0.0 0.0 0.0 0.0 0.0 0.0 0.0 0.0 0.0117271 0.0 0.0 0.0 0.0 0.0 0.0 0.0 0.0 0.0 0.0 0.0 0.0 0.0 0.0 0.0 0.0 0.000244468 0.0 0.0 0.0 0.0 0.0 0.0 0.0 0.0 0.00100371 0.0 0.60185 0.961097 0.0 0.0 0.0 1.49012e-07
0.0 0.0339188 0.0 0.0506739 0.00048691 0.0 0.0 9.26852e-05 0.0 0.0 0.00305277 0.0 0.0 0.00062868 0.000150442 0.0 0.987703 0.0 0.0 0.0205951 0.0 0.0 0.0 0.0 2.98023e-08 0.0 0.0 0.0 0.0 0.0 0.0 0.0 0.0 0.0 0.498262 3.27826e-06 0.0 0.0 0.0 0.0 0.00300947 0.0 1.49012e-07 0.0 0.0 0.0 0.0 0.0 0.118562 0.0 0.0 0.535271 0.0 0.0 0.0 0.0 0.0 1.19209e-07 0.0 0.0 0.0 0.0 0.39744 0.0
0.0 0.0 0.0 0.0 0.0 0.0 0.0 0.0 0.0 0.0 0.0 0.0 0.0 0.0 0.0 0.0 0.0 0.0 0.0 0.0 2.3514e-05 0.0 0.0 0.0 0.0 0.0 0.0 0.0 0.0 0.0 0.0 0.0 0.0 0.0 0.0 0.0 0.0 0.0 2.98023e-08 0.0 0.0 0.0 0.0 0.0 0.0714535 0.991339 0.0 0.0 0.0 8.9407e-08 0.0 0.0 0.0 0.0 0.0 0.0 0.0 0.0 0.0 0.0 0.0 0.0 0.0 0.0
0.0 0.0 0.0 0.0 0.0 0.0 0.0 0.0 0.0 0.0 0.0 0.0 0.0 0.0 0.0 0.0 0.0 0.0 0.0 0.0 0.202287 0.0 0.0 0.0 0.0 0.0 0.0 0.0 0.0 0.0 0.0 0.0 0.987 0.0 0.0 0.0 0.0 0.0 0.0 0.0 0.0 0.0 0.0 0.0 2.09808e-05 1.78814e-07 0.0 0.0 0.0 5.17964e-05 0.0 0.0 0.0 0.0 5.66244e-07 0.00310734 0.0 0.0 0.0 0.0 0.0 0.0 0.0 0.0
0.0 0.0 0.0 0.0 0.0 1.10269e-06 0.0 0.0 0.0 0.0 0.0 0.0 0.0 0.0 0.0 0.0 0.0 0.0 0.0 0.0 0.00011903 0.0 0.0 0.0 0.0 0.0 0.0 0.0 0.0 0.0 0.0 0.0 0.000164568 0.0 0.0 0.0 0.0 0.0 0.0 0.0 0.0 0.0 0.0 0.0 0.000144541 4.23193e-06 0.0 0.0 0.0 0.998933 0.0 0.0 0.0 0.0 0.000288039 7.99298e-05 0.0 0.0 0.0 0.0 0.0 0.0 0.0 0.0
0.0 0.00199175 0.0 0.00160718 0.000346333 0.0 3.36766e-06 4.88758e-06 5.48363e-06 0.0 0.000788808 0.0 0.0 0.0 0.000231951 0.0 0.0 0.0 0.0 0.000153184 0.0 0.0 0.0 0.0 0.991168 2.08616e-07 2.38419e-07 0.511359 0.0 0.0 0.0 0.0 0.0 0.0 0.000794232 0.0 0.0 0.0 0.0 1.19209e-07 0.000304818 0.0 9.87947e-05 0.0 0.0 0.0 3.45707e-06 0.0 0.0 0.0 0.0 0.000506341 0.0 0.0 0.0 0.0 0.0 4.46737e-05 0.0 0.0 3.18885e-06 2.78652e-05 3.8743e-07 0.0
0.0 0.0183302 0.0 0.00015074 3.8147e-06 0.0 0.0 7.6592e-06 1.19209e-07 0.0 0.00586176 0.0 0.0 5.66244e-07 6.07967e-06 0.0 3.75807e-05 0.0 0.0 2.70605e-05 0.0 0.0 0.0 0.0 2.83122e-06 0.0 0.0 5.96046e-08 0.0 0.0 0.0 0.0 0.0 0.0 0.0122096 0.0 0.0 0.0 0.0 0.0 0.93226 0.0 7.77841e-06 0.0 0.0 0.0 5.96046e-08 0.0 0.0147325 0.0 0.0 0.00051108 0.0 0.0 0.0 0.0 0.0 2.71201e-06 0.0 0.0 0.0 1.63913e-06 3.06964e-06 0.0
0.0 0.000501424 0.0 8.38637e-05 0.0160571 0.0 0.998487 0.00283146 0.994694 0.0 0.000476331 0.0 0.0 0.0 0.00652739 0.0 0.0 0.0 0.0 1.31428e-05 0.0 0.0 0.0 0.0 1.37985e-05 0.986266 0.816224 0.000851691 0.0 0.0 0.0 0.73364 0.0 0.0 1.99676e-06 0.0 0.0 0.0 0.0 0.989854 7.06315e-06 0.0 0.852184 0.0 0.0 0.0 0.0 0.0 0.0 0.0 0.0 2.98023e-06 0.0 0.0 0.0 0.0 0.0 0.385957 0.0 0.0 0.992915 0.947494 0.0 0.0
0.0 0.0248298 0.0 0.00658524 0.531973 0.0 0.932768 0.0459304 0.999547 0.0 0.00814578 0.0 0.0 0.0 0.145319 0.0 0.0 0.0 0.0 0.00154015 0.0 0.0 0.0 0.0 0.000109375 0.813164 0.716717 0.00101835 0.0 0.0 0.0 0.0386991 0.0 0.0 0.000113755 0.0 0.0 0.0 0.0 0.443218 2.23219e-05 0.0 0.646445 0.0 0.0 0.0 0.0 0.0 0.0 0.0 0.0 0.000320435 0.0 0.0 0.0 0.0 0.0 0.857398 0.0 0.0 0.451731 0.979553 8.9407e-08 0.0
0.0 0.0 0.0 0.0 0.0 0.0 0.0 0.0 0.0 0.0 0.0 0.0 0.0 0.0 0.0 0.0 0.0 0.0 0.0 0.0 0.0 0.0 0.0 0.0 0.0 0.0 0.0 0.0 0.0 0.0 0.0 0.0 0.0 0.0 0.0 0.0 0.0 0.990326 0.0 0.0 0.0 0.0 0.0 0.0 0.0 0.0 0.0 0.0 0.0 0.0 0.0 0.0 0.0 0.0 0.0 0.0 0.0 0.0 0.0 0.0 0.0 0.0 0.0 0.0
0.0 0.0 0.0 0.0 0.0 0.0 0.0 0.0 0.0 0.0 0.0 0.997923 0.0 0.0 0.0 0.0 0.0 0.0 0.0 0.0 0.0 0.0 1.19209e-07 0.0 0.0 0.0 0.0 0.0 0.0 0.0 0.0 0.0 0.0 0.0 0.0 0.0 0.0 0.0 0.0 0.0 0.0 4.51505e-05 0.0 0.0 0.0 0.0 5.96046e-08 0.0 0.0 0.0 0.0 0.0 0.0 0.0 0.0 0.0 0.0 0.0 0.0 0.0 0.0 0.0 0.0 0.0
0.0 2.6226e-06 0.0 3.63588e-06 5.22733e-05 0.0 0.00543508 1.7494e-05 0.000491709 0.0 2.38419e-07 0.0 0.0 0.0 5.96642e-05 0.0 0.0 0.0 0.0 1.49012e-07 0.0 0.0 0.0 0.0 0.00393444 0.0517193 0.183471 0.948946 0.0 0.0 0.0 0.00023067 0.0 0.0 0.0 0.0 0.0 0.0 0.0 0.00334582 0.0 0.0 0.000617385 0.0 0.0 0.0 0.0 0.0 0.0 0.0 0.0 8.9407e-08 0.0 0.0 0.0 0.0 0.0 0.00100356 0.0 0.0 0.0153884 0.00017035 0.0 0.0
0.00612572 0.0 1.19209e-07 0.0 0.0 0.0 0.0 0.0 0.0 0.0 0.0 0.0 3.45707e-06 0.0 0.0 0.0 0.0 5.96046e-08 0.0354443 0.0 0.0 0.0 0.0 0.0 0.0 0.0 0.0 0.0 0.0 0.0 0.00472346 0.0 0.0 0.0 0.0 0.0 0.0 0.0 0.0 0.0 0.0 0.0 0.0 0.0 0.0 0.0 0.0 0.000100046 0.0 0.0 0.0 0.0 0.0 0.0 0.0 0.0 0.000626415 0.0 0.969517 0.562992 0.0 0.0 0.0 2.98023e-08
0.0 0.00196004 0.0 0.000838965 0.0167226 0.0 0.883333 0.00913441 0.662917 0.0 0.00112924 0.0 0.0 0.0 0.0135089 0.0 0.0 0.0 0.0 3.07858e-05 0.0 0.0 0.0 0.0 0.000619441 0.811494 0.999685 0.0377763 0.0 0.0 0.0 0.793251 0.0 0.0 6.73532e-06 0.0 0.0 0.0 0.0 0.936762 2.74777e-05 0.0 0.346038 0.0 0.0 0.0 0.0 0.0 0.0 0.0 0.0 1.65403e-05 0.0 0.0 0.0 0.0 0.0 0.925494 0.0 0.0 0.478656 0.782955 0.0 0.0
0.0 0.0 0.0 0.0 0.0 0.0 0.0 0.0 0.0 0.0 0.0 0.0 0.0 0.0 0.0 0.0 0.0 0.0 0.0 0.0 0.989883 0.0 0.0 0.0 0.0 0.0 0.0 0.0 0.0 0.0 0.0 0.0 0.529513 0.0 0.0 0.0 0.0 0.0 0.0 0.0 0.0 0.0 0.0 0.0 0.0244049 5.72205e-05 0.0 0.0 0.0 2.3514e-05 0.0 0.0 0.0 0.0 0.0 0.000384063 0.0 0.0 0.0 0.0 0.0 0.0 0.0 0.0
0.0 0.0 0.0 0.0 0.0 0.0 0.0 0.0 0.0 0.0 0.0 0.0 0.0 0.0 0.0 0.998044 0.0 0.0 0.0 0.0 0.0 0.0 0.0 0.0 0.0 0.0 0.0 0.0 0.0 0.000164121 0.0 0.0 0.0 0.0 0.0 0.0 0.0 0.0 0.0 0.0 0.0 0.0 0.0 1.37091e-06 0.0 0.0 0.0 0.0 0.0 0.0 0.0 0.0 0.0 0.0 0.0 0.0 0.0 0.0 0.0 0.0 0.0 0.0 0.0 0.0
0.0 0.049394 0.0 0.0373935 4.74155e-05 0.0 0.0 0.000273764 2.98023e-08 0.0 0.00818804 0.0 0.0 0.000884682 0.00015521 0.0 0.832327 0.0 0.0 0.140865 0.0 0.0 0.0 0.0 8.9407e-08 0.0 0.0 0.0 0.0 0.0 0.0 0.0 0.0 0.0 0.751157 2.68221e-06 0.0 0.0 0.0 0.0 0.0123371 0.0 1.19209e-07 0.0 0.0 0.0 0.0 0.0 0.541558 0.0 0.0 0.341396 0.0 0.0 0.0 0.0 0.0 1.19209e-07 0.0 0.0 0.0 2.98023e-08 0.56471 0.0
0.0 0.0 0.830722 0.0 0.0 0.0 0.0 0.0 0.0 0.0 0.0 0.0 0.0102273 3.18885e-06 0.0 0.0 0.0 0.162119 0.0 0.0 0.0 0.0 0.0 0.0 0.0 0.0 0.0 0.0 0.0 0.0 0.0 0.0 0.0 0.0 0.0 0.000103116 0.0 0.0 0.0 0.0 0.0 0.0 0.0 0.0 0.0 0.0 0.0 7.81715e-05 0.0 0.0 0.0 0.0 0.758095 0.792393 0.0 0.0 2.22325e-05 0.0 0.0 0.0 0.0 0.0 0.0 0.0
9.98974e-05 0.0 0.778673 0.0 0.0 0.0 0.0 0.0 0.0 0.0 0.0 0.0 0.954303 0.0 0.0 0.0 0.0 0.688268 3.8743e-07 0.0 0.0 0.0 0.0 0.0 0.0 0.0 0.0 0.0 0.0 0.0 0.0 0.0 0.0 0.0 0.0 0.0 0.0 0.0 0.0 0.0 0.0 0.0 0.0 0.0 0.0 0.0 0.0 0.113446 0.0 0.0 0.0 0.0 8.04663e-07 0.000291616 0.0 0.0 0.633849 0.0 2.36928e-05 0.000264823 0.0 0.0 0.0 0.0
0.0 0.865093 0.0 0.994849 0.700452 0.0 0.000650495 0.0399657 0.0756609 0.0 0.902274 0.0 0.0 0.0 0.978764 0.0 0.00183919 0.0 0.0 0.870275 0.0 0.0 0.0 0.0 0.000404388 0.00665084 3.21865e-06 0.000327766 0.0 0.0 0.0 4.76837e-07 0.0 0.0 0.735096 0.0 0.0 0.0 0.0 3.57628e-06 0.00824997 0.0 0.631894 0.0 0.0 0.0 0.0 0.0 3.15905e-06 0.0 0.0 0.802972 0.0 0.0 0.0 0.0 0.0 0.057904 0.0 0.0 2.75075e-05 0.0225283 0.00339037 0.0
0.0 0.0 0.0 0.0 0.0 0.0 0.0 0.0 0.0 0.0 0.0 0.0 0.0 0.0 0.0 0.0 0.0 0.0 0.0 0.0 0.0 0.0 0.0 0.0 0.0 0.0 0.0 0.0 0.0 0.0 0.0 0.0 0.0 0.0 0.0 0.0 1.49012e-07 0.0 0.0 0.0 0.0 0.0 0.0 0.0 0.0 0.0 0.0 0.0 0.0 0.0 0.998518 0.0 0.0 0.0 0.0 0.0 0.0 0.0 0.0 0.0 0.0 0.0 0.0 0.0
0.0 0.00357926 0.0 0.000445843 0.0369907 0.0 0.980643 0.0026769 0.966581 0.0 0.000178665 0.0 0.0 0.0 0.0123002 0.0 0.0 0.0 0.0 2.10404e-05 0.0 0.0 0.0 0.0 2.32458e-06 0.992382 0.846878 0.0263293 0.0 0.0 0.0 0.966972 0.0 0.0 2.26498e-06 0.0 0.0 0.0 0.0 0.838276 3.45707e-06 0.0 0.881405 0.0 0.0 0.0 0.0 0.0 0.0 0.0 0.0 1.73748e-05 0.0 0.0 0.0 0.0 0.0 0.665483 0.0 0.0 0.939407 0.461237 0.0 0.0
0.0 0.242746 0.0 0.0361347 0.0731391 0.0 4.6432e-05 0.997765 0.0258228 0.0 0.000291139 0.0 0.0 0.0 0.0900221 0.0 5.60284e-06 0.0 0.0 0.000276029 0.0 0.0 0.0 0.0 7.21216e-06 0.00201267 7.61151e-05 1.78814e-07 0.0 0.0 0.0 1.43051e-06 0.0 0.0 0.0011465 0.0 0.0 0.0 0.0 2.92063e-06 7.87973e-05 0.0 0.00488245 0.0 0.0 0.0 0.0 0.0 1.49012e-07 0.0 0.0 0.0114137 0.0 0.0 0.0 0.0 0.0 0.00909206 0.0 0.0 2.83122e-06 0.0723739 5.39422e-06 0.0
0.0 0.0 0.00126544 0.0 0.0 0.0 0.0 0.0 0.0 0.0 0.0 0.0 9.53674e-07 0.0365873 0.0 0.0 0.0 3.49283e-05 0.0 0.0 0.0 0.0 0.0 0.0 0.0 0.0 0.0 0.0 0.0 0.0 0.0 0.0 0.0 0.0 0.0 0.43352 0.0 0.0 0.0 0.0 0.0 0.0 0.0 0.0 0.0 0.0 0.0 0.0 1.19209e-07 0.0 0.0 0.0 0.893951 0.0698191 0.0 0.0 0.0 0.0 0.0 0.0 0.0 0.0 0.0 0.0
0.0 0.107991 0.0 0.249543 0.54558 0.0 0.513657 0.399364 0.994001 0.0 0.169037 0.0 0.0 0.0 0.910342 0.0 8.9407e-08 0.0 0.0 0.00708485 0.0 0.0 0.0 0.0 0.000573218 0.865623 0.873335 0.00338274 0.0 0.0 0.0 0.0868263 0.0 0.0 0.00103176 0.0 0.0 0.0 0.0 0.0437709 0.000725329 0.0 0.946048 0.0 0.0 0.0 0.0 0.0 0.0 0.0 0.0 0.00322834 0.0 0.0 0.0 0.0 0.0 0.999201 0.0 0.0 0.040111 0.999331 5.96046e-07 0.0
0.0 0.0 0.0 0.0 0.0 0.0 0.0 0.0 0.0 0.0 0.0 0.0 0.0 0.0 0.0 0.0 0.0 0.0 0.0 0.0 0.0 0.94242 0.0 0.0 0.0 0.0 0.0 0.0 0.0 3.8743e-07 0.0 0.0 0.0 0.0 0.0 0.0 0.0 0.0 0.0 0.0 0.0 0.0 0.0 2.38419e-07 0.0 0.0 0.0 0.0 0.0 0.0 0.0 0.0 0.0 0.0 0.0 0.0 0.0 0.0 0.0 0.0 0.0 0.0 0.0 0.0
0.0 0.0 0.0 0.0 0.0 0.0 0.0 0.0 0.0 0.991117 0.0 0.0 0.0 0.0 0.0 0.0 0.0 0.0 0.0 0.0 0.0 0.0 1.19209e-07 0.0 0.0 0.0 0.0 0.0 0.0 0.0 0.0 0.0 0.0 0.0 0.0 0.0 0.0 0.0 0.0 0.0 0.0 0.0 0.0 0.0 0.0 0.0 0.0 0.0 0.0 0.0 0.0 0.0 0.0 0.0 0.0 0.0 0.0 0.0 0.0 0.0 0.0 0.0 0.0 0.0
0.0 0.0 0.0 0.0 0.0 0.0 0.0 0.0 0.0 0.0 0.0 0.0 0.0 0.0 0.0 0.0 0.0 0.0 0.0 0.0 0.0 0.0 0.0 0.0 0.0 0.0 0.0 0.0 0.0 0.0 0.0 0.0 0.0 0.0 0.0 0.0 0.0 0.0 0.996674 0.0 0.0 0.0 0.0 0.0 0.0 2.98023e-08 0.0 0.0 0.0 0.0 0.0 0.0 0.0 0.0 0.0 0.0 0.0 0.0 0.0 0.0 0.0 0.0 0.0 0.0
0.0 0.0 0.0 0.0 0.0 0.0 0.0 0.0 0.0 0.0 0.0 0.000174433 0.0 0.0 0.0 0.0 0.0 0.0 0.0 0.0 0.0 0.0 0.00249165 0.0 0.0 0.0 0.0 0.0 0.0 0.0 0.0 0.0 0.0 0.0 0.0 0.0 0.0 0.0 0.0 0.0 0.0 0.999543 0.0 0.0 0.0 0.0 0.0 0.0 0.0 0.0 0.0 0.0 0.0 0.0 0.0 0.0 0.0 0.0 0.0 0.0 0.0 0.0 0.0 0.0
1.78814e-07 0.0 0.975829 0.0 0.0 0.0 0.0 0.0 0.0 0.0 0.0 0.0 0.732967 0.0 0.0 0.0 0.0 0.98456 0.0 0.0 0.0 0.0 0.0 0.0 0.0 0.0 0.0 0.0 0.0 0.0 0.0 0.0 0.0 0.0 0.0 0.0 0.0 0.0 0.0 0.0 0.0 0.0 0.0 0.0 0.0 0.0 0.0 0.140218 0.0 0.0 0.0 0.0 0.000778437 0.059426 0.0 0.0 0.120327 0.0 0.0 3.57628e-07 0.0 0.0 0.0 0.0
0.0 0.0 2.68221e-06 0.0 0.0 0.0 0.0 0.0 0.0 0.0 0.0 0.0 0.0 0.539626 0.0 0.0 1.87755e-06 5.96046e-08 0.0 0.0 0.0 0.0 0.0 0.0 0.0 0.0 0.0 0.0 0.0 0.0 0.0 0.0 0.0 0.0 0.0 0.816984 0.0 0.0 0.0 0.0 0.0 0.0 0.0 0.0 0.0 0.0 0.0 0.0 7.33137e-06 0.0 0.0 0.0 0.876856 0.000182122 0.0 0.0 0.0 0.0 0.0 0.0 0.0 0.0 3.57628e-07 0.0
0.0 0.0 0.0 0.0 0.0 0.611787 0.0 0.0 0.0 0.0 0.0 0.0 0.0 0.0 0.0 0.0 0.0 0.0 0.0 0.0 0.0 0.0 0.0 0.98177 0.0 0.0 0.0 0.0 0.0 0.0 0.0 0.0 0.0 0.0 0.0 0.0 0.0 0.0 0.0 0.0 0.0 0.0 0.0 0.0 0.0 0.0 0.0 0.0 0.0 0.0 0.0 0.0 0.0 0.0 0.00217614 0.0 0.0 0.0 0.0 0.0 0.0 0.0 0.0 0.0
3.16501e-05 0.0 0.777586 0.0 0.0 0.0 0.0 0.0 0.0 0.0 0.0 0.0 0.962199 0.0 0.0 0.0 0.0 0.587119 1.19209e-07 0.0 0.0 0.0 0.0 0.0 0.0 0.0 0.0 0.0 0.0 0.0 0.0 0.0 0.0 0.0 0.0 0.0 0.0 0.0 0.0 0.0 0.0 0.0 0.0 0.0 0.0 0.0 0.0 0.117164 0.0 0.0 0.0 0.0 9.23872e-07 0.000871003 0.0 0.0 0.658454 0.0 8.67248e-06 7.45654e-05 0.0 0.0 0.0 0.0
0.0 0.000120193 0.0 0.000356019 9.71556e-06 0.0 0.0 6.25849e-07 0.0 0.0 0.000394702 0.0 0.0 0.0517105 1.90735e-06 0.0 0.948987 0.0 0.0 0.00133687 0.0 0.0 0.0 0.0 0.0 0.0 0.0 0.0 0.0 0.0 0.0 0.0 0.0 0.0 0.152038 0.000414908 0.0 0.0 0.0 0.0 0.00139964 0.0 0.0 0.0 0.0 0.0 0.0 0.0 0.124514 0.0 0.0 0.00273708 4.47035e-07 0.0 0.0 0.0 0.0 0.0 0.0 0.0 0.0 0.0 0.32675 0.0
0.0 0.0 0.0 0.0 0.0 0.0 0.0 0.0 0.0 0.0 0.0 0.0 0.0 0.0 0.0 0.0 0.0 0.0 0.0 0.0 6.32405e-05 0.0 0.0 0.0 0.0 0.0 0.0 0.0 2.98023e-08 0.0 0.0 0.0 0.0003317 0.0 0.0 0.0 0.0 0.0 5.96046e-08 0.0 0.0 0.0 0.0 0.0 0.0 0.0 0.0 0.0 0.0 3.8743e-07 0.0 0.0 0.0 0.0 0.0 0.998969 0.0 0.0 0.0 0.0 0.0 0.0 0.0 0.0
5.78165e-06 0.0 0.767978 0.0 0.0 0.0 0.0 0.0 0.0 0.0 0.0 0.0 0.981935 0.0 0.0 0.0 0.0 0.535336 0.0 0.0 0.0 0.0 0.0 0.0 0.0 0.0 0.0 0.0 0.0 0.0 0.0 0.0 0.0 0.0 0.0 0.0 0.0 0.0 0.0 0.0 0.0 0.0 0.0 0.0 0.0 0.0 0.0 0.0150896 0.0 0.0 0.0 0.0 1.49906e-05 0.00639403 0.0 0.0 0.101628 0.0 2.05636e-06 1.55568e-05 0.0 0.0 0.0 0.0
0.0 0.0 0.0 0.0 0.0 0.98346 0.0 0.0 0.0 0.0 0.0 0.0 0.0 0.0 0.0 0.0 0.0 0.0 0.0 0.0 0.0 0.0 0.0 0.0689611 0.0 0.0 0.0 0.0 0.0 0.0 0.0 0.0 5.96046e-08 0.0 0.0 0.0 0.0 0.0 0.0 0.0 0.0 0.0 0.0 0.0 0.0 0.0 0.0 0.0 0.0 1.50502e-05 0.0 0.0 0.0 0.0 0.000867605 0.0 0.0 0.0 0.0 0.0 0.0 0.0 0.0 0.0
0.0 0.0 0.0 0.0 0.0 5.00679e-05 0.0 0.0 0.0 0.0 0.0 0.0 0.0 0.0 0.0 0.0 0.0 0.0 0.0 0.0 4.29153e-06 0.0 0.0 2.3067e-05 0.0 0.0 0.0 0.0 0.0 0.0 0.0 0.0 0.000112057 0.0 0.0 0.0 0.0 0.0 0.0 0.0 0.0 0.0 0.0 0.0 1.10269e-06 2.98023e-08 0.0 0.0 0.0 0.000208139 0.0 0.0 0.0 0.0 0.995077 0.0 0.0 0.0 0.0 0.0 0.0 0.0 0.0 0.0
5.66244e-07 0.0 0.817561 0.0 0.0 0.0 0.0 0.0 0.0 0.0 0.0 0.0 0.086201 0.0 0.0 0.0 0.0 0.431951 3.8743e-07 0.0 0.0 0.0 0.0 0.0 0.0 0.0 0.0 0.0 0.0 0.0 0.0 0.0 0.0 0.0 0.0 0.0 0.0 0.0 0.0 0.0 0.0 0.0 0.0 0.0 0.0 0.0 0.0 0.979861 0.0 0.0 0.0 0.0 5.06639e-07 0.000843495 0.0 0.0 0.682973 0.0 1.11759e-05 5.45681e-05 0.0 0.0 0.0 0.0
0.0 0.966496 0.0 0.932229 0.308892 0.0 1.55866e-05 0.069428 0.00717941 0.0 0.999019 0.0 0.0 1.19209e-07 0.885194 0.0 0.0266914 0.0 0.0 0.751678 0.0 0.0 0.0 0.0 0.00198197 7.34329e-05 7.15256e-07 3.83258e-05 0.0 0.0 0.0 1.19209e-07 0.0 0.0 0.987968 0.0 0.0 0.0 0.0 1.19209e-07 0.85139 0.0 0.0599788 0.0 0.0 0.0 2.08616e-07 0.0 0.00235054 0.0 0.0 0.647261 0.0 0.0 0.0 0.0 0.0 0.0779354 0.0 0.0 4.76837e-07 0.0225515 0.0183787 0.0
4.02033e-05 0.0 0.341366 0.0 0.0 0.0 0.0 0.0 0.0 0.0 0.0 0.0 0.0918008 0.0 0.0 0.0 0.0 0.192111 5.87106e-06 0.0 0.0 0.0 0.0 0.0 0.0 0.0 0.0 0.0 0.0 0.0 0.0 0.0 0.0 0.0 0.0 0.0 0.0 0.0 0.0 0.0 0.0 0.0 0.0 0.0 0.0 0.0 0.0 0.657138 0.0 0.0 0.0 0.0 2.98023e-08 3.25441e-05 0.0 0.0 0.978273 0.0 0.000114322 0.00125828 0.0 0.0 0.0 0.0
0.868847 0.0 0.0 0.0 0.0 0.0 0.0 0.0 0.0 0.0 0.0 0.0 2.08616e-07 0.0 0.0 0.0 0.0 0.0 1.78814e-07 0.0 0.0 0.0 0.0 0.0 0.0 0.0 0.0 0.0 0.0 0.0 1.2517e-06 0.0 0.0 0.0 0.0 0.0 0.0 0.0 0.0 0.0 0.0 0.0 0.0 0.0 0.0 0.0 0.0 1.19209e-07 0.0 0.0 0.0 0.0 0.0 0.0 0.0 0.0 1.25766e-05 0.0 0.000381202 0.000220507 0.0 0.0 0.0 0.0
0.0 0.000654519 0.0 3.00109e-05 0.00162667 0.0 0.997029 0.00023669 0.758448 0.0 2.21133e-05 0.0 0.0 0.0 0.000659883 0.0 0.0 0.0 0.0 3.09944e-06 0.0 0.0 0.0 0.0 1.80602e-05 0.978426 0.528171 0.00875002 0.0 0.0 0.0 0.368697 0.0 0.0 3.57628e-07 0.0 0.0 0.0 0.0 0.989434 1.01328e-06 0.0 0.804169 0.0 0.0 0.0 0.0 0.0 0.0 0.0 0.0 2.6226e-06 0.0 0.0 0.0 0.0 0.0 0.0445617 0.0 0.0 0.998726 0.101641 0.0 0.0
0.0 0.00134772 0.0 0.000188559 0.0091455 0.0 0.998581 0.000414371 0.778807 0.0 2.40207e-05 0.0 0.0 0.0 0.00199291 0.0 0.0 0.0 0.0 6.82473e-06 0.0 0.0 0.0 0.0 0.000250876 0.980537 0.965708 0.479341 0.0 0.0 0.0 0.367937 0.0 0.0 8.64267e-07 0.0 0.0 0.0 0.0 0.99667 1.46031e-06 0.0 0.705582 0.0 0.0 0.0 0.0 0.0 0.0 0.0 0.0 5.39422e-06 0.0 0.0 0.0 0.0 0.0 0.152443 0.0 0.0 0.995858 0.121302 0.0 0.0
0.0 0.0 0.0 0.0 0.0 0.0 0.0 0.0 0.0 0.0 0.0 0.0 0.0 0.0 0.0 0.00100783 0.0 0.0 0.0 0.0 0.0 0.0 0.0 0.0 0.0 0.0 0.0 0.0 6.48499e-05 0.999735 0.0 0.0 0.0 0.0 0.0 0.0 0.0 0.0 0.0 0.0 0.0 0.0 0.0 2.38419e-07 0.0 0.0 0.0 0.0 0.0 0.0 0.0 0.0 0.0 0.0 0.0 0.0 0.0 0.0 0.0 0.0 0.0 0.0 0.0 0.0
2.0504e-05 0.0 0.0 0.0 0.0 0.0 0.0 0.0 0.0 0.0 0.0 0.0 0.0 0.0 0.0 0.0 0.0 0.0 0.0648004 0.0 0.0 0.0 0.0 0.0 0.0 0.0 0.0 0.0 0.0 0.0 0.982321 0.0 0.0 0.0 0.0 0.0 0.0 0.0 0.0 0.0 0.0 0.0 0.0 0.0 0.0 0.0 0.0 0.0 0.0 0.0 0.0 0.0 0.0 0.0 0.0 0.0 0.0 0.0 0.0198598 0.00717714 0.0 0.0 0.0 0.0937323
0.0 0.0 0.0 0.0 0.0 0.0 0.0 0.0 0.0 0.0 0.0 0.0 0.0 0.0 0.0 0.0 0.0 0.0 0.0 0.0 0.0 0.991812 0.0 0.0 0.0 0.0 0.0 0.0 0.0 0.0 0.0 0.0 0.0 0.0 0.0 0.0 0.0 0.0 0.0 0.0 0.0 0.0 0.0 0.000579774 0.0 0.0 0.0 0.0 0.0 0.0 0.0 0.0 0.0 0.0 0.0 0.0 0.0 0.0 0.0 0.0 0.0 0.0 0.0 0.0
0.0 0.666037 0.0 0.181697 0.0625449 0.0 0.0822432 0.0 0.00334951 0.0 0.000490963 0.0 0.0 0.0 0.724469 0.0 5.86212e-05 0.0 0.0 1.03414e-05 0.0 0.0 0.0 0.0 0.0 0.136199 0.248299 0.0 1.49012e-07 0.0 0.0 0.000462681 0.0 0.0 2.17557e-06 0.0 0.0 0.0 0.0 0.000344038 0.0685797 0.0 0.0887415 0.0 0.0 0.0 0.0 0.0 0.0 0.0 0.0 0.0 0.0 0.0 0.0 0.0 0.0 0.930648 0.0 0.0 0.0767088 0.0157132 0.0 0.0
0.0 0.0 0.0 0.0 0.0 0.0 0.0 0.0 0.0 0.0 0.0 0.0 0.0 0.0 0.0 0.0 0.0 0.0 0.0 0.0 0.0 0.0 0.0 0.0 0.0 0.0 0.0 0.0 0.0 0.0 0.0 0.0 0.0 0.0 0.0 0.0 0.0 0.0 0.0 0.0 0.0 0.0 0.0 0.0 0.0 0.0 0.0 0.0 0.0 0.0 0.0 0.0 0.99958 0.0 0.0 0.0 0.0 0.0 0.0 0.0 0.0 0.0 0.0 0.0
0.0 0.0435271 0.0 0.136035 0.00468114 0.0 0.0203819 0.0 0.190716 0.0 0.00238043 0.0 0.0 0.0 0.148904 0.0 3.57628e-06 0.0 0.0 1.52588e-05 0.0 0.0 0.0 0.0 0.0 0.00886548 0.708373 0.0 0.0 0.0 0.0 0.00118196 0.0 0.0 7.689e-05 0.0 0.0 2.08616e-07 2.08616e-07 0.00549638 0.527605 0.0 0.9905 0.0 0.0 0.0 0.0 0.0 0.0 0.0 0.0 0.0 0.0 0.0 0.0 0.0 0.0 0.00184369 0.0 0.0 0.036524 0.000847131 0.0 0.0
0.0 0.966034 0.0 0.212731 0.322548 0.0 0.00330848 0.0 0.000447094 0.0 0.095735 0.0 0.0 0.0 0.0240187 0.0 0.000136703 0.0 0.0 0.00130147 0.0 0.0 0.0 0.0 0.0 0.000346184 0.00388438 0.0 2.98023e-08 0.0 0.0 1.60336e-05 0.0 0.0 0.00183284 0.0 0.0 0.0 1.54972e-06 0.00198019 0.00154519 0.0 0.888539 0.0 0.0 0.0 0.0 0.0 0.0 0.0 0.0 1.19209e-07 0.0 0.0 0.0 0.0 0.0 0.133262 0.0 0.0 8.23736e-05 7.64132e-05 0.0 0.0
0.0 0.0 0.0 0.0 0.0 0.000529677 0.0 0.0 0.0 8.64267e-07 0.0 0.0 0.0 0.0 0.0 0.0 0.0 0.0 0.0 0.0 2.98023e-08 0.0 0.0 0.99533 0.0 0.0 0.0 0.0 0.0 0.0 0.0 0.0 8.9407e-08 0.0 0.0 0.0 0.0 0.0 0.0 0.0 0.0 0.0 0.0 0.0 0.009902 0.0 0.0 0.0 0.0 0.0 0.0 0.0 0.0 0.0 0.0 0.0 0.0 0.0 0.0 0.0 0.0 0.0 0.0 0.0
0.0 0.000115424 0.0 4.42266e-05 2.68221e-07 0.0 0.926767 0.0 6.80685e-05 0.0 8.9407e-08 0.0 0.0 0.0 0.0288461 0.0 0.0 0.0 0.0 0.0 0.0 0.0 0.0 0.0 8.9407e-08 0.0807798 0.00226873 0.0 0.0 0.0 0.0 0.517487 0.0 0.0 0.0 0.0 0.0 0.0 0.0 0.954815 0.0912391 0.0 0.00279775 0.0 0.0 0.0 0.0 0.0 0.0 0.0 0.0 0.0 0.0 0.0 0.0 0.0 0.0 2.38419e-06 0.0 0.0 0.0488693 0.564192 0.0 0.0
0.0 0.000274003 0.0 0.000362605 0.218023 0.0 0.0 0.000267774 0.00103971 0.0 0.0845967 0.0 0.0 0.0 4.17233e-07 0.0 0.991528 0.0 0.0 0.940077 0.0 0.0 0.0 0.0 0.0 0.0 8.9407e-08 0.0 0.0 0.0 0.0 0.0 0.0 0.0 0.00251618 2.98023e-07 0.0 0.0 4.66108e-05 0.0 0.0 0.0 1.13547e-05 0.0 0.0 0.0 0.0 0.0 0.0 0.0 0.0 0.00646335 0.0 0.0 0.0 0.0 0.0 0.00340503 0.0 0.0 0.0 0.0 0.000469327 0.0
0.0 0.00996625 0.0 0.0211496 0.00748369 0.0 0.901738 0.0 0.510814 0.0 2.0653e-05 0.0 0.0 0.0 0.9671 0.0 2.41399e-06 0.0 0.0 4.76837e-07 0.0 0.0 0.0 0.0 1.49012e-07 0.862407 0.413705 0.0 0.0 0.0 0.0 0.0134408 0.0 0.0 3.57628e-07 0.0 0.0 0.0 0.0 0.00851929 0.857766 0.0 0.00887975 0.0 0.0 0.0 0.0 0.0 0.0 0.0 0.0 0.0 0.0 0.0 0.0 0.0 0.0 0.047241 0.0 0.0 0.932238 0.0505741 0.0 0.0
0.0 0.000932336 0.0 0.006488 6.24657e-05 0.0 0.945793 0.0 0.118798 0.0 1.69873e-06 0.0 0.0 0.0 0.455829 0.0 3.8743e-07 0.0 0.0 1.19209e-07 0.0 0.0 0.0 0.0 7.7486e-07 0.380105 0.350841 0.0 0.0 0.0 0.0 0.272979 0.0 0.0 2.98023e-08 0.0 0.0 1.19209e-07 0.0 0.223287 0.997444 0.0 0.22336 0.0 0.0 0.0 0.0 0.0 0.0 0.0 0.0 0.0 0.0 0.0 0.0 0.0 0.0 0.000284582 0.0 0.0 0.809328 0.1433 0.0 0.0
0.0 0.0319295 0.0 0.764146 0.135739 0.0 0.0301577 0.0 0.990424 0.0 0.0238552 0.0 0.0 0.0 0.0875958 0.0 0.000216156 0.0 0.0 0.000221372 0.0 0.0 0.0 0.0 0.0 0.00459456 0.0192195 0.0 0.0 0.0 0.0 1.2666e-05 0.0 0.0 0.00110507 0.0 0.0 2.98023e-08 8.40425e-06 0.00826085 0.0206417 0.0 0.264409 0.0 0.0 0.0 0.0 0.0 0.0 0.0 0.0 0.0 0.0 0.0 0.0 0.0 0.0 0.0259925 0.0 0.0 0.00100687 1.91033e-05 0.0 0.0
0.0 0.0 0.0 5.96046e-08 5.06639e-07 0.0 0.0 0.0279614 2.98023e-08 0.0 0.000196695 1.11759e-05 0.0 0.0 0.0 0.0 1.19209e-06 0.0 0.0 3.35276e-05 0.0 0.0 0.0 0.0 0.0 0.0 0.0 0.0 0.0 0.0 0.0 0.0 0.0 0.0 0.0909113 8.61287e-06 0.0 0.0 0.996861 0.0 0.0 0.0 0.0 0.0 0.0 0.0 0.0 0.0 0.0 0.0 0.0 0.00584227 0.0 0.0 0.0 0.0 0.0 2.98023e-08 0.0 0.0 0.0 0.0 0.0170015 0.0
0.1876 0.0 0.614195 0.0 0.0 0.0 0.0 0.0 0.0 0.0 0.0 0.0 0.953389 0.0 0.0 8.9407e-08 0.0 0.00099653 2.08616e-07 0.0 0.0 0.0 0.0 0.0 0.0 0.0 0.0 0.0 0.0 0.0 0.00938708 0.0 0.0 5.96046e-08 0.0 0.0 0.969376 0.0 0.0 0.0 0.0 0.0 0.0 0.0 0.0 0.0 0.0 0.114906 0.0 0.0 2.98023e-07 0.0 0.0 0.0125932 0.0 0.0 0.987664 0.0 0.0184721 0.015399 0.0 0.0 0.0 0.0
0.0 0.0 0.0 2.98023e-08 1.3411e-06 0.0 0.0 0.863755 0.0 0.0 0.000731289 2.98023e-08 0.0 0.0 0.0 1.19209e-07 0.000194728 0.0 0.0 0.0104304 0.0 0.0 0.0 0.0 0.0 0.0 0.0 0.0 0.0 0.0 0.0 0.0 0.0 0.0 0.00231141 0.00039342 0.0 0.0 0.0608975 0.0 0.0 0.0 0.0 0.0 0.0 0.0 0.0 0.0 2.38419e-07 0.0 0.0 0.305075 0.0 0.0 0.0 0.0 0.0 8.9407e-08 0.0 0.0 0.0 0.0 0.989994 0.0
0.0 0.000234962 0.0 2.35438e-06 1.37091e-06 0.0 0.307204 0.0 1.19209e-06 0.0 0.0 0.0 0.0 0.0 0.0935843 0.0 0.0 0.0 0.0 0.0 0.0 0.0 0.0 0.0 0.0 0.0609041 0.00682965 0.0 2.98023e-08 0.0 0.0 0.168887 0.0 0.0 0.0 0.0 0.0 0.0 0.0 0.0661417 0.0351665 0.0 0.00015828 0.0 0.0 0.0 0.0 0.0 0.0 0.0 0.0 0.0 0.0 0.0 0.0 0.0 0.0 3.41237e-05 0.0 0.0 0.0348022 0.980608 0.0 0.0
0.0 0.0 0.0 0.0 0.0 1.19209e-07 0.0 0.0 0.0 0.00466725 0.0 0.0 0.0 0.0 0.0 0.0 0.0 0.0 0.0 0.0 0.981453 0.0 5.96046e-06 0.0 0.0 0.0 0.0 0.000288755 0.0 0.0 0.0 0.0 0.000854999 0.0 0.0 0.0 0.0 0.0 0.0 0.0 0.0 0.0 0.0 0.0 8.11219e-05 0.0 0.0 0.0 0.0 0.0 0.0 0.0 0.0 0.0 2.08616e-07 0.0 0.0 0.0 0.0 0.0 0.0 0.0 0.0 0.0
0.0 0.163342 0.0 0.564992 0.498084 0.0 6.85453e-07 1.23382e-05 0.00697657 0.0 0.996549 0.0 0.0 0.0 3.66271e-05 0.0 0.0117992 0.0 0.0 0.0913584 0.0 0.0 0.0 0.0 0.0 1.19209e-07 2.35736e-05 0.0 0.0 0.0 0.0 0.0 0.0 0.0 0.814021 0.0 0.0 0.0 0.00981823 7.7486e-07 1.75834e-06 0.0 0.159994 0.0 0.0 0.0 0.0 0.0 0.0 0.0 0.0 4.03225e-05 0.0 0.0 0.0 0.0 0.0 0.0979172 0.0 0.0 8.9407e-08 0.0 3.62992e-05 0.0
0.0 0.0 0.0 0.0 0.0 0.0 0.0 0.0 0.0 0.0 0.0 0.0 0.0 5.96046e-08 0.0 0.0 0.0 0.0 0.0 0.0 0.0 0.0 0.0 0.0 0.0 0.0 0.0 0.0 0.997237 0.0 0.0 0.0 0.0 0.0 0.0 0.0 0.0 0.0 0.0 0.0 0.0 0.0 0.0 0.0 0.0 0.0 0.0 0.0 0.0 0.0 0.0 0.0 0.0 0.0 0.0 0.0 0.0 1.19209e-07 0.0 0.0 0.0 0.0 0.0 0.0
0.807275 0.0 0.983351 0.0 0.0 0.0 0.0 0.0 0.0 0.0 0.0 0.0 0.64757 0.0 0.0 1.19209e-07 0.0 0.0160201 1.19209e-07 0.0 0.0 0.0 0.0 0.0 0.0 0.0 0.0 0.0 0.0 0.0 0.0357174 0.0 0.0 2.08616e-07 0.0 0.0 0.651748 0.0 0.0 0.0 0.0 0.0 0.0 0.0 0.0 0.0 0.0 0.825122 0.0 0.0 3.27826e-07 0.0 0.0 0.058073 0.0 0.0 0.971394 0.0 0.684288 0.230417 0.0 0.0 0.0 0.0
0.0 0.739603 0.0 0.746492 0.901541 0.0 0.00157839 0.0 0.306152 0.0 0.111552 0.0 0.0 0.0 0.13452 0.0 0.0580367 0.0 0.0 0.0104615 0.0 0.0 0.0 0.0 0.0 0.000460118 0.00766495 0.0 0.0 0.0 0.0 1.87755e-06 0.0 0.0 0.00561947 0.0 0.0 0.0 1.23084e-05 1.14441e-05 0.00248513 0.0 0.068419 0.0 0.0 0.0 0.0 0.0 0.0 0.0 0.0 1.78814e-07 0.0 0.0 0.0 0.0 0.0 0.99799 0.0 0.0 0.000206202 1.7643e-05 2.98023e-08 0.0
0.0 0.0 0.0 0.0 0.0 8.9407e-08 0.0 0.0 0.0 0.00549132 0.0 0.0 0.0 0.0 0.0 0.0 0.0 0.0 0.0 0.0 2.82526e-05 0.0 0.0 0.000769317 0.0 0.0 0.0 2.26498e-06 0.0 1.19209e-07 0.0 0.0 0.0129939 0.0 0.0 0.0 0.0 0.0 0.0 0.0 0.0 0.0 0.0 0.0 0.986421 0.000187039 2.08616e-07 0.0 0.0 0.0 0.0 0.0 0.0 0.0 0.0 0.0 0.0 0.0 0.0 0.0 0.0 0.0 0.0 0.0
0.0 0.0 0.0 0.0 0.0 0.000146002 0.0 0.0 0.0 0.0 0.0 0.0 0.0 0.0 0.0 0.0 0.0 0.0 0.0 0.0 1.69873e-06 0.0 0.298461 0.0 0.0 0.0 0.0 8.7589e-05 0.0 0.0 0.0 0.0 0.0 0.0 0.0 0.0 0.0 0.0 0.0 0.0 0.0 0.0 0.0 0.0 0.0 0.0 0.0 0.0 0.0 4.08292e-06 0.0 0.0 0.0 0.0 0.996172 0.0 0.0 0.0 0.0 0.0 0.0 0.0 0.0 0.0
0.0 0.0 0.0 0.0 0.0 0.0 0.0 0.0 0.0 2.98023e-07 0.0 0.0 0.0 0.0 0.0 0.0 0.0 0.0 0.0 0.0 0.0 0.0 0.0 0.0 0.0 0.0 0.0 0.0 0.0 0.99954 0.0 0.0 2.0355e-05 0.0 0.0 0.0 0.0 0.0 0.0 0.0 0.0 0.0 0.0 0.0 3.24845e-06 0.0 0.0 0.0 0.0 0.0 0.0 0.0 0.0 0.0 0.0 1.40071e-06 0.0 0.0 0.0 0.0 0.0 0.0 0.0 0.0
0.0 0.0 0.0 0.0 0.0 0.0 0.0 0.0 0.0 0.0 0.0 0.0 0.0 0.0 0.0 0.0 0.0 0.0 0.0 0.0 0.0 0.0 0.0 0.0 0.0 0.0 0.0 0.0 0.0 0.0 0.0 0.0 0.0 0.0 0.0 0.0 0.0 0.999544 0.0 0.0 0.0 0.0 0.0 0.0 0.0 0.0 0.0 0.0 0.0 0.0 0.0 0.0 0.0 0.0 0.0 0.0 0.0 0.0 0.0 0.0 0.0 0.0 0.0 0.0
0.0 0.320376 0.0 0.988175 0.893298 0.0 8.58605e-05 8.9407e-08 0.331074 0.0 0.421775 0.0 0.0 0.0 0.00398934 0.0 0.00731623 0.0 0.0 0.0632784 0.0 0.0 0.0 0.0 0.0 1.80006e-05 0.00174168 0.0 0.0 0.0 0.0 2.98023e-08 0.0 0.0 0.00564164 0.0 0.0 0.0 8.49366e-06 8.10623e-06 0.00034824 0.0 0.521011 0.0 0.0 0.0 0.0 0.0 0.0 0.0 0.0 4.47035e-07 0.0 0.0 0.0 0.0 0.0 0.396711 0.0 0.0 7.27177e-06 2.08616e-07 1.49012e-07 0.0
0.0 1.27256e-05 0.0 1.66893e-06 8.9407e-08 0.0 0.803563 0.0 4.70877e-05 0.0 0.0 0.0 0.0 0.0 0.231789 0.0 0.0 0.0 0.0 0.0 0.0 0.0 0.0 0.0 5.0962e-06 0.905401 0.149545 0.0 0.0 0.0 0.0 0.765982 0.0 0.0 0.0 0.0 0.0 0.0 0.0 0.00610936 0.690262 0.0 7.11679e-05 0.0 0.0 0.0 0.0 0.0 0.0 0.0 0.0 0.0 0.0 0.0 0.0 0.0 0.0 2.11596e-06 0.0 0.0 0.939256 0.78941 0.0 0.0
0.0 2.11596e-06 0.0 1.2517e-06 2.98023e-08 0.0 0.0460768 0.0 1.07586e-05 0.0 0.0 0.0 0.0 0.0 0.00690204 0.0 0.0 0.0 0.0 0.0 0.0 0.0 0.0 0.0 7.15256e-07 0.170369 0.166824 0.0 0.0 0.0 0.0 0.0824799 0.0 0.0 0.0 0.0 0.0 0.0 0.0 0.000151366 0.329198 0.0 9.52482e-05 0.0 0.0 0.0 0.0 0.0 0.0 0.0 0.0 0.0 0.0 0.0 0.0 0.0 0.0 4.17233e-07 0.0 0.0 0.242996 0.0138569 0.0 0.0
0.0 0.00340044 0.0 0.000565827 2.21431e-05 0.0 0.975572 0.0 0.00517565 0.0 1.78814e-07 0.0 0.0 0.0 0.928328 0.0 2.98023e-08 0.0 0.0 0.0 0.0 0.0 0.0 0.0 1.01328e-06 0.993324 0.860855 0.0 0.0 0.0 0.0 0.272462 0.0 0.0 0.0 0.0 0.0 0.0 0.0 0.0183921 0.894514 0.0 0.00229248 0.0 0.0 0.0 0.0 0.0 0.0 0.0 0.0 0.0 0.0 0.0 0.0 0.0 0.0 0.000667274 0.0 0.0 0.953724 0.677089 0.0 0.0
0.0 0.0 0.0 0.0 0.0 0.0 0.0 0.0 0.0 2.38419e-07 0.0 0.0 0.0 0.0 0.0 0.0 0.0 0.0 0.0 0.0 0.0 0.0 0.0 0.0 0.0 0.0 0.0 0.0 0.0 0.0 0.0 0.0 2.68221e-07 0.0 0.0 0.0 0.0 0.0 0.0 0.0 0.0 0.0 0.0 0.0 4.32134e-06 0.990986 7.07507e-05 0.0 0.0 0.0 0.0 0.0 0.0 0.0 0.0 0.0 0.0 0.0 0.0 0.0 0.0 0.0 0.0 0.0
0.0 0.526715 0.0 0.0297042 0.0356668 0.0 0.994796 0.0 0.0505479 0.0 0.000340521 0.0 0.0 0.0 0.99914 0.0 4.08292e-05 0.0 0.0 5.39422e-06 0.0 0.0 0.0 0.0 2.68221e-07 0.946974 0.782984 0.0 2.98023e-08 0.0 0.0 0.831108 0.0 0.0 3.18885e-06 0.0 0.0 0.0 5.96046e-08 0.0896527 0.898375 0.0 0.250865 0.0 0.0 0.0 0.0 0.0 0.0 0.0 0.0 0.0 0.0 0.0 0.0 0.0 0.0 0.256581 0.0 0.0 0.925348 0.911261 0.0 0.0
0.89738 0.0 0.204691 0.0 0.0 0.0 0.0 0.0 0.0 0.0 0.0 0.0 0.236378 0.0 0.0 0.0 0.0 1.96695e-06 2.88188e-05 0.0 0.0 0.0 0.0 0.0 0.0 0.0 0.0 0.0 0.0 0.0 0.804601 0.0 0.0 0.0 0.0 0.0 0.0515041 0.0 0.0 0.0 0.0 0.0 0.0 0.0 0.0 0.0 0.0 0.0024125 0.0 0.0 0.0 0.0 0.0 6.10948e-06 0.0 0.0 0.382216 0.0 0.933938 0.926813 0.0 0.0 0.0 0.0
0.0 0.0 0.0 0.0 0.0 0.0 0.000420719 0.0 0.0 0.0 0.0 0.0 0.0 0.0 5.66244e-07 0.0 0.0 0.0 0.0 0.0 0.0 0.0 0.0 0.0 6.05285e-05 0.000147015 1.81794e-06 0.0 0.0 0.0 0.0 0.0263688 0.0 0.0 0.0 0.0 0.0 0.0 0.0 1.75834e-06 0.000121444 0.0 0.0 0.0 0.0 0.0 0.0 0.0 0.0 0.0 0.0 0.0 0.0 0.0 0.0 0.0 0.0 0.0 0.0 0.0 0.000351906 0.00064522 0.0 0.0
0.0 0.0 0.0 0.0 0.0 0.981417 0.0 0.0 0.0 0.0 0.0 0.0 0.0 0.0 0.0 0.0 0.0 0.0 0.0 0.0 9.71556e-06 0.0 2.0057e-05 0.00120598 0.0 0.0 0.0 2.98023e-06 0.0 0.0 0.0 0.0 0.0 0.0 0.0 0.0 0.0 0.0 0.0 0.0 0.0 0.0 0.0 0.0 3.18885e-06 0.0 0.0 0.0 0.0 1.49012e-07 0.0 0.0 0.0 0.0 0.00171781 0.0 0.0 0.0 0.0 0.0 0.0 0.0 0.0 0.0
0.0 0.0 0.0 0.0 0.0 0.0 0.0 0.0 0.0 0.308691 0.0 0.0 0.0 0.0 0.0 0.0 0.0 0.0 0.0 0.0 3.51667e-05 0.0 0.0 0.0 0.0 0.0 0.0 0.0 0.0 4.17233e-07 0.0 0.0 0.983914 0.0 0.0 0.0 0.0 0.0 0.0 0.0 0.0 0.0 0.0 0.0 0.000210971 7.7486e-07 0.00389922 0.0 0.0 0.0 0.0 0.0 0.0 0.0 0.0 0.0 0.0 0.0 0.0 0.0 0.0 0.0 0.0 0.0
0.0 0.000607371 0.0 0.0258308 0.0397056 0.0 0.0 4.90248e-05 0.0159655 0.0 0.171016 0.0 0.0 0.0 1.75834e-06 0.0 0.00358149 0.0 0.0 0.177185 0.0 0.0 0.0 0.0 0.0 0.0 1.01328e-06 0.0 0.0 0.0 0.0 0.0 0.0 0.0 0.868308 0.0 0.0 0.0 0.011398 1.19209e-07 8.9407e-08 0.0 0.00124058 0.0 0.0 0.0 0.0 0.0 0.0 0.0 0.0 0.000554621 0.0 0.0 0.0 0.0 0.0 0.000730664 0.0 0.0 0.0 0.0 3.3319e-05 0.0
0.0 0.0 2.98023e-08 0.0 0.0 0.0 0.0 6.85453e-07 0.0 0.0 0.0 0.0671116 2.98023e-08 0.0 0.0 0.876988 0.0 0.0115804 0.0 0.0 0.0 0.0 0.0 0.0 0.0 0.0 0.0 0.0 0.0 0.0 0.0 0.0 0.0 0.651754 0.0 0.0130088 0.0 0.0 0.0 0.0 0.0 0.0 0.0 0.0 0.0 0.0 0.0 3.91304e-05 0.985744 0.0 0.00680438 2.98023e-08 0.0 0.00477502 0.0 0.0 5.96046e-08 0.0 0.0 0.0 0.0 0.0 1.19209e-07 0.0
2.98023e-08 0.0 2.68221e-07 0.0 0.0 0.0 0.0 0.0 0.0 0.0 0.0 0.623127 5.06639e-07 0.0 0.0 0.0289988 0.0 8.97646e-05 0.0 0.0 0.0 0.0 0.0 0.0 0.0 0.0 0.0 0.0 0.0 0.0 0.0 0.0 0.0 0.000135154 0.0 9.86457e-06 5.96046e-08 0.0 0.0 0.0 0.0 0.0 0.0 0.0 0.0 0.0 0.0 0.000101507 0.00719109 0.0 0.996351 0.0 0.0 0.00806287 0.0 0.0 1.63913e-06 0.0 0.0 0.0 0.0 0.0 0.0 0.0
0.0 0.0253609 0.0 0.00517103 0.000235945 0.0 0.998567 0.0 0.0384174 0.0 1.13249e-06 0.0 0.0 0.0 0.896746 0.0 1.19209e-07 0.0 0.0 5.96046e-08 0.0 0.0 0.0 0.0 1.49012e-07 0.951647 0.163455 0.0 0.0 0.0 0.0 0.0391234 0.0 0.0 5.96046e-08 0.0 0.0 0.0 0.0 0.779238 0.72304 0.0 0.00572625 0.0 0.0 0.0 0.0 0.0 0.0 0.0 0.0 0.0 0.0 0.0 0.0 0.0 0.0 0.00484332 0.0 0.0 0.393759 0.266968 0.0 0.0
0.0 0.0 0.0 0.0 0.0 0.0 0.0 0.0 0.0 2.80142e-05 0.0 0.0 0.0 0.0 0.0 0.0 0.0 0.0 0.0 0.0 0.0 0.0 0.0 0.0 0.0 0.0 0.0 0.0 0.0 0.0 0.0 0.0 0.000552595 0.0 0.0 0.0 0.0 0.0 0.0 0.0 0.0 0.0 0.0 0.0 0.0 3.52263e-05 0.996844 0.0 0.0 0.0 0.0 0.0 0.0 0.0 0.0 0.0 0.0 0.0 0.0 0.0 0.0 0.0 0.0 0.0
0.0 0.0 0.0 0.0 0.0 0.0 0.00769997 0.0 0.0 0.0 0.0 0.0 0.0 0.0 9.71556e-06 0.0 0.0 0.0 0.0 0.0 0.0 0.0 0.0 0.0 0.000126928 0.00112313 2.22325e-05 0.0 0.0 0.0 0.0 0.30438 0.0 0.0 0.0 0.0 0.0 0.0 0.0 5.17964e-05 0.000700802 0.0 0.0 0.0 0.0 0.0 0.0 0.0 0.0 0.0 0.0 0.0 0.0 0.0 0.0 0.0 0.0 0.0 0.0 0.0 0.000470728 0.0200408 0.0 0.0
0.0 0.000952989 0.0 0.00555053 0.564135 0.0 0.0 0.000652999 0.00117117 0.0 0.202726 0.0 0.0 0.0 1.49012e-07 0.0 0.394678 0.0 0.0 0.993394 0.0 0.0 0.0 0.0 0.0 0.0 0.0 0.0 0.0 0.0 0.0 0.0 0.0 0.0 0.0248254 2.08616e-07 0.0 0.0 0.000243634 0.0 0.0 0.0 0.000208825 0.0 0.0 0.0 0.0 0.0 0.0 0.0 0.0 0.0143327 0.0 0.0 0.0 0.0 0.0 0.0074366 0.0 0.0 0.0 0.0 0.000651628 0.0
0.0 0.0 0.0 0.0 0.0 0.0 0.0 0.10388 0.0 0.0 2.98023e-08 0.00199845 0.0 0.0 0.0 0.0057686 8.9407e-08 1.93715e-06 0.0 3.99351e-06 0.0 0.0 0.0 0.0 0.0 0.0 0.0 0.0 0.0 0.0 0.0 0.0 0.0 0.00038293 7.30157e-06 0.995456 0.0 0.0 1.41859e-05 0.0 0.0 0.0 0.0 0.0 0.0 0.0 0.0 0.0 0.039903 0.0 9.24766e-05 0.0469745 0.0 1.49012e-07 0.0 0.0 0.0 0.0 0.0 0.0 0.0 0.0 0.00223666 0.0
0.0 6.33895e-05 0.0 7.77841e-06 1.49012e-07 0.0 0.861922 0.0 2.68519e-05 0.0 0.0 0.0 0.0 0.0 0.350758 0.0 0.0 0.0 0.0 0.0 0.0 0.0 0.0 0.0 1.19209e-07 0.691188 0.174779 0.0 0.0 0.0 0.0 0.99684 0.0 0.0 0.0 0.0 0.0 0.0 0.0 0.03504 0.58771 0.0 0.000724018 0.0 0.0 0.0 0.0 0.0 0.0 0.0 0.0 0.0 0.0 0.0 0.0 0.0 0.0 1.01924e-05 0.0 0.0 0.7878 0.964952 0.0 0.0
0.0 0.0 0.0 0.0 0.0 0.0 0.0 0.0 0.0 0.0 0.0 0.0 0.0 0.0 0.0 0.0 0.0 0.0 0.0 0.0 0.0 0.0 0.0 0.0 0.0 0.0 0.0 0.0 0.0 1.49012e-07 0.0 0.0 0.0 0.0 0.0 0.0 0.0 0.0 0.0 0.0 0.0 0.0 0.0 0.0 0.0 0.0 0.0 0.0 0.0 0.0 0.0 0.0 0.0 0.0 0.0 0.999098 0.0 0.0 0.0 0.0 0.0 0.0 0.0 0.0
0.0 0.0 0.0 0.0 0.0 0.0 6.49691e-06 0.0 0.0 0.0 0.0 0.0 0.0 0.0 8.9407e-08 0.0 0.0 0.0 0.0 0.0 0.0 0.0 0.0 0.0 0.999466 9.53674e-07 2.68221e-07 0.0 0.0 0.0 0.0 1.49012e-06 0.0 0.0 0.0 0.0 0.0 0.0 0.0 0.0 2.17557e-05 0.0 0.0 0.0 0.0 0.0 0.0 0.0 0.0 0.0 0.0 0.0 0.0 0.0 0.0 0.0 0.0 0.0 0.0 0.0 7.21216e-06 4.17233e-07 0.0 0.0
0.0 0.0 0.0 0.0 0.0 0.0 0.0 0.0 0.0 0.981956 0.0 0.0 0.0 0.0 0.0 0.0 0.0 0.0 0.0 0.0 0.00123516 0.0 0.0 0.0 0.0 0.0 0.0 0.0 0.0 0.0 0.0 0.0 0.732453 0.0 0.0 0.0 0.0 0.0 0.0 0.0 0.0 0.0 0.0 0.0 0.000924259 2.68221e-07 0.000175834 0.0 0.0 0.0 0.0 0.0 0.0 0.0 0.0 8.9407e-08 0.0 0.0 0.0 0.0 0.0 0.0 0.0 0.0
0.0 0.0 0.0 0.0 1.43051e-06 0.0 0.0 0.9875 0.0 0.0 0.000276417 6.25849e-07 0.0 0.0 0.0 5.36442e-07 7.88271e-05 0.0 0.0 0.0111731 0.0 0.0 0.0 0.0 0.0 0.0 0.0 0.0 0.0 0.0 0.0 0.0 0.0 2.98023e-08 0.0180759 0.0316476 0.0 0.0 0.112437 0.0 0.0 0.0 0.0 0.0 0.0 0.0 0.0 0.0 4.17233e-07 0.0 0.0 0.919518 0.0 0.0 0.0 0.0 0.0 0.0 0.0 0.0 0.0 0.0 0.862769 0.0
0.0 0.0 2.68221e-07 0.0 0.0 0.0 0.0 1.49012e-07 0.0 0.0 0.0 0.111492 2.98023e-07 0.0 0.0 0.981972 0.0 0.0664052 0.0 0.0 0.0 0.0 0.0 0.0 0.0 0.0 0.0 0.0 0.0 0.0 0.0 0.0 0.0 0.686814 0.0 0.000553191 1.49012e-07 0.0 0.0 0.0 0.0 0.0 0.0 0.0 0.0 0.0 0.0 0.000895053 0.933106 0.0 0.00869063 0.0 0.0 0.0105299 0.0 0.0 8.34465e-07 0.0 0.0 0.0 0.0 0.0 0.0 0.0
0.0 0.0 0.0 8.9407e-08 6.16908e-06 0.0 0.0 0.935656 0.0 0.0 0.000422269 1.49012e-07 0.0 0.0 0.0 5.96046e-08 0.000279218 0.0 0.0 0.0326562 0.0 0.0 0.0 0.0 0.0 0.0 0.0 0.0 0.0 0.0 0.0 0.0 0.0 0.0 0.00644484 0.00715542 0.0 0.0 0.0171239 0.0 0.0 0.0 0.0 0.0 0.0 0.0 0.0 0.0 1.49012e-07 0.0 0.0 0.995646 0.0 0.0 0.0 0.0 0.0 1.78814e-07 0.0 0.0 0.0 0.0 0.526973 0.0
0.0 0.0 0.0 0.0 0.0 4.47035e-07 0.0 0.0 0.0 0.0 0.0 0.0 0.0 0.0 0.0 0.0 0.0 0.0 0.0 0.0 0.00175861 0.0 4.53591e-05 0.0 0.0 0.0 0.0 0.990611 0.0 0.0 0.0 0.0 0.0 0.0 0.0 0.0 0.0 0.0 0.0 0.0 0.0 0.0 0.0 0.0 2.35438e-06 0.0 0.0 0.0 0.0 1.69873e-06 0.0 0.0 0.0 0.0 3.40641e-05 0.0 0.0 0.0 0.0 0.0 0.0 0.0 0.0 0.0
0.0 0.0 0.0 0.0 0.0 0.0 0.0 0.0 0.0 0.0 0.0 0.0 0.0 0.0 0.0 0.0 0.0 0.0 0.0 0.0 0.0 0.0 0.0 0.0 0.0 0.0 0.0 0.0 0.0 0.0 0.0 0.0 0.0 0.0 0.0 0.0 0.0 0.0 0.0 0.0 0.0 0.999912 0.0 0.0 0.0 0.0 0.0 0.0 0.0 0.0 0.0 0.0 8.9407e-08 0.0 0.0 0.0 0.0 0.0 0.0 0.0 0.0 0.0 0.0 0.0
0.0 6.85453e-05 0.0 0.00107351 0.0139019 0.0 0.0 0.00369495 1.7345e-05 0.0 0.780775 0.0 0.0 0.0 0.0 0.0 0.000721425 0.0 0.0 0.0392248 0.0 0.0 0.0 0.0 0.0 0.0 0.0 0.0 0.0 0.0 0.0 0.0 0.0 0.0 0.99877 1.01328e-06 0.0 0.0 0.133016 0.0 0.0 0.0 1.94311e-05 0.0 0.0 0.0 0.0 0.0 0.0 0.0 0.0 0.00101405 0.0 0.0 0.0 0.0 0.0 0.000420064 0.0 0.0 0.0 0.0 0.00362137 0.0
0.0 0.0 0.0 0.0 0.0 0.0 0.0 0.0 0.0 0.0 0.0 0.0 0.0 0.995862 0.0 0.0 0.0 0.0 0.0 0.0 0.0 1.19209e-07 0.0 0.0 0.0 0.0 0.0 0.0 0.0 0.0 0.0 0.0 0.0 0.0 0.0 0.0 0.0 0.0 0.0 0.0 0.0 0.0 0.0 0.0 0.0 0.0 0.0 0.0 0.0 0.0 0.0 0.0 0.0 0.0 0.0 0.0 0.0 0.0 0.0 0.0 0.0 0.0 0.0 0.0
0.0 0.0 0.0 0.0 0.0 0.0 0.0 1.25468e-05 0.0 0.0 0.0 0.995853 0.0 0.0 0.0 0.258315 0.0 2.19643e-05 0.0 0.0 0.0 0.0 0.0 0.0 0.0 0.0 0.0 0.0 0.0 0.0 0.0 0.0 0.0 0.00457773 1.49012e-07 0.0309813 0.0 0.0 1.01328e-06 0.0 0.0 0.0 0.0 0.0 0.0 0.0 0.0 0.0 0.0688072 0.0 0.276965 2.38419e-06 0.0 7.7486e-07 0.0 0.0 0.0 0.0 0.0 0.0 0.0 0.0 5.66244e-07 0.0
0.0 0.0 0.0 0.0 0.0 3.42727e-06 0.0 0.0 0.0 0.0 0.0 0.0 0.0 0.0 0.0 0.0 0.0 0.0 0.0 0.0 0.0 0.0 8.9407e-08 0.0 0.0 0.0 0.0 1.14143e-05 0.0 0.0 0.0 0.0 0.0 0.0 0.0 0.0 0.0 0.0 0.0 0.0 0.0 0.0 0.0 0.0 0.0 0.0 0.0 0.0 0.0 0.99443 0.0 0.0 0.0 0.0 2.6226e-05 0.0 0.0 0.0 0.0 0.0 0.0 0.0 0.0 0.0
0.0 0.0 0.0 0.0 0.0 2.89083e-06 0.0 0.0 0.0 0.0 0.0 0.0 0.0 0.0 0.0 0.0 0.0 0.0 0.0 0.0 1.63913e-06 0.0 0.999744 0.0 0.0 0.0 0.0 8.40425e-06 0.0 0.0 0.0 0.0 0.0 0.0 0.0 0.0 0.0 0.0 0.0 0.0 0.0 0.0 0.0 0.0 0.0 0.0 0.0 0.0 0.0 1.19209e-07 0.0 0.0 0.0 0.0 0.0060153 0.0 0.0 0.0 0.0 0.0 0.0 0.0 0.0 0.0
0.0 0.0 2.98023e-07 0.0 0.0 0.0 0.0 8.9407e-08 0.0 0.0 0.0 0.019545 1.49012e-07 0.0 0.0 0.517425 0.0 0.127321 0.0 0.0 0.0 0.0 0.0 0.0 0.0 0.0 0.0 0.0 0.0 0.0 0.0 0.0 0.0 0.974386 0.0 0.00023663 8.9407e-08 0.0 0.0 0.0 0.0 0.0 0.0 0.0 0.0 0.0 0.0 0.000947297 0.533329 0.0 6.78897e-05 0.0 0.0 0.00802898 0.0 0.0 7.45058e-07 0.0 2.98023e-08 0.0 0.0 0.0 1.19209e-07 0.0
0.0 0.0526763 0.0 0.0038105 0.000741571 0.0 0.790098 0.0 0.00174308 0.0 6.25849e-06 0.0 0.0 0.0 0.928893 0.0 2.38419e-07 0.0 0.0 0.0 0.0 0.0 0.0 0.0 8.9407e-08 0.646659 0.986173 0.0 0.0 0.0 0.0 0.0685725 0.0 0.0 0.0 0.0 0.0 5.96046e-08 0.0 0.00474507 0.589139 0.0 0.141815 0.0 0.0 0.0 0.0 0.0 0.0 0.0 0.0 0.0 0.0 0.0 0.0 0.0 0.0 0.00328553 0.0 0.0 0.636356 0.222376 0.0 0.0
0.987931 0.0 0.483279 0.0 0.0 0.0 0.0 0.0 0.0 0.0 0.0 0.0 0.246631 0.0 0.0 0.0 0.0 0.000617832 1.69873e-06 0.0 0.0 0.0 0.0 0.0 0.0 0.0 0.0 0.0 0.0 0.0 0.261653 0.0 0.0 0.0 0.0 0.0 0.18431 0.0 0.0 0.0 0.0 0.0 0.0 0.0 0.0 0.0 0.0 0.392533 0.0 0.0 2.98023e-08 0.0 0.0 0.000966191 0.0 0.0 0.818852 0.0 0.966037 0.810115 0.0 0.0 0.0 0.0
0.0 0.0 0.0 0.0 0.0 0.0 0.0 0.0 0.0 0.0 0.0 0.0 0.0 0.0 0.0 0.0 0.0 0.0 0.0 0.0 0.0 0.00094083 0.0 0.0 0.0 0.0 0.0 0.0 0.0 0.0 0.0 0.0 0.0 0.0 0.0 0.0 0.0 0.0 0.0 0.0 0.0 0.0 0.0 0.999863 0.0 0.0 0.0 0.0 0.0 0.0 0.0 0.0 0.0 0.0 0.0 0.0 0.0 0.0 0.0 0.0 0.0 0.0 0.0 0.0
0.0 0.0 0.0 0.0 0.0 0.0 0.0110769 0.0 0.0 0.0 0.0 0.0 0.0 0.0 7.77841e-06 0.0 0.0 0.0 0.0 0.0 0.0 0.0 0.0 0.0 4.12464e-05 0.000833243 1.00732e-05 0.0 0.0 0.0 0.0 0.756081 0.0 0.0 0.0 0.0 0.0 0.0 0.0 0.000721574 0.00146458 0.0 0.0 0.0 0.0 0.0 0.0 0.0 0.0 0.0 0.0 0.0 0.0 0.0 0.0 0.0 0.0 0.0 0.0 0.0 0.001623 0.0511102 0.0 0.0
0.0 1.46031e-06 0.0 1.01328e-06 0.0 0.0 0.687732 0.0 3.09944e-05 0.0 0.0 0.0 0.0 0.0 0.0330902 0.0 0.0 0.0 0.0 0.0 0.0 0.0 0.0 0.0 4.88758e-06 0.642127 0.14188 0.0 0.0 0.0 0.0 0.552927 0.0 0.0 0.0 0.0 0.0 0.0 0.0 0.00482282 0.779702 0.0 0.000115037 0.0 0.0 0.0 0.0 0.0 0.0 0.0 0.0 0.0 0.0 0.0 0.0 0.0 0.0 7.45058e-07 0.0 0.0 0.900559 0.638071 0.0 0.0
0.0 0.886791 0.0 0.853315 0.987738 0.0 5.10812e-05 1.19209e-07 0.0112243 0.0 0.761875 0.0 0.0 0.0 0.00238469 0.0 0.00721538 0.0 0.0 0.169943 0.0 0.0 0.0 0.0 0.0 6.73532e-06 0.000785619 0.0 0.0 0.0 0.0 2.98023e-08 0.0 0.0 0.0497546 0.0 0.0 0.0 1.60933e-05 2.39611e-05 4.18425e-05 0.0 0.532485 0.0 0.0 0.0 0.0 0.0 0.0 0.0 0.0 2.17557e-06 0.0 0.0 0.0 0.0 0.0 0.737786 0.0 0.0 2.68221e-06 1.78814e-07 2.68221e-07 0.0
5.23031e-05 0.0 2.08616e-07 0.0 0.0 0.0 0.0 0.0 0.0 0.0 0.0 0.0 2.17557e-06 0.0 0.0 0.0 0.0 0.0 0.967764 0.0 0.0 0.0 0.0 0.0 0.0 0.0 0.0 0.0 0.0 0.0 0.700136 0.0 0.0 0.0 0.0 0.0 1.46031e-06 0.0 0.0 0.0 0.0 0.0 0.0 0.0 0.0 0.0 0.0 0.0 0.0 0.0 0.0 0.0 0.0 0.0 0.0 0.0 4.76837e-06 0.0 0.000160396 0.000517398 0.0 0.0 0.0 0.0168868
63 30 58 56 47 17 53 12 18 59 0 33 15 28 11 36 2 43 21 32 20 45 38 50 52 55 54 5 44 9 46 41 13 22 49 23 24 40 7 35 62 29 27 37 3 19 16 48 4 14 25 6 42 57 10 51 1 61 60 39 31 26 8 34
