8
0.0 0.0 0.0 0.0 0.0 0.0 0.0 0.0 0.0 0.0 0.000483602 0.0 0.0 0.0 0.0 0.0 1.78814e-07 0.8957 0.0 0.0 0.0 0.0 0.0 0.0 0.0 0.0155211 0.0 0.0 0.0 0.0 0.0 0.0 0.0 0.0 0.0 0.0 0.0 0.0 0.0 0.0 0.0 0.38578 0.0 0.00775394 0.0 0.0 0.0 0.0 8.9407e-08 0.0 0.0 0.0 0.0 0.0 0.0 0.0 0.0 0.984966 0.0 0.0 0.0 0.0 0.0 0.0
0.0 1.04308e-06 0.0 0.0 0.0 0.0 0.0 0.0 0.0 0.0 0.0 0.0 0.0 0.0 0.0 0.0 1.19209e-07 7.26879e-05 0.0 0.0 0.0 0.0 0.0 0.0 0.0 0.000195444 0.0 0.0 0.0 0.0 0.0 0.0 0.0 0.0 0.0 0.0 0.0 0.0 0.0 0.0 0.0 0.000276089 0.0 0.000559241 0.0 0.0 0.0 0.0 0.0 0.0 0.0 0.0 0.0 0.0 0.0 0.0 0.0 5.51343e-06 0.0 0.0 0.0 0.0 0.0 0.0
0.0 0.0 0.0 0.0 0.0 0.0 0.0 0.0 0.0 0.0 7.66516e-05 0.0 0.0 0.0 0.0 0.0 0.000709146 0.000106305 0.0 0.0 0.0 0.0 0.0 0.0 0.0 0.987299 0.0 0.0 0.0 0.0 0.0 0.0 0.0 0.0 0.0 0.0 0.0 0.0 0.0 0.0 0.0 0.0168122 0.0 0.20984 0.0 0.0 0.0 0.0 1.58846e-05 0.0 0.0 0.0 0.0 0.0 0.0 0.0 0.0 0.000392765 0.0 0.0 0.0 0.0 0.0 0.0
0.0 0.0 4.65214e-05 0.00113052 0.0 0.0102832 0.0 0.0 0.0 0.0 0.0 0.0 0.0 0.0 0.0 0.0 0.0 0.0 0.0 0.0 0.0129259 0.0 3.44217e-05 0.000158072 0.0 0.0 0.00565487 0.0 0.0 0.000131398 0.0 0.0 0.0 0.0 0.0 0.0 0.0 2.98023e-07 0.000402987 0.0 0.0 0.0 0.0 0.0 0.0 2.98023e-08 0.0 0.0 0.0 0.980888 0.0 0.0 0.0 0.0 0.0 0.0 0.0 0.0 0.0 2.08616e-07 0.0 0.0 3.3617e-05 0.0
0.0 0.0 0.0 0.0 1.49012e-07 0.0 0.0 0.0 0.0 0.0 0.0 0.0 0.0 2.98023e-08 0.0 0.0 0.0 0.0 3.06964e-06 0.0 0.0 8.9407e-08 0.0 0.0 0.0 0.0 0.0 0.0 0.0 0.0 0.0 0.0 0.0 0.0 0.0 0.0 8.9407e-08 0.0 0.0 0.0 0.0 0.0 0.0 0.0 0.0 0.0 2.98023e-08 0.0 0.0 0.0 1.78814e-07 0.0 0.0 0.996046 0.0 0.0 0.0 0.0 0.0 0.0 0.0 0.0 0.0 0.0
0.0 0.0 0.0 0.0 0.000408798 0.0 0.0 0.0 0.00386974 0.992858 0.0 1.49012e-07 0.0 8.9407e-06 0.0 0.0 0.0 0.0 0.000131637 0.0 0.0 1.01328e-06 0.0 0.0 1.2815e-06 0.0 0.0 2.98023e-08 0.0 0.0 0.0 0.0 0.00686917 0.0 0.0 0.0 2.08616e-07 8.9407e-08 0.0 0.0 0.0 0.0 0.0 0.0 0.0 0.0 0.00934854 0.0 0.0 0.0 0.0221398 0.0 0.0 8.64267e-07 0.0 0.0 0.0 0.0 0.0 0.0 0.0 0.0 0.0 0.000143707
0.0 0.0 0.0 0.0 0.0 0.0 0.0 0.0 0.0 0.0 0.0 0.0 0.0 0.0 2.68221e-07 0.0 0.0 0.0 0.0 0.0 0.0 0.0 0.0 0.0 0.0 0.0 0.0 0.0 0.0 0.0 0.0 0.0 0.0 0.0 0.0 0.0 0.0 0.0 0.0 0.0 0.0 0.0 0.0 0.0 0.0 0.0 0.0 0.0 0.0 0.0 0.0 0.0 0.0 0.0 0.0 0.0 0.0 0.0 0.999506 0.0 0.0 0.0 0.0 0.0
0.0 0.0 0.0 0.0 0.0 0.0 0.0 0.0106051 0.0 0.0 1.10269e-06 0.0 0.0 0.0 0.0 0.991346 3.75509e-06 0.0 0.0 0.0 0.0 0.0 0.0 0.0 0.0 0.0 0.0 0.0 0.0 0.0 7.7486e-07 0.0 0.0 0.000204057 0.0 0.0 0.0 0.0 0.0 0.0 0.0 0.0 0.0 0.0 0.0 0.0 0.0 0.0 0.000189722 0.0 0.0 0.0 0.0 0.0 0.0 0.0 0.0 0.0 0.0 0.0 0.0 0.0 0.0 0.0
0.0 0.0 0.0 1.49012e-07 0.0 0.0 0.0 0.0 0.0 0.0 0.0 0.0 0.0 0.0 0.0 0.0 0.0 0.0 0.0 0.0 0.0 0.0 2.52426e-05 0.0 0.0 0.0 0.0 0.0 0.0 0.0 0.0 0.0 0.0 0.0 0.0 0.0 0.0 0.0 3.50773e-05 0.0323325 0.0 0.0 0.972615 0.0 0.0 0.0 0.0 0.0 0.0 0.0 0.0 0.0 0.0 0.0 0.0 0.0 0.0 0.0 0.0 0.0 0.0 0.0 6.21676e-05 0.0
0.0 0.0 0.0 0.0 0.0 0.0 0.0 0.0 0.0 0.0 1.78814e-07 0.0 0.0 0.0 0.0 0.0 5.36442e-07 0.000232667 0.0 0.0 0.0 0.0 0.0 0.0 0.0 0.312163 0.0 0.0 0.0 0.0 0.0 0.0 0.0 0.0 0.0 0.0 0.0 0.0 0.0 0.0 0.0 0.00522348 0.0 0.983672 0.0 0.0 0.0 0.0 0.0 0.0 0.0 0.0 0.0 0.0 0.0 0.0 0.0 0.000312865 0.0 0.0 0.0 0.0 0.0 0.0
0.0 0.0 0.0196457 4.03523e-05 0.0 0.00201687 0.0 0.0 0.0 0.0 0.0 0.0 0.0 0.000692993 0.0 0.0 0.0 0.0 2.27988e-05 0.0 0.990171 1.26362e-05 1.92225e-05 0.314991 0.0 0.0 0.0410616 2.98023e-08 0.0 0.00273257 0.0 0.0 5.96046e-08 0.0 0.0 6.8903e-05 0.0 0.0329294 6.66082e-05 0.0 0.0 0.0 0.0 0.0 0.0 0.000637114 0.0 0.0 0.0 0.0209262 0.0 0.0 0.0 0.0 0.0 0.0 0.0 0.0 0.0 0.000306875 0.0 0.0 4.76837e-07 0.0
0.0 0.0 0.0 0.0 0.0 0.0 0.0 0.0 0.0 0.0 0.0 0.0 0.0 0.0 0.0 0.0 0.0 0.0 0.0 0.0 0.0 0.0 0.0 0.0 0.0 0.0 0.0 0.0 0.0 0.0 0.0 0.0 0.0 0.0 0.999848 0.0 0.0 0.0 0.0 0.0 0.0 0.0 0.0 0.0 0.0 0.0 0.0 0.0 0.0 0.0 0.0 0.0 0.0 0.0 0.0 0.0 0.0 0.0 0.0 0.0 0.0 0.0 0.0 0.0
0.0 0.0 9.29832e-06 0.0 0.00436112 0.0 0.0 0.0 1.96695e-06 0.000609607 0.0 0.0 0.0 0.000295937 0.0 0.0 0.0 0.0 5.66244e-07 0.0 0.0 0.021878 0.0 8.04663e-07 0.0 0.0 1.78814e-07 0.00457278 0.0 9.53674e-07 0.0 0.0 0.0251528 0.0 0.0 0.00351304 0.000123888 0.000136286 0.0 0.0 0.0 0.0 0.0 0.0 0.0 2.08616e-07 1.57356e-05 0.0 0.0 0.0 0.00505689 0.0 0.0 1.66893e-06 0.0 0.0 2.68221e-06 0.0 0.0 0.0 0.0 0.0 0.0 0.967321
0.0 0.0 2.08616e-07 0.0 0.0263538 0.0 0.0 0.0 0.0 8.9407e-08 0.0 0.0 0.0 0.000192821 0.0 0.0 0.0 0.0 1.16527e-05 0.0 0.0 8.07345e-05 0.0 2.98023e-08 0.0 0.0 0.0 2.08616e-07 0.0 5.96046e-08 0.0 0.0 8.07643e-06 0.0 0.0 0.00021705 0.98702 6.31809e-06 0.0 0.0 0.0 0.0 0.0 0.0 0.0 4.47929e-05 6.19888e-06 0.0 0.0 0.0 0.000194937 0.0 0.0 1.41263e-05 0.0 0.0 1.19209e-07 0.0 0.0 0.0 0.0 0.0 0.0 5.65946e-05
0.0 0.0 0.0 0.0 0.0 0.0 0.0 0.0 0.0 0.0 0.00195441 0.0 0.0 0.0 0.0 2.36928e-05 0.987657 0.0 0.0 0.0 0.0 0.0 0.0 0.0 0.0 0.000578314 0.0 0.0 0.0 0.0 0.0 0.0 0.0 0.0 0.0 0.0 0.0 0.0 0.0 0.0 0.0 3.27826e-07 0.0 2.98023e-07 0.0 0.0 0.0 0.0 0.754701 0.0 0.0 0.0 0.0 0.0 0.0 0.0 0.0 0.0 0.0 0.0 0.0 0.0 0.0 0.0
0.9845 0.0 0.0 0.0 0.0 0.0 0.0 0.0 0.0 0.0 0.0 0.0 0.0 0.0 0.0 0.0 0.0 0.0 0.0 2.98023e-08 0.0 0.0 0.0 0.0 0.0 0.0 0.0 0.0 1.49012e-07 0.0 0.0 0.0 0.0 0.0 0.0 0.0 0.0 0.0 0.0 0.0 0.0 0.0 0.0 0.0 0.0 0.0 0.0 0.0 0.0 0.0 0.0 0.0 0.0966453 0.0 0.0 0.0 0.0 0.0 0.0 0.0 0.0 0.0 0.0 0.0
0.0 0.0 0.0 0.0 0.0 0.0 0.0 0.00141537 0.0 0.0 0.000266433 0.0 0.0 0.0 0.0 0.00126457 3.45707e-06 0.0 0.0 0.0 0.0 0.0 0.0 0.0 0.0 0.0 0.0 0.0 0.0 0.0 0.0 0.0 0.0 0.0 0.0 0.0 0.0 0.0 0.0 0.0 0.0 0.0 0.0 0.0 0.0 0.0 0.0 0.0 0.000927866 0.0 0.0 0.0 0.0 0.0 0.0 0.0 0.0 8.9407e-08 0.0 0.0 0.0 0.0 0.0 0.0
0.0 0.0 0.0 0.0 0.0 0.0 0.0 0.0 0.0 0.0 2.98023e-08 0.0 0.0 0.0 0.0 0.0 0.0 0.00308174 0.0 0.0 0.0 0.0 0.0 0.0 0.0 0.126399 0.0 0.0 0.0 0.0 0.0 0.0 0.0 0.0 0.0 0.0 0.0 0.0 0.0 0.0 0.0 0.000977159 0.0 0.877369 0.0 0.0 0.0 0.0 0.0 0.0 0.0 0.0 0.0 0.0 0.0 0.0 0.0 0.000560164 0.0 0.0 0.0 0.0 0.0 0.0
0.0 0.0 0.0108636 1.49012e-07 0.0 1.49012e-07 0.0 0.0 0.0 0.0 0.0 0.0 0.0 0.000650436 0.0 0.0 0.0 0.0 2.87294e-05 0.0 0.00295526 1.51694e-05 5.96046e-08 0.00120014 0.0 0.0 0.000221133 0.0 0.0 6.39856e-05 0.0 0.0 2.5332e-06 0.0 0.0 1.3113e-05 1.57952e-06 0.00116637 0.0 0.0 0.0 0.0 0.0 0.0 0.0 0.991761 0.0 0.0 0.0 1.19209e-07 0.0 0.0 0.0 0.0 0.0 0.0 0.0 0.0 0.0 0.0584593 0.0 0.0 0.0 0.0
0.0 0.0 0.0 0.0 0.0 0.0 0.0 1.19209e-07 0.0 0.0 0.0 0.0 0.0 0.0 0.0 0.00284979 0.0 0.0 0.0 0.0 0.0 0.0 0.0 0.0 0.0 0.0 0.0 0.0 0.0 0.0 1.78814e-07 0.0 0.0 0.990345 0.0 0.0 0.0 0.0 0.0 0.0 0.0 0.0 0.0 0.0 0.0 0.0 0.0 0.0 5.96046e-08 0.0 0.0 0.0 0.0 0.0 0.0 0.0 0.0 0.0 0.0 0.0 0.0 0.0 0.0 0.0
0.0 0.0 0.00456902 0.0 1.87755e-06 0.0 0.0 0.0 0.0 0.0 0.0 0.0 0.0 0.0080981 0.0 0.0 0.0 0.0 2.68221e-07 0.0 0.000153124 0.000865608 0.0 6.59823e-05 0.0 0.0 4.49419e-05 0.0537314 0.0 0.0296383 0.0 0.0 5.6684e-05 0.0 0.0 0.990829 0.000142008 0.00115642 0.0 0.0 0.0 0.0 0.0 0.0 0.0 6.98268e-05 0.0 0.0 0.0 8.9407e-08 2.47359e-06 0.0 0.0 5.54323e-06 0.0 0.0 5.50449e-05 0.0 0.0 2.08616e-07 0.0 0.0 0.0 0.000882387
0.0 0.0 0.0356713 0.0 1.2815e-06 0.0 0.0 0.0 0.0 6.25849e-07 0.0 0.0 0.0 0.984614 0.0 0.0 0.0 0.0 0.00685957 0.0 0.000684142 0.00345361 0.0 0.00343224 0.0 0.0 0.000604868 0.00019145 0.0 0.000889033 0.0 0.0 0.0229106 0.0 0.0 0.0253722 7.88867e-05 0.382933 0.0 0.0 0.0 0.0 0.0 0.0 0.0 0.00160328 0.0 0.0 0.0 0.0 7.59959e-06 0.0 0.0 2.77162e-06 0.0 0.0 0.0 0.0 0.0 9.08375e-05 0.0 0.0 0.0 0.000132978
0.0 0.0 3.99351e-06 0.000373542 0.0 0.98222 0.0 0.0 0.0 0.0 0.0 0.0 0.0 0.0 0.0 0.0 0.0 0.0 0.0 0.0 0.00833961 0.0 0.00062561 2.0653e-05 0.0 0.0 2.35438e-05 0.0 0.0 1.78814e-06 0.0 0.0 0.0 0.0 0.0 0.0 0.0 2.98023e-08 0.00443032 0.0 0.0 0.0 0.0 0.0 0.0 5.96046e-08 0.0 0.0 0.0 0.452307 0.0 0.0 0.0 0.0 0.0 0.0 0.0 0.0 0.0 4.17233e-07 0.0 0.0 0.000547886 0.0
0.0 0.0 8.9407e-08 0.98026 0.0 3.69549e-06 0.0 0.0 0.0 0.0 0.0 0.0 0.0 0.0 0.0 0.0 0.0 0.0 0.0 0.0 8.50856e-05 0.0 0.00336772 2.0802e-05 0.0 0.0 0.0015181 0.0 0.0 1.19209e-07 0.0 0.0 0.0 0.0 0.0 0.0 0.0 1.19209e-07 0.050559 2.08616e-07 0.0 0.0 8.9407e-08 0.0 0.0 0.0 0.0 0.0 0.0 0.00134546 0.0 0.0 0.0 0.0 1.19209e-07 0.0 0.0 0.0 0.0 0.0 0.0 0.0 0.000243366 0.0
0.0 0.0 0.0 0.0 0.980962 0.0 0.0 0.0 1.30236e-05 0.000310749 0.0 0.0 0.0 1.11759e-05 0.0 0.0 0.0 0.0 4.78923e-05 0.0 0.0 5.4419e-05 0.0 0.0 2.38419e-07 0.0 0.0 9.83477e-07 0.0 0.0 0.0 0.0 0.000700563 0.0 0.0 8.04663e-06 0.067867 1.49012e-07 0.0 0.0 0.0 0.0 0.0 0.0 0.0 4.76837e-07 0.309089 0.0 0.0 0.0 0.34822 0.0 0.0 6.24061e-05 0.0 0.0 1.19209e-07 0.0 0.0 0.0 0.0 0.0 0.0 0.00383604
0.0 8.9407e-08 0.0 0.0 0.0 0.0 0.0 0.0 0.0 0.0 3.29018e-05 0.0 0.0 0.0 0.0 0.0 5.96046e-08 0.982229 0.0 0.0 0.0 0.0 0.0 0.0 0.0 0.00349194 0.0 0.0 0.0 0.0 0.0 0.0 0.0 0.0 0.0 0.0 0.0 0.0 0.0 0.0 0.0 0.378003 0.0 0.00528485 0.0 0.0 0.0 0.0 2.98023e-08 0.0 0.0 0.0 0.0 0.0 0.0 0.0 0.0 0.946077 0.0 0.0 0.0 0.0 0.0 0.0
0.0 0.0 0.00539964 8.9407e-08 0.0 1.78814e-07 0.0 0.0 0.0 0.0 0.0 0.0 0.0 0.000137359 0.0 0.0 0.0 0.0 0.0 0.0 0.00010404 1.809e-05 0.0 0.000147343 0.0 0.0 0.00175509 0.046309 0.0 0.986864 0.0 0.0 2.68221e-07 0.0 0.0 0.103383 2.98023e-08 5.3525e-05 0.0 0.0 0.0 0.0 0.0 0.0 0.0 5.00679e-06 0.0 0.0 0.0 7.76947e-05 0.0 0.0 0.0 0.0 0.0 0.0 0.000318199 0.0 0.0 2.98023e-08 0.0 0.0 0.0 1.19209e-06
0.0 0.0 0.0266683 0.00701052 0.0 5.87106e-06 0.0 0.0 0.0 0.0 0.0 0.0 0.0 0.000148594 0.0 0.0 0.0 0.0 5.69224e-06 0.0 0.101691 2.20537e-05 1.2517e-06 0.646012 0.0 0.0 0.991417 7.80821e-06 0.0 0.00494331 0.0 0.0 0.0 0.0 0.0 1.33216e-05 0.0 0.0212699 8.43406e-06 0.0 0.0 0.0 0.0 0.0 0.0 6.93202e-05 0.0 0.0 0.0 0.00495782 0.0 0.0 0.0 0.0 0.0 0.0 0.0 0.0 0.0 1.20401e-05 0.0 0.0 2.98023e-08 8.9407e-08
0.0 2.98023e-08 0.0 0.0 0.0 0.0 0.0 0.995207 0.0 0.0 1.29938e-05 0.0 0.0 0.0 0.0 0.00616032 8.9407e-08 0.0 0.0 0.0 0.0 0.0 0.0 0.0 0.0 0.0 0.0 0.0 0.0 0.0 5.21541e-06 0.0 0.0 2.68221e-07 0.0 0.0 0.0 0.0 0.0 0.0 0.0 0.0 0.0 0.0 0.0 0.0 0.0 0.0 2.5034e-06 0.0 0.0 0.0 0.0 0.0 0.0 0.0 0.0 0.0 0.0 0.0 0.0 0.0 0.0 0.0
0.0 0.0 0.987032 9.53674e-07 0.0 3.18885e-06 0.0 0.0 0.0 0.0 0.0 0.0 0.0 0.0334134 0.0 0.0 0.0 0.0 7.30157e-06 0.0 0.119242 0.00128073 1.78814e-07 0.316692 0.0 0.0 0.0747809 2.44677e-05 0.0 0.0195862 0.0 0.0 7.15256e-06 0.0 0.0 0.00511089 1.19209e-07 0.0535839 4.76837e-07 0.0 0.0 0.0 0.0 0.0 0.0 0.00541267 0.0 0.0 0.0 0.000175953 0.0 0.0 0.0 0.0 0.0 0.0 0.0 0.0 0.0 0.000199199 0.0 0.0 0.0 1.01328e-06
0.0 0.0 0.0 0.0 0.0 0.0 0.0 8.67248e-06 0.0 0.0 0.0 0.0 0.0 0.0 0.0 6.85453e-07 0.0 0.0 0.0 0.0 0.0 0.0 0.0 0.0 0.0 0.0 0.0 0.0 0.0 0.0 0.00067848 0.0 0.0 0.0 0.0 0.0 0.0 0.0 0.0 0.0 0.0 0.0 0.0 0.0 0.0 0.0 0.0 0.0 0.0 0.0 0.0 0.0 0.0 0.0 0.0 0.0 0.0 0.0 0.0 0.0 0.0 0.0 0.0 0.0
0.0 0.0 0.0 0.0 0.0 0.0 0.0 0.0 0.0 0.0 0.0 0.0 0.0 0.0 0.0 0.0 0.0 0.0 0.0 0.0 0.0 0.0 0.0 0.0 0.0 0.0 0.0 0.0 0.0 0.0 0.0 0.0 0.0 0.0 0.0 0.0 0.0 0.0 0.0 0.0 0.0 0.0 0.0 0.0 0.0 0.0 0.0 2.74181e-06 0.0 0.0 0.0 0.0 0.0 0.0 0.0 0.0 0.0 0.0 0.0 0.0 1.19209e-06 0.999036 0.0 0.0
0.0 0.0 0.0 1.19209e-07 0.0 0.0 0.0 0.0 0.0 0.0 0.0 0.0 0.0 0.0 0.0 0.0 0.0 0.0 0.0 0.0 0.0 0.0 0.0 0.0 0.0 0.0 0.0 0.0 0.0 0.0 0.0 0.0 0.0 0.0 0.0 0.0 0.0 0.0 0.0 0.0 0.0 0.0 0.0 0.0 0.0 0.0 0.0 0.0 0.0 0.0 0.0 0.0 0.0 0.0 0.987857 0.0 0.0 0.0 0.0 0.0 0.0 0.0 0.0 0.0
0.0 1.19209e-07 0.0 0.0 0.0 0.0 0.0 6.99759e-05 0.0 0.0 3.91901e-05 0.0 0.0 0.0 0.0 3.40343e-05 0.0 0.0 0.0 0.0 0.0 0.0 0.0 0.0 0.0 0.0 0.0 0.0 0.0 0.0 0.98645 0.0 0.0 1.49012e-07 0.0 0.0 0.0 0.0 0.0 0.0 0.0 0.0 0.0 0.0 0.0 0.0 0.0 0.0 0.0 0.0 0.0 0.0 0.0 0.0 0.0 0.0 0.0 0.0 0.0 0.0 0.0 0.0 0.0 0.0
0.0 0.0 0.0 0.0 0.0 0.0 0.0 0.0 0.0 0.0 0.0 0.0 0.0 0.0 0.0 0.0 0.0 0.0 0.0 0.0 0.0 0.0 0.0 0.0 0.0 0.0 0.0 0.0 0.0 0.0 0.0 0.0 0.0 0.0 0.0 0.0 0.0 0.0 0.0 0.0 0.0 0.0 0.0 0.0 0.0 0.0 0.0 0.0 0.0 0.0 0.0 0.0 0.0 0.0 0.0 0.0 0.0 0.0 0.0 0.0 0.0 0.0 0.0 0.0
0.0 0.0 3.53754e-05 0.046093 0.0 0.00049904 0.0 0.0 0.0 0.0 0.0 0.0 0.0 0.0 0.0 0.0 0.0 0.0 0.0 0.0 0.0118409 5.96046e-08 0.980271 0.000292391 0.0 0.0 5.50151e-05 0.0 0.0 0.0 0.0 0.0 0.0 0.0 0.0 0.0 0.0 6.31809e-06 0.77271 8.76188e-06 0.0 0.0 5.76973e-05 0.0 0.0 1.12355e-05 0.0 0.0 0.0 0.00152102 0.0 0.0 0.0 0.0 2.98023e-08 0.0 0.0 0.0 0.0 2.31266e-05 0.0 0.0 0.0448883 0.0
0.0 0.0 1.54972e-06 0.0 0.0 0.0 0.0 0.0 0.0 0.0 0.0 0.0 0.0 3.27826e-07 0.0 0.0 0.0 0.0 0.000142545 0.0 4.64916e-06 0.0 0.0 8.04663e-07 0.0 0.0 2.08616e-07 0.0 0.0 0.0 0.0 0.0 0.0 0.0 0.0 0.0 0.0 4.17233e-07 0.0 0.0 0.0 0.0 0.0 0.0 0.0 0.00117424 0.0 0.0 0.0 0.0 0.0 0.0 0.0 0.0 0.0 0.0 0.0 0.0 0.0 0.996251 0.0 0.0 0.0 0.0
0.0 0.0 9.98676e-05 0.0 4.17233e-07 0.0 0.0 0.0 0.0 0.0 0.0 0.0 0.0 9.79304e-05 0.0 0.0 0.0 0.0 0.0 0.0 4.47035e-07 4.90248e-05 0.0 2.5034e-06 0.0 0.0 8.64267e-05 0.989226 0.0 0.103958 0.0 0.0 0.000117809 0.0 0.0 0.204395 2.98023e-07 1.21295e-05 0.0 0.0 0.0 0.0 0.0 0.0 0.0 2.38419e-07 0.0 0.0 0.0 8.9407e-08 3.09944e-06 0.0 0.0 8.9407e-08 0.0 0.0 0.00727707 0.0 0.0 0.0 0.0 0.0 0.0 0.00369355
0.0 0.0 0.000380903 0.0 4.76837e-07 0.0 0.0 0.0 0.0 1.49012e-07 0.0 0.0 0.0 0.00155389 0.0 0.0 0.0 0.0 0.00170255 0.0 1.19209e-05 0.992096 0.0 0.000561357 0.0 0.0 0.000214845 3.21865e-06 0.0 1.65999e-05 0.0 0.0 0.00016284 0.0 0.0 2.64943e-05 1.95503e-05 0.0251976 0.0 0.0 0.0 0.0 0.0 0.0 0.0 8.52346e-06 0.0 0.0 0.0 8.9407e-08 4.11272e-06 0.0 0.0 3.27826e-06 0.0 0.0 0.0 0.0 0.0 1.19209e-07 0.0 0.0 0.0 0.00107709
0.0 0.0 0.0 0.0 0.0 0.0 0.998495 0.0 2.20537e-06 0.0 0.0 0.0 0.0 0.0 8.9407e-08 0.0 0.0 0.0 0.0 0.0 0.0 0.0 0.0 0.0 0.00333935 0.0 0.0 0.0 0.0 0.0 0.0 5.87106e-06 0.0 0.0 0.0 0.0 0.0 0.0 0.0 0.0 0.0 0.0 0.0 0.0 0.0 0.0 5.96046e-08 0.0 0.0 0.0 0.0 0.0 0.0 0.0 0.0 0.0 0.0 0.0 0.0 0.0 0.0 0.0 0.0 0.0
0.0 0.998069 0.0 0.0 0.0 0.0 0.0 0.0 0.0 0.0 3.68953e-05 0.0 0.0 0.0 0.0 0.0 0.0 0.0 0.0 0.0 0.0 0.0 0.0 0.0 0.0 0.0 0.0 0.0 0.0 0.0 4.17233e-07 0.0 0.0 0.0 0.0 0.0 0.0 0.0 0.0 0.0 0.0 2.98023e-08 0.0 0.0 0.0 0.0 0.0 0.0 0.0 0.0 0.0 0.0 0.0 0.0 0.0 0.0 0.0 0.0 0.0 0.0 0.0 0.0 0.0 0.0
0.0 0.0 0.0 0.0 0.0 0.0 0.0 0.0 0.0 0.0 0.0 0.0 0.0 0.0 0.0 0.0 0.0 0.0193191 0.0 0.0 0.0 0.0 0.0 0.0 0.0 4.60446e-05 0.0 0.0 0.0 0.0 0.0 0.0 0.0 0.0 0.0 0.0 0.0 0.0 0.0 0.0 0.0 0.0150985 0.0 0.00110653 0.0 0.0 0.0 0.0 0.0 0.0 0.0 0.0 0.0 0.0 0.0 0.0 0.0 0.00121289 0.0 0.0 0.0 0.0 0.0 0.0
0.0 0.0 0.0 0.0 0.0 0.0 0.0 0.0 0.0 0.0 0.0 0.0 0.0 0.0 0.0 0.0 0.0 0.0 0.0 0.0 0.0 0.0 0.0 0.0 0.0 0.0 0.0 0.0 0.0 0.0 0.0 0.0 0.0 0.0 0.0 0.0 0.0 0.0 0.0 0.0 0.0 0.0 0.0 0.0 0.0 0.0 0.0 0.0 0.0 0.0 0.0 0.0 0.0 0.0 0.0 0.997777 0.0 0.0 0.0 0.0 0.0 0.0 0.0 0.0
0.0 2.98023e-08 0.0 0.0 0.0 0.0 0.0 0.0 0.0 0.0 4.39584e-05 0.0 0.0 0.0 0.0 0.0 1.99676e-06 0.0208628 0.0 0.0 0.0 0.0 0.0 0.0 0.0 0.121333 0.0 0.0 0.0 0.0 0.0 0.0 0.0 0.0 0.0 0.0 0.0 0.0 0.0 0.0 0.0 0.990003 0.0 0.00472054 0.0 0.0 0.0 0.0 1.78814e-07 0.0 0.0 0.0 0.0 0.0 0.0 0.0 0.0 0.0514115 0.0 0.0 0.0 0.0 0.0 0.0
0.0 0.0 0.0 0.0 0.0 0.0 0.0 0.0 1.7345e-05 0.0 0.0 0.994052 0.0 0.0 0.0 0.0 0.0 0.0 0.0 0.0 0.0 0.0 0.0 0.0 8.85129e-06 0.0 0.0 0.0 0.0 0.0 0.0 0.0 0.0 0.0 0.0 0.0 0.0 0.0 0.0 0.0 0.0 0.0 0.0 0.0 0.0 0.0 1.54376e-05 0.0 0.0 0.0 0.0 0.0 0.0 0.0 0.0 0.0 0.0 0.0 0.0 0.0 0.0 0.0 0.0 0.0
0.0 0.0 0.0 0.0 3.8743e-07 0.0 0.0 0.0 0.0 0.0 0.0 0.0 0.0 0.0 0.0 0.0 0.0 0.0 0.0 0.0 0.0 0.0 0.0 0.0 0.0 0.0 0.0 0.0779639 0.0 0.00083074 0.0 0.0 0.0 0.0 0.0 0.000336975 0.0 0.0 0.0 0.0 0.0 0.0 0.0 0.0 0.0 0.0 0.0 0.0 0.0 0.0 0.0 0.0 0.0 0.0 0.0 0.0 0.991313 0.0 0.0 0.0 0.0 0.0 0.0 1.02818e-05
0.0 0.0 0.0 0.0 0.163211 0.0 0.0 0.0 0.0168046 0.061148 0.0 0.0 0.0 1.05798e-05 0.0 0.0 0.0 0.0 4.55678e-05 0.0 0.0 4.52697e-05 0.0 0.0 5.66244e-07 0.0 0.0 1.01328e-06 0.0 0.0 0.0 0.0 0.0395806 0.0 0.0 1.43051e-06 4.92632e-05 8.9407e-08 0.0 0.0 0.0 0.0 0.0 0.0 0.0 1.19209e-07 0.441441 0.0 0.0 0.0 0.973231 0.0 0.0 6.4075e-06 0.0 0.0 0.0 0.0 0.0 0.0 0.0 0.0 0.0 0.00175694
0.0 0.0 0.0 0.0 0.0 0.0 0.0 0.0 0.0 0.0 0.0 0.0 0.0 0.0 0.0 0.0 0.0 0.0 0.0 0.0 0.0 0.0 0.0 0.0 0.0 0.0 0.0 0.0 0.0 0.0 0.0 0.0 0.0 0.0 0.0 0.0 0.0 0.0 0.0 0.0 0.0 0.0 0.0 0.0 0.0 0.0 0.0 1.4782e-05 0.0 0.0 0.0 0.0 0.0 0.0 0.0 0.0 0.0 0.0 0.0 0.0 0.0 0.0 0.0 0.0
0.0 0.0 0.231492 0.000283629 0.0 0.000147402 0.0 0.0 0.0 0.0 0.0 0.0 0.0 0.00156146 0.0 0.0 0.0 0.0 3.03984e-05 0.0 0.815593 0.000385046 4.24087e-05 0.975523 0.0 0.0 0.491194 1.49012e-07 0.0 0.00050056 0.0 0.0 2.38419e-07 0.0 0.0 3.23951e-05 0.0 0.287057 4.83692e-05 0.0 0.0 0.0 0.0 0.0 0.0 0.00104901 0.0 0.0 0.0 0.00174418 0.0 0.0 0.0 0.0 0.0 0.0 0.0 0.0 0.0 0.000257194 0.0 0.0 1.49012e-07 8.9407e-08
0.0 0.0 0.0 0.0 0.0 0.0 0.0 0.0 0.0 0.0 0.0 0.0 0.0 0.0 0.0 0.0 0.0 0.0 0.0 0.994413 0.0 0.0 0.0 0.0 0.0 0.0 0.0 0.0 8.9407e-08 0.0 0.0 0.0 0.0 0.0 0.0 0.0 0.0 0.0 0.0 0.0 0.0 0.0 0.0 0.0 0.0 0.0 0.0 0.0 0.0 0.0 0.0 0.0 0.000490308 0.0 0.0 0.0 0.0 0.0 0.0 0.0 0.0 0.0 0.0 0.0
0.0 0.0 2.98023e-08 0.00522524 0.0 0.000180185 0.0 0.0 0.0 0.0 0.0 0.0 0.0 0.0 0.0 0.0 0.0 0.0 0.0 0.0 1.49608e-05 0.0 0.715452 5.96046e-08 0.0 0.0 8.9407e-08 0.0 0.0 0.0 0.0 0.0 0.0 0.0 0.0 0.0 0.0 0.0 0.970988 5.96046e-08 0.0 0.0 1.11163e-05 0.0 0.0 0.0 0.0 0.0 0.0 0.000601441 0.0 0.0 0.0 0.0 8.9407e-08 0.0 0.0 0.0 0.0 0.0 0.0 0.0 0.958476 0.0
0.0 0.0 0.0 0.0 0.0 0.0 0.0 0.0 0.0 0.0 0.0 0.0 0.998808 0.0 0.0 0.0 0.0 0.0 0.0 0.0 0.0 0.0 0.0 0.0 0.0 0.0 0.0 0.0 0.0 0.0 0.0 0.0 0.0 0.0 0.0 0.0 0.0 0.0 0.0 0.0 0.0 0.0 0.0 0.0 0.0 0.0 0.0 0.0 0.0 0.0 0.0 0.0 0.0 0.0 0.0 0.0 0.0 0.0 0.0 0.0 0.0 0.0 0.0 0.0
0.0 0.0 0.010767 6.25849e-07 0.0 1.78814e-07 0.0 0.0 0.0 0.0 0.0 0.0 0.0 0.300671 0.0 0.0 0.0 0.0 0.0162763 0.0 0.0470085 0.0654806 5.96046e-08 0.42496 0.0 0.0 0.105444 1.90735e-06 0.0 0.000545353 0.0 0.0 0.000309974 0.0 0.0 0.000255495 1.46031e-06 0.983198 2.98023e-08 0.0 0.0 0.0 0.0 0.0 0.0 0.000473648 0.0 0.0 0.0 4.11272e-06 0.0 0.0 0.0 1.49012e-07 0.0 0.0 0.0 0.0 0.0 3.29316e-05 0.0 0.0 0.0 2.38419e-05
0.0 0.0 0.0 0.0 0.0 0.0 0.0 0.0 0.0 0.0 0.0 0.0 0.0 0.0 0.0 0.0 0.0 0.0 0.0 0.0 0.0 0.0 0.0 0.0 0.0 0.0 0.0 0.0 0.991536 0.0 0.0 0.0 0.0 0.0 0.0 0.0 0.0 0.0 0.0 0.0 0.0 0.0 0.0 0.0 0.0 0.0 0.0 0.0 0.0 0.0 0.0 0.0 3.74019e-05 0.0 0.0 0.0 0.0 0.0 0.0 0.0 0.0 0.0 0.0 0.0
0.0 0.0 0.0 0.0 0.0 0.0 0.0 0.0 0.0 0.0 0.0 0.0 0.0 0.0 0.0 0.0 0.0 0.0 0.0 0.0 0.0 0.0 0.0 0.0 0.0 0.0 0.0 0.0 0.0 0.0 0.0 0.0 0.0 0.0 0.0 0.0 0.0 0.0 0.0 0.0 0.0 0.0 0.0 0.0 0.999408 0.0 0.0 0.0 0.0 0.0 0.0 0.0 0.0 0.0 0.0 0.0 0.0 0.0 0.0 0.0 0.0 0.0 0.0 0.0
0.0 0.0 0.0 0.0 0.0 0.0 2.08616e-07 0.0 0.0 0.0 0.0 0.0 0.0 0.0 0.996079 0.0 0.0 0.0 0.0 0.0 0.0 0.0 0.0 0.0 0.00013724 0.0 0.0 0.0 0.0 0.0 0.0 0.0 0.0 0.0 0.0 0.0 0.0 0.0 0.0 0.0 0.0 0.0 0.0 0.0 0.0 0.0 0.0 0.0 0.0 0.0 0.0 0.0 2.98023e-08 0.0 0.0 0.0 0.0 0.0 1.19209e-07 0.0 0.0 0.0 0.0 0.0
0.0 0.0 2.87592e-05 0.0 0.00015679 0.0 0.0 0.0 3.24845e-06 0.000651002 0.0 0.0 0.0 0.0419053 0.0 0.0 0.0 0.0 0.000180274 0.0 3.8743e-07 0.000992924 0.0 2.6226e-06 0.0 0.0 5.36442e-07 0.000128716 0.0 9.53674e-06 0.0 0.0 0.991065 0.0 0.0 0.000102252 5.87106e-06 0.00140202 0.0 0.0 0.0 0.0 0.0 0.0 0.0 3.60608e-05 4.41074e-06 0.0 0.0 0.0 0.0160941 0.0 0.0 4.17233e-07 0.0 0.0 0.0 0.0 0.0 4.47035e-07 0.0 0.0 0.0 0.001396
0.0 0.0 0.0 0.0 0.0 0.0 0.0 0.0 0.0 0.0 0.0 0.0 0.0 0.0 0.0 0.0 0.0 0.008522 0.0 0.0 0.0 0.0 0.0 0.0 0.0 0.0 0.0 0.0 0.0 0.0 0.0 0.0 0.0 0.0 0.0 0.0 0.0 0.0 0.0 0.0 1.19209e-07 3.94285e-05 0.0 0.0 0.0 0.0 0.0 0.0 0.0 0.0 0.0 0.0 0.0 0.0 0.0 0.0 0.0 0.00268668 0.0 0.0 0.0 0.0 0.0 0.0
0.0 0.0 0.0 0.0 0.0 0.0 0.0 0.0 0.0 0.0 0.0 0.0 0.0 0.0 0.0 0.0 0.0 0.0 0.0 0.0 0.0 0.0 0.0 0.0 0.0 0.0 0.0 0.0 0.0 0.0 0.0 0.0 0.0 0.0 0.0 0.0 0.0 0.0 0.0 0.0 0.993238 0.0 0.0 0.0 0.0 0.0 0.0 0.0 0.0 0.0 0.0 0.0 0.0 0.0 0.0 0.0 0.0 0.0 0.0 0.0 0.0 0.0 0.0 0.0
0.0 0.0 0.0 0.0 0.0 0.0 3.41833e-05 0.0 0.0 0.0 0.0 0.0 0.0 0.0 0.0 0.0 0.0 0.0 0.0 0.0 0.0 0.0 0.0 0.0 0.0 0.0 0.0 0.0 0.0 0.0 0.0 0.999696 0.0 0.0 0.0 0.0 0.0 0.0 0.0 0.0 0.0 0.0 0.0 0.0 0.0 0.0 0.0 0.0 0.0 0.0 0.0 0.0 0.0 0.0 0.0 0.0 0.0 0.0 0.0 0.0 0.0 0.0 0.0 0.0
8.9407e-08 0.0 0.0 0.0 0.0 0.0 0.0 1.96695e-06 0.0 0.0 0.00151539 0.0 0.0 0.0 0.0 0.00357422 0.729764 0.0 0.0 0.0 0.0 0.0 0.0 0.0 0.0 1.54972e-06 0.0 0.0 0.0 0.0 0.0 0.0 0.0 0.0 0.0 0.0 0.0 0.0 0.0 0.0 0.0 0.0 0.0 0.0 0.0 0.0 0.0 0.0 0.982975 0.0 0.0 0.0 0.0 0.0 0.0 0.0 0.0 0.0 0.0 0.0 0.0 0.0 0.0 0.0
0.0 0.0 0.0 0.0 0.0 0.0 0.0 0.0 0.0 0.0 0.0 0.0 0.0 0.0 0.0 0.0 0.0 0.0 0.0 0.0 0.0 0.0 0.0 0.0 0.0 0.0 0.0 0.0 0.0 0.0 0.0 0.0 0.0 0.0 0.0 0.0 0.0 0.0 0.0 0.0 0.0 0.0 0.0 0.0 0.0 0.0 0.0 0.98331 0.0 0.0 0.0 0.0 0.0 0.0 0.0 0.0 0.0 0.0 0.0 0.0 1.2219e-06 7.15256e-07 0.0 0.0
0.0 0.0 0.0 0.0 2.11e-05 0.0 3.06964e-06 0.0 0.991209 0.00272006 0.0 8.07643e-06 0.0 0.0 0.0 0.0 0.0 0.0 1.78814e-07 0.0 0.0 5.96046e-08 0.0 0.0 0.0150029 0.0 0.0 0.0 0.0 0.0 0.0 0.0 2.63751e-05 0.0 0.0 0.0 0.0 0.0 0.0 0.0 0.0 0.0 0.0 0.0 0.0 0.0 0.0339209 0.0 0.0 0.0 0.00400606 0.0 0.0 0.0 0.0 0.0 0.0 0.0 0.0 0.0 0.0 0.0 0.0 5.54323e-06
0.0 0.0 0.0 0.0 0.0 0.0 0.0 0.0 0.0 0.0 0.0 0.0 0.0 0.0 0.0 0.0 0.0 0.0 7.86781e-06 0.0 0.0 0.0 5.36442e-07 0.0 0.0 0.0 0.0 0.0 0.0 0.0 0.0 0.0 0.0 0.0 0.0 0.0 0.0 0.0 1.78814e-07 0.976451 0.0 0.0 5.80549e-05 0.0 0.0 0.0 0.0 0.0 0.0 0.0 0.0 0.0 0.0 0.0 0.0 0.0 0.0 0.0 0.0 0.0 0.0 0.0 0.0 0.0
0.0 0.0 0.0 0.0 0.0 0.0 0.0 0.0 0.0 0.0 0.0 0.0 0.0 0.0 0.998677 0.0 0.0 0.0 0.0 0.0 0.0 0.0 0.0 0.0 0.0 0.0 0.0 0.0 0.0 0.0 0.0 0.0 0.0 0.0 0.0 0.0 0.0 0.0 0.0 0.0 0.0 0.0 0.0 0.0 0.0 0.0 0.0 0.0 0.0 0.0 0.0 0.0 0.0 0.0 0.0 0.0 0.0 0.0 0.0 0.0 0.0 0.0 0.0 0.0
0.0 0.0488359 0.0 0.0 0.0 0.0 0.0 0.00866753 0.0 0.0 0.0 0.0 0.0 0.0 0.0 0.0 0.0 0.0 0.0 0.0 0.0 0.0 0.0 0.0 0.0 0.0 0.0 0.0 1.01328e-06 0.0 0.978918 0.0 0.0 8.13603e-06 0.0 0.0 0.0 0.0 0.0 0.0 0.0 0.0 0.0 0.0 0.0 0.0 0.0 0.0 0.0 0.0 0.0 0.0 0.0 0.0 0.0 0.0 0.0 0.410596 0.0 0.0 0.527436 0.0 0.0 0.0
0.0 0.0 0.0 0.0 0.0 0.0 0.0 0.0 0.0 0.0 0.0 0.0 0.0 0.0 2.81334e-05 0.0 1.78814e-05 4.58956e-06 0.0 0.0 0.0 0.0 0.0 0.0 0.0 0.0101348 0.0 0.0 0.0 0.0 0.0 0.0 0.0 0.0 0.0 0.0 0.0 0.0 0.0 0.0 0.0 0.0 0.0 0.0 0.0 0.0 0.0 0.0 0.0 0.0 0.0 0.0 0.0 0.0 0.0 0.0 0.0 0.0 0.0 0.0 0.0 0.0 0.0 0.0
0.0 0.0 0.0 0.00139809 0.0 0.0 0.0 0.0 0.0 0.0 0.0 0.0 0.0 0.0 0.0 0.0 0.0 0.0 0.0 0.0 7.89762e-06 0.0 0.990643 0.00451174 0.0 0.0 5.72205e-06 0.342971 0.0 0.00487432 0.0 0.0 0.0 0.0 0.0 0.739768 0.0 3.78489e-06 0.131606 0.0 0.0 0.0 0.0 0.0 0.0 0.0 0.0 0.0 0.0 0.0 0.0 1.24276e-05 0.0 0.0 0.0 0.0 0.0 0.0 0.0 0.0 0.0 0.0 0.00143009 2.98023e-08
0.0 0.0 0.0 0.0 5.06639e-07 0.0 0.0 0.0 5.96046e-08 0.0 0.0 0.0 0.0 0.000626147 0.0 0.0 0.0 0.0 0.000181705 0.0 2.08616e-07 0.0 0.0 0.0 3.8743e-07 0.0 0.0 0.0 0.0 0.0 0.0 0.0 2.98023e-08 0.0 0.0 0.0 0.0 0.0 0.0 6.55651e-06 0.0 0.0 0.0 0.0 0.0 8.9407e-06 1.7345e-05 0.0 0.0 0.0 0.993902 0.0 7.89762e-06 0.0 0.0 0.0 0.0 0.0 0.0 0.0 0.0 0.0 0.0 0.0
0.0 0.0 0.0 0.110922 0.0 0.0 0.0 0.0 0.0 0.0 0.0 0.0 0.0 6.25849e-07 0.0 0.0 0.0 0.0 0.0 0.0 0.00444412 0.0 0.00661749 4.22001e-05 0.0 0.0 1.49012e-07 0.000194848 0.0 0.979105 0.0 0.0 0.0 0.0 0.0 0.010473 0.0 0.0160625 0.0747037 0.0 0.0 0.0 0.0 0.0 0.0 0.0 0.0 0.0 0.0 0.0 0.0 2.68221e-07 0.0 0.0 0.0 0.0 0.0 0.0 0.0 0.0 0.0 0.0 0.0030672 5.30481e-05
0.0 0.0 0.0 0.0 0.0 8.00192e-05 0.0 0.0 0.0 0.0 0.0 0.0 0.0 0.0 0.0 0.0 0.0 0.0 0.0 0.0 0.0 0.0 0.0 0.0 0.0 0.0 0.0 0.0 0.0 0.0 0.0 0.0 0.0 0.0 0.0 0.0 0.00385806 0.0 0.0 0.0 0.0 0.0 0.0 0.0 0.0 0.0 0.0 0.0 0.0 0.988622 0.0 0.0 0.0 0.0 0.0 0.0 4.17233e-07 0.0 0.0 0.0 0.0 0.0 0.0 6.85453e-07
0.0 0.0 0.0 0.0 0.0 0.0 0.0 0.0 0.0 0.0 0.0 2.71201e-06 0.0 0.0 0.0 0.0 0.0 0.0 0.0 0.0 0.0 0.0 0.0 0.0 0.0 0.0 0.0 0.0 0.0 0.0 0.0 0.0 0.0 0.0 0.0 0.0 0.0 0.0 0.0 0.0 0.0 0.0 0.999166 0.0 0.0 0.0 0.0 0.0 0.0 0.0 0.0 0.0 0.0 0.00301716 0.0 1.32322e-05 0.0 0.0 0.0 0.0 0.0 0.0 0.0 0.0
0.0 0.0 0.0 0.0 5.96046e-08 5.41508e-05 0.0 0.0 0.0 0.0 0.0 0.0 0.0 0.000233501 0.0 0.0 0.0 0.0 0.00515622 0.0 5.59688e-05 0.0 0.0 6.55651e-07 0.0011504 0.0 0.0 0.0 0.0 0.0 0.0 0.0 0.996466 0.0 0.0 0.0 6.16908e-06 4.47035e-07 0.0 0.0 0.0 0.0 0.0 0.0 0.0 9.56655e-06 0.00901097 0.0 0.0 0.0 2.98023e-08 0.0 0.0 0.0 0.0 0.0 0.0 0.0 0.0 0.0 0.0 0.0 0.0 8.9407e-08
0.0 0.0 0.985437 0.0 0.0 0.0 0.0 0.0 0.0 5.66244e-07 0.0 0.0 0.0 0.0 0.0 0.0 0.0 0.0 0.0 0.0 0.0 0.0 0.0 0.0 0.0 0.0 0.0 0.0 0.0 0.0 0.0 0.0 0.0 0.0 0.0 0.0 0.0 0.0 0.0 0.0 0.0 0.0 0.0 0.0 0.0 0.0 0.0 0.0 0.0 0.0 0.0 0.0 0.0 0.0 0.0 0.0 0.0 0.0 0.0 0.0 0.0 0.0 0.0 0.0
0.0 0.0 0.0 0.0 0.0 0.0 0.0 0.0 0.0 0.0 0.0 0.0 0.0 0.0 0.0 0.0 0.0 0.0 0.0 0.0 0.0 0.0 0.0 0.0 0.0 0.0 0.0 0.0 0.0 0.0 0.0 0.0 0.0 0.0 0.0 0.0 0.0 0.0 0.0 2.38717e-05 0.0 0.0 0.0 0.0 0.0 0.0 0.0 0.0 0.000683278 0.0 3.24845e-06 0.0 0.998048 0.0 0.0 0.0 0.0 0.0 0.0 0.0 0.0 0.0 0.0 0.0
0.0 0.0 0.0 0.0 0.0 0.0 0.0 0.0 0.0 0.0 0.0 0.0 0.0 0.0 0.0 0.0 0.0 0.0 0.0 1.69873e-06 0.0 0.0 0.0 0.0 0.0 0.0 0.0 0.0 0.00758788 0.0 0.0 0.0 0.0 0.0 0.0 0.0 0.0 0.0 0.0 0.0 0.0 0.0 0.0 0.0 0.0 0.0 0.0 0.0 0.0 0.0 0.0 0.0 0.0 0.0 0.0 0.0 0.0 0.0 0.0 0.0 0.0 0.994427 0.0 0.0
0.0 0.0 0.0 0.0 0.0 0.0 0.0 0.0 0.0 0.0 0.0 0.0 0.0 0.0 0.0 0.0 0.0 0.0 0.0 0.0 0.0 0.0 0.0 0.0 0.0 0.0 0.0 0.0 0.0 0.0 0.0 0.0 0.0 0.0 0.0 0.0 0.0 0.0 0.0 4.76837e-07 0.0 0.0 0.0 0.0 0.0 0.0 0.0 0.0 0.999577 0.0 0.0 0.0 0.0234923 0.0 0.0 0.0 0.0 0.0 0.0 0.0 0.0 0.0 0.0 0.0
0.0 0.0 0.0 4.58956e-06 0.0 0.00023669 0.0 0.0 0.0 0.0 0.0 0.0 0.0 0.0 0.0 0.0 0.0 0.0 0.000156671 0.0 0.0212891 0.0 1.78814e-07 0.0 0.0 0.0 0.0 0.0 0.0 0.000109583 0.0 0.0 2.98023e-08 0.0 0.0 2.68221e-07 6.55651e-07 0.579062 0.0 0.0 0.0 0.0 0.0 0.0 0.0 0.0 0.00016734 0.0 0.0 8.64267e-07 0.0 0.0 0.0 0.0 0.0 0.0 4.41074e-06 0.0 0.0 0.0 0.0 0.0 0.00081861 0.985015
0.0 0.0 0.0 0.0 0.00164679 0.0 0.0 0.0 1.62423e-05 0.0 0.0 0.991339 0.0 0.0 0.0 0.0 0.0 0.0 0.0 0.0 0.0 0.0 0.0 0.0 0.0 0.0 0.0 0.0 0.0 0.0 0.0 0.0 0.0 0.0 0.00145173 0.0 0.0 0.0 0.0 0.0 0.0 0.0 1.01328e-06 0.0 1.78814e-07 0.0 0.0 0.0 0.0 0.0 0.0 0.0 0.0 0.000582695 5.96046e-08 0.0432791 0.0 0.0 0.0 6.68168e-05 0.0 0.0 0.0 0.0
0.0 0.0 0.0 0.0 7.15256e-07 0.0 0.0 0.0 8.9407e-08 0.0 0.0 0.0832685 0.0 0.0 0.0 0.0 0.0 0.0 0.0 0.0 0.0 0.0 0.0 0.0 0.0 0.0 0.0 0.0 0.0 0.0 0.0 2.98023e-08 0.0 0.0 0.0012382 0.0 0.0 0.0 0.0 0.0 0.0 0.0 8.40425e-06 0.0 1.19209e-07 0.0 0.0 0.0 0.0 0.0 0.0 0.0 0.0 4.11272e-06 0.0 0.995099 0.0 0.0 0.0 0.0 0.0 0.0 0.0 0.0
0.0 0.0 0.0 0.0 2.68519e-05 0.0 0.0 0.0 2.65241e-06 0.0 0.0 5.84126e-05 0.0 0.0 0.0 0.0 0.0 0.0 0.0 0.0 0.0 0.0 0.0 0.0 2.68221e-07 0.0 0.0 0.0 0.0 0.0 0.0 0.0 0.0 0.0 0.994401 0.0 0.0 0.0 0.0 0.0 0.0 0.0 0.0 0.0 0.0 0.0 0.0 0.0 0.0 0.0 0.0 0.0 0.0 0.0 0.0 0.000165403 0.0 0.0 0.0 0.0 0.0 0.0 0.0 0.0
0.0 0.0 0.0 0.0 0.0 0.0 0.0 0.0 0.0 0.0 0.0 0.0 0.0 0.0 0.0 0.0 2.11596e-06 0.237739 0.0 0.0 0.0 0.0 0.0 0.0 0.0 9.5576e-05 0.0 0.0 0.0 0.0 0.0 0.0 0.0 0.0 0.0 0.0 0.0 0.0 0.0 0.0 0.0 8.9407e-08 0.0 3.09944e-06 0.0 0.0 0.0 0.0 0.0 0.0 0.0 0.0 0.0 0.0 0.0 0.0 0.0 0.0 0.0 0.0 0.0 0.0 0.0 0.0
0.0 0.0 0.0 0.00192496 0.0 0.0 0.0 0.0 0.0 0.0 0.0 0.0 0.0 0.0 0.0 0.0 0.0 0.0 0.0 0.0 8.34465e-07 0.0 0.0550674 0.000565499 0.0 0.0 0.000297368 0.00807083 0.0 0.103199 0.0 0.0 0.0 0.0 0.0 0.148003 0.0 6.4671e-06 0.976514 0.0 0.0 0.0 0.0 0.0 0.0 0.0 0.0 0.0 0.0 0.0 0.0 0.000338823 0.0 0.0 0.0 0.0 0.0 0.0 0.0 0.0 0.0 0.0 0.000547677 0.0
0.0 0.0 1.78814e-07 0.0 0.0 0.0 0.0 0.0 0.0 0.992972 0.0 0.0 0.0 0.0 0.0 0.0 0.0 0.0 0.0 0.0 0.0 0.0 0.0 0.0 0.0 0.0 0.0 0.0 0.0 0.0 0.0 0.0 0.0 0.0 0.0 0.0 0.0 0.0 0.0 0.0 0.0 4.17233e-07 0.0 6.85453e-07 0.0 0.0 0.0 0.0 0.0 0.0 0.0 0.0 0.0 0.0 0.0 0.0 0.0 0.0 0.0 0.0 0.0 0.0 0.0 0.0
0.0 0.0 0.0 0.000175565 0.0 2.38419e-07 0.0 0.0 0.0 0.0 0.0 0.0 0.0 8.9407e-08 0.0 0.0 0.0 0.0 7.12276e-06 0.0 0.13985 0.0 1.2964e-05 1.78814e-07 0.0 0.0 0.0 1.2219e-06 0.0 0.0295984 0.0 0.0 1.19209e-07 0.0 0.0 6.64294e-05 0.0 0.989131 1.63913e-05 0.0 0.0 0.0 0.0 0.0 0.0 0.0 1.93715e-06 0.0 0.0 0.0 0.0 0.0 0.0 0.0 0.0 0.0 8.9407e-08 0.0 0.0 0.0 0.0 0.0 0.00702643 0.383859
0.0 0.0 0.0 0.0 0.0 0.0 0.0 0.0 0.0 0.0 0.0 0.0 0.998583 0.0 0.0 0.0 0.0 0.0 0.0 0.0 0.0 0.404877 0.0 0.0 0.0 0.0 0.0 0.0 0.0 0.0 0.0 8.07643e-06 0.0 0.0 0.0 0.0 0.0 0.0 0.0 0.0 0.0 0.0 0.0 0.0 0.0 0.0 0.0 0.0 0.0 0.0 0.0 0.0 0.0 0.0 0.0 0.0 0.0 0.0 0.0 0.0 0.0 0.0 0.0 0.0
0.0 0.0 0.0 2.98023e-08 0.0 0.0 0.0 0.0 0.0 0.0 0.0 0.0 0.0 0.0 0.0 0.0 0.0 0.0 0.0 0.0 0.0 0.0 1.2815e-06 0.0 0.0 0.0 0.983951 4.1306e-05 0.0 1.49012e-07 0.0 0.0 0.0 0.0 0.0 1.19209e-07 0.0 0.0 0.000547171 0.0 0.0 0.0 0.0 0.0 0.0 0.0 0.0 0.0 0.0 0.0 0.0 0.938094 0.0 0.0 0.0 0.0 0.0 0.0 0.0 0.0 0.0 0.0 0.0 0.0
0.0 0.0 0.0 0.00262123 0.0 0.0 0.0 0.0 0.0 0.0 0.0 0.0 0.0 2.92063e-06 0.0 0.0 0.0 0.0 0.0 0.0 0.00041008 0.0 0.71575 0.0115364 0.0 0.0 8.9407e-08 0.145423 0.0 0.0203122 0.0 0.0 0.0 0.0 0.0 0.976838 0.0 6.22571e-05 0.0243547 0.0 0.0 0.0 0.0 0.0 0.0 0.0 0.0 0.0 0.0 0.0 0.0 1.19209e-07 0.0 0.0 0.0 0.0 0.0 0.0 0.0 0.0 0.0 0.0 0.000289977 3.27826e-07
0.0 0.0 0.0 0.0 2.71201e-06 0.00217983 0.0 0.0 3.57628e-07 0.0 0.0 0.0 0.0 0.0013034 0.0 0.0 0.0 0.0 0.959859 0.0 0.000101835 0.0 0.0 0.0 0.347368 0.0 0.0 0.0 0.0 0.0 0.0 0.0 0.0019955 0.0 0.0 0.0 0.000517905 2.74181e-06 0.0 0.0 0.0 0.0 0.0 0.0 0.0 1.49012e-07 0.968494 0.0 0.0 0.0 9.56655e-06 0.0 0.0 0.0 0.0 0.0 8.9407e-08 0.0 0.0 0.0 0.0 0.0 0.0 4.82202e-05
0.0 0.0 0.0 0.0 0.0 0.0 0.0 0.0 0.0 0.0 0.0 0.0 0.0 0.0 0.0 0.0 0.9636 0.00725129 0.0 0.0 0.0 0.0 0.0 0.0 0.0 9.73046e-05 0.0 0.0 2.50041e-05 0.0 0.0 0.0 0.0 0.0 0.0 0.0 0.0 0.0 0.0 0.0 0.0 0.0 0.0 0.0 0.0 0.0 0.0 0.0 0.0 0.0 0.0 0.0 0.0 0.0 0.0 0.0 0.0 0.0112748 0.0 0.0 0.0 0.0 0.0 0.0
0.0 0.0 0.0 0.000265837 0.0 4.47631e-05 0.0 0.0 0.0 0.0 0.0 0.0 0.0 4.49419e-05 0.0 0.0 0.0 0.0 0.000610232 0.0 0.897927 0.0 1.02222e-05 6.25849e-07 0.0 0.0 0.0 3.27826e-07 0.0 0.00616941 0.0 0.0 9.50098e-05 0.0 0.0 2.8193e-05 1.19209e-07 0.845279 7.7486e-07 0.0 0.0 0.0 0.0 0.0 0.0 0.0 0.000326335 0.0 0.0 5.66244e-07 0.0 0.0 0.0 0.0 0.0 0.0 1.46031e-06 0.0 0.0 0.0 0.0 0.0 6.01709e-05 0.179582
0.0 0.0 0.0 8.9407e-08 0.0 6.70552e-06 0.0 0.0 0.0 0.0 0.0 0.0 0.0 0.0168253 0.0 0.0 0.0 0.0 0.616879 0.0 0.0268738 0.0 8.9407e-08 2.38419e-07 0.000121891 0.0 0.0 0.0 0.0 2.38419e-07 0.0 0.0 0.0123054 0.0 0.0 2.38419e-07 1.12653e-05 0.00120831 0.0 0.0 0.0 0.0 0.0 0.0 0.0 1.49012e-07 0.23808 0.0 0.0 0.0 4.50015e-06 0.0 0.0 0.0 0.0 0.0 0.0 0.0 0.0 0.0 0.0 0.0 5.96046e-08 4.17233e-05
0.0 0.0 0.0 0.0 0.00630689 1.19209e-07 0.0 0.0 0.982799 0.0 0.0 1.49012e-07 0.0 0.0 0.0 0.0 0.0 0.0 4.76837e-07 0.0 0.0 0.0 0.0 0.0 0.000935823 0.0 0.0 0.0 0.0 0.0 0.0 0.0 0.0 0.0 4.17233e-07 0.0 5.96046e-08 0.0 0.0 0.0 0.0 0.0 0.0 0.0 0.0 0.0 8.04663e-07 0.0 0.0 0.0 8.9407e-08 0.0 0.0 1.19209e-07 0.0 0.0 0.0 0.0 0.0 7.16746e-05 0.0 0.0 0.0 0.0
0.0 0.0 0.0 1.05798e-05 0.0 0.0 0.0 0.0 0.0 0.0 0.0 0.0 0.0 0.0 0.0 0.0 0.0 0.0 0.0 0.0 9.53674e-07 0.0 0.326146 0.00255078 0.0 0.0 5.24521e-06 0.00610408 0.0 1.84476e-05 0.0 0.0 0.0 0.0 0.0 0.014801 0.0 0.0 0.0219196 0.0 0.0 0.0 0.0 0.0 0.0 0.0 0.0 0.0 0.0 0.0 0.0 1.46031e-06 0.0 0.0 0.0 0.0 0.0 0.0 0.0 0.0 0.0 0.0 6.73532e-06 0.0
0.0 0.0 0.0 0.0 0.0 0.0 0.0 0.0 0.0 8.9407e-08 0.0 0.0 0.0 0.0 0.0 0.0 0.0 0.0 0.0 0.0 0.0 0.0 0.0 0.0 0.0 0.0 0.0 0.0 0.0 0.0 0.0 2.08616e-07 0.0 0.0 0.0 0.0 0.0 0.0 0.0 0.0 0.0 0.985504 0.0 0.125112 4.76837e-07 0.0 0.0 0.0 0.0 0.0 0.0 0.0 0.0 0.0 0.0 0.0 0.0 0.0 0.0 0.0 0.0 0.0 0.0 0.0
0.0 0.0 0.0 0.0 0.0 0.0 0.0 0.0 0.0 0.0 0.0 0.0 0.0 0.0 0.0 0.0 0.0 0.0 0.0 0.0 0.0 0.0 0.0 0.0 0.0 0.0 0.0 0.0 0.0 0.0 0.0 0.0 0.0 0.0 0.0 0.0 0.0 0.0 0.0 0.0 0.0 0.0 0.0 0.0 0.0 0.0 0.0 0.0 0.0 0.0 0.0 0.0 0.0 0.0 0.0 0.0 0.0 0.0 0.999671 0.0 0.0 8.9407e-08 0.0 0.0
0.0 0.0 0.0 0.0 0.000275671 0.0265189 0.0 0.0 1.19209e-07 0.0 0.0 0.0 0.0 8.9407e-08 0.0 0.0 0.0 0.0 0.00140205 0.0 5.96046e-08 0.0 0.0 0.0 0.057639 0.0 0.0 0.0 0.0 0.0 0.0 0.0 4.94719e-06 0.0 0.0 0.0 0.994633 0.0 0.0 0.0 0.0 0.0 0.0 0.0 0.0 0.0 0.00551197 0.0 0.0 0.000297368 0.0 0.0 0.0 0.0 0.0 0.0 0.0 0.0 0.0 0.0 0.0 0.0 0.0 2.86102e-06
0.0 0.0 0.0 0.0 0.0 0.0 0.0 0.0 0.0 3.27826e-07 0.0 0.0 0.0 0.0 0.0 0.0 0.0 0.0 0.0 0.0 0.0 0.0 0.0 0.0 0.0 0.0 0.0 0.0 0.0 0.0 0.0 5.96046e-08 0.0 0.0 0.0 0.0 0.0 0.0 0.0 0.0 0.0 0.785993 0.0 0.985131 0.0 0.0 0.0 0.0 0.0 0.0 0.0 0.0 0.0 0.0 0.0 0.0 0.0 0.0 0.0 0.0 0.0 0.0 0.0 0.0
0.0 0.0 0.0 0.0 0.0 0.0 0.0 0.0 0.0 0.0 0.0 0.0 0.0 0.0 0.0 0.0 0.0 0.0 0.0 0.0 0.0 0.0 0.0 0.0 0.0 0.0 0.0 0.0 0.0 0.0 0.0 0.0 0.0 0.0 0.0 0.0 0.0 0.0 0.0 0.0 0.685746 0.0 0.0 0.0 0.0 0.0 0.0 0.980324 0.0 0.0 0.0 0.0 0.0 0.0 0.0 0.0 0.0 0.0 0.0 0.0 0.0 0.0 0.0 0.0
0.0 0.0 0.0 3.99649e-05 0.0 0.0 0.0 0.0 0.0 0.0 0.0 0.0 0.0 0.0 0.0 0.0 0.0 0.0 0.0 0.0 9.53674e-07 0.0 0.721592 0.0011726 0.0 0.0 1.85966e-05 0.977368 0.0 5.77271e-05 0.0 0.0 0.0 0.0 0.0 0.383344 0.0 1.78814e-07 0.00217426 0.0 0.0 0.0 0.0 0.0 0.0 0.0 0.0 0.0 0.0 0.0 0.0 1.87755e-05 0.0 0.0 0.0 0.0 0.0 0.0 0.0 0.0 0.0 0.0 1.38283e-05 0.0
0.0 0.0 0.0 0.0 0.0 0.0 0.0 0.0 0.0 0.0 0.0 0.0 0.0 2.98023e-08 0.0 0.0 0.0 0.0 0.0 0.0 0.0 0.0 0.0 0.0 0.0 0.0 0.0 0.0 0.0 0.0 0.0 0.0 0.0 0.0 0.0 0.0 0.0 0.0 0.0 0.997226 0.0 0.0 0.0 0.0 0.0 0.0 0.0 0.0 3.57628e-07 0.0 1.3411e-06 0.0 8.9854e-05 0.0 0.0 0.0 0.0 0.0 0.0 0.0 0.0 0.0 0.0 0.0
0.0 0.0 0.0 3.27826e-06 0.0 0.000244111 0.0 0.0 0.0 0.0 0.0 0.0 0.0 0.00229105 0.0 0.0 0.0 0.0 0.096582 0.0 0.494774 0.0 5.66244e-07 4.14252e-06 6.64592e-06 0.0 0.0 0.0 0.0 3.21865e-06 0.0 0.0 0.0253753 0.0 0.0 4.11272e-06 2.21133e-05 0.00539076 0.0 0.0 0.0 0.0 0.0 0.0 0.0 0.0 0.0676096 0.0 0.0 0.0 2.38419e-07 0.0 0.0 0.0 0.0 0.0 8.9407e-08 0.0 0.0 0.0 0.0 0.0 8.9407e-08 0.000342011
0.0 0.0 0.0 0.0 0.0 0.0 0.0 0.0 0.0 0.0 0.0 0.0 0.0 0.0 0.0 0.0 0.0 0.0 0.0 0.0 0.0 0.0 2.92063e-06 0.0 0.0 0.0 0.901958 2.51532e-05 0.0 4.17233e-07 0.0 0.0 0.0 0.0 0.0 2.08616e-07 0.0 0.0 0.000846416 0.0 0.0 0.0 0.0 0.0 0.0 0.0 0.0 0.0 0.0 0.0 0.0 0.984971 0.0 0.0 0.0 0.0 0.0 0.0 0.0 0.0 0.0 0.0 0.0 0.0
0.0 0.0 0.0 0.978649 0.0 0.0 0.0 0.0 0.0 0.0 0.0 0.0 0.0 1.24872e-05 0.0 0.0 0.0 0.0 0.0 0.0 0.0015398 0.0 0.000355721 0.000294656 0.0 0.0 5.96046e-08 1.18613e-05 0.0 0.0917573 0.0 0.0 0.0 0.0 0.0 0.000496984 0.0 0.00022918 0.000587761 0.0 0.0 0.0 0.0 0.0 0.0 0.0 0.0 0.0 0.0 0.0 0.0 1.49012e-07 0.0 0.0 0.0 0.0 0.0 0.0 0.0 0.0 0.0 0.0 4.17233e-07 3.01003e-06
0.0 0.0 0.0 0.0 0.0 0.0 0.0 0.00136021 0.0 0.0 0.0 0.0 0.0 0.0 0.0 0.0 0.0 0.0 0.0 0.0 0.0 0.0 0.0 0.0 0.0 0.0 0.0 0.0 2.29478e-06 0.0 0.00146577 0.0 0.0 0.982313 0.0 0.0 0.0 0.0 0.0 0.0 0.0 0.0 0.0 0.0 0.0 0.0 0.0 0.0 0.0 0.0 0.0 0.0 0.0 0.0 0.0 0.0 0.0 5.36442e-07 0.0 0.0 0.194403 2.98023e-08 0.0 0.0
0.0 0.0 0.0 0.0 0.0 0.0 0.0 0.0 0.0 0.0 0.0 0.0 0.0 0.0 0.0 0.0 0.0188093 0.989489 0.0 0.0 0.0 0.0 0.0 0.0 0.0 3.8445e-06 0.0 0.0 0.0 0.0 0.0 0.0 0.0 0.0 0.0 0.0 0.0 0.0 0.0 0.0 0.0 0.0 0.0 0.0 0.0 0.0 0.0 0.0 0.0 0.0 0.0 0.0 0.0 0.0 0.0 0.0 0.0 0.0 0.0 0.0 0.0 0.0 0.0 0.0
0.0 0.0 0.0 0.0 0.0 0.0 0.0 0.0 0.0 0.0 0.0 3.24845e-06 0.0 0.0 0.0 0.0 0.0 0.0 0.0 0.0 0.0 0.0 0.0 0.0 0.0 0.0 0.0 0.0 0.0 0.0 0.0 0.0 0.0 0.0 0.0 0.0 0.0 0.0 0.0 0.0 0.0 2.98023e-08 0.0 0.0 0.0 0.0 0.0 0.0 0.0 0.0 0.0 0.0 0.0 0.0 0.999554 1.19209e-07 0.0 0.0 0.0 0.0 0.0 0.0 0.0 0.0
0.0 0.0 0.0 0.0 0.0 0.0 0.0 0.0 0.0 0.0 0.0 0.0 0.0 0.0 0.0 0.0 1.09076e-05 3.8743e-07 0.0 0.0 0.0 0.0 0.0 0.0 0.0 0.983123 0.0 0.0 0.0 0.0 0.0 0.0 0.0 0.0 0.0 0.0 0.0 0.0 0.0 0.0 0.0 0.0 0.0 1.78814e-07 0.0 0.0 0.0 0.0 0.0 0.0 0.0 0.0 0.0 0.0 0.0 0.0 0.0 0.0 0.0 0.0 0.0 0.0 0.0 0.0
0.0 0.0 0.0 0.0 0.0 0.0 0.0 0.0 0.0 0.0 0.0 0.0 2.38419e-07 0.0 0.0 0.0 0.0 0.0 0.0 0.0 0.0 9.88841e-05 0.0 0.0 0.0 0.0 0.0 0.0 0.0 0.0 0.0 0.999912 0.0 0.0 0.0 0.0 0.0 0.0 0.0 0.0 0.0 0.0 0.0 0.0 1.19209e-07 0.0 0.0 0.0 0.0 0.0 0.0 0.0 0.0 0.0 0.0 1.19209e-07 0.0 0.0 0.0 0.0 0.0 0.0 0.0 0.0
0.0 0.0 0.0 0.0 0.0 0.0 0.0 0.0 0.0 0.0 0.0 0.0 0.129578 0.0 0.0 0.0 0.0 0.0 0.0 0.0 0.0 0.996875 0.0 0.0 0.0 0.0 0.0 0.0 0.0 0.0 0.0 0.00170666 0.0 0.0 0.0 0.0 0.0 0.0 0.0 0.0 0.0 0.0 0.0 0.0 0.0 0.0 0.0 0.0 0.0 0.0 0.0 0.0 0.0 0.0 0.0 0.0 0.0 0.0 0.0 0.0 0.0 0.0 0.0 0.0
0.0 0.0 0.0 0.0 1.19209e-07 0.000324696 0.0 0.0 5.96046e-08 0.0 0.0 0.0 0.0 0.000782639 0.0 0.0 0.0 0.0 0.979921 0.0 0.00105381 0.0 0.0 0.0 0.0265342 0.0 0.0 0.0 0.0 0.0 0.0 0.0 0.00154829 0.0 0.0 0.0 0.000165075 6.56247e-05 0.0 0.0 0.0 0.0 0.0 0.0 0.0 0.0 0.959827 0.0 0.0 0.0 9.71556e-06 0.0 0.0 0.0 0.0 0.0 1.49012e-07 0.0 0.0 0.0 0.0 0.0 8.9407e-08 0.00044319
0.0 0.992288 0.0 0.0 0.0 0.0 0.0 2.80142e-06 0.0 0.0 0.0 0.0 0.0 0.0 0.0 0.0 1.78814e-06 0.0 0.0 0.0 0.0 0.0 0.0 0.0 0.0 0.0 0.0 0.0 0.0 0.0 0.00243381 0.0 0.0 0.0 0.0 0.0 0.0 0.0 0.0 0.0 0.0 0.0 0.0 0.0 0.0 0.0 0.0 0.0 0.0 0.0 0.0 0.0 0.0 0.0 0.0 0.0 0.0 0.250532 0.0 0.0 1.5527e-05 0.0 0.0 0.0
0.0 0.0 0.0 0.00154889 0.0 2.08616e-07 0.0 0.0 0.0 0.0 0.0 0.0 0.0 0.000273943 0.0 0.0 0.0 0.0 0.00018996 0.0 0.991896 0.0 5.94258e-05 5.42402e-06 0.0 0.0 0.0 1.96695e-06 0.0 0.00624537 0.0 0.0 5.33462e-06 0.0 0.0 9.60529e-05 8.9407e-08 0.193667 1.60933e-06 0.0 0.0 0.0 0.0 0.0 0.0 0.0 5.40614e-05 0.0 0.0 0.0 2.98023e-08 0.0 0.0 0.0 0.0 0.0 2.98023e-08 0.0 0.0 0.0 0.0 0.0 5.88298e-05 0.00821647
0.0 0.0 0.0 0.0 8.64267e-07 0.990204 0.0 0.0 0.0 0.0 0.0 0.0 0.0 1.49012e-07 0.0 0.0 0.0 0.0 0.000294209 0.0 5.78165e-06 0.0 0.0 0.0 0.0550793 0.0 0.0 0.0 0.0 0.0 0.0 0.0 2.76566e-05 0.0 0.0 0.0 0.0159161 3.75509e-06 0.0 0.0 0.0 0.0 0.0 0.0 0.0 0.0 0.00538903 0.0 0.0 7.78139e-05 0.0 0.0 0.0 0.0 0.0 0.0 0.000662833 0.0 0.0 0.0 0.0 0.0 0.0 0.000825405
0.0 0.0 0.0 0.0 2.98023e-08 0.0 0.0 0.0 2.98023e-08 0.0 0.0 0.0 0.0 0.00124988 0.0 0.0 0.0 0.0 1.78814e-07 0.0 0.0 0.0 0.0 4.17233e-07 0.0 0.0 0.0 0.0 0.0 0.0 0.0 0.0 3.39746e-06 0.0 0.0 0.0 0.0 0.0 0.0 0.0 0.0 0.0 0.0 0.0 0.0 0.973032 5.96046e-08 0.0 0.0 0.0 9.2864e-05 0.0 0.0 0.0 0.0 0.0 0.0 0.0 0.0 0.0 0.0 0.0 0.0 0.0
0.0 0.000147223 0.0 0.0 0.0 0.0 0.0 0.120595 0.0 0.0 0.0 0.0 0.0 0.0 0.0 0.0 0.0 0.0 0.0 0.0 0.0 0.0 0.0 0.0 0.0 0.0 0.0 0.0 4.55976e-06 0.0 0.948397 0.0 0.0 0.0251502 0.0 0.0 0.0 0.0 0.0 0.0 0.0 0.0 0.0 0.0 0.0 0.0 0.0 0.0 0.0 0.0 0.0 0.0 0.0 0.0 0.0 0.0 0.0 0.00194025 0.0 0.0 0.988194 0.0 0.0 0.0
0.0 0.0 0.0 0.000300765 0.0 3.30508e-05 0.0 0.0 0.0 0.0 0.0 0.0 0.0 0.000449955 0.0 0.0 0.0 0.0 0.00465104 0.0 0.889249 0.0 2.21133e-05 3.317e-05 0.0 0.0 0.0 4.17233e-07 0.0 0.000401109 0.0 0.0 0.00041303 0.0 0.0 6.32703e-05 3.27826e-07 0.488592 5.96046e-08 0.0 0.0 0.0 0.0 0.0 0.0 0.0 0.00134453 0.0 0.0 0.0 2.98023e-08 0.0 0.0 0.0 0.0 0.0 8.9407e-08 0.0 0.0 0.0 0.0 0.0 1.5229e-05 0.0398659
0.0 0.0 0.0 3.39746e-06 0.0 0.0 0.0 0.0 0.0 0.0 0.0 0.0 0.0 0.0 0.0 0.0 0.0 0.0 0.0 0.0 5.86808e-05 0.0 0.00462911 6.25849e-07 0.0 0.0 0.0 6.67274e-05 0.0 0.00118384 0.0 0.0 0.0 0.0 0.0 0.000165164 0.0 0.0020459 0.000222027 0.0 0.0 0.0 0.0 0.0 0.0 0.0 0.0 0.0 0.0 0.0 0.0 0.0 0.0 0.0 0.0 0.0 0.0 0.0 0.0 0.0 0.0 0.0 0.964667 0.000731438
0.0 0.0 0.0 0.0 1.38879e-05 0.0 0.0 0.0 0.000132024 0.0 0.0 2.79546e-05 0.0 0.0 0.0 0.0 0.0 0.0 0.0 0.0 0.0 0.0 0.0 0.0 0.0 0.0 0.0 0.0 0.0 0.0 0.0 0.0 0.0 0.0 0.0 0.0 0.0 0.0 0.0 0.0 0.0 0.0 0.0 0.0 0.0 0.0 0.0 0.0 0.0 0.0 0.0 0.0 0.0 5.95748e-05 0.0 0.0 0.0 0.0 0.0 0.997446 0.0 0.0 0.0 0.0
0.0 0.0 0.0 0.0 0.0 0.0 0.0 0.0 0.0 0.0 0.0 8.34465e-07 0.0 0.0 0.0 0.0 0.0 0.0 0.0 0.0 0.0 0.0 0.0 0.0 0.0 0.0 0.0 0.0 0.0 0.0 0.0 3.8743e-07 0.0 0.0 0.0 0.0 0.0 0.0 0.0 0.0 0.0 8.9407e-08 0.0 0.0 0.997749 0.0 0.0 0.0 0.0 0.0 0.0 0.0 0.0 5.84126e-06 0.0 2.98023e-08 0.0 0.0 0.0 0.0 0.0 0.0 0.0 0.0
0.0 0.0 0.0 1.49906e-05 0.0 0.0 0.0 0.0 0.0 0.0 0.0 0.0 0.0 0.982359 0.0 0.0 0.0 0.0 0.00954548 0.0 0.00813547 0.0 4.79817e-06 2.16663e-05 2.35438e-06 0.0 0.0 8.9407e-08 0.0 7.39098e-06 0.0 0.0 0.000566065 0.0 0.0 2.85506e-05 1.78814e-07 1.66893e-06 0.0 0.0 0.0 0.0 0.0 0.0 0.0 9.50098e-05 0.00204158 0.0 0.0 0.0 0.000440687 0.0 5.96046e-08 0.0 0.0 0.0 0.0 0.0 0.0 0.0 0.0 0.0 0.0 5.96046e-08
0.0 0.0 0.0 0.0 0.0 0.0 0.0 0.0 0.0 0.0 0.0 0.0 0.0 0.0 0.0 0.0 0.981765 0.0331825 0.0 0.0 0.0 0.0 0.0 0.0 0.0 0.000429869 0.0 0.0 1.78814e-07 0.0 0.0 0.0 0.0 0.0 0.0 0.0 0.0 0.0 0.0 0.0 0.0 0.0 0.0 0.0 0.0 0.0 0.0 0.0 0.0 0.0 0.0 0.0 0.0 0.0 0.0 0.0 0.0 1.31428e-05 0.0 0.0 0.0 0.0 0.0 0.0
0.0 0.0 0.0 0.0 0.0 0.0 0.0 0.0 0.0 0.0 0.0 0.0 0.0 0.0 0.0 0.0 0.0 0.0 0.0 0.986001 0.0 0.0 0.0 0.0 0.0 0.0 0.0 0.0 9.23872e-06 0.0 0.0 0.0 0.0 0.0 0.0 0.0 0.0 0.0 0.0 0.0 0.0 0.0 0.0 0.0 0.0 0.0 0.0 0.0 0.0 0.0 0.0 0.0 0.0 0.0 0.0 0.0 0.0 0.0 0.0 0.0 0.0 2.98023e-08 0.0 0.0
0.0 0.0 0.0 0.0 0.0 0.0 0.997754 0.0 0.0 0.0 0.0 0.0 0.0 0.0 0.0 0.0 0.0 0.0 0.0 0.0 0.0 0.0 0.0 0.0 0.0 0.0 0.0 0.0 0.0 0.0 0.0 0.0 0.0 0.0 0.0 0.0 0.0 0.0 0.0 0.0 0.0 0.0 0.0 0.0 0.0 0.0 0.0 0.0 0.0 0.0 0.0 0.0 0.0 0.0 0.0 0.0 0.0 0.0 0.0 0.0 0.0 0.0 0.0 0.0
0.0 0.0 0.0 0.0 0.0 0.0 0.0 0.0 0.0 0.0 0.998704 0.0 0.0 0.0 0.0 0.0 0.0 0.0 0.0 0.0 0.0 0.0 0.0 0.0 0.0 0.0 0.0 0.0 0.0 0.0 0.0 0.0 0.0 0.0 0.0 0.0 0.0 0.0 0.0 0.0 0.0 0.0 0.0 0.0 0.0 0.0 0.0 0.0 0.0 0.0 0.0 0.0 0.0 0.0 0.0 0.0 0.0 0.0 0.0 0.0 0.0 0.0 0.0 0.0
0.0 0.0 0.0 0.0 0.0 0.0 0.0 2.08616e-07 0.0 0.0 0.0 0.0 0.0 0.0 0.0 0.0 0.0 0.0 0.0 0.0 0.0 0.0 0.0 0.0 0.0 0.0 0.0 0.0 0.0 0.0 0.0 0.0 0.0 2.68221e-07 0.0 0.0 0.0 0.0 0.0 0.0 0.986959 0.0 0.0 0.0 0.0 0.0 0.0 0.580566 0.0 0.0 0.0 0.0 0.0 0.0 0.0 0.0 0.0 0.0 0.0 0.0 0.0 0.0 0.0 0.0
0.0 0.0 0.0 2.98023e-08 0.0 0.00149828 0.0 0.0 0.0 0.0 0.0 0.0 0.0 0.0 0.0 0.0 0.0 0.0 5.06639e-07 0.0 1.49012e-06 0.0 0.0 0.0 8.64267e-07 0.0 0.0 0.0 0.0 0.0 0.0 0.0 0.0 0.0 0.0 0.0 1.78814e-07 9.89437e-06 0.0 0.0 0.0 0.0 0.0 0.0 0.0 0.0 5.66244e-06 0.0 0.0 5.06639e-07 0.0 0.0 0.0 0.0 0.0 0.0 0.976857 0.0 0.0 0.0 0.0 0.0 0.0 3.16203e-05
0.0 0.0 0.0 0.000468642 0.0 0.0 0.0 0.0 0.0 0.0 0.0 0.0 0.0 1.19209e-06 0.0 0.0 0.0 0.0 0.0 0.0 1.2815e-06 0.0 0.00381711 0.986024 0.0 0.0 0.0 0.00018388 0.0 4.91738e-06 0.0 0.0 0.0 0.0 0.0 0.0114509 0.0 5.96046e-08 0.000105441 0.0 0.0 0.0 0.0 0.0 0.0 0.0 0.0 0.0 0.0 0.0 0.0 0.0 0.0 0.0 0.0 0.0 0.0 0.0 0.0 0.0 0.0 0.0 5.96046e-08 0.0
24 4 53 28 7 15 0 57 46 50 62 8 42 55 14 16 18 45 56 32 54 44 11 34 38 21 13 36 59 31 61 47 51 12 63 39 6 58 40 1 60 48 23 3 49 19 33 30 10 20 35 22 5 9 43 41 52 37 27 26 29 2 25 17
