8
0.0 0.0 0.0 0.0 0.0 0.0 0.0 0.0 0.0 0.0 0.0 0.0 0.0 0.0 0.0 0.0 0.0 0.0 0.0 0.0 0.0 0.0 1.78814e-07 0.0 0.0 0.0 0.0 0.0 0.0 0.0 0.0 0.0 0.0 0.0 0.0 0.0 0.0 0.0 0.988979 0.0 0.0 0.0 0.0 0.0 0.0 0.0 0.0 0.0 0.0 0.0 0.0 0.0 0.0 0.0 0.0 5.60284e-06 0.0 0.0 0.0 0.0 0.0 0.0 4.17233e-07 0.000393599
0.0 0.000196517 0.0 0.0 0.0 0.0 0.0 0.0 0.0 0.0 0.0 0.0 0.0 0.0 0.0 0.0 0.0 0.99999 0.0 0.0 0.0 0.0 0.0 0.0 0.0 0.0 0.0 0.0 0.0 0.0 0.0 0.0 0.0 0.0 0.0 0.0 0.0 0.0 0.0 0.0 0.0 0.0 0.0 0.0 0.0 0.0 0.0 0.0 0.0 0.0 0.0 0.0 0.0 0.0 0.0 0.0 0.0 0.0 0.0 0.0 0.0 0.0 0.0 0.0
0.0 0.0 0.0 0.0 0.0 0.0 0.0 0.0 0.0 0.0 0.0 0.0 0.0 0.0 0.0 0.0 0.0 0.0 0.0 0.0 0.0 0.0 0.0 0.0 0.0 0.0 0.0 0.0 0.0 0.0 0.0 0.0 0.0 0.0 0.0 0.0 0.0 0.0 1.52886e-05 0.0 0.0 0.0 0.0 0.0 0.0 0.0 0.0 8.9407e-08 0.0 0.0 0.0 0.0 0.0 0.0 0.0 0.978493 0.0 0.0 0.0 0.0 0.0 0.0 5.96046e-08 5.84126e-06
0.0 0.0 0.0 0.0 0.0705317 0.0 0.00145972 0.0 0.0 5.96046e-08 0.0 0.0 0.187572 0.0 0.0 0.0 0.00129509 0.0 0.0 0.990588 0.0902902 0.0 0.0 0.0 0.0 0.0 0.0 0.0 0.0 0.0 0.0 0.0 0.0369545 0.00886273 0.0 0.332088 0.0597715 0.0 0.0 0.00416631 0.0 0.0 0.0 3.45707e-06 0.0 0.0805238 0.0 0.0 0.0 0.0 0.0 0.812079 0.0 0.0 0.0 0.0 0.0 0.0 0.0 0.0 0.0 0.0 0.0 0.0
0.0 0.0 0.0 0.0 0.97996 0.0 0.668582 0.0 0.0 0.0 0.0 0.0 0.974351 0.0 0.0 0.0 9.83477e-07 0.0 8.34465e-07 0.0363766 0.918199 0.0 0.0 0.0 0.0 0.0 0.0 0.0 0.0 0.0 0.0 0.0 0.0750252 0.276481 0.0 0.997283 0.33894 3.79384e-05 0.0 0.000891715 0.0 0.0 0.0 0.00032407 0.0 0.983726 0.0 0.0 0.0 0.0 0.0 0.995427 0.0 0.0 0.0 0.0 0.0 0.0 0.0 0.0 0.0 0.0 0.0 0.0
0.0 0.0 0.0 0.0 0.0 3.34382e-05 0.0 0.0 0.0 0.0 0.0 0.0 0.0 0.0 0.0 0.998481 0.0 0.0 0.0 0.0 0.0 0.0 0.0 0.0 0.0 0.0 0.0 0.0 0.0 0.0 0.0 0.0 0.0 0.0 0.0 0.0 0.0 0.0 0.0 0.0 0.0 0.0 0.0 0.0 0.0 0.0 0.0 0.0 0.0 0.0 0.0 0.0 0.0 0.0 0.0 0.0 0.0 0.0 0.0 0.0 0.0 0.0 0.0 0.0
0.0 0.0 0.0 0.0 0.970075 0.0 0.186664 0.0 0.0 0.0 0.0 0.0 0.986286 0.0 0.0 0.0 6.85453e-06 0.0 1.49012e-07 0.0298559 0.956535 0.0 0.0 0.0 0.0 0.0 0.0 0.0 0.0 0.0 0.0 0.0 0.387164 0.692705 0.0 0.991897 0.763466 1.2368e-05 0.0 0.00849378 0.0 0.0 0.0 0.00022608 0.0 0.966025 0.0 0.0 0.0 0.0 0.0 0.997189 0.0 0.0 0.0 0.0 0.0 0.0 0.0 0.0 0.0 0.0 0.0 0.0
0.0 0.999046 0.0 0.0 0.0 0.0 0.0 0.0 0.0 0.0 0.0 0.0 0.0 0.0 0.0 0.0 0.0 2.23517e-06 0.0 0.0 0.0 0.0 0.0 0.0 0.0 0.0 0.0 0.0 0.0 0.0 0.0 0.0 0.0 0.0 0.0 0.0 0.0 0.0 0.0 0.0 0.0 0.0 0.0 0.0 0.0 0.0 0.0 0.0 0.0 0.0 0.0 0.0 0.0 0.0 0.0 0.0 0.0 0.0 0.0 0.0 0.0 0.0 0.0 0.0
0.0 0.0 0.0 0.0 0.0 0.0 0.0 0.0 0.0 0.0 0.0 0.0 0.0 0.0 0.0 0.0 0.0 0.0 0.0 0.0 0.0 0.0 0.0 0.0 0.0 0.0 0.0 0.0 0.998256 0.0 0.0 0.0 0.0 0.0 0.0 0.0 0.0 0.0 0.0 0.0 0.0 0.0 3.05772e-05 0.0 0.0 0.0 0.0 0.0 0.0 0.0 0.0 0.0 0.0 2.87294e-05 0.0 0.0 0.0 0.0 0.0 0.0 0.0 0.0 0.0 0.0
0.0 0.0 0.0 0.0 0.0 0.0 0.0 0.0 0.0 0.0 0.0 0.0 0.0 0.0 0.0 0.0 0.0 0.0 0.0 0.0 0.0 0.0 0.0 0.0 0.0 0.0 0.0 0.0 0.0 0.0 0.0 0.0 0.0 0.0 0.0 0.0 0.0 0.0 0.0 0.0 0.0 0.0 0.0 0.0 0.0 0.0 0.0 0.0 0.0 0.0 0.0 0.0 0.0 0.0 0.0 0.0 0.0 0.0 0.0 0.0 0.0 0.0 0.0 0.0
0.0 0.0 0.0 0.0 0.0 0.0 0.0 0.0 0.0 0.0 1.78814e-07 0.0 0.0 0.0 0.0 0.0 0.0 3.57628e-07 0.0 0.0 0.0 0.978036 0.0 0.0 0.0 0.0 0.0 0.0 0.0 0.0 0.0 0.0 0.0 0.0 0.0 0.0 0.0 0.0 0.0 0.0 0.0 0.0 1.19209e-07 0.0 0.0 0.0 0.0 0.0 0.0 0.0 0.0 0.0 0.0 1.49012e-07 0.0 0.0 0.0 0.0 0.0 0.0 0.0 0.0 0.0 0.0
0.0 0.0 0.0 0.0 0.0 0.0 4.82798e-06 0.0 0.0 8.9407e-08 0.0 0.0 0.0 0.0 0.0 0.0 0.0 0.0 3.57628e-07 0.0 0.0 0.0 0.0 0.0 1.19209e-07 1.19209e-07 0.0002729 0.0 0.0 0.0 0.0 0.0 0.0 0.0 0.0 0.0 0.0 0.000356048 0.0 0.0 0.0 0.999637 0.0 0.0 0.0 0.0 0.0 0.0 0.0 0.0 0.0 0.0 0.0 0.0 0.0 0.0 0.0 0.0 0.000611424 0.0 0.0 0.0 0.0 0.0
0.0 0.0 0.0 0.0 0.0 0.0 0.0 0.999893 0.0 0.0 0.0 0.0 0.0 0.0 0.0 0.0 0.0 0.0 0.0 0.0 0.0 0.0 0.0 0.0 0.0 0.0 0.0 0.0 0.0 0.0 0.0 0.0 0.0 0.0 0.0 0.0 0.0 0.0 0.0 0.0 0.0 0.0 0.0 0.0 0.0 0.0 0.0 0.0 0.0 0.0 0.0 0.0 0.0 0.0 0.0 0.0 0.0 0.0 0.0 0.0 0.0 0.0 0.0 0.0
0.0 0.0 0.741585 0.0236234 0.0 0.0 0.0 0.0 0.0 0.0 0.0 3.82662e-05 0.0 0.702251 0.0 0.0 0.0 0.0 0.0 0.0 0.0 0.0 0.0 0.027174 0.0 0.0 0.0 2.60472e-05 0.0 0.0 0.265923 1.84774e-05 0.0 0.0 0.854969 0.0 0.0 0.0 0.0 0.0 0.442753 0.0 0.0 0.0 0.109125 0.0 0.00406837 0.223511 0.0 0.0 0.987458 0.0 0.0 0.0 0.000864089 0.0 0.0 0.0 0.0 0.0 0.0 0.0 0.0 0.0
0.0 0.0 0.0 0.0 0.0 0.0 0.0 0.0 0.0 0.0 0.0 0.0 0.0 0.0 0.0 0.0 0.0 0.0 0.0 0.0 0.0 0.0 0.0 0.0 0.0 0.0 0.0 0.0 0.0 0.0 0.0 0.0 0.0 0.0 0.0 0.0 0.0 0.0 0.0 0.0 0.0 0.0 0.0 0.0 0.0 0.0 0.0 0.0 0.0 0.0 0.0 0.0 0.0 0.0 0.0 0.0 0.982507 0.0 0.0 0.0 0.0 0.0 0.0664536 5.96046e-08
0.0 0.0 0.0 0.0 0.0 0.0 0.0 0.0 0.0364738 0.0 0.0 0.0 0.0 0.0 0.0 0.0 0.0 0.0 0.0 0.0 0.0 0.0 0.0 0.0 0.0 0.0 0.0 0.0 0.0 0.0 0.0 0.0 0.0 0.0 0.0 0.0 0.0 0.0 0.0 0.0 0.0 0.0 0.0 0.0 0.0 0.0 0.0 0.0 0.0 0.0 0.0 0.0 0.0 0.0 0.0 0.0 0.0 0.0 0.0 0.997095 0.0 0.0 0.0 0.0
0.0 0.0 0.0 0.0 0.0 0.0 0.0 0.0 0.0 0.0 0.0 0.0 0.0 0.0 0.0 0.0 0.0 0.0 0.0 0.0 0.0 0.0 0.0 0.0 0.0 0.0 0.0 0.0 7.15256e-07 0.0 0.0 0.0 0.0 0.0 0.0 0.0 0.0 0.0 0.0 0.0 0.0 0.0 0.00880697 0.0 0.0 0.0 0.0 0.0 0.0 0.0 0.0 0.0 2.86102e-06 0.991297 0.0 0.0 0.0 0.0 0.0 0.0 0.0 0.0 0.0 0.0
0.0 0.0 0.00756431 0.998544 0.0 0.0 0.0 0.0 0.0 0.0 0.0 0.00127703 0.0 0.0480216 0.0 0.0 0.0 0.0 0.0 0.0 0.0 0.0 0.0 0.00533107 0.0 0.0 0.0 0.000313699 0.0 0.0 0.000928283 2.00868e-05 0.0 0.0 0.0142104 0.0 0.0 0.0 0.0 0.0 0.00275019 0.0 0.0 0.0 0.000710964 0.0 0.00432771 0.0181796 0.0 0.0 0.0383803 0.0 0.0 0.0 0.146791 0.0 0.0 0.0 0.0 0.0 0.0 0.0 0.0 0.0
0.0 0.0 0.0 0.0 0.0 4.47035e-07 2.98023e-08 0.0 0.0 2.98023e-08 0.0 0.0 0.0 0.0 0.0 8.0049e-05 0.0 0.0 1.80304e-05 0.0 0.0 0.0 0.0 0.0 7.15256e-07 6.55651e-07 0.0 0.0 0.0 0.0 0.0 0.0 0.0 0.0 0.0 0.0 0.0 0.000130832 0.0 0.0 0.0 6.94394e-06 0.0 0.0 0.0 0.0 0.0 0.0 0.0 0.0 0.0 0.0 0.0 0.0 0.0 0.0 0.0 0.0 3.93391e-06 0.0 0.0 0.0 0.0 0.0
0.0 0.0 0.0 0.0 0.0 0.0 0.0 0.0 0.0 0.0 0.0 0.0 0.0 0.0 0.0 0.0 0.0 0.0 0.0 0.0 0.0 0.0 0.0 0.0 0.0 0.0 0.0 0.0 0.0 0.0 0.0 0.0 0.0 0.0 0.0 0.0 0.0 0.0 0.0 0.0 0.0 0.0 0.0 0.0 0.0 0.0 0.0 0.0 0.0 0.0 0.0 0.0 0.985466 2.86102e-06 0.0 0.0 0.0 0.0 0.0 0.0 0.0 0.0 0.0 0.0
0.0 0.0 0.0 0.0 0.0336968 0.0 3.8445e-06 0.0 0.0 0.0 0.0 0.0 0.0776662 0.0 0.0 0.0 0.0226296 0.0 0.0 0.00132424 0.57768 0.0 0.0 0.0 0.0 0.0 0.0 0.0 0.0 0.0 0.0 0.0 0.987954 0.921764 0.0 0.0454159 0.95573 0.0 0.0 0.938839 0.0 0.0 0.0 8.9407e-08 0.0 0.00502557 0.0 0.0 0.0 0.0 0.0 0.919793 0.0 0.0 0.0 0.0 0.0 0.0 0.0 0.0 0.0 0.0 0.0 0.0
0.0 0.0 0.0 0.0 0.0 0.0 0.0 0.0 0.0 0.0 0.0 0.0 0.0 0.0 0.0 0.0 0.0 0.0 0.0 0.0 0.0 0.000128329 0.0 0.0 0.0 0.0 0.0 0.0 0.0 0.0 0.0 0.0 0.0 0.0 0.0 0.0 0.0 0.0 0.0 0.0 0.0 0.0 0.00047648 0.0 0.0 0.0 0.0 0.0 0.0 0.0 0.0 0.0 0.0 7.15256e-06 0.0 0.0 0.0 0.0 0.0 0.0 0.0 0.0 0.0 0.0
2.98023e-08 0.0 1.19209e-07 0.000890315 0.0 0.0 0.0 0.0 0.0 0.0 0.0 0.994433 0.0 2.86102e-06 2.98023e-08 0.0 0.0 0.0 0.0 0.0 0.0 0.0 0.0 2.39909e-05 0.0 0.0 0.0 0.985724 0.0 0.0 1.49012e-07 0.00193748 0.0 0.0 8.64267e-07 0.0 0.0 0.0 0.0 0.0 3.57628e-07 0.0 0.0 0.0 6.85453e-07 0.0 0.0 0.00579304 0.0 0.0 3.8743e-07 0.0 0.0 0.0 1.46031e-06 0.0 8.9407e-08 0.0 0.0 0.0 0.0 0.0 1.19209e-07 5.03659e-06
0.0 0.0 0.0 0.0 0.0 0.0 0.0 0.0 0.999959 0.0 0.0 0.0 0.0 0.0 0.0 0.0 0.0 0.0 0.0 0.0 0.0 0.0 0.0 0.0 0.0 0.0 0.0 0.0 0.0 0.0 0.0 0.0 0.0 0.0 0.0 0.0 0.0 0.0 0.0 0.0 0.0 0.0 0.0 0.0 0.0 0.0 0.0 0.0 0.0 0.0 0.0 0.0 0.0 0.0 0.0 0.0 0.0 0.0 0.0 9.76324e-05 0.0 0.0 0.0 0.0
0.0 0.0 0.0 0.0 0.0 0.0 0.0 0.0 0.0 0.0 0.0 0.0 0.0 0.0 0.0 0.0 0.0 0.0 0.0 0.0 0.0 0.0 0.0 0.0 0.0 8.9407e-08 0.0 0.0 0.0 0.0 0.0 0.0 0.0 0.0 0.0 0.0 0.0 0.0 0.0 0.0 0.0 0.0 0.0 0.0 0.0 0.0 0.0 0.0 0.0 0.0 0.0 0.0 0.0 0.0 0.0 0.0 0.0 0.0 0.0 0.0 0.0 0.0 0.0 0.0
0.0 0.0 0.0 0.0 0.0 0.000285655 0.0 0.0 0.0 5.96046e-08 0.0 0.0 0.0 0.0 0.0 0.0 0.0 0.0 0.0 0.0 0.0 0.0 0.0 0.0 0.000328183 0.00106153 0.12798 0.0 0.0 0.0 0.0 0.0 0.0 0.0 0.0 0.0 0.0 7.7486e-07 0.0 0.0 0.0 0.110313 0.0 0.0 0.0 0.0 0.0 0.0 3.8743e-07 0.0 0.0 0.0 0.0 0.0 0.0 0.0 0.0 0.0 0.000444233 0.0 0.0 0.0 0.0 0.0
0.0 0.0 0.0 0.0 0.0 0.000130385 0.0 0.0 0.0 0.0 0.0 0.0 0.0 0.0 0.0 9.23872e-07 0.0 0.0 0.0 0.0 0.0 0.0 0.0 0.0 6.55651e-07 0.999637 4.67896e-06 0.0 0.0 0.0 0.0 0.0 0.0 0.0 0.0 0.0 0.0 0.0 0.0 0.0 0.0 2.68221e-07 0.0 0.0 0.0 0.0 0.0 0.0 0.0 0.0 0.0 0.0 0.0 0.0 0.0 0.0 0.0 0.0 0.0 0.0 0.0 0.0 0.0 0.0
0.999494 0.0 0.0 0.0 0.0 0.0 0.0 0.0 0.0 0.0 0.0 0.0 0.0 0.0 0.0 0.0 0.0 0.0 0.0 0.0 0.0 0.0 0.0 0.0 0.0 0.0 0.0 0.0 0.0 0.0 0.0 0.0 0.0 0.0 0.0 0.0 0.0 0.0 0.0 0.0 0.0 0.0 0.0 0.0 0.0 0.0 0.0 0.0 0.0 0.0 0.0 0.0 0.0 0.0 0.0 0.0 0.0 0.0 0.0 0.0 0.0 0.0 0.0 0.0
0.0 0.0 0.0 0.0 0.0 1.43349e-05 0.0 0.0 0.0 6.25849e-07 0.0 0.0 0.0 0.0 0.0 0.0 0.0 0.0 0.0 0.0 0.0 0.0 0.0 0.0 1.10269e-06 4.76837e-07 0.999996 0.0 0.0 0.0 0.0 0.0 0.0 0.0 0.0 0.0 0.0 0.0 0.0 0.0 0.0 0.000622034 0.0 0.0 0.0 0.0 0.0 0.0 0.0 0.0 0.0 0.0 0.0 0.0 0.0 0.0 0.0 0.0 2.32458e-06 0.0 0.0 0.0 0.0 0.0
0.0 0.0 2.08616e-07 0.000231117 0.0 0.0 0.0 0.0 0.0 0.0 0.0 0.0569263 0.0 4.88758e-06 0.0 0.0 0.0 0.0 0.0 0.0 0.0 0.0 0.0 2.99215e-05 0.0 0.0 0.0 0.990689 0.0 0.0 1.19209e-07 2.95043e-06 0.0 0.0 1.01328e-06 0.0 0.0 0.0 0.0 0.0 2.08616e-07 0.0 0.0 0.0 4.17233e-07 0.0 0.0 0.00802234 0.0 0.0 1.40071e-06 0.0 0.0 0.0 9.26852e-06 0.0 0.0 0.0 0.0 0.0 0.0 0.0 0.0 8.9407e-08
0.0 0.0 0.0614632 0.00447431 0.0 0.0 0.0 0.0 0.0 0.0 0.0 1.19209e-07 0.0 0.183326 0.0 0.0 0.0 0.0 0.0 0.0 0.0 0.0 0.0 0.0460214 0.0 0.0 0.0 1.16229e-06 0.0 0.0 0.0684699 0.0 0.0 0.0 0.0532985 0.0 0.0 0.0 0.0 0.0 0.00769421 0.0 0.0 0.0 0.0966145 0.0 0.981984 0.102984 0.0 0.0 0.388301 0.0 0.0 0.0 0.000208139 0.0 0.0 0.0 0.0 0.0 0.0 0.0 0.0 0.0
0.0 0.0 0.0 0.0 0.0 0.0 0.0 0.0 0.0 0.0 0.0 0.0 0.0 0.0 0.0 0.0 0.0 0.0 0.0 0.0 0.0 0.0 0.999455 0.0 0.0 0.0 0.0 0.0 0.0 0.0 0.0 0.0 0.0 0.0 0.0 0.0 0.0 0.0 4.20213e-06 0.0 0.0 0.0 0.0 0.0 0.0 0.0 0.0 0.0 0.0 0.0 0.0 0.0 0.0 0.0 0.0 0.0 2.08616e-07 0.0 0.0 0.0 0.0 0.0 4.05312e-06 2.08616e-07
0.0 0.0 0.0 0.0 3.8743e-07 0.0 0.0 2.38419e-07 0.0 0.0 0.0 0.0 1.16229e-06 0.0 0.0 0.0 0.989024 0.0 0.0 0.000233144 1.81794e-05 0.0 0.0 0.0 0.0 0.0 0.0 0.0 0.0 0.0 0.0 0.0 0.0125632 0.00081718 0.0 3.27826e-07 0.00086534 0.0 0.0 0.0730177 0.0 0.0 0.0 0.0 0.0 8.9407e-08 0.0 0.0 0.0 0.0 0.0 0.000109494 0.0 0.0 0.0 0.0 0.0 0.0 0.0 0.0 0.0 0.0 0.0 0.0
0.0 0.0 0.0 0.0 0.903253 0.0 0.0038577 0.0 0.0 0.0 0.0 0.0 0.8674 0.0 0.0 0.0 0.000143409 0.0 0.0 0.0110065 0.987589 0.0 0.0 0.0 0.0 0.0 0.0 0.0 0.0 0.0 0.0 0.0 0.880046 0.932671 0.0 0.961504 0.946933 3.57628e-07 0.0 0.115278 0.0 0.0 0.0 9.35793e-06 0.0 0.653506 0.0 0.0 0.0 0.0 0.0 0.99743 0.0 0.0 0.0 0.0 0.0 0.0 0.0 0.0 0.0 0.0 0.0 0.0
0.0 0.0 0.848344 0.000335246 0.0 0.0 0.0 0.0 0.0 0.0 0.0 7.7486e-07 0.0 0.817295 0.0 0.0 0.0 0.0 0.0 0.0 0.0 0.0 0.0 0.0274633 0.0 0.0 0.0 4.17233e-07 0.0 0.0 0.985782 2.98023e-08 0.0 0.0 0.816391 0.0 0.0 0.0 0.0 0.0 0.476409 0.0 0.0 0.0 0.820717 0.0 0.00799608 0.00632462 0.0 0.0 0.912614 0.0 0.0 0.0 0.0 0.0 0.0 0.0 0.0 0.0 0.0 0.0 0.0 0.0
0.0 0.0 0.0 0.0 0.406189 0.0 0.000145227 0.0 0.0 0.0 0.0 0.0 0.603099 0.0 0.0 0.0 0.00295898 0.0 0.0 0.00586706 0.940991 0.0 0.0 0.0 0.0 0.0 0.0 0.0 0.0 0.0 0.0 0.0 0.980961 0.964976 0.0 0.611457 0.985013 5.96046e-08 0.0 0.779409 0.0 0.0 0.0 1.37091e-06 0.0 0.123367 0.0 0.0 0.0 0.0 0.0 0.989719 0.0 0.0 0.0 0.0 0.0 0.0 0.0 0.0 0.0 0.0 0.0 0.0
0.0 0.0 0.0 0.0 0.0 0.0 0.0 0.0 0.0 0.0 0.0 0.0 0.0 0.0 0.0 0.0 0.0 0.0 0.0 0.0 0.0 0.0 0.0 0.0 0.0 0.0 0.0 0.0 0.0 0.0 0.0 0.0 0.0 0.0 0.0 0.0 0.0 0.0 0.0 0.0 0.0 0.0 0.0 0.0 0.0 0.0 0.0 0.0 0.0 0.0 0.0 0.0 0.0 0.0 0.0 0.0 0.0 0.997832 0.0 0.0 0.0 0.0 0.0 0.0
0.0 0.0 0.0 0.0 0.000383377 0.0 0.0758966 0.0 0.0 2.38419e-06 0.0 0.0 0.00128126 0.0 0.0 0.0 0.0 0.0 1.53184e-05 2.44379e-06 5.3525e-05 0.0 0.0 0.0 0.0 0.0 0.0 0.0 0.0 0.0 0.0 0.0 6.55651e-07 2.563e-06 0.0 0.0126393 3.8445e-06 0.000466228 0.0 0.0 0.0 1.19209e-07 0.0 0.997753 0.0 0.00153089 0.0 0.0 0.0 0.0 0.0 0.00349909 0.0 0.0 0.0 0.0 0.0 0.0 1.22786e-05 0.0 0.0 0.0 0.0 0.0
0.0 0.0 0.0 0.0 0.0 1.49012e-07 0.000807345 0.0 0.0 1.42753e-05 0.0 0.0 0.0 0.0 0.0 0.0 0.0 0.0 1.10269e-06 0.0 0.0 0.0 0.0 0.0 8.9407e-08 0.0 2.5034e-05 0.0 0.0 0.0 0.0 0.0 0.0 0.0 0.0 5.06639e-07 0.0 6.52671e-06 0.0 0.0 0.0 0.000614643 0.0 2.44677e-05 0.0 0.0 0.0 0.0 0.0 0.0 0.0 0.0 0.0 0.0 0.0 0.0 0.0 0.0 0.997473 0.0 0.0 0.0 0.0 0.0
0.0 0.0 0.0 0.0 0.287909 0.0 5.45382e-05 0.0 0.0 0.0 0.0 0.0 0.369392 0.0 0.0 0.0 0.00270993 0.0 0.0 0.000650942 0.885355 0.0 0.0 0.0 0.0 0.0 0.0 0.0 0.0 0.0 0.0 0.0 0.974563 0.984581 0.0 0.405432 0.971274 8.9407e-08 0.0 0.787895 0.0 0.0 0.0 6.25849e-07 0.0 0.0592058 0.0 0.0 0.0 0.0 0.0 0.982711 0.0 0.0 0.0 0.0 0.0 0.0 0.0 0.0 0.0 0.0 0.0 0.0
0.0 0.0 0.700388 0.00205848 0.0 0.0 0.0 0.0 0.0 0.0 0.0 2.51532e-05 0.0 0.977834 0.0 0.0 0.0 0.0 0.0 0.0 0.0 0.0 0.0 0.189734 0.0 0.0 0.0 3.30508e-05 0.0 0.0 0.600295 4.85778e-06 0.0 0.0 0.853561 0.0 0.0 0.0 0.0 0.0 0.804321 0.0 0.0 0.0 0.76601 0.0 0.0280241 0.0447171 0.0 0.0 0.965573 0.0 0.0 0.0 2.95937e-05 0.0 0.0 0.0 0.0 0.0 0.0 0.0 0.0 0.0
0.0 0.0 0.0 0.0 1.19209e-07 0.0 0.00432914 0.0 0.0 1.78814e-07 0.0 0.0 5.96046e-08 0.0 0.0 5.96046e-08 0.0 0.0 0.999279 0.0 0.0 0.0 0.0 0.0 0.0 0.0 0.0 0.0 0.0 0.0 0.0 0.0 0.0 0.0 0.0 2.06828e-05 0.0 0.311859 0.0 0.0 0.0 1.99676e-05 0.0 1.60933e-06 0.0 6.85453e-07 0.0 0.0 0.0 0.0 0.0 6.85453e-07 0.0 0.0 0.0 0.0 0.0 0.0 2.38419e-07 0.0 0.0 0.0 0.0 0.0
0.0 0.0 0.0 0.0 0.0 0.0 0.0 0.0 0.0 0.0 0.0 0.0 0.0 0.0 0.0 0.0 0.0 0.0 0.0 0.0 0.0 0.0 0.0 0.0 0.0 0.0 0.0 0.0 2.68221e-07 0.0 0.0 0.0 0.0 0.0 0.0 0.0 0.0 0.0 0.0 0.0 0.0 0.0 0.129293 0.0 0.0 0.0 0.0 0.0 0.0 0.0 0.0 0.0 9.23872e-07 0.845955 0.0 0.0 0.0 0.0 0.0 0.0 0.0 0.0 0.0 0.0
0.0 0.0 0.0 0.0 0.0 0.0 0.0 0.0 0.0 0.0 0.0 0.0 0.0 0.0 0.0 0.0 0.0 0.0 0.0 0.0 0.0 0.0 0.0 0.0 0.0 0.0 0.0 0.0 0.0 0.99776 0.0 0.0 0.0 0.0 0.0 0.0 0.0 0.0 0.0 0.0 0.0 0.0 0.0 0.0 0.0 0.0 0.0 0.0 0.0 0.0 0.0 0.0 0.0 0.0 0.0 0.0 0.0 0.0 0.0 0.0 0.0 0.0 0.0 0.0
0.0 0.0 0.00573519 4.47035e-07 0.0 0.0 0.0 0.0 0.0 0.0 0.0 1.49012e-06 0.0 0.016429 0.0 0.0 0.0 0.0 0.0 0.0 0.0 0.0 0.0 0.00512734 0.0 0.0 0.0 0.00628453 0.0 0.0 0.00732902 1.19209e-07 0.0 0.0 0.0177946 0.0 0.0 0.0 0.0 0.0 0.00141656 0.0 0.0 0.0 0.0517789 0.0 0.000794441 0.998384 0.0 0.0 0.128515 0.0 0.0 0.0 1.2219e-06 0.0 1.78814e-07 0.0 0.0 0.0 0.0 0.0 0.0 0.0
0.0 0.0 0.0 0.0 0.0 0.0 0.0 0.0 0.0 0.0 0.0 0.0 0.0 0.0 0.0 0.0 0.0 0.0 0.0 0.0 0.0 0.0 0.0 0.0 0.0 0.0 0.0 0.0 0.0 0.0 0.0 0.0 0.0 0.0 0.0 0.0 0.0 0.0 0.0 0.0 0.0 0.0 0.0 0.0 0.0 0.0 0.0 0.0 0.0 0.0 0.0 0.0 0.0 0.0 0.0 0.0 0.0 0.0 0.0 0.0 0.0 0.919207 0.0 0.0
0.0 0.0 0.992309 0.00606769 0.0 0.0 0.0 0.0 0.0 0.0 0.0 2.01464e-05 0.0 0.984043 0.0 0.0 0.0 0.0 0.0 0.0 0.0 0.0 0.0 0.152295 0.0 0.0 0.0 1.49906e-05 0.0 0.0 0.957678 1.02222e-05 0.0 0.0 0.990646 0.0 0.0 0.0 0.0 0.0 0.977254 0.0 0.0 0.0 0.869589 0.0 0.0595259 0.0772 0.0 0.0 0.995368 0.0 0.0 0.0 9.65595e-06 0.0 0.0 0.0 0.0 0.0 0.0 0.0 0.0 0.0
7.12276e-06 0.0 0.0 0.0 0.0 0.0 0.0 0.0 0.0 0.0 0.0 0.0 0.0 0.0 0.0 0.0 0.0 0.0 0.0 0.0 0.0 0.0 0.0 0.0 0.0 0.0 0.0 0.0 0.0 0.0 0.0 0.0 0.0 0.0 0.0 0.0 0.0 0.0 0.000112563 0.0 0.0 0.0 0.0 0.0 0.0 0.0 0.0 0.0 0.0 0.0 0.0 0.0 0.0 0.0 0.0 2.98023e-08 7.62939e-06 0.0 0.0 0.0 0.0 0.0 0.00180519 0.99751
0.0 0.0 0.0 0.0 0.0 1.19209e-07 0.0 0.0 0.0 0.0 0.0 0.0 0.0 0.0 0.0 3.57628e-07 0.0 0.0 0.0 0.0 0.0 0.0 0.0 0.0 0.0 0.0 0.0 0.0 0.0 0.0 0.0 0.0 0.0 0.0 0.0 0.0 0.0 0.0 0.0 0.0 0.0 0.0 0.0 0.0 0.0 0.0 0.0 0.0 0.0 0.0 0.0 0.0 0.0 0.0 0.0 0.0 0.0 0.0 0.0 0.0 0.0 0.0 0.0 0.0
0.0 0.0 0.0 0.0 0.0 0.253918 2.98023e-08 0.0 0.0 2.98023e-08 0.0 0.0 0.0 0.0 0.0 1.19209e-07 0.0 0.0 9.83477e-07 0.0 0.0 0.0 0.0 0.0 0.958361 5.06639e-07 1.07884e-05 0.0 0.0 0.0 0.0 0.0 0.0 0.0 0.0 0.0 0.0 0.0 0.0 0.0 0.0 2.95043e-06 0.0 0.0 0.0 0.0 0.0 0.0 4.14252e-06 0.0 0.0 0.0 0.0 0.0 0.0 0.0 0.0 0.0 8.02279e-05 0.0 0.0 0.0 0.0 0.0
0.0 0.0 0.677428 0.000178307 0.0 0.0 0.0 0.0 0.0 0.0 0.0 0.000120342 0.0 0.894774 0.0 0.0 0.0 0.0 0.0 0.0 0.0 0.0 0.0 0.188924 0.0 0.0 0.0 7.87079e-05 0.0 0.0 0.725527 1.37091e-06 0.0 0.0 0.697387 0.0 0.0 0.0 0.0 0.0 0.426877 0.0 0.0 0.0 0.981691 0.0 0.0216629 0.0317491 0.0 0.0 0.828079 0.0 0.0 0.0 3.8743e-07 0.0 0.0 0.0 0.0 0.0 0.0 0.0 0.0 0.0
0.0 0.0 0.0 0.0 0.00211778 0.0 1.78814e-07 0.0 0.0 0.0 0.0 0.0 0.00511843 0.0 0.0 0.0 0.0435416 0.0 0.0 0.000133604 0.0989022 0.0 0.0 0.0 0.0 0.0 0.0 0.0 0.0 0.0 0.0 0.0 0.974703 0.799265 0.0 0.00265267 0.813153 0.0 0.0 0.979696 0.0 0.0 0.0 0.0 0.0 0.000298679 0.0 0.0 0.0 0.0 0.0 0.465306 0.0 0.0 0.0 0.0 0.0 0.0 0.0 0.0 0.0 0.0 0.0 0.0
0.0 0.0 0.0 0.0 0.0 0.0 0.0 0.0 9.71556e-06 0.0 0.0 0.0 0.0 0.0 0.0 0.0 0.0 0.0 0.0 0.0 0.0 0.0 0.0 0.0 0.0 0.0 0.0 0.0 0.0 0.0 0.0 0.0 0.0 0.0 0.0 0.0 0.0 0.0 0.0 0.0 0.0 0.0 0.0 0.0 0.0 0.0 0.0 0.0 0.0 0.0 0.0 0.0 0.000365138 0.0 0.0 0.0 0.0 0.0 0.0 0.0 0.0 0.0 0.0 0.0
0.0 0.0 0.0 0.0 0.0 0.0 0.0 0.0 0.0 0.0 0.0 0.0 0.0 0.0 0.0 0.0 0.0 0.0 0.0 0.0 0.0 0.0 0.0 0.0 0.0 0.0 0.0 0.0 3.27826e-06 0.0 0.0 0.0 0.0 0.0 0.0 0.0 0.0 0.0 0.0 0.0 0.0 0.0 0.975008 0.0 0.0 0.0 0.0 0.0 0.0 0.0 0.0 0.0 0.0 0.0232878 0.0 0.0 0.0 0.0 0.0 0.0 0.0 0.0 0.0 0.0
0.0 0.0 0.971902 0.00697592 0.0 0.0 0.0 0.0 0.0 0.0 0.0 4.00543e-05 0.0 0.967703 0.0 0.0 0.0 0.0 0.0 0.0 0.0 0.0 0.0 0.0270992 0.0 0.0 0.0 5.79655e-05 0.0 0.0 0.556609 2.22325e-05 0.0 0.0 0.98482 0.0 0.0 0.0 0.0 0.0 0.930534 0.0 0.0 0.0 0.516544 0.0 0.0242286 0.253287 0.0 0.0 0.982415 0.0 0.0 0.0 0.000382513 0.0 0.0 0.0 0.0 0.0 0.0 0.0 0.0 0.0
3.27826e-07 0.0 0.0 0.0 0.0 0.0 0.0 0.0 0.0 0.0 0.0 0.0 0.0 0.0 0.0 0.0 0.0 0.0 0.0 0.0 0.0 0.0 0.0 0.0 0.0 0.0 0.0 0.0 0.0 0.0 0.0 0.0 0.0 0.0 0.0 0.0 0.0 0.0 0.0 0.0 0.0 0.0 0.0 0.0 0.0 0.0 0.0 0.0 0.0 0.0 0.0 0.0 0.0 0.0 0.0 0.0 0.311303 0.0 0.0 0.0 0.0 0.0 0.999769 6.94394e-06
0.0 0.0 0.0543584 0.00356552 0.0 0.0 0.0 0.0 0.0 0.0 0.0 0.00604701 0.0 0.692254 0.0 0.0 0.0 0.0 0.0 0.0 0.0 0.0 0.0 0.966454 0.0 0.0 0.0 0.000813037 0.0 0.0 0.0700214 1.06692e-05 0.0 0.0 0.162436 0.0 0.0 0.0 0.0 0.0 0.267618 0.0 0.0 0.0 0.213273 0.0 0.0301529 0.129272 0.0 0.0 0.332639 0.0 0.0 0.0 0.000175923 0.0 0.0 0.0 0.0 0.0 0.0 0.0 0.0 0.0
0.0 0.0 0.0 0.0 0.98362 0.0 0.130508 0.0 0.0 0.0 0.0 0.0 0.950544 0.0 0.0 0.0 8.46386e-06 0.0 1.49012e-07 0.0161767 0.974665 0.0 0.0 0.0 0.0 0.0 0.0 0.0 0.0 0.0 0.0 0.0 0.427202 0.740354 0.0 0.995113 0.771821 9.56655e-06 0.0 0.00792816 0.0 0.0 0.0 6.57439e-05 0.0 0.963972 0.0 0.0 0.0 0.0 0.0 0.99735 0.0 0.0 0.0 0.0 0.0 0.0 0.0 0.0 0.0 0.0 0.0 0.0
0.0 0.0 0.0 0.0 0.0 0.0 3.11136e-05 0.0 0.0 0.999874 0.0 0.0 0.0 0.0 0.0 0.0 0.0 0.0 2.08616e-07 2.38419e-07 0.0 0.0 0.0 0.0 0.0 0.0 6.25849e-07 0.0 0.0 0.0 0.0 0.0 0.0 0.0 0.0 2.38419e-07 0.0 1.19209e-07 0.0 0.0 0.0 2.24113e-05 0.0 2.41399e-06 0.0 0.0 0.0 0.0 0.0 0.0 0.0 0.0 0.0 0.0 0.0 0.0 0.0 0.0 3.30806e-06 0.0 0.0 0.0 0.0 0.0
0.0 0.0 2.38419e-07 8.22544e-06 0.0 0.0 0.0 0.0 0.0 0.0 0.0 0.0120715 0.0 1.3411e-06 0.0 0.0 0.0 0.0 0.0 0.0 0.0 0.0 0.0 4.17233e-07 0.0 0.0 0.0 1.3113e-06 0.0 0.0 0.0 0.997653 0.0 0.0 1.16229e-06 0.0 0.0 0.0 0.0 0.0 6.85453e-07 0.0 0.0 0.0 5.96046e-08 0.0 0.0 6.85453e-07 0.0 0.0 5.06639e-07 0.0 0.0 0.0 7.12276e-06 0.0 0.0 0.0 0.0 0.0 0.0 0.0 0.0 0.0
0.0 0.0 0.0 0.0 0.0 0.0 0.0 0.0 0.0 0.0 0.0 0.0 0.0 0.0 0.999414 0.0 0.0 0.0 0.0 0.0 0.0 0.0 0.0 0.0 0.0 0.0 0.0 0.0 0.0 0.0 0.0 0.0 0.0 0.0 0.0 0.0 0.0 0.0 0.0 0.0 0.0 0.0 0.0 0.0 0.0 0.0 0.0 0.0 0.0 0.0 0.0 0.0 0.0 0.0 0.0 0.0 0.0 0.0 0.0 0.0 0.0 0.0 0.0 0.0
0.0 0.0 0.0 0.0 0.0 0.0 0.0 0.0 0.0 0.0 0.997572 0.0 0.0 0.0 0.0 0.0 0.0 0.0 0.0 0.0 0.0 8.64267e-07 0.0 0.0 0.0 0.0 0.0 0.0 0.0 0.0 0.0 0.0 0.0 0.0 0.0 0.0 0.0 0.0 0.0 0.0 0.0 0.0 0.0 0.0 0.0 0.0 0.0 0.0 0.0 0.0 0.0 0.0 0.0 0.0 0.0 0.0 0.0 0.0 0.0 0.0 0.0 0.0 0.0 0.0
0.0 0.0 0.0 0.0 0.0 1.07288e-06 0.0 0.0 0.0 0.0 0.0 0.0 0.0 0.0 0.0 0.0 0.0 0.0 0.0 0.0 0.0 0.0 0.0 0.0 0.000998676 0.0 6.25849e-07 0.0 0.0 0.0 0.0 0.0 0.0 0.0 0.0 0.0 0.0 0.0 0.0 0.0 0.0 0.0 0.0 0.0 0.0 0.0 0.0 0.0 0.995023 0.0 0.0 0.0 0.0 0.0 0.0 0.0 0.0 0.0 0.0 0.0 0.0 0.0 0.0 0.0
0.0 0.0 0.0 0.0 0.0 0.0 0.0 0.0 0.0 0.0 0.0 0.0 0.0 0.0 0.0 0.0 0.0 0.0 0.0 0.0 0.0 0.0 0.0 0.0 0.0 0.0 0.0 0.0 0.0 0.0 0.0 0.0 0.0 0.0 0.0 0.0 0.0 0.0 0.0 0.0 0.0 0.0 0.0 0.0 0.0 0.0 0.0 0.0 0.0 0.999828 0.0 0.0 0.0 0.0 0.0 0.0 0.0 0.0 0.0 0.0 0.0 0.0 0.0 0.0
0.0 0.0 0.0 0.0 0.0 0.0 0.0 0.0 0.0 0.0 0.0 0.0 0.0 0.0 0.0 0.0 0.0 0.0 0.0 0.0 0.0 0.0 0.999644 0.0 0.0 0.0 0.0 0.0 0.0 0.0 0.0 0.0 0.0 0.0 0.0 0.0 0.0 0.0 0.0 0.0 0.0 0.0 0.0 0.0 0.0 0.0 0.0 0.0 0.0 0.0 0.0 0.0 0.0 0.0 0.0 0.0 0.0 0.0 0.0 0.0 0.0 0.0 0.0 0.0
0.0 0.0 0.0 0.0 0.0 0.0 0.0 0.0 0.0 0.0 0.0 0.0 0.0 0.0 0.0 0.0 0.0 0.0 0.0 0.0 0.0 0.0 0.0 0.0 0.0 0.0 0.0 0.989882 0.0 0.0 0.0 0.0 0.0 0.0 0.0 0.0 0.0 0.0 0.0 0.0 0.0 0.0 0.0 0.0 0.0 0.0 0.0 0.0 0.0 0.0 0.0 0.0 0.0 0.0 0.0 0.0 0.0 0.0 0.0 0.0 0.0 0.0 0.0 0.0
0.0 0.0 0.0 0.0 0.0 0.0 0.0 0.0 0.0 0.0 0.0 0.0 0.0 0.0 0.0 0.0 0.0 0.0 0.0 0.0 0.0 0.0 0.0 0.0 0.0 0.0 0.0 0.0 0.0 0.0 5.96046e-08 0.0 0.0 0.0 0.0 0.0 0.0 0.0 0.0 0.0 0.0 0.0 0.0 0.0 0.0 0.0 5.96046e-08 0.0 0.0 0.0 0.0 0.0 0.0 0.0 1.49012e-07 0.0 0.0 0.0 0.0 0.0158266 0.0 0.0 0.0 0.0
0.0 0.0 0.0 0.0 0.0 0.0 0.0 3.41833e-05 0.0 0.0 0.0 0.0 0.0 0.0 0.0 0.0 0.0 0.0 0.0 0.0 0.0 0.0 0.0 0.0 0.0 0.0 0.0 0.0 0.0 0.0 0.0 0.0 0.0 0.0 0.0 0.0 0.0 0.0 0.99907 0.0 0.0 0.0 0.0 0.0 0.0 0.0 0.0 0.0 0.0 0.0 0.0 0.0 0.0 0.0 0.0 0.0 0.0 0.0 0.0 0.0 0.0 0.0 0.0 0.0
0.0 0.973882 0.0 0.0 0.9569 8.9407e-08 0.572954 0.0 0.0 0.0 0.0 0.0 2.98023e-08 0.0 0.0 0.0 0.0 0.0 8.9407e-08 0.0 0.987835 0.0 0.0 0.0 0.0 0.0 0.0 0.0 0.0 0.0 0.0 0.0 0.954404 0.996565 0.0 0.00592506 0.00537002 0.959058 0.0 0.995531 0.0 0.0 0.0 7.51019e-06 0.0 0.523253 0.0 0.0 0.0 0.0 0.0 0.96043 0.0 0.0 0.0 0.0 0.0 0.530276 1.78814e-07 0.0 0.0 0.0 0.0 0.0
0.0 0.0 0.0 0.0 0.0 1.68979e-05 0.0 0.0 0.0 0.0 0.0 0.0 0.0 0.0 0.0 0.0 0.0 0.0 6.55651e-07 0.0 0.0 0.0 0.0 0.0 0.299586 0.000222206 0.0 0.0 0.0 0.0 0.0 0.0 0.0 0.0 0.0 0.0 0.0 0.0 0.0 0.0 0.0 0.000943214 0.0 0.0 0.0 0.0 0.0 0.0 0.0 2.38419e-07 0.0 0.0 0.0 0.0 0.0 0.0 0.0 0.0 0.0 0.0 0.999151 0.0 0.0 0.0
0.0 0.965126 0.0 0.0 0.830056 2.35438e-06 0.0718112 0.0 0.0 0.0 0.0 0.0 0.0 0.0 0.0 0.0 0.0 0.0 3.27826e-07 0.0 0.993433 0.0 0.0 0.0 0.0 0.0 0.0 0.0 0.0 0.0 0.0 0.0 0.833933 0.997463 0.0 0.000258207 0.000232786 0.986604 0.0 0.985945 0.0 0.0 0.0 1.63913e-06 0.0 0.0632878 0.0 0.0 0.0 0.0 0.0 0.836428 0.0 0.0 0.0 0.0 0.0 0.0526403 5.96046e-08 0.0 0.0 0.0 0.0 0.0
0.0 0.0 0.0 0.0 0.0 0.0 0.0 0.0 0.0 0.0 0.0 0.0 0.0 0.0 0.0 0.0 9.92417e-06 0.0 0.0 0.0 0.0 0.0 0.0 0.0 0.0 0.0 0.0 0.0 0.0 0.999999 0.0 0.0 0.0 0.0 0.0 0.0 0.0 0.0 0.0 0.0 0.0 0.0 0.0 0.0 0.0 0.0 0.0 0.0 0.0 0.0 0.0 0.0 0.0 0.0 0.0 0.0 0.0 0.0 0.0 0.0 0.0 0.0 0.0 0.0
0.0 0.0 0.0 0.0 0.0 0.0 0.0 0.0 0.0 5.66244e-07 1.19209e-07 0.0 0.0 0.0 0.0 0.0 0.0 0.0 0.0 0.0 0.0 1.37091e-06 0.0 0.0 0.0 0.0 0.0 0.0 0.0 0.0 0.0 0.0 0.0 0.0 0.0 0.0 0.0 0.0 0.0 0.0 0.0 0.0 0.0 0.0 0.0 0.0 0.0 0.996381 0.0 0.0 0.0 0.0 0.0 1.40071e-06 0.0 0.233946 0.0 0.0 0.0 0.0 0.0 0.0 0.0 0.0
0.0 0.0 0.0 0.0 0.0 0.0 0.0 0.0 0.0 0.0 0.0 0.0 0.0 0.0 0.0 0.0 0.0 0.0 0.999033 0.0 3.57628e-07 0.0 0.0 0.0 4.3422e-05 0.0 0.0 0.0 0.0 0.0 0.0 0.0 0.0 5.36442e-07 0.0 0.0 0.0 8.9407e-08 0.0 0.0 0.0 0.0 0.0 0.0 0.0 0.0 0.0 0.0 0.0 2.98023e-08 0.0 0.0 0.0 0.0 0.0 0.0 0.0 0.0 0.0 0.0 2.11596e-06 0.0 0.0 0.0
0.0 0.0 0.0 0.0 0.0 0.0 0.0 0.0 0.0 0.0 0.0 0.0 0.0 0.0 0.0 0.0 0.0 0.0 0.0 0.996014 0.0 0.0 0.0 0.0 0.0 0.0 0.0 0.0 0.0 0.0 0.0 0.0 0.0 0.0 0.0 0.0 0.0 0.0 0.0 0.0 0.0 0.0 0.0 0.0 0.0 0.0 0.0 0.0 0.0 0.0 0.0 0.0 0.0 0.0 0.0 0.0 0.0 0.0 0.0 0.0 0.0 2.98023e-07 0.0 0.0
0.0 0.0 0.0 0.0 0.0 0.0 0.0 0.0 0.0 0.0 0.0 0.0 0.0 0.0 0.0 0.0 0.0 0.0 0.0 0.0 0.0 0.0 0.0 0.0 0.0 0.0 0.0 0.0 0.999999 0.0 0.0 0.0 0.0 0.0 0.0 0.0 0.0 0.0 0.0 0.0 0.0 0.0 0.0 0.0 0.0 0.0 0.0 0.0 0.0 0.0 0.0 0.0 0.0 0.0 0.0 0.0 0.0 0.0 0.0 0.0 0.0 0.0 0.0 9.74536e-06
0.0 1.56164e-05 0.0 0.0 0.0012261 0.0 0.00232691 0.0 0.0 0.0 0.0 0.0 0.0 0.0 0.0 0.0 0.0 0.0 0.0 0.0 0.000268489 0.0 0.0 0.0 0.0 0.0 0.0 0.0 0.0 0.0 0.0 0.0 6.93798e-05 0.000404358 0.0 0.000653505 0.000204057 2.3365e-05 0.0 0.000792086 0.0 0.0 0.0 0.996451 0.0 0.00186789 0.0 0.0 0.0 0.0 0.0 0.00880209 0.0 0.0 0.0 0.0 0.0 0.000509262 3.51667e-06 0.0 0.0 0.0 0.0 0.0
0.0 0.0 0.14809 0.0 0.0 0.0 0.0 0.0 0.0 0.0 0.0 0.0 0.0 0.98677 0.0 0.0 0.0 0.0 0.0 0.0 0.0 0.0 0.0 0.0 0.0 0.0 0.0 0.0 0.0 0.0 0.981776 0.0 0.0 0.0 0.988374 0.0 0.0 0.0 0.0 0.0 0.948446 0.0 0.0 0.0 4.50015e-06 0.0 0.976241 0.0 0.0 0.0 0.93171 0.0 0.0 0.0 0.903608 0.0 0.0 0.0 0.0 5.1558e-06 0.0 0.0 0.0 0.0
0.0 0.0 0.193443 0.0 0.0 0.0 0.0 0.0 0.0 0.0 0.0 0.0 0.0 0.956497 0.0 0.0 0.0 0.0 0.0 0.0 0.0 0.0 0.0 0.0 0.0 0.0 0.0 0.0 0.0 0.0 0.908894 0.0 0.0 0.0 0.884629 0.0 0.0 0.0 0.0 0.0 0.806356 0.0 0.0 0.0 1.67787e-05 0.0 0.865199 0.0 0.0 0.0 0.749833 0.0 0.0 0.0 0.280674 0.0 0.0 0.0 0.0 5.96046e-08 0.0 0.0 0.0 0.0
0.0 0.0 0.0 0.0 0.0 0.0 0.0 0.0 0.0 0.0 0.0 0.0 0.0 0.0 0.999983 0.0 0.0 0.0 0.0 0.0 0.0 0.0 0.0 0.0 0.0 0.0 0.0 0.0 0.0 0.0 0.0 0.0 0.0 0.0 0.0 0.0 0.0 0.0 0.0 0.0 0.0 0.0 0.0 0.0 0.0 0.0 0.0 0.0 0.0 0.0 0.0 0.0 0.0 0.0 0.0 0.0 0.0 0.0 0.0 0.0 0.0 0.0 0.0 0.0
0.0 0.0 0.0 0.0 0.0 0.0 0.0 0.0 0.0 0.0 0.0 0.0 8.9407e-08 0.0 0.0 0.0 0.0 0.0 0.0 2.47359e-06 0.0 0.0 0.0 0.0 0.0 0.0 0.0 0.0 0.0 0.0 0.0 0.0 0.0 0.0 0.0 0.0 0.0 0.0 0.0 0.0 0.0 0.0 0.0 0.0 0.0 0.0 0.0 0.0 0.0 0.0 0.0 0.0 0.0 0.0 0.0 0.0 0.0 0.0 1.78814e-07 0.0 0.0 0.999285 0.0 0.0
0.995553 0.0 0.0 0.0 0.0 0.0 0.0 0.0 0.0 0.0 0.0 0.0 0.0 0.0 0.0 0.0 0.0 0.0 0.0 0.0 0.0 0.0 0.0 0.0 0.0 0.0 0.0 0.0 0.0 0.0 0.0 0.0 0.0 0.0 0.0 0.0 0.0 0.0 0.0 0.0 0.0 0.0 0.0 0.0 0.0 0.0 0.0 0.0 0.0 0.0 0.0 0.0 0.0 0.0 0.0 0.0 0.0 0.0 0.0 0.0 0.0 0.0 0.0 0.0
0.0 0.0 0.0 0.0 0.0 9.29832e-06 0.0 0.0 0.0 0.0 0.0 0.0 0.0 0.0 0.0 0.0 0.0 0.0 0.0 0.0 0.0 0.0 0.0 0.0 0.00129426 0.999461 0.0 0.0 0.0 0.0 0.0 0.0 0.0 0.0 0.0 0.0 0.0 0.0 0.0 0.0 0.0 0.0163008 0.0 0.0 0.0 0.0 0.0 0.0 0.0 0.0410661 0.0 0.0 0.0 0.0 0.0 0.0 0.0 0.0 0.0 0.0 1.19209e-07 0.0 0.0 0.0
0.0 0.0 0.0 0.0 8.9407e-07 0.0 9.0301e-06 0.0 0.0 0.0 0.0 0.0 2.11596e-06 0.0 0.0 0.0 0.0 0.0 0.0 0.0 0.0 0.0 0.0 0.0 0.0 0.0 0.0 0.0 0.0 0.0 0.0 0.0 3.57628e-07 8.9407e-08 0.0 8.04365e-05 3.18289e-05 0.0 0.0 1.49012e-07 0.0 0.0 0.0 1.04308e-06 0.0 1.3411e-05 0.0 0.0 0.0 0.0 0.0 3.75509e-05 0.0 0.0 0.0 0.0 0.0 3.18885e-06 0.993955 0.0 0.0 7.7486e-07 0.0 0.0
0.0 0.621128 0.0 0.0 0.986362 0.0 0.958541 0.0 0.0 0.0 0.0 0.0 1.78814e-07 0.0 0.0 0.0 0.0 0.0 0.0 0.0 0.889088 0.0 0.0 0.0 0.0 0.0 0.0 0.0 0.0 0.0 0.0 0.0 0.910782 0.963208 0.0 0.235785 0.223871 0.500552 0.0 0.98655 0.0 0.0 0.0 0.000126183 0.0 0.941354 0.0 0.0 0.0 0.0 0.0 0.990928 0.0 0.0 0.0 0.0 0.0 0.940594 1.69873e-06 0.0 0.0 0.0 0.0 0.0
0.0 0.0 0.0 0.0 0.0 0.0 0.0 0.0 0.0 7.7486e-07 1.16229e-06 0.0 0.0 0.0 0.0 0.0 0.0 0.0 0.0 0.0 0.0 0.00998542 0.0 0.0 0.0 0.0 0.0 0.0 0.0 0.0 0.0 0.0 0.0 0.0 0.0 0.0 0.0 0.0 0.0 0.0 0.0 0.0 0.209756 0.0 0.0 0.0 0.0 0.0 0.0 0.0 0.0 0.0 0.99518 6.91414e-06 0.0 0.0 0.0 0.0 0.0 0.0 0.0 0.0 0.0 0.0
0.0 0.0 0.0 0.0 0.0 0.0 0.0 0.0 0.999037 0.0 0.0 0.0 0.0 0.0 0.0 0.0 0.0 0.0 0.0 0.0 0.0 0.0 0.0 0.0 0.0 0.0 0.0 0.0 0.0 0.0 0.0 0.0 0.0 0.0 0.0 0.0 0.0 0.0 0.0 0.0 0.0 0.0 0.0 0.0 2.98023e-08 0.0 0.0 0.0 0.0 0.0 0.0 0.0 0.0 0.0 0.0 0.0 0.0 0.0 0.0 0.0 0.0 0.0 0.0 0.0
0.0 0.0 4.32134e-05 0.0 0.0 0.0 0.0 0.0 2.08616e-07 0.0 0.0 0.0 0.0 3.57628e-07 0.0 0.0 0.0 0.0 0.0 0.0 0.0 0.0 0.0 0.0 0.0 0.0 0.0 0.0 0.0 0.0 2.08616e-07 0.0 0.0 0.0 2.08616e-07 0.0 0.0 0.0 0.0 0.0 1.19209e-07 0.0 0.0 0.0 0.996354 0.0 1.49012e-07 0.0 0.0 0.0 2.98023e-08 0.0 0.0 0.0 2.08616e-07 0.0 0.0 0.0 0.0 0.0 0.0 0.0 0.0 0.0
0.0 0.0 0.0 0.0 0.0 0.0 0.0 0.0 0.0 0.0 0.0 0.0 0.0 0.0 0.0 0.0 0.0 0.0 0.0 0.0 0.0 0.0 0.0 0.0 0.0 0.0 0.0 0.0 0.0 0.0 0.0 0.0 0.0 0.0 0.0 0.0 0.0 0.0 0.0 0.0 0.0 0.0 0.0 0.0 0.0 0.0 0.0 0.0 0.999876 0.0 0.0 0.0 0.0 0.0 0.0 0.0 0.0 0.0 0.0 0.0 0.0 0.0 0.0 0.0
0.0 0.0 0.0 0.0 0.0 0.000853539 0.0 0.0 0.0 0.0 0.0 0.0 0.0 0.0 0.0 0.0 0.0 0.0 0.000193655 0.0 0.0 0.0 0.0 0.0 0.999945 0.283796 2.01464e-05 0.0 0.0 0.0 0.0 0.0 0.0 0.0 0.0 0.0 0.0 0.0 0.0 0.0 0.0 0.00755867 0.0 0.0 0.0 0.0 0.0 0.0 2.38419e-07 0.00108981 0.0 0.0 0.0 0.0 0.0 0.0 0.0 0.0 0.0 0.0 0.475988 0.0 0.0 0.0
0.0 0.0 0.0 0.0 0.0 0.0 0.0 0.0 0.0 0.0 0.0 0.0 0.0 0.0 0.0 0.0 0.0 0.0 0.0 0.0 0.0 0.0 0.0 0.0 1.81794e-05 0.0181718 1.49012e-07 0.0 0.0 0.0 0.0 0.0 0.0 0.0 0.0 0.0 0.0 0.0 0.0 0.0 0.0 1.40071e-05 0.0 0.0 0.0 0.0 0.0 0.0 0.0 0.999997 0.0 0.0 0.0 0.0 0.0 0.0 0.0 0.0 0.0 0.0 0.0 0.0 0.0 0.0
0.0 0.0 0.0 0.0 0.0 0.0 0.0 0.0 0.0 0.0 0.0 0.0 0.0 0.0 0.0 0.0 0.0 0.0 0.0 0.0 0.0 0.0 0.0 0.0 0.0 0.0 0.0 0.0 0.0 0.0 0.0 0.905045 0.0 0.0 0.0 0.0 0.0 0.0 0.0 0.0 0.0 0.0 0.0 0.0 0.0 0.0 0.0 0.0 0.0 0.0 0.0 0.0 0.0 0.0 0.0 0.0 0.0 0.0 0.0 0.0 0.0 0.0 0.0 0.0
0.0 0.0 0.0 0.0 0.0 0.0 0.0 0.0 0.0 0.0 0.0 0.0 0.0 0.0 0.0 0.0 0.0 0.0 0.0 0.0 0.0 0.0 0.0 0.0 0.0 0.0 0.0 0.0 9.22084e-05 0.0 0.0 0.0 0.0 0.0 0.0 0.0 0.0 0.0 0.0 0.0 0.0 0.0 0.0 0.0 0.0 0.0 0.0 0.0 0.0 0.0 0.0 0.0 0.0 0.0 0.0 0.0 0.0 0.0 0.0 0.0 0.0 0.0 0.0 0.999986
0.0 0.0 4.05312e-06 0.0 0.0 0.0 0.0 0.0 0.0 0.0 0.0 0.0 0.0 2.35438e-06 0.0 0.0 0.0 0.0 0.0 0.0 0.0 0.0 0.0 0.0 0.0 0.0 0.0 0.0 0.0 0.0 2.98023e-06 0.0 0.0 0.0 2.89083e-06 0.0 0.0 0.0 0.0 0.0 4.76837e-07 0.0 0.0 0.0 0.0 0.0 3.51667e-06 0.0 0.0 0.0 2.68221e-07 0.0 0.0 0.0 3.07262e-05 0.0 0.0 0.0 0.0 0.999743 0.0 0.0 0.0 0.0
0.0 0.0 0.0464408 0.0 0.0 0.0 0.0 0.0 0.0 0.0 0.0 0.0 0.0 0.988303 0.0 0.0 0.0 0.0 0.0 0.0 0.0 0.0 0.0 0.0 0.0 0.0 0.0 0.0 0.0 0.0 0.979047 0.0 0.0 0.0 0.979811 0.0 0.0 0.0 0.0 0.0 0.939563 0.0 0.0 0.0 9.53674e-07 0.0 0.984254 0.0 0.0 0.0 0.919006 0.0 0.0 0.0 0.853499 0.0 0.0 0.0 0.0 2.11596e-06 0.0 0.0 0.0 0.0
0.0 0.0 0.0 0.0 0.0 0.0 0.0 0.0 0.0 0.0 0.0 0.0 0.0 0.0 0.0 0.0 1.19209e-07 0.0 0.0 0.0 0.0 0.0 0.0 0.99852 0.0 0.0 0.0 0.0 0.0 0.0 0.0 0.0 0.0 0.0 0.0 0.0 0.0 0.0 0.0 0.0 0.0 0.0 0.0 0.0 0.0 0.0 0.0 0.0 0.0 0.0 0.0 0.0 0.0 0.0 0.0 0.0 6.25849e-07 0.0 0.0 0.0 0.0 0.0 0.0 0.0
0.0 0.0299204 0.0 0.0 0.866431 0.0 0.98414 0.0 0.0 0.0 0.0 0.0 2.98023e-07 0.0 0.0 0.0 0.0 0.0 0.0 0.0 0.300994 0.0 0.0 0.0 0.0 0.0 0.0 0.0 0.0 0.0 0.0 0.0 0.36315 0.494625 0.0 0.866534 0.782098 0.0244194 0.0 0.848846 0.0 0.0 0.0 0.0013631 0.0 0.975168 0.0 0.0 0.0 0.0 0.0 0.991965 0.0 0.0 0.0 0.0 0.0 0.938615 0.000243038 0.0 0.0 0.0 0.0 0.0
0.0 0.010787 0.0 0.0 0.632792 0.0 0.956782 0.0 0.0 0.0 0.0 0.0 8.9407e-08 0.0 0.0 0.0 0.0 0.0 0.0 0.0 0.0891896 0.0 0.0 0.0 0.0 0.0 0.0 0.0 0.0 0.0 0.0 0.0 0.0439054 0.198374 0.0 0.935822 0.939902 0.00705981 0.0 0.834404 0.0 0.0 0.0 0.00012517 0.0 0.942082 0.0 0.0 0.0 0.0 0.0 0.994825 0.0 0.0 0.0 0.0 0.0 0.978794 1.37091e-05 0.0 0.0 0.0 0.0 0.0
0.0 0.0 0.0 0.0 0.0 0.0 0.0 0.0 0.0 0.0 0.0 0.0 0.0 0.0 0.0 0.0 0.0 0.0 0.0 0.0 0.0 0.0 0.0 0.0 0.0 0.0 0.0 0.0 0.0 0.0 0.0 0.0 0.0 0.0 0.0 0.0 0.0 0.0 0.0 0.0 0.0 0.0 0.0 0.0 1.19209e-07 0.0 0.0 0.0 0.0 0.0 0.0 0.0 0.0 0.0 0.0 0.0 0.0 0.0 0.0 0.0 0.0 0.0 0.0 0.0
0.0 0.0529349 0.0 0.0 0.908395 0.0 0.990425 0.0 0.0 0.0 0.0 0.0 3.27826e-07 0.0 0.0 0.0 0.0 0.0 0.0 0.0 0.382917 0.0 0.0 0.0 0.0 0.0 0.0 0.0 0.0 0.0 0.0 0.0 0.534746 0.610548 0.0 0.896115 0.859785 0.0368191 0.0 0.965282 0.0 0.0 0.0 0.000237286 0.0 0.985422 0.0 0.0 0.0 0.0 0.0 0.997418 0.0 0.0 0.0 0.0 0.0 0.98004 1.40965e-05 0.0 0.0 0.0 0.0 0.0
0.0 0.0 0.0 0.0 8.64267e-07 0.0 5.57303e-06 0.0 0.0 0.0 0.0 0.0 0.997056 0.0 0.0 0.0 0.0 1.19209e-07 0.0 0.0 0.0 0.0 0.0 0.0 0.0 0.0 0.0 0.0 0.0 0.0 0.0 0.0 3.57628e-07 1.49012e-07 0.0 1.69873e-06 1.07288e-06 0.0 0.0 1.10269e-06 0.0 0.0 0.0 5.96046e-08 0.0 3.60608e-06 0.0 0.0 0.0 0.0 0.0 8.49366e-06 0.0 0.0 0.0 0.0 0.0 4.17233e-06 3.09944e-06 0.0 0.0 4.17233e-07 0.0 0.0
0.0 0.0 0.0 0.0 0.0 0.994195 0.0 0.0 0.0 0.0 0.0 0.0 0.0 0.0 0.0 0.0 0.0 0.0 0.0 0.0 7.7486e-07 0.0 0.0 0.0 2.70009e-05 1.73151e-05 0.0 0.0 0.0 0.0 0.0 0.0 0.0 1.07288e-06 0.0 0.0 0.0 2.98023e-08 0.0 8.9407e-08 0.0 0.00164723 0.0 0.0 0.0 0.0 0.0 0.0 0.0 1.49012e-07 0.0 0.0 0.0 0.0 0.0 0.0 0.0 0.0 0.0 0.0 3.8743e-07 0.0 0.0 0.0
0.0 0.0 0.0 0.0 0.0 0.0 0.0 0.0 0.0 0.0 0.0 1.0 0.0 0.0 0.0 0.0 0.0 0.0 0.0 0.0 0.0 0.0 0.0 0.0 0.0 0.0 0.0 0.0 0.0 0.0 0.0 0.0 0.0 0.0 0.0 0.0 0.0 0.0 0.0 0.0 0.0 0.0 0.0 0.0 0.0 0.0 0.0 0.0 0.0 0.0 0.0 0.0 0.0 0.0 0.0 0.0 0.0 0.0 0.0 0.0 0.0 0.0 0.0 0.0
0.0 0.000122517 0.0 0.0 0.0385573 0.0 0.714868 0.0 0.0 0.0 0.0 0.0 0.0 0.0 0.0 0.0 0.0 0.0 0.0 0.0 0.000983298 0.0 0.0 0.0 0.0 0.0 0.0 0.0 0.0 0.0 0.0 0.0 0.00340971 0.00240555 0.0 0.974318 0.99055 7.80821e-05 0.0 0.0712481 0.0 0.0 0.0 1.74344e-05 0.0 0.747341 0.0 0.0 0.0 0.0 0.0 0.947595 0.0 0.0 0.0 0.0 0.0 0.844102 9.74536e-06 0.0 0.0 0.0 0.0 0.0
0.0 0.0 0.000510514 0.0 0.0 0.0 0.0 0.0 0.0 0.0 0.0 0.0 0.0 0.345635 0.0 0.0 0.0 0.0 0.0 0.0 0.0 0.0 0.0 0.0 0.0 0.0 0.0 0.0 0.0 0.0 0.412744 0.0 0.0 0.0 0.346977 0.0 0.0 0.0 0.0 0.0 0.0443866 0.0 0.0 0.0 1.49012e-07 0.0 0.301537 0.0 0.0 0.0 0.0360405 0.0 0.0 0.0 0.968441 0.0 0.0 0.0 0.0 2.43783e-05 0.0 0.0 0.0 0.0
0.0 0.0 0.0 0.0 0.0 0.0 0.0 0.0 0.0 0.0 0.0 0.0 0.0 0.0 0.0 0.0 0.0 0.0 0.0 0.0 0.0 0.0 0.0 0.0 8.64267e-07 1.78814e-07 0.999747 0.0 0.0 0.0 0.0 0.0 0.0 0.0 0.0 0.0 0.0 0.0 0.0 0.0 0.0 0.0 0.0 0.0 0.0 0.0 0.0 0.0 0.00011465 2.5332e-06 0.0 0.0 0.0 0.0 0.0 0.0 0.0 0.0 0.0 0.0 0.0 0.0 0.0 0.0
0.0 0.0 0.0 0.0 0.0 0.0 0.0 0.0 0.0 0.00389615 0.00104052 0.0 0.0 0.0 0.0 0.0 0.0 0.0 0.0 0.0 0.0 0.964567 0.0 0.0 0.0 0.0 0.0 0.0 0.0 0.0 0.0 0.0 0.0 0.0 0.0 0.0 0.0 0.0 0.0 0.0 0.0 0.0 0.000282913 0.0 0.0 0.0 0.0 8.9407e-08 0.0 0.0 0.0 0.0 0.1017 1.43349e-05 0.0 3.61204e-05 0.0 0.0 0.0 0.0 0.0 0.0 0.0 0.0
0.0 0.0 0.0 0.0 0.0 0.0 0.0 0.0 0.0 0.0 0.0 0.0 5.96046e-08 0.0 0.0 0.99999 0.0 0.0290605 0.0 0.0 0.0 0.0 0.0 0.0 0.0 0.0 0.0 0.0 0.0 0.0 0.0 0.0 0.0 0.0 0.0 0.0 0.0 0.0 0.0 0.0 0.0 0.0 0.0 0.0 0.0 0.0 0.0 0.0 0.0 0.0 0.0 0.0 0.0 0.0 0.0 0.0 0.0 0.0 0.0 0.0 0.0 0.0 0.0 0.0
0.0 0.0 0.050336 0.0 0.0 0.0 0.0 0.0 0.0 0.0 0.0 0.0 0.0 0.984898 0.0 0.0 0.0 0.0 0.0 0.0 0.0 0.0 0.0 0.0 0.0 0.0 0.0 0.0 0.0 0.0 0.972609 0.0 0.0 0.0 0.984508 0.0 0.0 0.0 0.0 0.0 0.94314 0.0 0.0 0.0 1.57952e-06 0.0 0.988191 0.0 0.0 0.0 0.923212 0.0 0.0 0.0 0.795438 0.0 0.0 0.0 0.0 1.3411e-06 0.0 0.0 0.0 0.0
0.0 0.0 0.0 0.0 5.96046e-08 0.0 0.0 0.0 0.0 0.0 0.0 0.0 2.80142e-05 0.0 0.0 0.0069218 0.0 0.999459 0.0 0.0 0.0 0.0 0.0 0.0 0.0 0.0 0.0 0.0 0.0 0.0 0.0 0.0 0.0 2.98023e-08 0.0 0.0 0.0 0.0 0.0 0.0 0.0 0.0 0.0 0.0 0.0 0.0 0.0 0.0 0.0 0.0 0.0 0.0 0.0 0.0 0.0 0.0 0.0 0.0 0.0 0.0 0.0 2.98023e-08 0.0 0.0
0.0 0.0 0.157756 0.0 0.0 0.0 0.0 0.0 0.0 0.0 0.0 0.0 0.0 0.440837 0.0 0.0 0.0 0.0 0.0 0.0 0.0 0.0 0.0 0.0 0.0 0.0 0.0 0.0 0.0 0.0 0.773116 0.0 0.0 0.0 0.25967 0.0 0.0 0.0 0.0 0.0 0.120038 0.0 0.0 0.0 9.53972e-05 0.0 0.136581 0.0 0.0 0.0 0.0671369 0.0 0.0 0.0 0.829904 0.0 0.0 0.0 0.0 9.82285e-05 0.0 0.0 0.0 0.0
0.0 0.0 0.9698 0.0 0.0 0.0 0.0 0.0 0.0 0.0 0.0 0.0 0.0 0.12281 0.0 0.0 0.0 0.0 0.0 0.0 0.0 0.0 0.0 0.0 0.0 0.0 0.0 0.0 0.0 0.0 0.0384443 0.0 0.0 0.0 0.0675433 0.0 0.0 0.0 0.0 0.0 0.0699537 0.0 0.0 0.0 0.0632561 0.0 0.0308714 0.0 0.0 0.0 0.031832 0.0 0.0 0.0 0.00300843 0.0 0.0 0.0 0.0 3.57628e-07 0.0 0.0 0.0 0.0
0.0 0.0 0.0 0.0 0.0 0.0 0.0 0.0 0.0 0.0 0.0 0.0 0.0 0.0 0.0 0.0 0.0 0.0 0.0 0.0 0.0 0.0 0.0 0.0 1.87755e-06 2.38419e-06 8.19266e-05 0.0 0.0 0.0 0.0 0.0 0.0 0.0 0.0 0.0 0.0 0.0 0.0 0.0 0.0 0.0 0.0 0.0 0.0 0.0 0.0 0.0 2.98023e-08 0.0 0.0 0.0 0.0 0.0 0.0 0.0 0.0 0.0 0.0 0.0 0.0 0.0 0.0 0.0
0.0 0.0 0.0 0.0 0.0 0.0 0.0 0.0 0.0 0.0 0.0 0.0 0.0 0.0 0.0 0.0 0.0 0.0 0.0 0.0 0.0 0.0 0.0 0.0 0.0 0.0 0.0 0.0 0.0 0.0 0.0 0.0 0.0 0.0 0.0 0.0 0.0 0.0 0.0 0.0 0.0 0.0 0.0 0.0 0.0 0.0 0.0 0.0 0.0 0.0 0.0 0.0 0.0 0.0 0.0 0.0 0.0 0.0 0.0 0.0 0.0 0.0 0.918344 0.0
0.0 0.0 0.0525468 0.0 0.0 0.0 0.0 0.0 0.0 0.0 0.0 0.0 0.0 0.984183 0.0 0.0 0.0 0.0 0.0 0.0 0.0 0.0 0.0 0.0 0.0 0.0 0.0 0.0 0.0 0.0 0.995297 0.0 0.0 0.0 0.949981 0.0 0.0 0.0 0.0 0.0 0.907467 0.0 0.0 0.0 1.49012e-06 0.0 0.884541 0.0 0.0 0.0 0.861482 0.0 0.0 0.0 0.910704 0.0 0.0 0.0 0.0 4.47035e-07 0.0 0.0 0.0 0.0
0.0 5.90682e-05 0.0 0.0 0.0262337 0.0 0.65252 0.0 0.0 0.0 0.0 0.0 1.49012e-07 0.0 0.0 0.0 0.0 0.0 0.0 0.0 0.000521809 0.0 0.0 0.0 0.0 0.0 0.0 0.0 0.0 0.0 0.0 0.0 0.0101172 0.00121042 0.0 0.975122 0.98252 3.89516e-05 0.0 0.039823 0.0 0.0 0.0 4.16338e-05 0.0 0.768109 0.0 0.0 0.0 0.0 0.0 0.918553 0.0 0.0 0.0 0.0 0.0 0.743089 9.70066e-05 0.0 0.0 0.0 0.0 0.0
0.0 0.0 0.0 0.0 0.0 0.0 0.0 0.0 0.0 0.975155 5.20945e-05 0.0 0.0 0.0 0.0 0.0 0.0 0.0 0.0 0.0 0.0 0.00625867 0.0 0.0 0.0 0.0 0.0 0.0 0.0 0.0 0.0 1.49012e-07 0.0 0.0 0.0 0.0 0.0 0.0 0.0 0.0 0.0 0.0 0.0 0.0 0.0 0.0 0.0 8.64267e-07 0.0 0.0 0.0 0.0 8.58307e-06 2.98023e-08 0.0 6.10352e-05 0.0 0.0 0.0 0.0 0.0 0.0 0.0 0.0
0.0 0.0 0.0 0.0 0.0 0.0 0.0 0.0 0.0 0.000142485 0.991634 0.0 0.0 0.0 0.0 0.0 0.0 0.0 0.0 0.0 0.0 0.00116786 0.0 0.0 0.0 0.0 0.0 0.0 0.0 0.0 0.0 0.0 0.0 0.0 0.0 0.0 0.0 0.0 0.0 0.0 0.0 0.0 2.98023e-08 0.0 0.0 0.0 0.0 8.9407e-08 0.0 0.0 0.0 0.0 3.27826e-07 0.00343844 0.0 4.51803e-05 0.0 0.0 0.0 0.0 0.0 0.0 0.0 0.0
0.0 0.0 0.0 0.0 0.0 0.0 0.0 0.0 0.000110179 0.0 0.0 0.0 0.0 0.0 0.0 0.0 0.0 0.0 0.0 0.0 0.0 0.0 0.0 0.0 0.0 0.0 0.0 0.0 0.0 0.0 0.0 0.0 0.0 0.0 0.0 0.0 0.0 0.0 0.0 0.0 0.0 0.0 0.0 0.0 2.11596e-06 0.0 0.0 0.0 0.0 0.0 0.0 0.0 0.0 0.0 0.0 0.0 0.0 0.0 0.0 0.0 0.0 0.0 0.0 0.0
0.0 0.0 0.928645 0.0 0.0 0.0 0.0 0.0 0.0 0.0 0.0 0.0 0.0 0.523921 0.0 0.0 0.0 0.0 0.0 0.0 0.0 0.0 0.0 0.0 0.0 0.0 0.0 0.0 0.0 0.0 0.320028 0.0 0.0 0.0 0.483277 0.0 0.0 0.0 0.0 0.0 0.172326 0.0 0.0 0.0 0.00846431 0.0 0.245131 0.0 0.0 0.0 0.0929854 0.0 0.0 0.0 0.346609 0.0 0.0 0.0 0.0 2.5332e-05 0.0 0.0 0.0 0.0
0.0 0.0 0.229687 0.0 0.0 0.0 0.0 0.0 0.0 0.0 0.0 0.0 0.0 0.992271 0.0 0.0 0.0 0.0 0.0 0.0 0.0 0.0 0.0 0.0 0.0 0.0 0.0 0.0 0.0 0.0 0.980131 0.0 0.0 0.0 0.988161 0.0 0.0 0.0 0.0 0.0 0.98283 0.0 0.0 0.0 5.84126e-06 0.0 0.974208 0.0 0.0 0.0 0.980458 0.0 0.0 0.0 0.800156 0.0 0.0 0.0 0.0 8.64267e-07 0.0 0.0 0.0 0.0
0.0 0.0 0.0 0.0 0.0 0.0 0.0 0.998279 0.0 0.0 0.0 0.0 0.0 0.0 0.0 0.0 0.0 0.0 0.0 0.0 0.0 0.0 0.0 0.0 0.0 0.0 0.0 0.0 0.0 0.0 0.0 0.0 0.0 0.0 0.0 0.0 0.0 0.0 2.98023e-08 0.0 0.0 0.0 0.0 0.0 0.0 0.0 0.0 0.0 0.0 0.0 0.0 0.0 0.0 0.0 0.0 0.0 0.0 0.0 0.0 0.0 0.0 0.0 0.0 0.0
0.0 0.0 0.0 0.0 0.0 0.034571 0.0 0.0 0.0 0.0 0.0 0.0 0.0 0.0 0.0 0.0 0.0 0.0 0.0 0.0 0.0 0.0 0.0 0.0 1.19209e-07 0.000869066 0.0 0.0 0.0 0.0 0.0 0.0 0.0 0.0 0.0 0.0 0.0 0.0 0.0 0.0 0.0 0.999308 0.0 0.0 0.0 0.0 0.0 0.0 0.0 8.9407e-08 0.0 0.0 0.0 0.0 0.0 0.0 0.0 0.0 0.0 0.0 8.64267e-07 0.0 0.0 0.0
0.0 0.0 0.0 0.0 0.0 0.0 0.0 0.0 0.0 0.0 0.0 0.0 0.0 0.0 0.0 0.0 0.0 0.0 0.0 0.0 0.0 0.0 0.0 0.0 0.0 0.0 0.0 0.0 0.0 0.0 0.0 0.0 0.0 0.0 0.0 0.0 0.0 0.0 0.0 0.0 0.0 0.0 0.0 0.0 0.0 0.0 0.0 0.0 0.0 0.0 0.0 0.0 0.0 0.0 0.0 0.0 0.987546 0.0 0.0 0.0 0.0 0.0 0.0 0.0
0.0 0.0 0.699578 0.0 0.0 0.0 0.0 0.0 0.0 0.0 0.0 0.0 0.0 0.987217 0.0 0.0 0.0 0.0 0.0 0.0 0.0 0.0 0.0 0.0 0.0 0.0 0.0 0.0 0.0 0.0 0.97133 0.0 0.0 0.0 0.975377 0.0 0.0 0.0 0.0 0.0 0.974029 0.0 0.0 0.0 1.96695e-05 0.0 0.937662 0.0 0.0 0.0 0.947483 0.0 0.0 0.0 0.571316 0.0 0.0 0.0 0.0 1.01328e-06 0.0 0.0 0.0 0.0
0.0 0.0 0.0 0.999962 0.0 0.0 0.0 0.0 0.0 0.0 0.0 0.0 0.0 0.0 0.0 0.0 0.0 0.0 0.0 0.0 0.0 0.0 0.0 0.0 0.0 0.0 0.0 0.0 0.0 0.0 0.0 0.0 0.0 0.0 0.0 0.0 0.0 0.0 0.0 0.0 0.0 0.0 0.0 0.0 0.0 0.0 0.0 0.0 0.0 0.0 0.0 0.0 0.0 0.0 0.0 0.0 0.0 0.0 0.0 0.0 0.0 0.0 0.0 0.0
0.0 0.0 0.0 0.0 0.0 0.0 0.0 0.0 0.0 0.0 0.0 0.0 0.0 0.0 0.0 0.0 0.0 0.0 0.0 0.0 0.0 0.0 0.0 0.0 0.0 0.0 0.0 0.0 0.0 0.0 0.0 0.0 0.0 0.0 0.0 0.0 0.0 0.0 0.0 0.0 0.0 0.0 0.0 0.0 0.0 0.0 0.0 0.0 0.0 0.0 0.0 0.0 0.0 0.0 0.0 0.0 0.0 0.0 0.0 0.0 0.0 0.0 0.0 5.06639e-07
0.0 0.0 0.0 0.0 0.0 0.0 0.0 0.0 0.0 2.76864e-05 0.069506 0.0 0.0 0.0 0.0 0.0 0.0 0.0 0.0 0.0 0.0 0.000121921 0.0 0.0 0.0 0.0 0.0 0.0 0.0 0.0 0.0 0.0 0.0 0.0 0.0 0.0 0.0 0.0 0.0 0.0 0.0 0.0 8.9407e-08 0.0 0.0 0.0 0.0 2.17557e-06 0.0 0.0 0.0 0.0 0.0 0.00857499 0.0 0.824325 0.0 0.0 0.0 0.0 0.0 0.0 0.0 0.0
51 39 33 20 32 16 53 42 35 36 57 4 45 61 10 21 6 12 7 1 17 3 19 52 37 43 29 27 0 38 58 9 5 15 59 31 22 11 41 18 60 14 56 23 8 28 26 25 40 13 50 44 47 63 49 24 54 34 30 46 2 55 62 48
