8
0.966758 0.0 0.0 0.0 0.0 0.953919 0.0 2.08616e-07 0.0 0.0 1.78814e-07 2.08616e-07 0.0 0.0 0.998145 0.0 0.0148346 0.0 0.972493 0.0 0.977555 0.0 0.0 0.0 0.0 0.0 0.560103 0.877563 0.0 0.0 0.0 0.873203 0.0 0.960316 0.100867 0.409558 0.0 0.0 0.0 0.0 0.0 0.0 0.0 0.248787 0.0 0.0 0.0 0.0 4.44055e-06 0.285997 0.0 0.401498 0.0 0.0 0.0 0.90268 0.0 0.0 0.0 0.0 0.0 0.0 0.0 0.0
0.0 0.0 0.0 0.0 0.0 3.016e-05 0.0 0.0017792 0.0 0.0 0.989891 0.0550853 0.0 0.0 1.78814e-07 0.0 0.000277579 0.0 0.0 0.0 1.19209e-07 0.0 0.0 0.0 0.0 0.0 0.000987828 0.0 0.0 0.0 0.0 1.82986e-05 0.0 0.000264674 0.0 0.000115663 2.20537e-06 0.0 0.0 0.000147134 0.0 0.0 0.000118703 0.000148147 0.0 0.0 0.0 0.0 0.233504 0.0 0.0 0.0191772 0.0 0.0 0.0 0.00167722 0.0 0.0 0.0 0.0 0.0 0.0 0.0 0.0
0.740151 0.0 0.0 0.0 0.0 0.994708 0.0 4.29153e-06 0.0 0.0 1.19209e-06 2.02656e-06 0.0 0.0 0.888092 0.0 0.229712 0.0 0.424281 0.0 0.931436 0.0 0.0 0.0 0.0 0.0 0.784135 0.125297 0.0 0.0 0.0 0.884645 0.0 0.838056 0.000398695 0.445871 0.0 0.0 0.0 2.98023e-08 0.0 0.0 0.0 0.422875 0.0 0.0 0.0 0.0 2.22325e-05 0.00791803 0.0 0.642126 0.0 0.0 0.0 0.433897 0.0 0.0 0.0 0.0 0.0 0.0 0.0 0.0
0.0 0.0 0.0 0.0 0.0 0.0 0.0 0.0 0.0 0.0 0.0 0.0 0.0 0.0 0.0 0.0 0.0 0.0 0.0 0.0 0.0 0.0 0.0 0.0 0.0 0.0 0.0 0.0 0.0 0.0 0.0 0.0 0.0 0.0 0.0 0.0 0.0 0.0 0.0 0.0 0.0 0.0 0.0 0.0 0.0 0.0 0.0 0.0 0.0 0.0 0.0 0.0 0.0 0.0 0.97837 0.0 0.0 0.0 0.0 0.0 0.0 0.0 0.0 0.0
0.0 0.0 0.0 0.0 0.0 0.0 0.0 0.0 0.0 0.0 0.0 0.0 0.0 0.0 0.0 0.0 0.0 0.0 0.0 0.0 0.0 0.0 0.0 0.0 0.970205 0.0 0.0 0.0 0.0 0.0 0.0 0.0 0.0 0.0 0.0 0.0 0.0 2.92063e-06 0.0 0.0 0.0 0.0 0.0 0.0 0.0 0.0 1.54972e-06 0.0 0.0 0.0 0.0 0.0 0.0 0.0 0.0 0.0 0.0 0.0 0.0 2.98023e-08 0.0 0.0 0.0 0.0
0.127315 0.0 0.0 0.0 0.0 0.349963 0.0 9.53674e-07 0.0 0.0 1.41263e-05 4.372e-05 0.0 0.0 0.410443 0.0 0.020886 0.0 0.0127188 0.0 0.253236 0.0 0.0 0.0 0.0 0.0 0.796083 0.0097672 0.0 0.0 0.0 0.843156 0.0 0.972357 0.027117 0.381969 0.0 0.0 0.0 0.0 0.0 0.0 0.0 0.239732 0.0 0.0 0.0 0.0 0.000700474 0.0139274 0.0 0.919853 0.0 0.0 0.0 0.991726 0.0 0.0 0.0 0.0 0.0 0.0 0.0 0.0
0.000102073 0.0 0.0 0.0 0.0 0.00678647 0.0 0.908105 0.0 0.0 0.98123 0.999952 0.0 0.0 7.84397e-05 0.0 0.0574439 0.0 3.12924e-06 0.0 0.000438601 0.0 0.0 0.0 0.0 0.0 0.696345 2.80142e-06 0.0 0.0 0.0 0.120833 0.0 0.100026 0.0238976 0.506715 0.355397 0.0 0.0 0.000723541 0.0 0.0 0.987942 0.453003 0.0 0.0 0.0 0.0 0.999998 0.000225097 0.0 0.684278 0.0 0.0 0.0 0.567769 0.0 0.0 0.0 0.0 0.0 0.0 0.0 0.0
0.146223 0.0 0.0 0.0 0.0 0.301165 0.0 3.20971e-05 0.0 0.0 6.22869e-06 0.000366271 0.0 0.0 0.0739124 0.0 0.0249341 0.0 0.0025157 0.0 0.611226 0.0 0.0 0.0 0.0 0.0 0.846065 0.00750211 0.0 0.0 0.0 0.947654 0.0 0.501563 0.0526895 0.98397 0.0 0.0 0.0 0.0 0.0 0.0 0.0 0.976575 0.0 0.0 0.0 0.0 0.00527909 0.0619591 0.0 0.509938 0.0 0.0 0.0 0.550037 0.0 0.0 0.0 0.0 0.0 0.0 0.0 0.0
0.0 0.0 4.17233e-05 0.0 0.0 0.0 0.0 0.0 0.0 0.0 0.0 0.0 0.0 0.0 0.0 0.0 0.0 0.0 0.0 0.0 0.0 0.0 0.0 1.20401e-05 0.0 0.0 0.0 0.0 0.0 0.0 0.0 0.0 0.0 0.0 0.0 0.0 0.0 0.0 0.0 0.0 0.0 0.0 0.0 0.0 0.0 0.0 0.0 0.0 0.0 0.0 0.0 0.0 0.0 0.0 0.0 0.0 0.0037002 0.0 0.0 0.0 0.0 0.96586 0.0 0.0
0.0 1.80602e-05 0.0 0.0 0.0 0.0 0.0 0.0 0.0 0.000563353 0.0 0.0 0.0 0.0 0.0 0.0 0.0 0.0 0.0 0.0 0.0 0.0 0.0 0.0 0.0 0.0 0.0 0.0 0.0 0.0 3.57628e-07 0.0 0.340036 0.0 0.0 0.0 0.0 0.0 0.0 0.0 0.0409787 9.23872e-07 0.0 0.0 0.0 0.0 0.0 0.0 0.0 0.0 0.0 0.0 0.0 6.88434e-06 0.0 0.0 0.0 0.994888 0.0 0.0 0.0 0.0 0.0 0.0
0.230708 0.0 0.0 0.0 0.0 0.00016433 0.0 0.0 0.0 0.0 0.0 0.0 0.0 0.0 0.0418196 0.0 0.000113577 0.0 0.0158163 0.0 0.147322 0.0 0.0 0.0 0.0 0.0 0.000102043 0.595534 0.0 0.0 0.0 0.0162507 0.0 0.000529379 0.477116 0.000876456 0.0 0.0 0.0 0.0 0.0 0.0 0.0 0.000436306 0.0 0.0 0.0 0.0 0.0 0.98719 0.0 3.51667e-05 0.0 0.0 0.0 0.000285149 0.0 0.0 0.0 0.0 0.0 0.0 0.0 0.0
0.0 0.0 0.0 0.0107018 0.0 0.0 0.0 0.0 0.0 0.0 0.0 0.0 0.0551866 0.0 0.0 0.0 0.0 0.845804 0.0 0.0 0.0 2.98023e-08 0.0 0.0 0.0 5.59688e-05 0.0 0.0 0.549333 0.0 8.49366e-06 0.0 0.0 0.0 0.0 0.0 0.0 0.0 0.713755 0.0 0.0 0.0 0.0 0.0 0.264832 2.68221e-07 0.0 0.889418 0.0 0.0 0.0 0.0 0.0 0.0 0.0 0.0 0.0 0.0 0.0391944 0.0 0.147987 0.0 5.82635e-05 0.992652
0.0 0.0 0.0 0.0 0.0 0.0 0.0 0.0 0.0 0.0 0.0 0.0 0.0 0.0 0.0 0.0 0.0 0.0 0.0 0.0 0.0 0.0 0.0 0.0 0.0 0.0 0.0 0.0 0.0 0.979601 0.0 0.0 0.0 0.0 0.0 0.0 0.0 0.0 0.0 0.0 0.0 0.0 0.0 0.0 0.0 0.0 0.0 0.0 0.0 0.0 0.0 0.0 0.0 0.0 0.0 0.0 0.0 0.0 0.0 0.0 0.0 0.0 0.0 0.0
0.0 0.0 0.0 0.0 0.0 0.0 0.0 0.0 0.0 0.0 0.0 0.0 0.0 0.0 0.0 8.9407e-08 0.0 0.0 0.0 0.0 0.0 0.0 0.0 0.0 0.0 0.0 0.0 0.0 0.0 0.0 0.0 0.0 0.0 0.0 0.0 0.0 0.0 0.0 0.0 0.0 0.0 0.0 0.0 0.0 0.0 0.0 0.0 0.0 0.0 0.0 0.0 0.0 0.0 0.0 0.0 0.0 0.0 0.0 0.0 0.0 0.0 0.0 0.0 0.0
0.249232 0.0 0.0 3.27826e-07 0.0 0.108115 0.0 0.0 0.0 0.0 0.0 0.0 0.0 0.0 0.92523 0.0 3.03984e-05 0.0 0.997848 0.0 0.452359 0.0 0.0 0.0 0.0 0.0 0.000107735 0.685705 7.15256e-07 0.0 0.0 0.00481215 0.0 0.00930184 0.00165209 7.03931e-05 0.0 0.0 0.0 0.0 0.0 0.0 0.0 2.8789e-05 0.0 0.0 0.0 0.0 0.0 0.019796 0.0 7.78735e-05 0.0 0.0 0.0 0.000702739 0.0 0.0 0.0 0.0 0.0 0.0 0.0 0.0
0.0 3.27826e-06 0.0 0.0 0.0 0.0 0.0 0.0 0.0 0.000512868 0.0 0.0 0.0 0.0 0.0 0.0 0.0 0.0 0.0 0.0 0.0 0.0 0.0 0.0 0.0 0.0 0.0 0.0 0.0 0.0 0.0 0.0 1.90735e-06 0.0 0.0 0.0 0.0 0.0 0.0 0.0 0.000262141 2.60174e-05 0.0 0.0 0.0 0.0 0.0 0.0 0.0 0.0 0.0 0.0 0.0 0.998072 0.0 0.0 0.0 9.83477e-07 0.0 0.0 0.0 0.0 0.0 0.0
0.0 0.0 0.0 0.0 0.0 0.0 0.0 0.0 0.0 0.0 0.0 0.0 0.0 0.987377 0.0 0.0 0.0 0.0 8.9407e-08 0.0 0.0 0.0 0.0 0.0 0.0 0.0 0.0 5.06639e-07 0.0 0.0 0.0 0.0 0.0 0.0 0.0 0.0 0.0 0.0 0.0 0.0 0.0 0.0 0.0 0.0 1.19209e-07 0.0 0.0 0.0 0.0 2.98023e-08 0.0 0.0 0.0 0.0 0.0 0.0 0.0 0.0 0.0 0.0 0.0 0.0 0.0 1.49012e-07
0.0 0.019343 0.0 0.0 0.0 0.0 0.0 0.0 0.0 0.99202 0.0 0.0 0.0 0.0 0.0 0.0 0.0 0.0 0.0 0.0 0.0 0.0 0.0 0.0 0.0 0.0 0.0 0.0 0.0 0.0 0.0 0.0 0.00183219 0.0 0.0 0.0 0.0 0.0 0.0 0.0 0.000225723 0.014195 0.0 0.0 0.0 1.84774e-06 0.0 0.0 0.0 0.0 0.0 0.0 0.0 0.00637075 0.0 0.0 0.0 0.000139743 0.0 0.0 0.0 0.0 0.0 0.0
0.276446 0.0 0.0 1.19209e-07 0.0 0.18092 0.0 0.0 0.0 0.0 0.0 0.0 0.0 0.0 0.906197 0.0 0.000385404 0.0 0.998719 0.0 0.825509 0.0 0.0 0.0 0.0 0.0 0.000348121 0.942353 2.38419e-07 0.0 0.0 0.0216917 0.0 0.0414879 0.00287634 0.000333875 0.0 0.0 0.0 0.0 0.0 0.0 0.0 0.000143856 0.0 0.0 0.0 0.0 0.0 0.114874 0.0 0.000326186 0.0 0.0 0.0 0.00132823 0.0 0.0 0.0 0.0 0.0 0.0 0.0 0.0
0.0 0.0 0.0 0.0 0.0 0.0 0.0 0.0 0.0 0.0 0.0 0.0 0.0 0.0 0.0 0.998054 0.0 0.0 0.0 0.0 0.0 0.0 0.0 0.0 0.0 0.0 0.0 0.0 0.0 0.0 0.0 0.0 0.0 0.0 0.0 0.0 0.0 0.0 0.0 0.0 0.0 0.0 0.0 0.0 0.0 0.0 0.0 0.0 0.0 0.0 0.0 0.0 0.0 0.0 0.0 0.0 0.0 0.0 0.0 0.0 0.0 0.0 0.0 0.0
0.0 0.0 0.0 0.0 0.0 0.0 0.0 0.0 0.0 0.0 0.0 0.0 0.0 0.0 0.0 0.0 0.0 0.0 0.0 0.0 0.0 0.0 0.999924 0.0 0.0 0.0 0.0 0.0 0.0 0.0 0.0 0.0 0.0 0.0 0.0 0.0 0.0 0.0 0.0 0.0 0.0 0.0 0.0 0.0 0.0 0.0 0.0 0.0 0.0 0.0 0.0 0.0 0.0 0.0 0.0 0.0 0.0 0.0 0.0 0.0 0.0 0.0 0.0 0.0
0.00978985 0.0 0.0 0.0 0.0 0.193365 0.0 5.22733e-05 0.0 0.0 3.26335e-05 5.78165e-06 0.0 0.0 0.0189511 0.0 0.996849 0.0 0.000965893 0.0 0.103137 0.0 0.0 0.0 0.0 0.0 0.0312949 0.00316983 0.0 0.0 0.0 0.264133 0.0 0.0848596 0.000154287 0.0153362 0.0 0.0 0.0 0.0 0.0 0.0 0.0 0.0128833 0.0 0.0 0.0 0.0 7.05719e-05 0.00508538 0.0 0.370287 0.0 0.0 0.0 0.0382105 0.0 0.0 0.0 0.0 0.0 0.0 0.0 0.0
0.0 0.0 0.0 0.0 0.0 0.0 0.0 0.0 0.0 0.0 0.0 0.0 0.0 0.0 0.0 0.0 0.0 0.0 0.0 0.0 0.0 0.0 0.0 0.0 2.14577e-06 0.0 0.0 0.0 0.0 0.0 0.0 0.0 0.0 0.0 0.0 0.0 0.0 2.05636e-06 0.0 0.0 0.0 0.0 0.0 0.0 0.0 0.0 0.992597 0.0 0.0 0.0 0.0 0.0 0.0 0.0 0.0 0.0 0.0 0.0 0.0 0.0 0.0 0.0 0.0 0.0
0.568545 0.0 0.0 2.68221e-07 0.0 0.00602296 0.0 0.0 0.0 0.0 0.0 0.0 0.0 3.57628e-07 0.735003 0.0 5.75185e-05 0.0 0.928998 0.0 0.453593 0.0 0.0 0.0 0.0 0.0 1.50502e-05 0.994307 5.96046e-07 0.0 0.0 0.000974387 0.0 0.00108358 0.0120889 2.3067e-05 0.0 0.0 0.0 0.0 0.0 0.0 0.0 1.44839e-05 0.0 0.0 0.0 0.0 0.0 0.669474 0.0 8.61287e-06 0.0 0.0 0.0 7.59363e-05 0.0 0.0 0.0 0.0 0.0 0.0 0.0 0.0
0.0 0.0 0.0 0.0 0.0 0.0 0.0 0.0 0.0 0.0 0.0 0.0 0.0 0.0 0.0 0.0 0.0 0.0 0.0 0.0 0.0 0.995306 0.0 0.0 0.0 0.0 0.0 0.0 0.0 0.0 0.0 0.0 0.0 0.0 0.0 0.0 0.0 0.0 0.0 0.0 0.0 0.0 0.0 0.0 0.0 0.0 0.0 0.0 0.0 0.0 0.0 0.0 0.0 0.0 0.0 0.0 0.0 0.0 0.0 0.0 0.0 0.0 0.0 1.19209e-07
0.0361055 0.0 0.0 0.0 0.0 5.71012e-05 0.0 0.0 0.0 0.0 0.0 0.0 0.0 0.0 0.0302479 0.0 4.99189e-05 0.0 0.00550058 0.0 0.0559047 0.0 0.0 0.0 0.0 0.0 0.000377744 0.133243 0.0 0.0 0.0 0.0757919 0.0 0.00559142 0.986104 0.00778255 0.0 0.0 0.0 0.0 0.0 0.0 0.0 0.00250345 0.0 0.0 0.0 0.0 9.53674e-07 0.891007 0.0 0.000513524 0.0 0.0 0.0 0.0073252 0.0 0.0 0.0 0.0 0.0 0.0 0.0 0.0
0.941079 0.0 0.0 0.0 0.0 0.572717 0.0 0.0 0.0 0.0 0.0 0.0 0.0 0.0 0.986355 0.0 0.00152755 0.0 0.924951 0.0 0.934717 0.0 0.0 0.0 0.0 0.0 0.01587 0.898469 0.0 0.0 0.0 0.239516 0.0 0.287703 0.0203885 0.00842941 0.0 0.0 0.0 0.0 0.0 0.0 0.0 0.00326407 0.0 0.0 0.0 0.0 0.0 0.301033 0.0 0.00888509 0.0 0.0 0.0 0.0760628 0.0 0.0 0.0 0.0 0.0 0.0 0.0 0.0
0.0 0.0 0.0 0.0 0.99968 0.0 0.0 0.0 2.95639e-05 0.0 0.0 0.0 0.0 0.0 0.0 0.0 0.0 0.0 0.0 0.0 0.0 0.0 0.0 0.0 0.0 0.0 0.0 0.0 0.0 0.0 0.0 0.0 0.0 0.0 0.0 0.0 0.0 0.000620633 0.0 0.0 0.0 0.0 0.0 0.0 0.0 0.0 0.0 0.0 0.0 0.0 5.66244e-07 0.0 0.0 0.0 0.0 0.0 0.0 0.0 0.0 0.0 0.0 0.0 0.0 0.0
0.0 0.0 0.0 0.0 0.0 0.0 0.0 0.0 0.0 0.0 0.0 0.0 0.0 0.0 0.0 0.0 0.0 0.0 0.0 0.997234 0.0 0.0 0.0 0.0 0.0 0.0 0.0 0.0 0.0 0.0 0.0 0.0 0.0 0.0 0.0 0.0 0.0 0.0 0.0 0.0 0.0 0.0 0.0 0.0 0.0 0.0 0.0 0.0 0.0 0.0 0.0 0.0 0.0 0.0 0.0 0.0 0.0 0.0 0.0 0.0 0.0 0.0 0.0 0.0
0.0 0.0 0.0 0.0 0.0 0.0 0.0 0.0 0.0 0.0 0.0 0.0 0.0 0.0 0.0 0.0 0.0 0.0 0.0 0.0 0.0 0.0 0.0 0.0 9.59635e-06 0.0 0.0 0.0 0.0 1.2517e-06 0.0 0.0 0.0 0.0 0.0 0.0 0.0 0.0 0.0 0.0 0.0 0.0 0.0 0.0 0.0 0.0 0.0 0.0 0.0 0.0 0.0 0.0 0.0 0.0 0.0 0.0 0.0 0.0 0.0 2.65241e-06 0.0 0.0 0.0 0.0
0.0 0.0 0.0 0.981381 0.0 0.0 0.0 0.0 0.0 0.0 0.0 0.0 0.104121 0.0 0.0 0.0 0.0 0.965075 0.0 0.0 0.0 0.0 0.0 0.0 0.0 0.0 0.0 0.0 0.993819 0.0 0.0 0.0 0.0 0.0 0.0 0.0 0.0 0.0 0.226703 0.0 0.0 0.0 0.0 0.0 0.593795 0.0 0.0 0.00486282 0.0 0.0 0.0 0.0 0.0 0.0 0.0 0.0 0.0 0.0 3.78489e-06 0.0 0.957508 0.0 0.0979555 0.0917357
0.127404 0.0 0.0 0.0 0.0 0.333413 0.0 3.39746e-05 0.0 0.0 1.18017e-05 0.000340402 0.0 0.0 0.042387 0.0 0.0167884 0.0 0.00134027 0.0 0.471751 0.0 0.0 0.0 0.0 0.0 0.890106 0.00496051 0.0 0.0 0.0 0.910777 0.0 0.394254 0.0142219 0.981623 0.0 0.0 0.0 0.0 0.0 0.0 0.0 0.982839 0.0 0.0 0.0 0.0 0.00458229 0.028818 0.0 0.4233 0.0 0.0 0.0 0.489724 0.0 0.0 0.0 0.0 0.0 0.0 0.0 0.0
0.0 0.0 0.0 0.0 0.0 0.0 0.0 0.0 0.0 0.0 0.0 0.0 0.0 0.0 0.0 0.0 0.0 0.0 0.0 0.0 0.0 0.0 0.0 0.673243 0.0 0.0 0.0 0.0 0.0 0.0 0.0 0.0 0.0 0.0 0.0 0.0 0.0 0.0 0.0 0.0 0.0 0.0 0.0 0.0 0.0 0.0 0.0 0.0 0.0 0.0 0.0 0.0 0.0 0.0 0.0 0.0 0.974516 0.0 0.0 0.0 0.0 0.000449926 0.0 0.0
0.258597 0.0 0.0 5.96046e-08 0.0 0.0943467 0.0 0.0 0.0 0.0 0.0 0.0 0.0 0.0 0.857646 0.0 4.18127e-05 0.0 0.98899 0.0 0.485991 0.0 0.0 0.0 0.0 0.0 0.000115544 0.780345 8.9407e-08 0.0 0.0 0.00586924 0.0 0.0206866 0.00100407 9.47416e-05 0.0 0.0 0.0 0.0 0.0 0.0 0.0 3.92497e-05 0.0 0.0 0.0 0.0 0.0 0.033304 0.0 0.000113219 0.0 0.0 0.0 0.000759661 0.0 0.0 0.0 0.0 0.0 0.0 0.0 0.0
0.0 0.0 0.0 0.0 0.0 0.0 0.0 0.0 0.0 0.0 0.0 0.0 0.0 0.0 0.0 0.0 0.0 0.0 0.0 0.0 0.0 0.0 0.0 0.0 0.0 0.0 0.0 0.0 0.0 0.0 0.0 0.0 0.0 0.0 0.0 0.0 0.0 0.0 0.0 0.0 0.0 0.0 0.0 0.0 0.0 0.0 0.0 0.0 0.0 0.0 0.0 0.0 0.0 0.0 0.0 0.0 0.0 0.0 0.0 0.999508 0.0 0.0 0.0 0.0
0.987887 0.0 0.0 0.0 0.0 0.455661 0.0 0.0 0.0 0.0 0.0 0.0 0.0 0.0 0.927395 0.0 0.00158459 0.0 0.514845 0.0 0.940856 0.0 0.0 0.0 0.0 0.0 0.0408207 0.856054 0.0 0.0 0.0 0.273117 0.0 0.0545975 0.0203421 0.032897 0.0 0.0 0.0 0.0 0.0 0.0 0.0 0.0158469 0.0 0.0 0.0 0.0 5.96046e-08 0.632955 0.0 0.00504929 0.0 0.0 0.0 0.0199646 0.0 0.0 0.0 0.0 0.0 0.0 0.0 0.0
0.119943 0.0 0.0 0.0 0.0 0.702127 0.0 3.8743e-07 0.0 0.0 3.45707e-06 5.87106e-06 0.0 0.0 0.607022 0.0 0.069127 0.0 0.122389 0.0 0.542983 0.0 0.0 0.0 0.0 0.0 0.554334 0.0361471 0.0 0.0 0.0 0.846891 0.0 0.990676 0.0121287 0.27191 0.0 0.0 0.0 0.0 0.0 0.0 0.0 0.167506 0.0 0.0 0.0 0.0 0.000100344 0.0158291 0.0 0.948029 0.0 0.0 0.0 0.969047 0.0 0.0 0.0 0.0 0.0 0.0 0.0 0.0
0.0 0.0 0.937224 0.0 0.0 0.0 0.0 0.0 0.0 0.0 0.0 0.0 0.0 0.0 0.0 0.0 0.0 0.0 0.0 0.0 0.0 0.0 0.0 0.0 0.0 0.0 0.0 0.0 0.0 0.0 0.0 0.0 0.0 0.0 0.0 0.0 0.0 0.0 0.0 0.0 0.0 0.0 0.0 0.0 0.0 0.0 0.0 0.0 0.0 0.0 0.0 0.0 0.0 0.0 0.0 0.0 0.0 0.0 0.0 0.0 0.0 0.00339893 0.0 0.0
0.0 0.987711 0.0 0.0 0.0 0.0 0.0 0.0 0.0 0.038574 0.0 0.0 0.0 0.0 0.0 0.0 0.0 0.0 0.0 0.0 0.0 0.0 0.0 0.0 0.0 8.84831e-05 0.0 0.0 0.0 0.0 0.000116467 0.0 0.00282001 0.0 0.0 0.0 0.0 0.0 0.0 0.0 9.44734e-06 0.000268787 0.0 0.0 0.0 0.00345996 0.0 0.0 0.0 0.0 0.0 0.0 0.0 8.22544e-05 0.0 0.0 0.0 3.18885e-05 1.88947e-05 0.0 0.0 0.0 0.0 0.0
0.0 5.90086e-06 0.0 0.0 0.0 0.0 0.0 0.0 0.0 0.000521272 0.0 0.0 0.0 0.0 0.0 0.0 0.0 0.0 0.0 0.0 0.0 0.0 0.0 0.0 0.0 0.0 0.0 0.0 0.0 0.0 0.0 0.0 0.00912765 0.0 0.0 0.0 0.0 0.0 0.0 0.0 0.990449 1.3113e-06 0.0 0.0 0.0 0.0 0.0 0.0 0.0 0.0 0.0 0.0 0.0 0.00184095 0.0 0.0 0.0 0.00227633 0.0 0.0 0.0 0.0 0.0 0.0
0.0 0.000879616 0.0 0.0 0.0 0.0 0.0 0.0 0.0 4.17233e-07 0.0 0.0 1.60933e-06 0.0 0.0 0.0 0.0 2.11596e-06 0.0 0.0 0.0 0.0 0.0 0.0 0.0 0.987019 0.0 0.0 8.9407e-08 0.0 0.00125813 0.0 7.45058e-06 0.0 0.0 0.0 0.0 0.0 0.000680447 0.0 0.0 0.0 0.0 0.0 0.0 0.778242 0.0 3.73423e-05 0.0 0.0 0.0 0.0 0.0 0.0 0.0 0.0 0.0 0.0 0.934804 0.0 2.38419e-07 0.0 0.0 4.47035e-06
1.19209e-07 0.0 0.0 0.0 0.0 1.92225e-05 0.0 0.00897679 0.0 0.0 0.0289802 0.982655 0.0 0.0 0.0 0.0 7.35819e-05 0.0 0.0 0.0 5.06639e-07 0.0 0.0 0.0 0.0 0.0 0.00636846 0.0 0.0 0.0 0.0 0.000300378 0.0 0.000222564 1.84178e-05 0.00316033 1.84774e-06 0.0 0.0 1.04308e-06 0.0 0.0 0.000579655 0.00390434 0.0 0.0 0.0 0.0 0.995165 8.9407e-08 0.0 0.0147355 0.0 0.0 0.0 0.00326103 0.0 0.0 0.0 0.0 0.0 0.0 0.0 0.0
0.0 0.0 0.0 0.0 2.98023e-07 0.0 0.0 0.0 0.0 0.0 0.0 0.0 0.0 0.0 0.0 0.0 0.0 0.0 0.0 0.0 0.0 0.0 1.04308e-06 0.0 0.0 0.0 0.0 0.0 0.0 0.0 0.0 0.0 0.0 0.0 0.0 0.0 0.0 1.78814e-07 0.0 0.0 0.0 0.0 0.0 0.0 0.0 0.0 0.0 0.0 0.0 0.0 0.999413 0.0 0.0 0.0 0.0 0.0 0.0 0.0 0.0 0.0 0.0 0.0 0.0 0.0
0.0 0.0 0.0 0.0 0.0 0.0 0.997841 0.0 0.0 0.0 0.0 0.0 0.0 0.0 0.0 0.0 0.0 0.0 0.0 0.0 0.0 0.0 0.0 0.0 0.0 0.0 0.0 0.0 0.0 0.0 0.0 0.0 0.0 0.0 0.0 0.0 0.0 0.0 0.0 0.0 0.0 0.0 0.0 0.0 0.0 0.0 0.0 0.0 0.0 0.0 0.0 0.0 0.0 0.0 0.0 0.0 0.0 0.0 0.0 0.0 0.0 0.0 0.0 0.0
0.0 0.0 0.0 0.0 0.0 0.0 0.0 0.000191391 0.0 0.0 0.000509381 0.00523037 0.0 0.0 0.0 0.0 0.0 0.0 0.0 0.0 0.0 0.0 0.0 0.0 0.0 0.0 0.0 0.0 0.0 0.0 0.0 0.0 0.0 0.0 0.0 0.0 0.225084 0.0 0.0 0.0 0.0 0.0 0.984282 0.0 0.0 0.0 0.0 0.0 0.0165695 0.0 0.0 0.0 0.0 0.0 0.0 0.0 0.0 0.0 0.0 0.0 0.0 0.0 0.0 0.0
0.0 0.0 0.0 0.00506818 0.0 0.0 0.0 0.0 0.0 0.0 0.0 0.0 0.982837 0.0 0.0 0.0 0.0 0.986113 0.0 0.0 0.0 0.0 0.0 0.0 0.0 0.000161529 0.0 0.0 0.906605 0.0 7.98404e-05 0.0 0.0 0.0 0.0 0.0 0.0 0.0 0.989854 0.0 0.0 0.0 0.0 0.0 0.0388141 1.46031e-06 0.0 0.0494352 0.0 0.0 0.0 0.0 0.0 0.0 0.0 0.0 0.0 0.0 0.0437253 0.0 0.974172 0.0 0.172856 0.0385819
1.40071e-05 0.0 0.0 0.0 0.0 0.00144193 0.0 0.999516 0.0 0.0 0.0153816 0.13915 0.0 0.0 4.67896e-06 0.0 0.00421092 0.0 2.38419e-07 0.0 3.72827e-05 0.0 0.0 0.0 0.0 0.0 0.0159034 2.98023e-07 0.0 0.0 0.0 0.00116 0.0 0.000347853 4.76837e-07 0.0129204 1.19209e-07 0.0 0.0 1.49012e-07 0.0 0.0 1.05798e-05 0.0175389 0.0 0.0 0.0 0.0 0.828968 1.49012e-06 0.0 0.01785 0.0 0.0 0.0 0.00260687 0.0 0.0 0.0 0.0 0.0 0.0 0.0 0.0
0.0 0.00352028 0.0 0.0 0.0 0.0 0.0 0.0 0.0 7.98702e-06 0.0 0.0 1.78814e-07 0.0 0.0 0.0 0.0 2.38419e-07 0.0 0.0 0.0 0.0 0.0 0.0 0.0 0.909005 0.0 0.0 0.0 0.0 0.00345436 0.0 8.31485e-06 0.0 0.0 0.0 0.0 0.0 9.7394e-05 0.0 0.0 0.0 0.0 0.0 0.0 0.975378 0.0 2.89083e-06 0.0 0.0 0.0 0.0 0.0 0.0 0.0 0.0 0.0 0.0 0.938217 0.0 0.0 0.0 0.0 3.57628e-07
0.214205 0.0 0.0 0.0 0.0 0.794877 0.0 3.40939e-05 0.0 0.0 3.71933e-05 0.000460714 0.0 0.0 0.143518 0.0 0.0524466 0.0 0.00305331 0.0 0.501504 0.0 0.0 0.0 0.0 0.0 0.987974 0.0045383 0.0 0.0 0.0 0.939952 0.0 0.762251 0.00264844 0.885145 0.0 0.0 0.0 2.98023e-08 0.0 0.0 0.0 0.839977 0.0 0.0 0.0 0.0 0.00844058 0.00723642 0.0 0.735059 0.0 0.0 0.0 0.873033 0.0 0.0 0.0 0.0 0.0 0.0 0.0 0.0
0.0 0.0 0.0 0.0433216 0.0 0.0 0.0 0.0 0.0 0.0 0.0 0.0 0.219522 0.0 0.0 0.0 0.0 0.778784 0.0 0.0 0.0 0.0 0.0 0.0 0.0 3.27826e-07 0.0 0.0 0.892926 0.0 3.75509e-06 0.0 0.0 0.0 0.0 0.0 0.0 0.0 0.628391 0.0 0.0 0.0 0.0 0.0 0.000408828 0.0 0.0 3.65973e-05 0.0 0.0 0.0 0.0 0.0 0.0 0.0 0.0 0.0 0.0 9.78708e-05 0.0 0.976166 0.0 0.986618 7.59959e-05
0.0 0.0 0.0 0.0 0.0 0.0 0.0 0.0 0.0 0.0 0.0 0.0 0.0 0.0 0.0 0.0 0.0 0.0 0.0 0.0 0.0 0.0 0.0 0.0 5.96046e-08 0.0 0.0 0.0 0.0 0.0 0.0 0.0 0.0 0.0 0.0 0.0 0.0 0.000216097 0.0 0.0 0.0 0.0 0.0 0.0 0.0 0.0 0.00240919 0.0 0.0 0.0 0.0 0.0 0.0 0.0 0.0 0.0 0.0 0.0 0.0 0.0 0.0 0.0 0.0 0.0
0.0 0.0 0.0 0.0 0.0 0.0 0.0 2.41399e-06 0.0 0.0 5.08726e-05 0.000101119 0.0 0.0 0.0 0.0 0.0 0.0 0.0 0.0 0.0 0.0 0.0 1.43051e-06 0.0 0.0 0.0 0.0 0.0 0.0 0.0 0.0 0.0 0.0 0.0 0.0 0.996014 0.0 0.0 0.0 0.0 0.0 0.595567 0.0 0.0 0.0 0.0 0.0 0.000310749 0.0 0.0 0.0 0.0 0.0 0.0 0.0 0.0 0.0 0.0 0.0 0.0 0.0 0.0 0.0
0.0 0.0 0.0 0.553318 0.0 0.0 0.0 0.0 0.0 0.0 0.0 0.0 0.379072 0.0 0.0 0.0 0.0 0.977886 0.0 0.0 0.0 0.0 0.0 0.0 0.0 1.19209e-07 0.0 0.0 0.973778 0.0 0.0 0.0 0.0 0.0 0.0 0.0 0.0 0.0 0.339055 0.0 0.0 0.0 0.0 0.0 0.98231 0.0 0.0 0.144478 0.0 0.0 0.0 0.0 0.0 0.0 0.0 0.0 0.0 0.0 0.000101656 0.0 0.783543 0.0 0.0025253 0.831442
0.0 0.0 0.0 0.0 1.49012e-07 0.0 0.0 0.0 0.0011175 0.0 0.0 0.0 0.0 0.0 0.0 0.0 0.0 0.0 0.0 0.0 0.0 0.0 0.0 0.0 0.0 0.0 0.0 0.0 0.0 0.0 0.0 0.0 0.0 0.0 0.0 0.0 0.0 0.0 0.0 0.0 0.0 0.0 0.0 0.0 0.0 0.0 0.0 0.0 0.0 0.0 0.0 0.0 0.995569 0.0 0.0 0.0 0.0 0.0 0.0 0.0 0.0 0.0 0.0 0.0
0.0 0.0 0.0 0.0 0.0 0.0 0.0 0.0 0.0 0.0 0.0 0.0 0.0 0.0 0.0 0.0 0.0 0.0 0.0 0.0 0.0 0.0 0.0 0.0 0.0 0.0 0.0 0.0 0.0 1.49012e-07 0.0 0.0 0.0 0.0 0.0 0.0 0.0 0.0 0.0 0.0 0.0 0.0 0.0 0.0 0.0 0.0 0.0 0.0 0.0 0.0 0.0 0.0 0.0 0.0 0.0 0.0 0.0 0.0 0.0 0.0 0.0 0.0 0.0 0.0
0.026143 0.0 0.0 0.0 0.0 0.626938 0.0 4.09186e-05 0.0 0.0 0.000979811 0.0017679 0.0 0.0 0.0710958 0.0 0.518137 0.0 0.00170153 0.0 0.151485 0.0 0.0 0.0 0.0 0.0 0.7509 0.00117704 0.0 0.0 0.0 0.824865 0.0 0.968645 0.00504872 0.49942 0.0 0.0 0.0 1.78814e-07 0.0 0.0 0.0 0.40158 0.0 0.0 0.0 0.0 0.0146316 0.00219262 0.0 0.992085 0.0 0.0 0.0 0.974386 0.0 0.0 0.0 0.0 0.0 0.0 0.0 0.0
0.956813 0.0 0.0 0.0 0.0 0.217068 0.0 0.0 0.0 0.0 0.0 0.0 0.0 0.0 0.96779 0.0 0.00278699 0.0 0.962131 0.0 0.978643 0.0 0.0 0.0 0.0 0.0 0.00183094 0.995797 5.96046e-08 0.0 0.0 0.106798 0.0 0.0275308 0.0717585 0.00297272 0.0 0.0 0.0 0.0 0.0 0.0 0.0 0.00155297 0.0 0.0 0.0 0.0 0.0 0.874432 0.0 0.000571281 0.0 0.0 0.0 0.00263432 0.0 0.0 0.0 0.0 0.0 0.0 0.0 0.0
0.0 0.0 0.0 0.0 0.0 6.85453e-07 0.0 8.9407e-08 0.0 0.0 0.000204444 3.62396e-05 0.0 0.0 0.0 0.0 0.0 0.0 0.0 0.0 0.0 0.0 0.0 0.0 0.0 0.0 3.33786e-06 0.0 0.0 0.0 0.0 5.96046e-08 0.0 3.8743e-07 0.0 2.98023e-07 0.0 0.0 0.0 0.999622 0.0 0.0 2.98023e-08 5.66244e-07 0.0 0.0 0.0 0.0 4.33922e-05 0.0 0.0 3.36766e-06 0.0 0.0 0.0 9.23872e-07 0.0 0.0 0.0 0.0 0.0 0.0 0.0 0.0
0.0 5.72205e-06 0.0 0.0 0.0 0.0 0.0 0.0 0.0 0.00251433 0.0 0.0 0.0 0.0 0.0 0.0 0.0 0.0 0.0 0.0 0.0 0.0 0.0 0.0 0.0 0.0 0.0 0.0 0.0 0.0 0.0 0.0 0.0 0.0 0.0 0.0 0.0 0.0 0.0 0.0 1.78814e-07 0.993093 0.0 0.0 0.0 0.0 0.0 0.0 0.0 0.0 0.0 0.0 0.0 2.38121e-05 0.0 0.0 0.0 8.9407e-08 0.0 0.0 0.0 0.0 0.0 0.0
0.0 0.0 0.0 0.0 0.0 0.0 0.0 0.0 0.0 0.0 0.0 0.0 0.0 0.0 0.0 0.0 0.0 0.0 0.0 0.0 0.0 0.0 0.0 0.0 9.23872e-07 0.0 0.0 0.0 0.0 0.0 0.0 0.0 0.0 0.0 0.0 0.0 0.0 0.0 0.0 0.0 0.0 0.0 0.0 0.0 0.0 0.0 0.0 0.0 0.0 0.0 0.0 0.0 0.0 0.0 0.0 0.0 0.0 0.0 0.0 0.000442177 0.0 0.0 0.0 0.0
0.0 0.0 0.0 0.0 0.0 0.0 0.0 0.0 0.0 0.0 0.0 0.0 0.0 0.0 0.0 0.0 0.0 0.0 0.0 0.0 0.0 0.0 0.0 0.982735 0.0 0.0 0.0 0.0 0.0 0.0 0.0 0.0 0.0 0.0 0.0 0.0 6.76513e-05 0.0 0.0 0.0 0.0 0.0 2.98023e-08 0.0 0.0 0.0 0.0 0.0 0.0 0.0 0.0 0.0 0.0 0.0 0.0 0.0 0.20911 0.0 0.0 0.0 0.0 1.19209e-07 0.0 0.0
0.890294 0.0 0.0 0.0 0.0 0.827283 0.0 2.68221e-06 0.0 0.0 4.47035e-07 9.23872e-06 0.0 0.0 0.883149 0.0 0.26811 0.0 0.235733 0.0 0.986595 0.0 0.0 0.0 0.0 0.0 0.90409 0.564117 0.0 0.0 0.0 0.994822 0.0 0.897457 0.376099 0.963073 0.0 0.0 0.0 0.0 0.0 0.0 0.0 0.897868 0.0 0.0 0.0 0.0 0.000139982 0.72909 0.0 0.732714 0.0 0.0 0.0 0.845032 0.0 0.0 0.0 0.0 0.0 0.0 0.0 0.0
0.0 0.0030742 0.0 0.0 0.0 0.0 0.0 0.0 0.0 1.84774e-06 0.0 0.0 2.5928e-06 0.0 0.0 0.0 0.0 3.01003e-06 0.0 0.0 0.0 0.0 0.0 0.0 0.0 0.00955075 0.0 0.0 8.9407e-08 0.0 0.98987 0.0 0.00489345 0.0 0.0 0.0 0.0 0.0 0.00219971 0.0 8.9407e-08 0.0 0.0 0.0 0.0 0.00965804 0.0 4.94421e-05 0.0 0.0 0.0 0.0 0.0 0.0 0.0 0.0 0.0 1.54972e-06 0.047145 0.0 9.23872e-07 0.0 0.0 5.39422e-06
0.0 0.0 0.0 0.0044086 0.0 0.0 0.0 0.0 0.0 0.0 0.0 0.0 0.0513138 0.0 0.0 0.0 0.0 0.820153 0.0 0.0 0.0 1.19209e-07 0.0 0.0 0.0 0.000158519 0.0 0.0 0.533237 0.0 6.4522e-05 0.0 0.0 0.0 0.0 0.0 0.0 0.0 0.931778 0.0 0.0 0.0 0.0 0.0 0.032463 8.34465e-07 0.0 0.981589 0.0 0.0 0.0 0.0 0.0 0.0 0.0 0.0 0.0 0.0 0.0355523 0.0 0.265429 0.0 7.53105e-05 0.817125
0.21851 0.0 0.0 0.0 0.0 0.0 0.0 0.0 0.0 0.0 0.0 0.0 0.0 0.993424 0.300352 0.0 5.66244e-06 0.0 0.0286891 0.0 0.0471376 1.49608e-05 0.0 0.0 0.0 2.98023e-08 8.34465e-07 0.0 0.0 0.0 0.0 0.0 0.0 0.0 0.0 1.19209e-07 0.0 0.0 0.0 0.0 0.0 0.0 0.0 0.0 2.98023e-08 0.0 0.0 0.0 0.0 1.99676e-06 0.0 0.0 0.0 0.0 0.0 0.0 0.0 0.0 0.0 0.0 0.0 0.0 0.0 3.81768e-05
0.0 0.0 0.0 0.0 0.0 0.0 0.0 0.0 0.0 0.0 0.0 0.0 0.0 0.0 0.0 0.0 0.0 0.0 0.0 0.0 0.0 0.0 0.0 0.0 0.0 0.0 0.0 0.0 0.0 0.0 0.0 0.0 0.0 0.0 0.0 0.0 0.0 0.0 0.0 0.0 0.0 0.99567 0.0 0.0 0.0 0.0 0.0 0.0 0.0 0.0 0.0 0.0 0.0 0.0 0.0 0.0 0.0 0.0 0.0 0.0 0.0 0.0 0.0 0.0
0.0 0.0 0.0230817 0.0 0.0 0.0 0.0 0.0 0.0 0.0 0.0 0.0 0.0 0.0 0.0 0.0 0.0 0.0 0.0 0.0 0.0 0.0 0.0 0.0 0.0 0.0 0.0 0.0 0.0 0.0 0.0 0.0 0.0 0.0 0.0 0.0 0.0 0.0 0.0 0.0 0.0 0.0 0.0 0.0 0.0 0.0 0.0 0.0 0.0 0.0 0.0 0.0 0.0 0.0 0.0 0.0 0.0 0.0 0.0 0.0 0.0 0.995886 0.0 0.0
0.0 0.0 0.0 0.0 0.0 0.0 0.0 0.0 0.0 0.0 0.0 0.0 0.999993 0.0 0.0 0.0 0.0 0.0 0.0 0.0 0.0 0.0 0.0 0.0 0.0 0.0 0.0 0.0 0.0 0.0 0.0 0.0 0.0 0.0 0.0 0.0 0.0 0.0 0.0 0.0 0.0 0.0 0.0 0.0 0.0 0.0 0.0 0.0 0.0 0.0 0.0 0.0 0.0 0.0 0.0 0.0 0.0 0.0 0.0 0.0 0.0 0.0 0.0 0.0
0.0 0.0 0.0 0.0 3.8743e-07 0.0 0.0 0.0 0.0 0.0 0.0 0.0 0.0 0.0 0.0 0.0 0.0 0.0 0.0 0.0 0.0 0.0 0.0 0.0 0.0 0.0 0.0 0.0 0.0 0.0 0.0 0.0 0.0 0.0 0.0 0.0 0.0 0.0 0.0 0.0 0.0 0.0 0.0 0.0 0.0 0.0 0.0 0.0 0.0 0.0 0.0 0.0 0.0 0.939428 0.0 0.0 0.0 0.0 0.0 0.0344131 0.0 0.0 0.0 0.0
2.08616e-07 0.0 0.0 0.0 0.0 0.996189 0.0 0.047754 0.0 0.0 0.0368235 0.00010106 0.0 0.0 0.0 0.0 0.105874 0.0 0.00234774 0.0 7.59959e-06 0.000195801 0.0 0.0 0.0 2.98023e-08 0.274894 0.0 0.0 0.0 0.0 0.985427 0.0 0.995657 0.0 0.571225 0.234412 0.0 0.0 0.0 0.0 0.0 0.0 0.0 1.3411e-06 0.0 0.0 0.0 0.0239662 0.0 0.0 7.25389e-05 0.0 0.0 0.0 0.993332 0.0 0.0 0.0 0.0 0.0 0.0 0.0 2.17557e-06
0.0 0.0 0.0 0.0 0.0 0.0 0.0 0.0 0.0 0.0 0.0 0.0 0.0 0.0 0.0 0.0 0.0 0.0 0.0 0.0 0.0 0.0 0.0 0.0 0.0 0.0 0.0 0.0 0.0 0.0 0.0 0.0 0.0 0.0 0.0 0.0 0.0 0.0 0.0 0.0 0.0 0.0 0.0 0.0 0.0 0.0 0.912107 0.0 0.0 0.0 0.0 0.0 4.47035e-07 0.0 0.0 0.0 0.0 0.0 0.0 0.0 0.0 0.0 0.0 0.0
0.00353891 0.0 0.0 0.0 0.0 4.41968e-05 0.0 3.57628e-07 0.0 0.0 0.0 0.0 0.0 1.81794e-05 0.0024564 1.49012e-07 0.0135361 0.0 0.0492033 0.0 0.0343102 0.997747 0.0 0.0 0.0 0.00883535 0.00230181 0.0 0.0 0.0 0.0 1.2517e-06 0.0 7.85887e-05 0.0 0.000713706 7.98702e-06 0.0 0.0 0.0 0.0 0.0 0.0 0.0 9.86755e-05 0.0 0.0 0.0 1.43051e-06 0.0 0.0 0.0 0.0 0.0 0.0 1.10269e-06 0.0 0.0 0.0 0.0 0.0 0.0 0.0 2.98023e-08
0.0 1.2517e-06 0.0 0.0 0.0 0.0 0.0 0.0 0.000874013 0.0 0.0 0.0 0.0 0.0 0.0 0.0 0.0 2.08616e-07 0.0 0.0 0.0 0.0 0.0 0.0 0.0 0.0 0.0 0.0 0.509507 0.0 0.0 0.0 0.99945 0.0 0.0 0.0 0.0 3.24845e-06 1.81794e-06 0.0 0.0 0.0 0.0 0.0 0.0 0.0 0.0 0.0 0.0 0.0 0.0 0.0 0.0 0.0 0.0 0.0 0.0 0.0 0.0 0.0 0.485279 0.0 0.0 0.0
0.0 0.986606 0.0 0.0 0.0 0.0 0.0 0.0 0.0 0.0 0.0 0.0 0.0 0.0 0.0 0.0 0.0 2.68221e-07 0.0 0.0 0.0 0.0 0.0 0.0 0.0 0.0 0.0 0.0 1.78814e-07 0.0 0.0098716 0.0 1.38879e-05 0.0 0.0 0.0 0.0 0.0 2.85804e-05 0.0 0.0 0.0 0.0 0.0 0.0 0.000525117 0.0 9.08971e-06 0.0 0.0 0.0 0.0 0.0 0.0 0.0 0.0 0.0 0.0 3.12924e-06 0.0 8.9407e-08 0.0 1.3113e-06 0.0
1.10269e-06 0.0 0.0 0.0 0.0 0.0293823 0.0 0.0 0.0 0.0 7.03335e-06 0.992908 0.0 0.0 8.9407e-08 0.0 0.000121444 0.0 0.00164858 0.0 1.18315e-05 0.0 0.0 0.0 0.0 0.0 0.00071007 0.0 0.0 0.0 0.0 9.14037e-05 0.0 0.00667694 0.0 0.00118631 2.68221e-07 0.0 0.0 0.0 0.0 0.0 0.0 0.0 0.0 0.0 0.0 0.0 8.9407e-08 6.25849e-07 0.0 1.78814e-07 0.0 0.0 0.0 0.00747368 0.0 0.0 0.0 0.0 0.0 0.0 0.0 0.000818223
2.83122e-06 0.0 0.0 0.0 0.0 0.0508565 2.98023e-08 8.9407e-08 0.0 0.0 1.07884e-05 0.966667 0.0 0.0 2.98023e-07 0.0 9.4682e-05 0.0 0.0022628 0.0 1.12653e-05 0.0 0.0 0.0 0.0 0.0 0.000548333 0.0 0.0 0.0 0.0 0.00025019 0.0 0.0134302 0.0 0.00117344 4.17233e-07 0.0 0.0 0.0 0.0 0.0 0.0 0.0 0.0 0.0 0.0 0.0 0.0 2.71201e-06 0.0 1.63913e-06 0.0 0.0 0.0 0.0146666 0.0 0.0 0.0 0.0 0.0 0.0 0.0 0.018418
0.0 0.0 0.0 0.0 0.0 0.0 0.0 0.0 0.0 0.0 0.0 0.0 0.0 0.0 0.0 0.0 0.0 0.0 0.0 0.0 0.0 0.0 0.0 0.0 0.0 0.0 0.0 0.0 0.0 0.0 0.0 0.0 0.0 0.0 0.0 0.0 0.0 0.0 0.0 0.0 0.0 0.0 0.0 0.0 0.0 0.0 0.0 0.0 0.0 0.0 0.0 0.0 0.0 0.0 0.0 0.0 0.0 0.0 0.0 0.0 0.0 0.0 0.0 0.0
0.0 0.0 0.0 0.0 0.0 0.0 0.0 0.0 0.0 0.0 0.0 0.0 0.0 0.0 0.0 0.0 0.0 0.0 0.0 0.0 0.0 0.0 0.0 0.0 0.0 0.0 0.0 0.0 0.0 0.0 0.0 0.0 0.0 0.0 0.0 0.0 0.0 0.0 0.0 0.0 0.0 0.0 0.0 0.0 0.0 0.0 0.0 0.0 0.0 0.0 0.999938 0.0 0.0 1.43051e-06 0.0 0.0 0.0 0.0 0.0 0.0 0.0 0.0 0.0 0.0
0.98147 0.0 0.0 0.0 0.0 5.96046e-08 0.0 0.0 0.0 0.0 0.0 0.0 0.0 0.244614 0.978458 1.37091e-06 0.00117764 0.0 0.939144 0.0 0.932888 0.0012393 0.0 0.0 0.0 2.44379e-06 0.000168264 0.0 0.0 0.0 0.0 0.0 0.0 5.96046e-08 0.0 1.80006e-05 0.0 0.0 0.0 0.0 0.0 0.0 0.0 0.0 1.90735e-06 0.0 0.0 0.0 0.0 2.32458e-06 0.0 0.0 0.0 0.0 0.0 0.0 0.0 0.0 0.0 0.0 0.0 0.0 0.0 0.00122038
0.0 0.0 0.0 0.0 0.0 0.0 0.0 0.0 0.0 0.0 0.0 0.0 0.0 0.0 0.0 0.0 0.0 0.0 0.0 0.0 0.0 0.0 0.0 0.0 0.0 0.0 0.0 0.0 0.0 0.0 0.0 0.0 0.0 0.0 0.0 0.0 0.0 0.0 3.27826e-07 0.00022307 7.45058e-06 0.0 0.0 0.0 0.0 0.0 0.0 0.0 0.0 0.0 0.0 0.0 0.0 0.0 0.0 0.0 0.0 0.993019 0.000399262 0.0 0.0 0.0 0.000211656 0.0
0.0 0.0 0.0 0.0 0.0 0.0 0.0 0.0 0.0 0.0 0.0 0.0 0.0 0.0 0.0 0.0 0.0 0.0 0.0 0.0 0.0 0.0 2.38419e-07 0.0 0.0 0.0 0.0 0.0 0.0 0.0 0.0 0.0 0.0 0.0 0.0 0.0 0.0 0.0 0.0 5.15878e-05 0.0 0.0 0.999918 0.0 0.0 0.0 0.0 0.0 0.0 0.0 0.0 0.0 0.0 0.0 0.0 0.0 0.0 0.0 0.0 0.0 0.0 0.0 0.0 0.0
0.0 3.12924e-06 0.0 0.0 0.0 0.0 0.0 0.0 0.0 0.0 0.0 0.0 0.0 0.0 0.0 0.0 0.0 0.775191 0.0 0.0 0.0 0.0 0.0 0.0 0.0 0.0 0.0 0.0 8.41916e-05 0.0 0.0 0.0 0.00023064 0.0 0.0 0.0 0.0 0.0 0.998866 0.0 2.98023e-08 0.0 0.0 0.0 0.0 1.78814e-07 0.0 1.07288e-06 0.0 0.0 0.0 0.0 0.0 0.0 0.0 0.0 0.0 4.50015e-06 0.875685 0.0 1.50502e-05 0.0 6.75321e-05 0.0
0.966551 0.0 0.0 0.0 0.0 0.0 0.0 0.0 0.0 0.0 0.0 0.0 0.0 0.257907 0.98274 4.26173e-06 4.17233e-05 0.0 0.536565 0.0 0.818827 0.00053674 0.0 0.0 0.0 1.81794e-06 6.04987e-06 0.0 0.0 0.0 0.0 0.0 0.0 0.0 0.0 6.25849e-07 0.0 0.0 0.0 0.0 0.0 0.0 0.0 0.0 1.01328e-06 0.0 0.0 0.0 0.0 1.40071e-06 0.0 0.0 0.0 0.0 0.0 0.0 0.0 0.0 0.0 0.0 0.0 0.0 0.0 0.000424147
0.0 0.0 0.0 0.0 0.0 0.0 0.0 0.0 0.0 0.999801 0.0 0.0 0.0 0.0 0.0 0.0 0.0 0.0 0.0 0.0 0.0 0.0 0.0 0.0 0.0 0.0 0.0 0.0 0.0 0.0 0.0 0.0 0.0 0.0 0.0 0.0 0.0 0.0 0.0 0.0 8.9407e-08 0.0 0.0 0.0 0.0 0.0 0.0 0.0 0.0 0.0 0.0 0.0 0.0 0.0 0.0 0.0 0.0 0.0 0.0 0.0 0.0 0.0 0.0 0.0
0.0 0.0 0.0 0.0 0.0 0.0 0.0 0.0 0.0 0.0 0.0 0.0 0.0 0.0 0.0 0.0 0.0 0.0 0.0 0.0 0.0 0.0 0.0 0.0 0.0 0.0 0.0 0.99978 0.0 0.0 0.0 0.0 0.0 0.0 0.0 0.0 0.0 0.0 0.0 0.0 0.0 0.0 0.0 0.0 0.0 0.0 0.0 0.0 0.0 0.0 0.0 0.0 0.0 0.0 0.0 0.0 0.0 0.0 0.0 0.0 0.0 0.0 0.0 0.0
7.7486e-07 0.0 0.0 0.0 0.0 4.47035e-07 0.0 7.53999e-06 0.0 0.0 0.0 0.0 0.0 0.0 5.66244e-07 0.0 3.27826e-06 0.0 1.46925e-05 0.0 5.39422e-06 0.000427485 0.0 0.0 0.0 0.00129429 4.47035e-07 0.0 0.0 0.0 0.0 0.0 0.0 1.49012e-07 0.0 1.19209e-07 6.51777e-05 0.0 0.0 0.0 0.0 0.0 0.0 0.0 0.98721 0.0 0.0 0.0 2.65837e-05 0.0 0.0 0.0 0.0 0.0 0.0 1.19209e-07 0.0 0.0 0.0 0.0 0.0 0.0 0.0 0.0
0.0 0.0 0.0 0.0 0.997872 0.0 0.0 0.0 0.0 0.0 0.0 0.0 0.0 0.0 0.0 0.0 0.0 0.0 0.0 0.0 0.0 0.0 0.0 0.0 0.0 0.0 0.0 0.0 0.0 0.0 0.0 0.0 0.0 0.0 0.0 0.0 0.0 0.0 0.0 0.0 0.0 0.0 0.0 0.0 0.0 0.0 0.0 0.0 0.0 0.0 0.0 0.0 0.0 0.0 0.0 0.0 0.0 0.0 0.0 6.79493e-06 0.0 0.0 0.0 0.0
0.0 0.0 0.0 0.0 0.0 0.0 0.0 0.0 0.0 0.0 0.0 0.0 0.0 0.0 0.0 0.0 0.0 0.0 0.0 0.999623 0.0 0.0 0.0 0.000395268 0.0 0.0 0.0 0.0 0.0 0.0 0.0 0.0 0.0 0.0 0.0 0.0 0.0 0.0 0.0 0.0 0.0 0.0 0.0 0.0 0.0 0.0 0.0 0.0 0.0 0.0 0.0 0.0 0.0 0.0 0.0 0.0 0.0 0.0 0.0 0.0 0.0 0.0 0.0 0.0
0.0 0.0 0.0 0.0 0.0 0.0 0.0 0.0 0.0 0.0 0.0 0.0 0.0 0.0 0.0 0.0 0.0 0.0 0.0 0.0 0.0 0.0 0.0 0.0 0.0 0.0 0.0 0.0 0.0 0.0 0.0 0.0 0.0 0.0 0.0 0.0 0.0 0.0 0.0 0.0 0.0 0.0 0.0 0.0 0.0 0.0 0.0 0.0 0.0 0.0 0.0 0.0 0.997955 0.0 0.0 0.0 0.0 0.0 0.0 0.0 0.0 0.0 0.0 0.0
0.0 0.028346 0.0 0.0 0.0 0.0 0.0 0.0 0.0 0.0 0.0 0.0 0.0 0.0 0.0 0.0 0.0 1.37091e-06 0.0 0.0 0.0 0.0 0.0 0.0 0.0 0.0 0.0 0.0 4.64916e-06 0.0 0.984022 0.0 1.2517e-06 0.0 0.0 0.0 0.0 0.0 2.38419e-07 0.0 0.0 0.0 0.0 0.0 0.0 0.259608 0.0 4.17233e-07 0.0 0.0 0.0 0.0 0.0 0.0 0.0 0.0 0.0 0.0 0.0 0.0 1.69277e-05 0.0 0.0 0.0
0.000839949 0.0 0.0 0.0 0.0 0.85234 0.0 0.000588298 0.0 0.0 6.6936e-05 0.000178158 0.0 1.37091e-06 2.2471e-05 0.0 0.978722 0.0 0.869437 0.0 0.0172297 0.011571 0.0 0.0 0.0 5.06639e-07 0.982434 0.0 0.0 0.0 0.0 0.157772 0.0 0.94424 0.0 0.982381 0.00113478 0.0 0.0 0.0 0.0 0.0 0.0 0.0 2.02656e-06 0.0 0.0 0.0 0.00144464 1.78814e-07 0.0 1.49012e-07 0.0 0.0 0.0 0.211281 0.0 0.0 0.0 0.0 0.0 0.0 0.0 0.000671029
2.98023e-08 0.0 0.0 0.0 0.0 0.0 0.0 0.0 0.0 0.0 0.0 0.0 0.0 0.0 2.08616e-07 0.999753 0.0 0.0 0.0 0.0 8.9407e-08 0.0 0.0 0.0 0.0 2.98023e-08 0.0 0.0 0.0 0.0 0.0 0.0 0.0 0.0 0.0 0.0 0.0 0.0 0.0 0.0 0.0 0.0 0.0 0.0 0.0 5.96046e-08 0.0 2.98023e-08 0.0 0.0 0.0 0.0 0.0 0.0 0.0 0.0 0.0 0.0 0.0 0.0 0.0 0.0 0.0 0.0
0.0 1.49012e-07 0.0 0.0 0.0 0.0 0.0 0.0 0.0 0.0 0.0 0.0 0.0 0.0 0.0 0.0 0.0 0.999577 0.0 0.0 0.0 0.0 0.0 0.0 0.0 0.0 0.0 0.0 0.00500712 0.0 1.19209e-07 0.0 0.000152469 0.0 0.0 0.0 0.0 0.0 0.884055 0.0 0.0 0.0 0.0 0.0 0.0 7.36117e-06 0.0 1.78814e-07 0.0 0.0 0.0 0.0 0.0 0.0 0.0 0.0 0.0 2.98023e-08 0.0685836 0.0 0.000755221 0.0 8.9407e-08 0.0
0.0 0.0 0.0 0.0 0.0 0.0 0.0 0.0 0.0 0.0 0.0 0.0 0.0 0.0 0.0 0.0 0.0 0.0 0.0 0.0 0.0 0.0 0.0 0.0 0.0 0.0 0.0 0.0 0.0 0.00243008 0.0 0.0 0.0 0.0 0.0 0.0 0.0 0.0 0.0 0.0 0.0 0.0 0.0 0.0 0.0 0.0 0.0 0.0 0.0 0.0 0.0 0.0 0.0 0.0 0.0 0.0 0.0 0.0 0.0 0.0 0.0 0.0 0.0 0.0
0.0 0.00171575 0.0 0.0 0.0 0.0 0.0 0.0 0.0 0.0 0.0 0.0 0.0 0.0 0.0 2.98023e-08 0.0 0.00013122 0.0 0.0 0.0 0.0 0.0 0.0 0.0 0.0 0.0 0.0 3.01003e-06 0.0 0.396776 0.0 1.49012e-07 0.0 0.0 0.0 0.0 0.0 1.01328e-05 0.0 0.0 0.0 0.0 0.0 0.0 0.981181 0.0 0.000344425 0.0 0.0 0.0 0.0 0.0 0.0 0.0 0.0 0.0 0.0 2.98023e-08 0.0 3.33786e-06 0.0 0.0 0.0
0.953706 0.0 0.0 0.0 0.0 1.04308e-06 0.0 0.0 0.0 0.0 0.0 5.96046e-08 0.0 0.0370468 0.89411 2.17557e-06 0.0163087 0.0 0.97036 0.0 0.995877 0.00977764 0.0 0.0 0.0 1.93417e-05 0.00374123 0.0 0.0 0.0 0.0 0.0 0.0 2.35438e-06 0.0 0.000562489 2.08616e-07 0.0 0.0 0.0 0.0 0.0 0.0 0.0 4.94719e-06 0.0 0.0 0.0 8.9407e-08 4.17233e-07 0.0 0.0 0.0 0.0 0.0 0.0 0.0 0.0 0.0 0.0 0.0 0.0 0.0 0.00038445
0.0 0.0 0.0 0.0 0.0 0.0 0.0 0.0 6.25849e-07 0.0 0.0 0.0 0.0 0.0 0.0 0.0 0.0 6.79493e-06 0.0 0.0 0.0 0.0 0.0 0.0 0.0 0.0 0.0 0.0 0.986817 0.0 2.08616e-07 0.0 0.868263 0.0 0.0 0.0 0.0 2.98023e-08 6.25849e-07 0.0 0.0 0.0 0.0 0.0 0.0 0.0 0.0 0.0 0.0 0.0 0.0 0.0 0.0 0.0 0.0 0.0 0.0 0.0 0.0 0.0 0.998778 0.0 0.0 0.0
0.00775623 0.0 0.0 0.0 0.0 0.463246 0.0 0.000241756 0.0 0.0 9.86457e-06 5.23627e-05 0.0 1.18017e-05 0.000209779 0.0 0.982015 0.0 0.971713 0.0 0.11273 0.0262288 0.0 0.0 0.0 1.69873e-06 0.981795 0.0 0.0 0.0 0.0 0.0229801 0.0 0.771617 0.0 0.975266 0.000504345 0.0 0.0 0.0 0.0 0.0 0.0 0.0 4.61936e-06 0.0 0.0 0.0 0.00066644 8.9407e-08 0.0 0.0 0.0 0.0 0.0 0.022209 0.0 0.0 0.0 0.0 0.0 0.0 0.0 0.000562668
0.0 0.0 0.0 0.999577 0.0 0.0 0.0 0.0 0.0 0.0 0.0 0.0 0.000144243 0.0 0.0 0.0 0.0 0.0 0.0 0.0 0.0 0.0 0.0 0.0 0.0 0.0 0.0 0.0 0.0 0.0 0.0 0.0 0.0 0.0 0.0 0.0 0.0 0.0 0.0 0.0 0.0 0.0 0.0 0.0 0.0 0.0 0.0 0.0 0.0 0.0 0.0 0.0 0.0 0.0 0.0 0.0 0.0 0.0 0.0 0.0 0.0 0.0 0.0 0.0
0.031803 0.0 0.0 0.0 0.0 0.237031 0.0 0.000233352 0.0 0.0 4.61936e-06 1.17421e-05 0.0 5.17368e-05 0.000834405 0.0 0.98592 0.0 0.984064 0.0 0.237042 0.0786292 0.0 0.0 0.0 6.94394e-06 0.981959 0.0 0.0 0.0 0.0 0.00599897 0.0 0.549009 0.0 0.959484 0.000412077 0.0 0.0 0.0 0.0 0.0 0.0 0.0 1.80006e-05 0.0 0.0 0.0 0.000702083 1.78814e-07 0.0 0.0 0.0 0.0 0.0 0.00530234 0.0 0.0 0.0 0.0 0.0 0.0 0.0 0.000368267
8.9407e-08 0.0 0.0 0.0 0.0 0.00447777 0.0 0.983526 0.0 0.0 4.13358e-05 0.0 0.0 0.0 5.96046e-08 0.0 0.000547469 0.0 3.98159e-05 0.0 3.57628e-07 1.0699e-05 0.0 0.0 0.0 0.000558019 0.000375748 0.0 0.0 0.0 0.0 0.00173056 0.0 0.0100245 0.0 0.000439525 0.247236 0.0 0.0 0.0 0.0 0.0 0.0 0.0 4.01735e-05 0.0 0.0 0.0 0.990472 0.0 0.0 0.0 0.0 0.0 0.0 0.00182155 0.0 0.0 0.0 0.0 0.0 0.0 0.0 0.0
0.0 0.0 0.0 0.0 0.0 0.0 0.0 0.0 0.999314 0.0 0.0 0.0 0.0 0.0 0.0 0.0 0.0 0.0 0.0 0.0 0.0 0.0 0.0 0.0 0.0 0.0 0.0 0.0 2.98023e-08 0.0 0.0 0.0 2.42293e-05 0.0 0.0 0.0 0.0 1.71363e-05 0.0 0.0 0.0 0.0 0.0 0.0 0.0 0.0 0.0 0.0 0.0 0.0 0.0 0.0 0.0 0.0 0.0 0.0 0.0 0.0 0.0 0.0 5.96046e-08 0.0 0.0 0.0
0.0 1.78814e-07 0.0 0.0 0.0 0.0 0.0 0.0 0.0 0.0 0.0 0.0 0.0 0.0 0.0 0.0 0.0 0.00331217 0.0 0.0 0.0 0.0 0.0 0.0 0.0 0.0 0.0 0.0 0.0 0.0 0.0 0.0 1.19209e-07 0.0 0.0 0.0 0.0 0.0 0.341832 1.78814e-07 2.68221e-07 0.0 0.0 0.0 0.0 0.0 0.0 0.0 0.0 0.0 0.0 0.0 0.0 0.0 0.0 0.0 0.0 0.000534564 0.999165 0.0 0.0 0.0 0.00222349 0.0
2.83122e-06 0.0 0.0 0.0 0.0 0.0 0.0 0.0 0.0 0.0 0.0 0.0 0.0 4.29153e-06 1.51992e-06 0.0 0.0 0.0 6.25849e-06 0.0 1.2219e-06 0.0 0.0 0.0 0.0 0.0 0.0 0.0 0.0 0.0 0.0 0.0 0.0 0.0 0.0 5.96046e-08 0.0 0.0 0.0 0.0 0.0 0.0 0.0 0.0 0.0 0.0 0.0 0.0 0.0 0.988398 0.0 0.0 0.0 0.0 0.0 0.0 0.0 0.0 0.0 0.0 0.0 0.0 0.0 0.0379017
0.0 3.8743e-07 0.0 0.0 0.0 0.0 0.0 0.0 0.0 0.0 0.0 0.0 0.0 0.0 0.0 0.0 0.0 8.9407e-08 0.0 0.0 0.0 0.0 0.0 0.0 0.0 0.0 0.0 0.0 0.0 0.0 0.0 0.0 0.0 0.0 0.0 0.0 0.0 0.0 4.25279e-05 2.563e-06 0.0 0.0 0.0 0.0 0.0 0.0 0.0 0.0 0.0 0.0 0.0 0.0 0.0 0.0 0.0 0.0 0.0 0.00265625 0.00821337 0.0 0.0 0.0 0.986271 0.0
0.0 0.0 0.0 0.0 0.0 0.0 0.0 2.98023e-07 0.0 0.0 2.98023e-08 0.0 0.0 0.0 0.0 0.0 0.0 0.0 0.0 0.0 0.0 0.0 0.0 0.0 0.0 0.0 0.0 0.0 0.0 0.0 0.0 0.0 0.0 0.0 0.0 0.0 2.02656e-06 0.0 0.0 0.0 0.0 0.159979 0.0 0.0 0.0 0.0 0.0 0.0 0.0 0.0 0.0 0.0 0.0 0.0 0.0 2.98023e-08 0.0 0.0 0.0 0.0 0.0 0.0 0.0 0.0
0.0 0.0 0.0 0.0 0.0 0.0 0.0 0.0 0.0 0.0 0.0 0.0 0.0 0.0 0.0 0.0 0.0 0.0 0.0 0.0 0.0 0.0 0.0 0.0 0.0 0.0 0.0 0.0 0.0 0.0 0.0 0.0 0.0 0.0 0.999969 0.0 0.0 0.0 0.0 0.0 0.0 0.0 0.0 0.0 0.0 0.0 0.0 0.0 0.0 0.0 0.0 0.0 0.0 0.0 0.0 0.0 0.0 0.0 0.0 0.0 0.0 0.0 0.0 0.0
0.0 0.0 0.0 0.0 0.0 0.0 0.0 0.0 0.0 0.0 0.0 0.0 0.0 0.0 0.0 0.0 0.0 0.0 0.0 0.0 0.0 0.0 0.999636 0.0 0.0 0.0 0.0 0.0 0.0 0.0 0.0 0.0 0.0 0.0 0.0 0.0 0.0 0.0 0.0 0.0 0.0 0.0 0.0 0.0 0.0 0.0 0.0 0.0 0.0 0.0 0.0 0.0 0.0 0.0 0.0 0.0 0.0 0.0 0.0 0.0 0.0 0.0 0.0 0.0
4.47035e-07 0.0 0.0 0.0 0.0 0.0 0.0 2.98023e-06 0.0 0.0 0.0 0.0 0.0 0.0 1.13249e-06 8.9407e-08 1.78814e-07 0.0 1.10269e-06 0.0 1.08182e-05 0.00291982 0.0 0.0 0.0 0.982382 8.9407e-08 0.0 0.0 0.0 0.0 0.0 0.0 0.0 0.0 0.0 1.04308e-06 0.0 0.0 0.0 0.0 0.0 0.0 0.0 0.000117421 0.0 0.0 0.0 2.03848e-05 0.0 0.0 0.0 0.0 0.0 0.0 0.0 0.0 0.0 0.0 0.0 0.0 0.0 0.0 0.0
0.0 0.0335939 0.0 0.0 0.0 0.0 0.0 0.0 0.0 0.0 0.0 0.0 0.0 0.0 0.0 0.0 0.0 3.78788e-05 0.0 0.0 0.0 0.0 0.0 0.0 0.0 0.0 0.0 0.0 5.96046e-08 0.0 5.26905e-05 0.0 8.04663e-07 0.0 0.0 0.0 0.0 0.0 0.0169702 0.0 0.0 0.0 0.0 0.0 0.0 0.000294477 0.0 0.000813037 0.0 0.0 0.0 0.0 0.0 0.0 0.0 0.0 0.0 1.78814e-07 0.0111423 0.0 0.0 0.0 0.00200155 0.0
0.0 0.0 0.0 0.0 0.0 0.0 0.0 0.0 0.0 0.0 0.0 0.0 0.0 0.0 0.0 0.0 0.0 0.0 0.0 0.0 0.0 0.0 0.0 0.0 0.996718 0.0 0.0 0.0 0.0 0.0 0.0 0.0 0.0 0.0 0.0 0.0 0.0 0.0 0.0 0.0 0.0 0.0 0.0 0.0 0.0 0.0 0.0 0.0 0.0 0.0 0.0 0.0 0.0 0.0 0.0 0.0 0.0 0.0 0.0 0.0 0.0 0.0 0.0 0.0
0.0 2.00272e-05 0.0 0.0 0.0 0.0 0.0 0.0 0.0 0.0 0.0 0.0 0.0 0.0 0.0 0.0 0.0 3.97265e-05 0.0 0.0 0.0 0.0 0.0 0.0 0.0 0.0 0.0 0.0 0.0 0.0 0.0 0.0 0.0 0.0 0.0 0.0 0.0 0.0 0.00198796 0.0 0.0 0.0 0.0 0.0 0.0 9.23872e-07 0.0 0.00171372 0.0 0.0 0.0 0.0 0.0 0.0 0.0 0.0 0.0 8.91089e-06 0.00864255 0.0 0.0 0.0 0.335253 0.0
2.98023e-08 0.0 0.0 0.0 0.0 0.0111462 0.0 0.996999 0.0 0.0 0.000141591 0.0 0.0 0.0 0.0 0.0 0.000226766 0.0 1.13547e-05 0.0 1.19209e-07 4.26173e-06 0.0 0.0 0.0 6.04391e-05 0.000189275 0.0 0.0 0.0 0.0 0.00514874 0.0 0.0237401 0.0 0.000270605 0.112939 0.0 0.0 0.0 0.0 0.0 0.0 0.0 1.28746e-05 0.0 0.0 0.0 0.979482 0.0 0.0 0.0 0.0 0.0 0.0 0.00671446 0.0 0.0 0.0 0.0 0.0 0.0 0.0 0.0
0.024516 0.0 0.0 0.0 0.0 5.75185e-06 2.98023e-08 0.0 0.0 0.0 0.0 1.98185e-05 0.0 0.000614107 0.00942886 0.0 0.000293344 0.0 0.129739 0.0 0.00433385 8.9407e-08 0.0 0.0 0.0 0.0 0.000588655 0.0 0.0 0.0 0.0 1.19209e-07 0.0 1.0103e-05 0.0 0.000321865 0.0 0.0 0.0 0.0 0.0 0.0 0.0 0.0 0.0 0.0 0.0 0.0 0.0 0.197735 0.0 0.0 0.0 0.0 0.0 2.68221e-07 0.0 0.0 0.0 0.0 0.0 0.0 0.0 0.988089
0.0 0.0 0.0 0.0 4.44055e-06 0.0 0.0 0.0 0.0 0.0 0.0 0.0 0.0 0.0 0.0 0.0 0.0 0.0 0.0 0.0 0.0 0.0 0.0 0.0 0.0 0.0 0.0 0.0 0.0 0.0 0.0 0.0 0.0 0.0 0.0 0.0 0.0 0.0 0.0 0.0 0.0 0.0 0.0 0.0 0.0 0.0 0.0 0.0 0.0 0.0 0.0 0.0 0.0 0.0145607 0.0 0.0 0.0 0.0 0.0 0.999498 0.0 0.0 0.0 0.0
0.0 0.0 0.0 0.0 0.0 9.83477e-07 0.999537 0.0 0.0 0.0 0.0 0.0 0.0 0.0 0.0 0.0 0.0 0.0 0.0 0.0 0.0 0.0 0.0 0.0 0.0 0.0 0.0 0.0 0.0 0.0 0.0 1.19209e-07 0.0 1.78814e-07 0.0 8.9407e-08 0.0 0.0 0.0 0.0 0.0 0.0 0.0 0.0 0.0 0.0 0.0 0.0 0.0 0.0 0.0 3.57628e-07 0.0 0.0 0.0 4.47035e-07 0.0 0.0 0.0 0.0 0.0 0.0 0.0 0.0
0.0 0.0 0.0 0.0 0.0 0.0 0.0 0.0 1.19209e-07 1.19209e-07 0.0 0.0 0.0 0.0 0.0 0.0 0.0 0.0 0.0 0.0 0.0 0.0 0.0 0.0 0.0 0.0 0.0 0.0 0.0 0.0 0.0 0.0 0.0 0.0 0.0 0.0 0.0 0.0 0.0 0.0 0.991488 0.0 0.0 0.0 0.0 0.0 0.0 0.0 0.0 0.0 0.0 0.0 0.0 0.0 0.0 0.0 0.0 1.49012e-07 2.98023e-08 0.0 0.0 0.0 0.0 0.0
0.0 0.0 0.0 0.0 0.0 0.0 0.0 0.0 0.0 0.0 0.0 0.0 0.0 0.0 0.0 0.0 0.0 0.0 0.0 0.0 0.0 0.0 3.27826e-07 0.0 0.0 0.0 0.0 0.0 0.0 0.0 0.0 0.0 0.0 0.0 0.0 0.0 0.0 0.0 0.0 0.990848 1.19209e-07 0.0 0.00141859 0.0 0.0 0.0 0.0 0.0 0.0 0.0 0.0 0.0 0.0 0.0 0.0 0.0 0.0 2.06232e-05 0.0 0.0 0.0 0.0 0.0 0.0
0.0 0.0 0.0 0.0 0.0 0.0 0.0 0.0 0.0 0.0 0.0 0.0 0.0 0.0 0.0 0.0 0.0 0.0 0.0 0.0 0.0 0.0 0.0 0.0 0.0 0.0 0.0 0.0 0.0 0.991469 0.0 0.0 0.0 0.0 0.0 0.0 0.0 0.0 0.0 0.0 0.0 0.0 0.0 0.0 0.0 0.0 0.0 0.0 0.0 0.0 0.0 0.0 0.0 0.0 0.0 0.0 0.0 0.0 0.0 0.0 0.0 0.0 0.0 0.0
0.0 0.0 0.0 0.0 0.0 0.0 0.0 0.0 0.0 0.0 0.0 0.0 0.0 0.0 0.0 0.0 0.0 0.0 0.0 0.0 0.0 0.0 0.0 0.0 0.0 0.0 0.0 0.0 0.0 0.0 0.0 0.0 0.0 0.0 0.0 0.0 0.0 0.0 0.0 0.0 0.0 0.0 0.0 0.999966 0.0 0.0 0.0 0.0 0.0 0.0 0.0 0.0 0.0 0.0 0.0 0.0 0.0 0.0 0.0 0.0 0.0 0.0 0.0 0.0
0.0 0.0 0.0 0.0 0.0 0.0 0.0 0.0 0.0 0.0 0.0 0.0 0.0 0.0 0.0 0.0 0.0 0.0 0.0 0.0356445 0.0 0.0 0.0 0.99925 0.0 0.0 0.0 0.0 0.0 0.0 0.0 0.0 0.0 0.0 0.0 0.0 0.0 0.0 0.0 0.0 0.0 0.0 0.0 0.0 0.0 0.0 0.0 0.0 0.0 0.0 0.0 0.0 0.0 0.0 0.0 0.0 2.08616e-07 0.0 0.0 0.0 0.0 0.0 0.0 0.0
0.0 0.0 0.0 0.0 0.0 0.0869515 0.0 0.00119215 0.0 0.0 0.990034 1.4782e-05 0.0 0.0 0.0 0.0 3.68953e-05 0.0 1.93715e-06 0.0 0.0 1.19209e-07 0.0 0.0 0.0 0.0 6.85453e-05 0.0 0.0 0.0 0.0 0.0383615 0.0 0.563206 0.0 0.000167817 0.00167811 0.0 0.0 0.0 0.0 0.0 0.0 0.0 0.0 0.0 0.0 0.0 0.000231951 0.0 0.0 7.39396e-05 0.0 0.0 0.0 0.902945 0.0 0.0 0.0 0.0 0.0 0.0 0.0 0.0
0.0 0.0 0.0 0.0 0.0 0.0 0.0 0.0 0.0 0.0 0.0 0.0 0.0 0.0 0.0 0.0 0.0 0.0 0.0 0.0 0.0 0.0 0.0 0.0 0.0 0.0 0.0 0.0 0.0 0.0 0.0 0.0 0.0 0.0 0.0 0.0 0.0 0.0 0.0 6.59823e-05 7.7486e-07 0.0 0.0 0.0 0.0 0.0 0.0 0.0 0.0 0.0 0.0 0.0 0.0 0.0 0.0 0.0 0.0 0.00614679 0.000352591 0.0 0.0 0.0 2.56598e-05 0.0
0.0 0.0 0.0 0.0 0.0 0.0 0.0 0.0 0.0 0.0 0.0 0.0 0.0 0.0 0.0 0.0 0.0 0.0 0.0 0.0 0.0 0.0 0.0 0.0 0.0 0.0 0.0 0.0 0.0 0.0 0.0 0.0 0.0 0.0 0.0 0.0 0.0 0.0 0.0 0.0 0.0 0.0 0.0 0.0 0.0 0.0 0.0 0.0 0.0 0.0 0.0 0.0 0.0 0.0 0.999858 0.0 0.0 0.0 0.0 0.0 0.0 0.0 0.0 0.0
0.0 2.68221e-07 0.0 0.0 0.0 0.0 0.0 0.0 2.38419e-07 0.0 0.0 0.0 0.0 0.0 0.0 0.0 0.0 7.07507e-05 0.0 0.0 0.0 0.0 0.0 0.0 0.0 0.0 0.0 0.0 0.999439 0.0 3.57628e-07 0.0 0.776743 0.0 0.0 0.0 0.0 0.0 4.02331e-06 0.0 0.0 0.0 0.0 0.0 0.0 5.96046e-08 0.0 0.0 0.0 0.0 0.0 0.0 0.0 0.0 0.0 0.0 0.0 0.0 0.0 0.0 0.969209 0.0 0.0 0.0
0.0 0.0 0.0 0.0 0.0 0.0 0.0 0.0 0.0 0.0 0.0 0.0 0.0 0.0 0.0 0.0 0.0 0.0 0.0 0.0 0.0 0.0 0.0 4.17233e-07 0.0 0.0 0.0 0.0 0.0 0.0 0.0 0.0 0.0 0.0 0.0 0.0 0.0 0.0 0.0 0.0 0.0 0.0 0.0 0.0 0.0 0.0 0.0 0.0 0.0 0.0 0.0 0.0 0.0 0.0 0.0 0.0 0.999538 0.0 0.0 0.0 0.0 0.0 0.0 0.0
0.0 2.3216e-05 0.0 0.0 0.0 0.0 0.0 0.0 0.0 0.0 0.0 0.0 0.0 0.0 0.0 0.0 0.0 1.93715e-06 0.0 0.0 0.0 0.0 0.0 0.0 0.0 0.0 0.0 0.0 0.0 0.0 3.57628e-07 0.0 0.0 0.0 0.0 0.0 0.0 0.0 2.61962e-05 0.0 0.0 0.0 0.0 0.0 0.0 0.000494719 0.0 0.985323 0.0 0.0 0.0 0.0 0.0 0.0 0.0 0.0 0.0 0.0 1.10269e-06 0.0 0.0 0.0 1.01328e-06 0.0
1.29938e-05 0.0 0.0 0.0 0.0 0.0 0.0 0.0 0.0 0.0 0.0 1.67787e-05 0.0 8.9407e-08 7.21216e-06 0.0 1.49012e-07 0.0 0.00012669 0.0 9.53674e-07 0.0 0.0 0.0 0.0 0.0 2.68221e-07 0.0 0.0 0.0 0.0 0.0 0.0 2.98023e-08 0.0 1.78814e-07 0.0 0.0 0.0 0.0 0.0 0.0 0.0 0.0 0.0 0.0 0.0 0.0 0.0 0.00020355 0.0 0.0 0.0 0.0 0.0 0.0 0.0 0.0 0.0 0.0 0.0 0.0 0.0 0.00990582
37 2 5 55 51 36 33 18 8 61 31 43 6 48 26 14 32 56 20 22 46 7 35 0 60 23 27 4 24 21 16 13 28 19 15 53 52 44 42 50 17 9 57 39 40 25 34 59 38 1 10 49 62 30 3 54 58 41 11 63 47 45 12 29
