8
0.0 0.0 0.0 0.0 0.0 0.0 0.0 0.0 0.0 0.0 0.0 0.0 0.0 0.0 0.0 0.0 0.0 0.0 0.0 0.0 0.0 0.0 0.0 0.0 0.0 0.0 0.0 0.0 0.0 0.0 0.0 0.0 0.0 0.0 0.0 0.0 0.0 0.0 0.0 0.0 0.0 0.0 0.0 0.0 0.0 0.0 0.0 0.0 0.0 0.0 0.0 0.987158 0.0 0.0 0.0 0.0 0.0 0.0 0.0 0.0 0.0 0.0 0.0 0.0
0.0 6.61612e-06 0.0 2.98023e-07 0.0 0.00190091 0.000789881 0.0 0.0 0.0 0.0 8.9407e-08 0.0 0.0 0.0 0.0 0.0 9.20892e-06 0.0 0.0 0.0 0.0 5.39422e-05 0.0 0.0 0.964982 0.0 0.0 0.0 0.0 0.0 0.0 0.0 0.000178665 0.0 0.0 0.0 0.0 0.0 0.0 0.925465 0.0 0.0 0.0 0.000278085 0.0 0.0 0.0 0.0 0.0 0.0 0.0 0.980834 0.0189693 0.0 0.0 0.0 0.0 0.0 0.0 1.3411e-06 0.0 0.0 0.0
0.0 0.0 0.0 0.0 0.0 0.0 0.0 0.0 0.0 0.0 0.0 0.0 0.0 0.0 0.0 0.970207 0.0 0.0 0.0 0.0 0.0 0.0 0.0 0.0 0.00107789 0.0 0.0 0.0 0.0 0.0 0.0 0.0 0.0 0.0 0.0 0.0 0.0 0.0 0.0 8.31485e-06 0.0 0.0 0.0 0.0 0.0 0.0 0.0 0.903505 0.0 0.0 0.0 0.0 0.0 0.0 0.0 0.0 0.88772 0.0 1.57058e-05 0.907114 0.0 0.780077 0.0 0.364306
0.0 0.95726 0.0 0.00300276 0.000242054 0.878105 0.000129789 0.0 0.0 0.0 0.0 0.0636116 0.0 0.0295538 0.0 0.0 0.0 0.0 0.0 0.0 0.0 0.0 0.985025 0.0 0.0 9.07779e-05 0.0 0.0 0.0 0.0 0.0 1.78814e-07 0.0 0.984612 0.0 0.0 0.0 0.0 0.0 0.0 0.0426597 0.000262171 0.0 0.040273 0.887468 0.0 1.99676e-06 0.0 7.24196e-06 0.000610799 0.0 0.0 0.00327918 0.0182895 0.0 0.0 0.0 0.0 0.0 0.0 0.0 0.0 5.06639e-07 0.0
0.0 0.374523 0.0 4.86672e-05 0.533782 0.00622368 1.78814e-07 0.0 0.0 0.0 0.0 0.0122746 0.0 0.958735 0.0 0.0 0.0 0.0 0.0 0.0 0.0 0.0 0.116535 0.0 0.0 0.0 0.0 0.0 0.0 0.0 0.0 0.00179881 0.0 0.0470054 0.0 0.0 0.0 0.0 0.0 0.0 1.69873e-06 0.0210583 2.46167e-05 0.984358 0.0779609 0.0 0.0815197 0.0 0.206433 0.798221 0.0 0.0 2.38419e-07 0.000840575 3.22461e-05 0.0 0.0 0.0 0.0 0.0 0.0 0.0 2.35438e-06 0.0
0.0 9.03606e-05 0.0 2.89083e-06 8.9407e-08 0.0236063 0.0529693 0.0 0.0 0.0 0.0 3.8743e-07 0.0 5.96046e-08 0.0 0.0 0.0 7.42376e-05 0.0 0.0 0.0 0.0 0.000583768 0.0 0.0 0.980942 0.0 0.0 0.0 0.0 0.0 0.0 0.0 0.00204191 0.0 0.0 0.0 0.0 0.0 0.0 0.980005 0.0 0.0 1.19209e-07 0.00280121 0.0 0.0 0.0 0.0 0.0 0.0 0.0 0.992188 0.00580081 0.0 0.0 0.0 0.0 0.0 0.0 1.78814e-07 0.0 0.0 0.0
0.0 0.0 0.0 0.0 0.0 0.0 0.0 0.0 0.0 0.0 0.0 8.9407e-08 0.0 0.0 6.94394e-05 0.0 0.0 0.0 0.0 0.0 0.0 0.0 0.0 0.0 0.0 0.0 0.98659 0.0 0.0 0.0 0.0 5.06639e-06 0.0 0.0 0.0 0.0324582 0.0 0.0 0.0 0.0 0.0 6.25849e-07 0.0 0.0 0.0 0.0 1.19209e-07 0.0 0.0 0.0 0.0 0.0 0.0 0.0 2.77162e-06 0.0 0.0 0.0 0.0 0.0 0.0 0.0 0.0 0.0
0.0 0.00978482 0.0 1.78814e-07 1.34706e-05 0.0011172 1.01328e-06 0.0 0.0 0.0 0.0 2.79844e-05 0.0 0.000305861 0.0 0.0 0.0 0.0 0.0 0.0 0.0 0.0 0.00982404 0.0 0.0 0.00616598 0.0 0.0 0.0 0.0 0.0 0.0 0.0 0.0130889 0.0 0.0 0.0 0.0 0.0 0.0 0.106243 3.27826e-07 0.0 0.000512958 0.391737 0.0 0.0 0.0 5.96046e-08 2.44379e-06 0.0 0.0 0.0672869 0.989147 0.0 0.0 0.0 0.0 0.0 0.0 6.25551e-05 0.0 1.49012e-07 0.0
0.0 0.0 0.0 0.0 0.0 0.0 0.0 0.0 0.990197 0.0 0.0 0.0 0.0 0.0 0.0 0.0 0.964408 0.0 0.0 0.0 0.0 0.0 0.0 0.0 0.0 0.0 0.0 5.54323e-06 1.19209e-07 0.0 0.370323 0.0 0.0 0.0 0.0 0.0 0.0 0.982923 0.0 0.0 0.0 0.0 0.0 0.0 0.0 0.0 0.0 0.0 0.0 0.0 0.0 0.0 0.0 0.0 0.0 0.0 0.0 0.0 0.0 0.0 0.0 0.0 0.0 0.0
0.0 0.0 0.0 0.0 0.0 0.0 0.0 0.0 0.0 0.0 0.0 0.0 0.0 0.0 0.0 0.0 0.0 0.0 0.0 0.0 0.0 0.0 0.0 0.0 0.0 0.0 0.0 0.0 0.0 0.0 0.0 0.0 0.0 0.0 0.0 0.0 0.0 0.0 0.0 0.0 0.0 0.0 0.0 0.0 0.0 0.0 0.0 0.0 0.0 0.0 0.0 0.0 0.0 0.0 0.0 0.999958 0.0 0.0 0.0 0.0 0.0 0.0 0.0 0.0
0.0 0.0 0.0 0.0 0.0 0.0 0.000380516 0.0 0.0 0.0 0.0 0.0 0.0 0.0 0.0 0.0 0.0 0.612269 0.0 0.0 0.0 0.0 0.0 0.0 0.0 0.0441553 0.0 0.0 0.0 0.0 0.0 0.0 0.0 0.0 0.0 0.0 0.0 0.0 0.0 0.0 4.25279e-05 0.0 0.0 0.0 0.0 0.0 0.0 0.0 0.0 0.0 0.0 0.0 0.000688374 1.49012e-07 0.0 0.0 0.0 0.0 0.0 0.0 5.96046e-08 0.0 0.0 0.0
0.0 0.00246924 0.0 1.98781e-05 0.0347794 1.30534e-05 0.0 0.0 0.0 0.0 0.0 0.00995529 0.0 0.548817 2.98023e-08 0.0 0.0 0.0 0.0 0.0 0.0 0.0 0.000404894 0.0 0.0 0.0 0.0 0.0 0.0 0.0 0.0 0.726086 0.0 0.000147939 0.0 0.0 0.0 0.0 0.0 0.0 0.0 0.316873 0.0123618 0.41282 8.26716e-05 0.0 0.973876 0.0 0.979388 0.96397 0.0 0.0 0.0 6.55651e-07 0.0794254 0.0 0.0 0.0 0.0 0.0 0.0 0.0 5.96046e-08 0.0
0.0 0.0238912 0.0 0.000245869 0.0948523 0.000150681 0.0 0.0 0.0 0.0 0.0 0.0375708 0.0 0.76018 8.9407e-08 0.0 0.0 0.0 0.0 0.0 0.0 0.0 0.00406432 0.0 0.0 0.0 0.0 0.0 0.0 0.0 0.0 0.423767 0.0 0.00155503 0.0 0.0 0.0 0.0 0.0 0.0 0.0 0.609275 0.00126514 0.743867 0.000764519 0.0 0.937234 0.0 0.95614 0.983117 0.0 0.0 0.0 5.99027e-06 0.00937012 0.0 0.0 0.0 0.0 0.0 0.0 0.0 4.47035e-07 0.0
0.0 0.938914 0.0 0.000124723 0.00210211 0.146912 3.51667e-06 0.0 0.0 0.0 0.0 0.0237932 0.0 0.293741 0.0 0.0 0.0 0.0 0.0 0.0 0.0 0.0 0.957544 0.0 0.0 0.000163168 0.0 0.0 0.0 0.0 0.0 1.66893e-06 0.0 0.928327 0.0 0.0 0.0 0.0 0.0 0.0 0.0878187 0.00170854 1.19209e-07 0.318916 0.984091 0.0 1.84476e-05 0.0 5.84126e-05 0.00420424 0.0 0.0 0.00728512 0.661389 2.98023e-08 0.0 0.0 0.0 0.0 0.0 1.49012e-07 0.0 1.01328e-06 0.0
0.0 0.11874 0.0 0.0615704 0.00319231 0.0393621 2.08616e-07 0.0 0.0 0.0 0.0 0.991137 0.0 0.000262052 1.49012e-07 0.0 0.0 0.0 0.0 0.0 0.0 0.0 0.101714 0.0 0.0 1.19209e-07 0.0 0.0 0.0 0.0 0.0 0.000635237 0.0 0.0592035 0.0 0.0 0.0 0.0 0.0 0.0 8.13603e-06 0.402222 2.98023e-08 0.00375482 0.002433 0.0 0.000987113 0.0 0.000388592 0.00335035 0.0 0.0 7.7486e-07 8.28505e-06 5.30481e-06 0.0 0.0 0.0 0.0 0.0 0.0 0.0 2.64049e-05 0.0
0.0 0.0 0.0 0.0 0.0 0.0 0.0 0.0 0.0 0.0 0.0 0.0 0.0 0.0 0.0 2.02656e-06 0.0 0.0 0.0 0.0 0.0 0.0 0.0 0.0 0.0 0.0 0.0 0.0 0.0 0.0 0.0 0.0 0.0 0.0 0.0 0.0 0.0 0.0 0.0 0.0 0.0 0.0 0.0 0.0 0.0 0.0 0.0 5.30481e-06 0.0 0.0 0.0 0.0 0.0 0.0 0.0 0.0 1.40667e-05 0.0 0.957905 1.06394e-05 0.0 6.79493e-06 0.0 0.000230998
0.0 0.0 0.0 0.0 0.0 0.0 0.0 3.27826e-07 0.0 0.0 0.0 0.0 0.982741 0.0 0.0 0.0 0.0 0.0 0.0 0.0 0.197194 0.0 0.0 0.0 0.0 0.0 0.0 0.00152668 0.0 0.0 0.0 0.0 0.05009 0.0 0.0 0.0 0.0845755 0.0 0.0 0.0 0.0 0.0 0.0 0.0 0.0 0.0 0.0 0.0 0.0 0.0 0.0 0.0 0.0 0.0 0.0 0.0 0.0 0.0110183 0.0 0.0 0.0 0.0 0.0 0.0
0.0 0.0 0.0 0.0 0.0 0.0 3.79682e-05 0.0 0.0 0.0 0.0 0.0 0.0 0.0 0.0 0.0 0.0 0.885985 0.0 0.0 0.0 0.0 0.0 0.0 0.0 0.000587046 0.0 0.0 0.0 0.0 0.0 0.0 0.0 0.0 0.0 0.0 0.0 0.0 0.0 0.0 4.47035e-07 0.0 0.0 0.0 0.0 0.0 0.0 0.0 0.0 0.0 0.0 0.0 7.98702e-06 0.0 0.0 0.0 0.0 0.0 0.0 0.0 5.06639e-07 0.0 0.0 0.0
0.0 0.0 0.0 0.0 0.0 0.0 0.0 0.0 0.0 0.999857 0.0 0.0 0.0 0.0 0.0 0.0 0.0 0.0 0.0 0.0 0.0 0.0 0.0 0.0 0.0 0.0 0.0 0.0 0.0 0.0 0.0 0.0 0.0 0.0 0.0 0.0 0.0 0.0 0.0 0.0 0.0 0.0 0.0 0.0 0.0 0.0 0.0 0.0 0.0 0.0 0.0 0.0 0.0 0.0 0.0 0.0 0.0 0.0 0.0 0.0 0.0 0.0 0.0 0.0
0.0 0.0 0.0 0.0 0.0 0.0 0.0 0.0 0.0 0.0 0.0 0.0 0.0 0.0 0.0 0.0 0.0 0.0 1.0 0.0 0.0 0.0 0.0 0.0 0.0 0.0 0.0 0.0 6.55651e-07 0.0 0.0 0.0 0.0 0.0 0.0 0.0 0.0 0.0 0.0 0.0 0.0 0.0 0.0 0.0 0.0 0.0 0.0 0.0 0.0 0.0 0.0 0.0 0.0 0.0 0.0 0.0 0.0 0.0 0.0 0.0 0.0 0.0 0.0 0.0
0.0 0.228541 0.0 2.25604e-05 0.106488 0.00125426 5.96046e-08 0.0 0.0 0.0 0.0 0.00201041 0.0 0.987791 0.0 0.0 0.0 0.0 0.0 0.0 0.0 0.0 0.0903185 0.0 0.0 0.0 0.0 0.0 0.0 0.0 0.0 0.00399819 0.0 0.0392143 0.0 0.0 0.0 0.0 0.0 0.0 5.06639e-07 0.0245589 0.000175655 0.938826 0.032876 0.0 0.155383 0.0 0.48705 0.898239 0.0 0.0 2.98023e-08 0.000282288 7.95126e-05 0.0 0.0 0.0 0.0 0.0 0.0 0.0 1.49012e-07 0.0
0.0 0.0 0.0 0.0 0.0 0.0 0.0 0.0 0.0 0.0 0.0 0.0 0.0 0.0 0.0 0.0 0.0 0.0 0.0 0.0 0.0 0.0 0.0 0.0 0.0 0.0 0.0 0.0 2.98023e-08 0.0 0.0 0.0 0.0 0.0 0.0 0.0 0.0 0.0 0.987688 0.0 0.0 0.0 0.0 0.0 0.0 0.0 0.0 0.0 0.0 0.0 0.0 0.0 0.0 0.0 0.0 0.0 0.0 0.0 0.0 0.0 0.0 0.0 0.0 0.0
0.0 1.0103e-05 0.0 5.96046e-08 4.44055e-06 0.0 0.0 0.0 0.0 0.0 0.0 6.22869e-06 0.0 0.00152344 2.98023e-08 0.0 0.0 0.0 0.0 0.0 0.0 0.0 2.05636e-06 0.0 0.0 0.0 5.96046e-08 0.0 0.0 0.0 0.0 0.0561241 0.0 7.15256e-07 0.0 2.98023e-07 0.0 0.0 0.0 0.0 0.0 0.000369191 0.992058 0.000511825 4.47035e-07 0.0 0.0451972 0.0 0.0219905 0.0150254 8.9407e-08 0.0 0.0 0.0 0.0761271 0.0 0.0 0.0 0.0 0.0 0.0 0.0 0.0 0.0
0.0 0.0 0.0 0.0 0.0 0.0 0.0 0.0 0.0 0.0 0.0 0.0 0.197638 0.0 0.0 0.0 0.0 0.0 0.0 0.0 2.36332e-05 0.0 0.0 0.0 0.0 0.0 0.0 0.0339291 0.0 0.0 0.0 0.0 0.00889894 0.0 0.0 0.0 6.4075e-06 0.0 0.0 0.0 0.0 0.0 0.0 0.0 0.0 0.0 0.0 0.0 0.0 0.0 0.0 0.0 0.0 0.0 0.0 0.0 0.0 0.984977 0.0 0.0 0.0 0.0 0.0 0.0
0.0 0.0 0.0 0.0 0.0 0.0 0.0 0.0 0.0 0.0 0.0 0.0 0.0 0.0 0.0 0.0 0.0 0.0 0.0 0.0 0.0 0.0 0.0 0.0 0.0 0.0 0.0 0.0 0.909906 0.0 0.0 0.0 0.0 0.0 0.986377 0.0 0.0 0.0 0.0 0.0 0.0 0.0 0.0 0.0 0.0 0.0 0.0 0.0 0.0 0.0 0.0 0.0 0.0 0.0 0.0 0.0 0.0 0.0 0.0 0.0 0.0 0.0 0.0 0.0
0.0 0.0 0.0 0.0 0.0 4.47035e-07 0.00158119 0.0 0.0 0.0 0.0 0.0 0.0 0.0 0.0 0.0 0.0 0.126402 0.0 0.0 0.0 0.0 0.0 0.0 0.0 0.747071 0.0 0.0 0.0 0.0 0.0 0.0 0.0 8.9407e-08 0.0 0.0 0.0 0.0 0.0 0.0 0.00496346 0.0 0.0 0.0 8.9407e-08 0.0 0.0 0.0 0.0 0.0 0.0 0.0 0.0692508 1.7494e-05 0.0 0.0 0.0 0.0 0.0 0.0 3.8743e-07 0.0 0.0 0.0
0.0 0.0 0.0 0.0 0.0 0.0 0.0 0.0 0.0 0.0 0.0 0.0 0.0 0.0 1.49012e-07 0.0 0.0 0.0 0.0 0.0 0.0 0.0 0.0 0.0 0.0 0.0 0.178087 0.0 0.0 0.0 0.0 3.86238e-05 0.0 0.0 0.0 0.982838 2.38419e-07 0.0 0.0 0.0 0.0 8.9407e-08 2.38419e-07 0.0 0.0 0.0 7.6592e-06 0.0 9.23872e-07 0.0 0.0 0.0 0.0 0.0 0.000473052 0.0 0.0 0.0 0.0 0.0 0.0 0.0 0.0 0.0
0.0 0.0 0.0 0.0 0.0 0.0 0.0 0.0 0.0 0.0 0.0 0.0 0.0 0.0 0.0 0.0 0.0 0.0 0.0 0.0 0.0 0.0 0.0 0.0 0.0 5.06639e-07 0.0 0.0 0.0 0.0 0.0 0.0 0.0 0.0 0.0 0.0 0.0 0.0 0.0 0.0 0.0 0.0 0.0 0.0 1.19209e-07 2.73287e-05 0.0 0.0 0.0 0.0 0.0 0.0 1.49012e-07 1.14441e-05 0.0 0.0 0.0 0.0 0.0 0.0 0.999456 0.0 0.0 0.0
0.0 0.0 0.0 0.0 0.0 0.0 0.0 0.0 0.0 0.0 0.0 0.0 7.62939e-06 0.0 0.0 0.0 0.0 0.0 0.0 0.0 2.98023e-08 0.0 0.0 8.49366e-06 0.0 0.0 0.0 0.999745 0.0 0.0 1.49012e-07 0.0 7.62939e-06 0.0 0.0 0.0 0.0 0.0 0.0 0.0 0.0 0.0 0.0 0.0 0.0 0.0 0.0 0.0 0.0 0.0 0.0 0.0 0.0 0.0 0.0 0.0 0.0 2.75373e-05 0.0 0.0 0.0 0.0 0.0 0.0
0.0 0.0 0.0 0.0 0.0 0.0 0.0 0.0 0.0 0.0 0.0 0.0 0.0 0.0 0.0 0.0 0.0 0.0 0.0 0.0 0.0 0.0 0.0 0.0 0.0 0.0 0.0 0.0 0.0 0.0 0.0 0.0 0.0 0.0 0.0 0.0 0.0 0.0 0.0 0.999999 0.0 0.0 0.0 0.0 0.0 0.0 0.0 0.0 0.0 0.0 0.0 0.0 0.0 0.0 0.0 0.0 0.0 0.0 0.0 5.96046e-08 0.0 2.98023e-08 0.0 2.98023e-08
0.0 0.0 0.0 0.0 0.0 0.0 0.0 5.96046e-08 0.0 0.0 0.0 0.0 0.0151428 0.0 0.0 0.0 0.0 0.0 0.0 0.0 0.00942054 0.0 0.0 1.78814e-07 0.0 0.0 0.0 7.7486e-07 0.0 0.0 0.0 0.0 4.20213e-06 0.0 0.0 1.15633e-05 0.98329 0.0 0.0 0.0 0.0 0.0 0.0 0.0 0.0 0.0 0.0 0.0 0.0 0.0 2.98023e-08 0.0 0.0 0.0 0.0 0.0 0.0 8.9407e-08 0.0 0.0 0.0 0.0 0.0 0.0
0.0 0.961694 0.0 0.00078994 0.0004825 0.76609 9.29832e-05 0.0 0.0 0.0 0.0 0.0392712 0.0 0.0497209 0.0 0.0 0.0 0.0 0.0 0.0 0.0 0.0 0.984051 0.0 0.0 6.41346e-05 0.0 0.0 0.0 0.0 0.0 1.49012e-07 0.0 0.981772 0.0 0.0 0.0 0.0 0.0 0.0 0.0328062 0.000250101 0.0 0.0729034 0.945379 0.0 1.87755e-06 0.0 6.67572e-06 0.000573903 0.0 0.0 0.00239086 0.0260012 0.0 0.0 0.0 0.0 0.0 0.0 0.0 0.0 9.23872e-07 0.0
0.0 0.0 0.0 0.0 0.0 0.0 0.0 0.998147 0.0 0.0 0.0 0.0 3.27826e-07 0.0 0.0 0.0 0.0 0.0 0.0 0.0 7.7486e-07 0.0 0.0 0.0 0.0 0.0 0.0 0.0 0.0 0.0 0.0 0.0 0.0 0.0 0.0 0.0 3.33786e-06 0.0 0.0 0.0 0.0 0.0 0.0 0.0 0.0 0.0 0.0 0.0 0.0 0.0 0.755681 0.0 0.0 0.0 0.0 0.0 0.0 0.0 0.0 0.0 0.0 0.0 0.0 0.0
0.0 0.0 0.0 0.0 0.0 0.0 0.0 0.0 0.0 0.0 1.0 0.0 0.0 0.0 0.0 0.0 0.0 0.0 0.0 0.0 0.0 0.0 0.0 0.0 0.0 0.0 0.0 0.0 0.0 0.0 0.0 0.0 0.0 0.0 0.0 0.0 0.0 0.0 0.0 0.0 0.0 0.0 0.0 0.0 0.0 0.0 0.0 0.0 0.0 0.0 0.0 0.0 0.0 0.0 0.0 0.0 0.0 0.0 0.0 0.0 0.0 0.0 0.0 0.0
0.0 0.0 0.0 0.0 0.0 0.0 0.0 0.0 0.986585 0.0 0.0 0.0 0.0 0.0 0.0 0.0 0.982091 0.0 0.0 0.0 0.0 0.0 0.0 0.0 0.0 0.0 0.0 1.2219e-06 4.41074e-06 0.0 0.156714 0.0 0.0 0.0 0.0 0.0 0.0 0.976851 0.0 0.0 0.0 0.0 0.0 0.0 0.0 0.0 0.0 0.0 0.0 0.0 0.0 0.0 0.0 0.0 0.0 0.0 0.0 0.0 0.0 0.0 0.0 0.0 0.0 0.0
0.0 0.0025889 0.0 0.987479 5.0813e-05 0.0413372 1.19209e-06 0.0 0.0 0.0 0.0 0.0538731 0.0 5.06639e-06 3.27826e-07 0.0 0.0 0.0 0.0 0.0 0.0 0.0 0.00335443 0.0 0.0 8.9407e-08 0.0 0.0 0.0 0.0 0.0 2.5034e-06 0.0 0.00323418 0.0 0.0 0.0 0.0 0.0 0.0 9.80496e-06 0.00344416 0.0 2.39909e-05 2.16663e-05 0.0 2.563e-06 0.0 1.66893e-06 4.51207e-05 0.0 0.0 1.40071e-06 5.96046e-08 2.68221e-07 0.0 0.0 0.0 0.0 0.0 0.0 0.0 4.50015e-06 0.0
0.0 0.000402093 0.0 1.74046e-05 0.00595212 1.96695e-06 0.0 0.0 0.0 0.0 0.0 0.0146021 0.0 0.0969506 6.55651e-07 0.0 0.0 0.0 0.0 0.0 0.0 0.0 6.94096e-05 0.0 0.0 0.0 5.66244e-07 0.0 0.0 0.0 0.0 0.963179 0.0 2.38419e-05 0.0 5.96046e-08 0.0 0.0 0.0 0.0 0.0 0.602531 0.0174938 0.0717948 1.20401e-05 0.0 0.982206 0.0 0.93551 0.891398 0.0 0.0 0.0 1.49012e-07 0.182662 0.0 0.0 0.0 0.0 0.0 0.0 0.0 0.0 0.0
0.0 0.0 0.0 0.0 0.0 0.0 0.0 1.49012e-07 0.0 0.0 0.0 0.0 0.0873877 0.0 0.0 0.0 0.0 0.0 0.0 0.0 0.983286 0.0 0.0 0.0 0.0 0.0 0.0 6.4671e-06 0.0 0.0 0.0 0.0 4.12762e-05 0.0 0.0 2.5332e-06 0.0709355 0.0 0.0 0.0 0.0 0.0 0.0 0.0 0.0 0.0 0.0 0.0 0.0 0.0 3.57628e-07 0.0 0.0 0.0 0.0 0.0 0.0 3.27826e-07 0.0 0.0 0.0 0.0 0.0 0.0
0.0 0.0 0.0 0.0 0.0 0.0 0.0 0.0 0.733315 0.0 0.0 0.0 0.0 0.0 0.0 0.0 0.0234783 0.0 0.0 0.0 0.0 0.0 0.0 0.0 0.0 0.0 0.0 0.000895172 0.0 0.0 0.983278 0.0 0.0 0.0 0.0 0.0 0.0 0.195871 0.0 0.0 0.0 0.0 0.0 0.0 0.0 0.0 0.0 0.0 0.0 0.0 0.0 0.0 0.0 0.0 0.0 0.0 0.0 1.49012e-07 0.0 0.0 0.0 0.0 0.0 0.0
0.0 0.0 0.0 0.0 0.0 0.0 0.0 0.0 0.0 0.0 0.0 0.0 0.0 0.0 0.0 0.90251 0.0 0.0 0.0 0.0 0.0 0.0 0.0 0.0 0.000782847 0.0 0.0 0.0 0.0 0.0 0.0 0.0 0.0 0.0 0.0 0.0 0.0 0.0 0.0 2.74181e-06 0.0 0.0 0.0 0.0 0.0 0.0 0.0 0.816941 0.0 0.0 0.0 0.0 0.0 0.0 0.0 0.0 0.930019 0.0 4.07994e-05 0.8313 0.0 0.644438 0.0 0.314679
0.0 0.0 0.0 1.23382e-05 5.96046e-08 4.88758e-06 0.494969 0.0 0.0 0.723965 0.0 0.0 0.0 0.0 0.0 0.0 0.0 1.0 0.0 0.0 0.0 0.0 2.98023e-08 0.0 0.0 0.00449392 0.0 0.0 0.0 0.0 0.0 0.0 0.0 2.98023e-08 0.0 0.0 0.0 0.0 0.0 0.0 4.37498e-05 0.0 0.0 0.0 0.0 0.0 0.0 0.0 0.0 0.0 0.0 0.0 0.00016579 0.0 0.0 0.0 0.0 0.0 0.0 0.0 0.0 0.0 6.95586e-05 0.0
0.0 0.595065 0.0 0.0113547 2.53916e-05 0.984801 0.00256729 0.0 0.0 0.0 0.0 0.0121565 0.0 0.000596881 0.0 0.0 0.0 0.0 0.0 0.0 0.0 0.0 0.777063 0.0 0.0 0.000277579 0.0 0.0 0.0 0.0 0.0 0.0 0.0 0.81623 0.0 0.0 0.0 0.0 0.0 0.0 0.124251 1.66595e-05 0.0 0.00357524 0.166644 0.0 5.96046e-08 0.0 4.76837e-07 3.68357e-05 0.0 0.0 0.0111752 0.000692397 0.0 0.0 0.0 0.0 0.0 0.0 0.0 0.0 1.78814e-07 0.0
0.0 0.00103 0.0 7.39098e-06 1.49012e-07 0.134041 0.00175077 0.0 0.0 0.0 0.0 4.02331e-06 0.0 7.45058e-07 0.0 0.0 0.0 4.76837e-07 0.0 0.0 0.0 0.0 0.00746393 0.0 0.0 0.693205 0.0 0.0 0.0 0.0 0.0 0.0 0.0 0.0218335 0.0 0.0 0.0 0.0 0.0 0.0 0.983952 0.0 0.0 1.46031e-06 0.0413232 0.0 0.0 0.0 0.0 0.0 0.0 0.0 0.963591 0.0659226 0.0 0.0 0.0 0.0 0.0 0.0 3.27826e-07 0.0 0.0 0.0
0.0 0.708473 0.0 3.47793e-05 0.000160754 0.299151 0.00013122 0.0 0.0 0.0 0.0 0.00248182 0.0 0.00416988 0.0 0.0 0.0 0.0 0.0 0.0 0.0 0.0 0.76297 0.0 0.0 0.000963748 0.0 0.0 0.0 0.0 0.0 0.0 0.0 0.823683 0.0 0.0 0.0 0.0 0.0 0.0 0.256442 1.25766e-05 0.0 0.00696874 0.976535 0.0 1.78814e-07 0.0 3.57628e-07 2.89679e-05 0.0 0.0 0.0318814 0.415044 0.0 0.0 0.0 0.0 0.0 0.0 2.38419e-07 0.0 1.01328e-06 0.0
0.0 3.27826e-07 0.0 8.9407e-08 0.0 9.37879e-05 0.000196397 0.0 0.0 0.0 0.0 0.0 0.0 0.0 0.0 0.0 0.0 7.69198e-05 0.0 0.0 0.0 0.0 2.83122e-06 0.0 0.0 0.986014 0.0 0.0 0.0 0.0 0.0 0.0 0.0 1.09971e-05 0.0 0.0 0.0 0.0 0.0 0.0 0.445917 0.0 0.0 0.0 1.44243e-05 0.0 0.0 0.0 0.0 0.0 0.0 0.0 0.914095 0.00291345 0.0 0.0 0.0 0.0 0.0 0.0 2.71201e-06 0.0 0.0 0.0
0.999607 0.0 0.0 0.0 0.0 0.0 0.0 0.0 0.0 0.0 0.0 0.0 0.0 0.0 0.0 0.0 0.0 0.0 0.0 0.0 0.0 0.0 0.0 0.0 0.0 0.0 0.0 0.0 0.0 0.0 0.0 0.0 0.0 0.0 0.0 0.0 0.0 0.0 0.0 0.0 0.0 0.0 0.0 0.0 0.0 0.0 0.0 0.0 0.0 0.0 0.0 0.0 0.0 0.0 0.0 0.0 0.0 0.0 0.0 0.0 0.0 0.0 0.0 0.0
0.0 0.957141 0.0 0.00208285 0.000291437 0.923662 0.0002352 0.0 0.0 0.0 0.0 0.0320057 0.0 0.028537 0.0 0.0 0.0 0.0 0.0 0.0 0.0 0.0 0.991858 0.0 0.0 0.00085783 0.0 0.0 0.0 0.0 0.0 1.49012e-07 0.0 0.99034 0.0 0.0 0.0 0.0 0.0 0.0 0.426876 0.000147611 0.0 0.0442947 0.987343 0.0 1.07288e-06 0.0 3.78489e-06 0.000310838 0.0 0.0 0.0431657 0.179564 0.0 0.0 0.0 0.0 0.0 0.0 8.9407e-08 0.0 9.23872e-07 0.0
0.0 0.0 0.0 0.0 0.0 0.0 0.0 0.0 0.0 0.0 0.0 0.0 0.0 0.0 0.0 0.841439 0.0 0.0 0.0 0.0 0.0 0.0 0.0 0.0 0.000692517 0.0 0.0 0.0 0.0 0.0 0.0 0.0 0.0 0.0 0.0 0.0 0.0 0.0 0.0 3.51369e-05 0.0 0.0 0.0 0.0 0.0 0.0 0.0 0.657017 0.0 0.0 0.0 0.0 0.0 0.0 0.0 0.0 0.611715 0.0 1.74046e-05 0.725796 0.0 0.922441 0.0 0.597439
0.0 0.973456 0.0 0.00106785 0.000641793 0.833379 0.000228465 0.0 0.0 0.0 0.0 0.0536876 0.0 0.0626978 0.0 0.0 0.0 0.0 0.0 0.0 0.0 0.0 0.973254 0.0 0.0 4.56572e-05 0.0 0.0 0.0 0.0 0.0 2.68221e-07 0.0 0.970753 0.0 0.0 0.0 0.0 0.0 0.0 0.0194156 0.000420779 0.0 0.115872 0.948915 0.0 3.51667e-06 0.0 1.14441e-05 0.000902206 0.0 0.0 0.00156918 0.0567334 0.0 0.0 0.0 0.0 0.0 0.0 0.0 0.0 5.57303e-06 0.0
0.0 0.897223 0.0 0.000507474 0.000248551 0.909397 0.000700831 0.0 0.0 0.0 0.0 0.0122421 0.0 0.00755128 0.0 0.0 0.0 0.0 0.0 0.0 0.0 0.0 0.961736 0.0 0.0 0.0031611 0.0 0.0 0.0 0.0 0.0 0.0 0.0 0.98033 0.0 0.0 0.0 0.0 0.0 0.0 0.681413 3.53754e-05 0.0 0.0135579 0.988426 0.0 2.08616e-07 0.0 8.64267e-07 7.59959e-05 0.0 0.0 0.132935 0.388039 0.0 0.0 0.0 0.0 0.0 0.0 1.78814e-07 0.0 2.5928e-06 0.0
0.0 8.04663e-07 0.0 8.61287e-06 0.000627667 0.0 0.0 0.0 0.0 0.0 0.0 0.00107101 0.0 0.000276417 1.01328e-06 0.0 0.0 0.0 0.0 0.0 0.0 0.0 1.78814e-07 0.0 0.0 0.0 2.84314e-05 0.0 0.0 0.0 0.0 0.937078 0.0 2.98023e-08 0.0 4.14848e-05 0.0 0.0 0.0 0.0 0.0 0.117301 0.0168576 0.000200808 2.98023e-08 0.0 0.654007 0.0 0.124803 0.0288246 0.0 0.0 0.0 0.0 0.976387 0.0 0.0 0.0 0.0 0.0 0.0 0.0 8.9407e-08 0.0
0.0 5.57303e-06 0.0 3.07858e-05 9.82285e-05 2.44379e-06 0.0 0.0 0.0 0.0 0.0 4.10974e-05 0.0 8.9407e-08 0.0 0.0 0.0 0.0 0.0 0.0 0.0 0.0 1.3113e-06 0.0 0.0 0.0 0.0 0.0 0.0 0.0 0.0 0.0 0.0 1.46031e-06 0.0 0.0 0.0 0.0 0.0 0.0 0.0 1.57952e-06 0.0 1.10269e-06 3.99351e-06 0.0 0.0 0.0 0.0 0.0 0.0 0.0 0.0 0.0 0.0 0.0 0.0 0.0 0.0 0.0 0.0 0.0 0.998824 0.0
0.0 0.0 0.0 0.0 0.0 1.40071e-06 0.00080958 0.0 0.0 0.0 0.0 0.0 0.0 0.0 0.0 0.0 0.0 0.049363 0.0 0.0 0.0 0.0 0.0 0.0 0.0 0.906464 0.0 0.0 0.0 0.0 0.0 0.0 0.0 1.78814e-07 0.0 0.0 0.0 0.0 0.0 0.0 0.0148267 0.0 0.0 0.0 2.08616e-07 0.0 0.0 0.0 0.0 0.0 0.0 0.0 0.18075 5.22137e-05 0.0 0.0 0.0 0.0 0.0 0.0 1.2815e-06 0.0 0.0 0.0
0.0 3.02494e-05 0.0 1.64509e-05 0.00144792 1.19209e-07 0.0 0.0 0.0 0.0 0.0 0.0174774 0.0 0.00396267 2.08616e-06 0.0 0.0 0.0 0.0 0.0 0.0 0.0 4.91738e-06 0.0 0.0 0.0 4.05312e-06 0.0 0.0 0.0 0.0 0.987309 0.0 1.60933e-06 0.0 8.34465e-07 0.0 0.0 0.0 0.0 0.0 0.633436 0.00947899 0.00342727 7.7486e-07 0.0 0.955682 0.0 0.552378 0.306531 0.0 0.0 0.0 0.0 0.636422 0.0 0.0 0.0 0.0 0.0 0.0 0.0 0.0 0.0
0.0 0.0283056 0.0 0.0292497 0.0132345 0.000257641 0.0 0.0 0.0 0.0 0.0 0.803921 0.0 0.0241131 1.72853e-06 0.0 0.0 0.0 0.0 0.0 0.0 0.0 0.00623408 0.0 0.0 0.0 1.78814e-07 0.0 0.0 0.0 0.0 0.295717 0.0 0.00274375 0.0 0.0 0.0 0.0 0.0 0.0 5.96046e-08 0.979307 2.16961e-05 0.0275526 0.000442326 0.0 0.458491 0.0 0.236081 0.578204 0.0 0.0 0.0 8.64267e-07 0.00359014 0.0 0.0 0.0 0.0 0.0 0.0 0.0 5.0962e-06 0.0
0.0 0.0 0.0 0.0 0.0 0.0 0.0 0.222208 0.0 0.0 0.0 0.0 0.0 0.0 0.0 0.0 0.0 0.0 0.0 0.0 2.08616e-07 0.0 0.0 0.0 0.0 0.0 0.0 0.0 0.0 0.0 0.0 0.0 0.0 0.0 0.0 0.0 4.47035e-07 0.0 0.0 0.0 0.0 0.0 3.60608e-06 0.0 0.0 0.0 0.0 0.0 0.0 0.0 0.992608 0.0 0.0 0.0 0.0 0.0 0.0 0.0 0.0 0.0 0.0 0.0 0.0 0.0
0.0 0.0 0.0 0.0 0.0 0.0 0.0 0.0 0.0 0.0 0.0 0.0 0.0 0.0 0.0 0.963566 0.0 0.0 0.0 0.0 0.0 0.0 0.0 0.0 0.00153655 0.0 0.0 0.0 0.0 0.0 0.0 0.0 0.0 0.0 0.0 0.0 0.0 0.0 0.0 1.8239e-05 0.0 0.0 0.0 0.0 0.0 0.0 0.0 0.89828 0.0 0.0 0.0 0.0 0.0 0.0 0.0 0.0 0.872608 0.0 2.50638e-05 0.912208 0.0 0.822321 0.0 0.629693
0.0 0.0 0.0 0.0 0.0 0.0 0.0 2.98023e-08 0.0 0.0 0.0 0.0 0.241435 0.0 0.0 0.0 0.0 0.0 0.0 0.0 0.000252545 0.0 0.0 0.0 0.0 0.0 0.0 0.000490427 0.0 0.0 0.0 0.0 0.990178 0.0 0.0 0.0 8.4132e-05 0.0 0.0 0.0 0.0 0.0 0.0 0.0 0.0 0.0 0.0 0.0 0.0 0.0 0.0 0.0 0.0 0.0 0.0 0.0 0.0 0.0114893 0.0 0.0 0.0 0.0 0.0 0.0
0.0 0.0 0.0 0.0 0.0 0.0 0.0 0.0 0.0 0.0 0.0 0.0 0.0 0.0 0.0 0.0305862 0.0 0.0 0.0 0.0 0.0 0.0 0.0 0.0 0.00164822 0.0 0.0 0.0 0.0 0.0 0.0 0.0 0.0 0.0 0.0 0.0 0.0 0.0 0.0 7.39098e-06 0.0 0.0 0.0 0.0 0.0 0.0 0.0 0.130534 0.0 0.0 0.0 0.0 0.0 0.0 0.0 0.0 0.104706 0.0 0.000684738 0.297694 0.0 0.342853 0.0 0.929709
0.0 0.0 0.0 0.0 0.0 0.0 0.0 0.0 0.992409 0.0 0.0 0.0 0.0 0.0 0.0 0.0 0.959004 0.0 0.0 0.0 0.0 0.0 0.0 0.0 0.0 0.0 0.0 6.88434e-06 1.78814e-07 0.0 0.496458 0.0 0.0 0.0 0.0 0.0 0.0 0.979878 0.0 0.0 0.0 0.0 0.0 0.0 0.0 0.0 0.0 0.0 0.0 0.0 0.0 0.0 0.0 0.0 0.0 0.0 0.0 0.0 0.0 0.0 0.0 0.0 0.0 0.0
0.0 0.0 0.0 1.84774e-06 0.0 5.96046e-08 0.0 0.0 0.0 0.0 0.0 2.5928e-06 0.0 0.0 0.989944 0.0 0.0 0.0 0.0 0.0 0.0 0.0 0.0 0.0 0.0 0.0 1.95503e-05 0.0 0.0 0.0 0.0 8.9407e-06 0.0 0.0 0.0 0.0 0.0 0.0 0.0 0.0 0.0 3.06964e-06 0.0 0.0 0.0 0.0 3.57628e-07 0.0 5.96046e-08 2.98023e-08 0.0 0.0 0.0 0.0 1.19209e-07 0.0 0.0 0.0 0.0 0.0 0.0 0.0 0.0 0.0
0.0 0.0 0.0 0.0 0.0 0.0 0.0 0.0 0.0 0.0 0.0 0.0 0.0 0.0 0.0 0.13023 0.0 0.0 0.0 0.0 0.0 0.0 0.0 0.0 0.999953 0.0 0.0 0.0 0.0 0.0 0.0 0.0 0.0 0.0 0.0 0.0 0.0 0.0 0.0 4.38094e-06 0.0 0.0 0.0 0.0 0.0 0.0 0.0 0.14356 0.0 0.0 0.0 0.0 0.0 0.0 0.0 0.0 0.163547 0.0 8.10921e-05 0.272802 0.0 0.173224 0.0 0.546643
0.0 0.0193825 0.0 5.09024e-05 0.994533 0.000564963 1.78814e-07 0.0 0.0 0.0 0.0 0.0145727 0.0 0.143951 0.0 0.0 0.0 0.0 0.0 0.0 0.0 0.0 0.00356221 0.0 0.0 0.0 0.0 0.0 0.0 0.0 0.0 0.000297695 0.0 0.00158554 0.0 0.0 0.0 0.0 0.0 0.0 1.01328e-06 0.0118936 5.96046e-08 0.741806 0.0169376 0.0 0.00730291 0.0 0.00869492 0.0835092 0.0 0.0 1.19209e-07 6.38366e-05 1.45733e-05 0.0 0.0 0.0 0.0 0.0 0.0 0.0 0.000488907 0.0
0.0 0.0 0.0 0.0 0.0 0.0 0.0 0.0 0.0 0.0 0.0 0.0 0.0 0.0 0.0 0.0 0.0 0.0 0.0 0.0 0.0 0.999333 0.0 0.0 0.0 0.0 0.0 0.0 0.0 0.0 0.0 0.0 0.0 0.0 0.0 0.0 0.0 0.0 0.0 0.0 0.0 0.0 0.0 0.0 0.0 0.0 0.0 0.0 0.0 0.0 0.0 0.0 0.0 0.0 0.0 0.0 0.0 0.0 1.49012e-07 0.0 0.0 0.0 0.0 0.0
0.0 0.0 0.0 0.0 0.0 0.0 0.0 0.0 0.0 0.0 0.0 0.0 0.0 0.0 0.0 0.0 0.0 0.0 0.0 0.0 0.0 0.0 0.0 0.0 0.0 0.0 0.0 0.998595 0.0 0.0 0.0 0.0 0.0 0.0 0.0 0.0 0.0 0.0 0.0 0.0 0.0 0.0 0.0 0.0 0.0 0.00370723 0.0 0.0 0.0 0.0 0.0 0.0 0.0 0.0 0.0 0.0 0.0 0.0 0.0 0.0 0.0 0.0 0.0 0.0
0.0 0.915564 0.0 0.0 0.0 0.772019 0.0 0.0020926 0.0 0.0 0.000382721 0.0 0.0 0.00496855 5.96046e-08 0.0 0.0 0.0 0.0 0.0 0.0 0.0 1.63913e-05 0.0 0.0 0.00309774 0.0 0.0 0.0 0.0 0.0 0.0 4.02331e-06 0.98579 0.0 0.0 0.0 0.0 0.0 0.0 0.0 0.0 0.00257444 0.000733644 0.953141 0.0 0.0647066 0.0 6.43432e-05 0.000729561 0.0 0.0 7.72476e-05 0.0 0.0 0.0 0.0 0.0 0.0 0.0 0.0 0.0 0.0 0.0
0.0 0.0 2.38419e-07 0.0 0.0 0.0 0.0 0.0 0.0 0.0 0.0 0.0 0.0 0.0 0.0 0.999925 0.0 0.0 0.0 2.98023e-08 0.0 0.0 0.0 0.0 0.0 0.0 0.0 0.0 0.0 0.0 0.0 0.0 0.0 0.0 0.0 0.0 0.0 0.0 0.0 0.0 0.0 0.0 0.0 0.0 0.0 0.0 0.0 0.0 0.0 0.0 0.0 0.0 0.0 0.0 0.0 0.0 0.0 0.0 0.0 0.0 0.0 0.0 0.0 0.0
0.0 0.096277 0.0 0.0 0.0 0.0238831 0.0 0.0816547 0.0 0.0 0.012001 0.0 0.0 8.11815e-05 3.30806e-06 0.0 0.0 0.0 0.0 0.0 0.0 0.0 0.00182876 0.0 0.0 0.102335 0.0 0.0 0.0 0.0 0.0 0.0 5.96046e-08 0.592459 0.0 0.0 0.0 0.0 0.0 0.0 0.0 0.0 7.26283e-05 2.70605e-05 0.125326 0.0 0.000667512 0.0 2.38419e-06 2.19047e-05 0.0 0.0 0.00585067 0.0 0.0 0.0 0.0 0.0 0.0 0.0 0.0 0.0 0.0 0.0
0.0 5.96046e-08 0.0 0.00786433 0.536756 0.0 0.0 0.0 0.0 0.0 0.0 0.982698 1.42157e-05 0.00274262 0.0 0.0 0.0 0.0 0.0 0.0 0.000835061 0.0 5.96046e-08 0.0 0.0 0.0 0.0 0.0 0.0 0.0 0.0 0.812739 3.8743e-07 0.0 0.0 5.96046e-08 1.2219e-06 0.0 0.0 0.0 0.0 0.814737 4.33624e-05 0.000166506 0.0 0.0 4.47035e-06 0.0 0.00211233 0.000181496 1.3113e-06 0.0 0.0 0.230108 0.0 0.0 0.0 0.0 0.0 0.0 0.0 0.0 0.0 0.0
0.0 2.05636e-06 0.0 0.0 0.0 8.04663e-07 0.0 0.42298 0.0 0.0 0.982965 0.0 0.0 0.0 0.0 0.0 0.0 0.0 0.0 0.0 0.0 0.0 1.78814e-07 0.0 0.0 0.988053 0.0 0.0 0.0 0.0 0.0 0.0 0.0 0.000107437 0.0 0.0 0.0 0.0 0.0 0.0 0.0 0.0 0.0 0.0 9.62615e-06 0.0 0.0 0.0 0.0 0.0 0.0 0.0 0.971589 0.0 0.0 0.0 0.0 0.0 0.0 0.0 0.0 0.0 0.0 0.0
0.0 0.0 0.0 0.0 0.0 0.0 0.0 1.19209e-06 0.0 0.0 0.0 0.0 0.0 0.0 5.96046e-08 0.0 0.0 0.0 0.0 0.0 0.0 0.0 0.0 0.0 0.0 0.0 0.0 0.0 0.0 0.0 0.0 0.0 0.0 0.0 0.0 0.0 0.0 0.0 0.0 0.0 0.0 0.0 0.0 0.0 0.0 0.0 0.0 0.0 0.0 0.0 0.0 0.0 0.0 0.0 0.0 0.0 0.0 0.0 0.0 0.0 1.54972e-06 0.0 0.0 0.0
0.0 0.0 0.0 0.988998 0.45663 0.0 0.0 0.0 0.0 0.0 0.0 0.0118001 0.160952 3.01003e-06 0.0 0.0 0.0 0.0 0.0 0.0 0.879408 0.0 0.0 0.0 0.0 0.0 0.0 0.0 0.0 0.0 0.0 0.00525111 3.89516e-05 0.0 0.0 0.000610113 0.010148 0.0 0.0 0.0 0.0 0.413815 0.0 5.96046e-08 0.0 0.0 0.0 0.0 1.19209e-06 1.19209e-07 0.0 0.0 0.0 0.00985989 2.49445e-05 0.0 0.0 0.0 0.0 0.0 0.0 0.0 0.0 0.0
0.0 0.0 0.0 0.0 0.0 0.0 0.0 0.0 9.48906e-05 0.0 0.0 0.0 0.0 0.0 0.0 0.0 0.0 5.96046e-08 0.0 0.0 0.0 0.0 0.0 0.0 0.0 0.0 0.0 0.0 0.0 0.0 0.0 0.0 0.0 0.0 0.990735 0.0 0.0 0.0350471 0.913884 0.0 0.0 0.0 0.0 0.0 0.0 0.0 0.0 0.0 0.0 0.0 0.0 0.0 0.0 0.0 0.0 0.0 0.0 0.0 0.0 0.0 0.0 0.0 0.0 0.0
0.0 0.0 0.0 0.0 0.0 0.0 0.0 0.0 0.0 0.0 0.0 0.0 0.0 0.0 0.0 0.0 0.0 0.0 0.0 0.0 0.0 0.0 0.0 0.0 0.0 0.0 0.0 0.0 0.0 0.0 0.0 0.0 0.0 0.0 0.0 0.0 0.0 0.0 0.0 0.0 0.0 0.0 0.0 0.0 0.0 0.0 0.0 0.0 0.0 0.0 0.0 0.999995 0.0 0.0 0.0 1.19209e-07 0.0 0.0 0.0 0.0 0.0 0.0 0.0 0.0
0.0 0.0 0.0 0.0 0.0 0.0 0.0 0.0 3.03984e-06 0.0 0.0 0.0 0.0 0.0 0.0 0.0 0.0 1.0 0.0 0.0 0.0 0.0 0.0 0.0 0.0 0.0 0.0 0.0 0.0 0.0 0.0 0.0 0.0 0.0 0.00210252 0.0 0.0 0.00179249 0.000331074 0.0 0.0 0.0 0.0 0.0 0.0 0.0 0.0 0.0 0.0 0.0 0.0 0.0 0.0 0.0 0.0 0.0 0.0 0.0 0.0 0.0 0.0 0.0 0.0 0.0
0.0 0.0 0.0 0.0609514 0.593009 0.0 0.0 0.0 0.0 0.0 0.0 0.597031 0.000653565 1.35005e-05 0.0 0.0 0.0 0.0 0.0 0.0 0.03627 0.0 0.0 0.0 0.0 0.0 0.0 0.0 0.0 0.0 0.0 0.0129537 0.0 0.0 0.0 1.7345e-05 0.000217527 0.0 0.0 0.0 0.0 0.610611 2.08616e-07 6.85453e-07 0.0 0.0 0.0 0.0 8.34465e-06 7.15256e-07 1.46031e-06 0.0 0.0 0.981456 9.53674e-07 0.0 0.0 0.0 0.0 0.0 0.0 0.0 0.0 0.0
0.0 0.0 0.0 0.186383 0.0149858 0.0 0.0 0.0 0.0 0.0 0.0 3.80278e-05 0.975665 0.0 0.0 0.0 0.0 0.0 0.0 0.0 0.996661 0.0 0.0 0.0 0.0 0.0 0.0 0.0 0.0 0.0 0.0 2.68221e-07 0.0 0.0 0.0 0.903978 0.985202 0.0 0.0 0.0 0.0 0.00596616 0.0 0.0 0.0 0.0 0.0 0.0 0.0 0.0 0.0 0.0 0.0 0.00123873 0.546168 0.0 0.0 0.0 0.0 0.0 0.0 0.0 0.0 0.0
0.0 0.31276 0.0 0.0 0.0 0.429645 0.0 0.0 0.0 0.0 0.0 1.25468e-05 0.0 0.996652 8.9407e-08 0.0 0.0 0.0 0.0 0.0 0.0 0.0 7.45058e-07 0.0 0.0 0.0 0.0 0.0 0.0 0.0 0.0 0.00701448 0.000475615 0.0170086 0.0 0.0 0.0 0.0 0.0 0.0 0.0 0.0 0.984813 0.925572 0.0917116 0.0 0.97353 0.0 0.904427 0.987042 0.0 0.0 0.0 2.98023e-08 0.0 0.0 0.0 0.0 0.0 0.0 0.0 0.0 0.0 0.0
0.0 8.64267e-07 0.0 0.0 0.0 2.98023e-07 0.0 0.987381 0.0 0.0 0.516135 0.0 0.0 0.0 0.0 0.0 0.0 0.0 0.0 0.0 0.0 0.0 0.0 0.0 0.0 0.314015 0.0 0.0 0.0 0.0 0.0 0.0 0.0 3.48389e-05 0.0 0.0 0.0 0.0 0.0 0.0 0.0 0.0 0.0 0.0 4.35114e-06 0.0 0.0 0.0 0.0 0.0 0.0 0.0 0.0951568 0.0 0.0 0.0 0.0 0.0 0.0 0.0 2.38419e-07 0.0 0.0 0.0
0.0 0.0 0.0 0.0 0.0 0.0 0.0 0.0 0.0 0.0 0.0 0.0 0.0 0.0 0.0 0.0 0.0 0.0 0.0 0.999991 0.0 0.0 0.0 0.0 0.0 0.0 0.0 0.0 0.0 0.0 0.0 0.0 0.0 0.0 0.0 0.0 0.0 0.0 0.0 0.0 0.0 0.0 0.0 0.0 0.0 0.0 0.0 0.0 0.0 0.0 0.0 0.0 0.0 0.0 0.0 0.0 0.0 0.0 0.0 0.0 0.0 0.0 0.0 0.0
0.0 0.0 0.0 0.0 0.0 0.0 0.0 0.0 0.0 0.0 0.0 0.0 0.0 0.0 0.0 0.0 0.982668 0.0 0.0 0.0 0.0 0.0 0.0 0.00160855 0.0 0.0 0.0 0.0 0.0 0.0 0.983186 0.0 0.0 0.0 0.0 0.0 0.0 0.00286236 0.0 0.0 0.0 0.0 0.0 0.0 0.0 0.0 0.0 0.0 0.0 0.0 0.0 0.0 0.0 0.0 0.0 0.0 0.0 2.98023e-08 0.0 0.0 0.0 0.0 0.0 0.0
0.0 0.0 0.0 0.0 0.0 0.0 0.0 0.0171881 0.0 0.0 0.203226 0.0 0.0 0.0 0.0 0.0 0.0 0.0 0.0 0.0 0.0 0.0 0.0 0.0 0.0 0.0252367 0.0 0.0 0.0 0.0 0.0 0.0 0.0 0.0 0.0 0.0 0.0 0.0 0.0 0.0 0.0 0.0 0.0 0.0 0.0 0.0 0.0 0.0 0.0 0.0 0.0 0.0 0.546627 0.0 0.0 0.0 0.0 0.0 0.0 0.0 0.0 0.0 0.0 0.0
0.970949 0.0 0.0 0.0 0.0 0.0 0.0 0.0 0.0 0.0 0.0 0.0 0.0 0.0 0.0 0.0 0.0 0.0 0.0 0.0 0.0 0.0 0.0 0.0 0.0 0.0 0.0 0.0 0.0 0.0 0.0 0.0 0.0 0.0 0.0 0.0 0.0 0.0 0.0 0.0 0.0 0.0 0.0 0.0 0.0 0.0 0.0 0.0 0.0 0.0 0.0 0.0 0.0 0.0 0.0 0.0 0.0 0.0 0.0 0.0 0.0 0.0 0.0 0.0
0.0 0.0 0.0 0.0 0.0 0.0 0.0 0.0 0.0 0.0 0.0 0.0 0.0 0.0 0.0 0.0 0.0 0.0 0.0 0.0 0.0 0.0 0.0 0.0 0.0 0.0 0.0 0.00872526 0.0 0.0 0.0 0.0 0.0 0.0 0.0 0.0 0.0 0.0 0.0 0.0 0.0 0.0 0.0 0.0 0.0 0.997474 0.0 0.0 0.0 0.0 0.0 0.0 0.0 0.0 0.0 0.0 0.0 0.0 0.0 0.0 0.0 0.0 0.0 0.0
0.0 0.0 0.0 0.670264 0.0789613 0.0 0.0 0.0 0.0 0.0 0.0 0.000354469 0.98217 0.0 0.0 0.0 0.0 0.0 0.0 0.0 0.998022 0.0 0.0 0.0 0.0 0.0 0.0 0.0 0.0 0.0 0.0 6.22869e-06 1.19209e-07 0.0 0.0 0.472379 0.896584 0.0 0.0 0.0 0.0 0.043258 0.0 0.0 0.0 0.0 0.0 0.0 0.0 0.0 0.0 0.0 0.0 0.0027799 0.023158 0.0 0.0 0.0 0.0 0.0 0.0 0.0 0.0 0.0
0.0 0.0 0.0 0.0 0.0 0.0 0.0 0.0 0.0 0.0 0.0 0.0 0.0 0.0 0.0 0.0 0.0 0.0 0.0 0.0 0.0 0.0 0.0 0.0 0.0 0.0 0.0 0.0 0.0 0.0 0.0 0.0 0.0 0.0 0.0 0.0 0.0 0.0 0.0 0.0 0.0 0.0 0.0 0.0 0.0 0.0 0.0 0.0 0.0 0.0 0.0 0.0 0.0 0.0 0.0 0.999984 0.0 0.0 0.0 0.0 8.9407e-08 0.0 0.0 0.0
0.0 0.829061 0.0 0.0 0.0 0.760427 0.0 0.00053373 0.0 0.0 0.000508964 0.0 0.0 0.0105338 5.96046e-08 0.0 0.0 0.0 0.0 0.0 0.0 0.0 1.95801e-05 0.0 0.0 0.00351655 0.0 0.0 0.0 0.0 0.0 2.98023e-08 9.53674e-07 0.948026 0.0 0.0 0.0 0.0 0.0 0.0 0.0 0.0 0.00655633 0.00218904 0.826295 0.0 0.0830684 0.0 0.000199556 0.00205114 0.0 0.0 0.000108927 0.0 0.0 0.0 0.0 0.0 0.0 0.0 0.0 0.0 0.0 0.0
0.0 0.0 0.0 0.0 0.0 0.0 0.983021 0.0 0.0 0.0 0.0 0.0 0.0 0.0 0.0 0.0 0.0 0.0 0.0 0.0 0.0 0.0 0.0 0.0 0.0 0.0 0.0 0.0 0.0 0.0 0.0 0.0 0.0 0.0 0.0 0.0 0.0 0.0 0.0 0.0 0.0 0.0 0.0 0.0 0.0 0.0 0.0 0.0 0.0 0.0 3.74615e-05 0.0 0.0 0.0 0.0 0.0 0.0 0.0 0.0 0.0 0.0 0.0 0.0 0.0
0.0 0.0 0.0 0.0 0.0 0.0 0.0 0.0 2.86102e-05 0.0 0.0 0.0 0.0 0.0 0.0 0.0 0.0 0.0 0.0 0.0 0.0 0.996565 0.0 0.0 0.158815 0.0 0.0 0.0 0.0 0.0 0.0 0.0 0.0 0.0 0.0 0.0 0.0 0.0 0.0 0.0 0.0 0.0 0.0 0.0 0.0 0.0 0.0 0.0 0.0 0.0 0.0 0.0 0.0 0.0 0.0 0.0 0.0 0.0 0.0 0.0 0.0 0.0 0.0 1.49012e-07
0.0 2.98023e-07 0.0 0.0 0.0 1.78814e-07 0.0 0.30597 0.0 0.0 0.983387 0.0 0.0 0.0 0.0 0.0 0.0 0.0 0.0 0.0 0.0 0.0 0.0 0.0 0.0 0.972052 0.0 0.0 0.0 0.0 0.0 0.0 0.0 1.56164e-05 0.0 0.0 0.0 0.0 0.0 0.0 0.0 0.0 0.0 0.0 1.43051e-06 0.0 0.0 0.0 0.0 0.0 0.0 0.0 0.980505 0.0 0.0 0.0 0.0 0.0 0.0 0.0 0.0 0.0 0.0 0.0
0.0 0.0 0.0 9.23872e-07 0.000107408 0.0 1.04904e-05 0.0 0.0 0.0 0.0 0.00660667 1.49012e-07 1.93715e-06 0.0 0.0 0.0 0.0 0.0 0.0 3.06964e-06 0.0 0.0 0.0 0.0 0.0 0.0 0.0 0.0 0.0 0.0 0.000108242 0.0 0.0 0.0 0.0 1.19209e-07 0.0 0.0 0.0 0.0 0.000144184 8.9407e-08 1.10269e-06 0.0 0.0 0.0 0.0 4.11272e-06 2.98023e-07 0.00248057 0.0 0.0 0.00316298 8.9407e-08 0.0 0.0 0.0 0.0 0.0 0.0 0.0 0.0 0.0
0.0 0.0 0.0 0.0 0.0 0.0 0.0 0.0 0.0 0.0 0.0 0.0 0.0 0.0 0.0 0.0 0.0 0.0 0.0 0.0 0.0 0.0 0.0 0.0 0.0 0.0 0.00312933 0.0 0.0 0.0 0.0 0.0 0.0 0.0 0.0 0.0 8.9407e-08 0.0 0.0 0.0 0.0 0.0 0.0 0.0 0.0 0.0 0.0 0.0 0.0 0.0 0.0 0.0 0.0 0.0 2.98023e-07 0.0 0.0 0.9938 0.0 0.0 0.0 0.0 0.0 0.0
0.0 0.0 0.0 0.0 0.0 0.0 0.0 0.0 0.0 0.0 0.0 0.0 0.0 0.0 0.0 0.0 0.000150949 0.0 0.0 0.0 0.0 0.0 0.0 0.997313 0.0 0.0 1.19209e-07 0.0 0.0 0.0 7.87079e-05 0.0 0.0 0.0 0.0 0.0 0.0 1.19209e-07 0.0 0.0 0.0 0.0 0.0 0.0 0.0 0.0 0.0 0.0 0.0 0.0 0.0 0.0 0.0 0.0 0.0 0.0 0.0 0.0 0.0 0.0 0.0 0.0 0.0 0.0
0.0 0.0 0.998763 0.0 0.0 0.0 0.0 0.0 0.0 0.0 0.0 0.0 0.0 0.0 0.0 5.96046e-08 0.0 0.0 0.0 0.0 0.0 0.0 0.0 0.0 0.0 0.0 0.0 0.0 0.0 0.0 0.0 0.0 0.0 0.0 0.0 0.0 0.0 0.0 0.0 0.0 0.0 0.0 0.0 0.0 0.0 0.0 0.0 0.0 0.0 0.0 0.0 0.0 0.0 0.0 0.0 0.0 0.0 0.0 0.0 0.0 0.0 0.0 0.0 0.0
0.0 0.0 0.0 0.00347158 0.000323355 0.0 0.0 0.0 0.0 0.0 0.0 7.45058e-07 0.46386 0.0 0.0 0.0 0.0 0.0 0.0 0.0 0.792493 0.0 0.0 0.0 0.0 0.0 3.27826e-07 0.0 0.0 0.0 0.0 0.0 0.0 0.0 0.0 0.971589 0.914087 0.0 0.0 0.0 0.0 8.21352e-05 0.0 0.0 0.0 0.0 0.0 0.0 0.0 0.0 3.27826e-07 0.0 0.0 0.000126541 0.986808 0.0 0.0 0.0 0.0 0.0 0.0 0.0 0.0 0.0
0.0 0.629373 0.0 0.0 0.0 0.711944 0.0 5.96046e-08 0.0 0.0 0.0 3.93391e-06 0.0 0.993764 1.19209e-07 0.0 0.0 0.0 0.0 0.0 0.0 0.0 2.23517e-06 0.0 0.0 1.19209e-07 0.0 0.0 0.0 0.0 0.0 0.00218284 0.000364125 0.0770434 0.0 0.0 0.0 0.0 0.0 0.0 0.0 2.98023e-08 0.981365 0.922861 0.276558 0.0 0.971892 0.0 0.829717 0.976367 0.0 0.0 0.0 0.0 0.0 0.0 0.0 0.0 0.0 0.0 0.0 0.0 0.0 0.0
0.0 0.0 0.0 0.0193549 0.00249907 0.0 0.0 0.0 0.0 0.0 0.0 5.1856e-06 0.829286 0.0 0.0 0.0 0.0 0.0 0.0 0.0 0.966458 0.0 0.0 0.0 0.0 0.0 0.0 0.0 0.0 0.0 0.0 2.98023e-08 0.0 0.0 0.0 0.988834 0.900706 0.0 0.0 0.0 0.0 0.000602931 0.0 0.0 0.0 0.0 0.0 0.0 0.0 0.0 0.0 0.0 0.0 0.000718951 0.901165 0.0 0.0 0.0 0.0 0.0 0.0 0.0 0.0 0.0
0.0 0.0 0.0 0.0 0.0 0.0 0.0 0.0 2.60472e-05 0.0 0.0 0.0 0.0 0.0 0.0 0.0 0.0 0.0 0.0 0.0 0.0 0.0 0.0 0.0 0.0 0.0 0.0 0.0 0.000265747 0.0 0.0 0.0 0.0 0.0 1.19209e-07 0.0 0.0 3.57628e-07 1.78814e-07 0.0 1.0 0.0 0.0 0.0 0.0 0.0 0.0 0.0 0.0 0.0 0.0 0.0 0.0 0.0 0.0 0.0 0.0 0.0 0.0 0.0 0.0 0.0 0.0 0.0
0.0 0.0 0.0 0.0 0.0 0.0 0.0 0.0 0.000385612 0.0 0.0 0.0 0.0 0.0 0.0 0.0 0.0 0.0 0.0 0.0 0.0 0.0 0.0 0.0 0.0 0.0 0.0 0.0 0.0 0.0 0.0 0.0 0.0 0.0 0.869505 0.0 0.0 0.0667983 0.986494 0.0 0.0 0.0 0.0 0.0 0.0 0.0 0.0 0.0 0.0 0.0 0.0 0.0 0.0 0.0 0.0 0.0 0.0 0.0 0.0 0.0 0.0 0.0 0.0 0.0
0.0 0.0 0.0 0.192875 0.711091 0.0 0.0 0.0 0.0 0.0 0.0 0.952969 0.000138074 0.00362459 0.0 0.0 0.0 0.0 0.0 0.0 0.00852498 0.0 0.0 0.0 0.0 0.0 0.0 0.0 0.0 0.0 0.0 0.853884 7.03335e-06 0.0 0.0 1.3113e-06 2.56002e-05 0.0 0.0 0.0 0.0 0.91675 4.75943e-05 0.00014922 0.0 0.0 4.32134e-06 0.0 0.0015474 0.000218451 1.51992e-06 0.0 0.0 0.105164 1.19209e-07 0.0 0.0 0.0 0.0 0.0 0.0 0.0 0.0 0.0
0.0 0.0 0.0 0.346473 0.964837 0.0 0.0 0.0 0.0 0.0 0.0 0.919305 0.00128585 0.000130892 0.0 0.0 0.0 0.0 0.0 0.0 0.0749584 0.0 0.0 0.0 0.0 0.0 0.0 0.0 0.0 0.0 0.0 0.386196 2.47359e-06 0.0 0.0 5.78165e-06 0.000104517 0.0 0.0 0.0 0.0 0.984164 1.99676e-06 7.21216e-06 0.0 0.0 1.78814e-07 0.0 9.68277e-05 8.61287e-06 1.49012e-07 0.0 0.0 0.27834 1.49012e-07 0.0 0.0 0.0 0.0 0.0 0.0 0.0 0.0 0.0
0.0 0.0 0.0 0.0 0.0 0.0 0.0 0.0 0.0 0.0 0.0 0.0 0.0 0.0 0.0 0.0 0.983338 0.0 0.0 0.0 0.0 0.0 0.0 0.000931978 0.0 0.0 0.0 0.0 0.0 0.0 0.983799 0.0 0.0 0.0 0.0 0.0 0.0 0.00284499 0.0 0.0 0.0 0.0 0.0 0.0 0.0 0.0 0.0 0.0 0.0 0.0 0.0 0.0 0.0 0.0 0.0 0.0 0.0 0.0 0.0 0.0 0.0 0.0 0.0 0.0
0.0 0.0 0.0 0.0 4.76837e-07 0.0 4.27067e-05 0.0 0.0 0.0 0.0 4.61936e-06 0.0 0.0 0.0 0.0 0.0 0.0 0.0 0.0 2.98023e-08 0.0 0.0 0.0 0.0 0.0 0.0 0.0 0.0 0.0 0.0 8.9407e-08 0.0 0.0 0.0 0.0 8.9407e-08 0.0 0.0 0.0 0.0 9.53674e-07 0.0 0.0 0.0 0.0 0.0 0.0 0.0 0.0 0.983837 0.0 0.0 1.01328e-05 8.9407e-08 0.0 0.0 0.0 0.0 0.0 0.0 0.0 0.0 0.0
0.0 0.0 0.0 0.0 0.0 0.0 0.0 0.0 0.0 0.0 0.0 0.0 0.0 0.0 0.0 0.0 0.0 0.0 0.0 0.0 0.0 0.0 0.0 0.0 0.0 0.0 0.0 0.0 0.0 0.0 0.0 0.0 0.0 0.0 0.0 0.0 0.0 0.0 0.0 2.38419e-07 0.0 0.0 0.0 0.0 0.0 0.0 0.0 0.905922 0.0 0.0 0.0 0.0 0.0 0.0 0.0 0.0 1.49012e-07 0.0 0.896423 2.74181e-06 0.0 0.907348 0.0 0.0267462
0.0 0.00106087 0.0 0.0 0.0 0.000466317 0.0 0.348993 0.0 0.0 0.948735 0.0 0.0 2.38419e-07 0.0 0.0 0.0 0.0 0.0 0.0 0.0 0.0 2.95043e-06 0.0 0.0 0.986875 0.0 0.0 0.0 0.0 0.0 0.0 0.0 0.0468454 0.0 0.0 0.0 0.0 0.0 0.0 0.0 0.0 2.08616e-07 0.0 0.00456223 0.0 5.24521e-06 0.0 0.0 2.98023e-08 0.0 0.0 0.860621 0.0 0.0 0.0 0.0 0.0 0.0 0.0 0.0 0.0 0.0 0.0
0.0 0.980538 0.0 0.0 0.0 0.893211 0.0 7.97212e-05 0.0 0.0 9.53674e-06 0.0 0.0 0.207328 1.19209e-07 0.0 0.0 0.0 0.0 0.0 0.0 0.0 1.51098e-05 0.0 0.0 7.68602e-05 0.0 0.0 0.0 0.0 0.0 2.08616e-07 2.3365e-05 0.973742 0.0 0.0 0.0 0.0 0.0 0.0 0.0 0.0 0.0879161 0.0295964 0.97955 0.0 0.580713 0.0 0.00271234 0.0298739 0.0 0.0 1.87755e-06 0.0 0.0 0.0 0.0 0.0 0.0 0.0 0.0 0.0 0.0 0.0
0.0 0.987034 0.0 0.0 0.0 0.985268 0.0 2.23517e-06 0.0 0.0 1.78814e-07 1.19209e-07 0.0 0.977522 3.27826e-07 0.0 0.0 0.0 0.0 0.0 0.0 0.0 7.72178e-05 0.0 0.0 1.37091e-06 0.0 0.0 0.0 0.0 0.0 7.87973e-05 0.000897497 0.892478 0.0 0.0 0.0 0.0 0.0 0.0 0.0 0.0 0.941535 0.851647 0.960983 0.0 0.979271 0.0 0.43173 0.878766 0.0 0.0 5.96046e-08 0.0 0.0 0.0 0.0 0.0 0.0 0.0 0.0 0.0 0.0 0.0
0.0 0.0475421 0.0 0.0 1.78814e-07 0.0503351 0.0 0.0 0.0 0.0 0.0 0.000152469 0.0 0.983182 1.81794e-06 0.0 0.0 0.0 0.0 0.0 0.0 0.0 2.01464e-05 0.0 0.0 0.0 0.0 0.0 0.0 0.0 0.0 0.0720307 0.000268817 0.00137305 0.0 0.0 0.0 0.0 0.0 0.0 0.0 6.55651e-07 0.92732 0.974008 0.00846043 0.0 0.735324 0.0 0.986431 0.949962 0.0 0.0 0.0 2.08616e-07 0.0 0.0 0.0 0.0 0.0 0.0 0.0 0.0 0.0 0.0
0.0 0.983038 0.0 0.0 0.0 0.906013 0.0 7.55489e-05 0.0 0.0 8.85129e-06 0.0 0.0 0.237773 1.78814e-07 0.0 0.0 0.0 0.0 0.0 0.0 0.0 4.94421e-05 0.0 0.0 7.22706e-05 0.0 0.0 0.0 0.0 0.0 1.78814e-07 4.69089e-05 0.971236 0.0 0.0 0.0 0.0 0.0 0.0 0.0 0.0 0.0937045 0.0349483 0.976205 0.0 0.570715 0.0 0.00293881 0.0330037 0.0 0.0 1.78814e-06 0.0 0.0 0.0 0.0 0.0 0.0 0.0 0.0 0.0 0.0 0.0
0.0 0.0 0.0 0.0 0.0 0.0 0.0 0.0 0.0 0.0 0.0 0.0 0.0 0.0 0.0 0.0 0.0 0.0 0.0 0.0 0.0 0.0 0.0 0.0 0.0 0.0 0.0 0.0 0.998892 0.0 0.0 0.0 0.0 0.0 0.0 0.0 0.0 0.0 0.0 0.0 1.19209e-07 0.0 0.0 0.0 0.0 0.0 0.0 0.0 0.0 0.0 0.0 0.0 0.0 0.0 0.0 0.0 0.0 0.0 0.0 0.0 0.0 0.0 0.0 0.0
0.0 0.929079 0.0 0.0 0.0 0.982168 0.0 5.06639e-05 0.0 0.0 6.58631e-06 0.0 0.0 0.326803 1.19209e-07 0.0 0.0 0.0 0.0 0.0 0.0 0.0 1.10865e-05 0.0 0.0 5.16176e-05 0.0 0.0 0.0 0.0 0.0 3.27826e-07 7.24494e-05 0.93614 0.0 0.0 0.0 0.0 0.0 0.0 0.0 0.0 0.124367 0.0289452 0.870961 0.0 0.783327 0.0 0.00359023 0.0483245 0.0 0.0 1.2219e-06 0.0 0.0 0.0 0.0 0.0 0.0 0.0 0.0 0.0 0.0 0.0
0.0 0.0 0.0 0.0 0.0 0.0 0.0 0.0 0.0 0.0 0.0 0.0 0.0 0.0 0.0 0.0 0.0 0.0 0.0 1.19209e-07 0.0 0.0 0.0 0.0 0.0 0.0 0.0 0.0 0.0 0.0 0.0 0.0 0.0 0.0 0.0 0.0 0.0 0.0 0.0 0.0 0.0 0.0 0.0 0.0 0.0 0.0 0.0 0.753914 0.0 0.0 0.0 0.0 0.0 0.0 0.0 0.0 0.0 0.0 0.949126 4.17233e-07 0.0 0.807858 0.0 0.0543985
0.0 5.30481e-06 0.0 0.000485152 0.00597581 7.86781e-06 0.0 0.0 0.0 0.0 0.0 0.68687 1.19209e-07 0.452332 0.0 0.0 0.0 0.0 0.0 0.0 2.05636e-06 0.0 1.49012e-07 0.0 0.0 0.0 0.0 0.0 0.0 0.0 0.0 0.986452 8.01682e-05 1.78814e-07 0.0 0.0 0.0 0.0 0.0 0.0 0.0 0.0350963 0.013158 0.0437839 8.04663e-07 0.0 0.00139028 0.0 0.251865 0.0485981 0.0 0.0 0.0 0.000824362 0.0 0.0 0.0 0.0 0.0 0.0 0.0 0.0 0.0 0.0
0.0 0.78818 0.0 0.0 0.0 0.828212 0.0 1.78814e-07 0.0 0.0 2.98023e-08 6.85453e-07 0.0 0.990936 2.08616e-07 0.0 0.0 0.0 0.0 0.0 0.0 0.0 2.5332e-06 0.0 0.0 1.19209e-07 0.0 0.0 0.0 0.0 0.0 0.000352442 0.00065431 0.227529 0.0 0.0 0.0 0.0 0.0 0.0 0.0 0.0 0.937538 0.763927 0.468366 0.0 0.982048 0.0 0.580228 0.926583 0.0 0.0 0.0 0.0 0.0 0.0 0.0 0.0 0.0 0.0 0.0 0.0 0.0 0.0
0.0 0.0 0.0 0.721363 0.982126 0.0 0.0 0.0 0.0 0.0 0.0 0.781165 0.0055975 2.81036e-05 0.0 0.0 0.0 0.0 0.0 0.0 0.302132 0.0 0.0 0.0 0.0 0.0 0.0 0.0 0.0 0.0 0.0 0.108424 3.63588e-06 0.0 0.0 3.3021e-05 0.000590146 0.0 0.0 0.0 0.0 0.978121 3.27826e-07 1.3113e-06 0.0 0.0 8.9407e-08 0.0 1.74046e-05 1.51992e-06 8.9407e-08 0.0 0.0 0.337384 1.01328e-06 0.0 0.0 0.0 0.0 0.0 0.0 0.0 0.0 0.0
0.0 0.0 0.0 0.0 0.0 0.0 0.0 4.47035e-07 0.0 0.0 0.0 0.0 0.0 0.0 0.0 0.0 0.0 0.0 0.0 0.0 0.0 0.0 0.0 0.0 0.0 0.0 0.0 0.0 0.0 0.0 0.0 0.0 0.0 0.0 0.0 0.0 0.0 0.0 0.0 0.0 0.0 0.0 0.0 0.0 0.0 0.0 0.0 0.0 0.0 0.0 0.0 0.0 0.0 0.0 0.0 0.0 0.0 0.0 0.0 0.0 0.998814 0.0 0.0 0.0
0.0 6.25849e-07 0.0 0.0 0.0 2.08616e-07 0.0 0.374814 0.0 0.0 0.98405 0.0 0.0 0.0 0.0 0.0 0.0 0.0 0.0 0.0 0.0 0.0 2.98023e-08 0.0 0.0 0.98083 0.0 0.0 0.0 0.0 0.0 0.0 0.0 3.1352e-05 0.0 0.0 0.0 0.0 0.0 0.0 0.0 0.0 0.0 0.0 2.86102e-06 0.0 0.0 0.0 0.0 0.0 0.0 0.0 0.976953 0.0 0.0 0.0 0.0 0.0 0.0 0.0 0.0 0.0 0.0 0.0
0.0 2.50041e-05 0.0 0.0 0.0 7.15256e-07 0.0 1.04308e-06 0.0 0.0 1.78814e-07 0.0 0.0 6.85453e-07 9.53078e-05 0.0 0.0 0.0 0.0 0.0 0.0 0.0 0.993526 0.0 0.0 6.55651e-07 0.0 0.0 0.0 0.0 0.0 0.0 0.0 3.81172e-05 0.0 0.0 0.0 0.0 0.0 0.0 0.0 0.0 2.98023e-07 5.63264e-06 1.12057e-05 0.0 2.08616e-07 0.0 2.38419e-06 1.49012e-07 0.0 0.0 1.19209e-07 0.0 0.0 0.0 0.0 0.0 0.0 0.0 0.0 0.0 0.0 0.0
0.0 0.521646 0.0 0.0 0.0 0.342947 0.0 5.96046e-08 0.0 0.0 0.0 4.67896e-06 0.0 0.976687 3.78489e-06 0.0 0.0 0.0 0.0 0.0 0.0 0.0 0.000106782 0.0 0.0 0.0 0.0 0.0 0.0 0.0 0.0 0.00263214 0.000281662 0.0374452 0.0 0.0 0.0 0.0 0.0 0.0 0.0 5.96046e-08 0.930013 0.977473 0.167198 0.0 0.833358 0.0 0.946372 0.921197 0.0 0.0 0.0 0.0 0.0 0.0 0.0 0.0 0.0 0.0 0.0 0.0 0.0 0.0
0.0 0.0 0.0 0.0 0.0 0.0 0.0 0.0 0.0 0.0 0.0 0.0 0.0 0.0 1.78814e-07 0.0 0.0 0.0 0.0 0.0 0.0 0.0 0.0 0.0 0.0 0.0 0.0 0.0 0.0 0.0 0.0 0.0 0.0 0.0 0.0 0.0 0.0 0.0 0.0 0.0 0.0 0.0 0.0 0.0 0.0 0.0 0.0 0.0 0.0 0.0 0.0 0.0 0.0 0.0 0.0 0.0 0.0 0.0 0.0 0.0 0.0 0.0 0.999789 0.0
0.0 0.0 0.0 0.0 0.0 0.0 0.0 0.0 0.0 0.0 0.0 0.0 0.0 0.0 0.0 0.0 0.0 0.0 0.0 0.0 0.0 0.0 0.0 0.0 0.0 0.0 0.0 0.0 0.0 0.0 0.0 0.0 0.0 0.0 0.0 0.0 0.0 0.0 0.0 0.0 0.0 0.0 0.0 0.0 0.0 0.0 0.0 0.901976 0.0 0.0 0.0 0.0 0.0 0.0 0.0 0.0 8.9407e-08 0.0 0.894751 4.11272e-06 0.0 0.906872 0.0 0.0430166
0.0 0.0 0.0 0.0 0.0 0.0 0.0 0.0 0.0 0.0 0.0 0.0 0.0 0.0 0.0 0.0 0.0 0.0 0.0 0.0 1.49012e-07 0.0 0.0 0.0 0.0 0.0 0.982671 0.0 0.0 0.0 0.0 0.0 0.0 0.0 0.0 1.63913e-06 2.38419e-07 0.0 0.0 0.0 0.0 0.0 0.0 0.0 0.0 0.0 0.0 0.0 0.0 0.0 0.0 0.0 0.0 0.0 3.41237e-05 0.0 0.0 0.00138533 0.0 0.0 0.0 0.0 0.0 0.0
0.0 0.0 0.0 0.0 0.0 0.0 0.0 0.0 0.0 0.0 0.0 0.0 0.0 0.0 0.0 0.0 0.0 0.0 0.999997 0.0 0.0 0.0 0.0 0.0 0.0 0.0 0.0 0.0 0.0 0.0 0.0 0.0 0.0 0.0 0.0 0.0 0.0 0.0 0.0 0.0 0.0 0.0 0.0 0.0 0.0 0.0 0.0 0.0 0.0 0.0 0.0 0.0 0.0 0.0 0.0 0.0 0.0 0.0 0.0 0.0 0.0 0.0 0.0 0.0
0.0 0.0 0.0 0.0 0.0 0.0 0.0 0.0 1.01328e-06 0.0 0.0 0.0 0.0 0.0 0.0 0.0 0.0 0.0 0.0 5.96046e-08 0.0 0.194315 0.0 0.0 0.995845 0.0 0.0 0.0 0.0 0.0 0.0 0.0 0.0 0.0 0.0 0.0 0.0 0.0 0.0 0.0 0.0 0.0 0.0 0.0 0.0 0.0 0.0 0.0 0.0 0.0 0.0 0.0 0.0 0.0 0.0 0.0 0.0 0.0 0.0 5.66244e-07 0.0 0.0 0.0 3.8743e-07
0.0 0.000142068 0.0 7.15256e-07 1.49012e-07 0.000460774 0.0 0.0 0.0 0.0 0.0 2.08616e-07 0.0 0.0177537 0.0 0.0 0.0 0.0 0.0 0.0 0.0 0.0 0.0 0.0 0.0 0.0 0.0 0.0 0.0 0.0 0.0 3.18587e-05 0.995977 3.56734e-05 0.0 0.0 0.0 0.0 0.0 0.0 0.0 1.78814e-07 0.000296116 9.57549e-05 4.41968e-05 0.0 0.0014286 0.0 0.00017789 0.000457257 0.0 0.0 0.0 0.0 0.0 0.0 0.0 0.0 0.0 0.0 0.0 0.0 0.0 0.0
0.0 0.0 0.0 0.0 0.0 0.0 0.0 0.0 0.0 0.0 0.0 0.0 0.0 0.0 0.0 0.0 0.0 0.0 0.0 1.87755e-06 0.0 9.20892e-06 0.0 0.0 5.69224e-06 0.0 0.0 0.0 0.0 0.0 0.0 0.0 0.0 0.0 0.0 0.0 0.0 0.0 0.0 0.0 0.0 0.0 0.0 0.0 0.0 0.0 0.0 0.0196353 0.0 0.0 0.0 0.0 0.0 0.0 0.0 0.0 0.0 0.0 0.153976 0.00102323 0.0 0.0391535 0.0 0.987482
0.0 0.0 0.0 0.0 0.0 0.0 0.0 0.0 0.0 0.0 0.0 0.0 0.0 0.0 0.998156 0.0 0.0 0.0 0.0 0.0 0.0 0.0 1.04904e-05 0.0 0.0 0.0 0.0 0.0 0.0 0.0 0.0 0.0 0.0 0.0 0.0 0.0 0.0 0.0 0.0 0.0 0.0 0.0 0.0 0.0 0.0 0.0 0.0 0.0 2.98023e-08 0.0 0.0 0.0 0.0 0.0 0.0 0.0 0.0 0.0 0.0 0.0 0.0 0.0 2.98023e-08 0.0
0.0 0.0 0.0 0.0 0.0 0.0 0.0 0.0 0.0 0.99999 0.0 0.0 0.0 0.0 0.0 0.0 0.0 0.0 0.0 0.0 0.0 0.0 0.0 0.0 0.0 0.0 0.0 0.0 0.0 0.0 0.0 0.0 0.0 0.0 0.0 0.0 0.0 0.0 0.0 0.0 0.0 0.0 0.0 0.0 0.0 0.0 0.0 0.0 0.0 0.0 0.0 0.0 0.0 0.0 0.0 0.0 0.0 0.0 0.0 0.0 0.0 0.0 0.0 0.0
29 39 56 59 8 37 20 13 2 47 61 24 34 16 12 49 15 58 63 21 38 30 36 46 19 18 9 55 50 54 41 5 45 0 51 62 4 43 44 25 28 27 60 14 11 48 1 52 23 57 32 7 53 31 33 10 6 26 35 3 22 42 40 17
