8
0.00118309 0.0622301 0.0 0.100015 0.0 0.477832 0.0 0.0 0.97493 0.0 0.0 0.547845 4.17233e-07 5.06639e-07 0.0 0.00115716 0.0 0.000122398 0.0695285 2.32458e-06 0.00731722 0.000733405 0.0 0.158119 8.9407e-08 0.0407549 0.490165 0.0 0.359032 1.51992e-06 0.0 8.58307e-06 0.00170064 0.0 0.412063 0.220712 0.754447 0.0 0.0078198 0.0 0.0434498 0.116515 0.000603378 0.0 0.142657 8.9407e-08 0.000132352 0.000219107 0.0223544 0.0 6.32107e-05 1.49012e-07 0.085034 0.0 0.0 2.07424e-05 0.344515 0.000230461 5.81741e-05 0.000727534 0.0 7.80523e-05 0.000850141 0.0
0.987614 0.000168055 0.0 0.0197947 0.0 0.00530449 0.000155807 0.0 0.000650048 0.0 0.0 0.010761 0.0 0.0 0.0 0.0 0.0 0.0 0.653022 0.0 0.974849 0.0 0.0 3.60608e-05 0.0 0.895409 0.00161904 0.0 0.00279728 0.0 0.0 0.791416 0.0 0.0 0.070978 0.377519 0.00369096 0.0 0.960104 0.0382975 2.98023e-07 0.0258308 0.0 0.0 2.11596e-06 0.0 0.965744 0.938116 2.98023e-08 0.0 0.0 0.0 0.131486 0.0 3.80874e-05 0.0 0.0035212 0.899696 0.95685 0.000753641 0.000490218 0.936079 1.75536e-05 0.0111228
0.0 0.00301528 1.11759e-05 1.19209e-06 5.96046e-08 0.000184268 0.0 0.0 0.000354141 0.0339476 1.92821e-05 8.4132e-05 0.152064 0.607294 0.0 0.320658 0.0 0.000844121 4.17233e-07 0.836955 0.0 0.883251 0.0 0.0151357 0.00148228 8.9407e-08 0.000549227 0.0 0.000246674 0.772206 0.0 0.0 0.00951967 0.0 1.68979e-05 1.37091e-06 0.000273019 0.0 0.0 0.0 0.451885 2.23517e-06 0.0566199 0.0 0.127589 0.210743 0.0 0.0 0.554779 8.9407e-08 0.978029 0.454353 9.17315e-05 0.0 0.0 0.953558 0.000236064 0.0 0.0 9.71854e-05 0.0 0.0 0.00111961 0.0
0.929683 7.39098e-06 0.0 0.0177868 0.0 0.00021261 0.00297433 0.0 1.92523e-05 0.0 0.0 0.000439733 0.0 0.0 0.0 0.0 0.0 0.0 0.0695026 0.0 0.615103 0.0 0.0 1.72853e-06 0.0 0.328261 7.27475e-05 0.0 0.000128239 0.0 0.0 0.88695 0.0 0.0 0.00307146 0.0374882 0.000154167 0.0 0.871281 0.374462 0.0 0.023874 0.0 0.0 1.78814e-07 0.0 0.936709 0.980356 0.0 0.0 0.0 0.0 0.0080913 0.0 0.000869662 0.0 0.000161916 0.910367 0.903134 1.93119e-05 0.00534406 0.98622 1.19209e-06 0.0826385
0.0 0.000130475 0.000135899 0.0 5.96046e-07 7.42078e-06 0.0 5.96046e-08 2.53916e-05 0.365332 0.000543416 3.24845e-06 0.22079 0.899194 0.0 0.29497 0.0 0.000877023 2.98023e-08 0.983065 0.0 0.748601 0.0 0.000822276 0.00448018 0.0 2.0057e-05 5.96046e-08 9.83477e-06 0.956503 0.0 0.0 0.0245112 0.0 6.85453e-07 8.9407e-08 1.08778e-05 0.0 0.0 0.0 0.0442293 1.19209e-07 0.0845354 0.0 0.0101177 0.864077 0.0 0.0 0.18639 1.63913e-06 0.904538 0.834574 3.01003e-06 0.0 0.0 0.980923 9.35793e-06 0.0 0.0 4.47035e-06 0.0 0.0 9.3013e-05 0.0
0.93714 0.000133485 0.0 0.201461 0.0 0.00429812 0.000237167 0.0 0.000364959 0.0 0.0 0.00757781 0.0 0.0 0.0 0.0 0.0 0.0 0.238978 0.0 0.79953 0.0 0.0 2.95639e-05 0.0 0.567584 0.00130308 0.0 0.00223738 0.0 0.0 0.642419 0.0 0.0 0.0471621 0.291486 0.00277007 0.0 0.930216 0.0548032 1.78814e-07 0.211408 0.0 0.0 1.84774e-06 0.0 0.935182 0.980577 8.9407e-08 0.0 0.0 0.0 0.101153 0.0 6.39558e-05 0.0 0.00288647 0.899497 0.840763 0.000177294 0.000717223 0.970194 1.5825e-05 0.00978312
0.000252187 0.0 0.0 8.9407e-08 0.0 0.0 0.981412 0.0 0.0 0.0 0.0 0.0 0.0 0.0 0.0 0.0 0.0 0.0 2.08616e-07 0.0 1.53482e-05 0.0 0.0 0.0 0.0 1.19209e-06 0.0 0.0 0.0 0.0 0.0 0.08539 0.0 0.0 0.0 1.49012e-07 0.0 0.0 1.37985e-05 0.920339 0.0 2.98023e-08 0.0 0.0 0.0 0.0 0.00183448 0.00125271 0.0 0.0 0.0 0.0 2.98023e-08 0.0 0.96652 0.0 0.0 0.000297159 0.00517067 0.0 0.943086 0.0050306 0.0 0.957785
0.0 1.19209e-07 7.36117e-06 0.0 0.000990659 0.0 0.0 0.000160456 5.96046e-08 0.98973 0.0335908 0.0 0.277085 0.739752 0.0 0.00721839 3.27826e-07 0.0020974 0.0 0.571076 0.0 0.00466543 0.0 6.55651e-07 0.332561 0.0 2.98023e-08 0.000222445 0.0 0.695739 1.43051e-06 0.0 0.00425544 0.0 0.0 0.0 0.0 9.11951e-06 0.0 0.0 3.99351e-05 0.0 0.0127172 2.98023e-08 1.05798e-05 0.783918 0.0 0.0 0.000302821 0.00343043 0.0490839 0.696175 0.0 0.0 0.0 0.274323 0.0 0.0 0.0 0.0 0.0 0.0 1.19209e-07 0.0
0.0388372 0.0101489 0.0 0.574505 0.0 0.20012 2.98023e-08 0.0 0.0313876 0.0 0.0 0.401504 0.0 0.0 0.0 1.40369e-05 0.0 3.3468e-05 0.101995 0.0 0.036636 1.58846e-05 0.0 0.0616252 0.0 0.397961 0.269569 0.0 0.129713 0.0 0.0 0.000922382 1.00732e-05 0.0 0.1243 0.738715 0.507401 0.0 0.339046 6.13928e-06 0.000959218 0.984601 6.4075e-06 0.0 0.00733104 0.0 0.0109039 0.0377106 0.000399858 0.0 2.08616e-07 0.0 0.475912 0.0 0.0 1.49012e-07 0.114018 0.0711769 0.00375953 1.20401e-05 5.96046e-08 0.0147622 0.000970036 1.40071e-06
0.0 0.0 0.0 0.0 1.19209e-06 0.0 0.0 1.30832e-05 0.0 0.0 0.0 0.0 0.0 0.0 0.0115699 0.0 0.000660986 0.0 0.0 0.0 0.0 0.0 1.26958e-05 0.0 0.0 0.0 0.0 4.17233e-06 0.0 0.0 4.67896e-05 0.0 0.0 0.995701 0.0 0.0 0.0 4.05312e-05 0.0 0.0 0.0 0.0 0.0 0.0 0.0 0.0 0.0 0.0 0.0 8.64267e-07 0.0 0.0 0.0 0.0 0.0 0.0 0.0 0.0 0.0 0.0 0.0 0.0 0.0 0.0
0.0 0.0 0.000689209 0.0 0.0283972 0.0 0.0 0.000313014 0.0 2.08616e-07 1.66595e-05 0.0 0.0 0.0 5.96046e-08 0.0 0.022808 0.0 0.0 0.0 0.0 0.0 0.00541741 0.0 0.0 0.0 0.0 0.00390157 0.0 0.0 0.042399 0.0 0.0 0.0 0.0 0.0 0.0 0.00138754 0.0 0.0 0.0 0.0 0.0 0.987416 0.0 1.49012e-07 0.0 0.0 0.0 0.0131283 0.0 2.98023e-08 0.0 0.0 0.0 0.0 0.0 0.0 0.0 0.0 0.0 0.0 0.0 0.0
0.167077 0.160722 0.0 0.391482 0.0 0.762753 0.0 0.0 0.132576 0.0 0.0 0.924552 0.0 0.0 0.0 7.48038e-06 0.0 2.87592e-05 0.78591 0.0 0.438003 9.35793e-06 0.0 0.220132 0.0 0.882056 0.733227 0.0 0.790953 0.0 0.0 0.00151271 4.88758e-06 0.0 0.876541 0.973983 0.889898 0.0 0.648555 5.75185e-06 0.00182909 0.62143 3.51667e-06 0.0 0.0215299 0.0 0.0275478 0.0490649 0.000370681 0.0 1.78814e-07 0.0 0.779081 0.0 0.0 0.0 0.728216 0.103208 0.011169 0.000272393 5.96046e-08 0.015972 0.0221978 1.46031e-06
0.0 3.09944e-06 0.000516504 0.0 0.000119328 2.08616e-07 0.0 1.60336e-05 5.36442e-07 0.731611 0.0298125 5.96046e-08 0.0731038 0.849323 0.0 0.0232135 0.0 0.000115722 0.0 0.914153 0.0 0.0810608 0.0 1.66595e-05 0.0034669 0.0 3.8743e-07 2.25604e-05 2.08616e-07 0.847586 5.96046e-08 0.0 0.0128454 0.0 0.0 0.0 2.08616e-07 8.04663e-07 0.0 0.0 0.00107697 0.0 0.0157696 8.9407e-08 0.000228852 0.987073 0.0 0.0 0.00537327 0.000338763 0.538636 0.909695 1.19209e-07 0.0 0.0 0.80452 2.08616e-07 0.0 0.0 1.19209e-07 0.0 0.0 8.9407e-06 0.0
1.99378e-05 0.572621 0.0 0.0139016 0.0 0.709875 0.0 0.0 0.0687581 6.25849e-07 0.0 0.609254 0.000164986 6.33597e-05 0.0 0.337462 0.0 0.0375186 0.00710061 0.000292838 0.00022468 0.382975 0.0 0.970238 7.24196e-06 0.00219411 0.776805 0.0 0.664809 0.000317663 0.0 8.9407e-08 0.0394894 0.0 0.235423 0.0310405 0.730182 0.0 0.000238985 0.0 0.896289 0.0201312 0.0602313 0.0 0.973891 7.03335e-06 2.44379e-06 4.47035e-06 0.907003 0.0 0.00720316 1.76132e-05 0.227171 0.0 0.0 0.00355685 0.702406 2.5332e-05 1.07288e-06 0.00292599 0.0 1.40071e-06 0.052741 0.0
0.0 0.0 0.000499487 0.0 0.426522 0.0 0.0 0.146499 0.0 0.464949 0.981318 0.0 0.0278265 0.134119 0.0 3.13818e-05 0.000410557 5.75185e-06 0.0 0.0299338 0.0 4.99785e-05 5.42402e-06 0.0 0.00225183 0.0 0.0 0.099922 0.0 0.0193941 0.001715 0.0 3.62098e-05 0.0 0.0 0.0 0.0 0.00853491 0.0 0.0 3.27826e-07 0.0 7.08699e-05 2.11596e-06 1.19209e-07 0.343967 0.0 0.0 2.65241e-06 0.503972 0.00112873 0.365034 0.0 0.0 0.0 0.0045554 0.0 0.0 0.0 0.0 0.0 0.0 0.0 0.0
0.0 0.035209 5.36442e-07 1.95801e-05 0.0 0.00290832 0.0 0.0 0.000929892 0.00241202 1.13249e-06 0.00148749 0.0819334 0.0867338 0.0 0.867874 0.0 0.05023 7.36117e-06 0.438706 8.9407e-08 0.981371 0.0 0.244304 0.00172642 1.54972e-06 0.00798655 0.0 0.00444061 0.625608 0.0 0.0 0.0853246 0.0 0.000315011 2.61664e-05 0.00450498 0.0 1.49012e-07 0.0 0.834855 3.41833e-05 0.35404 0.0 0.690444 0.035449 0.0 0.0 0.927611 0.0 0.639979 0.0294218 0.00124213 0.0 0.0 0.850296 0.00437912 5.96046e-08 0.0 0.000347465 0.0 0.0 0.00549451 0.0
0.0 0.0 5.96046e-08 0.0 0.00484064 0.0 0.0 0.0526581 0.0 0.0 8.64267e-07 0.0 0.0 0.0 0.997889 0.0 0.143571 0.0 0.0 0.0 0.0 0.0 0.00436202 0.0 0.0 0.0 0.0 0.0096589 0.0 0.0 0.122753 0.0 0.0 0.010234 0.0 0.0 0.0 0.198671 0.0 0.0 0.0 0.0 0.0 2.98023e-08 0.0 0.0 0.0 0.0 0.0 0.00376865 0.0 0.0 0.0 0.0 0.0 0.0 0.0 0.0 0.0 0.0 0.0 0.0 0.0 0.0
0.488323 0.0250001 0.0 0.19702 0.0 0.254263 1.49012e-07 0.0 0.0104683 0.0 0.0 0.717849 0.0 0.0 0.0 9.23872e-07 0.0 3.99351e-06 0.910777 0.0 0.699665 1.10269e-06 0.0 0.0312185 0.0 0.969068 0.260852 0.0 0.387389 0.0 0.0 0.0121681 6.25849e-07 0.0 0.609856 0.946485 0.473955 0.0 0.905154 4.41968e-05 0.000185162 0.363946 4.47035e-07 0.0 0.00240633 0.0 0.143318 0.174178 4.49121e-05 0.0 2.98023e-08 0.0 0.503796 0.0 2.98023e-08 0.0 0.23636 0.470056 0.0733188 0.000116825 6.25849e-07 0.101031 0.00534201 1.19507e-05
2.98023e-08 0.0103065 1.19209e-07 0.000128955 0.0 0.0129581 0.0 0.0 0.0208881 0.000347644 2.08616e-07 0.00907597 0.0236229 0.0251651 0.0 0.966537 0.0 0.436199 1.94907e-05 0.0818669 5.66244e-07 0.65755 0.0 0.224032 0.00595027 6.82473e-06 0.0421613 0.0 0.00474343 0.134881 0.0 0.0 0.887096 0.0 0.00132957 0.000146002 0.0196365 0.0 5.66244e-07 0.0 0.236656 0.000311136 0.972479 0.0 0.697035 0.00379384 0.0 0.0 0.898927 0.0 0.0711297 0.00496206 0.0157747 0.0 0.0 0.344257 0.00723588 5.96046e-08 0.0 1.56164e-05 0.0 0.0 0.000473529 0.0
0.0 6.49691e-06 0.000273526 0.0 5.0813e-05 2.98023e-07 0.0 6.16908e-06 1.2815e-06 0.759521 0.0606687 1.78814e-07 0.602378 0.982051 0.0 0.0313691 0.0 0.000475258 0.0 0.890167 0.0 0.121345 0.0 3.73423e-05 0.0185483 0.0 8.64267e-07 1.01328e-05 4.17233e-07 0.800424 1.49012e-07 0.0 0.00660846 0.0 2.98023e-08 0.0 4.76837e-07 3.57628e-07 0.0 0.0 0.0018723 0.0 0.0430686 0.0 0.000473142 0.791379 0.0 0.0 0.0101478 0.0001553 0.534563 0.976277 5.36442e-07 0.0 0.0 0.821427 3.8743e-07 0.0 0.0 2.68221e-07 0.0 0.0 8.31485e-06 0.0
0.00483525 0.904724 0.0 0.165008 0.0 0.913471 0.0 0.0 0.0943589 0.0 0.0 0.925516 1.49012e-07 5.96046e-08 0.0 0.000497133 0.0 0.000148773 0.56801 2.98023e-07 0.0527861 0.000900745 0.0 0.792325 0.0 0.134458 0.812211 0.0 0.97609 2.68221e-07 0.0 2.84612e-05 6.29425e-05 0.0 0.946073 0.483492 0.947721 0.0 0.0351576 8.9407e-08 0.194767 0.0535337 6.59525e-05 0.0 0.488571 0.0 0.000593007 0.00103518 0.0317146 0.0 1.5229e-05 2.98023e-08 0.252327 0.0 0.0 3.72529e-06 0.97504 0.00234488 0.000243723 0.0588051 0.0 0.000340462 0.0553048 2.98023e-08
0.00122458 0.793881 0.0 0.226142 0.0 0.909935 0.0 0.0 0.224302 0.0 0.0 0.931226 2.5332e-06 9.53674e-07 0.0 0.0110332 0.0 0.00497264 0.154194 5.63264e-06 0.00832802 0.0130706 0.0 0.932346 1.49012e-07 0.0724218 0.989841 0.0 0.832599 5.54323e-06 0.0 9.08971e-06 0.00222248 0.0 0.866549 0.484445 0.944051 0.0 0.0127445 0.0 0.568653 0.0890157 0.00448349 0.0 0.905792 1.19209e-07 0.000164896 0.000295669 0.204061 0.0 0.000261039 2.68221e-07 0.667412 0.0 0.0 6.71446e-05 0.904116 0.00115085 6.95288e-05 0.0121752 0.0 9.66191e-05 0.285702 0.0
0.0 0.0 0.995752 0.0 0.00105637 0.0 0.0 1.5527e-05 0.0 2.78056e-05 4.85778e-05 0.0 3.96371e-06 0.000275135 0.0 5.66244e-07 1.63913e-06 0.0 0.0 0.000907212 0.0 8.82149e-06 8.09133e-05 0.0 0.0 0.0 0.0 6.63698e-05 0.0 9.7543e-05 5.37038e-05 0.0 1.19209e-07 0.0 0.0 0.0 0.0 3.26037e-05 0.0 0.0 1.49012e-07 0.0 1.19209e-07 3.99649e-05 2.98023e-08 0.000930309 0.0 0.0 4.47035e-07 0.00202614 0.000176549 0.00131398 0.0 0.0 0.0 0.000399411 0.0 0.0 0.0 0.0 0.0 0.0 0.0 0.0
0.098954 0.592968 0.0 0.249062 0.0 0.917945 2.98023e-08 0.0 0.147549 0.0 0.0 0.942399 0.0 0.0 0.0 2.19941e-05 0.0 4.16338e-05 0.857565 0.0 0.472587 2.16067e-05 0.0 0.350943 0.0 0.516382 0.819405 0.0 0.934622 0.0 0.0 0.000690192 1.07586e-05 0.0 0.984796 0.7989 0.922753 0.0 0.319443 3.51667e-06 0.00642097 0.0943012 7.80821e-06 0.0 0.0523526 0.0 0.0154374 0.0240941 0.00101724 0.0 3.27826e-07 0.0 0.544198 0.0 0.0 1.49012e-07 0.953905 0.0313311 0.00662395 0.0312877 1.19209e-07 0.0078837 0.0283109 8.04663e-07
0.00654987 0.847199 0.0 0.412288 0.0 0.967826 0.0 0.0 0.32553 0.0 0.0 0.983291 2.08616e-07 8.9407e-08 0.0 0.000980318 0.0 0.00139695 0.539742 4.17233e-07 0.0519369 0.0010373 0.0 0.897883 0.0 0.307151 0.964423 0.0 0.967899 3.27826e-07 0.0 4.71771e-05 0.000378042 0.0 0.944059 0.787068 0.978344 0.0 0.0687696 1.78814e-07 0.171962 0.323143 0.000374883 0.0 0.659508 0.0 0.000881642 0.00153685 0.0430146 0.0 1.86265e-05 5.96046e-08 0.669952 0.0 0.0 4.05312e-06 0.969378 0.00648022 0.000359565 0.00688359 0.0 0.000495017 0.0993868 0.0
0.980551 1.57654e-05 0.0 0.00535208 0.0 0.000537843 0.00140047 0.0 7.77841e-05 0.0 0.0 0.00102052 0.0 0.0 0.0 0.0 0.0 0.0 0.173019 0.0 0.926433 0.0 0.0 3.45707e-06 0.0 0.516877 0.000156492 0.0 0.000265241 0.0 0.0 0.872854 0.0 0.0 0.00766924 0.076533 0.000349104 0.0 0.857969 0.174482 0.0 0.00580722 0.0 0.0 1.78814e-07 0.0 0.980118 0.952089 0.0 0.0 0.0 0.0 0.0349651 0.0 0.000344872 0.0 0.000340611 0.897978 0.984298 0.000451088 0.00371945 0.949961 2.11596e-06 0.0836631
0.0468833 0.0701732 0.0 0.201862 0.0 0.733054 0.0 0.0 0.00556403 0.0 0.0 0.564467 0.0 0.0 0.0 3.0458e-05 0.0 8.29697e-05 0.283387 0.0 0.144248 2.11e-05 0.0 0.061555 0.0 0.192884 0.453432 0.0 0.220691 5.96046e-08 0.0 0.000409871 1.85668e-05 0.0 0.425031 0.719076 0.398598 0.0 0.227878 2.68221e-06 0.000705093 0.226093 1.48118e-05 0.0 0.0112309 0.0 0.0103233 0.0252495 0.000389218 0.0 6.25849e-07 0.0 0.992991 0.0 0.0 8.9407e-08 0.421158 0.149584 0.00509658 6.62804e-05 0.0 0.00754783 0.00359741 7.7486e-07
0.0 5.19156e-05 2.23517e-06 2.98023e-08 3.42727e-06 4.70877e-06 0.0 1.78814e-06 5.63264e-06 0.115185 0.00119025 2.14577e-06 0.997049 0.473909 0.0 0.246958 0.0 0.0594919 0.0 0.356109 0.0 0.133006 0.0 0.000383496 0.229944 0.0 1.35601e-05 1.2219e-06 5.96046e-06 0.586459 0.0 0.0 0.00624365 0.0 4.76837e-07 0.0 7.80821e-06 8.9407e-08 0.0 0.0 0.0079436 8.9407e-08 0.285357 0.0 0.00428566 0.0652264 0.0 0.0 0.0594703 1.05202e-05 0.284284 0.289816 3.63588e-06 0.0 0.0 0.405686 5.69224e-06 0.0 0.0 2.89083e-06 0.0 0.0 3.07858e-05 0.0
0.303952 0.275992 0.0 0.235322 0.0 0.534839 1.49012e-07 0.0 0.0273554 0.0 0.0 0.7508 0.0 0.0 0.0 3.24845e-06 0.0 5.1856e-06 0.971717 0.0 0.73164 3.57628e-06 0.0 0.0532127 0.0 0.876761 0.308713 0.0 0.803038 0.0 0.0 0.00401789 1.04308e-06 0.0 0.909692 0.825679 0.769471 0.0 0.748029 1.78218e-05 0.000945956 0.0538183 1.01328e-06 0.0 0.00692719 0.0 0.0581958 0.0769018 0.000159264 0.0 5.96046e-08 0.0 0.29605 0.0 2.98023e-08 0.0 0.703286 0.120749 0.0294624 0.00526097 2.08616e-07 0.0387424 0.00777173 3.93391e-06
0.0 0.0 0.0 0.0 0.0 0.0 0.0 0.0 0.0 0.0 0.0 0.0 0.0 0.0 0.0 0.0 0.0 0.0 0.0 0.0 0.0 0.0 0.0 0.0 0.0 0.0 0.0 0.0 0.0 0.0 0.0 0.0 0.0 0.0 0.0 0.0 0.0 0.0 0.0 0.0 0.0 0.0 0.0 0.0 0.0 0.0 0.0 0.0 0.0 0.0 0.0 0.0 0.0 0.999829 0.0 0.0 0.0 0.0 0.0 0.0 0.0 0.0 0.0 0.0
0.0 7.22408e-05 1.8537e-05 0.0 7.15256e-07 4.55976e-06 0.0 1.78814e-07 1.16229e-05 0.480049 0.00050813 1.99676e-06 0.430898 0.754183 0.0 0.604817 0.0 0.0120044 0.0 0.964157 0.0 0.681175 0.0 0.000530332 0.0387425 0.0 1.22488e-05 1.19209e-07 6.02007e-06 0.983634 0.0 0.0 0.0737287 0.0 4.17233e-07 2.98023e-08 6.76513e-06 0.0 0.0 0.0 0.0261047 5.96046e-08 0.412524 0.0 0.00624016 0.847443 0.0 0.0 0.157634 2.08616e-06 0.728949 0.673279 3.42727e-06 0.0 0.0 0.967463 5.60284e-06 0.0 0.0 1.96695e-06 0.0 0.0 3.18587e-05 0.0
0.967254 2.80142e-06 0.0 0.00325006 0.0 8.51452e-05 0.00383699 0.0 1.21295e-05 0.0 0.0 0.000161022 0.0 0.0 0.0 0.0 0.0 0.0 0.0394616 0.0 0.725242 0.0 0.0 6.25849e-07 0.0 0.210616 2.37525e-05 0.0 4.32432e-05 0.0 0.0 0.959106 0.0 0.0 0.00103408 0.0119807 5.3376e-05 0.0 0.72866 0.455774 0.0 0.00468421 0.0 0.0 2.98023e-08 0.0 0.981681 0.963621 0.0 0.0 0.0 0.0 0.00455019 0.0 0.000916958 0.0 5.52833e-05 0.936806 0.989042 8.36849e-05 0.0123646 0.979481 3.57628e-07 0.21135
0.00492826 0.88801 0.0 0.255123 0.0 0.981162 0.0 0.0 0.227434 0.0 0.0 0.960953 3.57628e-07 1.19209e-07 0.0 0.00182578 0.0 0.00141779 0.408089 5.66244e-07 0.0442064 0.00178093 0.0 0.845734 2.98023e-08 0.106969 0.951229 0.0 0.943255 5.66244e-07 0.0 3.27826e-05 0.000430167 0.0 0.933266 0.539174 0.947808 0.0 0.0357954 1.49012e-07 0.218381 0.0909201 0.000433564 0.0 0.679098 0.0 0.000670701 0.00123078 0.06876 0.0 3.0756e-05 2.98023e-08 0.783052 0.0 0.0 7.03335e-06 0.971405 0.00567156 0.000301063 0.0214285 0.0 0.000387818 0.0571366 1.19209e-07
0.0 2.65241e-06 0.0 0.0 1.48714e-05 3.27826e-07 0.0 1.22786e-05 1.43051e-06 0.276336 0.000613958 2.08616e-07 0.643962 0.0862533 0.0 0.0805768 0.0 0.0814716 0.0 0.0359635 0.0 0.00720844 0.0 2.45571e-05 0.9846 0.0 1.04308e-06 1.64211e-05 4.47035e-07 0.147989 5.96046e-08 0.0 0.0429573 0.0 8.9407e-08 0.0 6.25849e-07 8.64267e-07 0.0 0.0 0.000369757 0.0 0.180226 0.0 0.000302076 0.019419 0.0 0.0 0.00469816 6.07371e-05 0.00621128 0.0139505 5.06639e-07 0.0 0.0 0.0466354 4.76837e-07 0.0 0.0 2.38419e-07 0.0 0.0 1.78814e-07 0.0
0.906491 0.0124761 0.0 0.0460922 0.0 0.255128 2.5928e-06 0.0 0.0124475 0.0 0.0 0.287271 0.0 0.0 0.0 8.9407e-08 0.0 1.78814e-07 0.935071 0.0 0.976839 8.9407e-08 0.0 0.00246608 0.0 0.873681 0.0289638 0.0 0.180765 0.0 0.0 0.0639676 0.0 0.0 0.757434 0.699073 0.163682 0.0 0.89873 0.000590861 1.93417e-05 0.0484066 0.0 0.0 0.000147432 0.0 0.646135 0.658763 3.30806e-06 0.0 0.0 0.0 0.443752 0.0 5.66244e-07 0.0 0.222196 0.637154 0.522827 0.00626004 8.04663e-06 0.483751 0.000308782 0.000168294
0.0137831 0.707749 0.0 0.384943 0.0 0.92878 0.0 0.0 0.329134 0.0 0.0 0.965123 5.96046e-08 5.96046e-08 0.0 0.000541836 0.0 0.000597626 0.644288 2.08616e-07 0.0995439 0.00056079 0.0 0.871518 0.0 0.476811 0.935149 0.0 0.952019 1.49012e-07 0.0 0.000104278 0.000230193 0.0 0.929574 0.862926 0.979443 0.0 0.13718 4.76837e-07 0.104702 0.461801 0.000185817 0.0 0.532168 0.0 0.00186217 0.0033839 0.0258406 0.0 8.9407e-06 0.0 0.615609 0.0 0.0 2.11596e-06 0.951533 0.00937915 0.000768006 0.00204894 0.0 0.00109804 0.0600298 1.19209e-07
0.0 0.000580519 0.0 3.51667e-06 0.0 0.0003317 0.0 0.0 0.000556052 0.00770926 2.5332e-06 0.000179023 0.167752 0.0480776 0.0 0.923544 0.0 0.553464 8.9407e-07 0.0460931 2.98023e-08 0.146389 0.0 0.0141035 0.145606 2.38419e-07 0.00122252 0.0 0.000201792 0.293996 0.0 0.0 0.697979 0.0 3.24547e-05 4.02331e-06 0.000537813 0.0 2.98023e-08 0.0 0.0212431 8.28505e-06 0.984472 0.0 0.101432 0.00951508 0.0 0.0 0.398474 0.0 0.0160845 0.00776139 0.000983536 0.0 0.0 0.139268 0.000254184 0.0 0.0 3.15905e-06 0.0 0.0 2.3067e-05 0.0
0.0 0.000831693 1.85072e-05 4.76837e-07 8.9407e-08 6.181e-05 0.0 0.0 0.000174433 0.105891 7.87377e-05 2.96533e-05 0.231544 0.710796 0.0 0.729928 0.0 0.00798494 1.19209e-07 0.968585 0.0 0.932185 0.0 0.00773481 0.012129 0.0 0.000187606 0.0 8.60989e-05 0.964447 0.0 0.0 0.0994562 0.0 6.04987e-06 4.76837e-07 9.79602e-05 0.0 0.0 0.0 0.24081 1.10269e-06 0.417406 0.0 0.0746579 0.635742 0.0 0.0 0.609194 1.49012e-07 0.890965 0.504165 2.80738e-05 0.0 0.0 0.9859 8.28505e-05 0.0 0.0 2.30074e-05 0.0 0.0 0.00021106 0.0
0.00235483 0.0935514 0.0 0.00128978 0.0 0.017882 0.0 0.0 0.00184229 0.0 0.0 0.00891212 2.38419e-07 5.96046e-08 0.0 2.66433e-05 0.0 5.81145e-06 0.0104922 3.57628e-07 0.00864881 0.000254422 0.0 0.00442788 0.0 0.00054732 0.0100339 0.0 0.0327025 4.17233e-07 0.0 2.84314e-05 1.78814e-07 0.0 0.111188 0.000432462 0.0094493 0.0 0.000504076 4.17233e-07 0.010635 2.53022e-05 2.20537e-06 0.0 0.00639883 0.0 0.000618011 0.00027895 0.00123554 0.0 1.46627e-05 5.96046e-08 0.00069651 0.0 0.0 4.11272e-06 0.0472377 7.92742e-05 0.000293434 0.985509 0.0 0.000134021 0.00142792 1.78814e-07
0.000909865 0.0 0.0 2.38419e-07 0.0 0.0 0.940679 0.0 0.0 0.0 0.0 0.0 0.0 0.0 0.0 0.0 0.0 0.0 5.06639e-07 0.0 4.12166e-05 0.0 0.0 0.0 0.0 3.15905e-06 0.0 0.0 0.0 0.0 0.0 0.154421 0.0 0.0 0.0 2.38419e-07 0.0 0.0 3.87132e-05 0.806102 0.0 5.96046e-08 0.0 0.0 0.0 0.0 0.00688148 0.00365877 0.0 0.0 0.0 0.0 1.78814e-07 0.0 0.828647 0.0 0.0 0.000832766 0.0158423 0.0 0.969998 0.014713 0.0 0.944993
0.000229746 0.985574 0.0 0.0641393 0.0 0.842999 0.0 0.0 0.0553937 5.96046e-08 0.0 0.853584 9.20892e-06 5.66244e-06 0.0 0.0159888 0.0 0.00832066 0.0823066 2.78056e-05 0.00271332 0.0629257 0.0 0.874864 2.98023e-07 0.0148751 0.894276 0.0 0.909692 2.90871e-05 0.0 1.54972e-06 0.000477046 0.0 0.674654 0.140873 0.876305 0.0 0.00251681 0.0 0.756684 0.0145214 0.00174913 0.0 0.916197 7.45058e-07 2.78056e-05 5.27203e-05 0.449321 0.0 0.00127622 1.69873e-06 0.181287 0.0 0.0 0.00032869 0.917805 0.000253707 1.18315e-05 0.0602046 0.0 1.71065e-05 0.308198 0.0
0.917725 0.00543994 0.0 0.420299 0.0 0.107069 2.83122e-06 0.0 0.00446433 0.0 0.0 0.24923 0.0 0.0 0.0 1.19209e-07 0.0 1.78814e-07 0.840305 0.0 0.89003 8.9407e-08 0.0 0.00146759 0.0 0.961306 0.0556201 0.0 0.0853338 0.0 0.0 0.157208 2.98023e-08 0.0 0.491958 0.939336 0.110242 0.0 0.987777 0.00081709 1.17123e-05 0.702343 0.0 0.0 0.000100911 0.0 0.757511 0.89929 2.11596e-06 0.0 0.0 0.0 0.590882 0.0 7.15256e-07 0.0 0.0867823 0.906065 0.534548 0.000111103 1.00434e-05 0.781758 0.000764996 0.000209719
0.0 2.50638e-05 0.000157565 0.0 2.23517e-05 1.16229e-06 0.0 3.01003e-06 3.8147e-06 0.925886 0.00800967 4.76837e-07 0.837426 0.952855 0.0 0.60809 0.0 0.0107028 0.0 0.990759 0.0 0.628437 0.0 0.00018993 0.201216 0.0 3.8743e-06 4.32134e-06 1.49012e-06 0.997984 8.9407e-08 0.0 0.104099 0.0 5.96046e-08 0.0 1.60933e-06 2.08616e-07 0.0 0.0 0.0128499 0.0 0.544501 0.0 0.00292143 0.980173 0.0 0.0 0.081502 5.99623e-05 0.909062 0.941164 8.04663e-07 0.0 0.0 0.990927 1.51992e-06 0.0 0.0 5.06639e-07 0.0 0.0 2.87294e-05 0.0
1.02222e-05 0.797653 0.0 0.0108238 0.0 0.41325 0.0 0.0 0.0982608 6.70552e-06 0.0 0.408733 0.00128084 0.000617146 0.0 0.658805 0.0 0.0368493 0.00447515 0.00313643 0.000111789 0.842744 0.0 0.963727 4.66704e-05 0.00112396 0.734113 0.0 0.592427 0.00366932 0.0 5.96046e-08 0.038653 0.0 0.155878 0.016239 0.642755 0.0 0.000120074 0.0 0.979142 0.00810519 0.124879 0.0 0.989674 7.52807e-05 1.2219e-06 2.20537e-06 0.982107 0.0 0.0892441 0.000163734 0.0489495 0.0 0.0 0.0446798 0.601103 1.00136e-05 5.36442e-07 0.0195695 0.0 7.45058e-07 0.130016 0.0
0.976599 0.000192404 0.0 0.0583246 0.0 0.00675413 9.26256e-05 0.0 0.000829816 0.0 0.0 0.0118609 0.0 0.0 0.0 0.0 0.0 0.0 0.537984 0.0 0.94338 0.0 0.0 4.17233e-05 0.0 0.82142 0.00197151 0.0 0.00330541 0.0 0.0 0.639053 0.0 0.0 0.0888142 0.505291 0.00425288 0.0 0.95491 0.0242389 2.68221e-07 0.0796704 0.0 0.0 2.74181e-06 0.0 0.967074 0.968889 8.9407e-08 0.0 0.0 0.0 0.198496 0.0 2.29776e-05 0.0 0.00421315 0.88186 0.928644 0.000611037 0.000309318 0.946722 2.53618e-05 0.00639465
2.98023e-08 0.0015308 0.0 2.3514e-05 0.0 0.000568569 0.0 0.0 0.00021708 0.00173715 7.7486e-07 0.000431508 0.0732334 0.00234866 0.0 0.523496 0.0 0.984089 2.5928e-06 0.00506613 1.78814e-07 0.0520963 0.0 0.00865227 0.0500163 1.2517e-06 0.00201902 0.0 0.000199705 0.0410627 0.0 0.0 0.0920622 0.0 7.03931e-05 1.57952e-05 0.000949413 0.0 1.19209e-07 0.0 0.0055404 3.09944e-05 0.777789 0.0 0.0379971 0.000631183 0.0 0.0 0.135268 0.0 0.00262922 0.000565857 0.000587791 0.0 0.0 0.0139263 0.000253379 0.0 0.0 7.80821e-06 0.0 0.0 0.000176162 0.0
0.0536234 0.100798 0.0 0.976631 0.0 0.315756 2.08616e-07 0.0 0.0393899 0.0 0.0 0.539724 0.0 0.0 0.0 1.10567e-05 0.0 3.15309e-05 0.315166 0.0 0.0528376 1.63913e-05 0.0 0.0409141 0.0 0.402372 0.443046 0.0 0.300783 0.0 0.0 0.0021573 1.78814e-06 0.0 0.35915 0.717308 0.622387 0.0 0.417593 1.84774e-05 0.00215951 0.7065 4.70877e-06 0.0 0.0228746 0.0 0.0175124 0.078501 0.000593901 0.0 3.27826e-07 0.0 0.450214 0.0 2.98023e-08 8.9407e-08 0.236613 0.0902003 0.00667971 0.00045684 2.08616e-07 0.031544 0.00719652 3.45707e-06
0.0964164 0.0 0.0 1.37985e-05 0.0 5.96046e-08 0.586731 0.0 8.9407e-08 0.0 0.0 2.08616e-07 0.0 0.0 0.0 0.0 0.0 0.0 5.73397e-05 0.0 0.00472587 0.0 0.0 0.0 0.0 0.000340372 2.98023e-08 0.0 1.49012e-07 0.0 0.0 0.939942 0.0 0.0 1.40071e-06 1.86861e-05 8.9407e-08 0.0 0.00476655 0.978909 0.0 1.00732e-05 0.0 0.0 0.0 0.0 0.317406 0.28449 0.0 0.0 0.0 0.0 1.12057e-05 0.0 0.2032 0.0 5.96046e-08 0.0576887 0.447233 4.47035e-07 0.485083 0.57303 0.0 0.909396
0.0 0.000281334 0.0 3.06964e-06 0.0 0.000499606 0.0 0.0 0.000898927 0.00158271 5.66244e-07 0.000309318 0.00109014 0.00457454 0.0 0.774037 0.0 0.133577 1.3113e-06 0.00778115 8.9407e-08 0.0283705 0.0 0.0169679 0.00949615 3.8743e-07 0.00110596 0.0 0.000274926 0.0249448 0.0 0.0 0.983047 0.0 5.26309e-05 6.58631e-06 0.000705153 0.0 2.98023e-08 0.0 0.00939894 1.48714e-05 0.670068 0.0 0.0639032 0.00577715 0.0 0.0 0.177643 0.0 0.00192016 0.000486165 0.000486225 0.0 0.0 0.0171492 0.000399262 0.0 0.0 4.47035e-07 0.0 0.0 1.09375e-05 0.0
2.98023e-07 0.188299 0.0 0.000381231 0.0 0.0400774 0.0 0.0 0.0124755 6.38068e-05 2.98023e-08 0.0254526 0.0108763 0.00504544 0.0 0.919362 0.0 0.0974942 0.000116616 0.0284195 2.86102e-06 0.919184 0.0 0.742799 0.00047943 2.96235e-05 0.105987 0.0 0.0522164 0.0406809 0.0 0.0 0.172234 0.0 0.0048086 0.000472009 0.0681811 0.0 2.95043e-06 0.0 0.90609 0.000661701 0.470567 0.0 0.945664 0.000952691 2.98023e-08 5.96046e-08 0.984762 0.0 0.138862 0.000805855 0.00618228 0.0 0.0 0.230972 0.0557078 3.57628e-07 0.0 0.00114411 0.0 5.96046e-08 0.00695929 0.0
0.0 3.42727e-06 0.00143921 0.0 8.14497e-05 1.49012e-07 0.0 1.16527e-05 6.25849e-07 0.588177 0.0498845 8.9407e-08 0.16728 0.95852 0.0 0.0053747 1.19209e-07 3.11434e-05 0.0 0.879305 0.0 0.0635815 0.0 1.80006e-05 0.00106326 0.0 4.47035e-07 1.63317e-05 2.08616e-07 0.611396 1.19209e-07 0.0 0.00156596 0.0 8.9407e-08 0.0 1.78814e-07 6.85453e-07 0.0 0.0 0.00105473 0.0 0.00483382 0.0 0.000234276 0.902684 0.0 0.0 0.00307351 0.000239879 0.683397 0.98098 1.19209e-07 0.0 0.0 0.765922 2.08616e-07 0.0 0.0 1.78814e-07 0.0 0.0 2.22623e-05 0.0
0.00236833 0.942787 0.0 0.211524 0.0 0.964018 0.0 0.0 0.153681 0.0 0.0 0.963997 8.64267e-07 2.68221e-07 0.0 0.00322106 0.0 0.00114256 0.426928 1.51992e-06 0.025039 0.00468159 0.0 0.919433 2.98023e-08 0.102754 0.919348 0.0 0.979296 1.43051e-06 0.0 1.59144e-05 0.000444174 0.0 0.918278 0.428371 0.968193 0.0 0.0215243 8.9407e-08 0.493504 0.12722 0.000449568 0.0 0.797913 8.9407e-08 0.000293761 0.000496686 0.147574 0.0 7.71284e-05 2.08616e-07 0.421757 0.0 0.0 1.73151e-05 0.980541 0.00215688 0.000120848 0.0437398 0.0 0.000167936 0.0855552 5.96046e-08
0.000220537 0.215831 0.0 0.00945204 0.0 0.11257 0.0 0.0 0.00103948 2.98023e-08 0.0 0.252958 2.05636e-06 9.23872e-07 0.0 0.000196874 0.0 0.000123411 0.0127641 5.1856e-06 0.000861257 0.00203747 0.0 0.332592 0.0 0.0110922 0.419139 0.0 0.231621 5.03659e-06 0.0 2.80142e-06 1.34408e-05 0.0 0.273353 0.0769426 0.217388 0.0 0.00265846 0.0 0.109269 0.00478423 2.2471e-05 0.0 0.162563 9.53674e-07 4.00543e-05 8.80361e-05 0.00522527 0.0 0.000553101 1.69873e-06 0.0191185 0.0 0.0 4.23491e-05 0.27942 0.000248939 1.46031e-05 0.00291464 0.0 3.42727e-05 0.987857 0.0
2.563e-06 0.496777 0.0 0.00218123 0.0 0.140637 0.0 0.0 0.0447703 1.50204e-05 0.0 0.12163 0.00107437 0.00112486 0.0 0.319485 0.0 0.00358671 0.00113279 0.0066964 2.91169e-05 0.82479 0.0 0.880328 2.49147e-05 0.000269622 0.406679 0.0 0.284023 0.00826284 0.0 8.9407e-08 0.0102767 0.0 0.0399846 0.00358611 0.318989 0.0 2.88785e-05 0.0 0.979616 0.00308082 0.021225 0.0 0.938824 0.000193685 2.98023e-07 5.06639e-07 0.913212 0.0 0.199724 0.000372648 0.00992084 0.0 0.0 0.0962149 0.298246 2.29478e-06 1.78814e-07 0.00951776 0.0 2.08616e-07 0.123901 0.0
0.000145763 0.0 0.0 1.19209e-07 0.0 0.0 0.984781 0.0 0.0 0.0 0.0 0.0 0.0 0.0 0.0 0.0 0.0 0.0 1.19209e-07 0.0 8.55327e-06 0.0 0.0 0.0 0.0 6.85453e-07 0.0 0.0 0.0 0.0 0.0 0.0600219 0.0 0.0 0.0 2.98023e-08 0.0 0.0 7.6592e-06 0.888227 0.0 2.98023e-08 0.0 0.0 0.0 0.0 0.00110513 0.000741899 0.0 0.0 0.0 0.0 0.0 0.0 0.92516 0.0 0.0 0.000171959 0.00312474 0.0 0.92966 0.00271031 0.0 0.958069
5.96046e-08 0.0265218 5.96046e-08 4.43757e-05 0.0 0.00516096 0.0 0.0 0.0020161 0.000590414 1.49012e-07 0.0030441 0.0508327 0.0132049 0.0 0.978856 0.0 0.277977 1.43647e-05 0.0844697 3.27826e-07 0.852667 0.0 0.323469 0.00510064 3.51667e-06 0.0157026 0.0 0.00625402 0.255562 0.0 0.0 0.570066 0.0 0.000573128 5.52833e-05 0.00877398 0.0 2.68221e-07 0.0 0.65452 7.97212e-05 0.840857 0.0 0.775338 0.00610223 0.0 0.0 0.956057 0.0 0.104575 0.00186855 0.00177529 0.0 0.0 0.36432 0.00666499 1.19209e-07 0.0 0.00018698 0.0 0.0 0.0015319 0.0
0.927242 0.00399196 0.0 0.211656 0.0 0.074564 5.1558e-06 0.0 0.00479785 0.0 0.0 0.228718 0.0 0.0 0.0 2.98023e-08 0.0 8.9407e-08 0.859769 0.0 0.910702 1.19209e-07 0.0 0.00107008 0.0 0.967158 0.0480039 0.0 0.0749955 0.0 0.0 0.183811 8.9407e-08 0.0 0.484487 0.917538 0.0995368 0.0 0.970915 0.00129539 7.39098e-06 0.419379 0.0 0.0 6.76811e-05 0.0 0.760044 0.830776 1.2815e-06 0.0 0.0 0.0 0.430949 0.0 1.2219e-06 0.0 0.0644647 0.791081 0.575642 0.000337273 1.73151e-05 0.716567 0.00045979 0.000349492
0.145434 0.0 0.0 2.64347e-05 0.0 2.08616e-07 0.701845 0.0 2.98023e-08 0.0 0.0 5.06639e-07 0.0 0.0 0.0 0.0 0.0 0.0 0.000124812 0.0 0.00939125 0.0 0.0 0.0 0.0 0.000751406 5.96046e-08 0.0 1.19209e-07 0.0 0.0 0.942829 0.0 0.0 3.24845e-06 4.13656e-05 1.19209e-07 0.0 0.00916532 0.975655 0.0 2.2918e-05 0.0 0.0 0.0 0.0 0.464819 0.384518 0.0 0.0 0.0 0.0 1.8537e-05 0.0 0.364472 0.0 2.08616e-07 0.142186 0.741397 1.07288e-06 0.703436 0.702511 0.0 0.973209
0.0275541 0.0 0.0 1.96695e-06 0.0 2.98023e-08 0.837557 0.0 0.0 0.0 0.0 2.98023e-08 0.0 0.0 0.0 0.0 0.0 0.0 1.40369e-05 0.0 0.00122666 0.0 0.0 0.0 0.0 8.60095e-05 0.0 0.0 0.0 0.0 0.0 0.841313 0.0 0.0 2.98023e-07 4.91738e-06 2.98023e-08 0.0 0.00114498 0.952102 0.0 2.47359e-06 0.0 0.0 0.0 0.0 0.150713 0.0529386 0.0 0.0 0.0 0.0 3.27826e-06 0.0 0.498457 0.0 5.96046e-08 0.0192003 0.368915 1.49012e-07 0.755507 0.162181 0.0 0.975469
0.874141 9.0301e-05 0.0 0.0316111 0.0 0.00353804 0.00018698 0.0 4.84586e-05 0.0 0.0 0.00649542 0.0 0.0 0.0 0.0 0.0 0.0 0.258673 0.0 0.793491 0.0 0.0 2.5779e-05 0.0 0.670713 0.000894427 0.0 0.00139093 0.0 0.0 0.44053 0.0 0.0 0.0140036 0.226113 0.00153705 0.0 0.923497 0.0335374 1.19209e-07 0.0572597 0.0 0.0 1.51992e-06 0.0 0.836647 0.919749 1.19209e-07 0.0 0.0 0.0 0.143122 0.0 4.70877e-05 0.0 0.00185773 0.982372 0.843937 1.68979e-05 0.000538588 0.917359 1.51694e-05 0.00786975
1.93417e-05 0.0 0.0 0.0 0.0 0.0 0.967203 0.0 0.0 0.0 0.0 0.0 0.0 0.0 0.0 0.0 0.0 0.0 0.0 0.0 1.10269e-06 0.0 0.0 0.0 0.0 2.08616e-07 0.0 0.0 0.0 0.0 0.0 0.00704667 0.0 0.0 0.0 0.0 0.0 0.0 9.23872e-07 0.609618 0.0 0.0 0.0 0.0 0.0 0.0 0.000130773 9.22382e-05 0.0 0.0 0.0 0.0 0.0 0.0 0.982432 0.0 0.0 1.96397e-05 0.000439376 0.0 0.85159 0.000403762 0.0 0.736906
0.00301519 0.0 0.0 7.45058e-07 0.0 0.0 0.969909 0.0 0.0 0.0 0.0 0.0 0.0 0.0 0.0 0.0 0.0 0.0 2.5332e-06 0.0 0.000176728 0.0 0.0 0.0 0.0 1.41561e-05 0.0 0.0 0.0 0.0 0.0 0.482638 0.0 0.0 8.9407e-08 7.7486e-07 0.0 0.0 0.000159085 0.97326 0.0 3.8743e-07 0.0 0.0 0.0 0.0 0.0188993 0.0141722 0.0 0.0 0.0 0.0 3.57628e-07 0.0 0.916093 0.0 0.0 0.00340614 0.0607119 5.96046e-08 0.929707 0.0567143 0.0 0.979914
0.856794 2.98023e-07 0.0 0.000396818 0.0 9.62615e-06 0.0235308 0.0 1.75834e-06 0.0 0.0 1.87755e-05 0.0 0.0 0.0 0.0 0.0 0.0 0.00507173 0.0 0.183672 0.0 0.0 5.96046e-08 0.0 0.0342196 2.77162e-06 0.0 4.88758e-06 0.0 0.0 0.983326 0.0 0.0 0.000125468 0.0017074 6.34789e-06 0.0 0.291009 0.781098 0.0 0.000478178 0.0 0.0 0.0 0.0 0.902954 0.744549 0.0 0.0 0.0 0.0 0.000656188 0.0 0.00519261 0.0 6.07967e-06 0.456928 0.938216 1.32322e-05 0.0388655 0.853916 0.0 0.545992
0.000237972 0.0 0.0 2.98023e-08 0.0 0.0 0.975255 0.0 0.0 0.0 0.0 0.0 0.0 0.0 0.0 0.0 0.0 0.0 1.49012e-07 0.0 1.28448e-05 0.0 0.0 0.0 0.0 9.23872e-07 0.0 0.0 0.0 0.0 0.0 0.0885325 0.0 0.0 0.0 5.96046e-08 0.0 0.0 1.13249e-05 0.890958 0.0 0.0 0.0 0.0 0.0 0.0 0.00179505 0.00103906 0.0 0.0 0.0 0.0 1.19209e-07 0.0 0.941748 0.0 0.0 0.000262916 0.0057953 0.0 0.870721 0.00462681 0.0 0.957369
0.651698 0.823449 2.83122e-06 0.554475 0.0 0.947374 1.49012e-07 0.0 0.21099 0.0 5.06639e-07 0.000433534 0.0 0.0 0.0 0.0 0.0 0.0 0.102954 0.0 0.821343 0.000546932 0.0 0.261325 4.14252e-06 0.822119 0.933581 0.0 0.623442 0.0 0.0 0.127736 1.96695e-05 0.0 0.848592 0.00393671 4.67896e-06 0.0 0.285241 3.29614e-05 0.111885 0.576216 0.0 0.0 0.667696 0.0 9.23872e-07 0.342915 0.0 0.0 1.78814e-07 0.0 0.983998 0.0 1.19209e-07 2.98023e-08 0.544354 0.0234274 0.0257338 0.126005 6.88434e-06 0.000691235 0.0775121 0.000705332
0.362237 0.922456 1.72853e-06 0.781414 0.0 0.941495 1.19209e-07 0.0 0.177955 0.0 2.68221e-07 0.000298113 0.0 0.0 0.0 0.0 0.0 0.0 0.0254308 0.0 0.443713 0.0004448 0.0 0.239235 2.5034e-06 0.884257 0.97769 0.0 0.495336 0.0 0.0 0.0392663 1.07288e-05 0.0 0.831835 0.00310612 4.35114e-06 0.0 0.0918314 6.15418e-05 0.107414 0.246293 0.0 0.0 0.927506 0.0 5.96046e-08 0.448669 0.0 0.0 1.49012e-07 0.0 0.927343 0.0 8.9407e-08 0.0 0.449716 0.0302927 0.0515453 0.23388 1.06394e-05 0.00131676 0.275016 0.00116113
0.0 0.0 9.20892e-06 0.0 0.032458 0.0 0.0 0.947849 0.0 1.19209e-07 8.11219e-05 2.02656e-06 0.524489 0.203212 0.988967 0.0 0.0 0.0108403 0.0 0.257202 0.0 3.8743e-07 0.600891 0.0 0.000118852 0.0 0.0 2.08616e-07 0.0 0.0 0.734792 0.0 3.09944e-06 0.114085 0.0 2.08616e-07 5.59986e-05 0.875519 0.0 0.0 0.0 0.0 0.933599 0.424829 0.0 0.000435352 1.43051e-06 0.0 0.000639111 0.0443678 0.000151992 0.0226575 0.0 2.86102e-05 0.0 0.000294209 0.0 0.0 0.0 0.0 0.0 0.0 0.0 0.0
0.000335723 0.000225693 0.0 0.0356486 0.0 0.000239849 0.174208 0.0 8.9407e-08 0.0 0.0 0.0 0.0 0.0 0.0 0.0 0.0 0.0 1.78814e-07 0.0 1.2666e-05 0.0 0.0 2.38419e-07 0.0 0.0303283 0.000383854 0.0 3.27826e-07 0.0 0.0 0.152397 0.0 0.0 3.12626e-05 0.0 0.0 0.0 0.0024361 0.890799 1.19209e-07 1.27554e-05 0.0 0.0 0.00388414 0.0 0.0 0.501772 0.0 0.0 0.0 0.0 0.000995666 0.0 0.0689988 0.0 0.000540167 0.23357 0.321862 0.896312 0.715693 0.657199 8.58307e-06 0.981762
0.0 0.0 0.00318548 0.0 0.896687 0.0 0.0 0.928652 4.76837e-07 0.0 0.0367187 0.00044477 0.000592023 0.529587 0.65947 0.0 0.0 0.334819 2.98023e-08 0.737305 0.0 9.88841e-05 0.946878 5.96046e-08 0.0336888 0.0 0.0 0.0 0.0 0.0 0.979587 0.0 0.000994325 7.21216e-06 0.0 4.24981e-05 0.00757331 0.877582 0.0 0.0 1.78814e-07 0.0 0.990689 0.402275 0.0 0.0048357 8.52346e-06 0.0 0.0191551 0.88367 0.0270292 0.0930145 0.0 0.000977069 0.0 0.0577056 0.0 0.0 0.0 0.0 0.0 0.0 0.0 0.0
0.498673 0.930962 2.08616e-07 0.91039 0.0 0.958671 6.25849e-07 0.0 0.0233244 0.0 1.19209e-07 2.64049e-05 0.0 0.0 0.0 0.0 0.0 0.0 0.0166436 0.0 0.458646 4.51803e-05 0.0 0.0846518 2.08616e-07 0.982382 0.974481 0.0 0.217863 0.0 0.0 0.168512 1.10269e-06 0.0 0.831319 0.000325263 5.06639e-07 0.0 0.28235 0.000450015 0.0214322 0.265125 0.0 0.0 0.965618 0.0 8.9407e-08 0.82968 0.0 0.0 0.0 0.0 0.944058 0.0 2.98023e-07 0.0 0.619121 0.163742 0.222308 0.719868 8.31485e-05 0.0112321 0.162988 0.0102794
0.0 0.0 0.0 2.5034e-06 0.0 0.0 0.964722 0.0 0.0 0.0 0.0 0.0 0.0 0.0 0.0 0.0 0.0 0.0 0.0 0.0 0.0 0.0 0.0 0.0 0.0 7.7486e-07 0.0 0.0 0.0 0.0 0.0 1.39475e-05 0.0 0.0 0.0 0.0 0.0 0.0 8.9407e-08 0.536413 0.0 0.0 0.0 0.0 1.19209e-07 0.0 0.0 2.28584e-05 0.0 0.0 0.0 0.0 1.19209e-07 0.0 0.979376 0.0 8.9407e-08 0.000180215 0.00012055 0.000285268 0.790069 0.031401 0.0 0.148689
0.0 0.0 0.19206 0.0 0.98138 0.0 0.0 0.144935 3.86834e-05 0.0 0.581778 0.0342187 4.50015e-06 0.129984 0.0449088 0.0 0.0 0.566087 2.38419e-06 0.529178 2.98023e-08 0.00512022 0.710718 1.90735e-06 0.636069 0.0 0.0 0.0 1.93715e-06 0.0 0.852168 0.0 0.064568 1.19209e-07 8.9407e-08 0.00333348 0.0804184 0.236316 0.0 0.0 1.27852e-05 8.9407e-08 0.932397 0.0857267 0.0 0.00146019 4.07398e-05 0.0 0.0365152 0.971822 0.185501 0.0592464 0.0 0.00440001 0.0 0.508721 0.0 0.0 0.0 0.0 0.0 0.0 1.78814e-07 0.0
0.00233549 0.0743291 8.22544e-05 0.188436 2.98023e-08 0.0902719 0.0 0.0 0.140858 0.0 2.90275e-05 0.00445756 0.0 0.0 0.0 0.0 0.0 0.0 0.00190356 0.0 0.0150972 0.00139514 0.0 0.0301512 6.07073e-05 0.0654981 0.519299 0.0 0.0649543 0.0 0.0 8.5324e-05 0.000327885 0.0 0.0310734 0.00456044 7.53999e-06 0.0 0.000917941 2.14577e-06 0.0429713 0.00212806 0.0 0.0 0.0786397 0.0 1.54972e-06 0.00581318 8.9407e-08 0.0 3.99351e-06 5.96046e-08 0.151005 2.98023e-08 0.0 1.51992e-06 0.00349176 0.000471652 0.000577629 0.00371668 2.68221e-07 3.73721e-05 0.980896 2.49743e-05
0.0 0.0 0.0110658 0.0 0.600793 0.0 0.0 0.745839 1.93715e-06 0.0 0.14988 0.00222647 3.03984e-05 0.39555 0.0568957 0.0 0.0 0.516359 1.19209e-07 0.987732 0.0 0.000457436 0.7809 5.96046e-08 0.0143685 0.0 0.0 0.0 1.19209e-07 0.0 0.782656 0.0 0.00123468 2.98023e-06 0.0 0.000184685 0.10537 0.0546471 0.0 0.0 6.85453e-07 0.0 0.974057 0.0100718 0.0 0.00531673 6.32107e-05 0.0 0.450289 0.445767 0.278571 0.288537 0.0 0.0643565 0.0 0.289771 0.0 0.0 0.0 0.0 0.0 0.0 0.0 0.0
0.0 0.0 0.000859231 0.0 0.00462192 0.0 0.0 0.011023 5.06639e-07 0.0 0.0019806 0.000149578 2.98023e-08 0.00702357 2.03252e-05 0.0 0.0 0.0598284 0.0 0.0289969 0.0 6.04391e-05 0.000572413 1.49012e-07 0.00692698 0.0 0.0 0.0 2.98023e-08 0.0 0.00116459 0.0 0.000170082 0.0 0.0 2.36332e-05 0.00425488 4.92036e-05 0.0 0.0 8.9407e-08 0.0 0.0109723 1.96695e-06 0.0 0.937546 0.0 0.0 0.000113606 0.0031507 0.000789076 2.16365e-05 0.0 0.000555247 0.0 0.0118527 0.0 0.0 0.0 0.0 0.0 0.0 0.0 0.0
0.823877 0.953206 2.23517e-05 0.0959684 0.0 0.968891 0.0 0.0 0.626182 0.0 3.69549e-06 0.00456229 0.0 0.0 0.0 0.0 0.0 0.0 0.669604 0.0 0.924142 0.00647447 0.0 0.89591 3.99053e-05 0.652845 0.70669 0.0 0.9387 0.0 0.0 0.0761912 0.000151038 0.0 0.983344 0.0554172 7.73668e-05 0.0 0.401783 5.75185e-06 0.688739 0.919947 0.0 0.0 0.716689 0.0 6.3777e-06 0.098383 1.19209e-07 0.0 1.63913e-06 0.0 0.725307 0.0 0.0 2.38419e-07 0.824707 0.018255 0.0214481 0.0244475 1.01328e-06 0.000120997 0.0160576 0.000103325
0.0 1.78814e-07 0.066154 0.0 0.0499673 1.19209e-07 0.0 0.00114143 0.000485629 0.0 0.119347 0.155859 5.96046e-08 0.0495743 0.000381529 0.0 0.0 0.0605468 6.89626e-05 0.394431 8.64267e-07 0.068462 0.0191691 4.33922e-05 0.0239188 0.0 1.19209e-07 0.0 3.93391e-05 0.0 0.0198954 0.0 0.00307673 0.0 5.96046e-07 0.0363789 0.858029 0.00051111 8.9407e-08 0.0 0.00025478 1.01328e-06 0.134462 0.000480592 2.98023e-08 3.63588e-06 0.00140899 0.0 0.985882 0.0265018 0.93058 0.0163768 5.96046e-08 0.240758 0.0 0.454615 1.49012e-07 0.0 0.0 0.0 0.0 0.0 2.08616e-07 0.0
2.98023e-08 8.9407e-08 0.0738629 0.0 0.0100195 2.98023e-08 0.0 7.93636e-05 0.000189632 0.0 0.0150812 0.0484588 0.0 0.116135 8.85129e-06 0.0 0.0 0.379657 1.09673e-05 0.267048 2.38419e-07 0.0216657 0.00265679 1.2219e-05 0.0489305 0.0 2.98023e-08 0.0 1.08778e-05 0.0 0.000472337 0.0 0.0127793 0.0 8.9407e-08 0.00869802 0.0702493 3.36468e-05 8.9407e-08 0.0 4.83096e-05 2.08616e-07 0.00781181 0.000139803 0.0 4.20511e-05 0.000106037 0.0 0.343342 0.0173186 0.408253 0.0460407 2.98023e-08 0.99257 0.0 0.04355 5.96046e-08 0.0 0.0 0.0 0.0 0.0 2.68221e-07 0.0
0.0 0.0 0.0 0.0 3.30508e-05 0.0 0.0 0.0156317 0.0 5.96046e-08 1.78814e-07 0.0 0.999388 0.000135034 0.0416882 0.0 5.24521e-06 8.49366e-06 0.0 0.000596523 0.0 0.0 0.00281879 0.0 1.19209e-07 0.0 0.0 2.38419e-07 0.0 0.0 0.00245801 0.0 0.0 0.922362 0.0 0.0 8.9407e-08 0.0351749 0.0 0.0 0.0 0.0 0.00954175 0.00616664 0.0 2.68221e-07 0.0 0.0 5.66244e-07 2.92659e-05 1.78814e-07 4.46737e-05 0.0 8.9407e-08 0.0 2.98023e-07 0.0 0.0 0.0 0.0 0.0 0.0 0.0 0.0
1.2517e-06 1.54972e-06 0.397896 0.0 0.160652 1.2517e-06 0.0 0.000242233 0.00518981 0.0 0.826605 0.694027 0.0 0.00335938 5.64456e-05 0.0 0.0 0.0429019 0.00100544 0.104095 1.34706e-05 0.378591 0.00325933 0.000609845 0.180096 0.0 1.01328e-06 0.0 0.00046882 0.0 0.00688329 0.0 0.0336154 0.0 6.88434e-06 0.294508 0.973575 0.000195861 8.64267e-07 0.0 0.0035097 1.2815e-05 0.0223717 0.000112832 1.49012e-07 1.32024e-05 0.00112003 0.0 0.897605 0.0435368 0.98221 0.00272429 8.34465e-07 0.0766064 0.0 0.877092 8.64267e-07 0.0 0.0 0.0 0.0 0.0 4.11272e-06 0.0
0.0 0.0 0.0 0.0 0.0 0.0 0.0 0.0 0.0 0.863573 0.0 0.0 0.0 0.0 0.0 0.0248189 9.48012e-05 0.0 0.0 0.0 0.0 0.0 0.0 0.0 0.0 0.0 0.0 0.999915 0.0 0.0 0.0 0.0 0.0 1.49012e-07 0.0 0.0 0.0 0.0 0.0 0.0 0.0 0.0 0.0 0.0 0.0 0.0 0.0 0.0 0.0 0.0 0.0 0.0 0.0 0.0 0.0 0.0 0.0 0.0 0.0 0.0 0.0 0.0 0.0 0.0
0.883931 0.966366 2.41399e-06 0.275866 0.0 0.983212 5.96046e-08 0.0 0.262372 0.0 4.17233e-07 0.000479847 0.0 0.0 0.0 0.0 0.0 0.0 0.423015 0.0 0.938901 0.00076884 0.0 0.635441 4.17233e-06 0.905577 0.781872 0.0 0.825593 0.0 0.0 0.21677 1.76132e-05 0.0 0.973545 0.00624183 8.43406e-06 0.0 0.693351 5.64754e-05 0.301311 0.862403 0.0 0.0 0.773897 0.0 6.07967e-06 0.528341 0.0 0.0 1.78814e-07 0.0 0.887108 0.0 2.98023e-08 8.9407e-08 0.813302 0.128719 0.130635 0.194326 1.08182e-05 0.00109279 0.0224991 0.00111628
0.907969 0.83566 4.81904e-05 0.00736341 0.0 0.87029 0.0 0.0 0.356788 0.0 8.13603e-06 0.00899014 0.0 0.0 0.0 0.0 0.0 0.0 0.884014 0.0 0.948402 0.0121407 0.0 0.827807 8.39829e-05 0.276084 0.114029 0.0 0.877212 0.0 0.0 0.133821 0.000236928 0.0 0.924428 0.0913489 0.00014025 0.0 0.782926 3.99351e-06 0.489736 0.979449 0.0 0.0 0.157886 0.0 6.1363e-05 0.0611722 1.49012e-07 0.0 2.95043e-06 0.0 0.453182 0.0 0.0 6.85453e-07 0.814141 0.0176207 0.011934 0.0135333 9.23872e-07 6.59525e-05 0.000507832 8.0198e-05
0.0 0.0 0.0 0.0 0.0 0.0 0.0 0.0 0.0 0.0 0.0 0.0 0.0 0.0 0.0 0.0 0.0 0.0 0.0 0.0 0.0 0.0 0.0 0.0 0.0 0.0 0.0 0.0 0.0 0.997909 0.0 0.0 0.0 0.0 0.0 0.0 0.0 0.0 0.0 0.0 0.0 0.0 0.0 0.0 0.0 0.0 0.0 0.0 0.0 0.0 0.0 0.0 0.0 0.0 0.0 0.0 0.0 0.0 0.0 0.0 0.0 0.0 0.0 0.0
0.976976 0.819374 4.29153e-06 0.0220117 0.0 0.83794 1.49012e-07 0.0 0.0642837 0.0 6.55651e-07 0.000658691 0.0 0.0 0.0 0.0 0.0 0.0 0.469678 0.0 0.891895 0.000837028 0.0 0.227086 6.19888e-06 0.597235 0.203384 0.0 0.519862 0.0 0.0 0.211753 1.40369e-05 0.0 0.906332 0.00746158 1.21295e-05 0.0 0.264372 3.0607e-05 0.163847 0.858246 0.0 0.0 0.379365 0.0 3.8743e-06 0.322791 5.96046e-08 0.0 2.68221e-07 0.0 0.472024 0.0 1.19209e-07 8.9407e-08 0.968715 0.0231578 0.029336 0.0957918 7.12276e-06 0.00046891 0.000693798 0.000632465
0.0 2.98023e-08 0.0206544 0.0 0.211528 5.96046e-08 0.0 0.0116801 0.000108719 0.0 0.0354721 0.0114149 1.43051e-06 0.0140047 0.0106829 0.0 0.0 0.0205423 2.71201e-06 0.254729 1.19209e-07 0.00378489 0.23859 7.89762e-06 0.0890174 0.0 5.96046e-08 0.0 6.73532e-06 0.0 0.160873 0.0 0.0402502 0.0 1.49012e-07 0.00163087 0.00106609 0.00718862 0.0 0.0 1.17719e-05 2.08616e-07 0.385347 0.323032 0.0 2.77162e-06 0.0166513 0.0 0.0177965 0.323529 0.0346175 0.984109 5.96046e-08 0.00890028 0.0 0.00560582 0.0 0.0 0.0 0.0 0.0 0.0 5.96046e-07 0.0
0.0 0.0 0.0 0.0 0.0 0.0 0.0 5.06639e-07 0.0 4.52995e-06 0.0 0.0 2.09808e-05 0.0 0.0 0.0 0.992253 0.0 0.0 0.0 0.0 0.0 0.0 0.0 0.0 0.0 0.0 0.000403106 0.0 0.0 0.0 0.0 0.0 0.00158271 0.0 0.0 0.0 0.0 0.0 0.0 0.0 0.0 0.0 0.0 0.0 8.9407e-08 0.0 0.0 0.0 0.0 0.0 0.0 0.0 0.0 0.0 0.0 0.0 0.0 0.0 0.0 0.0 0.0 0.0 0.0
0.382906 0.513105 0.00799131 0.00263664 4.76837e-07 0.517086 0.0 0.0 0.96556 0.0 0.00121254 0.669361 0.0 0.0 0.0 0.0 0.0 1.49012e-07 0.952583 0.0 0.843484 0.606428 0.0 0.967109 0.0146535 0.0181712 0.107677 0.0 0.967832 0.0 0.0 0.00126317 0.0320551 0.0 0.72957 0.910805 0.0168111 0.0 0.0806271 8.9407e-08 0.983184 0.718049 0.0 0.0 0.0562707 0.0 0.000208199 0.000907123 2.90871e-05 3.57628e-07 0.000577152 5.96046e-08 0.0828549 1.57952e-06 0.0 0.000121921 0.198342 0.000213653 0.000196636 0.000187337 0.0 8.64267e-07 0.021155 6.55651e-07
0.147434 0.412973 0.0136911 0.00384867 8.34465e-07 0.500433 0.0 0.0 0.94413 0.0 0.00174159 0.743646 0.0 0.0 0.0 0.0 0.0 2.68221e-07 0.897215 0.0 0.711332 0.742436 0.0 0.971208 0.0273575 0.0176592 0.139055 0.0 0.966806 0.0 0.0 0.001701 0.0398737 0.0 0.759723 0.935849 0.0359394 0.0 0.125714 8.9407e-08 0.935511 0.761413 0.0 0.0 0.0568585 0.0 0.000178546 0.000821471 6.22571e-05 5.06639e-07 0.00102964 4.47035e-07 0.148193 3.18885e-06 0.0 0.000231683 0.134625 0.00023666 0.00019145 0.00019145 0.0 1.01328e-06 0.0191055 7.7486e-07
0.542585 0.605458 0.0 0.531038 0.0 0.676917 2.27392e-05 0.0 0.000342846 0.0 0.0 3.27826e-07 0.0 0.0 0.0 0.0 0.0 0.0 0.00109661 0.0 0.0967452 5.66244e-07 0.0 0.00179344 0.0 0.964479 0.560685 0.0 0.00468916 0.0 0.0 0.555413 8.9407e-08 0.0 0.255781 4.38094e-06 0.0 0.0 0.337187 0.0111517 0.00034672 0.0702462 0.0 0.0 0.79838 0.0 5.96046e-08 0.974871 0.0 0.0 0.0 0.0 0.707476 0.0 8.76188e-06 0.0 0.643467 0.3562 0.525283 0.954823 0.00255451 0.122499 0.00442326 0.226069
0.97076 0.845938 2.41399e-06 0.0323799 0.0 0.811321 0.0 0.0 0.0437201 0.0 3.27826e-07 0.000344187 0.0 0.0 0.0 0.0 0.0 0.0 0.183885 0.0 0.703903 0.000471801 0.0 0.221171 3.36766e-06 0.589988 0.404019 0.0 0.519771 0.0 0.0 0.172155 1.00732e-05 0.0 0.90973 0.00453961 6.16908e-06 0.0 0.0953258 4.95315e-05 0.0896517 0.815661 0.0 0.0 0.677603 0.0 6.25849e-07 0.378452 0.0 0.0 1.49012e-07 0.0 0.406074 0.0 0.0 0.0 0.984506 0.0136541 0.0168082 0.133375 9.74536e-06 0.000690907 0.00116679 0.00097689
0.0 0.0 0.27618 0.0 0.964842 0.0 0.0 0.0649306 8.05557e-05 0.0 0.344605 0.0579124 1.69873e-06 0.132472 0.0213224 0.0 0.0 0.735372 4.14252e-06 0.180081 5.96046e-08 0.0132642 0.545125 3.45707e-06 0.795488 0.0 0.0 0.0 3.51667e-06 0.0 0.657835 0.0 0.132893 0.0 1.19209e-07 0.00634173 0.0444671 0.165547 0.0 0.0 2.27988e-05 1.49012e-07 0.819695 0.134654 0.0 0.00162369 2.07424e-05 0.0 0.0274891 0.981563 0.206134 0.0950809 0.0 0.0105294 0.0 0.283426 0.0 0.0 0.0 0.0 0.0 0.0 2.08616e-07 0.0
0.053679 0.180248 0.348595 0.00144377 3.11136e-05 0.144563 0.0 0.0 0.989705 0.0 0.0682808 0.961952 0.0 1.19209e-07 0.0 0.0 0.0 1.30534e-05 0.802047 1.13249e-06 0.44368 0.925551 2.98023e-08 0.917712 0.466917 0.00287601 0.13339 0.0 0.923975 0.0 0.0 0.000204355 0.659088 0.0 0.321843 0.980713 0.119276 0.0 0.0255625 0.0 0.950855 0.338553 8.9407e-08 0.0 0.0216163 8.9407e-08 0.000183761 0.00012973 0.000723958 2.15471e-05 0.0186568 1.12653e-05 0.106847 0.000114918 0.0 0.00909793 0.0294088 3.47793e-05 3.14713e-05 2.7746e-05 0.0 1.49012e-07 0.0313928 1.19209e-07
7.15256e-07 8.64267e-07 0.841681 0.0 0.520284 7.15256e-07 0.0 0.000290751 0.00615543 0.0 0.930658 0.745398 0.0 0.00332153 0.000121474 0.0 0.0 0.0961098 0.000510782 0.111077 6.91414e-06 0.425498 0.00232372 0.000367522 0.794632 0.0 6.25849e-07 0.0 0.000327498 0.0 0.0126648 0.0 0.271854 0.0 4.35114e-06 0.318069 0.925569 0.000484377 5.36442e-07 0.0 0.00229838 7.21216e-06 0.0373311 7.91848e-05 1.78814e-07 0.000180423 2.20239e-05 0.0 0.346406 0.184168 0.8039 0.000635684 4.47035e-07 0.0196625 0.0 0.982173 4.47035e-07 0.0 0.0 0.0 0.0 0.0 3.12924e-06 0.0
0.0 0.0 0.000255823 0.0 0.399306 0.0 0.0 0.913268 0.0 0.0 0.00201517 4.01437e-05 0.0118343 0.271 0.780462 0.0 0.0 0.0773654 0.0 0.230665 0.0 7.48038e-06 0.804254 0.0 0.00322455 0.0 0.0 0.0 0.0 0.0 0.895296 0.0 7.35223e-05 0.000145733 0.0 3.57628e-06 0.00067082 0.982715 0.0 0.0 0.0 0.0 0.95507 0.382062 0.0 0.00135237 7.15256e-07 0.0 0.00178364 0.535031 0.00193828 0.0132279 0.0 0.000113249 0.0 0.00409573 0.0 0.0 0.0 0.0 0.0 0.0 0.0 0.0
0.0382766 0.0943314 0.0 0.0800519 0.0 0.0894192 0.000383556 0.0 3.99947e-05 0.0 0.0 1.19209e-07 0.0 0.0 0.0 0.0 0.0 0.0 0.00017643 0.0 0.00752297 1.49012e-07 0.0 0.00021714 0.0 0.645428 0.0103376 0.0 0.000535041 0.0 0.0 0.557025 0.0 0.0 0.0172348 5.66244e-07 0.0 0.0 0.646026 0.0433522 4.6134e-05 0.00974336 0.0 0.0 0.0373721 0.0 0.0 0.572519 0.0 0.0 0.0 0.0 0.0761577 0.0 0.000135303 0.0 0.0170105 0.985829 0.944918 0.748901 0.0372531 0.235607 0.000159144 0.468574
0.0885078 0.121743 0.125062 0.000639796 1.12653e-05 0.126152 0.0 0.0 0.976026 0.0 0.00635296 0.782967 0.0 0.0 0.0 0.0 0.0 4.64916e-06 0.608764 4.47035e-07 0.412788 0.843136 0.0 0.872011 0.175016 0.00204566 0.0781418 0.0 0.942029 0.0 2.98023e-08 0.000119656 0.11252 0.0 0.45463 0.968989 0.0879358 0.0 0.00230476 0.0 0.919997 0.31904 5.96046e-08 5.96046e-08 0.0230903 0.0 5.03659e-06 6.66082e-05 0.000337273 8.55327e-06 0.00378194 7.15256e-07 0.0329607 2.8491e-05 0.0 0.00223112 0.101853 1.12653e-05 8.37445e-06 1.30832e-05 0.0 1.49012e-07 0.0087797 2.98023e-08
0.0 0.0 0.000535339 0.0 0.160321 0.0 0.0 0.331198 1.78814e-07 0.0 0.000973701 0.000109106 2.06232e-05 0.990476 0.0768836 0.0 0.0 0.699465 0.0 0.82178 0.0 2.45273e-05 0.575083 0.0 0.00499973 0.0 0.0 0.0 0.0 0.0 0.405439 0.0 0.000149876 4.50015e-06 0.0 9.62615e-06 0.000817418 0.0619099 0.0 0.0 1.19209e-07 0.0 0.910988 0.0657695 0.0 0.0106953 1.66595e-05 0.0 0.0316791 0.255555 0.00748053 0.0725618 0.0 0.180498 0.0 0.00239545 0.0 0.0 0.0 0.0 0.0 0.0 0.0 0.0
0.92553 0.976916 1.2517e-06 0.15948 0.0 0.966925 1.19209e-07 0.0 0.167816 0.0 2.08616e-07 0.000246435 0.0 0.0 0.0 0.0 0.0 0.0 0.198707 0.0 0.897816 0.00038138 0.0 0.415736 1.93715e-06 0.874546 0.814907 0.0 0.704551 0.0 0.0 0.26106 9.53674e-06 0.0 0.940662 0.00324595 4.20213e-06 0.0 0.477702 7.32243e-05 0.198859 0.812938 0.0 0.0 0.897551 0.0 1.01328e-06 0.557749 0.0 0.0 5.96046e-08 0.0 0.802857 0.0 8.9407e-08 2.98023e-08 0.889052 0.0811345 0.0848965 0.239166 1.50204e-05 0.00134468 0.0132455 0.00151965
0.889824 0.88451 7.24792e-05 0.0657014 0.0 0.944265 0.0 0.0 0.805615 0.0 1.22786e-05 0.0157623 0.0 0.0 0.0 0.0 0.0 0.0 0.91481 0.0 0.980669 0.0217452 0.0 0.933637 0.000144482 0.44093 0.487204 0.0 0.970641 0.0 0.0 0.0407673 0.000523359 0.0 0.957485 0.171057 0.000243515 0.0 0.417883 2.5034e-06 0.87502 0.930805 0.0 0.0 0.329091 0.0 6.43432e-05 0.0483777 4.17233e-07 0.0 5.48363e-06 0.0 0.732715 0.0 0.0 9.53674e-07 0.755899 0.00907457 0.00671795 0.0106346 4.76837e-07 5.59986e-05 0.0149463 4.60148e-05
0.474811 0.564234 0.0115749 0.00605279 6.85453e-07 0.591442 0.0 0.0 0.967822 0.0 0.00167257 0.710356 0.0 0.0 0.0 0.0 0.0 2.08616e-07 0.939431 2.98023e-08 0.855257 0.701507 0.0 0.966614 0.0229293 0.0305319 0.283589 0.0 0.982444 0.0 0.0 0.0019998 0.039338 0.0 0.823103 0.941982 0.0238613 0.0 0.0883704 1.19209e-07 0.971098 0.819844 0.0 0.0 0.0710449 0.0 7.49528e-05 0.00162521 4.52995e-05 4.76837e-07 0.000863135 1.19209e-07 0.259553 2.77162e-06 0.0 0.000162631 0.403606 0.000360429 0.000292391 0.000363916 2.98023e-08 1.87755e-06 0.0185167 1.51992e-06
0.0 0.0 0.0034076 0.0 0.805025 0.0 0.0 0.834521 5.36442e-07 0.0 0.0197179 0.00056836 0.000158936 0.563025 0.299319 0.0 0.0 0.608707 0.0 0.929617 0.0 0.000106931 0.983014 0.0 0.0295863 0.0 0.0 0.0 0.0 0.0 0.949761 0.0 0.00117171 4.97699e-06 0.0 4.92632e-05 0.00527751 0.526887 0.0 0.0 1.49012e-07 0.0 0.988999 0.461728 0.0 0.00177875 4.71771e-05 0.0 0.0725446 0.846094 0.0477438 0.660032 0.0 0.0111844 0.0 0.0194418 0.0 0.0 0.0 0.0 0.0 0.0 0.0 0.0
3.03984e-06 3.57628e-07 4.28259e-05 0.0 2.85208e-05 8.04663e-07 0.0 6.55651e-07 1.21891e-05 0.0 0.000306994 0.00139174 2.98023e-08 5.69224e-06 7.80821e-06 0.0 0.0 1.51992e-06 0.000369966 0.000197202 1.61231e-05 0.000189543 2.24113e-05 1.72257e-05 1.5527e-05 0.0 5.96046e-08 0.0 1.21593e-05 0.0 1.11759e-05 0.0 1.15633e-05 0.0 3.75509e-06 0.000264645 0.000447899 5.66244e-07 7.12276e-06 0.0 8.89301e-05 5.99027e-06 3.50475e-05 0.000220329 0.0 0.0 0.989511 0.0 0.00235373 1.63317e-05 0.00154153 0.00164732 1.19209e-07 4.73261e-05 0.0 3.0458e-05 6.85453e-07 0.0 0.0 0.0 0.0 0.0 2.38419e-07 0.0
5.48959e-05 4.34816e-05 0.0 0.0110424 0.0 4.28855e-05 0.414663 0.0 0.0 0.0 0.0 0.0 0.0 0.0 0.0 0.0 0.0 0.0 2.98023e-08 0.0 2.5928e-06 0.0 0.0 5.96046e-08 0.0 0.00471309 6.65486e-05 0.0 1.19209e-07 0.0 0.0 0.0527893 0.0 0.0 6.49691e-06 0.0 0.0 0.0 0.000411868 0.871501 0.0 2.83122e-06 0.0 0.0 0.000638217 0.0 0.0 0.108252 0.0 0.0 0.0 0.0 0.000158519 0.0 0.186712 0.0 8.88407e-05 0.171503 0.306493 0.5711 0.91674 0.680523 2.08616e-06 0.983717
0.000589579 0.000773579 0.852057 3.60608e-06 0.0033657 0.000620395 0.0 1.19209e-07 0.699524 0.0 0.341268 0.98387 0.0 1.37091e-05 1.19209e-07 0.0 0.0 0.00114286 0.257897 0.000115782 0.0065549 0.986116 5.36442e-06 0.222154 0.792667 8.49366e-06 0.000407308 0.0 0.203076 0.0 9.68575e-06 8.34465e-07 0.320744 0.0 0.00373998 0.983904 0.928011 7.7486e-07 0.000288904 0.0 0.509449 0.0069316 2.41399e-05 2.98023e-06 7.87675e-05 1.01328e-06 8.68738e-05 2.98023e-07 0.095327 0.00245017 0.568696 5.73695e-05 0.000254929 0.0033437 0.0 0.448949 0.000467807 1.19209e-07 8.9407e-08 5.96046e-08 0.0 0.0 0.000187218 0.0
0.459138 0.213468 5.96046e-08 0.00820419 0.0 0.348913 1.43647e-05 0.0 0.000472635 0.0 0.0 1.90735e-06 0.0 0.0 0.0 0.0 0.0 0.0 0.00384715 0.0 0.101657 3.69549e-06 0.0 0.00478137 0.0 0.533563 0.0183167 0.0 0.00652954 0.0 0.0 0.975168 1.49012e-07 0.0 0.137799 2.39015e-05 2.98023e-08 0.0 0.891308 0.00170323 0.000537038 0.2766 0.0 0.0 0.148365 0.0 1.78814e-07 0.584739 0.0 0.0 0.0 0.0 0.261937 0.0 5.03659e-06 0.0 0.244023 0.530439 0.47135 0.462218 0.00134355 0.00495374 3.37958e-05 0.0731764
0.349298 0.239501 0.0121684 0.000796974 1.10269e-06 0.298828 0.0 0.0 0.807961 0.0 0.00253004 0.720586 0.0 0.0 0.0 0.0 0.0 3.57628e-07 0.975051 1.19209e-07 0.812184 0.604687 0.0 0.923487 0.0205564 0.00840971 0.0155288 0.0 0.91585 0.0 0.0 0.000991583 0.0175523 0.0 0.634233 0.916266 0.0537598 0.0 0.123121 5.96046e-08 0.957849 0.682017 0.0 0.0 0.0104061 0.0 0.000777334 0.000478387 7.1317e-05 7.15256e-07 0.00125644 8.9407e-08 0.0257432 1.90735e-06 0.0 0.000256568 0.169449 0.000149459 0.000128299 0.000101924 0.0 5.36442e-07 0.00124419 4.76837e-07
0.0 0.0 0.163899 0.0 0.889588 0.0 0.0 0.177674 5.49257e-05 0.0 0.175896 0.033667 3.57628e-06 0.820731 0.0366237 0.0 0.0 0.987397 3.03984e-06 0.70459 5.96046e-08 0.00871176 0.651298 2.68221e-06 0.683676 0.0 0.0 0.0 2.41399e-06 0.0 0.605476 0.0 0.0680398 1.19209e-07 2.98023e-08 0.00394925 0.143252 0.163849 0.0 0.0 1.72853e-05 5.96046e-08 0.895592 0.0495101 0.0 0.0267284 7.7486e-06 0.0 0.165774 0.95194 0.408045 0.0808743 0.0 0.255827 0.0 0.282786 0.0 0.0 0.0 0.0 0.0 0.0 1.78814e-07 0.0
0.578995 0.89972 2.98023e-08 0.788941 0.0 0.947852 3.03984e-06 0.0 0.00631195 0.0 0.0 6.52671e-06 0.0 0.0 0.0 0.0 0.0 0.0 0.0121639 0.0 0.427985 1.13249e-05 0.0 0.0300967 8.9407e-08 0.978084 0.874607 0.0 0.0827298 0.0 0.0 0.431958 2.68221e-07 0.0 0.780409 8.69036e-05 1.19209e-07 0.0 0.459301 0.00179893 0.00678271 0.216323 0.0 0.0 0.930361 0.0 1.19209e-07 0.855626 0.0 0.0 0.0 0.0 0.891254 0.0 1.19209e-06 0.0 0.609313 0.328313 0.385352 0.788714 0.000347346 0.0413393 0.0259536 0.0334761
7.04825e-05 0.000139445 0.927909 9.23872e-07 0.0227234 0.000114799 0.0 6.55651e-07 0.455384 0.0 0.746527 0.950645 0.0 3.99053e-05 6.25849e-07 0.0 0.0 0.00753683 0.0290388 0.00036338 0.000962079 0.736665 3.44217e-05 0.0474729 0.981264 1.46031e-06 0.000115365 0.0 0.0417686 0.0 5.00679e-05 1.49012e-07 0.982214 0.0 0.000596881 0.885248 0.0848335 4.26173e-06 5.55813e-05 0.0 0.129931 0.00107056 0.000168502 4.77731e-05 1.87159e-05 2.11596e-06 7.48932e-05 5.96046e-08 0.00281864 0.0173367 0.11254 0.00190577 9.34899e-05 0.00371701 0.0 0.212921 5.01573e-05 0.0 0.0 0.0 0.0 0.0 0.000282496 0.0
0.0466588 0.183708 0.0 0.187536 0.0 0.162793 0.000463754 0.0 5.68032e-05 0.0 0.0 8.9407e-08 0.0 0.0 0.0 0.0 0.0 0.0 0.000225544 0.0 0.00840065 1.78814e-07 0.0 0.000297785 0.0 0.734462 0.033694 0.0 0.00066787 0.0 0.0 0.65392 0.0 0.0 0.0325582 7.7486e-07 0.0 0.0 0.586295 0.0229536 5.68032e-05 0.00912389 0.0 0.0 0.127541 0.0 2.98023e-08 0.805739 0.0 0.0 0.0 0.0 0.112725 0.0 0.000189602 0.0 0.0298572 0.940644 0.986961 0.889204 0.0382457 0.134494 0.000249714 0.572755
0.00680992 0.0047783 0.0 0.296326 0.0 0.00507843 0.010925 0.0 9.23872e-07 0.0 0.0 0.0 0.0 0.0 0.0 0.0 0.0 0.0 3.06964e-06 0.0 0.000277042 0.0 0.0 5.00679e-06 0.0 0.36084 0.0077723 0.0 1.05202e-05 0.0 0.0 0.653306 0.0 0.0 0.000740916 0.0 0.0 0.0 0.0455345 0.574012 8.9407e-07 0.000288576 0.0 0.0 0.0500787 0.0 0.0 0.917342 0.0 0.0 0.0 0.0 0.0177897 0.0 0.00404355 0.0 0.0104299 0.755811 0.83793 0.981101 0.519922 0.676465 0.000137985 0.978387
0.000159383 0.000256449 0.98236 1.43051e-06 0.03123 0.000205725 0.0 1.2219e-06 0.726448 0.0 0.912162 0.997767 0.0 0.000106364 1.10269e-06 0.0 0.0 0.0105975 0.131708 0.000881225 0.00241616 0.982602 5.83827e-05 0.133723 0.977 2.08616e-06 0.000167131 0.0 0.115229 0.0 8.58605e-05 1.49012e-07 0.953783 0.0 0.00146648 0.987895 0.761592 7.42078e-06 0.000116587 0.0 0.383332 0.00252441 0.000239074 8.01384e-05 2.64943e-05 2.86102e-06 0.00274459 5.96046e-08 0.092875 0.022555 0.79433 0.00317201 0.00011614 0.0335743 0.0 0.76973 0.000121772 0.0 0.0 0.0 0.0 0.0 0.000923961 0.0
0.0 0.0 0.00163665 0.0 0.769343 0.0 0.0 0.900666 1.19209e-07 0.0 0.00507596 0.00017643 0.00288418 0.502418 0.870747 0.0 0.0 0.151306 0.0 0.242732 0.0 3.54946e-05 0.935428 0.0 0.0190936 0.0 0.0 0.0 0.0 0.0 0.956008 0.0 0.000478089 2.34842e-05 0.0 1.40667e-05 0.00078389 0.99098 0.0 0.0 8.9407e-08 0.0 0.973672 0.876982 0.0 0.0010421 4.11272e-06 0.0 0.00337154 0.898768 0.00555101 0.0913748 0.0 0.0002653 0.0 0.00584009 0.0 0.0 0.0 0.0 0.0 0.0 0.0 0.0
2.20537e-06 2.38419e-06 0.876941 0.0 0.763773 1.99676e-06 0.0 0.000285953 0.0166411 0.0 0.989745 0.859294 0.0 0.00129211 0.000130832 0.0 0.0 0.0546861 0.00145382 0.0919906 2.00868e-05 0.328088 0.00564596 0.000982583 0.90679 0.0 1.99676e-06 0.0 0.000910848 0.0 0.0169972 0.0 0.728429 0.0 1.22488e-05 0.460797 0.619466 0.000759304 1.16229e-06 0.0 0.00634581 2.08616e-05 0.0479233 0.000498265 2.68221e-07 6.61314e-05 0.000147104 0.0 0.0938063 0.411797 0.701953 0.00460348 1.66893e-06 0.00566366 0.0 0.912088 1.60933e-06 0.0 0.0 0.0 0.0 0.0 1.99676e-05 0.0
0.0 0.0 0.000363469 0.0 0.0843824 0.0 0.0 0.238269 1.78814e-07 0.0 0.000373065 7.95126e-05 0.000676066 0.0828733 0.62797 0.0 0.0 0.0178663 0.0 0.11057 0.0 1.88649e-05 0.618929 0.0 0.00405815 0.0 0.0 0.0 0.0 0.0 0.425113 0.0 0.000257015 1.38283e-05 0.0 8.76188e-06 4.29749e-05 0.217841 0.0 0.0 2.98023e-08 0.0 0.718495 0.988631 0.0 1.62423e-05 0.000190496 0.0 0.00185138 0.284585 0.001214 0.496704 0.0 0.00103739 0.0 0.000195682 0.0 0.0 0.0 0.0 0.0 0.0 0.0 0.0
0.273066 0.4532 8.01682e-06 0.00827155 0.0 0.518455 1.87755e-06 0.0 0.00871488 0.0 2.02656e-06 0.000437379 0.0 0.0 0.0 0.0 0.0 0.0 0.146516 0.0 0.313443 0.000810683 0.0 0.0881432 5.1558e-06 0.511662 0.0191169 0.0 0.0664775 0.0 0.0 0.782239 2.00272e-05 0.0 0.265854 0.00253108 4.1008e-05 0.0 0.990955 0.000407845 0.0130421 0.505128 0.0 0.0 0.0840328 0.0 0.000147969 0.329391 1.49012e-07 0.0 2.41399e-06 0.0 0.198974 0.0 6.55651e-07 2.08616e-07 0.107508 0.508817 0.385724 0.207384 0.000142783 0.00214633 0.00016129 0.00848034
0.0 0.0 0.0 0.0 0.0 0.0 0.0 0.0 0.0 0.00014329 0.0 0.0 0.0 0.0 0.0 0.99928 4.76837e-07 0.0 0.0 0.0 0.0 0.0 0.0 0.0 0.0 0.0 0.0 0.0522187 0.0 2.98023e-08 0.0 0.0 0.0 0.0 0.0 0.0 0.0 0.0 0.0 0.0 0.0 0.0 0.0 0.0 0.0 0.0 0.0 0.0 0.0 0.0 0.0 0.0 0.0 0.0 0.0 0.0 0.0 0.0 0.0 0.0 0.0 0.0 0.0 0.0
3.57628e-07 3.57628e-07 0.0 9.89437e-05 0.0 3.27826e-07 0.947547 0.0 0.0 0.0 0.0 0.0 0.0 0.0 0.0 0.0 0.0 0.0 0.0 0.0 2.98023e-08 0.0 0.0 0.0 0.0 3.32296e-05 4.76837e-07 0.0 0.0 0.0 0.0 0.00048697 0.0 0.0 8.9407e-08 0.0 0.0 0.0 2.89083e-06 0.847517 0.0 0.0 0.0 0.0 4.85778e-06 0.0 0.0 0.000820398 0.0 0.0 0.0 0.0 1.2815e-06 0.0 0.936602 0.0 6.85453e-07 0.00336209 0.00443009 0.00967532 0.896794 0.105814 0.0 0.810183
0.000103235 0.000132471 0.977127 9.53674e-07 0.0841384 0.00011006 0.0 2.08616e-06 0.435317 0.0 0.879354 0.980327 0.0 0.000166088 1.93715e-06 0.0 0.0 0.019188 0.0472134 0.00153515 0.00101224 0.932375 9.71854e-05 0.0462919 0.977265 1.60933e-06 9.23574e-05 0.0 0.0405309 0.0 0.000154883 1.49012e-07 0.940017 0.0 0.000641316 0.941426 0.530136 1.26064e-05 5.09024e-05 0.0 0.171271 0.0010604 0.000528067 9.91225e-05 1.8537e-05 3.99351e-06 0.00030911 8.9407e-08 0.0409018 0.0548726 0.602974 0.00176597 7.36713e-05 0.0219367 0.0 0.730848 7.9006e-05 2.98023e-08 5.96046e-08 0.0 0.0 0.0 0.000387609 0.0
0.452021 0.886798 6.25849e-07 0.486077 0.0 0.875789 1.49012e-07 0.0 0.0603384 0.0 8.9407e-08 6.93202e-05 0.0 0.0 0.0 0.0 0.0 0.0 0.0101009 0.0 0.340296 0.00012964 0.0 0.111486 8.64267e-07 0.831613 0.934137 0.0 0.229846 0.0 0.0 0.0952369 4.20213e-06 0.0 0.738216 0.000855356 1.2219e-06 0.0 0.0541371 9.95398e-05 0.0338607 0.171029 0.0 0.0 0.985726 0.0 0.0 0.487151 0.0 0.0 1.19209e-07 0.0 0.729633 0.0 2.08616e-07 0.0 0.569814 0.0124558 0.0259677 0.267578 1.71661e-05 0.00222227 0.0425101 0.00190094
0.000537872 0.000797749 0.0 0.189904 0.0 0.00107265 0.0339955 0.0 1.49012e-07 0.0 0.0 0.0 0.0 0.0 0.0 0.0 0.0 0.0 6.55651e-07 0.0 5.45681e-05 0.0 0.0 1.10269e-06 0.0 0.0807092 0.00155389 0.0 2.17557e-06 0.0 0.0 0.00671351 0.0 0.0 0.000169337 0.0 0.0 0.0 0.00103563 0.707058 1.49012e-07 4.32432e-05 0.0 0.0 0.00733453 0.0 0.0 0.176715 0.0 0.0 0.0 0.0 0.00184822 0.0 0.00586841 0.0 0.00106579 0.259116 0.144983 0.667529 0.466697 0.974085 3.12924e-05 0.59028
9.17912e-06 6.10948e-06 0.0 0.00220177 0.0 6.97374e-06 0.600329 0.0 0.0 0.0 0.0 0.0 0.0 0.0 0.0 0.0 0.0 0.0 0.0 0.0 3.8743e-07 0.0 0.0 0.0 0.0 0.000769675 1.03414e-05 0.0 0.0 0.0 0.0 0.00229365 0.0 0.0 9.83477e-07 0.0 0.0 0.0 4.16934e-05 0.981263 0.0 3.8743e-07 0.0 0.0 0.000102073 0.0 0.0 0.0170064 0.0 0.0 0.0 0.0 2.00272e-05 0.0 0.257784 0.0 1.60635e-05 0.0277618 0.00762382 0.176347 0.540389 0.737181 2.68221e-07 0.898596
0.00994849 0.10449 8.9407e-08 0.984367 0.0 0.281959 2.01762e-05 0.0 0.0013428 0.0 0.0 4.23193e-06 0.0 0.0 0.0 0.0 0.0 0.0 0.000491381 0.0 0.0187849 4.41074e-06 0.0 0.0026764 2.98023e-08 0.777034 0.677186 0.0 0.00526664 0.0 0.0 0.0129746 1.49012e-07 0.0 0.0686432 2.85208e-05 2.98023e-08 0.0 0.0120662 0.00700563 0.00111866 0.00221601 0.0 0.0 0.379451 0.0 2.98023e-08 0.451662 0.0 0.0 0.0 0.0 0.473055 0.0 8.13603e-06 0.0 0.0178767 0.0912817 0.253583 0.704544 0.00192481 0.135827 0.291838 0.060805
7.77841e-05 5.62668e-05 0.0 0.0139595 0.0 5.28991e-05 0.309378 0.0 0.0 0.0 0.0 0.0 0.0 0.0 0.0 0.0 0.0 0.0 0.0 0.0 3.27826e-06 0.0 0.0 8.9407e-08 0.0 0.00627333 8.86917e-05 0.0 1.19209e-07 0.0 0.0 0.0595658 0.0 0.0 9.0301e-06 0.0 0.0 0.0 0.000543922 0.840483 0.0 3.60608e-06 0.0 0.0 0.000855297 0.0 0.0 0.130881 0.0 0.0 0.0 0.0 0.000206053 0.0 0.169068 0.0 0.000132442 0.385109 0.375769 0.58901 0.941496 0.826636 2.41399e-06 0.972837
1.19209e-07 0.0 0.0 6.49691e-06 0.0 0.0 0.983758 0.0 0.0 0.0 0.0 0.0 0.0 0.0 0.0 0.0 0.0 0.0 0.0 0.0 0.0 0.0 0.0 0.0 0.0 2.05636e-06 0.0 0.0 0.0 0.0 0.0 4.10378e-05 0.0 0.0 0.0 0.0 0.0 0.0 2.08616e-07 0.852669 0.0 0.0 0.0 0.0 2.68221e-07 0.0 0.0 6.11842e-05 0.0 0.0 0.0 0.0 1.49012e-07 0.0 0.949285 0.0 8.9407e-08 0.000523388 0.000344276 0.000802726 0.816915 0.0847252 0.0 0.291804
0.15087 0.180715 0.0 0.628489 0.0 0.207262 0.000255436 0.0 3.15011e-05 0.0 0.0 2.98023e-08 0.0 0.0 0.0 0.0 0.0 0.0 0.000108957 0.0 0.0105641 0.0 0.0 0.000173599 0.0 0.921797 0.261244 0.0 0.000421017 0.0 0.0 0.545714 0.0 0.0 0.0328079 3.57628e-07 0.0 0.0 0.169382 0.0948624 3.17693e-05 0.00901166 0.0 0.0 0.663781 0.0 0.0 0.975165 0.0 0.0 0.0 0.0 0.349723 0.0 9.78112e-05 0.0 0.250336 0.427517 0.643677 0.982979 0.0225239 0.463148 0.00171852 0.687688
3.42727e-06 2.20537e-06 0.0 0.000652075 0.0 2.08616e-06 0.800367 0.0 0.0 0.0 0.0 0.0 0.0 0.0 0.0 0.0 0.0 0.0 0.0 0.0 1.19209e-07 0.0 0.0 0.0 0.0 0.000270367 3.45707e-06 0.0 0.0 0.0 0.0 0.00291336 0.0 0.0 3.27826e-07 0.0 0.0 0.0 2.56598e-05 0.640967 0.0 1.19209e-07 0.0 0.0 3.25441e-05 0.0 0.0 0.00753036 0.0 0.0 0.0 0.0 9.80496e-06 0.0 0.63471 0.0 5.90086e-06 0.0517175 0.0374678 0.0724494 0.981027 0.606902 1.49012e-07 0.79216
7 9 33 24 11 35 36 42 4 19 13 23 34 20 28 18 30 29 53 40 1 0 8 41 37 55 15 21 26 52 62 31 22 2 50 51 56 38 59 57 16 14 10 43 44 46 3 61 27 12 45 17 25 58 63 6 49 48 32 5 47 39 60 54
