8
0.0 0.0 0.0 0.0 0.0 0.0 0.0 0.0 0.0 0.0 0.0 0.0 0.0 0.0 0.0 0.0 0.0 0.0 0.0 0.0 0.0 0.0 0.0 0.0 0.0 0.0 0.0 0.0 0.0 0.0 0.0 0.0 0.0 0.0 0.0 0.0 0.0 0.0 0.0 0.0 0.0 0.0 0.0 0.0 0.0 0.0 0.0 0.0 0.0 0.0 0.0 0.0 0.0 0.0 0.0 0.0 0.0 0.999993 0.0 0.0 0.0 0.0 0.0 0.0
0.0 0.0 0.0 0.0 0.0 0.0 0.0 0.0 0.0 0.0 0.0 0.0 0.0 0.0 0.0 0.0 0.0 0.0 0.0 0.0 0.0 0.0 0.0 0.0 0.0 0.0 0.0 0.0 0.0 0.0 0.0 0.0 0.0 0.0 0.0 0.0 0.0 0.0 0.996603 0.0 0.0 0.0 0.0 0.0 0.0 0.0 0.0 0.0 0.0 0.0 0.0 0.0 0.0 0.0 2.41399e-06 0.0 0.0 0.0 0.0 0.0 0.0 0.0 0.0 0.0
0.0 0.0 0.0 0.0 0.0 8.9407e-08 0.0 0.0 0.0 0.0 0.0 0.0 0.0 0.0 0.0 0.0 0.0 0.0 0.0 0.0 0.0 0.0 1.72853e-06 0.0 0.0 0.0 0.0 0.0 0.0 0.0 0.0 0.0 0.0 0.999585 0.000889271 0.0 0.0 0.0 0.0 0.0 0.0 0.0 0.0 0.0 0.00685796 0.0 0.0 0.0 0.0 0.0 0.0 0.0 0.0 0.0 0.0 0.0 0.0 0.0 0.0 2.5928e-05 5.96046e-08 0.0 0.0 0.0
0.0 0.0 0.0 0.0 0.0 0.0 0.0 0.0 0.0 0.0 2.98023e-08 0.0 0.0 0.0 0.0 0.0 0.0 4.96507e-05 0.0 0.0 0.0 0.0 2.08616e-07 0.0 0.0 0.0 0.0 0.0 0.0 0.0 0.0 0.0 0.0 0.0 0.0 1.78814e-07 0.0 0.0 0.0 0.0 0.0 0.0 0.0 0.0 3.96371e-06 0.0 0.0 0.0 0.0 0.0 0.0 0.999674 0.0 0.0 0.0 0.0 0.0 0.0 0.0 0.0 0.0 0.0 0.0 0.0
0.0 0.0 0.0 0.0 0.0 7.7486e-07 0.0 5.96046e-08 0.0 0.0 1.22786e-05 0.0 0.0 0.0 0.0 0.0 0.0 0.766273 0.0 0.0 0.0 0.0 1.01328e-06 0.0 0.0 0.0 0.0 0.0 0.0 0.0 0.0 0.0 0.0 0.0 4.17233e-07 0.0157776 9.74536e-06 0.0 0.0 0.0 0.0 0.0 0.0 0.00013119 0.000496924 8.9407e-08 0.0 0.0 0.0 0.0 0.0 0.00176755 0.0 0.0 0.0 0.0 0.0 0.0 0.0 8.9407e-08 6.85453e-05 0.0 0.0 0.0
0.0 0.0 0.0 0.0 0.0 0.000606775 0.0 0.0 0.0 0.0 0.0 0.0 0.0 0.0 0.0 7.7486e-07 0.0 1.01328e-06 0.0 0.0 0.0 0.0 0.180381 0.0 0.0 0.0 0.0 0.0 0.0 0.0 0.0 0.0 0.0 0.000616163 0.999985 0.000117004 2.98023e-08 0.0 0.0 0.0 0.0 8.9407e-08 0.0 5.96046e-08 0.629889 0.0 0.0 0.0 0.0 6.94394e-06 0.0 0.0 0.0 0.0 0.0 0.0 0.0 0.0 0.0 0.99976 3.39746e-06 0.0 0.0 0.0
0.0 0.0 0.0 0.0 0.0 0.0 0.0 0.0 0.0 0.0 0.0 0.0 0.0 0.0 0.0 0.0 0.0 0.0 0.0 0.0 0.0 0.0 0.0 0.0 0.0 0.0 0.0 0.0 0.0 0.0 0.0 0.0 0.0 0.0 0.0 0.0 0.0 0.0 0.0 0.0 0.999872 0.0 0.0 0.0 0.0 0.0 0.0 0.0 0.0 0.0 0.0 0.0 0.0 0.0 0.0 0.0 0.0 0.0 0.0 0.0 0.0 0.20116 0.0 0.0
0.0 0.0 0.0 0.0 0.0 3.66569e-06 0.0 0.0 0.0 0.0 0.0 0.0 0.0 0.0 0.0 0.0 0.0 0.0 0.0 0.0 0.0 0.0 2.44677e-05 0.0 0.0 0.0 0.0 0.0 0.0 0.0 0.0 0.0 0.0 0.00210214 0.978966 7.15256e-07 0.0 0.0 0.0 0.0 0.0 0.0 0.0 0.0 0.000254154 0.0 0.0 0.0 0.0 2.68519e-05 0.0 0.0 0.0 0.0 0.0 0.0 0.0 0.0 0.0 0.89659 0.0 0.0 0.0 0.0
0.0 0.0 0.0 0.0 0.0 0.0 0.0 0.0 0.0 0.0 0.0 0.0 0.0 0.0 0.0 0.0 0.0 0.0 0.0 0.0 0.0 0.0 0.0 0.0 0.0 0.0 0.0 0.0 0.0 0.0 0.0 0.0 0.0 0.0 0.0 0.0 0.0 0.0 0.0 0.0 0.0 0.0 0.0 0.0 0.0 0.0 0.0 0.0 0.0 0.0 0.0 0.0 0.0 0.0 0.0 0.0 0.999969 0.0 0.0 0.0 0.0 0.0 0.0 0.0
0.0 0.0 0.0 0.0 0.0 0.0 0.0 8.67248e-06 0.0 4.17233e-06 0.0 0.0 0.0 0.0 0.0 0.0 0.0 0.0 0.0 0.0 0.0 0.0 0.0 0.0 0.0 0.0 0.0 0.0 0.0 0.0 0.0 0.0 0.0 0.0 0.0 0.0 0.0 0.0 0.0 0.0 0.0 0.0 0.0 0.0 0.0 0.986304 0.0 0.0 0.00430858 0.0 0.0 0.0 0.0 0.0 0.0 0.0 0.0 0.0 0.0 0.0 0.0 0.0 0.0 0.0
0.0 0.0 0.0 0.0 0.0 4.69089e-05 0.0 0.0 0.0 0.0 5.96046e-08 0.0 0.0 0.0 0.0 8.85129e-06 0.0 0.0 0.0 0.0 0.0 0.0 1.10269e-06 0.0 0.0 0.0 0.0 0.0 0.0 0.0 0.0 0.0 0.0 4.75943e-05 0.27333 4.94719e-06 8.9407e-08 0.0 0.0 0.0 0.0 8.9407e-08 0.0 2.98023e-08 0.00977513 0.0 0.0 0.0 0.0 0.00833318 0.0 0.0 0.0 0.0 0.0 0.0 0.0 0.0 0.0 0.808969 4.47035e-07 0.0 0.0 0.0
0.0 2.38419e-07 0.0 0.000570863 0.0 0.0 0.0 0.0 0.00062719 0.0 0.0 1.15037e-05 0.0 0.000124484 0.0 0.0 0.0 0.0 0.0 0.0 0.0 0.0 0.0 0.0 0.0 5.96046e-08 0.0 0.0 0.0 0.0 0.0 0.0 0.0 0.0 0.0 0.0 0.0 0.0 0.0 0.0 0.0 0.0 5.66244e-07 0.0 0.0 0.0 0.999628 0.0 0.0 0.0 0.0 0.0 8.9407e-08 0.0 0.0 0.0 0.0 0.0 0.0 0.0 0.0 3.43323e-05 0.0 6.25849e-07
0.0 9.52184e-05 0.0 0.952266 0.0 0.0 0.0 0.0 0.0 0.0 0.0 0.0 0.0 0.0 0.0 0.0 0.0418902 0.0 0.000743836 0.0 0.000522226 0.000318646 0.0 0.0 0.0 0.0 0.000246406 1.0 0.0 0.0 0.00980571 0.0 0.0 0.0 0.0 0.0 0.0 3.05772e-05 2.68221e-07 0.207603 0.0 0.0 0.0 0.0 0.0 0.0 0.0 0.0 0.0 0.0 4.47035e-07 0.0 0.0282468 0.0 1.85072e-05 0.0 0.0 0.0 2.98023e-08 0.0 0.0 0.0 0.0 0.0
0.0 1.04904e-05 0.0 0.000251055 0.0 0.0 0.0 0.0 0.0 0.0 0.0 5.96046e-08 0.0 0.0 0.0 0.0 5.06639e-07 0.0 0.0 0.0 8.04663e-07 0.00256684 0.0 0.0 0.0 0.000373274 0.0 0.0 0.0 0.0 0.0 0.0 0.0 0.0 0.0 0.0 0.0 0.0 0.0 0.0 0.0 0.0 0.0 0.0 0.0 0.0 0.0 0.0 0.0 0.0 0.0 0.0 0.999996 2.77162e-06 0.0 0.0 0.0 0.0 4.45843e-05 0.0 0.0 0.000100434 0.0 0.0
0.0 0.0 0.0 0.0 0.0 0.0 0.0 0.0 0.0 0.0 0.0 0.0 0.0 0.0 0.0 0.0 1.0 0.0 0.0 0.0 0.0 1.21593e-05 0.0 0.0 0.0 0.0 0.0 8.9407e-08 0.0 0.0 0.0 0.0 0.0 0.0 0.0 0.0 0.0 0.0 0.0 0.0 0.0 0.0 0.0 0.0 0.0 0.0 0.0 0.0 0.0 0.0 0.0 0.0 2.98023e-08 0.0 0.0 0.0 0.0 0.0 0.0 0.0 0.0 0.0 0.0 0.0
0.0 0.0 0.0 0.0 0.0 0.0133551 0.0 0.00218722 0.0 0.0 0.435403 0.0 0.0 0.0 0.0 1.39475e-05 0.0 0.427984 0.0 0.0 0.0 0.0 0.0 0.0 0.0 0.0 0.0 0.0 0.0 0.0 0.0 0.0 0.0 0.0 0.0 0.996762 0.817938 0.0 0.0 0.0 0.0 0.00157818 0.0 0.992739 4.41372e-05 5.96046e-08 0.0 0.0 5.96046e-08 0.0 0.0 8.9407e-08 0.0 0.0 0.0 0.0 0.0 0.0 0.0 0.0 0.190987 0.0 0.0 0.0
0.0 0.0 0.0 0.0 0.0 0.000416577 0.0 0.0 0.0 0.0 5.96046e-08 0.0 0.0 0.0 0.0 0.0 0.0 4.372e-05 0.0 0.0 0.0 0.0 0.985832 0.0 0.0 0.0 0.0 0.0 0.0 0.0 0.0 0.0 0.0 3.8445e-06 0.646892 0.000231147 1.19209e-07 0.0 0.0 0.0 0.0 2.98023e-07 0.0 2.68221e-07 0.137524 0.0 0.0 0.0 0.0 0.0 0.0 5.19156e-05 0.0 0.0 0.0 0.0 0.0 0.0 0.0 0.00121522 1.86563e-05 0.0 0.0 0.0
0.0 0.0 0.0 0.0 0.0 0.0101413 0.0 0.044607 0.0 0.0 0.0236075 0.0 0.0 0.0 0.0 0.00721467 0.0 5.87702e-05 0.0 0.0 0.0 0.0 0.0 0.0 0.0 0.0 0.0 0.0 0.0 0.0 0.0 0.0 0.0 0.0 0.0 0.000300378 0.0392018 0.0 0.0 0.0 0.0 0.987752 0.0 0.000330538 1.49012e-07 5.96046e-08 0.0 0.0 0.0 0.0 0.0 0.0 0.0 0.0 0.0 0.0 0.0 0.0 0.0 0.0 0.00881016 0.0 0.0 0.0
0.0 0.0 0.0 0.0 0.0 0.0 0.0 0.0 0.0 0.0 0.0 0.0 0.0 0.0 0.0 0.0 0.0 0.0 0.0 0.0 0.0 0.0 0.0 0.0 0.0 0.0 0.0 0.0 0.999336 0.0 0.0 0.0 0.0 0.0 0.0 0.0 0.0 0.0 0.0 0.0 0.0 0.0 0.0 0.0 0.0 0.0 0.0 0.0 0.0 0.0 0.0 0.0 0.0 0.0 0.0 0.0 0.0 0.0 0.0 0.0 0.0 0.00779477 0.0 0.0
0.0 0.0 0.0 0.00392333 0.997659 0.0 0.0 0.0 0.0 0.0 0.0 0.0 0.0 0.0 0.0 0.0 0.0 0.0 0.0 0.0 0.0 6.1363e-05 0.0 0.0 5.36442e-07 0.0048236 0.0 0.0 0.00086394 0.0 0.0 0.0 0.999286 0.0 0.0 0.0 0.0 0.0 0.0 0.0 0.0 0.0 0.0 0.0 0.0 0.0 0.0 0.0 0.0 0.0 0.0 0.0 5.96046e-08 0.0 0.0 0.0 0.0 0.0 5.06639e-07 0.0 0.0 1.0 0.0 0.000101984
0.0 0.0 0.0 0.0761057 0.0 0.0 0.0 0.0 0.00509194 0.0 0.0 0.0 0.0 0.0 0.0 0.0 0.0 0.0 2.98023e-08 0.0 0.0 0.0 0.0 4.85778e-06 0.0 0.0 0.0 0.0 0.0 0.0 2.98023e-08 0.0 0.0 0.0 0.0 0.0 0.0 0.000617981 0.0 1.72853e-06 0.0 0.0 0.0 0.0 0.0 0.0 0.0 0.0 0.0 0.0 0.031497 0.0 0.0 0.0 0.0 0.0 0.0 0.0 0.0 0.0 0.0 0.0 0.993168 0.0
1.49012e-07 5.66244e-07 0.0 8.9407e-08 0.0 0.0 0.000643671 0.0 0.0 0.0 0.0 0.0 0.0 0.0 0.0 0.0 0.979569 0.0 0.0 0.0 0.0 0.00682276 0.0 0.0 0.0 0.0 0.0 0.0 0.0 0.0 0.0 0.829556 0.0 0.0 0.0 0.0 0.0 0.0 0.0 0.0 0.0 0.0 0.0462967 0.0 0.0 0.0 0.0 0.0 0.0 0.0 0.0 0.0 3.94881e-05 1.42455e-05 0.999186 0.0 0.0 0.0 0.0 0.0 0.0 0.0 0.0 0.0
0.0 0.0 0.0 0.0 0.0 0.016998 0.0 0.000314087 0.0 0.0 0.924271 0.0 0.0 0.0 0.0 1.48714e-05 0.0 0.197336 0.0 0.0 0.0 0.0 1.78814e-07 0.0 0.0 0.0 0.0 0.0 0.0 0.0 0.0 0.0 0.0 5.96046e-08 5.96046e-08 0.770056 0.902496 0.0 0.0 0.0 0.0 0.0378689 0.0 0.247241 0.000258029 0.0 0.0 0.0 0.0 0.0 0.0 8.9407e-08 0.0 0.0 0.0 0.0 0.0 0.0 0.0 0.0 0.98194 0.0 0.0 0.0
1.0 0.0 0.0 0.0 0.0 0.0 1.78814e-07 0.0 6.25849e-07 0.0 0.0 0.0 0.0 0.0 0.0 0.0 0.0 0.0 0.0 0.0 0.0 0.0 0.0 0.0 0.0 0.0 2.98023e-08 0.0 0.0 0.0 0.0 0.0 0.0 0.0 0.0 0.0 0.0 0.0 0.0 0.0 0.0 0.0 0.0 0.0 0.0 0.0 0.0 0.0 0.0 0.0 8.9407e-08 0.0 0.0 0.0 4.17233e-06 0.0 0.0 0.0 0.0 0.0 0.0 0.0 0.0 0.0
0.0 0.0 0.0 0.0 0.0 2.14577e-06 0.0 5.81145e-06 0.0 0.0 1.63913e-06 0.0 0.0 0.0 0.0 0.999917 0.0 1.19209e-07 0.0 0.0 0.0 0.0 0.0 0.0 0.0 0.0 0.0 0.0 0.0 0.0 0.0 0.0 0.0 0.0 2.98023e-08 1.37389e-05 9.44734e-06 0.0 0.0 0.0 0.0 0.000219911 0.0 3.96371e-06 0.00348613 0.0 0.0 0.0 0.0 0.0 0.0 0.0 0.0 0.0 0.0 0.0 0.0 0.0 0.0 0.0 2.20537e-06 0.0 0.0 0.0
0.0 0.0 0.0 0.0 0.0 0.0 0.0 0.0 0.0 0.0 0.0 0.0 0.0 0.0 0.0 0.0 5.66244e-07 0.0 0.0 0.0 0.0 1.0 0.0 0.0 0.0 0.0 0.0 0.0 0.0 0.0 0.0 0.000812769 0.0 0.0 0.0 0.0 0.0 0.0 0.0 0.0 0.0 0.0 0.0 0.0 0.0 0.0 0.0 0.0 0.0 0.0 0.0 0.0 3.24547e-05 9.11951e-06 0.0 0.0 0.0 0.0 0.000194967 0.0 0.0 0.0 0.0 0.0
0.0 0.0 0.0 0.0 0.0 0.0 0.0 0.0 3.57628e-07 0.0 0.0 0.998054 0.0 0.0 0.0 0.0 0.0 0.0 0.0 0.0 0.0 5.06639e-07 0.0 0.0 0.0 0.000241607 0.0 0.0 0.0 0.0 0.0 6.88434e-06 0.0 0.0 0.0 0.0 0.0 0.0 0.0 0.0 0.0 0.0 1.10269e-06 0.0 0.0 0.0 2.08616e-07 0.0 0.0 0.0 0.0 0.0 2.60472e-05 7.30157e-05 0.0 0.0 0.0 0.0 4.41074e-06 0.0 0.0 0.0307162 0.0 3.57628e-07
0.0 0.0 0.0 0.0 0.0 0.0 0.0 0.0 0.0 0.992656 0.0 0.0 0.0 0.0 0.0 0.0 0.0 0.0 0.0 0.0 0.0 0.0 0.0 2.38419e-06 0.0 0.0 0.0 0.0 0.0 0.0 0.0 0.0 0.0 0.0 0.0 0.0 0.0 0.0 0.0 0.0 0.0 0.0 0.0 0.0 0.0 1.49012e-06 0.0 0.0 1.19209e-07 0.0 0.0 0.0 0.0 0.0 0.0 0.0 0.0 0.0 0.0 0.0 0.0 0.0 0.0 0.0
0.0 2.98023e-08 0.0 0.0666384 0.0 0.0 0.0 0.0 1.60933e-06 0.0 0.0 0.0 0.0 0.0 0.0 0.0 0.0 0.0 0.000542492 8.9407e-08 0.000230759 0.0 0.0 0.0 0.0 0.0 7.7486e-07 0.000276119 0.0 0.0 0.00962073 0.0 0.0 0.0 0.0 0.0 0.0 2.38419e-07 0.0 0.999215 0.0 0.0 0.0 0.0 0.0 0.0 0.0 0.0 0.0 0.0 0.0002653 0.0 7.92742e-06 0.0 0.0 0.0 0.0 0.0 0.0 0.0 0.0 0.0 9.53674e-07 0.0
0.0 0.0 0.0 0.0 0.0 0.0 1.0 0.0 0.0 0.0 0.0 0.0 0.0 0.0 0.0 0.0 0.0 0.0 0.0 0.0 0.0 0.0 0.0 0.0 0.0 0.0 0.0 0.0 0.0 0.0 0.0 0.0 0.0 0.0 0.0 0.0 0.0 0.0 0.0 0.0 0.0 0.0 0.0 0.0 0.0 0.0 0.0 0.0 0.0 0.0 0.0 0.0 0.0 0.0 0.0 0.0 0.0 0.0 0.0 0.0 0.0 0.0 0.0 0.0
0.0 0.0 0.0 0.0 0.0 0.0 0.0 0.0 0.0 0.0 0.0 0.0 0.999999 0.0 0.0 0.0 0.0 0.0 0.0 0.0 0.0 0.0 0.0 0.0 0.0 0.0 0.0 0.0 0.0 0.0 0.0 0.0 0.0 0.0 0.0 0.0 0.0 0.0 0.0 0.0 0.0 0.0 0.0 0.0 0.0 0.0 0.0 0.0 0.0 0.0 0.0 0.0 0.0 0.0 0.0 0.0 0.0 0.0 0.0 0.0 0.0 0.0 0.0 0.0
0.0 0.0 0.0 0.0 0.0 0.0 0.0 0.0 0.0 0.0 0.0 6.55651e-07 0.0 0.0 0.0 0.0 0.0 0.0 0.0 0.0 0.0 0.0 0.0 0.0 0.0 2.68221e-07 0.0 0.0 0.0667816 0.0 0.0 0.000641316 2.03848e-05 0.0 0.0 0.0 0.0 0.0 0.0 0.0 5.06639e-07 0.0 0.000222206 0.0 0.0 0.0 0.0 0.0 0.0 0.0 0.0 0.0 0.0 0.0 0.0 0.0 0.0 0.0 0.0 0.0 0.0 0.981271 0.0 9.83477e-07
0.0 0.0 0.0 0.0 0.0 0.0 0.0 0.0 0.0 0.0 0.0 0.0 0.0 0.0 0.997052 0.0 0.0 0.0 0.0 0.0 0.0 0.0 0.0 0.0 0.0 0.0 0.0 0.0 0.0 0.0 0.0 0.0 0.0 0.0 0.0 0.0 0.0 0.0 0.0 0.0 0.0 0.0 0.0 0.0 0.0 0.0 0.0 0.0 0.0 0.0 0.0 0.0 0.0 0.0 0.0 0.0 0.0 0.0 0.0 0.0 0.0 0.0 0.0 0.0
0.0 0.0 0.0 0.0 0.0 1.37091e-05 0.0 0.0 0.0 0.0 5.06639e-07 0.0 0.0 0.0 0.0 8.9407e-08 0.0 0.0 0.0 0.0 0.0 0.0 0.000306994 0.0 0.0 0.0 0.0 0.0 0.0 0.0 0.0 0.0 0.0 0.0 0.0118786 1.13845e-05 2.68221e-07 0.0 0.0 0.0 0.0 3.27826e-07 0.0 8.9407e-08 0.000748456 0.0 0.0 0.0 0.0 0.0 0.0 2.08616e-07 0.0 0.0 0.0 0.0 0.0 0.0 0.0 0.000432193 2.18451e-05 0.0 0.0 0.0
0.0 0.0 0.0 0.998158 0.0 0.0 0.0 0.0 0.00193638 0.0 0.0 0.0 0.0 0.999255 0.0 0.0 0.0 0.0 0.0 0.0 9.23872e-07 0.0 0.0 0.0 0.0 0.0 0.0 0.0 0.0 0.0 0.0 0.0 0.0 0.0 0.0 0.0 0.0 0.0 0.0 0.0 0.0 0.0 0.0 0.0 0.0 0.0 0.000733733 0.0 0.0 0.0 2.89977e-05 0.0 0.0 0.0 0.0 0.0 0.0 0.0 0.0 0.0 0.0 2.20537e-05 0.0 0.0
0.0 0.0 0.0 0.0 0.0 0.0 0.0 0.0 0.0 0.0 0.0 2.21431e-05 0.0 0.0 0.0 0.0 0.0 0.0 0.0 0.0 0.0 0.00500911 0.0 0.0 0.0 5.24521e-06 0.0 0.0 0.0 0.0 0.0 2.04444e-05 0.0 0.0 0.0 0.0 0.0 0.0 0.0 0.0 0.0 0.0 0.0 0.0 0.0 0.0 0.0 0.0 0.0 0.0 0.0 0.0 0.007195 0.997667 0.0 0.0 0.0 0.0 0.00796315 0.0 0.0 2.3365e-05 0.0 0.0
0.0 0.0 0.0 0.0 0.0 0.00309077 0.0 0.0 0.0 0.0 5.96046e-08 0.0 0.0 0.0 0.0 9.08971e-06 0.0 3.24845e-06 0.0 0.0 0.0 0.0 0.133962 0.0 0.0 0.0 0.0 0.0 0.0 0.0 0.0 0.0 0.0 0.000704318 0.999942 0.000769824 2.08616e-07 0.0 0.0 0.0 0.0 7.15256e-07 0.0 2.68221e-07 0.805362 0.0 0.0 0.0 0.0 6.4075e-06 0.0 0.0 0.0 0.0 0.0 0.0 0.0 0.0 0.0 0.999546 3.2872e-05 0.0 0.0 0.0
0.0 0.0 0.0 0.0 0.0 0.0 0.0 0.0 0.0 0.0 0.0 2.68221e-06 0.0 0.0 0.0 0.0 0.0 0.0 0.0 0.0 0.0 0.0 0.0 0.0 0.0 0.000334293 0.0 0.0 0.0 0.0 0.0 0.0 0.0 0.0 0.0 0.0 0.0 0.0 0.0 0.0 0.0 0.0 0.0 0.0 0.0 0.0 0.0 0.0 0.0 0.0 0.0 0.0 1.49012e-07 0.0 0.0 0.0 0.0 0.0 0.0 0.0 0.0 0.992339 0.0 0.988016
0.0 0.0 0.0 0.0 0.0 0.0 0.0 0.0 8.64267e-07 0.0 0.0 0.000344306 0.0 0.0 0.0 0.0 0.0 0.0 0.0 0.0 1.16229e-06 0.00503686 0.0 0.0 0.0 0.0663739 0.0 8.9407e-08 0.0 0.0 1.78814e-07 0.00175354 0.0 0.0 0.0 0.0 0.0 0.0 0.0 0.0 0.0 0.0 3.27826e-07 0.0 0.0 0.0 0.0 0.0 0.0 0.0 0.0 0.0 0.0104386 0.434159 2.38419e-07 0.0 0.0 0.0 0.999581 0.0 0.0 0.0453783 0.0 0.0
0.0 0.0 0.0 6.25849e-07 0.0 0.0 0.0 0.0 6.25849e-07 3.99947e-05 0.0 0.0 0.0 0.0 0.0 0.0 0.0 0.0 0.0 0.0 0.0 0.0 0.0 0.999596 0.0 0.0 0.0 0.0 0.0 0.0 0.0 0.0 0.0 0.0 0.0 0.0 0.0 1.37091e-06 0.0 0.0 0.0 0.0 0.0 0.0 0.0 0.0 0.0 0.0 0.0 0.0 5.96046e-08 0.0 0.0 0.0 0.0 0.0 0.0 0.0 0.0 0.0 0.0 0.0 0.000124156 0.0
0.0 0.0 0.0 0.0880592 0.0 0.0 0.0 0.0 0.00187314 0.0 0.0 0.0 0.000578314 2.98023e-07 0.0 0.0 0.0 0.0 0.0 8.9407e-08 1.19209e-07 0.0 0.0 0.0 0.0 0.0 0.0 0.0 0.0 0.0 0.0 0.0 0.0 0.0 0.0 0.0 0.0 0.00020203 0.0 7.7486e-07 0.0 0.0 0.0 0.0 0.0 0.0 0.0 0.0 0.0 0.0 0.113603 0.0 0.0 0.0 0.0 0.0 0.0 0.0 0.0 0.0 0.0 0.0 9.83477e-06 0.0
0.0 0.0 0.0 0.0 0.0 0.0135662 0.0 0.0 0.0 0.0 5.06639e-07 0.0 0.0 0.0 0.0 2.02656e-05 0.0 7.7188e-06 0.0 0.0 0.0 0.0 0.0907844 0.0 0.0 0.0 0.0 0.0 0.0 0.0 0.0 0.0 0.0 0.000897408 0.999874 0.00191221 7.15256e-07 0.0 0.0 0.0 0.0 3.27826e-06 0.0 1.10269e-06 0.622939 0.0 0.0 0.0 0.0 1.00732e-05 0.0 0.0 0.0 0.0 0.0 0.0 0.0 0.0 0.0 0.998955 0.000111014 0.0 0.0 0.0
0.0 0.99945 0.0 1.0 0.0 0.0 0.0 0.0 0.999849 1.78814e-07 0.0 0.000572801 0.00310513 0.0320501 0.0 0.0 0.0370523 0.0 0.0185027 0.0 0.982953 0.000305235 0.0 0.00126463 0.0 6.96778e-05 0.000740349 0.0191728 0.0 0.0 0.416607 7.7486e-07 0.0 0.0 0.0 0.0 0.0 0.214418 0.0 0.0510408 0.0 0.0 0.00170851 0.0 0.0 2.98023e-08 0.00133508 0.000133067 0.00023967 0.0 0.976303 0.0 0.934878 1.84774e-06 1.49012e-07 0.0 0.0 0.0 5.66244e-07 0.0 0.0 5.60284e-06 0.225689 1.60933e-06
0.0 0.0 0.0 0.0 0.0 0.939754 0.0 1.01328e-06 0.0 0.0 0.15093 0.0 0.0 0.0 0.0 0.00861022 0.0 0.00123638 0.0 0.0 0.0 0.0 0.000382483 0.0 0.0 0.0 0.0 0.0 0.0 0.0 0.0 0.0 0.0 0.000164449 0.0123345 0.373302 0.327493 0.0 0.0 0.0 0.0 0.669014 0.0 0.0421818 0.0127286 0.0 0.0 0.0 0.0 2.98023e-08 0.0 0.0 0.0 0.0 0.0 0.0 0.0 0.0 0.0 0.000105083 0.46957 0.0 0.0 0.0
0.0 0.0 0.0 0.0 0.0 0.0 0.0 0.0 0.0 0.0 0.0 0.0 0.0 0.0 0.0 0.0 0.0 0.0 0.0 0.0 0.0 0.0 0.0 0.0 0.0 0.0 0.0 0.0 0.0 0.0 0.0 0.0 0.0 3.27826e-07 0.00393718 0.0 0.0 0.0 0.0 0.0 0.0 0.0 0.0 0.0 5.96046e-07 0.0 0.0 0.0 0.0 0.999889 0.0 0.0 0.0 0.0 0.0 0.0 0.0 0.0 0.0 0.188326 0.0 0.0 0.0 0.0
0.0 0.0 0.0 0.0 0.0 0.0350146 0.0 0.00859666 0.0 0.0 0.96416 0.0 0.0 0.0 0.0 2.20835e-05 0.0 0.353091 0.0 0.0 0.0 0.0 0.0 0.0 0.0 0.0 0.0 0.0 0.0 0.0 0.0 0.0 0.0 0.0 0.0 0.807245 0.982617 0.0 0.0 0.0 0.0 0.0310116 0.0 0.819389 8.40425e-06 0.0 0.0 0.0 0.0 0.0 0.0 0.0 0.0 0.0 0.0 0.0 0.0 0.0 0.0 0.0 0.857583 0.0 0.0 0.0
0.0 0.999996 0.0 1.02222e-05 0.0 0.0 0.0 0.0 0.0 0.0 0.0 0.0 0.0 0.0 0.0 0.0 0.0 0.0 1.78814e-06 0.0 0.0123272 7.7486e-07 0.0 0.0 0.0 0.0 0.0 0.0 0.0 0.0 3.47197e-05 0.0 0.0 0.0 0.0 0.0 0.0 0.0 4.38094e-06 0.0 0.0 0.0 0.0 0.0 0.0 0.0 0.0 0.0 0.0 0.0 0.0 0.0 7.22408e-05 2.98023e-08 0.0 0.0 0.0 0.0 0.0 0.0 0.0 0.0 0.0 0.0
0.0 0.0 0.0 0.0 0.0 0.0 0.0 4.17233e-07 0.0 7.45058e-07 0.0 0.0 0.0 0.0 0.0 0.0 0.0 0.0 0.0 0.0 0.0 0.0 0.0 8.9407e-08 0.0 0.0 0.0 0.0 0.0 0.0 0.0 0.0 0.0 0.0 0.0 0.0 0.0 0.0 0.0 0.0 0.0 0.0 0.0 0.0 0.0 0.000324577 0.0 0.0 0.999902 0.0 0.0 0.0 0.0 0.0 0.0 0.0 0.0 0.0 0.0 0.0 0.0 0.0 0.0 0.0
0.0 0.0 0.0 0.0 0.0 0.0 0.0 0.0 0.0 0.0 0.0 0.0 0.0 0.0 0.0 0.0 0.0 0.0 0.0 0.0 0.0 0.138193 0.0 0.0 0.0 0.0 0.0 0.0 0.0 0.0 0.0 1.0 0.0 0.0 0.0 0.0 0.0 0.0 0.0 0.0 0.0 0.0 0.0 0.0 0.0 0.0 0.0 0.0 0.0 0.0 0.0 0.0 0.0 0.0 0.000178605 0.0 0.0 0.0 0.0 0.0 0.0 2.98023e-08 0.0 0.0
0.0 0.0 0.0 0.0 0.0 0.00999433 0.0 0.0 0.0 0.0 5.39422e-06 0.0 0.0 0.0 0.0 5.24521e-06 0.0 1.72853e-05 0.0 0.0 0.0 0.0 0.0147531 0.0 0.0 0.0 0.0 0.0 0.0 0.0 0.0 0.0 0.0 6.82473e-05 0.921385 0.00349027 9.53674e-06 0.0 0.0 0.0 0.0 1.20997e-05 0.0 9.98378e-06 0.195131 0.0 0.0 0.0 0.0 4.05312e-06 0.0 0.0 0.0 0.0 0.0 0.0 0.0 0.0 0.0 0.765716 0.000771552 0.0 0.0 0.0
0.0 0.0 0.0 0.000637054 0.0 0.0 0.0 0.0 0.0 0.0 0.0 1.78814e-07 0.0 0.0 0.0 0.0 0.0 0.0 0.0 0.0 0.0 0.0 0.0 0.0 0.0 2.98023e-06 0.0 0.0 0.0 0.0 0.0 5.00679e-06 0.0 0.0 0.0 0.0 0.0 0.0 0.0 0.0 0.0 0.0 0.999251 0.0 0.0 0.0 2.68221e-07 0.0 0.0 0.0 0.0 0.0 4.47035e-07 0.0 6.85453e-07 0.0 0.0 0.0 0.0 0.0 0.0 0.000204384 0.0 0.0
0.0 0.0 0.0 0.0 0.0 2.98023e-08 0.0 0.990085 0.0 0.0 0.00297838 0.0 0.0 0.0 0.0 1.07288e-05 0.0 0.000306994 0.0 0.0 0.0 0.0 0.0 0.0 0.0 0.0 0.0 0.0 0.0 0.0 0.0 0.0 0.0 0.0 0.0 0.000311852 0.00192896 0.0 0.0 0.0 0.0 0.0005171 0.0 8.36849e-05 0.0 0.000264227 0.0 0.0 7.44462e-05 0.0 0.0 0.0 0.0 0.0 0.0 0.0 0.0 0.0 0.0 0.0 1.44839e-05 0.0 0.0 0.0
0.0122935 0.0 0.0 0.00114086 0.0 0.0 0.0 0.0 0.998249 0.0 0.0 0.0 0.0 6.25849e-07 0.0 0.0 0.0 0.0 0.000135332 1.11163e-05 1.78814e-07 0.0 0.0 8.9407e-08 0.0 0.0 0.000131696 8.9407e-08 0.0 0.0 2.68221e-06 0.0 0.0 0.0 0.0 0.0 0.0 0.000110328 0.0 6.02305e-05 0.0 0.0 0.0 0.0 0.0 0.0 0.0 0.0 0.0 0.0 0.997713 0.0 0.0 0.0 2.6226e-06 0.0 0.0 0.0 0.0 0.0 0.0 0.0 0.000376642 0.0
0.0 0.0 0.0 0.0 0.0 0.0 0.0 0.0 0.0 0.0 0.0 0.0 0.0 0.0 0.0 0.0 0.0 0.0 0.0 0.0 0.0 0.0 0.0 0.0 0.0 0.0 0.0 0.0 0.0 0.999879 0.0 0.0 0.0 0.0 0.0 0.0 0.0 0.0 0.0 0.0 0.0 0.0 0.0 0.0 0.0 0.0 0.0 0.0 0.0 0.0 0.0 0.0 0.0 0.0 0.0 0.0 0.0 0.0 0.0 0.0 0.0 0.0 0.0 0.0
6.78599e-05 0.0 0.0 6.25849e-07 0.0 0.0 0.0 1.16527e-05 0.0360976 2.27094e-05 3.57628e-07 0.0 0.0 0.0 0.0 0.0 0.0 0.000183284 5.96046e-08 0.999999 0.0 0.0 0.0 0.000567406 0.0 0.0 2.27094e-05 0.0 0.0 0.0 0.0 0.0 0.0 0.0 0.0 1.19209e-05 5.66244e-07 0.000335038 1.78814e-07 0.0 0.0 2.08616e-07 0.0 5.66244e-07 0.0 0.000663519 0.0 0.0 0.295548 0.0 0.00790858 0.0 0.0 0.0 0.00698262 0.0 0.0 0.0 0.0 0.0 8.9407e-08 0.0 1.19507e-05 0.0
0.0 0.0 0.0 0.0 0.0 0.0 0.0 0.0 0.0 0.0 0.0 0.0 0.0 0.0 0.0 0.0 0.0 0.0 0.0 0.0 0.0 0.0 0.0 0.0 1.0 0.0 0.0 0.0 0.0 0.0 0.0 0.0 0.0 0.0 0.0 0.0 0.0 0.0 0.0 0.0 0.000256568 0.0 0.0 0.0 0.0 0.0 0.0 0.0 0.0 0.0 0.0 0.0 0.0 0.0 0.0 0.0 0.0 0.0 0.0 0.0 0.0 0.0 0.0 0.0
0.0 0.0 0.0 0.0 0.0 0.98968 0.0 7.18236e-06 0.0 0.0 0.0261147 0.0 0.0 0.0 0.0 0.000194192 0.0 0.0022122 0.0 0.0 0.0 0.0 2.35736e-05 0.0 0.0 0.0 0.0 0.0 0.0 0.0 0.0 0.0 0.0 1.49012e-07 3.27229e-05 0.029235 0.119625 0.0 0.0 0.0 0.0 0.185428 0.0 0.038726 0.000176519 0.0 0.0 0.0 0.0 0.0 0.0 2.98023e-08 0.0 0.0 0.0 0.0 0.0 0.0 0.0 1.49012e-07 0.0306705 0.0 0.0 0.0
0.0 0.0 0.999734 0.0 0.0 0.0 0.0 0.0 0.0 0.0 0.0 0.0 0.0 0.0 0.0 0.0 0.0 0.0 0.0 0.0 0.0 0.0 0.0 0.0 0.0 0.0 0.0 0.0 0.0 0.0 0.0 0.0 0.0 0.0 0.0 0.0 0.0 0.0 0.0 0.0 0.0 0.0 0.0 0.0 0.0 0.0 0.0 0.0 0.0 0.0 0.0 0.0 0.0 0.0 0.0 0.0 0.0 0.0 0.0 0.0 0.0 0.0 0.0 0.0
0.0 0.0 0.0 0.0 0.0 6.13928e-06 0.0 0.0 0.0 0.0 0.000105023 0.0 0.0 0.0 0.0 0.0293507 0.0 1.54078e-05 0.0 0.0 0.0 0.0 9.34899e-05 0.0 0.0 0.0 0.0 0.0 0.0 0.0 0.0 0.0 0.0 0.00181562 0.0581352 0.0883627 9.67979e-05 0.0 0.0 0.0 0.0 1.29044e-05 0.0 5.37932e-05 0.999939 0.0 0.0 0.0 0.0 1.19209e-07 0.0 2.98023e-08 0.0 0.0 0.0 0.0 0.0 0.0 0.0 0.0275029 0.0105143 0.0 0.0 0.0
0.0 0.0 0.0 9.23872e-07 0.0 0.0 0.0 0.0 0.0 0.0 0.0 2.98023e-08 0.0 0.0 0.0 0.0 0.0 0.0 0.0 0.0 0.0 2.11596e-06 0.0 0.0 0.0 0.999978 0.0 0.0 5.96046e-08 0.0 0.0 0.00025779 0.0 0.0 0.0 0.0 0.0 0.0 0.0 0.0 0.0 0.0 1.01328e-06 0.0 0.0 0.0 0.0 0.0 0.0 0.0 0.0 0.0 1.84774e-06 9.53674e-07 0.0 0.0 0.0 0.0 0.00015223 0.0 0.0 0.923738 0.0 1.20699e-05
0.0 0.0 0.0 0.0 0.0 0.00372991 0.0 0.0237087 0.0 0.0 0.982572 0.0 0.0 0.0 0.0 3.9041e-06 0.0 0.318403 0.0 0.0 0.0 0.0 0.0 0.0 0.0 0.0 0.0 0.0 0.0 0.0 0.0 0.0 0.0 0.0 0.0 0.624232 0.970255 0.0 0.0 0.0 0.0 0.0086984 0.0 0.360639 1.37091e-06 0.0 0.0 0.0 0.0 0.0 0.0 2.98023e-08 0.0 0.0 0.0 0.0 0.0 0.0 0.0 0.0 0.808978 0.0 0.0 0.0
0.0 8.9407e-08 0.0 0.670471 0.0 0.0 0.0 0.0 0.0 0.0 0.0 0.0 0.0 1.43051e-06 0.0 0.0 0.0 0.0 0.0 0.0 3.8743e-07 2.08616e-06 0.0 0.0 0.0 3.27826e-07 0.0 0.000239491 0.0 0.0 3.9041e-06 0.0 0.0 0.0 0.0 0.0 0.0 0.0 0.0 1.58548e-05 0.0 0.0 0.0 0.0 0.0 0.0 2.98023e-08 0.0 0.0 0.0 0.0 0.0 7.15256e-06 0.0 0.0 0.376217 0.0 0.0 2.26498e-06 0.0 0.0 8.9407e-08 0.0 0.0
0.0 8.71122e-05 0.0 0.000979215 0.0 0.0 0.0 0.0 1.19209e-07 0.0 0.0 0.0 0.0 0.0 0.0 0.0 0.0 0.0 0.00895727 0.0 0.830925 0.0 0.0 0.0 0.0 0.0 1.14739e-05 8.34465e-07 0.0 0.0 0.999099 0.0 0.0 0.0 0.0 0.0 0.0 2.98023e-08 0.0 0.000526398 0.0 0.0 0.0 0.0 0.0 0.0 0.0 0.0 0.0 0.0 1.63913e-06 0.0 0.000212729 0.0 2.98023e-08 0.0 0.0 0.0 0.0 0.0 0.0 0.0 0.0 0.0
0.0 0.0 0.0 0.0 2.98023e-08 0.0 0.0 0.0 0.0 0.0 0.0 0.0 0.0 0.0 0.0 0.0 0.0 0.0 0.0 0.0 0.0 0.0 0.0 0.0 0.0 0.0 0.0 0.0 0.0 0.0 0.0 0.0 0.999709 0.0 0.0 0.0 0.0 0.0 0.0 0.0 0.0 0.0 0.0 0.0 0.0 0.0 0.0 0.0 0.0 0.0 0.0 0.0 0.0 0.0 0.0 0.0 0.0 0.0 0.0 0.0 0.0 0.980049 0.0 0.0
0.0 0.0 0.0 0.0 0.0 0.0 0.0 0.0 5.96046e-08 0.0 0.0 0.0 0.0 0.0 0.0 0.0 0.997847 0.0 0.0 0.0 0.0 0.0 0.0 0.0 0.0 0.0 0.0 0.0 0.0 0.0 0.0 0.0 0.0 0.0 0.0 0.0 0.0 0.0 0.0 0.0 0.0 0.0 0.0 0.0 0.0 2.98023e-08 0.0 0.0 0.0 3.27826e-06 0.0 0.0 0.0 0.0 0.0 0.0 0.0 0.0 0.0 0.0 0.0 0.0 0.0 0.0
0.0 0.0 0.0 0.0 0.0 0.0 0.0 0.0 0.0 0.0 0.0 0.0 1.01328e-06 0.0 0.0 0.0 0.0 0.0 0.00160369 0.0 9.97484e-05 0.0249143 0.0 0.999969 0.0 0.000209033 0.000990748 0.0 1.2219e-06 1.49012e-07 0.0 0.0131069 0.0 0.0 0.0 0.0 0.0 0.000129282 0.0 9.68575e-06 0.0 0.0 0.0 0.0 0.0 0.0 0.0 0.0 0.0 0.0 1.19209e-07 0.0 0.00802183 0.00591943 0.000951171 0.0 0.0 0.0 0.0 0.0 0.0 0.0 0.0198142 0.0
0.0 0.0 0.0 0.0 0.0 0.672148 0.0 0.599115 0.0 0.000107616 0.00207481 0.0 0.0 0.0 0.0 8.9407e-08 0.0 0.0 0.0 0.0 0.0 0.0 0.0 0.0 0.0 0.0 0.0 0.0 0.0 0.0 0.0 0.0 0.0 0.0 0.0 0.0 0.315407 0.0 0.0 0.0 0.0 0.16076 0.0 0.812503 0.0 0.0 0.0 5.96046e-08 0.0 0.0 0.0 0.931274 0.0 0.0 0.0 0.0 0.0 0.0 0.0 0.0 0.988929 0.0 0.0 0.0
0.0 0.0 0.0 0.0 0.0 0.0 0.0 0.0 0.0 0.0 0.0 0.0 0.0 0.0 0.0 0.0 0.0 0.0 0.0 0.0 0.0 0.0 0.0 0.0 0.0 0.0 0.0 0.0 0.0 0.0 0.0 0.0 0.0 0.0 0.0 0.0 0.0 0.0 0.0 0.0 0.0 0.0 0.0 0.0 0.0 0.0 0.0 0.0 0.0 0.0 0.0 0.0 0.0 0.0 0.0 0.0 0.0 0.0 0.999964 0.0 0.0 0.0 0.0 0.0
0.0 0.0 0.0 0.0 0.0 0.0 0.0 0.0 0.999738 0.0 0.0 0.0 0.0 0.0 0.0 0.0 5.66244e-07 0.0 0.0 0.0 0.0 0.0 0.0 0.0 0.0 0.0 0.0 0.0 0.0 0.0 0.0 0.0 0.0 0.0 0.0 0.0 0.0 0.0 0.0 0.0 0.0 0.0 0.0 0.0 0.0 0.0 0.0 0.0 0.0 0.0 0.0 0.0 0.0 0.0 0.0 0.0 0.0 0.0 0.0 0.0 0.0 0.0 0.0 0.0
0.0 0.0 0.0 0.0 0.0 0.982218 0.0 0.982318 0.0 3.45707e-05 0.179197 0.0 0.0 0.0 0.0 0.0 0.0 0.0 0.0 0.0 0.0 0.0 0.0 0.0 0.0 0.0 0.0 0.0 0.0 0.0 0.0 0.0 0.0 0.0 0.0 0.0 0.969614 0.0 0.0 0.0 0.0 0.976905 0.0 0.71652 0.0 1.78814e-07 0.0 1.43647e-05 0.0 8.9407e-08 0.0 0.48007 0.0 0.0 0.0 0.0 0.0 0.0 0.0 0.0 0.337507 0.0 0.0 0.0
0.0 0.999998 0.0 0.0 0.0 0.0 0.0 0.0 0.0 0.0 0.0 0.0 0.0 0.0 0.0 0.0 0.0 0.0 0.0 0.0 0.0 2.68221e-07 0.0 0.0 0.0 0.0 0.0 0.0 0.0 0.0 0.0 0.0 0.0 0.0 0.0 0.0 0.0 0.0 1.3411e-06 0.0 0.0 0.0 0.0 0.0 0.0 0.0 0.0 0.0 0.0 0.0 0.0 0.0 0.0 0.0 0.0 0.0 0.0 0.0 0.0 0.0 0.0 0.0 0.0 0.0
0.0 0.0 0.0 0.0 0.0 0.0 0.0 0.0 0.0 0.0 0.0 0.0 0.0 0.0 0.0 0.0 0.000174612 0.0 0.0 0.0 0.0 0.0 0.0 0.0 0.0 0.0 0.0 0.0 0.0 0.0 0.0 0.0 0.0 0.0 0.0 0.0 5.66244e-07 0.0 0.0 0.0 0.0 2.08616e-07 0.0 0.0 0.0 0.000737846 0.0 0.0 0.0 0.958606 0.0 0.0 0.0 0.0 0.0 0.0 0.0 0.0 0.0 0.0 0.0 0.0 0.0 0.0
0.0 0.0 0.0 0.999481 0.0 0.0 0.0 0.0 0.0 0.0 0.0 0.0 0.0 0.0 0.0 0.0 0.0 0.0 0.0 0.0 0.0 0.0 0.0 0.0 0.0 0.0 0.0 0.0 0.0 0.0 0.0 0.0 0.0 0.0 0.0 0.0 0.0 0.0 0.0 0.0 0.0 0.0 0.0 0.0 0.0 0.0 0.0 0.0 0.0 0.0 0.0 0.0 0.0 0.0 0.0 0.0 0.0 0.0 0.0 0.0 0.0 0.0 0.0 0.0
0.0 0.0 0.0 0.0 0.0 0.0 0.0 0.0 0.0 0.0 0.0 0.0 0.0 0.0 0.0 0.0 0.0 0.0 0.0 0.0 0.0 0.0 0.0 0.0 0.0 0.0 0.0 0.0 0.0 0.0 0.0 0.0 0.0 4.76837e-07 0.0 0.0 0.0 0.0 0.0 0.0 0.0 0.0 0.0 0.0 0.0 0.0 0.0 1.2517e-06 0.0 0.0 0.0 0.0 0.0 0.0 0.0 0.0 0.0 0.0 0.0 0.0 0.0 0.0 0.0 0.0
0.0 0.0 0.0 0.0 0.0 0.950544 0.0 0.933386 0.0 6.88434e-06 0.00837228 0.0 0.0 0.0 0.0 0.0 0.0 0.0 0.0 0.0 0.0 0.0 0.0 0.0 0.0 0.0 0.0 0.0 0.0 0.0 0.0 0.0 0.0 0.0 0.0 0.0 0.982299 0.0 0.0 0.0 0.0 0.979589 0.0 0.0295482 0.0 3.27826e-06 0.0 3.99351e-06 0.0 2.29478e-06 0.0 0.221699 0.0 0.0 0.0 0.0 0.0 0.0 0.0 0.0 0.0598255 0.0 0.0 0.0
0.0 0.0 0.0 0.0 0.0 0.0 0.0 0.0 0.0 0.0 0.0 0.0 0.0 0.0 0.0 0.0 0.0 0.0 0.0 0.0 4.17233e-07 0.0 0.0 7.7486e-07 0.0 0.0 0.0 0.0 0.998799 0.0 0.0 0.000388116 0.0 0.0 0.0 0.0 0.0 0.000184268 0.0 2.80142e-06 0.0 0.0 8.34465e-07 0.0 0.0 0.0 0.0 0.0 0.0 0.0 7.80821e-06 0.0 0.0107362 1.33812e-05 8.9407e-08 0.0 0.0 0.0 0.0 0.0 0.0 0.0 0.0 0.0
0.0 0.0 0.0 0.0 0.0 0.0 6.55651e-07 0.0 0.0 0.0 0.0 0.0 0.0 0.0 2.74181e-06 0.0 0.0 0.0 0.0 0.0 0.0 0.0 0.0 0.0 0.0 0.0 0.0 2.89083e-06 0.0 0.0 0.0 0.0 0.000266999 0.0 0.0 0.0 0.0 0.0 0.0 0.0 0.0 0.0 0.0 0.0 0.0 0.0 0.0 0.0 2.5183e-05 0.0 0.0 0.0 0.0 0.0 0.0 0.0 0.0 0.0 0.0 0.0 0.0 0.0 0.0 0.0
0.0 0.0 0.0 0.0 0.0 0.0 0.0 0.0 0.0 0.0 0.0 0.0 0.0 0.0 0.0 0.0 0.0 0.0 0.0 0.0 1.78814e-07 3.15905e-05 0.0 3.68059e-05 0.0 9.23872e-07 2.80142e-05 0.0 4.17233e-07 0.000598878 0.0 0.182857 0.0 0.0 0.0 0.0 0.0 1.19209e-07 0.0 0.0 0.0 0.0 0.0 0.0 0.0 0.0 0.0 0.0 0.0 0.0 2.98023e-08 0.0 3.95179e-05 0.999902 4.17233e-07 0.0 0.0 0.0 0.0 0.0 0.0 0.0 0.000122696 0.0
8.04663e-07 0.0 0.0 0.0 0.0 0.0 0.0 0.0 0.0 0.0 0.0 0.0 1.0 0.0 0.0 0.0 0.0 0.0 0.0 0.0 3.8743e-07 6.85453e-07 0.0 8.9407e-08 5.96046e-08 0.0 0.0 0.0 0.0 0.0 0.0 0.0 0.0 0.0 0.0 0.0 0.0 0.0 0.0 0.000120044 7.60853e-05 0.0 0.0 0.0 0.0 0.0 1.01328e-06 0.0 0.0 0.0 0.0 0.0 8.43406e-06 0.0 0.0 0.0 0.0 2.98023e-08 0.0 0.0 0.0 0.0 0.0 0.0
0.0 0.0 0.0 0.0 0.0 0.0 0.0 0.0 0.0 0.0 5.96046e-08 0.0 0.0 0.0 0.0 0.0 0.0 0.999063 0.0 0.0 0.0 0.0 0.0 0.0 0.0 0.0 0.0 0.0 0.0 0.0 0.0 0.0 0.0 0.0 0.0 0.0 0.0 0.0 0.0 0.0 0.0 0.0 0.0 0.0 0.0 0.0 0.0 0.997571 0.0 0.0 0.0 0.0 0.0 0.0 0.0 0.0 0.0 0.0 0.0 0.0 0.0 0.0 0.0 0.0
0.0 0.0 0.0 0.0 0.0 0.0 2.08616e-07 0.0 0.0 0.0 0.0 0.0 0.0 0.0 0.000218362 0.0 0.0 0.0 0.0 0.0 0.0 0.0 0.0 0.0 0.0 0.0 0.0 0.99983 0.0 0.0 0.0 0.0 7.15256e-07 0.0 0.0 0.0 0.0 0.0 0.0 0.0 0.0 0.0 0.0 0.0 0.0 0.0 0.0 0.0 0.0 0.0 0.0 0.0 0.0 0.0 0.0 0.0 0.0 0.0 0.0 0.0 0.0 0.0 0.0 0.0
0.0 0.0 0.0 0.0 0.0 0.0 0.0 0.0 0.0 0.0 0.0 0.0 0.0 0.0 0.0 0.0 0.0 0.0 0.0 0.0 0.0 0.0 0.0 0.0 0.0 0.0 0.0 0.0 0.0 0.0 0.0 0.0 0.0 0.0 0.0 0.0 0.0 0.0 0.0 0.0 0.0 0.0 0.0 0.0 0.0 0.0 0.0 0.0 0.0 0.0 0.0 0.0 0.0 0.0 0.0 0.0 1.0 0.0 0.0 0.0 0.0 0.0 0.0 0.0
0.0 0.0 0.0 0.0 0.0 0.0 0.0 0.0 0.0 0.0 0.0 0.0 0.0 0.0 0.0 0.0 0.0 0.0 0.0 0.0 0.0 2.38419e-07 0.0 4.50015e-06 0.0 0.0 0.0 0.0 1.97589e-05 0.0 0.0 0.0437434 0.0 0.0 0.0 0.0 0.0 0.998846 0.0 0.0 0.0 0.0 0.0 0.0 0.0 0.0 0.0 0.0 0.0 0.0 2.27392e-05 0.0 0.083272 5.06639e-07 0.000275552 0.0 0.0 0.0 0.0 0.0 0.0 0.0 0.000214398 0.0
0.00581425 0.0 0.0 0.0 0.0 0.0 0.0 0.0 0.0 0.0 0.0 0.0 1.19209e-07 0.0 0.0 0.0 0.0 0.0 0.0 0.0 0.000309795 2.38419e-07 0.0 0.0 0.0 0.0 0.0 0.0 3.8743e-07 0.0 0.0 0.0 0.0 0.0 2.08616e-07 0.0 0.0 0.0 0.0 0.0 0.0 0.0 0.999538 0.0 0.0 0.0 0.0 0.0 2.98023e-08 0.0 0.0 0.0 2.00868e-05 0.0 0.0 0.0 0.0 0.0 0.0 4.47035e-07 0.0 0.0 0.0 0.0
0.0 0.0 0.0 0.0 0.0 0.0 0.0 0.0 0.0 0.0 0.0 0.0 0.0 0.0 0.0 0.0 0.0 0.0 0.0 0.0 0.0 0.0 0.0 3.27826e-06 0.0 4.47035e-07 9.53674e-07 0.0 0.0 1.07288e-06 0.0 7.00057e-05 0.0 0.0 0.0 0.0 0.0 0.0 0.0 0.0 0.0 0.0 0.0 0.0 0.0 0.0 0.0 0.0 0.0 0.0 0.0 0.0 0.0 5.06639e-07 8.67248e-06 0.0 0.0 0.0 0.0 0.0 0.0 0.0 9.38773e-06 0.0
3.51667e-06 0.0 0.0 0.0 0.0 0.0 0.0 0.0 0.0 0.0 0.0 1.49012e-07 2.92063e-05 0.0 0.0 0.0 0.0 0.0 0.0 0.0 8.9407e-08 0.0 0.0 0.000306845 0.0 2.98023e-08 0.0 0.0 0.00221553 0.0 0.0 0.00245044 0.0 0.0 0.0 0.0 0.0 0.00658497 8.9407e-08 0.000304341 0.0 0.0 2.08616e-07 0.0 0.0 0.0 1.78814e-07 0.0 0.0 0.0 0.000434607 0.0 0.999989 2.98023e-08 0.0489245 0.0 0.0 0.0 0.0 0.0 0.0 0.0 5.03659e-06 0.0
0.0 0.0 0.0 0.0 0.0 8.22544e-06 0.0 4.32134e-06 0.0 0.994013 3.60608e-06 0.0 0.0 0.0 0.0 0.0 0.0 0.0 0.0 0.0 0.0 0.0 0.0 0.0 0.0 0.0 0.0 0.0 0.0 0.0 0.0 0.0 0.0 0.0 0.0 0.0 5.75185e-06 0.0 0.0 0.0 0.0 2.11e-05 0.0 1.49906e-05 0.0 6.05285e-05 0.0 0.0 0.0 2.98023e-08 0.0 0.0344983 0.0 0.0 0.0 0.0 0.0 0.0 0.0 0.0 1.61231e-05 0.0 0.0 0.0
0.0 0.0 0.0 0.0 0.0 0.0 0.0 0.0 0.0 0.0 0.0 0.0 0.0 0.0 0.994782 0.0 0.0 0.0 0.0 0.0 0.0 0.0 0.0 0.0 0.0 8.9407e-08 0.0 1.99974e-05 0.0 2.08616e-07 0.0 0.0 0.0 0.0 0.0 0.0 0.0 0.0 0.0 0.0 0.0 0.0 0.0 0.0 0.0 0.0 2.11596e-06 0.0 2.98023e-08 0.0 0.0 0.0 0.0 0.0 0.0 0.0 0.0 0.0 0.0 0.0 0.0 0.0 0.0 0.0
0.0 0.0 0.0 0.0 0.999983 0.0 0.0 0.0 0.0 0.0 0.0 0.0 0.0 0.0 0.0 0.0 0.0 0.0 0.0 0.0 0.0 0.0 0.0 0.0 0.0 0.0 0.0 0.0 0.0 0.0 0.0 0.0 0.0 0.0 0.0 0.0 0.0 0.0 0.0 0.0 0.0 0.0 0.0 0.0 0.0 0.0 0.0 0.0 0.0 0.0 0.0 0.0 0.0 0.0 0.0 0.0 0.0 0.0 0.0 0.0 0.0 0.0 0.0 0.0
0.0 0.0 0.0 0.0 0.0 0.0 0.0 0.0 0.0 0.0 0.0 0.0 0.0 0.998834 0.0 0.0 0.0 0.0 0.0 0.0 0.0 0.0 0.0 0.0 0.0 0.0 0.0 0.0 0.0 0.0 0.0 0.0 0.0 0.0 0.0 0.0 0.0 0.0 0.0 0.0 0.0 0.0 0.0 0.0 0.0 0.0 0.0 0.0 0.0 0.0 0.0 0.0 0.0 0.0 0.0 0.0 0.0 0.0 0.0 0.0 0.0 0.0 0.0 9.0301e-06
0.0 0.0 0.0 0.0 0.0 0.0 0.0 0.0 0.0 0.0 0.0 0.0 0.0 0.0 0.0 0.0 0.0 0.0 0.998528 0.0 0.0 0.743307 0.0 2.43485e-05 0.0 0.0 0.0 0.0 0.0 0.0 0.0 1.78814e-07 0.0 0.0 0.0 0.0 0.0 0.0 0.0 0.0 0.0 0.0 0.0 0.0 0.0 0.0 0.0 0.0 0.0 0.0 0.0 0.0 5.84126e-05 1.19209e-07 0.0 0.0 0.0 0.0 0.0 0.0 0.0 0.0 0.0 0.0
0.0 0.0 0.0 0.0 0.0 0.0 8.9407e-08 0.0 0.0 0.0 0.0 0.0 0.0 0.0 0.0 0.0 0.0 0.0 0.0 0.0 0.0 0.0 0.0 0.0 0.0 0.0 0.0 4.76837e-07 0.0 0.0 0.0 0.0 1.19209e-07 0.0 0.0 0.0 0.0 0.0 0.0 0.0 0.0 0.0 0.0 0.0 0.0 0.000105977 0.0 0.0 0.0 0.0 0.0 0.0 0.0 0.0 0.0 0.0 0.0 0.0 0.0 0.0 0.0 0.0 0.0 0.0
0.0 0.0 0.0 0.0 0.0 0.0 0.0 0.0 0.0 0.0 0.0 0.0 0.0 0.00290221 0.0 0.0 0.0 0.0 0.0 0.0 0.0 0.0 0.0 0.0 0.0 0.0 0.0 0.0 0.0 0.0 0.0 0.0 0.0 0.0 0.0 0.0 0.0 0.0 0.0 0.0 0.0 0.0 0.0 0.0 0.0 0.0 0.0 0.0 0.0 0.0 0.0 0.0 0.0 0.0 0.0 0.0 0.0 0.0 0.0 0.0 0.0 0.0 0.0 0.986601
0.0 0.0 0.0 0.0 0.0 0.0 0.0 0.0 0.0 0.0 0.0 0.0 0.0 0.0 1.19209e-07 0.0 0.0 0.0 0.0 0.0 0.0 0.0 0.0 0.0 7.51615e-05 1.57952e-06 0.0 0.0 0.0 3.2872e-05 0.0 0.0 0.0 0.0 0.0 0.0 0.0 0.0 0.0 0.0 0.0 0.0 0.0 0.0 0.0 0.0 0.999999 0.0 0.0 0.0 0.0 0.0 0.0 0.0 0.0 0.0 0.0 0.00754017 0.0 0.0 0.0 0.0 0.0 0.0
0.0 0.0 0.0 0.0 0.0 0.0 0.0 0.0 0.0 0.0 0.0 0.0 0.0 0.0 0.0 0.0 0.0 0.0 0.0 0.0 0.0 0.0 0.0 0.0 0.0 2.38419e-06 0.0 0.0 0.0 0.0 0.0 0.0 0.0 0.0 0.0 0.0 0.0 0.0 0.0 0.0 0.0 0.0 0.0 0.0 0.0 0.0 0.0 0.0 0.0 0.0 0.0 0.0 0.0 0.0 0.0 0.0 0.0 0.0 0.0 0.0 0.0 0.0 0.0 0.0
0.0 1.52588e-05 0.0 0.0 0.0 0.0 0.0 0.0 0.0 0.0 0.0 0.0 0.0 0.0 0.0 0.0 0.0 0.0 0.00256857 0.0 1.9908e-05 1.0 0.0 0.000162095 0.0 0.518175 0.000974685 3.57628e-07 0.0 0.000675082 0.0 0.311621 0.0 0.0 3.06964e-06 5.96046e-08 0.0 3.93391e-06 0.0 2.98023e-08 0.0 0.0 0.0 0.0 0.0 0.0 0.0 0.0 1.19209e-07 0.0 0.0 0.0 3.57628e-07 0.0998349 0.0 0.0 0.0 0.0 0.0 0.0 0.0 0.0 0.000169426 0.0
0.0 0.0 0.0 0.0 0.0 0.0 0.0 0.0 0.0 0.0 0.0 8.9407e-08 0.0 0.0 0.0 0.0 0.0 0.0 0.0 0.0 0.0 0.0 0.0 0.0 0.0 0.0 0.0 0.0 0.0 0.0 0.99952 0.0 0.0 0.0 0.0 0.0 0.0 0.0 0.0 0.0 0.0 0.0 0.0 0.0 0.0 0.0 0.0 0.0 0.0 0.0 2.95043e-06 0.0 0.0 0.0 5.96046e-08 0.0 0.0 0.0 0.0 0.0 0.0 0.0 0.0 0.0
0.0 0.0 0.0 0.0 0.0 0.213453 0.0 0.291085 0.0 8.52346e-06 0.994646 0.0 0.0 0.0 0.0 8.04663e-07 0.0 0.0 0.0 0.0 0.0 0.0 0.0 0.0 0.0 0.0 0.0 0.0 0.0 0.0 0.0 0.0 0.0 0.0 0.0 0.0 0.0536307 0.0 0.0 0.0 0.0 0.155114 0.0 0.446972 1.3113e-06 0.0 0.0 1.46031e-06 0.0 0.0 0.0 0.00835139 0.0 0.0 0.0 0.0 0.0 0.0 0.0 0.0 0.00229502 0.0 0.0 0.0
0.0 0.0 0.0 0.0 0.0 0.0 0.0 0.0 0.0 0.0 0.0 0.0 0.0 0.0 0.0 0.0 0.0 0.0 0.0 0.0 0.0 0.0 0.0 5.96046e-08 0.0 0.0 0.0 0.0 0.0 0.0 0.0 0.0 0.0 0.0 0.0 0.999429 0.0 0.0 1.81794e-06 0.0 0.0 0.0 0.0 0.0 0.0 0.0 0.0 0.0 0.0 0.0 0.0 0.0 8.9407e-08 2.98023e-08 0.0 0.0 0.0 0.0 0.0 0.0 0.0 0.0 0.0 0.0
0.0 0.0 0.0 0.0 0.0 0.0 0.0 0.0 0.0 0.0 0.0 0.0 0.0 0.0 0.0 0.0 0.0 0.0 0.0 0.0 0.0 7.03335e-06 0.0 3.99351e-06 0.0 0.0 0.997343 0.0 0.0 0.0 0.0 1.62721e-05 0.0 0.0 0.0 0.0 0.0 0.0 0.0 0.0 0.0 0.0 0.0 0.0 0.0 0.0 0.0 0.0 0.0 0.0 0.0 0.0 2.98023e-08 2.08616e-07 0.000104815 0.0 0.0 0.0 0.0 0.0 0.0 0.0 2.02954e-05 0.0
0.0 0.0 0.0 0.0 0.0 0.499894 0.0 0.492806 0.0 0.0 0.000698626 0.0 0.0 0.0 0.0 8.64267e-07 0.0 0.0 0.0 0.0 0.0 0.0 0.0 0.0 0.0 0.0 0.0 0.0 0.0 0.0 0.0 0.0 0.0 0.0 0.0 0.0 0.425439 0.0 0.0 0.0 0.0 0.112316 0.0 0.0172978 0.0 0.0 0.0 5.96046e-08 0.0 5.96046e-08 0.0 0.0169198 0.0 0.0 0.0 0.0 0.0 0.0 0.0 0.0 0.21415 0.0 0.0 0.0
1.49012e-07 0.0 0.0 0.0 0.0 0.0 0.0 0.0 0.0 0.0 0.0 0.0 3.03984e-06 0.0 0.0 0.0 0.0 0.0 0.0 0.0 0.994895 3.27826e-07 0.0 0.000102907 0.0 0.0 0.0 0.0 5.78165e-06 0.0 0.0 5.51343e-06 0.0 0.0 0.0 0.0 0.0 0.0 0.0 0.00284275 0.0 0.0 8.9407e-06 0.0 0.0 0.0 0.0 0.0 0.0 0.0 0.0 0.0 4.11272e-05 9.29832e-06 0.0 0.0 0.0 0.0 0.0 0.0 0.0 0.0 0.0 0.0
0.999904 0.0 0.0 0.0 0.0 0.0 0.0 0.0 0.0 0.0 0.0 0.0 5.96046e-08 0.0 0.0 0.0 0.0 0.0 0.0 0.0 3.78489e-06 0.0 0.0 0.0 0.0 0.0 0.0 0.0 2.01464e-05 0.0 0.0 0.0 0.0 0.0 0.0 0.0 0.0 0.0 0.0 2.98023e-08 0.0 0.0 0.566203 0.0 0.0 0.0 0.0 0.0 0.0 0.0 0.0 0.0 0.00794449 0.0 0.0 0.0 0.0 0.0 0.0 0.0 0.0 0.0 0.0 0.0
0.0 0.0 0.0 0.0 0.0 0.0 1.60933e-06 0.0 0.0 0.0 0.0 0.0 0.0 0.0 0.0 0.0 0.0 0.0 0.0 0.0 0.0 0.0 0.0 0.0 4.47035e-07 0.0 0.0 1.04308e-06 0.0 0.0 0.0 0.0 0.994809 0.0 0.0 0.0 0.0 0.0 0.0 0.0 0.0 0.0 0.0 0.0 0.0 0.0 2.38419e-07 0.0 1.19209e-07 0.0 0.0 0.0 0.0 0.0 0.0 0.0 0.0 0.000170141 0.0 0.0 0.0 0.0 0.0 0.0
0.0 0.0 0.0 0.0 0.0 0.0 0.0 0.0 0.0 0.0 0.0 0.0 0.0 0.0 0.0 0.0 0.0 0.0 0.0 0.0 0.0 0.0 0.0 0.0 0.0 0.0 0.0 0.0 0.0 0.0 0.0 0.0 0.0 0.0 0.0 0.0 0.0 0.0 1.0 0.0 0.0 0.0 0.0 0.0 0.0 0.0 0.0 0.0 0.0 0.0 0.0 0.0 0.0 0.0 0.0 0.0 0.0 0.0 0.0 0.0 0.0 0.0 0.0 0.0
0.0 0.0 0.0 0.0 0.0 0.982431 0.0 0.981628 0.0 4.60744e-05 0.11539 0.0 0.0 0.0 0.0 0.0 0.0 0.0 0.0 0.0 0.0 0.0 0.0 0.0 0.0 0.0 0.0 0.0 0.0 0.0 0.0 0.0 0.0 0.0 0.0 0.0 0.977465 0.0 0.0 0.0 0.0 0.980273 0.0 0.617071 0.0 4.47035e-07 0.0 1.04308e-05 0.0 1.49012e-07 0.0 0.505502 0.0 0.0 0.0 0.0 0.0 0.0 0.0 0.0 0.34704 0.0 0.0 0.0
0.0 0.0 0.0 0.0 0.0 0.0 0.0 0.0 0.0 0.0 0.0 0.0 0.0286779 0.0 0.0 0.0 0.0 0.0 0.0 0.0 3.8743e-07 1.19209e-07 0.0 0.0 1.90735e-06 0.0 0.0 0.0 0.0 0.0 0.0 0.0 0.0 0.0 0.0 0.0 0.0 0.0 0.0 2.11596e-05 0.999979 0.0 0.0 0.0 0.0 0.0 0.0 0.0 0.0 0.0 0.0 0.0 0.0 0.0 0.0 0.0 0.0 0.0 0.0 0.0 0.0 0.0 0.0 0.0
0.0 0.0 0.0 0.0 0.0 0.947741 0.0 0.943511 0.0 2.95341e-05 0.0253238 0.0 0.0 0.0 0.0 0.0 0.0 0.0 0.0 0.0 0.0 0.0 0.0 0.0 0.0 0.0 0.0 0.0 0.0 0.0 0.0 0.0 0.0 0.0 0.0 0.0 0.971082 0.0 0.0 0.0 0.0 0.982612 0.0 0.0558508 0.0 1.70767e-05 0.0 2.37525e-05 0.0 8.04663e-07 0.0 0.386226 0.0 0.0 0.0 0.0 0.0 0.0 0.0 0.0 0.018974 0.0 0.0 0.0
0.0 0.0 0.875111 0.0 0.0 0.0 0.0 0.0 0.0 0.0 0.0 0.0 0.0 0.0 0.0 0.0 0.0 0.0 0.0 0.0 0.0 0.0 0.0 0.0 0.0 0.0 0.0 0.0 0.0 0.0 0.0 0.0 0.0 0.0 0.0 0.0 0.0 0.0 0.0 0.0 0.0 0.0 0.0 0.0 0.0 0.0 0.0 0.0 0.0 0.0 0.0 0.0 0.0 0.0 0.0 0.0 0.0 0.0 0.0 0.0 0.0 0.0 0.0 0.0
0.0 0.0 0.0 0.0 0.0 0.00410151 0.0 0.00818431 0.0 0.0 5.27203e-05 0.0 0.0 0.0 0.0 0.0 0.0 0.0 0.0 0.0 0.0 0.0 0.0 0.0 0.0 0.0 0.0 0.0 0.0 0.0 0.0 0.0 0.0 0.0 0.0 0.0 0.00968301 0.0 0.0 0.0 0.0 0.00272453 0.0 0.000921011 0.0 2.98023e-08 0.0 2.80142e-05 0.0 0.0 0.0 0.0007025 0.0 0.0 0.0 0.0 0.0 0.0 0.0 0.0 0.000126183 0.0 0.0 0.0
2.98023e-08 0.0 0.0 0.0 0.0 0.0 0.0 0.0 0.0 0.0 0.0 0.0 0.00352687 0.0 0.0 0.0 0.0 0.0 0.0 0.0 0.0006378 0.0 0.0 0.000121146 0.0 0.0 0.0 0.0 0.00416377 0.0 0.0 5.427e-05 0.0 0.0 0.0 0.0 0.0 8.9407e-08 0.0 0.99672 1.78814e-07 0.0 5.96046e-08 0.0 0.0 0.0 2.38419e-07 0.0 0.0 0.0 2.98023e-08 0.0 0.000918061 3.8743e-07 8.9407e-08 0.0 0.0 0.0 0.0 0.0 0.0 0.0 0.0 0.0
0.0 0.0 0.0 0.0 0.0 0.0 0.0 0.0 0.0 0.0 0.0 0.0 0.0 0.0 0.0 0.0 0.0 0.0 0.0 0.0 8.9407e-08 0.0 0.0 0.0 0.0 0.0 0.0 0.0 0.0 0.0 0.0 0.0 0.0 0.0 7.33137e-06 4.39584e-05 0.0 0.0 0.0 0.0 0.0 0.0 0.0 0.0 0.0 0.0 0.0 0.0 0.0 0.0 0.0 0.0 0.0 0.0 0.0 0.0 0.0 0.0 0.0 0.999896 0.0 0.0 0.0 0.0
0.0 0.0 0.0 0.0 0.0 0.0 0.0 0.0 0.0 0.0 0.0 0.0 0.0 0.0 0.0 0.0 0.0 0.0 0.0 0.0 0.0 3.39746e-06 0.0 0.0 0.0 0.999953 0.0 0.0 0.0 0.000839919 0.0 0.0 0.0 0.0 0.0 0.0 0.0 0.0 0.0 0.0 0.0 0.0 0.0 0.0 0.0 0.0 0.0 0.0 0.0 0.0 0.0 0.0 0.0 2.98023e-08 0.0 0.0 0.0 0.0 0.0 0.0 0.0 0.0 0.0 0.0
0.0 0.0 0.0 0.0 0.0 0.0 0.0 0.0 0.0 0.0 0.0 0.0 0.0 0.0 0.0 0.013613 0.0 0.0 0.0 0.0 0.0 0.0 0.0 0.0 0.0 0.0 0.0 0.0 0.0 0.0 0.0 0.0 0.0 0.999299 0.0 0.0 0.0 0.0 0.0 0.0 0.0 0.0 0.0 1.19209e-07 2.38419e-07 0.0 0.0 0.0 0.0 0.0 0.0 0.0 0.0 0.0 0.0 0.0 0.0 0.0 0.0 0.0 0.0 0.0 0.0 0.0
0.0 0.0 0.0 0.0 0.0 0.0 0.99983 0.0 0.0 0.0 0.0 0.0 0.0 0.0 0.0 0.0 0.0 0.0 0.0 0.0 0.0 0.0 0.0 0.0 0.0 0.0 0.0 7.48038e-06 0.0 0.0 0.0 0.0 0.0 0.0 0.0 0.0 0.0 0.0 0.0 0.0 0.0 0.0 0.0 0.0 0.0 2.98023e-07 0.0 0.0 0.0 0.0 0.0 0.0 0.0 0.0 0.0 0.0 0.0 0.0 0.0 1.19209e-07 0.0 0.0 0.0 0.0
0.0 0.0 0.0 0.0 0.0 0.0 0.0 0.0 0.0 0.0 2.22623e-05 0.0 0.0 0.0 0.0 4.01139e-05 0.0 1.04308e-06 0.0 0.0 0.0 0.0 1.75834e-06 0.0 0.0 0.0 0.0 0.0 0.0 0.0 0.0 0.0 0.0 8.9407e-08 0.0 0.0 0.0 0.0 0.0 0.0 0.0 0.0 0.0 7.37906e-05 0.997947 0.0 0.0 8.9407e-08 0.0 0.0 0.0 5.96046e-08 0.0 0.0 0.0 0.0 0.0 0.0 0.0 0.0 0.0 0.0 0.0 0.0
0.0 0.0 0.0 0.0 0.0 0.0 0.0 0.0 0.0 0.0 0.0 0.0 0.0 0.0 6.49691e-06 0.0 0.0 0.0 0.0 0.0 0.0 0.0 0.0 0.0 0.0 0.014261 0.0 0.0 0.0 0.999757 0.0 0.0006558 0.0 0.0 0.0 0.0 0.0 0.0 0.0 0.0 0.0 0.0 0.0 0.0 0.0 0.0 0.970643 0.0 0.0 0.0 0.0 0.0 0.0 0.0 0.0 0.0 0.0 2.17557e-06 0.0 0.0 0.0 0.0 0.0 0.0
0.0 0.0 0.0 0.0 0.0 0.0 0.0 0.0 0.0 0.0 0.0 0.999691 0.0 0.0 0.0 0.0 0.0 0.0 0.0 0.0 0.0 0.0 0.0 0.0 0.0 0.0 0.0 0.0 0.0 0.0 5.96046e-08 0.000136495 0.0 0.0 0.0 0.0 0.0 0.0 0.0 0.0 0.0 0.0 0.0 0.0 0.0 0.0 0.0 0.0 0.0 0.0 0.000926495 0.0 1.49012e-07 0.0 0.0319025 0.0 0.0 0.0 0.0 0.0 0.0 2.08616e-07 0.0 0.0
0.0 0.0 0.0 0.0 0.0 0.0 0.0 0.0 0.0 0.0 0.0 0.000528961 0.0 0.0 0.0 0.0 0.0 0.0 0.0 0.0 0.0 0.0 0.0 0.0 0.0 0.0 0.0 0.0 2.08616e-07 2.563e-06 0.0 0.974277 0.0 0.0 0.0 0.0 0.0 2.26498e-06 0.0 0.0 0.0 0.0 0.0 0.0 0.0 0.0 0.0 0.0 0.0 0.0 1.0 0.0 0.0386997 1.67489e-05 1.41561e-05 0.0 0.0 0.0 0.0 0.0 0.0 0.0 5.96046e-08 0.0
0.0 0.0 0.0 0.0 0.0 0.0 0.0 0.0 0.0 0.0 0.0 0.0 2.17259e-05 0.0 0.0 0.0 0.0 0.0 0.0 1.0 0.0 1.12951e-05 0.0 0.0 0.0 0.0 0.0 0.0 0.0 0.0 0.0 0.0 0.0 0.0 0.0 0.0 0.0 0.0 0.0 0.0 0.0 0.0 0.0 0.0 0.0 0.0 0.0 0.0 0.0 0.0 0.0 0.0 0.0 0.0 0.000306785 0.0 0.0 0.0 0.0 0.0 0.0 1.23978e-05 0.0 0.0
0.0 0.0 0.0 0.0 0.0 0.0277678 0.0 0.0274253 0.0 0.000349551 0.00167319 0.0 0.0 0.0 0.0 0.0 0.0 0.0 0.0 0.0 0.0 0.0 0.0 0.0 0.0 0.0 0.0 0.0 0.0 0.0 0.0 0.0 0.0 6.25849e-07 0.0 0.0 0.0132082 0.0 0.0 0.0 0.0 0.0323261 0.0 0.203291 0.0 0.0 0.0 2.08616e-07 0.0 0.0 0.0 0.999958 0.0 0.0 0.0 0.0 0.0 0.0 0.0 0.0 0.144339 0.0 0.0 0.0
0.0 0.0 0.0 0.0 0.0 8.9407e-08 0.0 0.0 0.0 0.0 0.0 0.0 0.0 0.0 0.0 8.9407e-08 0.0 0.0 0.0 0.0 0.0 0.0 0.993892 0.0 0.0 0.0 0.0 0.0 0.0 0.0 0.0 0.0 0.0 0.0 0.0 0.0 0.0 0.0 0.0 0.0 0.0 0.0 0.0 4.63426e-05 2.92063e-06 0.0 0.0 0.0 0.0 0.0 0.0 2.38419e-07 0.0 0.0 0.0 0.0 0.0 0.0 0.0 0.0 3.63588e-06 0.0 0.0 0.0
0.0 0.0 0.0 0.0 0.0 0.0 0.0 0.0 0.0 0.0 0.0 0.0 0.0 0.0 1.49012e-07 0.0 0.0 0.0 0.0 0.0 0.0 0.0 0.0 0.0 2.68221e-07 0.0 0.0 0.0 0.0 0.0 0.0 0.0 3.01003e-06 0.0 0.0 0.0 0.0 0.0 0.0 0.0 0.0 0.0 0.0 0.0 0.0 0.0 0.90095 0.0 0.0 0.0 0.0 0.0 0.0 0.0 0.0 0.0 0.0 0.999337 0.0 0.0 0.0 0.0 0.0 0.0
0.0 0.0 0.0 0.0 0.0 0.0 0.0 0.0 0.0 0.0 0.0 0.0 0.0 0.0 0.0 0.0 0.0 0.0 0.0 0.0 0.0 1.49012e-07 0.0 0.0 0.0 0.0 0.0 0.0 0.0 0.0 0.0 0.0 0.0 0.0 0.999964 0.0 0.0 0.0 0.0 0.0 0.0 0.0 0.0 0.0 0.0 0.0 0.0 0.0 0.0 0.0 0.0 0.0 0.0 0.0 0.0 0.0 0.0 0.0 0.0 4.47035e-07 0.0 0.0 0.0 0.0
0.0 0.0 0.0 0.0 0.0 0.0 6.88434e-06 0.0 0.0 8.64267e-07 0.0 0.0 0.0 0.0 0.0 0.0 0.0 0.0 0.0 0.0 0.0 0.0 0.0 0.0 0.0 0.0 0.0 1.78814e-07 0.0 0.0 0.0 0.0 0.0 0.0 0.0 0.0 0.0 0.0 0.0 0.0 0.0 0.0 0.0 0.0 0.0 0.983062 0.0 0.0 0.0 4.71175e-05 0.0 2.98023e-08 0.0 0.0 0.0 0.0 0.0 0.0 0.0 0.0 0.0 0.0 0.0 0.0
0.0 0.0 0.0 0.0 0.0 0.0 0.0 0.0 0.0 0.0 0.0 3.92795e-05 0.0 9.90629e-05 0.0 0.0 0.0 0.0 0.0 0.0 0.0 0.0 0.0 0.0 0.0 0.0 1.19209e-07 0.0 0.0 0.0 0.0 7.07507e-05 0.0 0.0 0.0 0.0 0.0 2.98023e-08 0.0 0.0 0.0 0.0 0.0 0.0 0.0 0.0 0.0 0.0 0.0 0.0 0.0 0.0 2.01762e-05 0.0 0.999882 0.0 0.0 0.0 0.0 0.0 0.0 1.49012e-07 8.22544e-06 0.0
1.60038e-05 0.0 0.0 0.0 0.0 0.0 0.0 0.0 0.0 0.0 0.0 0.0 0.0 0.0 0.0 0.0 0.0 0.0 0.0 0.0 2.17855e-05 2.68221e-07 0.0 0.0 0.0 0.0 0.0 0.0 0.0 0.0 0.0 0.0 0.0 0.0 0.0 0.0 0.0 0.0 0.0 0.0 0.0 0.0 0.562775 0.0 0.0 0.0 0.0 0.0 0.0 0.0 0.0 0.0 2.98023e-08 0.0 0.0 0.0 0.0 0.0 0.0 1.49012e-07 0.0 0.0 0.0 0.0
0.0 0.0 0.0 0.0 0.0 0.0 0.0 0.0 0.0 0.0 0.0 0.0 0.0 0.0 0.0 0.0 0.0 0.0 0.0 0.0 0.0 3.57628e-07 0.0 2.46763e-05 0.0 0.0 1.65701e-05 0.0 0.0 0.0 0.0 0.175055 0.0 0.0 0.0 0.0 0.0 1.80304e-05 0.0 0.0 0.0 0.0 0.0 0.0 0.0 0.0 0.0 0.0 0.0 0.0 0.0 0.0 5.06639e-07 1.09375e-05 0.0386842 0.0 0.0 0.0 0.0 0.0 0.0 0.0 0.992781 0.0
47 48 31 61 55 24 15 43 59 25 21 54 19 4 17 41 34 13 52 50 42 8 56 5 35 53 29 6 40 3 51 7 26 11 46 1 38 58 44 49 18 28 39 23 0 57 2 33 37 63 32 14 16 22 60 10 20 62 30 12 27 9 45 36
