8
0.0 0.0 0.0 0.0 2.5928e-06 0.0 0.0 3.99351e-06 0.0 0.0 0.0 4.17233e-06 0.0 0.0 0.495855 0.0 0.0 0.982104 0.0 0.0 0.0 0.0 0.0 0.0 0.0 0.0 0.0 0.0 0.0 0.0 0.0 0.0 0.0 0.0 0.0 0.0 0.0 0.0 0.0 0.281784 0.0 0.0 0.0 0.0 0.0 0.0 0.000118643 0.0223594 0.0 0.0 0.0 0.0 0.0 0.0 3.72529e-06 0.0 0.0 0.0 0.0 7.15256e-07 0.0132284 0.0 0.0 0.0
0.0 0.710809 2.88188e-05 0.0 0.0 0.143761 1.68085e-05 0.0 0.0 0.928262 2.65241e-06 0.0 0.0 0.0 0.0 0.0 0.0 0.0 0.000603288 0.502244 0.988329 0.0 0.666384 0.0 0.0 0.0 0.0 0.0 6.25849e-07 4.80115e-05 0.0 0.0 0.0 0.0 0.0 0.00502074 0.0 0.0023396 0.0 0.0 0.0 0.0634954 0.0 0.0 0.0 0.0 0.0 0.0 9.11951e-05 0.0 7.34627e-05 0.0 0.0 5.57303e-06 0.0 0.0 0.0 0.0 0.0143985 0.0 0.0 0.0 0.0 0.0
0.0 1.41561e-05 0.802549 0.0 0.0 5.96046e-08 0.0 0.0 8.9407e-08 1.96695e-05 0.0 0.0 8.34465e-07 0.0 0.0 0.0 0.0 0.0 1.10865e-05 1.55568e-05 5.54323e-06 0.0 2.40505e-05 5.96046e-08 2.98023e-05 0.0 0.0 0.0 0.0 0.985836 0.0 0.0 0.0 0.0 0.0 0.148925 0.0 0.0463803 0.0 0.0 0.0 0.00331289 0.0 0.0 0.0 0.0 0.0 0.0 1.19209e-07 0.0 0.0 0.0 0.00444779 0.0 0.0 0.0 0.0 0.0 0.110141 0.0 0.0 0.0 0.0 0.0
0.0 0.0 0.0 0.0 0.0 0.0 0.0 0.0 0.0 0.0 0.0 0.0 0.0 0.0 0.0 0.0 0.0 0.0 0.0 0.0 0.0 0.0 0.0 0.0 0.0 0.0 0.0 0.0 0.0 0.0 0.0 0.0 0.0 0.0 0.0 0.0 0.0 0.0 0.0 0.0 0.0 0.0 0.0 0.0 0.0 0.0 0.0 0.0 0.0 0.0 0.0 0.0 0.0 0.0 0.0 0.0 0.0 0.0 0.0 0.0 0.0 0.0 0.999872 0.0
0.000584483 0.0 0.0 0.0 0.846863 0.0 0.0 0.908586 1.51992e-06 0.0 0.0 0.44608 0.0 0.0 0.000376165 0.0 0.0 1.87457e-05 0.0 0.0 0.0 0.00017032 0.0 0.0 0.0 0.0 0.000102341 0.321934 0.0 0.0 0.0 0.000558674 0.0 0.0 0.0 0.0 0.0 0.0 0.0 9.44138e-05 0.00283122 0.0 0.0 0.0 0.591609 0.0 0.110297 0.000408858 0.0 0.0 0.0 0.0 0.0 0.0 0.00020203 5.66244e-07 0.0 0.0 0.0 0.985719 0.109986 0.0 0.0 0.0
0.0 4.76837e-07 0.0 0.0 0.0 0.0957249 0.408229 0.0 0.0 0.000158608 5.36442e-07 0.0 0.0 0.0 0.0 7.06315e-06 0.0 0.0 0.00350723 0.000382155 0.000101745 0.0 1.81794e-06 8.9407e-08 0.0 0.0 0.0 0.0 0.0 0.0 0.0 0.0 0.0 0.0 0.0 2.98023e-08 0.0 0.0 0.0 0.0 0.0 5.96046e-08 0.0 0.0 0.0 0.0 0.0 0.0 0.00184542 0.0 0.0 0.0 0.0 0.986066 0.0 0.0 0.0 0.0 0.0 0.0 0.0 0.0 0.0 8.64267e-07
0.0 0.0 0.0 0.0 0.0 0.0 2.05636e-06 0.0 0.0 0.0 0.0 0.0 0.0 0.0 0.0 0.00808993 0.0 0.0 0.0 0.0 0.0 0.0 0.0 0.0 0.0 0.0 0.0 0.0 0.0 0.0 0.0 0.0 0.0 0.0 0.986786 0.0 0.0 0.0 0.0 0.0 0.0 0.0 0.0 0.0 0.0 0.0 0.0 0.0 0.0 0.0 0.0 0.0 0.0 2.98023e-06 0.0 0.0 0.0 0.0 0.0 0.0 0.0 0.0 0.0 2.05636e-05
0.87815 0.0 0.0 0.0 0.0135827 0.0 0.0 0.00929028 0.194991 0.0 0.0 0.00297317 7.26581e-05 0.0 0.0 0.0 0.0 0.0 0.0 0.0 0.0 0.070363 0.0 0.0 1.56462e-05 0.0 0.776063 0.776315 0.0 0.0 0.0 0.267455 0.0 0.0 0.0 0.0 0.0 0.0 0.0 0.0 0.985055 0.0 0.0 0.0 0.642195 0.0 3.8743e-06 0.0 0.0 0.0 0.0 0.0 9.23872e-07 0.0 1.055e-05 1.49012e-07 0.0 0.0 0.0 0.0591627 8.22544e-06 0.0 0.0 0.0
0.00321406 0.0 0.00124583 0.0 0.0 0.0 0.0 0.0 0.30458 0.0 0.0 0.0 0.232157 0.0 0.0 0.0 0.0 0.0 0.0 0.0 0.0 0.000852525 0.0 0.0 0.985993 0.0 0.00508404 3.09944e-06 0.0 5.93066e-06 0.0 0.000934124 0.0 0.0 0.0 2.98023e-08 0.0 2.95043e-06 0.0 0.0 0.000561416 1.19209e-07 0.0 0.0 9.23872e-07 0.0 0.0 0.0 0.0 0.0 5.06639e-07 0.0 0.125311 0.0 0.0 0.0 0.0 0.0 1.19209e-07 0.0 0.0 0.0 0.0 0.0
0.0 0.419596 2.21729e-05 0.0 0.0 0.587524 3.20673e-05 0.0 0.0 0.531138 4.17233e-07 0.0 0.0 0.0 0.0 0.0 0.0 0.0 0.217845 0.985352 0.469072 0.0 0.118453 5.96046e-08 0.0 0.0 0.0 0.0 8.9407e-08 0.000393569 0.0 0.0 0.0 0.0 0.0 0.042155 0.0 0.00742716 0.0 0.0 0.0 0.0294507 0.0 0.0 0.0 0.0 0.0 0.0 0.00551513 0.0 5.96046e-08 0.0 0.0 1.27554e-05 0.0 0.0 0.0 0.0 0.0477921 0.0 0.0 0.0 0.0 0.0
0.0 0.00085336 3.15905e-06 0.0 0.0 0.142127 3.36766e-05 0.0 0.0 0.00314599 0.0 0.0 0.0 0.0 0.0 0.0 0.0 0.0 0.984165 0.179947 0.000785589 0.0 0.000653267 1.84774e-06 0.0 0.0 0.0 0.0 1.19209e-07 0.000429034 0.0 0.0 4.41074e-06 0.0 0.0 0.0629727 0.0 0.00116706 0.0 0.0 0.0 0.00133291 0.0 0.0 0.0 0.0 0.0 0.0 0.0815232 0.0 0.0 0.0 0.0 5.79059e-05 0.0 0.0 0.0 0.0 0.0206838 0.0 0.0 0.0 0.0 0.0
0.378625 0.0 0.0 0.0 0.000252485 0.0 0.0 6.08861e-05 0.0400442 0.0 0.0 7.12276e-06 2.25306e-05 0.0 0.0 0.0 0.0 0.0 0.0 0.0 0.0 0.996573 0.0 0.0 2.87294e-05 0.0 0.10237 0.00950491 0.0 0.0 0.0 0.0613988 0.0 0.0 0.0 0.0 0.0 0.0 0.0 0.0 0.0741224 0.0 0.0 0.0 0.00260332 0.0 8.9407e-08 0.0 0.0 0.0 0.0 0.0 2.21431e-05 0.0 1.19209e-07 3.27826e-07 0.0 0.0 0.0 0.000746608 2.08616e-07 0.0 0.0 0.0
3.89814e-05 0.0 0.0 0.0 0.0621828 0.0 0.0 0.133799 1.19209e-07 0.0 0.0 0.987984 0.0 0.0 0.00288707 0.0 0.0 4.72069e-05 0.0 0.0 0.0 2.5034e-06 0.0 0.0 0.0 0.0 8.04663e-06 0.0153143 0.0 0.0 0.0 4.04716e-05 0.0 0.0 0.0 0.0 0.0 0.0 0.0 0.000935763 0.000238597 0.0 0.0 0.0 0.0324159 0.0 0.524094 0.00787264 0.0 0.0 0.0 0.0 0.0 0.0 4.1604e-05 8.9407e-08 0.0 0.0 0.0 0.369714 0.00258246 0.0 0.0 0.0
0.0 0.0 0.0 0.0 0.0 0.0 0.0 0.0 0.0 0.0 0.0 0.0 0.0 0.0 0.0 0.0 0.0 0.0 0.0 0.0 0.0 0.0 0.0 0.0 0.0 0.0 0.0 0.0 0.0 0.0 0.0 0.0 0.0 0.0 0.0 0.0 0.0 0.0 0.0 0.0 0.0 0.0 0.0 0.0 0.0 0.0 0.0 0.0 0.0 0.0 0.0 0.0 0.0 0.0 0.0 0.0 0.999518 0.0 0.0 0.0 0.0 0.0 0.0 0.0
8.9407e-08 0.0 0.0 0.0 0.0964818 0.0 0.0 0.0916876 0.0 0.0 0.0 0.000669211 0.0 0.0 0.327107 0.0 0.0 0.0682691 0.0 0.0 0.0 1.19209e-07 0.0 0.0 0.0 0.0 0.0 5.14388e-05 0.0 0.0 0.0 0.0 0.0 0.0 0.0 0.0 0.0 0.0 0.0 0.063305 1.19209e-07 0.0 0.0 0.0 0.000153512 0.0 0.00318676 0.0624908 0.0 0.0 0.0 0.0 0.0 0.0 0.00114802 0.0 0.0 0.0 0.0 0.0161606 0.983353 0.0 0.0 0.0
0.0 0.0 0.0 0.0 0.0 0.0 5.96046e-08 0.0 0.0 0.0 0.0 0.0 0.0 0.0 0.0 0.560566 0.0 0.0 0.0 0.0 0.0 0.0 0.0 0.0 0.0 0.0 0.0 0.0 0.0 0.0 0.0 0.0 0.0 0.0 1.24872e-05 0.0 0.0 0.0 0.0 0.0 0.0 0.0 0.0 0.0 0.0 0.0 0.0 0.0 0.0 0.0 0.0 0.0 0.0 3.21865e-06 0.0 0.0 0.0 0.0 0.0 0.0 0.0 0.0 0.0 0.996411
0.0 0.0 0.0 0.0 0.0 0.0 0.0 0.0 0.0 0.0 0.0 0.0 0.0 0.0 0.0 0.0 0.0 0.0 0.0 0.0 0.0 0.0 0.0 0.0 0.0 0.0 0.0 0.0 0.0 0.0 0.0 0.0 0.0 0.0 0.0 0.0 0.0 0.0 0.0 0.0 0.0 0.0 0.0 0.0 0.0 0.0 0.0 0.0 0.0 0.999999 0.0 0.0 0.0 0.0 0.0 0.0 0.0 0.0 0.0 0.0 0.0 0.0 0.0 0.0
0.0 0.0 0.0 0.0 0.0 0.0 0.0 0.0 0.0 0.0 0.0 0.0 0.0 0.00171107 0.0 0.0 0.0 0.0 0.0 0.0 0.0 0.0 0.0 0.0 0.0 0.0 0.0 0.0 0.0 0.0 0.0 0.0 0.0 0.0 0.0 0.0 0.0 0.0 0.0 0.0 0.0 0.0 0.0 0.0 0.0 0.0 0.0 0.0 0.0 0.0 0.0 0.0 0.0 0.0 0.0 0.0 0.0 0.0 0.0 0.0 0.0 0.0 0.0 0.0
0.0 0.0 0.0 0.0 0.0 0.0 0.0 0.0 0.0 0.0 0.0 0.0 0.0 0.0 0.0 0.0 0.0 0.0 6.31809e-06 0.0 0.0 0.0 0.0 0.0 0.0 0.0 0.0 0.0 0.0 5.96046e-08 0.0 0.0 0.982602 0.0 0.0 0.0 0.0 0.0 0.0 0.0 0.0 0.0 0.0 0.0 0.0 0.0 0.0 0.0 0.0 0.0 0.0 0.0 0.0 0.0 0.0 0.0 0.0 0.0 0.0 0.0 0.0 0.0 0.0 0.0
0.0 0.012265 8.9407e-08 0.0 0.0 0.988862 0.0157008 0.0 0.0 0.483308 8.64267e-07 0.0 0.0 0.0 0.0 0.0 0.0 0.0 0.231777 0.790384 0.303825 0.0 0.0203719 0.0 0.0 0.0 0.0 0.0 5.96046e-08 4.52995e-06 0.0 0.0 0.0 0.0 0.0 0.00105926 0.0 2.98023e-05 0.0 0.0 0.0 0.000800967 0.0 0.0 0.0 0.0 0.0 0.0 0.0371421 0.0 0.0 0.0 0.0 0.00938722 0.0 0.0 0.0 0.0 0.000457942 0.0 0.0 0.0 0.0 0.0
0.0 0.632331 0.000164121 0.0 0.0 0.00310379 8.9407e-08 0.0 0.0 0.355917 1.49012e-07 0.0 0.0 0.0 0.0 0.0 0.0 0.0 0.000261039 0.0681219 0.453939 0.0 0.986548 0.0 2.98023e-08 0.0 0.0 0.0 8.9407e-08 0.000226766 0.0 0.0 0.0 0.0 0.0 0.00837147 0.0 0.143669 0.0 0.0 0.0 0.677754 0.0 0.0 0.0 0.0 0.0 0.0 7.80821e-05 0.0 0.000521332 0.0 1.13249e-06 8.9407e-08 0.0 0.0 0.0 0.0 0.0840162 0.0 0.0 0.0 0.0 0.0
0.0 0.0 0.0 0.0 0.0 0.0 0.0 0.0 0.0 0.0 0.0 0.0 0.0 0.0 0.0 0.0 0.0 0.0 0.0 0.0 0.0 0.0 0.0 0.0 0.0 0.0 0.0 0.0 0.0 0.0 0.999968 0.0 0.0 0.0 0.0 0.0 0.0 0.0 0.0 0.0 0.0 0.0 0.0 0.0 0.0 0.0 0.0 0.0 0.0 0.0 0.0 0.0 0.0 0.0 0.0 0.0 0.0 0.0 0.0 0.0 0.0 0.0 0.0 0.0
0.0 1.63913e-06 0.0 0.0 0.0 0.10316 0.989352 0.0 0.0 0.000560671 2.98023e-08 0.0 0.0 0.0 0.0 8.34465e-07 0.0 0.0 0.00086996 0.000676066 0.000505596 0.0 5.45382e-06 0.0 0.0 0.0 0.0 0.0 0.0 0.0 0.0 0.0 0.0 0.0 0.0 1.49012e-07 0.0 0.0 0.0 0.0 0.0 5.96046e-08 0.0 0.0 0.0 0.0 0.0 0.0 0.00193256 0.0 0.0 0.0 0.0 0.463974 0.0 0.0 0.0 0.0 2.98023e-08 0.0 0.0 0.0 0.0 8.9407e-08
0.0 0.0 0.0 0.0 0.0 0.0 0.0 0.0 0.0 0.0 0.0 0.0 0.0 0.0 0.0 0.0 0.0 0.0 0.0 0.0 0.0 0.0 0.0 0.0 0.0 0.990223 0.0 0.0 0.0 0.0 0.0 0.0 0.0 0.0 0.0 0.0 0.0 0.0 0.0 0.0 0.0 0.0 0.0 0.0 0.0 0.0 0.0 0.0 0.0 0.0 0.0 0.0 0.0 0.0 0.0 0.0 0.0 0.0 0.0 0.0 0.0 0.0 0.0 0.0
0.00189933 0.0 2.47657e-05 0.0 0.0 0.0 0.0 0.0 0.0258323 0.0 0.0 0.0 0.989123 0.0 0.0 0.0 0.0 0.0 0.0 0.0 0.0 0.000347018 0.0 0.0 0.27295 0.0 0.0129716 7.98702e-06 0.0 2.68221e-07 0.0 0.00372514 0.0 0.0 0.0 0.0 0.0 1.10269e-06 0.0 0.0 0.00142992 8.9407e-08 0.0 0.0 2.68221e-06 0.0 0.0 0.0 0.0 0.0 3.8594e-05 0.0 0.0130392 0.0 0.0 0.0 0.0 0.0 8.9407e-08 0.0 0.0 0.0 0.0 0.0
1.78814e-07 0.0 0.0 0.0 0.000100523 0.0 0.0 0.000792295 0.0 0.0 0.0 1.5229e-05 0.0 0.0 0.000703216 0.0 0.0 1.81198e-05 0.0 0.0 0.0 8.9407e-08 0.0 0.0 0.0 0.0 0.0 1.5378e-05 0.0 0.0 0.0 0.0 0.0 0.0 0.0 0.0 0.0 0.0 0.0 8.14497e-05 2.08616e-07 0.0 0.0 0.0 8.66652e-05 0.0 2.48849e-05 4.3422e-05 0.0 0.0 0.0 0.0 0.0 0.0 0.996488 0.0 0.0 0.0 0.0 5.42402e-05 0.000645131 0.0 0.0 0.0
0.0906051 0.0 0.0 0.0 0.00122872 0.0 0.0 0.000671357 0.0472378 0.0 0.0 0.000334084 0.000516266 0.0 0.0 0.0 0.0 0.0 0.0 0.0 0.0 0.133709 0.0 0.0 8.58009e-05 0.0 0.573582 0.180183 0.0 0.0 0.0 0.99199 0.0 0.0 0.0 0.0 0.0 0.0 0.0 0.0 0.348874 0.0 0.0 0.0 0.023647 0.0 7.15256e-07 0.0 0.0 0.0 0.0 0.0 4.82798e-06 0.0 5.96046e-08 0.0 0.0 0.0 0.0 0.00571546 1.75834e-06 0.0 0.0 0.0
0.750645 0.0 1.19209e-07 0.0 1.09971e-05 0.0 0.0 5.54323e-06 0.984619 0.0 0.0 1.93715e-06 0.00605664 0.0 0.0 0.0 0.0 0.0 0.0 0.0 0.0 0.108677 0.0 0.0 0.0541028 0.0 0.506969 0.0233639 0.0 0.0 0.0 0.0765157 0.0 0.0 0.0 0.0 0.0 0.0 0.0 0.0 0.572468 0.0 0.0 0.0 0.00539547 0.0 0.0 0.0 0.0 0.0 0.0 0.0 0.0017634 0.0 8.9407e-08 1.19209e-07 0.0 0.0 0.0 5.02467e-05 0.0 0.0 0.0 0.0
0.0 0.0 0.0 0.997255 0.0 0.0 0.0 0.0 0.0 0.0 0.0 0.0 0.0 0.0 0.0 0.0 0.0 0.0 0.0 0.0 0.0 0.0 0.0 0.0 0.0 0.0 0.0 0.0 0.0 0.0 0.0 0.0 0.0 0.0 0.0 0.0 0.0 0.0 0.0 0.0 0.0 0.0 0.0 0.0 0.0 0.0 0.0 0.0 0.0 0.0 0.0 0.0 0.0 0.0 0.0 0.0 0.0 0.0 0.0 0.0 0.0 0.0 0.0 0.0
0.0 0.00284246 0.0723716 0.0 0.0 6.9797e-05 0.0 0.0 0.0 0.00391302 0.0 0.0 3.8743e-07 0.0 0.0 0.0 0.0 0.0 0.00522116 0.00448534 0.00113642 0.0 0.00176945 0.0 1.2517e-06 0.0 0.0 0.0 1.78814e-07 0.447414 0.0 0.0 0.0 0.0 0.0 0.986449 0.0 0.447291 0.0 0.0 0.0 0.205491 0.0 0.0 0.0 0.0 0.0 0.0 3.88026e-05 0.0 2.98023e-08 0.0 3.16501e-05 0.0 0.0 0.0 0.0 0.0 0.903973 0.0 0.0 0.0 0.0 0.0
0.0 0.0 0.0 0.0 0.0 0.0 0.0 0.0 0.0 0.0 0.0 0.0 0.0 0.0 0.0 0.0 0.0 0.0 0.0 0.0 0.0 0.0 0.0 0.0 0.0 0.0 0.0 0.0 0.0 0.0 0.0 0.0 0.0 0.0 0.0 0.0 0.0 0.0 0.0 0.0 0.0 0.0 0.0 0.0 0.0 0.0 0.0 0.0 0.0 0.0 0.0 0.0 0.0 0.0 0.0 0.0 0.0 0.0 0.0 0.0 0.0 0.998715 0.0 0.0
0.0 0.0 2.98023e-08 0.0 0.0 5.96046e-08 1.78814e-07 0.0 0.0 0.0 0.0 0.0 0.0 0.0 0.0 0.0 0.0 0.0 7.56979e-06 1.78814e-07 0.0 0.0 0.0 0.999445 0.0 0.0 0.0 0.0 0.0 4.47035e-07 0.0 0.0 2.98023e-08 0.0 0.0 0.0 0.0 0.0 0.0 0.0 0.0 0.0 0.0 0.0 0.0 0.0 0.0 0.0 0.0 0.0 0.0 0.0 0.0 8.9407e-08 0.0 0.0 0.0 0.0 0.0 0.0 0.0 0.0 0.0 0.0
0.0 0.0 0.0 0.0 0.0 0.0 0.0 0.0 0.0 0.0 0.0 0.0 0.0 4.55976e-06 0.0 0.0 0.0 0.0 0.0 0.0 0.0 0.0 0.0 0.0 0.0 0.0 0.0 0.0 0.0 0.0 0.0 0.0 0.0 0.0 0.0 0.0 0.0 0.0 0.0 0.0 0.0 0.0 0.0 0.0 0.0 0.0 0.0 0.0 0.0 0.0 0.0 0.0 0.0 0.0 0.0 0.0 0.0 0.0 0.0 0.0 0.0 0.0 0.0 0.0
0.0 0.0 0.0 0.0 0.0 0.0 0.0 0.0 0.0 0.0 0.0 0.0 0.0 0.0 0.0 0.0 0.0 0.0 0.0 0.0 0.0 0.0 0.0 0.0 0.0 0.0 0.0 0.0 0.0 0.0 0.0 0.0 0.0 0.0 0.0 0.0 0.0 0.0 0.0 0.0 0.0 0.0 0.0 0.0 0.0 6.85453e-07 0.0 0.0 0.0 0.0 0.0 0.0 0.0 0.0 0.0 0.0 0.0 0.999971 0.0 0.0 0.0 0.0 0.0 0.0
0.0 0.0 0.0 0.0 0.0 0.0 0.0 0.0 0.0 0.0 0.0 0.0 0.0 0.0 0.0 0.0 0.0 0.0 0.0 0.0 0.0 0.0 0.0 0.0 0.0 0.0 0.0 0.0 0.0 0.0 0.0 0.0 0.0 0.0 0.0 0.0 0.999767 0.0 1.66893e-06 0.0 0.0 0.0 0.176194 0.0 0.0 0.0 0.0 0.0 0.0 0.0 0.0 0.0 0.0 0.0 0.0 0.0 0.0 0.0 0.0 0.0 0.0 0.0 0.0 0.0
0.985568 0.0 0.0 0.0 0.00229797 0.0 0.0 0.00140846 0.486013 0.0 0.0 0.000346482 0.000208646 0.0 0.0 0.0 0.0 0.0 0.0 0.0 0.0 0.428911 0.0 0.0 0.00013414 0.0 0.651437 0.471378 0.0 0.0 0.0 0.0942241 0.0 0.0 0.0 0.0 0.0 0.0 0.0 0.0 0.938109 0.0 0.0 0.0 0.208719 0.0 7.45058e-07 0.0 0.0 0.0 0.0 0.0 5.90086e-06 0.0 5.00679e-06 7.7486e-07 0.0 0.0 0.0 0.0115362 1.2517e-06 0.0 0.0 0.0
0.0 3.92497e-05 8.9407e-08 0.0 0.0 0.0 0.0 0.0 5.96046e-08 4.94719e-06 0.0 0.0 0.000768393 0.0 0.0 0.0 0.0 0.0 0.0 0.0 9.56655e-06 1.19209e-07 0.000136226 0.0 7.12276e-06 0.0 0.0 0.0 3.03686e-05 0.0 0.0 0.0 0.0 0.0 0.0 2.98023e-08 0.0 1.99676e-06 0.0 0.0 0.0 0.000127584 0.0 0.0 0.0 0.0 0.0 0.0 0.0 0.0 0.991239 0.0 2.05636e-06 0.0 0.0 0.0 0.0 0.0 3.27826e-07 0.0 0.0 0.0 0.0 0.0
0.0 0.0345111 0.229517 0.0 0.0 2.99215e-05 0.0 0.0 0.0 0.0133536 0.0 0.0 1.57952e-06 0.0 0.0 0.0 0.0 0.0 0.00203362 0.00571308 0.00340196 0.0 0.0326475 0.0 5.63264e-06 0.0 0.0 0.0 8.9407e-08 0.300462 0.0 0.0 0.0 0.0 0.0 0.907923 0.0 0.862584 0.0 0.0 0.0 0.733058 0.0 0.0 0.0 0.0 0.0 0.0 1.85668e-05 0.0 8.34465e-07 0.0 0.000136942 0.0 0.0 0.0 0.0 0.0 0.988279 0.0 0.0 0.0 0.0 0.0
0.0 0.0 0.0 0.0 0.0 0.0 0.0 0.0 0.0 0.0 0.0 0.0 0.0 0.0 0.0 0.0 2.52128e-05 0.0 0.0 0.0 0.0 0.0 0.0 0.0 0.0 0.0 0.0 0.0 0.0 0.0 0.0 0.0 0.0 0.0 0.0 0.0 0.0 0.0 0.0 0.0 0.0 0.0 0.0 0.976215 0.0 0.0 0.0 0.0 0.0 0.0 0.0 0.0 0.0 0.0 0.0 0.0 0.0 0.0 0.0 0.0 0.0 0.0 0.0 0.0
0.0 0.0 0.0 0.0 0.000118077 0.0 0.0 0.000195354 0.0 0.0 0.0 0.000351369 0.0 0.0 0.98439 0.0 0.0 0.532156 0.0 0.0 0.0 0.0 0.0 0.0 0.0 0.0 0.0 1.19209e-07 0.0 0.0 0.0 0.0 0.0 0.0 0.0 0.0 0.0 0.0 0.0 0.818499 0.0 0.0 0.0 0.0 1.78814e-07 0.0 0.0576443 0.824181 0.0 0.0 0.0 0.0 0.0 0.0 0.00025776 0.0 0.0 0.0 0.0 3.06964e-05 0.196988 0.0 0.0 0.0
0.723144 0.0 0.0 0.0 0.00129431 0.0 0.0 0.000597805 0.462417 0.0 0.0 0.000185579 0.00128859 0.0 0.0 0.0 0.0 0.0 0.0 0.0 0.0 0.178959 0.0 0.0 0.000346988 0.0 0.982866 0.266929 0.0 0.0 0.0 0.566043 0.0 0.0 0.0 0.0 0.0 0.0 0.0 0.0 0.929062 0.0 0.0 0.0 0.278191 0.0 2.68221e-07 0.0 0.0 0.0 0.0 0.0 2.34842e-05 0.0 1.10269e-06 2.98023e-08 0.0 0.0 0.0 0.00615171 6.85453e-07 0.0 0.0 0.0
0.0 0.520535 0.000159442 0.0 0.0 0.199011 9.89437e-06 0.0 0.0 0.98914 1.78814e-06 0.0 0.0 0.0 0.0 0.0 0.0 0.0 0.00250491 0.519401 0.931252 0.0 0.590162 0.0 0.0 0.0 0.0 0.0 4.47035e-06 0.000323325 0.0 0.0 0.0 0.0 0.0 0.0320672 0.0 0.0221336 0.0 0.0 0.0 0.353426 0.0 0.0 0.0 0.0 0.0 0.0 0.000187516 0.0 7.20918e-05 0.0 5.96046e-08 3.18885e-06 0.0 0.0 0.0 0.0 0.0990514 0.0 0.0 0.0 0.0 0.0
0.0 0.0 0.0 0.0 0.0 0.0 0.0 0.0 0.0 0.0 0.0 0.0 0.0 0.0 0.0 0.0 0.0 0.0 0.0 0.0 0.0 0.0 0.0 0.0 0.0 0.0 0.0 0.0 0.0 0.0 0.0 0.0 0.0 0.0 0.0 0.0 1.78814e-07 0.0 0.989307 0.0 0.0 0.0 1.49012e-07 0.0 0.0 0.0 0.0 0.0 0.0 0.0 0.0 0.0 0.0 0.0 0.0 0.0 0.0 0.0 0.0 0.0 0.0 0.0 0.0 0.0
0.0 0.0 0.0 0.0 0.0 0.0 0.0 0.0 0.0 0.0 0.0 0.0 0.0 0.999635 0.0 0.0 0.0 0.0 0.0 0.0 0.0 0.0 0.0 0.0 0.0 0.0 0.0 0.0 0.0 0.0 0.0 0.0 0.0 0.0 0.0 0.0 0.0 0.0 0.0 0.0 0.0 0.0 0.0 0.0 0.0 0.0 0.0 0.0 0.0 0.0 0.0 0.0 0.0 0.0 0.0 0.0 0.0 0.0 0.0 0.0 0.0 0.0 0.0 0.0
8.64267e-07 0.0 0.0 0.0 1.78814e-07 0.0 0.0 2.98023e-08 0.0 0.0 0.0 0.0 0.0 0.0 0.0 0.0 0.0 0.0 0.0 0.0 0.0 1.37091e-06 0.0 0.0 0.0 0.0 0.0 1.78814e-07 0.0 0.0 0.0 0.0 0.0 0.0 0.0 0.0 0.0 0.0 0.0 0.0 1.49012e-07 0.0 0.0 0.0 8.9407e-08 0.0 0.0 0.0 0.0 0.0 0.0 0.0 0.0 0.0 0.0 0.99359 0.0 0.0 0.0 1.49012e-07 0.0 0.0 0.0 0.0
0.0 0.0 0.0 0.0 0.0 0.0 0.0 0.0 0.0 0.0 0.0 0.0 0.0 0.0 0.0 0.0 0.991136 0.0 0.0 0.0 0.0 0.0 0.0 0.0 0.0 0.0 0.0 0.0 0.0 0.0 0.0 0.0 0.0 0.0 0.0 0.0 0.0 0.0 0.0 0.0 0.0 0.0 0.0 2.92063e-06 0.0 0.0 0.0 0.0 0.0 0.0 0.0 0.0 0.0 0.0 0.0 0.0 0.0 0.0 0.0 0.0 0.0 0.0 0.0 0.0
0.0 0.0 0.0 0.0 2.68221e-07 0.0 0.0 5.36442e-07 0.0 0.0 0.0 1.3411e-06 0.0 0.0 0.188007 0.0 0.0 0.0137137 0.0 0.0 0.0 0.0 0.0 0.0 0.0 0.0 0.0 0.0 0.0 0.0 0.0 0.0 0.0 0.0 0.0 0.0 0.0 0.0 0.0 0.139589 0.0 0.0 0.0 0.0 0.0 0.0 0.00279364 0.374108 0.0 0.0 0.0 0.0 0.0 0.0 3.57628e-07 0.0 0.0 0.0 0.0 5.96046e-08 0.000385046 0.0 0.0 0.0
8.4877e-05 0.0 0.0 0.0 0.870754 0.0 0.0 0.984682 2.38419e-07 0.0 0.0 0.147085 0.0 0.0 0.00159529 0.0 0.0 6.83069e-05 0.0 0.0 0.0 4.73559e-05 0.0 0.0 0.0 0.0 1.41859e-05 0.08796 0.0 0.0 0.0 9.61721e-05 0.0 0.0 0.0 0.0 0.0 0.0 0.0 0.000420064 0.000435621 0.0 0.0 0.0 0.243553 0.0 0.0487486 0.00164443 0.0 0.0 0.0 0.0 0.0 0.0 0.00281858 2.08616e-07 0.0 0.0 0.0 0.870379 0.383997 0.0 0.0 0.0
0.0 0.0 0.0 0.0 0.0 0.0 0.0 0.0 0.0 0.0 0.0 0.0 0.0 0.0 0.0 0.0 0.0 0.0 0.0 0.0 0.0 0.0 0.0 0.0 0.0 0.0 0.0 0.0 0.0 0.0 0.0 0.0 0.0 0.999166 0.0 0.0 0.0 0.0 0.0 0.0 0.0 0.0 0.0 0.0 0.0 0.0 0.0 0.0 0.0 0.0 0.0 0.0 0.0 0.0 0.0 0.0 0.0 0.0 0.0 0.0 0.0 0.0 0.0 0.0
0.0 0.0 0.0 0.0 0.0 0.0 0.0 0.0 0.0 0.0 0.0 0.0 0.0 0.0 0.0 0.0 0.0 0.0 0.0 0.0 0.0 0.0 0.0 0.0 0.0 0.0 0.0 0.0 0.0 0.0 0.0 0.0 0.0 0.0 0.0 0.0 0.660498 0.0 5.03659e-06 0.0 0.0 0.0 0.80118 0.0 0.0 0.0 0.0 0.0 0.0 0.0 0.0 0.0 0.0 0.0 0.0 0.0 0.0 0.0 0.0 0.0 0.0 0.0 0.0 0.0
0.0 0.0 0.0 0.0 0.0 0.0 0.0 0.0 0.0 0.0 0.0 0.0 0.0 0.0 0.0 0.0 0.0 0.0 0.0 0.0 0.0 0.0 0.0 0.0 0.0 0.0 0.0 0.0 0.0 0.0 0.0 0.0 0.0 0.0 0.0 0.0 0.0 0.0 0.0 0.0 0.0 0.0 0.0 0.0 0.0 0.0 0.0 0.0 0.0 0.0 0.0 0.99996 0.0 0.0 0.0 0.0 0.0 0.0 0.0 0.0 0.0 0.0 0.0 0.0
0.0 0.0 0.0 0.0 0.0 0.0 0.0 0.0 0.0 0.0 0.0 0.0 0.0 0.99599 0.0 0.0 0.0 0.0 0.0 0.0 0.0 0.0 0.0 0.0 0.0 0.0 0.0 0.0 0.0 0.0 0.0 0.0 0.0 0.0 0.0 0.0 0.0 0.0 0.0 0.0 0.0 0.0 0.0 0.0 0.0 0.0 0.0 0.0 0.0 0.0 0.0 0.0 0.0 0.0 0.0 0.0 0.0 0.0 0.0 0.0 0.0 0.0 0.0 0.0
0.0 0.0207017 0.221358 0.0 0.0 6.85453e-07 0.0 0.0 0.0 0.000857323 0.0 0.0 2.32458e-05 0.0 0.0 0.0 0.0 0.0 4.43757e-05 0.000310957 0.000219256 0.0 0.0274513 0.0 6.47008e-05 0.0 0.0 0.0 0.0 0.068964 0.0 0.0 5.96046e-08 0.0 0.0 0.207509 0.0 0.989293 0.0 0.0 0.0 0.417986 0.0 0.0 0.0 0.0 0.0 0.0 2.68221e-07 0.0 3.21865e-06 0.0 0.00400344 0.0 0.0 0.0 0.0 0.0 0.602201 0.0 0.0 0.0 0.0 0.0
0.0 0.0 0.0 0.0 0.0 0.0 0.0 0.0 0.0 0.0 0.999812 0.0 0.0 0.0 0.0 0.0 0.0 0.0 0.0 0.0 0.0 0.0 0.0 0.0 0.0 0.0 0.0 0.0 1.78814e-07 0.0 0.0 0.0 0.0 0.0 0.0 0.0 0.0 0.0 0.0 0.0 0.0 0.0 0.0 0.0 0.0 0.0 0.0 0.0 0.0 0.0 0.0 0.0 0.0 0.0 0.0 0.0 0.0 0.0 0.0 0.0 0.0 0.0 0.0 0.0
0.0 0.0 0.0 0.0 0.0 0.0 0.0 0.0 0.0 0.0 0.0 0.0 0.0 0.0011712 0.0 0.0 0.0 0.0 0.0 0.0 0.0 0.0 0.0 0.0 0.0 0.0 0.0 0.0 0.0 0.0 0.0 0.0 0.0 0.0 0.0 0.0 0.0 0.0 0.0 0.0 0.0 0.0 0.0 0.0 0.0 0.0 0.0 0.0 0.0 0.0 0.0 0.0 0.0 0.0 0.0 0.0 0.0 0.0 0.0 0.0 0.0 0.0 0.0 0.0
8.9407e-08 0.0 0.0 0.0 0.00842968 0.0 0.0 0.0203778 0.0 0.0 0.0 0.219485 0.0 0.0 0.124518 0.0 0.0 0.000527382 0.0 0.0 0.0 1.19209e-07 0.0 0.0 0.0 0.0 0.0 4.20511e-05 0.0 0.0 0.0 8.9407e-08 0.0 0.0 0.0 0.0 0.0 0.0 0.0 0.142954 2.38419e-07 0.0 0.0 0.0 0.000133425 0.0 0.990843 0.685271 0.0 0.0 0.0 0.0 0.0 0.0 3.72827e-05 5.96046e-08 0.0 0.0 0.0 0.0253972 0.00569695 0.0 0.0 0.0
5.96046e-08 0.0 0.0 0.000125319 0.0 0.0 0.0 0.0 0.0 0.0 0.0 0.0 0.0 0.0 0.0 0.0 0.0 0.0 0.0 0.0 0.0 0.0 0.0 0.0 0.0 0.0 0.0 0.0 0.0 0.0 0.0 0.0 0.0 0.0 0.0 0.0 0.0 0.0 0.0 0.0 0.0 0.0 0.0 0.0 8.9407e-08 0.0 0.0 0.0 0.0 0.0 0.0 0.0 0.0 0.0 0.0 0.0 0.0 0.0 0.0 0.0 0.0 0.0 0.0 0.0
0.0 1.19209e-07 0.0 0.0 0.0 5.96046e-08 0.0 0.0 0.0 5.06639e-07 3.57628e-07 0.0 0.0 0.0 0.0 0.0 0.0 0.0 1.19209e-07 0.0 1.78814e-07 0.0 8.9407e-08 0.0 0.0 0.0 0.0 0.0 0.997084 0.0 0.0 0.0 0.0 0.0 0.0 3.27826e-07 0.0 5.96046e-08 0.0 0.0 0.0 3.30806e-06 0.0 0.0 0.0 0.0 0.0 0.0 0.0 0.0 2.92063e-06 0.0 0.0 0.0 0.0 0.0 0.0 0.0 1.49012e-07 0.0 0.0 0.0 0.0 0.0
2.98023e-08 4.21107e-05 0.983825 0.0 0.0 0.0 0.0 0.0 2.5034e-06 3.66569e-06 0.0 0.0 0.000120074 0.0 0.0 0.0 0.0 0.0 1.78814e-07 8.64267e-07 1.78814e-06 0.0 1.39475e-05 0.0 0.0069184 0.0 8.9407e-08 0.0 0.0 0.703875 0.0 0.0 0.0 0.0 0.0 0.016613 0.0 0.0918939 0.0 0.0 0.0 0.0051966 0.0 0.0 0.0 0.0 0.0 0.0 0.0 0.0 8.9407e-08 0.0 0.159242 0.0 0.0 0.0 0.0 0.0 0.0470943 0.0 0.0 0.0 0.0 0.0
0.0411259 0.0 0.0 0.0 0.455928 0.0 0.0 0.525291 0.000655293 0.0 0.0 0.114822 1.78814e-07 0.0 2.71201e-06 0.0 0.0 2.38419e-07 0.0 0.0 0.0 0.0012148 0.0 0.0 2.98023e-08 0.0 0.0283259 0.8659 0.0 0.0 0.0 0.011112 0.0 0.0 0.0 0.0 0.0 0.0 0.0 4.76837e-07 0.307534 0.0 0.0 0.0 0.986845 0.0 0.000967413 3.69549e-06 0.0 0.0 0.0 0.0 0.0 0.0 0.000794113 2.98023e-07 0.0 0.0 0.0 0.809117 0.0024702 0.0 0.0 0.0
0.00029704 0.0 0.0 0.0 0.984225 0.0 0.0 0.86609 8.04663e-07 0.0 0.0 0.0550597 0.0 0.0 0.000534922 0.0 0.0 2.25902e-05 0.0 0.0 0.0 0.000281751 0.0 0.0 0.0 0.0 5.15282e-05 0.167736 0.0 0.0 0.0 0.000370532 0.0 0.0 0.0 0.0 0.0 0.0 0.0 0.000122309 0.00149703 0.0 0.0 0.0 0.249731 0.0 0.0134209 0.000780731 0.0 0.0 0.0 0.0 0.0 0.0 0.000508457 5.66244e-07 0.0 0.0 0.0 0.846292 0.4008 0.0 0.0 0.0
0.0 0.0 0.0 0.0 0.0 0.0 0.0 0.0 0.0 0.0 0.0 0.0 0.0 0.00027284 0.0 0.0 0.0 0.0 0.0 0.0 0.0 0.0 0.0 0.0 0.0 0.0 0.0 0.0 0.0 0.0 0.0 0.0 0.0 0.0 0.0 0.0 0.0 0.0 0.0 0.0 0.0 0.0 0.0 0.0 0.0 0.0 0.0 0.0 0.0 0.0 0.0 0.0 0.0 0.0 0.0 0.0 0.0 0.0 0.0 0.0 0.0 0.0 0.0 0.0
0.0 2.74181e-06 0.0 0.0 0.0 7.98702e-06 1.2219e-06 0.0 0.0 1.19209e-07 0.0 0.0 0.0 0.0 0.0 0.0 0.0 0.0 5.96046e-08 1.72853e-06 6.25849e-07 0.0 8.64267e-07 0.0 0.0 0.0 0.0 0.0 0.0 0.0 0.0 0.0 0.0 0.0 0.0 0.0 0.0 0.0 0.0 0.0 0.0 0.0 0.0 0.0 0.0 0.0 0.0 0.0 3.8743e-07 0.0 2.98023e-08 0.0 0.0 4.91738e-06 0.0 0.0 0.0 0.0 0.0 0.0 0.0 0.0 0.0 0.0
0.0 3.25739e-05 1.19209e-07 0.0 0.0 0.0275325 0.000362515 0.0 0.0 0.000341594 0.0 0.0 0.0 0.0 0.0 0.0 0.0 0.0 0.214544 0.00955462 0.000166237 0.0 0.000282437 5.96046e-08 0.0 0.0 0.0 0.0 0.0 4.47035e-06 0.0 0.0 8.9407e-08 0.0 0.0 0.000597388 0.0 8.40425e-06 0.0 0.0 0.0 0.000101209 0.0 0.0 0.0 0.0 0.0 0.0 0.987466 0.0 0.0 0.0 0.0 0.000174373 0.0 0.0 0.0 0.0 0.000263035 0.0 0.0 0.0 0.0 0.0
0.0 0.0 0.0 0.0 2.08616e-07 0.0 0.0 5.03659e-06 0.0 0.0 0.0 0.0 0.000408292 1.49012e-07 0.000469506 0.0 0.0 0.0 0.0 0.0 0.0 0.0 0.0 0.0 0.0 0.0 0.0 2.98023e-08 0.0 0.0 0.991639 0.0543034 0.0 0.0 0.0 0.0 0.0 0.0 0.0 0.101164 0.0 0.0 0.0 0.0 0.0 0.0 0.0134523 1.18613e-05 0.0 0.0 0.0 0.0 0.0 0.0 0.0 0.0 0.0 0.0 0.0 0.0 2.65837e-05 0.0 0.0 0.0
0.0 0.0250266 0.938872 0.0 0.0 0.0 0.0 0.0 0.0461636 0.165962 0.0 8.9407e-08 0.0 0.0 0.0 0.0 0.0 0.0 0.0 0.00526312 0.165732 2.00868e-05 0.80582 0.0 0.00140157 0.0 0.0 0.0 0.0 0.983171 0.0 0.0 0.0 0.0 0.0 0.00164154 3.15905e-05 0.490493 0.0 0.0 0.0 0.986192 0.0 0.0 0.0 0.0 0.0 0.0 0.0 0.0 0.0 0.0 0.646216 0.0 0.0 0.0 0.0 0.0 0.990349 0.0 0.0 0.0 0.0 0.0
1.80602e-05 0.0 0.0 0.0 0.0673344 0.0 0.0 0.0868181 0.0 0.0 0.0 2.98023e-08 0.986525 0.00106898 0.000177413 0.0 0.0 0.0 0.0 0.0 0.0 0.0 0.0 0.0 0.0 0.0 4.01139e-05 0.00491187 0.0 0.0 0.00153637 0.00397864 0.0 0.0 0.0 0.0 0.0 0.0 0.0 0.000856549 0.000142992 0.0 0.0 0.0 0.0 0.0 0.0 0.107223 0.0 0.0 0.0 0.0 0.0 0.0 0.0 0.0 0.0 0.0 0.0 0.0635839 0.120097 0.0 0.0 0.0
3.27826e-07 0.0 0.0 0.0 0.0 0.0 0.0 0.0 1.19209e-07 0.0 0.0 9.23872e-07 0.0 0.0 0.0 0.0 0.0 0.0 0.0 0.0 0.0 9.08971e-06 0.0 0.0 8.9407e-08 0.0 2.5332e-06 0.0 0.0 0.0 0.0 0.0 0.0 0.0 0.0 3.48687e-06 2.98023e-08 1.19209e-07 0.0 0.0 5.0962e-06 0.0 0.0 0.0 0.0 0.0 0.0 0.0 0.0 0.0 0.992344 0.0 0.0 0.0 0.0 0.0 0.0 0.0 0.0 0.0 0.0 0.0 0.0 0.0
0.0 0.0 0.0 0.0 0.000147194 0.0 0.0 0.00685868 0.0 0.0 0.0 0.0 0.0272208 1.49012e-07 0.235879 0.0 0.0 0.0 0.0 0.0 0.0 0.0 0.0 0.0 0.0 0.0 0.0 1.75536e-05 0.0 0.0 0.0816761 0.894374 0.0 0.0 0.0 0.0 0.0 0.0 0.0 0.245073 0.0 0.0 0.0 0.0 0.0 0.0 3.48091e-05 0.0464286 0.0 0.0 0.0 0.0 0.0 0.0 0.0 0.0 0.0 0.0 0.0 8.49366e-06 0.0822062 0.0 0.0 0.0
3.39746e-06 0.000327736 0.859173 0.0 0.0 0.0 0.0 0.0 0.440157 0.00216663 0.0 5.08428e-05 0.0 0.0 0.0 0.0 0.0 0.0 0.0 2.16365e-05 0.897433 0.00836563 0.0498789 0.0 0.117557 0.0 1.12653e-05 0.0 0.0 0.974738 0.0 0.0 0.0 0.0 0.0 0.635038 0.141547 0.908669 0.0 0.0 1.02222e-05 0.968925 0.0 0.0 0.0 0.0 0.0 0.0 0.0 0.0 4.76837e-07 2.98023e-08 0.832977 0.0 0.0 0.0 0.0 0.0 0.583129 0.0 0.0 0.0 0.0 0.0
0.0 0.000963569 0.0 0.0 0.0 0.988223 0.0116538 0.0 0.0 0.000144154 0.0 0.0 0.0 0.0 0.0 2.98023e-08 0.0 0.0 0.0 0.00720224 0.0 0.0 2.98023e-08 0.0 0.0 0.0 0.0 0.0 0.0 2.98023e-08 0.0 0.0 0.0 0.0 0.0 0.0 0.0 0.0 0.0 0.0 0.0 0.0 0.0 0.0 0.0 0.0 0.0 0.0 0.0 0.0 0.0 0.0 0.0 2.98023e-08 0.0 0.0 0.0 0.0 7.80821e-06 0.0 0.0 0.0 0.0 0.0
0.0 0.0 0.0 0.0 0.0 0.0 0.0 3.57628e-07 0.0 0.0 0.0 0.0 4.61936e-06 0.0 0.994026 0.0 0.0 0.0 0.0 0.0 0.0 0.0 0.0 0.0 0.0 0.0 0.0 0.0 0.0 0.0 0.000223577 0.545855 0.0 0.0 0.0 0.0 0.0 0.0 0.0 0.378902 0.0 0.0 0.0 0.0 0.0 0.0 0.014432 0.000393748 0.0 0.0 0.0 0.0 0.0 0.0 0.0 0.0 0.0 0.0 0.0 0.0 0.000285596 0.0 0.0 0.0
1.04904e-05 0.0 0.0 0.0 0.294219 0.0 0.0 0.991076 0.0 0.0 0.0 4.47035e-07 0.227455 5.0962e-06 8.9705e-05 0.0 0.0 0.0 0.0 0.0 0.0 0.0 0.0 0.0 0.0 0.0 4.64618e-05 0.52932 0.0 0.0 1.77026e-05 0.00254753 0.0 0.0 0.0 0.0 0.0 0.0 0.0 0.000329405 0.000866175 0.0 0.0 0.0 0.0 0.0 0.0 0.877626 0.0 0.0 0.0 0.0 0.0 0.0 0.0 0.0 0.0 0.0 0.0 0.0996921 0.967229 0.0 0.0 0.0
5.96046e-08 0.000554115 0.949067 0.0 0.0 0.0 0.0 0.0 0.0806613 0.000784904 0.0 1.2517e-06 0.0 0.0 0.0 0.0 0.0 0.0 0.0 0.000131935 0.0915172 0.000444144 0.4259 0.0 0.010406 0.0 8.9407e-08 0.0 0.0 0.96752 0.0 0.0 0.0 0.0 0.0 0.0538204 0.00272107 0.985068 0.0 0.0 1.19209e-07 0.95547 0.0 0.0 0.0 0.0 0.0 0.0 0.0 0.0 2.38419e-07 0.0 0.387556 0.0 0.0 0.0 0.0 0.0 0.899263 0.0 0.0 0.0 0.0 0.0
0.402431 0.0 7.33137e-06 0.0 8.07643e-06 0.0 0.0 8.64267e-07 0.0040043 0.0 0.0 0.0933014 0.0 0.000340015 0.0 0.0 0.0 0.0 0.0 0.0 0.00108361 0.110925 0.0 0.0 0.591032 0.0 0.074546 0.000106096 0.0 7.53999e-06 0.0 0.0 0.0 0.0 0.0 0.996463 0.589363 4.47035e-05 0.0 0.0 0.0881804 1.60635e-05 0.0 0.0 0.0 0.0 0.0 0.0 0.0 0.0 2.83122e-06 1.49012e-07 0.00687191 0.0 0.0 0.0 0.0 0.0 2.08616e-07 8.29101e-05 0.0 0.0 0.0 0.0
0.0 0.0 0.0 0.0 3.8743e-07 0.0 0.0 2.34842e-05 0.0 0.0 0.0 0.0 0.00019455 0.0 0.901652 0.0 0.0 0.0 0.0 0.0 0.0 0.0 0.0 0.0 0.0 0.0 0.0 8.9407e-08 0.0 0.0 0.0424846 0.98956 0.0 0.0 0.0 0.0 0.0 0.0 0.0 0.951389 0.0 0.0 0.0 0.0 0.0 0.0 0.0139826 0.00961304 0.0 0.0 0.0 0.0 0.0 0.0 0.0 0.0 0.0 0.0 0.0 5.96046e-08 0.00843254 0.0 0.0 0.0
0.34035 0.0 0.0 0.0 0.00521606 0.0 0.0 0.000143349 1.2219e-05 0.0 0.0 0.145115 0.000189155 0.0344151 0.0 0.0 0.0 0.0 0.0 0.0 0.0 0.151122 0.0 0.0 0.000472814 0.0 0.994688 0.00681153 0.0 0.0 0.0 0.0 0.0 0.0 0.0 0.00380561 0.000351518 0.0 0.0 0.0 0.762996 0.0 0.0 0.0 0.0 0.0 0.0 1.72853e-06 0.0 0.0 1.93417e-05 0.0 3.57628e-07 0.0 0.0 0.0 0.0 0.0 0.0 0.313704 6.61612e-06 0.0 0.0 0.0
0.0 0.0 0.0 0.999844 0.0 0.0 0.0 0.0 0.0 0.0 0.0 0.0 0.0 0.0 0.0 0.0 0.0 0.0 0.0 0.0 0.0 0.0 0.0 0.0 0.0 0.0 0.0 0.0 0.0 0.0 0.0 0.0 0.0 0.0 0.0 0.0 0.0 0.0 0.0 0.0 0.0 0.0 0.0 0.0 0.0 0.0 0.0 0.0 0.0 0.0 0.0 0.0 0.0 0.0 0.0 0.0 0.0 0.0 0.0 0.0 0.0 0.0 8.30591e-05 0.0
0.0 0.0 0.0 0.0 5.96046e-08 0.0 0.0 4.20213e-06 0.0 0.0 0.0 0.0 6.44028e-05 0.0 0.988225 0.0 0.0 0.0 0.0 0.0 0.0 0.0 0.0 0.0 0.0 0.0 0.0 0.0 0.0 0.0 0.0512106 0.962478 0.0 0.0 0.0 0.0 0.0 0.0 0.0 0.947222 0.0 0.0 0.0 0.0 0.0 0.0 0.0464608 0.00274077 0.0 0.0 0.0 0.0 0.0 0.0 0.0 0.0 0.0 0.0 0.0 0.0 0.00176418 0.0 0.0 0.0
0.0 0.98799 0.00390649 0.0 0.0 3.49879e-05 0.0 0.0 3.8743e-07 0.963955 2.14577e-06 0.0 0.0 0.0 0.0 0.0 0.0 0.0 0.0 0.0380665 0.00107256 0.0 0.0136864 0.0 0.0 0.0 0.0 0.0 0.0 0.115984 0.0 0.0 0.0 0.0 0.0 0.0 5.96046e-08 0.000360161 0.0 0.0 0.0 0.0531893 0.0 0.0 0.0 0.0 0.0 0.0 0.0 0.0 0.0 0.0 1.87755e-05 0.0 0.0 8.9407e-08 0.0 0.0 0.352293 0.0 0.0 0.0 0.0 0.0
0.0 0.0 0.0 0.0 0.0 4.17233e-07 1.78814e-07 0.0 0.0 0.0 0.0 0.0 0.0 0.0 0.0 2.38419e-07 0.0 0.0 0.0 0.0 0.0 0.0 0.0 0.0 0.0 0.0 0.0 0.0 0.0 0.0 0.0 0.0 0.0 0.0 0.0 0.0 0.0 0.0 0.0 0.0 0.0 0.0 0.0 0.0 0.0 0.0 0.0 0.0 0.0 0.0 0.0 0.0 0.0 0.0 0.0 0.0 0.0 0.0 0.0 0.0 0.0 0.0 0.0 0.994907
0.0 0.0 0.0 0.0 0.0 0.0 0.0 0.0 0.0 0.0 0.0 0.0 0.0 0.0 0.0 0.0 0.0 3.85344e-05 0.0 0.0 0.0 0.0 0.0 0.0 0.0 0.0 0.0 0.0 0.0 0.0 0.0 0.0 0.0 0.0 0.0 0.0 0.0 0.0 0.0 0.0 0.0 0.0 0.0 0.0 0.0 0.0 5.96046e-08 0.0 0.0 0.0 0.0 0.0 0.0 0.0 0.970196 0.0 0.0 0.0 0.0 0.0 0.0 0.991675 0.0 0.0
0.995086 0.0 0.0 0.0 0.0118974 0.0 0.0 0.000163317 5.69224e-06 0.0 0.0 0.00717962 0.000248373 0.05215 0.0 0.0 0.0 0.0 0.0 0.0 0.0 0.0091179 0.0 0.0 0.000539482 0.0 0.853526 0.00180477 0.0 0.0 0.0 0.0 0.0 0.0 0.0 0.0305744 0.000229865 0.0 0.0 0.0 0.106542 0.0 0.0 0.0 0.0 0.0 0.0 2.80142e-06 0.0 0.0 7.53999e-06 0.0 4.76837e-07 0.0 0.0 0.0 0.0 0.0 0.0 0.0450535 6.70552e-06 0.0 0.0 0.0
0.0 0.20114 0.953063 0.0 0.0 0.0 0.0 0.0 0.00229931 0.234776 1.78814e-07 0.0 0.0 0.0 0.0 0.0 0.0 0.0 0.0 0.0443851 0.0875209 5.66244e-07 0.922955 0.0 5.05745e-05 0.0 0.0 0.0 0.0 0.994139 0.0 0.0 0.0 0.0 0.0 0.000115573 5.78165e-06 0.751705 0.0 0.0 0.0 0.98956 0.0 0.0 0.0 0.0 0.0 0.0 0.0 0.0 0.0 0.0 0.0929216 0.0 0.0 0.0 0.0 0.0 0.997583 0.0 0.0 0.0 0.0 0.0
0.0 0.917623 0.062304 0.0 0.0 3.27826e-07 0.0 0.0 2.00868e-05 0.990579 1.78814e-07 0.0 0.0 0.0 0.0 0.0 0.0 0.0 0.0 0.184104 0.0174547 0.0 0.164403 0.0 5.36442e-07 0.0 0.0 0.0 0.0 0.666434 0.0 0.0 0.0 0.0 0.0 7.7486e-07 1.78814e-07 0.00769559 0.0 0.0 0.0 0.614234 0.0 0.0 0.0 0.0 0.0 0.0 0.0 0.0 0.0 0.0 0.000968397 0.0 0.0 0.0 0.0 0.0 0.932731 0.0 0.0 0.0 0.0 0.0
0.0 0.0 0.0 0.0 0.0 0.0 0.0 0.0 0.0 0.0 0.0 0.0 0.0 0.0 0.0 1.5378e-05 0.0 0.0 0.00123918 0.0 0.0 0.0 0.0 0.996902 0.0 0.0 0.0 0.0 0.0 0.0 0.0 0.0 0.0 0.0 0.0 0.0 0.0 0.0 0.0 0.0 0.0 0.0 0.0 0.0 0.0 0.0 0.0 0.0 0.0 0.0 0.0 0.0 0.0 0.0 0.0 0.0 0.0 0.0 0.0 0.0 0.0 0.0 0.0 0.0
0.0 0.213048 0.00680694 0.0 0.0 9.83477e-06 0.0 0.0 3.27826e-07 0.308672 0.0 0.0 0.0 0.0 0.0 0.0 0.0 0.0 0.0 0.982557 5.06639e-05 0.0 0.32183 0.0 0.0 0.0 0.0 0.0 0.0 0.0595953 0.0 0.0 0.0 0.0 0.0 0.0 0.0 0.000872254 0.0 0.0 0.0 0.0358818 0.0 0.0 0.0 0.0 0.0 0.0 0.0 0.0 0.0 0.0 1.42157e-05 0.0 0.0 0.0 0.0 0.0 0.963209 0.0 0.0 0.0 0.0 0.0
0.0 0.0 0.0 0.0 0.0 0.0 0.0 0.0 0.0 0.0 0.0 0.0 0.0 0.0 0.0 0.0 0.0 0.0 0.0 0.0 0.0 0.0 0.0 0.0 0.0 0.0 0.0 0.0 0.0 0.0 0.0 0.0 0.0 0.0 0.0 0.0 0.0 0.0 0.0 0.0 0.0 0.0 0.0 0.0 0.994562 0.0 0.0 0.0 0.0 0.0 0.0 0.0 0.0 0.0 0.0 0.0 0.0 0.0 0.0 0.0 0.0 0.0 0.0 0.0
0.094664 0.0 0.0 0.0 0.0658319 0.0 0.0 0.011906 1.04308e-06 0.0 0.0 0.408429 0.000352502 0.0090827 0.0 0.0 0.0 0.0 0.0 0.0 0.0 0.017735 0.0 0.0 3.63588e-05 0.0 0.567355 0.611386 0.0 0.0 0.0 0.0 0.0 0.0 0.0 0.00303838 5.91874e-05 0.0 0.0 0.0 0.995987 0.0 0.0 0.0 0.0 0.0 0.0 7.09295e-06 0.0 0.0 1.54674e-05 0.0 0.0 0.0 0.0 0.0 0.0 0.0 0.0 0.626139 4.27365e-05 0.0 0.0 0.0
0.0 1.10269e-06 0.0 0.0 0.0 0.0 0.0 0.0 0.0 2.08616e-07 0.0 0.0 0.0 0.0 0.0 0.0 0.0 0.0 0.0 0.0 1.49012e-07 0.0 0.0 0.0 0.0 0.00101775 0.0 0.0 0.0 0.0 0.0 0.0 0.0 0.0 0.0 0.0 0.0 0.0 0.0 0.0 0.0 0.0 0.0 0.0 0.0 0.0 0.0 0.0 0.0 0.0 0.0 8.9407e-08 0.0 1.3411e-05 0.0 0.997192 0.0 0.0 0.0 0.0 0.0 0.0 0.0 0.0
0.00852394 0.0 0.0 0.0 0.959711 0.0 0.0 0.419102 0.0 0.0 0.0 2.82824e-05 0.88344 0.026489 1.84774e-06 0.0 0.0 0.0 0.0 0.0 0.0 2.68221e-07 0.0 0.0 0.0 0.0 0.0205955 0.672871 0.0 0.0 9.35793e-06 4.79817e-05 0.0 0.0 0.0 1.49012e-07 0.0 0.0 0.0 6.94394e-06 0.0409868 0.0 0.0 0.0 0.0 0.0 0.0 0.256333 0.0 0.0 0.0 0.0 0.0 0.0 0.0 0.0 0.0 0.0 0.0 0.860469 0.65157 0.0 0.0 0.0
1.19209e-07 0.0 0.0 0.0 0.0305437 0.0 0.0 0.604396 0.0 0.0 0.0 0.0 0.165912 5.66244e-07 0.0134436 0.0 0.0 0.0 0.0 0.0 0.0 0.0 0.0 0.0 0.0 0.0 4.76837e-07 0.00446281 0.0 0.0 4.63426e-05 0.127907 0.0 0.0 0.0 0.0 0.0 0.0 0.0 0.0307536 2.11596e-06 0.0 0.0 0.0 0.0 0.0 1.01328e-06 0.989607 0.0 0.0 0.0 0.0 0.0 0.0 0.0 0.0 0.0 0.0 0.0 0.00191355 0.991447 0.0 0.0 0.0
0.00261039 0.0 8.64267e-07 0.0 5.96046e-08 0.0 0.0 0.0 0.00103307 0.0 0.0 0.0108871 0.0 1.06096e-05 0.0 0.0 0.0 0.0 0.0 0.0 0.00100502 0.103637 0.0 0.0 0.208275 0.0 0.00317299 3.57628e-07 0.0 2.44379e-06 0.0 0.0 0.0 0.0 0.0 0.868291 0.993316 1.99676e-05 0.0 0.0 0.00157413 4.35114e-06 0.0 0.0 0.0 0.0 0.0 0.0 0.0 0.0 1.49012e-07 0.0 0.0010815 0.0 0.0 0.0 0.0 0.0 1.49012e-07 6.25849e-07 0.0 0.0 0.0 0.0
0.0133773 0.0 0.0 0.0 0.00114238 0.0 0.0 0.000112861 0.000974804 0.0 0.0 0.985943 5.06639e-07 0.0290864 0.0 0.0 0.0 0.0 0.0 0.0 3.27826e-07 0.581124 0.0 0.0 0.0207613 0.0 0.0767288 0.017336 0.0 0.0 0.0 0.0 0.0 0.0 0.0 0.0943189 0.0107653 3.57628e-07 0.0 0.0 0.903409 0.0 0.0 0.0 0.0 0.0 0.0 1.49012e-07 0.0 0.0 1.33812e-05 0.0 2.12789e-05 0.0 0.0 0.0 0.0 0.0 0.0 0.010268 2.68221e-07 0.0 0.0 0.0
0.0 0.0 0.0 0.0 0.0 0.0 0.0 0.0 0.0 0.0 0.0 0.0 0.0 0.0 0.0 0.0 0.0 0.0 0.0 0.0 0.0 0.0 0.0 0.0 0.0 0.999972 0.0 0.0 0.0 0.0 0.0 0.0 0.0 0.0 0.0 0.0 0.0 0.0 0.0 0.0 0.0 0.0 0.0 0.0 0.0 0.0 0.0 0.0 0.0 0.0 0.0 0.0 0.0 0.0 0.0 4.80711e-05 0.0 0.0 0.0 0.0 0.0 0.0 0.0 0.0
0.0355411 0.0 0.0 0.0 0.814399 0.0 0.0 0.788781 0.0 0.0 0.0 0.00279504 0.189332 0.0040049 5.96046e-08 0.0 0.0 0.0 0.0 0.0 0.0 1.72853e-05 0.0 0.0 8.9407e-08 0.0 0.293532 0.929403 0.0 0.0 2.08616e-07 1.40071e-06 0.0 0.0 0.0 3.48687e-06 1.49012e-07 0.0 0.0 1.49012e-07 0.6583 0.0 0.0 0.0 0.0 0.0 0.0 0.0164519 0.0 0.0 8.9407e-08 0.0 0.0 0.0 0.0 0.0 0.0 0.0 0.0 0.992575 0.0985277 0.0 0.0 0.0
0.0 0.0 0.0 0.0 0.0 0.0 0.0 0.0 0.0 0.0 0.0 0.0 0.0 0.0 0.0 0.0 0.0 0.997635 0.0 0.0 0.0 0.0 0.0 0.0 0.0 0.0 0.0 0.0 0.0 0.0 0.0 0.0 0.0 0.0 0.0 0.0 0.0 0.0 0.0 0.0 0.0 0.0 0.0 0.0 0.0 0.0 0.0 0.0 0.0 0.0 0.0 0.0 0.0 0.0 0.000803977 0.0 0.0 0.0 0.0 0.0 0.0 0.00309724 0.0 0.0
0.0 0.0 0.0 0.0 0.0 0.00275594 0.964975 0.0 0.0 0.0 0.0 0.0 0.0 0.0 0.0 1.74344e-05 0.0 0.0 0.00115421 0.0 0.0 0.0 0.0 1.78814e-07 0.0 0.0 0.0 0.0 0.0 0.0 0.0 0.0 0.0 0.0 0.0 0.0 0.0 0.0 0.0 0.0 0.0 0.0 0.0 0.0 0.0 0.0 0.0 0.0 0.0 0.0 0.0 0.0 0.0 0.0 0.0 0.0 0.0 0.0 0.0 0.0 0.0 0.0 0.0 0.0
0.0 0.0 0.0 0.0 0.0 3.27826e-07 2.08616e-07 0.0 0.0 0.0 0.0 0.0 0.0 0.0 0.0 0.0 0.0 0.0 0.0 0.0 0.0 0.0 0.0 0.0 0.0 0.0 0.0 0.0 0.0 0.0 0.0 0.0 0.0 0.0 0.0 0.0 0.0 0.0 0.0 0.0 0.0 0.0 0.0 0.0 0.0 0.0 0.0 0.0 0.0 0.0 0.0 0.0 0.0 0.99516 0.0 8.9407e-08 0.0 0.0 0.0 0.0 0.0 0.0 0.0 0.0
0.034053 0.0 7.85291e-05 0.0 5.99027e-06 0.0 0.0 3.8743e-07 0.64125 0.0 0.0 0.450996 2.98023e-08 0.0032706 0.0 0.0 0.0 0.0 0.0 0.0 9.72748e-05 0.995705 2.68221e-07 0.0 0.768955 0.0 0.348215 3.95775e-05 0.0 4.47035e-06 0.0 0.0 0.0 0.0 0.0 0.243973 0.0957649 0.000480056 0.0 0.0 0.234122 1.65999e-05 0.0 0.0 0.0 0.0 0.0 0.0 0.0 0.0 1.35303e-05 0.0 0.0922484 0.0 0.0 0.0 0.0 0.0 4.17233e-07 0.000137627 0.0 0.0 0.0 0.0
0.0 8.9407e-08 0.0 0.0 0.0 0.0 0.0 0.0 0.0 5.96046e-08 0.99961 0.0 0.0 0.0 0.0 0.0 0.0 0.0 0.0 0.0 0.0 0.0 0.0 0.0 0.0 0.0 0.0 0.0 0.0 0.0 0.0 0.0 0.0 0.0 0.0 0.0 0.0 0.0 0.0 0.0 0.0 0.0 0.0 0.0 0.0 0.0 0.0 0.0 0.0 0.0 0.0 0.0 0.0 0.0 0.0 0.0 0.0 0.0 0.0 0.0 0.0 0.0 0.0 0.0
5.4419e-05 1.19209e-07 0.12853 0.0 0.0 0.0 0.0 0.0 0.986587 4.17233e-07 0.0 0.0206386 0.0 5.69224e-06 0.0 0.0 0.0 0.0 0.0 0.0 0.0029729 0.836797 0.00102741 0.0 0.387293 0.0 0.000672698 0.0 0.0 0.00718513 0.0 0.0 0.0 0.0 0.0 0.0397694 0.00767666 0.197658 0.0 0.0 0.00130427 0.027274 0.0 0.0 0.0 0.0 0.0 0.0 0.0 0.0 5.06639e-06 0.0 0.876846 0.0 0.0 0.0 0.0 0.0 0.00187474 0.0 0.0 0.0 0.0 0.0
0.0 0.0 0.0 0.0 0.0 0.0 0.0 0.0 0.0 0.0 0.0 0.0 0.0 0.0 0.0 0.0 0.0 0.0 0.0 0.0 0.0 0.0 0.0 0.0 0.0 0.0 0.0 0.0 0.0 0.0 0.0 0.0 0.0 0.0 0.0 0.0 0.0 0.0 0.0 0.0 0.0 0.0 0.0 0.0 0.0 0.0 0.0 0.0 0.0 0.0 0.0 0.0 0.0 0.0 0.0 0.0 0.0 0.999863 0.0 0.0 0.0 0.0 0.0 0.0
0.0 0.0 0.0 0.0 0.0 0.0 0.0 2.08616e-07 0.0 0.0 0.0 0.0 2.71201e-06 0.0 0.997339 0.0 0.0 0.0 0.0 0.0 0.0 0.0 0.0 0.0 0.0 0.0 0.0 0.0 0.0 0.0 0.000251204 0.351753 0.0 0.0 0.0 0.0 0.0 0.0 0.0 0.477579 0.0 0.0 0.0 0.0 0.0 0.0 0.101797 0.000247508 0.0 0.0 0.0 0.0 0.0 0.0 0.0 0.0 0.0 0.0 0.0 0.0 0.000237256 0.0 0.0 0.0
0.0 0.0 0.0 0.0 0.000960439 0.0 0.0 0.103214 0.0 0.0 0.0 0.0 0.0283768 0.0 0.299809 0.0 0.0 0.0 0.0 0.0 0.0 0.0 0.0 0.0 0.0 0.0 8.9407e-08 0.000258356 0.0 0.0 5.03063e-05 0.306207 0.0 0.0 0.0 0.0 0.0 0.0 0.0 0.118962 1.19209e-07 0.0 0.0 0.0 0.0 0.0 2.22921e-05 0.922626 0.0 0.0 0.0 0.0 0.0 0.0 0.0 0.0 0.0 0.0 0.0 0.000131458 0.942516 0.0 0.0 0.0
3.8445e-06 7.89762e-06 0.855301 0.0 0.0 0.0 0.0 0.0 0.965656 0.00015986 0.0 0.000123709 0.0 8.9407e-08 0.0 0.0 0.0 0.0 0.0 1.93715e-06 0.132941 0.0518347 0.0945791 0.0 0.581078 0.0 7.6592e-06 0.0 0.0 0.641212 0.0 0.0 0.0 0.0 0.0 0.239048 0.00672859 0.4644 0.0 0.0 8.04663e-06 0.855943 0.0 0.0 0.0 0.0 0.0 0.0 0.0 0.0 0.0 0.0 0.989686 0.0 0.0 0.0 0.0 0.0 0.291021 0.0 0.0 0.0 0.0 0.0
0.0 0.0 0.0 0.0 0.0 0.0 0.0 0.0 0.0 0.0 0.0 0.0 0.0 0.0 0.0 0.0 0.0 0.0 0.0 0.0 0.0 0.0 0.0 0.0 0.0 0.0 0.0 0.0 0.0 0.0 0.0 0.0 0.0 0.848314 4.17233e-07 0.0 0.0 0.0 0.640298 0.0 0.0 0.0 0.447619 0.0 0.0 0.0 0.0 0.0 0.0 0.0 0.0 0.0 0.0 0.0 0.0 0.0 0.0 0.0 0.0 0.0 0.0 0.0 0.0 0.0
0.0 0.0 0.0 0.0 0.0 0.0 0.0 0.0 0.0 0.0 0.0 0.0 0.0 0.0 0.0 0.0 0.0 0.0 0.0 0.0 0.0 0.0 0.0 0.0 0.0 0.0 0.0 0.0 0.999997 0.0 0.0 0.0 0.0 0.0 0.0 0.0 0.0 0.0 0.0 0.0 0.0 0.0 0.0 0.0 0.0 0.0 0.0 0.0 0.0 0.0 0.0 0.0 0.0 0.0 0.0 0.0 0.0 0.0 0.0 0.0 0.0 0.0 0.0 0.0
5.96046e-08 0.0 0.0 0.0 0.0135733 0.0 0.0 0.258104 0.0 0.0 0.0 0.0 0.588616 3.85046e-05 0.493822 0.0 0.0 0.0 0.0 0.0 0.0 0.0 0.0 0.0 0.0 0.0 2.38419e-07 0.00129679 0.0 0.0 0.0623255 0.942981 0.0 0.0 0.0 0.0 0.0 0.0 0.0 0.936958 1.07288e-06 0.0 0.0 0.0 0.0 0.0 6.64592e-05 0.976408 0.0 0.0 0.0 0.0 0.0 0.0 0.0 0.0 0.0 0.0 0.0 0.000791103 0.958259 0.0 0.0 0.0
0.0 0.0 0.0 0.0 0.0 6.25849e-07 8.58307e-06 0.0 0.0 0.0 0.0 0.0 0.0 0.0 0.0 0.979781 0.0 0.0 0.193713 0.0 0.0 0.0 0.0 2.05636e-06 0.0 0.0 0.0 0.0 0.0 0.0 0.0 0.0 0.0 0.0 0.0 0.0 0.0 0.0 0.0 0.0 0.0 0.0 0.0 0.0 0.0 0.0 0.0 0.0 0.0 0.0 0.0 0.0 0.0 0.0 0.0 0.0 0.0 0.0 0.0 0.0 0.0 0.0 0.0 4.47035e-07
0.0 0.0 0.0 0.0 0.000227392 0.0 0.0 0.0115581 0.0 0.0 0.0 0.0 0.0796601 2.02656e-06 0.680901 0.0 0.0 0.0 0.0 0.0 0.0 0.0 0.0 0.0 0.0 0.0 0.0 1.94013e-05 0.0 0.0 0.161124 0.974359 0.0 0.0 0.0 0.0 0.0 0.0 0.0 0.990902 2.98023e-08 0.0 0.0 0.0 0.0 0.0 0.000844717 0.806702 0.0 0.0 0.0 0.0 0.0 0.0 0.0 0.0 0.0 0.0 0.0 1.09076e-05 0.517949 0.0 0.0 0.0
0.0 0.0 0.0 0.0 4.47035e-07 0.0 0.0 2.5034e-05 0.0 0.0 0.0 0.0 0.000230789 0.0 0.866371 0.0 0.0 0.0 0.0 0.0 0.0 0.0 0.0 0.0 0.0 0.0 0.0 2.98023e-08 0.0 0.0 0.0386681 0.960706 0.0 0.0 0.0 0.0 0.0 0.0 0.0 0.988724 0.0 0.0 0.0 0.0 0.0 0.0 0.0212066 0.0206392 0.0 0.0 0.0 0.0 0.0 0.0 0.0 0.0 0.0 0.0 0.0 0.0 0.0084309 0.0 0.0 0.0
0.0 0.00155371 0.982082 0.0 0.0 0.0 0.0 0.0 0.0686322 0.00151712 0.0 5.96046e-08 0.0 0.0 0.0 0.0 0.0 0.0 0.0 0.0015645 0.000784367 1.95205e-05 0.979742 0.0 0.000963986 0.0 0.0 0.0 0.0 0.734797 0.0 0.0 0.0 0.0 0.0 0.000187308 2.65241e-06 0.906415 0.0 0.0 0.0 0.853271 0.0 0.0 0.0 0.0 0.0 0.0 0.0 0.0 0.0 0.0 0.386606 0.0 0.0 0.0 0.0 0.0 0.980656 0.0 0.0 0.0 0.0 0.0
0.0 0.0 0.0 0.0 0.0 0.0 0.0 0.0 0.0 0.0 0.0 0.0 0.0 0.0 0.0 0.0 0.0 0.0 0.0 0.0 0.0 0.0 0.0 0.0 0.0 0.0 0.0 0.0 0.0 0.0 0.0 0.0 0.0 0.0 0.0 0.0 0.0 0.0 0.0 0.0 0.0 0.0 0.0 0.0 0.0 0.0 0.0 0.0 1.0 0.0 0.0 0.0 0.0 0.0 0.0 0.0 0.0 0.0 0.0 0.0 0.0 0.0 0.0 0.0
0.0 0.0 0.0 0.0 0.0 2.08616e-07 0.000166446 0.0 0.0 0.0 0.0 0.0 0.0 0.0 0.0 0.0369052 0.0 0.0 0.984783 0.0 0.0 0.0 0.0 0.000206739 0.0 0.0 0.0 0.0 0.0 0.0 0.0 0.0 0.0 0.0 0.0 0.0 0.0 0.0 0.0 0.0 0.0 0.0 0.0 0.0 0.0 0.0 0.0 0.0 0.0 0.0 0.0 0.0 0.0 0.0 0.0 0.0 0.0 0.0 0.0 0.0 0.0 0.0 0.0 0.0
0.0 0.0 0.0 0.0 0.0 0.0 0.0 0.0 0.0 0.0 0.0 0.0 0.0 0.0 0.0 0.0 0.0 0.0 0.0 0.0 0.0 0.0 0.0 0.0 0.0 0.0 0.0 0.0 0.0 0.0 0.0 0.0 0.999961 0.0 0.0 0.0 0.0 0.0 0.0 0.0 0.0 0.0 0.0 0.0 0.0 0.0 0.0 0.0 0.0 0.0 0.0 0.0 0.0 0.0 0.0 0.0 0.0 0.0 0.0 0.0 0.0 0.0 0.0 0.0
0.00513765 0.0 0.0 0.0 0.686543 0.0 0.0 0.858654 0.0 0.0 0.0 0.00199047 0.0653974 0.000962168 2.98023e-08 0.0 0.0 0.0 0.0 0.0 0.0 1.07288e-05 0.0 0.0 5.96046e-08 0.0 0.0257546 0.980795 0.0 0.0 1.19209e-07 7.15256e-07 0.0 0.0 0.0 2.77162e-06 8.9407e-08 0.0 0.0 1.49012e-07 0.619227 0.0 0.0 0.0 0.0 0.0 0.0 0.00645489 0.0 0.0 0.0 0.0 0.0 0.0 0.0 0.0 0.0 0.0 0.0 0.842392 0.0494299 0.0 0.0 0.0
0.0 0.818866 0.935696 0.0 0.0 0.0 0.0 0.0 0.0469246 0.934061 1.51992e-06 1.78814e-07 0.0 0.0 0.0 0.0 0.0 0.0 0.0 0.111542 0.961451 6.62506e-05 0.751368 0.0 0.00390673 0.0 0.0 0.0 0.0 0.99719 0.0 0.0 0.0 0.0 0.0 0.0101542 0.000590622 0.636896 0.0 0.0 0.0 0.994493 0.0 0.0 0.0 0.0 0.0 0.0 0.0 0.0 0.0 1.19209e-07 0.579275 0.0 0.0 0.0 0.0 0.0 0.989651 0.0 0.0 0.0 0.0 0.0
0.0 0.0 0.0 0.0 0.0 0.0 0.0 0.0 0.0 0.0 0.0 0.0 0.0 0.0 0.0206249 0.0 0.0 0.0 0.0 0.0 0.0 0.0 0.0 0.0 0.0 0.0 0.0 0.0 0.0 0.0 0.00254726 0.0016908 0.0 0.0 0.0 0.0 0.0 0.0 0.0 0.00580364 0.0 0.0 0.0 0.0 0.0 0.0 0.992305 8.9407e-08 0.0 0.0 0.0 0.0 0.0 0.0 9.68575e-06 0.0 0.0 0.0 0.0 0.0 2.98023e-08 2.08616e-07 0.0 0.0
1.19209e-07 0.0 0.0 0.0 0.039379 0.0 0.0 0.682102 0.0 0.0 0.0 0.0 0.890822 1.41263e-05 0.30343 0.0 0.0 0.0 0.0 0.0 0.0 0.0 0.0 0.0 0.0 0.0 5.06639e-07 0.00328293 0.0 0.0 0.0462991 0.900227 0.0 0.0 0.0 0.0 0.0 0.0 0.0 0.780767 2.68221e-06 0.0 0.0 0.0 0.0 0.0 1.37091e-05 0.98264 0.0 0.0 0.0 0.0 0.0 0.0 0.0 0.0 0.0 0.0 0.0 0.00258008 0.979665 0.0 0.0 0.0
0.0 0.0 0.0 0.0 0.0 0.0 0.0 0.0 0.0 0.0 0.0 0.0 0.0 0.0 0.0 0.0 0.0 0.0 0.0 0.0 0.0 0.0 0.0 0.0 0.0 0.0 0.0 0.0 0.0 0.0 0.0 0.0 0.0 0.0 0.0 0.0 0.0 0.0 0.0 0.0 0.0 0.0 0.0 0.0 0.0 0.0 0.0 0.0 0.0 0.0 0.0 0.0 0.0 0.0 0.0 0.0 0.0 0.0 0.0 0.0 0.0 0.0 0.999898 0.0
0.0 0.0 0.0 0.0 0.0 0.0 0.0 0.0 0.0 0.0 0.0 0.0 0.0 0.0 0.0 0.0 0.0 0.0 0.0 0.0 0.0 0.0 0.0 0.0 0.0 0.0 0.0 0.0 0.0 0.0 0.0 0.0 0.0 3.13818e-05 0.999999 0.0 0.0 0.0 2.65241e-06 0.0 0.0 0.0 4.88758e-06 0.0 0.0 0.0 0.0 0.0 0.0 0.0 0.0 0.0 0.0 0.0 0.0 0.0 0.0 0.0 0.0 0.0 0.0 0.0 0.0 0.0
0.00767219 0.0 0.00113785 0.0 5.96046e-08 0.0 0.0 0.0 0.73485 0.0 0.0 0.0315116 0.0 4.81009e-05 0.0 0.0 0.0 0.0 0.0 0.0 0.00266287 0.840165 4.94719e-06 0.0 0.976882 0.0 0.0167465 2.38419e-07 0.0 0.000120819 0.0 0.0 0.0 0.0 0.0 0.895672 0.337128 0.0034928 0.0 0.0 0.00143692 0.000467271 0.0 0.0 0.0 0.0 0.0 0.0 0.0 0.0 2.98023e-07 0.0 0.606178 0.0 0.0 0.0 0.0 0.0 1.15335e-05 1.2815e-06 0.0 0.0 0.0 0.0
0.0 0.0 0.0 0.0 0.000191838 0.0 0.0 0.00233835 0.0 0.0 0.0 0.0 0.169154 4.55976e-06 0.184217 0.0 0.0 0.0 0.0 0.0 0.0 0.0 0.0 0.0 0.0 0.0 0.0 2.22623e-05 0.0 0.0 0.768802 0.894256 0.0 0.0 0.0 0.0 0.0 0.0 0.0 0.811009 1.19209e-07 0.0 0.0 0.0 0.0 0.0 0.000164151 0.00644752 0.0 0.0 0.0 0.0 0.0 0.0 0.0 0.0 0.0 0.0 0.0 1.95503e-05 0.00883394 0.0 0.0 0.0
0.0 0.0 0.0 0.0 3.75509e-06 0.0 0.0 0.000169605 0.0 0.0 0.0 0.0 0.0011037 0.0 0.992974 0.0 0.0 0.0 0.0 0.0 0.0 0.0 0.0 0.0 0.0 0.0 0.0 3.8743e-07 0.0 0.0 0.000993371 0.916821 0.0 0.0 0.0 0.0 0.0 0.0 0.0 0.684876 0.0 0.0 0.0 0.0 0.0 0.0 0.00166079 0.119619 0.0 0.0 0.0 0.0 0.0 0.0 0.0 0.0 0.0 0.0 0.0 2.08616e-07 0.0719292 0.0 0.0 0.0
0.0 0.0 0.0 0.0 0.0 0.0 0.0 0.0 0.0 0.0 0.0 0.0 0.0 0.0 0.0 0.0 0.0 2.60174e-05 0.0 0.0 0.0 0.0 0.0 0.0 0.0 0.0 0.0 0.0 0.0 0.0 0.0 0.0 0.0 0.0 0.0 0.0 0.0 0.0 0.0 0.0 0.0 0.0 0.0 0.0 0.0 0.0 1.19209e-07 0.0 0.0 0.0 0.0 0.0 0.0 0.0 0.993356 0.0 0.0 0.0 0.0 0.0 0.0 0.928709 0.0 0.0
0.0 0.0 0.0 0.0 0.0 0.0 0.0 0.0 0.0 0.0 0.0 0.0 0.0 0.0 0.0 0.0 0.0 0.0 0.0 0.0 0.0 0.0 0.0 0.0 0.0 0.0 0.0 0.0 0.0 0.0 0.0 0.0 0.0 0.0 0.0 1.78814e-07 0.0 0.0 0.0 0.0 0.0 0.0 0.0 0.0 0.0 0.0 0.0 0.0 0.0 0.0 0.0 0.999923 0.0 0.0 0.0 0.0 0.0 0.0 0.0 0.0 0.0 0.0 0.0 0.0
8.9407e-08 5.21839e-05 0.0113488 0.0 0.0 0.0 0.0 0.0 0.12316 0.000650048 0.0 3.8147e-06 0.0 0.0 0.0 0.0 0.0 0.0 0.0 8.34465e-07 0.992251 0.0011346 7.22706e-05 0.0 0.0542408 0.0 1.78814e-07 0.0 0.0 0.522537 0.0 0.0 0.0 0.0 0.0 0.240808 0.0444301 0.00299087 0.0 0.0 2.08616e-07 0.368528 0.0 0.0 0.0 0.0 0.0 0.0 0.0 0.0 0.0 0.0 0.713084 0.0 0.0 0.0 0.0 0.0 0.00805253 0.0 0.0 0.0 0.0 0.0
45 16 49 42 38 43 13 56 15 63 48 33 57 28 3 62 1 20 22 6 34 36 50 51 41 9 19 5 53 10 18 32 52 37 58 2 29 35 0 17 27 8 24 12 11 21 30 61 47 7 40 26 31 23 25 54 39 14 60 4 59 44 55 46
