8
0.0 0.0 0.0 0.0 0.0 0.0 0.0 0.0 0.0 0.0 0.0 0.0 0.0 0.0 0.0 0.0 0.0 0.0 0.0 0.0 0.0 0.0 0.0 0.0 5.96046e-08 0.0 0.0 0.0 0.0 0.0 0.0 0.0 0.0 0.0 0.0 0.0 0.0 8.64267e-07 0.999845 0.0 0.0 0.0 0.0 0.0 0.0 0.0 0.0 0.0 0.0 0.0 0.0 0.0 0.0 0.0 0.0 0.0 0.0 0.0 0.0 0.0 0.0 0.0 0.0 0.0
0.0 0.0 0.0 0.0 0.0 0.0 0.0 0.0 7.53999e-06 3.26037e-05 0.0410966 0.0 1.46925e-05 0.0 0.0 0.0 2.98023e-08 0.0 2.71201e-06 0.0 0.0 0.000280738 0.0 0.0 0.0 0.0 0.035295 0.0 0.0 1.18315e-05 0.991516 0.0 2.42889e-05 0.0 0.0 0.0 0.0 0.0 0.0 0.0 0.0 4.47035e-07 0.0 0.0 0.0 0.0 0.0444623 0.0 0.0 0.0 0.0 0.0 0.000993639 2.98023e-07 0.0 0.0154054 0.0 0.0 0.0 2.98023e-08 1.66893e-06 0.0 0.0 0.0
0.0 0.0 2.08616e-07 0.0 0.0 0.0 0.0 0.0 0.0 0.0 0.0 0.0 0.0 0.0 0.0 0.0 0.0 0.0 0.0 9.53674e-07 0.0 0.0 0.0 0.0 0.0 0.0 0.0 0.0 0.0 0.0 0.0 0.999968 0.0 0.0 0.0 0.0 0.0 0.0 0.0 0.0 0.0 0.0 0.0 6.44028e-05 0.0 0.0 0.0 0.0 0.0 0.0 0.0 0.0 0.0 0.0 0.0 0.0 0.0 0.0 0.0 0.0 0.0 0.0 0.0 0.0
0.0 0.0 0.0 0.0 3.60608e-06 0.0 0.0 0.0 0.0 0.0 0.0 0.0 0.0 1.37091e-05 0.0 0.0 0.0 0.0 0.0 0.0 0.0 0.0 2.98023e-08 0.0 0.0 0.0 0.0 0.0 0.0 0.0 0.0 0.0 0.0 0.0 0.998445 0.000253409 0.0 0.0 0.0 0.0 0.0 0.0 1.78814e-07 0.847525 0.0 0.0 0.0 0.0 0.0 0.0 0.0 0.0 0.0 0.0 0.0 0.0 7.62939e-06 0.0 0.0 0.0 0.0 0.0 0.00162303 0.0
0.0 0.0 0.0 0.0 0.0 0.0 0.0 0.0 6.73532e-05 0.0 0.0 0.0 0.0 0.0 0.0 0.0 0.0 0.0 0.971341 0.0 0.0 0.000111967 0.0 7.03335e-06 0.0 0.0 3.57628e-07 0.0 1.51992e-05 0.00110707 0.0 0.0 0.020919 0.0 0.0 0.0 0.0 0.0 0.0 0.0 0.000374496 0.00251004 0.0 0.0 0.0 2.68221e-07 0.0 0.0 0.0 1.66893e-06 0.0060271 0.0 0.0077922 0.000524879 0.0 0.0684253 0.0 0.0 0.0 0.978657 0.146543 0.0 0.0 9.53674e-07
0.0 0.0 0.000406951 0.0 0.00126758 0.0 0.0 0.0 0.0 0.0 0.0 0.0 0.0 0.0 0.0 0.0 0.0 0.0 0.0 0.0 0.0 0.0 1.19209e-07 0.0 0.0 0.0 0.0 0.0 0.0 0.0 0.0 1.49012e-07 0.0 0.0 0.0 0.0 2.98023e-08 0.0 0.0 0.0 0.0 0.0 0.999066 1.82986e-05 0.0 0.0 0.0 0.0 0.0 0.0 0.0 0.0 0.0 0.0 0.0 0.0 0.0 0.0 0.0 0.0 0.0 0.0 0.0 0.0
0.0 0.0 0.0 0.0 0.0 0.0 0.0 0.0 0.00114462 3.66569e-06 6.4373e-06 4.88758e-06 0.0 0.0 0.0 0.0 0.0 0.0 0.00785884 0.0 0.0 0.00887358 0.0 0.993376 0.0 0.0 2.98023e-08 0.0 0.0 7.7486e-07 0.0 0.0 2.68221e-06 0.0 0.0 0.0 0.0 0.0 0.0 0.0 0.61863 1.19805e-05 0.0 0.0 0.000149459 3.75509e-06 0.0 0.0 0.0 0.00077042 0.0387411 0.0 4.15742e-05 0.41348 0.0 0.00349149 0.0 0.0 0.00305602 5.48363e-06 4.47035e-07 0.0 0.0 0.0
0.0 0.0 0.0 0.0 0.0 0.0 0.0 0.0 0.00833026 6.94394e-06 5.54621e-05 5.66244e-07 0.0 0.0 0.0 0.0 8.9407e-08 0.0 0.995743 0.0 0.0 0.992526 0.0 0.000382811 0.0 0.0 0.0214894 0.0 0.00043422 0.987817 2.68221e-06 0.0 0.985633 0.0 0.0 0.0 0.0 0.0 0.0 0.0 0.0186744 0.790042 0.0 0.0 5.96046e-08 0.00387612 0.0 0.0 0.0 2.70903e-05 0.219699 0.0 0.999021 0.0106302 0.0 0.970767 0.0 0.0 8.9407e-08 0.251368 0.994184 0.0 0.0 1.49012e-07
0.0 0.0 0.0 0.0 0.0 0.0 0.0 0.0 0.994396 0.999166 0.0204613 0.0 0.0686959 0.0 0.0 0.0 0.0 0.0 3.37362e-05 0.0 0.0 1.78814e-06 0.0 5.21541e-06 0.0 0.0 5.84126e-06 0.0 0.0 0.0 0.0 0.0 8.9407e-08 0.0 0.0 0.0 0.0 0.0 0.0 0.0 0.000579357 8.9407e-08 0.0 0.0 3.17395e-05 0.0 0.0 0.0 0.0 0.00365025 9.53674e-07 0.0 2.5928e-06 0.32667 0.0 0.019448 0.0 0.0 1.10269e-06 0.0 8.9407e-08 0.0 0.0 0.0
0.0 0.0 0.0 0.0 3.03984e-06 0.0 0.0 0.0 0.0 2.08616e-07 0.0 0.0 1.73748e-05 0.999997 0.0 0.0 0.0 0.0 0.0 0.0 0.0 0.0 0.0 0.0 0.0 0.0 0.0 0.0 0.0 0.0 0.0 0.0 0.0 0.0 4.11272e-06 0.0 0.0 0.0 0.0 0.0 0.0 0.0 0.0 1.3113e-06 0.0 0.0 2.98023e-08 0.0 0.0 0.0 0.0 0.0 0.0 0.0 0.0 0.0 0.0 0.0 0.0 0.0 0.0 0.0 1.40071e-06 0.0
0.0 0.0 1.16229e-06 0.0 0.999983 0.0 0.0 0.0 0.0 0.0 0.0 0.0 0.0 5.96046e-08 0.0 0.0 0.0 0.0 0.0 0.0 0.0 0.0 0.0 0.0 0.0 0.0 0.0 0.0 0.0 0.0 0.0 0.0 0.0 0.0 8.9407e-08 0.0 0.0 0.0 0.0 0.0 0.0 0.0 5.89192e-05 0.000799 0.0 0.0 0.0 0.0 0.0 0.0 0.0 0.0 0.0 0.0 0.0 0.0 5.57303e-06 0.0 0.0 0.0 0.0 0.0 0.0 0.0
0.0 0.0 0.0 0.0 0.0 0.0 0.0 0.0 0.00034073 2.68221e-07 0.0 0.0 0.0 0.0 0.0 0.0 0.998449 0.0 2.98023e-08 0.0 0.0 0.00030303 0.0 0.0 0.0 0.0 0.0 0.0 5.96046e-08 8.9407e-06 0.0 0.0 1.19209e-07 0.0 0.0 0.0 0.0 0.0 0.0 0.0 0.0 0.0 0.0 0.0 2.98023e-08 0.0 0.0 0.0 0.0 0.0 0.0 0.0 0.0142633 2.98023e-08 0.0 7.64728e-05 0.0 0.0 0.0 0.0 1.49012e-07 0.0 0.0 0.0
0.0 0.0 0.0 0.0 0.0 0.0 0.0 0.0 8.34465e-07 2.44379e-06 0.287853 0.0 2.77758e-05 3.57628e-07 0.0 0.0 0.0 0.0 2.74181e-06 0.0 0.0 1.16229e-06 0.0 0.0 0.0 0.0 0.000431359 0.0 0.0 8.9407e-08 0.0142452 0.0 2.98023e-07 0.0 0.0 0.0 0.0 0.0 0.0 0.0 1.49012e-07 5.96046e-08 0.0 0.0 0.0 0.0 0.999961 0.0 0.0 2.98023e-08 0.0 0.0 2.08616e-07 1.57952e-06 0.0 0.000555813 0.0 0.0 0.0 0.0 8.9407e-08 0.0 0.0 0.0
0.0 0.0 0.0 0.0 0.000611395 0.0 0.0 0.0 0.0 0.0 0.0 0.0 0.0 5.66244e-07 0.0 0.0 0.0 0.0 0.0 0.0 0.0 0.0 0.0 0.0 0.0 0.0 0.0 0.0 0.0 0.0 0.0 0.0 0.0 0.0 3.08156e-05 3.27826e-06 0.0 0.0 0.0 0.0 0.0 0.0 0.0 0.717723 0.0 0.0 0.0 0.0 0.0 0.0 0.0 0.0 0.0 0.0 0.0 0.0 0.999937 0.0 0.0 0.0 0.0 0.0 0.00264299 0.0
0.0 0.0 0.0 0.0 0.0 0.0 0.0 0.0 0.0 0.0 0.0 0.0 0.0 0.0 0.0 0.0 0.0 0.0 0.0 0.999795 0.0 0.0 0.0 0.0 0.0 0.000667244 0.0 0.0 0.0 0.0 0.0 1.01328e-06 0.0 0.0 0.0 0.0 0.0 0.0 0.0 0.0 0.0 0.0 0.0 0.0 0.0 0.0 0.0 0.0 0.0 0.0 0.0 5.96046e-08 0.0 0.0 0.0 0.0 0.0 0.0 0.0 0.0 0.0 0.0 0.0 0.0
0.0 0.0 5.60284e-06 0.0 0.0 0.0 0.0042676 0.0 0.0 0.0 0.0 0.0 0.0 0.0 0.0 0.0 0.0 0.0 0.0 0.0 0.0 0.0 0.0 0.0 0.0 0.0 0.0 2.14577e-06 0.0 0.0 0.0 0.0 0.0 0.0 0.0 0.0 0.997679 0.0 0.0 0.0 0.0 0.0 0.0 0.0 0.0 0.0 0.0 0.0 0.0 0.0 0.0 0.0 0.0 0.0 0.0 0.0 0.0 0.0 0.0 0.0 0.0 0.0 0.0 0.0
0.0 0.0 0.0 5.96046e-08 0.0 0.0 0.0 0.0 1.87755e-06 0.0 0.0 7.15256e-07 0.0 0.0 0.0 0.0 0.0 0.0 3.54648e-06 0.0 0.0 4.47035e-07 0.0 0.00291234 0.0 0.0 0.0 0.0 0.0 0.0 0.0 0.0 0.0 0.0 0.0 0.0 0.0 0.0 0.0 0.0 0.0517192 0.0 0.0 0.0 8.88109e-06 0.000221521 0.0 0.0 0.0 2.08616e-07 0.000146985 0.0 1.19209e-07 0.00163719 0.0 6.61612e-06 0.0 0.0 0.998406 0.0 0.0 0.0 0.0 0.0
8.9407e-08 0.0 0.0 0.0 0.0 0.0 0.0 0.0 0.0 0.0 0.0 0.0 0.0 0.0 0.0 0.0 0.0 0.0 0.0 0.0 0.0 0.0 0.0 0.0 9.42945e-05 0.0 0.0 0.0 0.0 0.0 0.0 0.0 0.0 0.0 0.0 0.0 0.0 0.999947 2.08616e-07 0.0 0.0 0.0 0.0 0.0 0.0 0.0 0.0 0.0 0.0 0.0 0.0 0.0 0.0 0.0 0.0 0.0 0.0 0.0 0.0 0.0 0.0 5.96046e-08 0.0 0.0
0.0 0.0 0.0 0.0 0.0 0.0 0.0 0.0 0.29097 0.000232249 0.000255257 0.239941 0.0 0.0 0.0 0.0 0.0 0.0 0.785763 0.0 0.0 0.0126196 0.0 0.933169 0.0 0.0 3.42727e-06 0.0 0.0 0.000185788 0.0 0.0 4.97997e-05 0.0 0.0 0.0 0.0 0.0 0.0 0.0 0.999745 0.00137988 0.0 0.0 0.0113864 0.00774837 0.0 0.0 0.0 0.0066236 0.98062 0.0 0.00199941 0.991203 0.0 0.209276 0.0 0.0 0.917439 0.000635386 0.000311673 0.0 0.0 0.0
0.0 0.0 0.0 0.0 0.0 0.0 0.0 0.0 1.78814e-07 0.0 0.0 0.0 0.0 0.0 0.0 0.0 5.96046e-08 0.0 0.00329101 0.0 0.0 0.758809 0.0 0.0 0.0 0.0 1.99676e-06 0.0 0.983641 0.00162494 3.57628e-07 0.0 0.194028 0.0 0.0 0.0 0.0 0.0 0.0 0.0 2.98023e-08 1.3411e-06 0.0 0.0 0.0 4.17233e-07 0.0 0.0 0.0 0.0 3.8743e-07 0.0 0.444645 5.96046e-08 0.0 0.0285148 0.0 0.0 0.0 0.000125468 0.0176364 0.0 0.0 0.370273
0.0 0.0 0.0 0.0 0.0 0.0 0.0 0.0 0.981761 0.0123351 0.0236665 0.000475973 4.17233e-07 0.0 0.0 0.0 1.49012e-07 0.0 0.914672 0.0 0.0 0.0076386 0.0 0.499981 0.0 0.0 0.000176013 0.0 0.0 0.00284481 0.0 0.0 0.00102171 0.0 0.0 0.0 0.0 0.0 0.0 0.0 0.982688 0.043139 0.0 0.0 0.00251174 3.41237e-05 0.0 0.0 0.0 0.0220844 0.243072 0.0 0.165438 0.997186 0.0 0.934856 0.0 0.0 0.00739354 0.00359318 0.0025464 0.0 0.0 0.0
0.0 0.0 0.0 0.994354 0.0 0.0 0.0 0.0 0.0 0.0 0.0 0.0 0.0 0.0 0.0 0.0 0.0 2.68221e-07 0.0 0.0 0.0 0.0 0.0 0.0 0.0 0.0 0.0 0.0 0.0 0.0 0.0 0.0 0.0 0.0 0.0 0.0 0.0 0.0 0.0 0.0 0.0 0.0 0.0 0.0 0.0 0.0 0.0 0.0 0.0 0.0 0.0 0.0 0.0 0.0 0.0 0.0 0.0 0.0 0.0 0.0 0.0 0.0 0.0 0.0
0.0 0.0 0.0 0.0 0.0 0.0 0.0 0.0 9.35793e-06 0.0 2.08616e-07 0.0 0.0 0.0 0.0 0.0 1.49012e-07 0.0 0.986964 0.0 0.0 0.558111 0.0 4.47035e-07 0.0 0.0 2.33054e-05 0.0 0.0561571 0.847508 1.19209e-07 0.0 0.714615 0.0 0.0 0.0 0.0 0.0 0.0 0.0 1.37091e-06 0.284623 0.0 0.0 0.0 4.79519e-05 0.0 0.0 0.0 5.96046e-08 0.00057593 0.0 0.968981 2.02656e-06 0.0 0.357132 0.0 0.0 0.0 0.961943 0.961201 0.0 0.0 0.00757715
0.0 0.0 0.0 0.0 0.0 0.0 9.23872e-07 0.0 0.0 0.0 0.0 0.0 0.0 0.0 0.0 0.0 0.0 0.0 0.0 0.0 0.0 0.0 0.0 0.0 0.0 0.0 0.0 1.0 0.0 0.0 0.0 0.0 0.0 0.0 0.0 0.0 0.0 0.0 0.0 0.0 0.0 0.0 0.0 0.0 0.0 0.0 0.0 0.0 1.19209e-07 0.0 0.0 0.0 0.0 0.0 0.0 0.0 0.0 0.0 0.0 0.0 0.0 0.0 0.0 0.0
0.0 0.0 0.0 0.0 0.0 0.0 0.0 0.0 0.0 0.0 0.0 0.0 0.0 0.0 0.0 0.0 0.0 0.0 0.0 0.0 0.997498 0.0 0.0 0.0 0.0 0.0 0.0 0.0 0.0 0.0 0.0 0.0 0.0 0.0 0.0 0.0 0.0 0.0 0.0 0.0 0.0 0.0 0.0 0.0 0.0 0.0 0.0 0.0 0.0 0.0 0.0 0.0 0.0 0.0 0.0 0.0 0.0 0.0 0.0 0.0 0.0 0.0 0.0 0.0
0.0 0.0 0.0 0.0 0.0 0.0 0.999051 0.0 0.0 0.0 0.0 0.0 0.0 0.0 0.0 0.0 0.0 0.0 0.0 0.0 0.0 0.0 0.0 0.0 0.0 0.0 0.0 0.000147194 0.0 0.0 0.0 0.0 0.0 0.0 0.0 0.0 1.84774e-06 0.0 0.0 0.0 0.0 0.0 0.0 0.0 0.0 0.0 0.0 0.0 0.0 0.0 0.0 0.0 0.0 0.0 0.0 0.0 0.0 0.0 0.0 0.0 0.0 0.0 0.0 0.0
0.0 0.0 0.0 0.0 0.0 0.0 0.0 0.0 0.0 0.0 0.0 0.0 0.0 0.0 0.0 0.0 0.0 0.0 0.000181347 0.0 0.0 0.0351111 0.0 0.0 0.0 0.0 0.0 0.0 0.150784 8.45194e-05 0.0 0.0 0.000104636 0.0 0.0 0.0 0.0 0.0 0.0 0.0 0.0 5.93066e-06 0.0 0.0 0.0 0.0 0.0 0.0 0.0 0.0 0.0 0.0 0.0392323 0.0 0.0 7.45058e-07 0.0 0.0 0.0 2.3514e-05 3.2872e-05 0.0 0.0 0.277782
0.0 0.0 0.0 0.0 0.0 0.0 0.0 0.0 0.0300103 0.0291996 3.72231e-05 8.55923e-05 0.0 0.0 0.0 0.0 0.0 0.0 0.107252 0.0 0.0 0.000631928 0.0 0.00241512 0.0 0.0 2.68221e-07 0.0 0.0 0.000842661 0.0 0.0 0.000406027 0.0 0.0 0.0 0.0 0.0 0.0 0.0 0.00527868 0.0020377 0.0 0.0 0.00220856 0.0 0.0 0.0 0.0 0.997834 0.000887096 0.0 0.00375038 0.269525 0.0 0.118976 0.0 0.0 1.19209e-06 0.000315338 5.10514e-05 0.0 0.0 0.0
0.0 0.0 0.0 0.0 0.0 0.0 0.0 0.0 0.0 0.0 0.0 0.0 0.0 0.0 0.0 0.0 0.0 0.0 0.00014621 0.0 0.0 0.00885743 0.0 0.0 0.0 0.0 0.0 0.0 0.622431 1.34706e-05 0.0 0.0 0.00163057 0.0 0.0 0.0 0.0 0.0 0.0 0.0 0.0 8.9407e-08 0.0 0.0 0.0 0.0 0.0 0.0 0.0 0.0 0.0 0.0 0.000617802 0.0 0.0 3.84748e-05 0.0 0.0 0.0 1.77324e-05 0.00018087 0.0 0.0 0.993362
0.0 0.0 0.0 0.0 0.0 0.0 0.0 0.0 0.0 0.0 0.0 0.0 0.0 0.0 0.0 0.0 0.0 0.0 0.000291556 0.0 0.0 0.0261186 0.0 0.0 0.0 0.0 0.0 0.0 0.0312127 0.000159919 0.0 0.0 0.000319511 0.0 0.0 0.0 0.0 0.0 0.0 0.0 0.0 1.4782e-05 0.0 0.0 0.0 0.0 0.0 0.0 0.0 0.0 0.0 0.0 0.0596901 0.0 0.0 3.75509e-06 0.0 0.0 0.0 2.04146e-05 7.02143e-05 0.0 0.0 0.00530234
0.0 0.0 0.0 0.0 0.0 0.0 0.0 0.0 0.00396302 0.000907093 0.424776 0.0 1.40071e-05 0.0 0.0 0.0 2.98023e-08 0.0 0.0100054 0.0 0.0 0.197406 0.0 4.76837e-07 0.0 0.0 0.997645 0.0 0.0 0.00289288 0.335881 0.0 0.00668976 0.0 0.0 0.0 0.0 0.0 0.0 0.0 0.000189155 0.000182867 0.0 0.0 0.0 6.22869e-06 0.0022133 0.0 0.0 1.49012e-07 2.95341e-05 0.0 0.171033 0.00514188 0.0 0.839483 0.0 0.0 0.0 8.04663e-07 0.00271142 0.0 0.0 0.0
0.0 0.0 0.0 0.0 0.0 0.0 0.0 0.0 0.0 0.0 0.0 0.0 0.0 0.0 0.0 0.0 0.0 0.0 0.0 0.0 0.0 0.0 0.0 0.0 0.0 0.0 0.0 0.0 0.0 0.0 0.0 0.0 0.0 0.0 0.0 0.0 0.0 0.0 0.0 0.0 0.0 0.0 0.0 0.0 0.0 0.0 0.0 0.0 0.0 0.0 0.0 0.0 0.0 0.0 0.999999 0.0 0.0 0.0 0.0 0.0 0.0 0.0 0.0 0.0
0.0 0.0 0.0 0.0 0.0 0.0 0.0 0.0 0.147548 5.126e-06 2.26796e-05 2.23517e-06 0.0 0.0 0.0 0.0 2.98023e-08 0.0 0.998463 0.0 0.0 0.023988 0.0 0.00023669 0.0 0.0 0.000214458 0.0 4.70877e-06 0.318831 0.0 0.0 0.472041 0.0 0.0 0.0 0.0 0.0 0.0 0.0 0.0088906 0.868785 0.0 0.0 0.0 0.000174165 0.0 0.0 0.0 9.53674e-07 0.127827 0.0 0.907866 0.0127903 0.0 0.978093 0.0 0.0 8.9407e-08 0.984987 0.829496 0.0 0.0 1.78814e-07
0.0 0.0 0.0 0.0 0.0 0.0 0.0 0.0 0.00886512 2.86102e-06 4.04418e-05 0.0 0.0 0.0 0.0 0.0 5.96046e-08 0.0 0.987116 0.0 0.0 0.994968 0.0 0.00025773 0.0 0.0 0.0295409 0.0 0.046231 0.958215 4.98593e-05 0.0 0.998806 0.0 0.0 0.0 0.0 0.0 0.0 0.0 0.00118291 0.543496 0.0 0.0 0.0 0.000403881 2.38419e-07 0.0 0.0 2.26498e-06 0.0189031 0.0 0.991924 0.00387177 0.0 0.997748 0.0 0.0 0.0 0.295049 0.947252 0.0 0.0 5.26011e-05
0.0 0.0 0.999241 0.0 1.01328e-06 0.0 0.0 0.0 0.0 0.0 0.0 0.0 0.0 0.0 0.0 0.0 0.0 0.0 0.0 0.0 0.0 0.0 7.15256e-07 0.0 0.0 0.0 0.0 0.0 0.0 0.0 0.0 8.9407e-08 0.0 0.0 0.0 0.0 1.01328e-06 0.0 0.0 0.0 0.0 0.0 2.65241e-06 0.0 0.0 0.0 0.0 0.0 0.0 0.0 0.0 0.0 0.0 0.0 0.0 0.0 0.0 0.0 0.0 0.0 0.0 0.0 0.0 0.0
0.0 0.0 0.0 0.0 0.0 0.0247054 0.0 0.0 0.0 0.0 0.0 0.0 0.0 0.0 0.0 0.0 0.0 0.0 0.0 0.0 0.0 0.0 0.0 0.0 0.0 0.0 0.0 0.0 0.0 0.0 0.0 0.0 0.0 0.0 0.0 0.0 0.0 0.0 0.0 0.0 0.0 0.0 0.0 0.0 0.0 0.0 0.0 0.99982 0.0 0.0 0.0 0.0 0.0 0.0 0.0 0.0 0.0 0.0 0.0 0.0 0.0 0.0 0.0 0.0
0.0 0.0 0.0 0.0 0.0 0.0 0.0 0.0 4.93526e-05 8.9407e-08 0.0 4.19021e-05 0.0 0.0 0.0 0.0 0.0 0.0 5.48363e-06 0.0 0.0 0.0 0.0 7.42078e-06 0.0 0.0 0.0 0.0 0.0 0.0 0.0 0.0 0.0 0.0 0.0 0.0 0.0 0.0 0.0 0.0 4.92036e-05 8.9407e-08 0.0 0.0 0.99992 0.0 0.0 0.0 0.0 5.65052e-05 7.7486e-07 0.0 0.0 1.82092e-05 0.0 8.9407e-08 0.0 0.0 1.57952e-06 0.0 0.0 0.0 0.0 0.0
0.0 0.0 0.0 0.0 0.0 0.0 0.0 0.0 0.0 0.0 0.0 0.0 0.0 0.0 0.0 0.0 0.0 0.0 0.0 0.0 0.0 0.0 0.0 0.0 0.999876 0.0 0.0 0.0 0.0 0.0 0.0 0.0 0.0 0.0 0.0 0.0 0.0 4.08292e-06 1.19209e-07 0.0 0.0 0.0 0.0 0.0 0.0 0.0 0.0 0.0 0.0 0.0 0.0 0.0 0.0 0.0 0.0 0.0 0.0 0.0 0.0 0.0 0.0 0.0 0.0 0.0
0.0 0.0 0.0 0.0 0.0 0.0 0.0 0.0 0.0 0.0 0.0 0.0 0.0 0.0 0.0 0.0 0.0 0.0 0.0 0.0 0.0 0.0 0.0 0.0 0.0 0.0 0.0 0.0 0.0 0.0 0.0 0.0 0.0 0.0 0.0 0.0 0.0 0.0 0.0 0.0 0.0 0.0 0.0 0.0 0.0 0.0 0.0 0.0 0.999992 0.0 0.0 0.0 0.0 0.0 0.0 0.0 0.0 0.0 0.0 0.0 0.0 0.0 0.0 0.0
0.0 0.0 0.0 0.0 0.0 0.0 0.0 0.0 0.0438395 6.06477e-05 0.000270903 2.68221e-07 0.0 0.0 0.0 0.0 7.7486e-07 0.0 0.97222 0.0 0.0 0.997509 0.0 0.000570774 0.0 0.0 0.0240961 0.0 0.00159779 0.993775 2.66135e-05 0.0 0.935385 0.0 0.0 0.0 0.0 0.0 0.0 0.0 0.0216926 0.611566 0.0 0.0 8.9407e-08 0.000590175 0.0 0.0 0.0 2.563e-06 0.109377 0.0 0.999054 0.0289494 0.0 0.98804 0.0 0.0 5.96046e-08 0.0615664 0.956285 0.0 0.0 1.93715e-06
0.0 0.0 0.0 0.0 0.0 0.0 0.0 0.0 0.0324204 6.94394e-06 0.000143677 0.00363031 0.0 0.0 0.0 0.0 0.0 0.0 0.998021 0.0 0.0 0.348085 0.0 0.20262 0.0 0.0 0.000153065 0.0 0.0 0.121395 0.0 0.0 0.0511979 0.0 0.0 0.0 0.0 0.0 0.0 0.0 0.985531 0.439217 0.0 0.0 1.20699e-05 0.0167327 0.0 0.0 0.0 0.000266194 0.998561 0.0 0.184982 0.769769 0.0 0.738705 0.0 0.0 7.96616e-05 0.300601 0.379712 0.0 0.0 0.0
0.0 0.0 0.0 0.0 0.0 0.0 0.0 0.0 0.0 0.0 0.0 0.0 0.0 0.0 0.0 0.0 0.0 0.0 0.000186026 0.0 0.0 0.0165979 0.0 0.0 0.0 0.0 0.0 0.0 0.0248073 6.26147e-05 0.0 0.0 0.000298351 0.0 0.0 0.0 0.0 0.0 0.0 0.0 0.0 6.58631e-06 0.0 0.0 0.0 0.0 0.0 0.0 0.0 0.0 0.0 0.0 0.0638187 0.0 0.0 1.87755e-06 0.0 0.0 0.0 4.91738e-06 2.13087e-05 0.0 0.0 0.01452
0.0 0.0 0.0 0.0 0.0 0.0 0.0 0.0 7.39098e-06 0.0 0.0 0.988499 0.0 0.0 0.0 0.0 0.0 0.0 7.09295e-05 0.0 0.0 2.08616e-07 0.0 0.000114828 0.0 0.0 0.0 0.0 0.0 2.98023e-08 0.0 0.0 0.0 0.0 0.0 0.0 0.0 0.0 0.0 0.0 0.00939623 2.92063e-06 0.0 0.0 0.000310361 8.9407e-08 0.0 0.0 0.0 1.57952e-06 0.000554025 0.0 4.17233e-07 1.98483e-05 0.0 2.08616e-07 0.0 0.0 4.47035e-07 5.96046e-08 0.0 0.0 0.0 0.0
0.0 0.0 0.0 0.0 0.0 0.00220448 0.0 0.0 0.0 0.0 0.0 0.0 0.0 0.0 0.0 0.997359 0.0 0.0 0.0 0.0 0.0 0.0 0.0 0.0 0.0 5.66244e-05 0.0 0.0 0.0 0.0 0.0 0.0 0.0 0.0 0.0 0.0 0.0 0.0 0.0 0.0 0.0 0.0 0.0 0.0 0.0 0.0 0.0 0.0 0.0 0.0 0.0 0.00262782 0.0 0.0 0.0 0.0 0.0 0.0 0.0 0.0 0.0 0.0 0.0 0.0
0.0 0.0 0.0 0.0 0.0 0.0 0.0 0.0 0.00880682 0.0831338 0.994298 0.0 0.00619301 0.0 0.0 0.0 0.0 0.0 0.000114739 0.0 0.0 2.10404e-05 0.0 1.2517e-06 0.0 0.0 0.0837891 0.0 0.0 2.65241e-06 0.0949135 0.0 1.37091e-06 0.0 0.0 0.0 0.0 0.0 0.0 0.0 1.56462e-05 9.26852e-06 0.0 0.0 0.0 0.0 0.16985 0.0 0.0 1.4931e-05 1.04308e-06 0.0 8.22842e-05 0.00591809 0.0 0.108091 0.0 0.0 0.0 8.9407e-08 3.18885e-06 0.0 0.0 0.0
0.0 0.0 0.0 0.0 0.0 0.0 0.0 0.0 0.0 0.0 0.0 0.0 0.0 0.0 0.0 0.0 8.9407e-08 0.0 0.00148261 0.0 0.0 0.220985 0.0 0.0 0.0 0.0 0.0 0.0 0.408837 0.00326744 0.0 0.0 0.00565666 0.0 0.0 0.0 0.0 0.0 0.0 0.0 0.0 0.000101984 0.0 0.0 0.0 0.0 0.0 0.0 0.0 0.0 0.0 0.0 0.254725 0.0 0.0 3.14415e-05 0.0 0.0 0.0 0.000106663 0.00111619 0.0 0.0 0.702724
0.0 0.0 0.0 0.0 0.0 0.0 0.0 0.0 0.0 0.0 0.0 0.0 0.0 0.0 0.0 0.0 0.0 0.0 0.0 0.0 0.0 0.0 0.0 0.0 0.0 0.0 0.0 0.0 0.0 0.0 0.0 0.0 0.0 0.0 0.0 0.0 0.0 0.0 0.0 0.999822 0.0 0.0 0.0 0.0 0.0 0.0 0.0 0.0 0.0 0.0 0.0 0.0 0.0 0.0 0.0 0.0 0.0 0.0 0.0 0.0 0.0 0.0 0.0 0.0
0.0 0.0 0.0 0.0 0.0 2.08616e-07 0.0 0.0 0.0 0.0 0.0 0.0 0.0 0.0 0.000246733 0.0 0.0 0.0 0.0 0.0 0.0 0.0 0.0 0.0 0.0 0.0 0.0 0.0 0.0 0.0 0.0 0.0 0.0 0.0 0.0 0.0 0.0 0.0 0.0 0.0 0.0 0.0 0.0 0.0 0.0 0.0 0.0 0.0 0.0 0.0 0.0 0.0 0.0 0.0 0.0 0.0 0.0 0.999895 0.0 0.0 0.0 1.19209e-07 0.0 0.0
0.0 0.0 2.20537e-06 0.0 0.0 0.0 0.0 0.0 0.0 0.0 0.0 0.0 0.0 8.9407e-08 0.0 0.0 0.0 0.0 0.0 0.0 0.0 0.0 0.999998 0.0 0.0 0.0 0.0 0.0 0.0 0.0 0.0 0.0 0.0 0.0 0.0 0.0 0.0 0.0 0.0 0.0 0.0 0.0 1.19209e-06 2.08616e-07 0.0 0.0 0.0 0.0 0.0 0.0 0.0 0.0 0.0 0.0 0.0 0.0 0.0 0.0 0.0 0.0 0.0 0.0 0.0 0.0
0.0 0.0 0.0 0.0 0.0 0.000218123 1.49012e-07 0.0 0.0 0.0 0.0 0.0 0.0 0.0 0.0 0.0020476 0.0 0.0 0.0 2.98023e-08 0.0 0.0 0.0 0.0 0.0 0.00029555 0.0 8.49366e-06 0.0 0.0 0.0 0.0 0.0 0.0 0.0 0.0 0.0 0.0 0.0 0.0 0.0 0.0 0.0 0.0 0.0 0.0 0.0 0.0 0.0 0.0 0.0 1.0 0.0 0.0 0.0 0.0 0.0 0.0 0.0 0.0 0.0 0.0 0.0 0.0
0.0 0.0 0.0 1.44839e-05 0.0 0.0 0.0 0.0 0.0 0.0 0.0 0.0 0.0 0.0 0.0 0.0 0.0 0.983008 0.0 0.0 0.0 0.0 0.0 0.0 0.0 0.0 0.0 0.0 0.0 0.0 0.0 0.0 0.0 2.98023e-08 0.0 0.0 0.0 0.0 0.0 0.0 0.0 0.0 0.0 0.0 0.0 0.0 0.0 0.0 0.0 0.0 0.0 0.0 0.0 0.0 0.0 0.0 0.0 0.0 0.0 0.0 0.0 0.0 0.0 0.0
0.0 0.0 0.0 0.0 0.0 0.0 0.0 0.0 2.98023e-08 0.0 0.0 0.0 0.0 0.0 0.0 0.0 5.96046e-07 0.0 0.0186175 0.0 0.0 0.841566 0.0 0.0 0.0 0.0 2.08616e-07 0.0 0.241041 0.0754664 0.0 0.0 0.114632 0.0 0.0 0.0 0.0 0.0 0.0 0.0 0.0 0.00811663 0.0 0.0 0.0 1.19209e-07 0.0 0.0 0.0 0.0 2.38419e-07 0.0 0.93613 0.0 0.0 0.000775814 0.0 0.0 0.0 0.000521451 0.0077633 0.0 0.0 0.00473872
0.0 0.0 0.0 0.0 0.0 0.0 0.0 0.0 0.0 0.0 0.0 0.0 0.0 0.0 0.0 0.0 0.0 0.0 0.0 0.0 0.0 0.0 0.0 0.0 0.0 0.0 0.0 0.0 0.0 0.0 0.0 0.0 0.0 0.0 0.000121623 0.999881 0.0 0.0 0.0 0.0 0.0 0.0 0.0 0.998959 0.0 0.0 0.0 0.0 0.0 0.0 0.0 0.0 0.0 0.0 0.0 0.0 3.31104e-05 0.0 0.0 0.0 0.0 0.0 0.0 0.0
0.0 0.0 0.0 0.0 0.0 0.0 0.0 0.0 9.53674e-07 0.0 0.0 0.0 0.0 0.0 0.0 0.0 2.14577e-06 0.0 0.754917 0.0 0.0 0.995486 0.0 2.98023e-08 0.0 0.0 7.39098e-06 0.0 0.413812 0.768431 1.78814e-07 0.0 0.22997 0.0 0.0 0.0 0.0 0.0 0.0 0.0 2.98023e-08 0.215652 0.0 0.0 0.0 8.52346e-06 0.0 0.0 0.0 0.0 1.05202e-05 0.0 0.981342 1.78814e-07 0.0 0.021427 0.0 0.0 0.0 0.0999022 0.482301 0.0 0.0 0.130045
0.0 0.0 0.0 0.0 0.0 0.0 0.0 0.999998 0.0 0.0 0.0 0.0 0.0 0.0 0.0 0.0 0.0 0.0 0.0 0.0 0.0 0.0 0.0 0.0 0.0 0.0 0.0 0.0 0.0 0.0 0.0 0.0 0.0 0.0 0.0 0.0 0.0 0.0 0.0 0.0 0.0 0.0 0.0 0.0 0.0 0.0 0.0 0.0 0.0 0.0 0.0 0.0 0.0 0.0 0.0 0.0 0.0 0.0 0.0 0.0 0.0 0.0 0.0 0.0
0.0 0.0 0.0 0.0 0.0 0.0 0.0 0.0 0.0 0.0 0.0 0.0 0.0 0.0 1.49012e-07 0.0 0.0 0.0 0.0 0.0 0.0 0.0 0.0 0.0 0.0 0.0 0.0 0.0 0.0 0.0 0.0 0.0 0.0 0.0 0.0 0.0 0.0 0.0 0.0 0.0 0.0 0.0 0.0 0.0 0.0 0.0 0.0 0.0 0.0 0.0 0.0 0.0 0.0 0.0 0.0 0.0 0.0 0.0 0.0 0.0 0.0 0.998891 0.0 0.0
0.0 2.68221e-07 0.0 0.0 0.0 0.0 0.0 0.0 0.0 0.0 0.0 0.0 0.0 5.42402e-06 0.0 0.0 0.0 0.0 0.0 0.0 0.0 0.0 0.0 0.0 0.0 0.0 0.0 0.0 0.0 0.0 0.0 0.0 0.0 0.0 0.179018 8.9407e-08 0.0 0.0 0.0 0.0 0.0 0.0 0.0 0.506128 0.0 0.0 0.0 0.0 0.0 0.0 0.0 0.0 0.0 0.0 0.0 0.0 0.002529 0.0 0.0 0.0 0.0 0.0 0.999994 0.0
0.998663 0.0 0.0 0.0 0.0 0.0 0.0 0.0 0.0 0.0 0.0 0.0 0.0 0.0 0.0 0.0 0.0 0.0 0.0 0.0 0.0 0.0 0.0 0.0 0.0 0.0 0.0 0.0 0.0 0.0 0.0 0.0 0.0 0.0 0.0 0.0 0.0 0.0 0.0 0.0 0.0 0.0 0.0 0.0 0.0 0.0 0.0 0.0 0.0 0.0 0.0 0.0 0.0 0.0 0.0 0.0 0.0 0.0 0.0 0.0 0.0 0.0 0.0 0.0
0.0 0.0 0.0 0.0 0.0 0.0 0.0 0.0 0.0 0.0 0.0 0.0 0.0 0.0 0.0 0.0 0.0 0.0 0.0 0.0 0.0 0.0 0.0 0.0 0.0 0.0 0.0 0.0 0.0 0.0 0.0 0.0 0.0 0.999999 0.0 0.0 0.0 0.0 0.0 0.0 0.0 0.0 0.0 0.0 0.0 0.0 0.0 0.0 0.0 0.0 0.0 0.0 0.0 0.0 0.0 0.0 0.0 0.0 0.0 0.0 0.0 0.0 0.0 0.0
0.0 0.0 0.0 0.0 0.0 0.0 0.0 0.0 5.1558e-06 0.0 2.68221e-07 3.27826e-07 0.0 0.0 0.0 0.0 0.0 0.0 0.117496 0.0 0.0 0.333311 0.0 6.83069e-05 0.0 0.0 4.52697e-05 0.0 6.85453e-07 0.0178539 0.0 0.0 0.00217372 0.0 0.0 0.0 0.0 0.0 0.0 0.0 0.0123384 0.000575572 0.0 0.0 0.0 0.998272 0.0 0.0 0.0 0.0 0.157627 0.0 0.105434 9.49204e-05 0.0 0.0232302 0.0 0.0 0.00154868 0.000234306 0.167947 0.0 0.0 0.0
0.0 0.0 0.0 0.0 0.0 0.0 0.0 0.0 0.0 0.0 0.0 0.0 0.0 0.0 0.0 0.0 1.19209e-07 0.0 0.0251358 0.0 0.0 0.468745 0.0 0.0 0.0 0.0 2.38419e-07 0.0 0.0305896 0.0997081 0.0 0.0 0.0671072 0.0 0.0 0.0 0.0 0.0 0.0 0.0 0.0 0.00747693 0.0 0.0 0.0 1.19209e-07 0.0 0.0 0.0 0.0 2.08616e-07 0.0 0.96508 0.0 0.0 0.00200993 0.0 0.0 0.0 0.00157157 0.00632679 0.0 0.0 0.000207335
0.0 0.0 0.0 0.0 0.0 0.0 0.0 0.0 0.0 0.0 0.0 0.0 0.0 0.0 0.0 0.000101805 0.0 0.0 0.0 2.14279e-05 0.0 0.0 0.0 0.0 0.0 0.998765 0.0 0.0 0.0 0.0 0.0 0.0 0.0 0.0 0.0 0.0 0.0 0.0 0.0 0.0 0.0 0.0 0.0 0.0 0.0 0.0 0.0 0.0 0.0 0.0 0.0 2.68221e-06 0.0 0.0 0.0 0.0 0.0 0.0 0.0 0.0 0.0 0.0 0.0 0.0
0.0 0.995958 0.0 0.0 0.0 0.0 0.0 0.0 0.0 0.0 0.0 0.0 0.0 8.9407e-08 0.0 0.0 0.0 0.0 0.0 0.0 0.0 0.0 0.0 0.0 0.0 0.0 0.0 0.0 0.0 0.0 0.0 0.0 0.0 0.0 0.0 0.0 0.0 0.0 0.0 0.0 0.0 0.0 0.0 0.0 0.0 0.0 0.0 0.0 0.0 0.0 0.0 0.0 0.0 0.0 0.0 0.0 0.0 0.0 0.0 0.0 0.0 0.0 5.96046e-07 0.0
0.0 0.0 0.0 0.0 1.19209e-07 0.0 0.0 0.0 0.000587106 0.000753462 5.33462e-06 0.0 0.999926 0.0 0.0 0.0 0.0 0.0 0.0 0.0 0.0 0.0 0.0 0.0 0.0 0.0 2.98023e-08 0.0 0.0 0.0 0.0 0.0 0.0 0.0 0.0 0.0 0.0 0.0 0.0 0.0 0.0 0.0 0.0 0.0 0.0 0.0 7.7486e-07 0.0 0.0 0.0 0.0 0.0 0.0 0.0 0.0 0.0 0.0 0.0 0.0 0.0 0.0 0.0 0.0 0.0
0.0 0.0 0.0 0.0 0.0 0.0 0.0 0.0 0.0 0.0 0.0 0.0 0.0 0.0 0.0 0.0 0.0 0.0 0.0 0.0 0.0 0.0 0.0 0.0 0.0 0.0 0.0 0.0 0.0 0.0 0.0 6.34789e-06 0.0 0.0 0.0 2.08616e-07 0.0 0.0 0.0 0.0 0.0 0.0 0.0 0.0 0.0 0.0 0.0 0.0 0.0 0.0 0.0 0.0 0.0 0.0 0.0 4.17233e-07 0.0 0.0 0.0 0.0 0.0 0.0 0.999622 0.0
0.0 0.0 0.0 0.0 0.0 0.0 0.0 0.0 0.0 0.0 0.0 0.946505 0.0 0.0 0.0 0.0 0.0 0.641719 2.64049e-05 0.0 2.35438e-06 0.0 0.0 0.0 8.85725e-05 0.0 0.0 0.0 0.0 0.0 0.0 0.0 0.0 0.0 0.0 0.0 0.0 0.0 0.0 0.0 0.0346768 0.000444591 0.0 0.0 0.0 0.0 0.0 0.0 0.0 0.0 0.999911 0.0 0.0 0.0 0.0 0.0 0.0 0.0 0.0 0.0 0.0 0.0 0.0 0.0
0.0 0.0 0.0 0.0 0.0 0.0 0.0 0.0 0.0 0.0 0.000740439 0.0 5.17964e-05 0.0 0.0 8.64267e-07 0.0 0.0 0.0 0.0 0.0 0.0 0.0 0.0 0.0 0.0 0.0 0.0 0.0 0.0 0.0553009 0.0 0.0 0.0 0.0 0.0 0.0 0.0 0.0 0.0 0.0 0.0 0.0 0.0 0.0 0.0 0.0 0.0 0.0 8.9407e-08 0.0 0.0 0.0 0.0 0.0 0.0 0.0 5.90086e-06 0.0 0.0 0.0 0.0 0.0 0.999099
0.0 0.0 0.0 0.0 0.0 0.0 0.0 0.0 0.0 0.0 0.0 0.0 1.60933e-06 0.0 0.0 3.9041e-06 0.0 0.0 0.0 0.999627 0.0 5.57005e-05 0.0 0.0 0.0 9.86159e-05 0.0 0.0 0.0256062 0.0 1.19209e-07 0.0 0.0 0.0 0.0 0.0 0.0 0.0 0.0 0.0 0.0 0.0 0.0 0.0 0.0 0.0 0.0 0.0 0.0 0.0 0.0 0.0 0.0 0.0 0.0 0.0 0.0 0.000370353 0.0 0.0 0.0 0.0 0.0 0.0
0.0 0.0 0.0 0.0 0.0 0.0 0.0 0.0 3.51667e-06 0.0 0.0 0.0 0.0 0.0 0.0 0.0 0.0 0.0 0.0 0.0 0.0 0.000176311 0.0 0.00155136 0.0 0.0 0.0 0.992581 1.60933e-05 5.99027e-06 0.0 0.0 8.9407e-08 0.0 0.0 0.0 0.0 0.0 0.0 0.0 0.0 0.0 0.0 0.0 0.0 0.0 0.0 0.0 0.0 0.0 0.0 1.19209e-07 0.0 1.19209e-07 0.0 0.0 0.0 0.0 0.0 2.98023e-07 2.08616e-07 0.0 0.0 0.0
0.0 2.98023e-08 9.53674e-07 0.0 0.0 3.95477e-05 0.0 0.0 0.0 0.0 0.0 0.0 0.0 0.414128 9.24766e-05 0.0 0.0 0.0 0.0 0.0 0.0 0.0 0.0 0.0 0.0 0.0 0.0 0.0 0.0 0.0 0.0 0.0 0.0 0.0 0.0 0.000304788 0.0 0.0 0.0 0.0 0.0 0.0 0.0 0.999947 0.0 0.0 0.0 0.00122246 0.0 0.0 0.0 0.0 0.0 0.0 0.0 0.0 0.0 0.0 0.0 0.0 0.0 0.0619009 0.0 0.0
0.0 0.0 0.0 0.0 0.0 0.0 0.0 0.0 0.0 0.0 0.0 0.0 0.0 0.0 0.0 4.52995e-06 0.0 0.0 0.0 5.24521e-06 0.0 0.0 0.0 0.0 0.0 2.16067e-05 0.0 0.0 0.0 0.0 2.02656e-06 0.0 0.0 0.0 0.0 0.0 0.0 0.0 0.0 0.0 0.0 0.0 0.0 0.0 0.0 0.0 0.0 0.0 0.0 0.0 0.0 0.0 0.0 0.0 0.0 0.0 0.0 0.99867 0.0 0.0 0.0 0.0 0.0 3.8743e-07
0.0 0.0 0.0 0.0 0.0 0.0 0.0 0.0 0.0 0.0 0.0 0.0 0.0 0.0 0.0 0.0 0.0 0.0 0.0 0.0 0.0 0.0 0.000270963 0.0 0.0 0.0 0.0 0.0 0.0 0.0 0.0 0.0 0.0 0.0 0.0 0.0 0.0 0.0 0.0 0.747483 0.0 0.0 0.0 0.0 0.0 0.0 0.0 0.0 0.0 0.0 0.0 0.0 0.0 0.0 0.0 0.0 0.0 0.0 0.0 0.0 0.0 0.0 0.0 0.0
0.0 0.0 0.0 1.7643e-05 2.38419e-07 0.0 0.0 0.0 0.0 0.0 0.0 0.324965 0.0 0.0 0.0 0.0 0.000112057 0.610648 0.398098 0.0 0.313891 0.0 0.0 0.0 0.90337 0.0 0.0 0.0 0.0 0.0 0.0 0.0 8.2016e-05 0.0 0.0 0.0 1.49012e-07 0.0 0.0 0.0 0.999816 0.885733 0.0 0.0 0.0 0.000216216 0.0 0.0 0.0 0.0 0.732212 0.0 0.0 4.92632e-05 0.0 0.0 0.0 0.0 5.30779e-05 9.53674e-06 2.98023e-08 0.0 0.0 0.0
0.0 0.0 0.0 8.9407e-08 0.0 0.0 0.0 0.0 0.0 0.0 0.0 0.938833 0.0 0.0 0.0 0.0 2.08616e-07 0.950621 0.00832024 0.0 0.00113374 0.0 0.0 0.0 0.0330298 0.0 0.0 0.0 0.0 0.0 0.0 0.0 1.49012e-07 0.0 0.0 0.0 0.0 0.0 0.0 0.0 0.880137 0.047628 0.0 0.0 0.0 1.78814e-06 0.0 0.0 0.0 0.0 0.998137 0.0 0.0 2.08616e-07 0.0 0.0 0.0 0.0 5.96046e-08 0.0 0.0 0.0 0.0 0.0
0.0 0.0 0.0 3.95775e-05 0.0 0.0 0.0 0.0 0.000467628 0.0 0.0 0.0 0.0 0.0 0.0 0.0 0.0 0.0 0.0 0.0 0.0 0.421676 0.0 0.999901 0.0 2.08616e-07 2.68221e-07 0.000938654 0.000961185 0.0702691 0.0 0.0 6.76811e-05 0.0 0.0 0.0 0.0 0.0 0.0 0.0 0.0 0.0 0.0 0.0 0.0 0.0 0.0 0.0 0.0 1.0401e-05 0.0 2.11895e-05 0.0 6.73234e-05 0.0 0.0 0.0 0.0 3.57628e-07 0.000193983 0.00193188 0.0 0.0 0.0
0.0 0.0 0.0 4.33922e-05 0.000414699 0.0 0.0 0.0 0.0 0.0 0.0 0.0 0.0 0.0 0.0 0.0 0.0 0.0 0.0 0.0 0.0 0.0 0.0 0.0 1.19209e-07 0.0 0.0 0.0 0.0 0.0 0.0 0.0 0.0 0.0 0.0 0.0 0.995388 0.0 0.0 0.0 5.36144e-05 2.83122e-06 0.0 0.0 0.0 0.0 0.0 0.0 0.0 0.0 0.0 0.0 0.0 0.0 0.0 0.0 0.0 0.0 1.19209e-07 0.0 0.0 0.0 0.0 0.0
0.0 0.0 0.0 0.992073 0.0103624 0.0 0.0 0.0 0.000556201 0.0 0.0 0.0 0.0 0.0 0.0 0.0 0.000948101 0.0 0.00752831 0.0 0.239987 0.0 0.0 8.52346e-06 0.000451893 0.0 0.000190526 0.0 0.0 0.644731 0.0 0.0 0.991154 0.0 0.0 0.0 0.0 0.0 0.0 0.0 0.335768 0.274703 0.0 0.0 0.0 0.00250784 0.0 0.0 0.0 0.0 0.0 8.13603e-06 0.0 0.982427 0.0 0.0 0.0 0.0 0.999513 0.962234 0.466869 0.0 0.0 0.0
0.0 0.0 0.0 0.0 0.0 0.0 0.0 0.0 0.0 0.0 0.0 0.994421 0.0 0.0 0.0 0.0 0.0 0.982803 9.47118e-05 0.0 3.72529e-06 0.0 0.0 0.0 0.00021717 0.0 0.0 0.0 0.0 0.0 0.0 0.0 0.0 0.0 0.0 0.0 0.0 0.0 0.0 0.0 0.0787055 0.00058639 0.0 0.0 0.0 5.96046e-08 0.0 0.0 0.0 0.0 0.999993 0.0 0.0 0.0 0.0 0.0 0.0 0.0 0.0 0.0 0.0 0.0 0.0 0.0
0.0 8.9407e-08 0.0289171 0.0 0.0 0.995061 0.0 0.0 0.0 0.0 0.0 0.0 0.0 0.0 0.0 0.0 0.0 0.0 0.0 0.0 0.0 0.0 0.0 0.0 0.0 0.0 0.0 0.0 0.0 0.0 0.0 0.0 0.0 0.0 0.000297904 0.0 0.0 0.0 0.0 0.0 0.0 0.0 0.0 2.96533e-05 0.0 0.0 0.0 0.097092 0.0 0.0 0.0 0.0 0.0 0.0 0.0 0.0 0.0 0.0 0.0 0.0 0.0 1.75834e-06 0.0 0.0
0.0 7.15256e-07 0.000935405 0.0 0.0 0.00978249 0.0 0.0 0.0 0.0 0.0 0.0 0.0 0.534636 0.106939 0.0 0.0 0.0 0.0 0.0 0.0 0.0 0.0 0.0 0.0 0.0 0.0 0.0 0.0 0.0 0.0 0.0 0.0 0.0 1.63913e-06 0.998475 0.0 0.0 0.0 0.0 0.0 0.0 0.0 0.118901 0.0 0.0 0.0 0.00502315 0.0 0.0 0.0 0.0 0.0 0.0 0.0 0.0 0.0 0.0 0.0 0.0 0.0 0.999937 0.0 0.0
0.0 0.0 0.0 0.0 0.0 0.0 0.0 0.0 2.77162e-06 0.0 0.0 0.0 6.25849e-07 0.0 0.0 0.0 0.0 0.0 0.0 0.0 0.0 2.79844e-05 0.0 2.98023e-08 0.0 0.0 0.0 0.0 3.57628e-07 4.31836e-05 2.38419e-07 0.0 5.96046e-08 0.0 0.0 0.0 0.0 0.0109502 0.0 0.0 0.0 0.0 0.0 0.0 0.999981 0.0 0.0 0.0 0.0 0.826616 0.0 0.0 0.0 0.0 0.0 0.0 0.0 0.0 0.0 0.0 4.85778e-06 0.0 0.0 1.19209e-07
0.0 1.78814e-07 0.214558 0.0 0.0 1.96695e-05 0.0 0.0 0.0 0.0 0.0 0.0 0.0 0.0 3.8743e-07 0.0 0.0 0.0 0.0 0.0 0.0 0.0 0.0 0.0 0.0 0.0 0.0 0.0 0.0 0.0 0.0 0.00371239 0.0 0.0 1.24276e-05 0.00012356 0.0 0.0 0.0 0.0 0.0 0.0 0.0 1.59442e-05 0.0 0.0 0.0 0.000305325 0.0 0.0 0.0 0.0 0.0 0.0 0.0 0.0 9.62615e-06 0.0 0.0 0.0 0.0 0.0 0.0 0.0
0.0 0.0 0.0 0.0109152 1.19209e-06 0.0 0.0 0.0 0.981319 0.0 0.0 0.0 0.000769615 0.0 0.0 0.000460744 0.0 0.0 0.0 0.0201607 0.0 0.999996 0.0 0.933551 0.0 9.50694e-06 0.00223911 0.212697 0.998801 0.981291 0.0160308 0.0 0.000223488 0.0 0.0 0.0 0.0 0.0 0.0 0.0 0.0 0.0 0.000130951 0.0 0.00112802 1.19209e-06 0.0 0.0 0.0 0.229251 0.0 0.0182389 0.0 0.0307479 0.0 0.0 0.0 1.78814e-07 1.70767e-05 0.0029557 0.352438 0.0 0.0 1.37091e-06
0.0 0.0 0.0 0.000571311 1.10269e-05 0.0 0.0 0.0 1.40071e-05 0.0 0.0 0.0 0.0 0.0 0.0 0.0 0.0 0.0 0.0 0.0 0.0 1.57952e-06 0.0 5.96046e-08 0.0 0.0 0.00061819 0.0 8.9407e-08 0.000505328 0.0 0.0 3.71337e-05 0.0 0.0 0.0 0.0 0.0 0.0 0.0 0.0 0.0 0.979814 0.0 0.0 0.0 0.0 0.0 0.0 0.0 0.0 1.12057e-05 0.0 8.06451e-05 0.0 0.0 0.0 0.0 1.49012e-07 0.000259578 6.85155e-05 0.0 0.0 0.0
0.0 0.0 0.0 0.0 0.0 0.0 0.0 0.99072 0.0 0.0 0.0 0.0 0.0 0.0 0.0 0.0 0.0 0.0 0.0 0.0 0.0 0.0 0.0 0.0 0.0 0.0 0.0 0.0 0.0 0.0 0.0 0.0 0.0 0.0 0.0 0.0 0.0 0.0 0.0 0.0 0.0 0.0 0.0 0.0 0.0 0.0 0.0 0.0 0.0 0.0 0.0 0.0 0.0 0.0 0.0 0.0 0.0 0.0 0.0 0.0 0.0 0.0 0.0 0.0
0.0 0.0 0.0 0.0 0.0 0.0 0.0 0.0 0.0 0.0 0.0 0.0 0.0 2.98023e-08 0.999419 0.0 0.0 0.0 0.0 0.0 0.0 0.0 0.0 0.0 0.0 0.0 0.0 0.0 0.0 0.0 0.0 0.000122368 0.0 0.0 0.0 0.609788 0.0 0.0 0.0 0.0 0.0 0.0 0.0 2.20537e-06 0.0 0.0 0.0 0.0 0.0 0.0 0.0 0.0 0.0 0.0 0.0 1.33216e-05 0.0 0.0 0.0 0.0 0.0 8.9407e-08 0.0 0.0
0.0 0.0 0.0 0.966243 0.100344 0.0 0.0 0.0 0.00609246 0.0 0.0 0.0 0.0 0.0 0.0 0.0 2.08616e-07 0.0 3.8147e-06 0.0 1.40071e-06 0.00293866 0.0 1.49012e-05 0.0 0.0 0.981712 1.19209e-07 3.06964e-06 0.533101 0.0 0.0 0.0918735 0.0 0.0 0.0 0.0 0.0 0.0 0.0 0.0 0.0 0.144818 0.0 0.0 2.38419e-07 0.0 0.0 0.0 0.0 0.0 0.00955933 0.0 0.228655 0.0 0.0 0.0 0.0 0.00156173 0.552571 0.0857403 0.0 0.0 0.0
1.0 0.0 0.0 0.0 0.0 0.0 0.0 0.0 0.0 0.0 0.0 0.0 0.0 0.0 0.0 0.0 0.0 0.0 0.0 0.0 0.0 0.0 0.0 0.0 0.0 0.0 0.0 0.0 0.0 0.0 0.0 0.0 0.0 0.0 0.0 0.0 0.0 0.0 0.0 0.0 0.0 0.0 0.0 0.0 0.0 0.0 0.0 0.0 0.0 0.0 0.0 0.0 0.0 0.0 0.0 0.0 0.0 0.0 0.0 0.0 0.0 0.0 0.0 0.0
0.0 0.0 0.0 0.0 0.0 0.0 0.0 0.0 0.0 0.0 0.0 0.0 0.0 0.0 0.0 0.0 0.0 0.0 0.0 0.0 0.0 0.0 0.0 0.0 0.0 0.0 0.0 0.0 0.0 0.0 0.0 0.0 0.0 0.0 0.0 0.0 0.0 0.0 0.0 0.0 0.0 0.0 0.0 0.0 0.0 0.0 0.0 0.0 0.0 0.0 0.0 0.0 0.0 0.0 0.999568 0.0 0.0 0.0 0.0 0.0 0.0 0.0 2.71201e-06 0.0
5.96046e-08 0.0003061 2.98023e-07 0.0 0.0 0.0274649 0.0 0.0 0.0 0.0 0.0 0.0 0.0 0.00798979 0.0 0.0 0.0 0.0 0.0 0.0 0.0 0.0 0.0 0.0 0.0 0.0 0.0 0.0 0.0 0.0 0.0 0.0 0.0 0.0 2.98023e-08 0.0 0.0 0.0 1.48714e-05 0.0 0.0 0.0 0.0 0.0 0.0 0.0 0.0 0.964411 0.0 0.0 0.0 0.0 0.0 0.0 0.0 0.0 0.0 0.0 0.0 0.0 0.0 1.19209e-07 0.0 0.0
0.0 0.0 0.0 1.2815e-06 1.49012e-07 0.0 0.0 0.0 0.0 0.0 0.0 0.305896 0.0 0.0 0.0 0.0 2.65241e-06 0.294896 0.0495058 0.0 0.015641 0.0 0.0 0.0 0.30299 0.0 0.0 0.0 0.0 0.0 0.0 0.0 2.32458e-06 0.0 0.0 0.0 0.0 0.0 0.0 0.0 0.971815 0.509264 0.0 0.0 0.0 5.66244e-07 0.0 0.0 0.0 0.0 0.649094 0.0 0.0 5.03659e-06 0.0 0.0 0.0 0.0 4.32134e-06 3.57628e-07 0.0 0.0 0.0 0.0
0.0 7.15256e-06 0.0 0.0 0.0 0.0 0.0 0.0 0.0 0.0 0.0 0.0 0.0 0.0 0.0 0.0 0.0 0.0 0.0 0.0 0.0 0.0 0.0 0.0 0.0 0.0 0.0 0.0 0.0 0.0 0.0 0.0 0.0 0.0 0.0 0.0 0.0 0.0 0.999951 0.0 0.0 0.0 0.0 0.0 0.0 0.0 0.0 0.0 0.0 0.0 0.0 0.0 0.0 0.0 0.0 0.0 0.0 0.0 0.0 0.0 0.0 0.0 0.0 0.0
0.0 0.0 0.0 0.0 0.0 0.0 0.0 0.0 0.0 0.0 0.0 0.938165 0.0 0.0 0.0 0.0 0.0 0.84127 0.000218064 0.0 6.09159e-05 0.0 0.0 0.0 0.0010725 0.0 0.0 0.0 0.0 0.0 0.0 0.0 0.0 0.0 0.0 0.0 0.0 0.0 0.0 0.0 0.208368 0.00547802 0.0 0.0 0.0 1.49012e-07 0.0 0.0 0.0 0.0 0.937456 0.0 0.0 8.9407e-08 0.0 0.0 0.0 0.0 0.0 0.0 0.0 0.0 0.0 0.0
0.0 0.0 0.0 0.0171425 2.38419e-07 0.0 0.0 0.0 0.0 0.0 0.0 9.27448e-05 0.0 0.0 0.0 0.0 0.321382 0.0525538 0.993485 0.0 0.99648 0.0 0.0 0.0 0.786593 0.0 0.0 0.0 0.0 7.50721e-05 0.0 0.0 0.0626733 0.0 0.0 0.0 0.0 2.38419e-07 0.0 0.0 0.89468 0.594391 0.0 0.0 0.0 0.975539 0.0 0.0 0.0 0.0 9.26852e-06 0.0 0.0 0.0418774 0.0 0.0 0.0 0.0 0.0205438 0.00852641 0.000283629 0.0 0.0 0.0
0.0 0.0 0.0 5.96046e-08 0.0 0.0 0.0 0.0 0.0 0.0 0.0 0.680827 0.0 0.0 0.0 0.0 1.49012e-07 0.817311 0.00226358 0.0 0.000343382 0.0 0.0 0.0 0.0112359 0.0 0.0 0.0 0.0 0.0 0.0 0.0 2.98023e-08 0.0 0.0 0.0 0.0 0.0 0.0 0.0 0.34424 0.0470378 0.0 0.0 0.0 2.98023e-08 0.0 0.0 0.0 0.0 0.998833 0.0 0.0 1.78814e-07 0.0 0.0 0.0 0.0 0.0 0.0 0.0 0.0 0.0 0.0
0.0 0.0 0.0 0.0 0.0 0.0 0.0 0.0 0.0 0.0 0.00724155 0.0 0.990686 0.0 0.0 0.00151893 0.0 0.0 0.0 0.000172794 0.0 0.0 0.0 0.0 0.0 3.27826e-07 0.0 0.0 2.98023e-06 0.0 0.0389521 0.0 0.0 0.0 0.0 0.0 0.0 0.0 0.0 0.0 0.0 0.0 0.0 0.0 1.78814e-07 0.0 0.0 0.0 0.0 0.0 0.0 0.0 0.0 0.0 0.0 0.0 0.0 4.17233e-07 0.0 0.0 0.0 0.0 0.0 7.7486e-07
0.0 0.0 0.0 0.999165 0.745324 0.0 0.0 0.0 0.498997 0.0 0.0 0.0 0.0 0.0 0.0 0.0 0.306852 0.0 0.988383 0.0 0.976969 0.0001463 0.0 0.000385106 0.0205264 0.0 0.718668 1.01328e-05 8.9407e-08 0.999182 0.0 0.0 0.99997 0.0 0.0 0.0 5.96046e-08 2.98023e-08 0.0 0.0 0.993902 0.762704 7.61449e-05 0.0 0.0 0.272533 0.0 0.0 0.0 5.96046e-08 0.0 0.0129655 0.0 0.999948 0.0 0.0 0.0 0.0 0.989378 0.999987 0.998914 0.0 0.0 0.0
0.0 0.0 0.0 0.993376 0.859507 0.0 0.0 0.0 8.9407e-08 0.0 0.0 0.0 0.0 0.0 0.0 0.0 2.5928e-06 0.0 0.00011766 0.0 0.00343052 0.0 0.0 1.78814e-07 6.33299e-05 0.0 0.00114393 0.0 0.0 9.98378e-06 0.0 0.0 0.0113667 0.0 0.0 0.0 0.00540444 0.0 0.0 0.0 0.00301993 0.0111847 1.78814e-07 0.0 0.0 4.05312e-06 0.0 0.0 0.0 0.0 0.0 6.79493e-06 0.0 0.0129196 0.0 0.0 0.0 0.0 0.174777 0.00549605 4.91738e-06 0.0 0.0 0.0
0.0 0.0 0.0 0.0 0.0 0.0 0.0 0.0 1.65105e-05 0.0 0.0 0.0 2.98023e-08 0.0 0.0 2.38419e-07 0.0 0.0 0.0 0.0014374 0.0 0.38588 0.0 0.000124633 0.0 1.16229e-06 0.0 2.12193e-05 0.999915 5.72205e-06 4.76837e-07 0.0 0.0 0.0 0.0 0.0 0.0 0.0 0.0 0.0 0.0 0.0 0.0 0.0 0.0 0.0 0.0 0.0 0.0 0.0 0.0 0.0 0.0 0.0 0.0 0.0 0.0 0.0 0.0 0.0 5.96046e-08 0.0 0.0 0.0
0.0 0.0 0.0 0.0 0.0 0.0 0.0 0.0 0.0 0.999829 0.0 0.0 0.0 0.0 0.0 0.0 0.0 0.0 0.0 0.0 0.0 0.0 0.0 0.0 0.0 0.0 0.0 0.0 0.0 0.0 0.0 0.0 0.0 0.0 0.0 0.0 0.0 0.0 0.0 0.0 0.0 0.0 0.0 0.0 0.0 0.0 0.0 0.0 2.98023e-08 0.0 0.0 0.0 0.999778 0.0 0.0 0.0 0.0 0.0 0.0 0.0 0.0 0.0 0.0 0.0
0.0 0.0 0.0 0.0 0.0 0.0 0.0 0.0 0.0 0.0 0.0 0.0 0.0 0.0 0.0 2.98023e-08 0.0 0.0 0.0 0.00012067 0.0 0.0 0.0 0.0 0.0 0.999919 0.0 0.0 4.17233e-07 0.0 0.0 0.0 0.0 0.0 0.0 0.0 0.0 0.0 0.0 0.0 0.0 0.0 0.0 0.0 0.0 0.0 0.0 0.0 0.0 0.0 0.0 0.0 0.0 0.0 0.0 0.0 0.0 0.000224441 0.0 0.0 0.0 0.0 0.0 0.0
0.0 0.0 0.0 0.0 0.0 0.0 0.0 0.0 0.0 0.0 0.0 0.0 0.0 5.24521e-06 0.000261933 0.0 0.0 0.0 0.0 0.0 0.0 0.0 0.0 0.0 0.0 0.0 0.0 0.0 0.0 0.0 0.0 0.999997 0.0 0.0 0.0 0.107213 0.0 0.0 0.0 0.0 0.0 0.0 0.0 1.09673e-05 0.0 0.0 0.0 0.0 0.0 0.0 0.0 0.0 0.0 0.0 0.0 9.83477e-07 8.9407e-08 0.0 0.0 0.0 0.0 5.96046e-08 0.000517756 0.0
0.0 1.0 0.0 0.0 0.0 0.0 0.0 0.0 0.0 0.0 0.0 0.0 0.0 2.37525e-05 0.0 0.0 0.0 0.0 0.0 0.0 0.0 0.0 0.0 0.0 0.0 0.0 0.0 0.0 0.0 0.0 0.0 0.0 0.0 0.0 5.99027e-06 0.0 0.0 0.0 0.000997066 0.0 0.0 0.0 0.0 0.0 0.0 0.0 0.0 1.49012e-07 0.0 0.0 0.0 0.0 0.0 0.0 0.0 0.0 0.0 0.0 0.0 0.0 0.0 0.0 0.0 0.0
0.0 0.0 0.0 0.999937 0.965957 0.0 0.0 0.0 0.21483 0.0 0.0 0.0 0.0 0.0 0.0 0.0 0.005878 0.0 0.52606 0.0 0.46892 0.000906706 0.0 0.00246662 0.00148651 0.0 0.93603 2.74181e-05 5.66244e-07 0.995851 0.0 0.0 0.99983 0.0 0.0 0.0 3.21865e-06 0.0 0.0 0.0 0.903393 0.288976 0.000217378 0.0 0.0 0.00150207 0.0 0.0 0.0 0.0 0.0 0.0394234 0.0 0.99966 0.0 0.0 0.0 0.0 0.990326 0.999916 0.982722 0.0 0.0 0.0
0.0 0.0 0.0 0.999876 0.823297 0.0 0.0 0.0 8.29697e-05 0.0 0.0 0.0 0.0 0.0 0.0 0.0 0.0705682 8.04663e-07 0.98017 0.0 0.991882 0.0 0.0 1.78814e-07 0.296865 0.0 0.0605487 0.0 0.0 0.0114452 0.0 0.0 0.993275 0.0 0.0 0.0 0.000519723 0.0 0.0 0.0 0.996782 0.994399 1.78814e-07 0.0 0.0 0.335983 0.0 0.0 0.0 0.0 0.0 0.00109157 0.0 0.998134 0.0 0.0 0.0 0.0 0.992721 0.988551 0.0172161 0.0 0.0 0.0
0.0 0.0 0.0 0.00191554 0.0 0.0 8.64267e-07 0.0 0.0388324 0.0 0.0 0.0 0.0 0.0 0.0 0.0 0.395418 0.0 0.925035 0.0 0.546318 0.00014028 0.0 2.68221e-07 2.60472e-05 0.0 2.89083e-06 0.0 1.19209e-07 0.997786 0.0 0.0 0.607322 0.0 0.0 0.0 0.0 0.0974334 0.0 0.0 0.000446409 1.10269e-06 0.0 0.0 0.000289738 0.993454 0.0 0.0 0.0 2.86698e-05 0.0 2.68221e-07 0.0 0.864057 0.0 0.0 0.0 0.0 0.000700712 0.802774 0.998038 0.0 0.0 0.0
0.0 0.0 0.0 0.0 0.0 0.0 0.0 0.0 0.0 0.0 0.000171602 0.0 0.000131816 0.0 0.0 0.999279 0.0 0.0 0.0 0.000205249 0.0 1.49012e-07 0.0 0.0 0.0 0.000317305 0.0 0.0 2.81334e-05 0.0 0.0344529 0.0 0.0 0.0 0.0 0.0 0.0 0.0 0.0 0.0 0.0 0.0 0.0 0.0 0.0 0.0 0.0 0.0 0.0 0.0 0.0 0.0 0.0 0.0 0.0 0.0 0.0 0.629145 0.0 0.0 0.0 0.0 0.0 1.16229e-06
0.0 6.73532e-06 0.0 0.0 0.0 0.0 0.0 0.0 0.0 0.0 0.0 0.0 0.0 5.36442e-07 1.19209e-06 0.0 0.0 0.0 0.0 0.0 0.0 0.0 0.0 0.0 0.0 0.0 0.0 0.0 0.0 0.0 0.0 2.98023e-08 0.0 0.0 0.0 0.0 0.0 0.0 0.0 0.0 0.0 0.0 0.0 7.15256e-07 0.0 0.0 0.0 0.0 0.0 0.0 0.0 0.0 0.0 0.0 0.0 1.0 0.0 0.0 0.0 0.0 0.0 0.0 0.0 0.0
0.0 0.0 0.0 0.0 0.0 0.0 0.999973 0.0 0.0 0.0 0.0 0.0 0.0 0.0 0.0 0.0 0.0 0.0 0.0 0.0 0.0 0.0 0.0 0.0 0.0 0.0 0.0 0.0 0.0 0.0 0.0 0.0 0.0 0.0 0.0 0.0 0.0 0.0 0.0 0.0 0.0 0.0 0.0 0.0 0.0 1.49012e-07 0.0 0.0 0.0 1.66893e-06 0.0 0.0 0.0 0.0 0.0 0.0 0.0 0.0 0.0 0.0 0.0 0.0 0.0 0.0
0.0 0.0 0.0 5.41806e-05 0.0 0.0 0.0 0.0 4.79519e-05 0.0 0.0 0.0 0.0 0.0 0.0 0.0 0.0 0.0 0.0 0.0 0.0 0.0139491 0.0 1.3411e-06 0.0 0.0 9.23872e-07 0.0 5.66244e-07 0.0307768 0.0 0.0 3.34978e-05 0.0 0.0 0.0 0.0 0.0 0.0 0.0 0.0 0.0 0.0 0.0 0.0 1.57952e-06 0.0 0.0 0.0 1.2815e-05 0.0 0.984628 0.0 0.000197381 0.0 0.0 0.0 0.0 9.53674e-07 0.000164419 0.00313672 0.0 0.0 0.0
0.0 0.0 0.0 0.0 0.0 0.0 0.0 0.0 0.0 0.0 0.0 0.0 0.0 0.0 0.0 0.0 0.0 0.0 0.0 0.0 0.0 0.0 0.0 0.0 0.0 0.0 0.0 0.0 0.0 0.0 0.0 0.0 0.0 0.999992 0.0 0.0 0.0 0.0 0.0 0.0 0.0 0.0 0.0 0.0 0.0 0.0 0.0 0.0 0.0 0.0 0.0 0.0 0.0 0.0 0.0 0.0 0.0 0.0 0.0 0.0 0.0 0.0 0.0 0.0
0.0 2.21431e-05 4.76837e-07 0.0 0.0 0.000601351 0.0 0.0 0.0 0.0 0.0 0.0 0.0 0.999961 1.54972e-06 0.0 0.0 0.0 0.0 0.0 0.0 0.0 0.0 0.0 0.0 0.0 0.0 0.0 0.0 0.0 0.0 0.0 0.0 0.0 1.49012e-07 0.0935552 0.0 0.0 4.35114e-06 0.0 0.0 0.0 0.0 0.0291202 0.0 0.0 0.0 0.000288606 0.0 0.0 0.0 0.0 0.0 0.0 0.0 0.0 0.0 0.0 0.0 0.0 0.0 0.271728 0.0 0.0
0.0 0.0 0.0 0.0 0.0 0.0 0.0 0.0 1.78814e-07 0.0 0.000255436 0.0 0.0298817 0.0 0.0 0.00081265 0.0 0.0 0.0 8.9407e-08 0.0 0.0288487 0.0 3.45707e-06 0.0 0.0 0.0 0.000163853 3.3021e-05 0.0 0.996984 0.0 0.0 0.0 0.0 0.0 0.0 0.0 0.0 0.0 0.0 0.0 0.0 0.0 0.000411749 0.0 0.0 0.0 0.0 0.0133974 0.0 5.96046e-08 0.0 0.0 0.0 0.0 0.0 2.67029e-05 0.0 0.0 0.0 0.0 0.0 0.776753
0.0 0.0 0.0 0.0 0.0 0.0 0.0 0.0 0.0 0.0 8.34465e-07 0.0 0.0 0.0 0.0 0.0 0.0 0.0 0.0 0.0 0.0 0.0 0.0 0.0 0.0 0.0 0.0 2.38419e-07 0.0 0.0 4.17233e-07 0.0 0.0 0.0 0.0 0.0 0.0 0.0 0.0 0.0 0.0 0.0 0.0 0.0 0.0 0.0 0.0 0.0 1.0 0.0 0.0 0.0 8.9407e-08 0.0 0.0 0.0 0.0 0.0 0.0 0.0 0.0 0.0 0.0 1.19209e-07
0.0 0.380008 0.170117 0.0 0.0 4.32134e-06 0.0 0.0 0.0 0.0 0.0 0.0 0.0 1.78814e-07 0.0 0.0 0.0 0.0 0.0 0.0 0.0 0.0 0.0 0.0 0.0 0.0 0.0 0.0 0.0 0.0 0.0 0.0 0.0 0.0 0.999996 1.78814e-07 0.0 0.0 1.78814e-07 0.0 0.0 0.0 0.0 0.0 0.0 0.0 0.0 2.41697e-05 0.0 0.0 0.0 0.0 0.0 0.0 0.0 0.0 1.10269e-06 0.0 0.0 0.0 0.0 0.0 0.0 0.0
0.0 0.0 0.0 0.0 0.0 0.0 0.0 0.0 0.0 0.0 0.0 0.0 0.0 0.0 0.0 0.0 0.0 0.0 0.0 1.19209e-07 0.0 0.0 1.0 0.0 0.0 1.78814e-07 0.0 0.0 0.0 0.0 0.0 0.0 0.0 0.0 0.0 0.0 0.0 0.0 0.0 0.000807732 0.0 0.0 8.9407e-08 0.0 0.0 0.0 0.0 0.0 0.0 0.0 0.0 0.0 0.0 0.0 0.0 0.0 0.0 0.0 0.0 0.0 0.0 0.0 0.0 0.0
0.0 0.0 0.0 0.0378875 1.2517e-06 0.0 0.0 0.0 0.926003 0.0 0.0 0.0 0.0 0.0 0.0 0.0 0.0 0.0 2.08616e-07 0.0 2.98023e-07 0.411104 0.0 0.000466853 0.0 0.0 0.000276178 2.98023e-07 0.000832409 0.903511 0.0 0.0 0.0113181 0.0 0.0 0.0 0.0 0.0 0.0 0.0 2.98023e-08 0.0 0.0 0.0 1.19209e-07 8.1718e-05 0.0 0.0 0.0 9.50694e-06 0.0 1.54972e-06 0.0 0.0474377 0.0 0.0 0.0 0.0 0.00103641 0.0812868 0.435984 0.0 0.0 0.0
0.0 0.0 0.0 0.999302 0.00925297 0.0 0.0 0.0 0.982091 0.0 0.0 0.0 0.0 0.0 0.0 0.0 0.00436631 0.0 0.0222745 0.0 0.0309799 0.22472 0.0 0.00972199 1.78814e-07 0.0 0.613904 1.19209e-06 0.000270337 0.999993 0.0 0.0 0.999495 0.0 0.0 0.0 0.0 3.57628e-07 0.0 0.0 0.000382483 1.59144e-05 0.000475734 0.0 2.98023e-07 0.381791 0.0 0.0 0.0 3.50177e-05 0.0 0.00520104 0.0 0.999638 0.0 0.0 0.0 0.0 0.960292 0.999892 0.999944 0.0 0.0 0.0
0.0 0.0 0.0 0.0 0.0 0.0 0.0 0.0 0.0 0.0 0.0 0.0 0.0 0.0 0.0 0.0 0.0 0.0 0.0 0.0 0.0 0.0 0.0 0.0 0.0 0.0 0.0 0.0 0.0 0.0 0.0 0.0 0.0 0.0 0.0 0.0 0.0 0.0 0.0 0.0 0.0 0.0 0.0 0.0 0.0 0.0 0.999999 0.0 0.0 0.0 0.0 0.0 0.0 0.0 0.0 0.0 0.0 0.0 0.0 0.0 0.0 0.0 0.0 0.0
0.0 0.0 0.0 0.0 0.0 0.0 0.0 0.0 0.0 0.66344 0.0 0.0 0.0 0.0 0.0 0.0 0.0 0.0 0.0 0.0 0.0 0.0 0.0 0.0 0.0 0.0 0.0 0.0 0.0 0.0 0.0 0.0 0.0 0.0 0.0 0.0 0.0 0.0 0.0 0.0 0.0 0.0 0.0 0.0 0.0 0.0 0.0 0.0 0.0 0.0 0.0 0.0 0.999997 0.0 0.0 0.0 0.0 0.0 0.0 0.0 0.0 0.0 0.0 0.0
0.0 0.0 0.0 0.0 0.0 0.0 0.0 0.0 0.0 0.0 0.0 0.446579 0.0 0.0 0.0 0.0 0.0 0.427684 2.98023e-07 0.0 0.0 0.0 0.0 0.0 7.7486e-07 0.0 0.0 0.0 0.0 0.0 0.0 0.0 0.0 0.0 0.0 0.0 0.0 0.0 0.0 0.0 0.00132272 4.05312e-06 0.0 0.0 0.0 0.0 0.0 0.0 0.0 0.0 0.999999 0.0 0.0 0.0 0.0 0.0 0.0 0.0 0.0 0.0 0.0 0.0 0.0 0.0
0.0 0.0 0.0 0.0 0.0 0.0 0.0 0.0 0.0 0.0 0.0 0.0 0.0 0.0 0.0 0.0 0.0 0.0 0.0 0.0 0.0 0.0 0.0 0.0 0.0 0.0 0.0 0.0 0.0 0.0 0.0 0.0 0.0 0.0 0.000360876 5.96046e-08 0.0 0.0 0.0 0.0 0.0 0.0 0.0 0.0 0.0 0.0 0.0 0.0 0.0 0.0 0.0 0.0 0.0 0.0 0.0 0.0 0.999997 0.0 0.0 0.0 0.0 0.0 0.0 0.0
0.0 0.0 0.0 0.0 0.0 0.0 0.0 0.0 0.0 0.0 0.999619 0.0 8.63671e-05 0.0 0.0 0.000108719 0.0 0.0 0.0 0.0 0.0 0.0 0.0 0.0 0.0 0.0 0.0 0.0 0.0 0.0 0.000640363 0.0 0.0 0.0 0.0 0.0 0.0 0.0 0.0 0.0 0.0 0.0 0.0 0.0 0.0 0.0 0.0 0.0 0.0 0.0 0.0 0.0 0.0 0.0 0.0 0.0 0.0 2.57194e-05 0.0 0.0 0.0 0.0 0.0 0.00031817
0.0 0.0 0.0 0.0 0.0 0.0 0.000147969 0.0 1.3411e-06 0.0 0.0 0.0 0.0 0.0 0.0 0.0 0.0 0.0 0.0 0.0 0.0 2.29478e-06 0.0 1.78814e-07 0.0 0.0 0.0 0.0 0.0 0.00166065 0.0 0.0 4.85778e-06 0.0 0.0 0.0 0.0 0.01871 0.0 0.0 0.0 0.0 0.0 0.0 0.126274 8.9407e-08 0.0 0.0 0.0 0.999984 0.0 2.98023e-08 0.0 1.78814e-07 0.0 0.0 0.0 0.0 0.0 5.1856e-06 0.00017482 0.0 0.0 5.96046e-08
0.0 0.0 0.0 0.577334 1.21891e-05 0.0 0.0 0.0 0.995521 0.0 0.0 0.0 0.0 0.0 0.0 0.0 0.00150549 0.0 0.0148162 0.0 0.0129493 0.90931 0.0 0.0270401 1.19209e-07 0.0 0.0274574 1.65999e-05 0.00356448 0.999999 0.0 0.0 0.996481 0.0 0.0 0.0 0.0 1.52588e-05 0.0 0.0 6.75619e-05 2.92063e-06 8.49366e-06 0.0 0.000231057 0.370325 0.0 0.0 0.0 0.0153632 0.0 0.00819957 0.0 0.999264 0.0 0.0 0.0 0.0 0.144583 0.99945 0.999989 0.0 0.0 0.0
0.0 0.0 0.0 0.0 0.0 8.9407e-08 0.0 0.0 0.0 0.0 0.0 0.0 0.0 7.21216e-06 0.00322601 0.0 0.0 0.0 0.0 0.0 0.0 0.0 0.0 0.0 0.0 0.0 0.0 0.0 0.0 0.0 0.0 1.97291e-05 0.0 0.0 0.0 1.0 0.0 0.0 0.0 0.0 0.0 0.0 0.0 8.30293e-05 0.0 0.0 0.0 0.0 0.0 0.0 0.0 0.0 0.0 0.0 0.0 0.0 0.0 0.0 0.0 0.0 0.0 0.0142857 8.9407e-08 0.0
0.0 0.0 0.0 0.0 0.0 0.0 0.0 0.0 0.0 0.0 0.0 0.292792 0.0 0.0 0.0 0.0 0.0 0.5089 2.08616e-07 0.0 0.0 0.0 0.0 0.0 5.06639e-07 0.0 0.0 0.0 0.0 0.0 0.0 0.0 0.0 0.0 0.0 0.0 0.0 0.0 0.0 0.0 0.000705063 2.86102e-06 0.0 0.0 0.0 0.0 0.0 0.0 0.0 0.0 0.999994 0.0 0.0 0.0 0.0 0.0 0.0 0.0 0.0 0.0 0.0 0.0 0.0 0.0
0.0 0.0 0.0 0.545051 5.80251e-05 0.0 0.0 0.0 7.72774e-05 0.0 0.0 0.0 0.0 0.0 0.0 0.0 0.968344 0.0 0.998341 0.0 0.995932 0.0 0.0 1.49012e-07 0.147587 0.0 4.92036e-05 0.0 0.0 0.496198 0.0 0.0 0.997331 0.0 0.0 0.0 0.0 2.41399e-06 0.0 0.0 0.806568 0.107459 0.0 0.0 0.0 0.594026 0.0 0.0 0.0 0.0 0.0 5.06639e-07 0.0 0.991927 0.0 0.0 0.0 0.0 0.456803 0.996956 0.766533 0.0 0.0 0.0
18 40 50 17 37 24 20 53 21 3 34 2 31 54 7 60 14 19 28 63 12 46 39 29 5 42 11 16 58 33 32 41 43 15 36 44 10 4 59 45 55 61 25 6 23 27 49 51 52 35 47 57 0 38 48 22 8 9 13 56 62 1 30 26
