8
0.0 0.0 0.0 0.0 0.0 0.0 0.0 0.0280018 0.0 0.0 0.0 1.49012e-07 0.0 0.0 1.01328e-06 0.0 0.994527 0.0 0.0 0.0 0.0 0.0 0.0 0.0 0.0 0.0288938 0.0 0.0 1.78814e-07 0.0 0.0 0.0 0.0 0.0 0.0 0.0 0.0 0.0 0.356739 0.0 0.541082 0.0 5.96046e-08 5.36442e-07 0.0 0.0 0.0 0.268667 0.0 0.0 0.0 0.0 0.492518 0.0 0.0 0.0 0.0 0.0 0.0 0.0 0.0 0.0 0.0134021 0.0
0.0 0.0 0.0 0.0 0.0 0.0 0.0 5.96046e-08 0.0 0.0 0.0 0.000185311 0.0 0.0 0.0 0.0 1.0 0.0 0.0 0.0 0.0 0.0 2.38419e-07 5.45382e-06 0.996874 0.0 0.0 2.98023e-08 0.0 0.011142 0.0 0.0 0.0 0.0 0.0 0.0 0.0 0.0 0.0 0.0 0.0 0.0181045 0.0 0.00121033 0.0 0.0 0.0 0.0 0.0 0.0 0.0 0.0 0.0 0.0 0.0 0.0 0.0 0.0 0.0 0.0 0.0 0.0 0.0 0.0
0.0 0.0 0.0 0.953229 5.96046e-08 0.0 0.0 0.0 0.00026077 0.0 0.0 0.0 0.0 0.201551 0.0 0.0 0.0 0.0 0.0 0.0 0.0 0.0 0.0 0.0 0.0 0.0 1.19209e-07 0.0 0.0 0.0 0.0 0.0 0.0 0.989943 0.0 0.0 0.0 0.0 0.0 0.0 0.0 0.0 0.0 0.0 0.0 0.0 0.0 0.0 0.0 0.0 0.0 0.0 0.0 0.0 0.512547 0.0 0.0 0.0 0.0 0.0 0.0 0.0 0.0 0.0
0.0 0.0 0.0 0.0 0.0 1.19209e-07 0.0 0.0 0.0 0.0 0.0 0.0 0.0 0.0 0.0 0.999746 0.0 0.0 0.0 0.0 0.0 0.0 0.0 0.0 0.0 0.0 0.0 0.0 0.0 0.0 0.0 0.0 0.0 0.0 0.0 0.0 0.0 0.0 0.0 0.0 0.0 0.0 0.0 0.0 0.0 0.0 0.0 0.0 0.0 0.0 0.0 0.0 0.0 0.0 0.0 0.0 0.0 0.0 0.0 0.0 0.0 0.0 0.0 0.0
0.0 0.0 0.0 0.999143 0.774721 0.0 0.0 0.0 0.0 0.0 0.0 0.0 2.08616e-07 0.86944 0.0 0.0 0.0 0.0 0.0 0.0 0.0 0.0 0.0 0.0 0.0 0.0 0.0 0.0 0.0 0.0 0.0 0.0 2.98023e-08 0.867016 0.0 0.0 0.0 0.0 0.0 0.0340488 0.0 0.0 0.0325735 0.0 0.0 0.0 0.0 0.0 0.0 0.0 0.0 0.0 0.0 0.0 1.0 0.0 1.43051e-06 0.0 0.0 0.0 2.98023e-08 0.0 0.011704 0.0
0.0 0.0 0.0 0.999928 0.0 0.0 0.0 0.0 0.0 0.0 0.0 0.0 0.0 0.0887808 0.0 1.81794e-06 0.0 0.0 0.0 0.0 0.0 0.0 0.0 0.0 0.0 0.0 0.0 0.0 0.0 0.0 0.0 0.0 0.0 0.00450984 0.0 0.0 0.0 0.0 0.0 0.0 0.0 0.0 0.0 0.0 0.0 0.0 0.0 0.0 0.0 0.0 0.0 0.0 0.0 0.0 0.0 0.0 0.0 0.0 0.0 0.0 0.0 0.0 0.0 0.0
0.0 0.0 0.0 5.53131e-05 0.0 0.0 0.78955 0.0 0.0 0.126729 0.00199798 0.0 0.0 0.0 0.0 0.0 0.0 0.0 0.0 0.0 0.0 0.0 0.0 0.0 0.0 0.0 0.0 0.0 0.0 0.0 0.000250995 0.0 0.0 0.0 0.0 0.0 0.0 0.0 0.0 0.0 0.0 0.0 0.0 0.0 0.0 0.979746 0.0 0.0 0.0 0.0 0.0 0.0 0.0 0.0 0.0 0.0 0.0 0.0 0.0 0.0 0.0 0.0 0.0 0.0
0.0 0.0 0.0 1.0 3.8743e-06 0.0 0.0 0.0 0.0 0.0 0.0 0.0 0.0020242 1.0 0.0 0.0 0.0 0.0 0.0 0.0 0.0 0.0 0.0 0.0 0.0 0.0 0.0 0.0 0.0 0.0 0.0 0.0 0.0 0.998566 0.0 0.0 0.0 0.0 0.0 0.00208741 0.0 0.0 0.0 0.0 7.56979e-06 0.0 0.0 0.0 0.0 0.0 0.0 0.0 0.0 0.0 0.184743 0.0 0.0 0.0 0.0 0.0 0.0 0.0 0.0 0.0
0.0 0.0 0.0 1.0 0.0 0.0 0.0 0.0 0.0 0.0 0.0 0.0 0.0 0.999998 0.0 0.0 0.0 0.0 0.0 0.0 0.0 0.0 0.0 0.0 0.0 0.0 0.0 0.0 0.0 0.0 0.0 0.0 0.0 0.99973 0.0 0.0 0.0 0.0 0.0 0.0 0.0 0.0 0.0 0.0 0.0 0.0 0.0 0.0 0.0 0.0 0.0 0.0 0.0 0.0 0.0 0.0 0.0 0.0 0.0 0.0 0.0 0.0 0.0 0.0
0.0 0.0 0.0 0.991496 0.0 0.0 8.9407e-08 0.0 0.0 0.0043942 0.354088 0.0 0.0 0.155477 0.0 0.0 0.0 0.0 0.0 0.0 0.0 0.0 0.0 0.0 0.0 0.0 0.0 0.0 0.0 0.0 0.989504 0.0 0.0 0.0 0.0 0.0 0.0 0.0 0.0 0.0 0.0 0.0 0.0 0.0 0.0 2.08616e-06 0.0 0.0 0.0 0.0 0.0 0.0 0.0 0.0 0.0 0.0 0.0 0.0 0.0 0.0 0.0 0.0 0.0 0.0
0.0 0.0 0.0 3.09944e-06 0.0 0.0 0.0 0.0 0.0 0.0 0.0 0.0 0.0 1.71661e-05 0.0 0.0 0.0 0.0 0.0 0.0 0.0 0.0 0.0 0.0 0.0 0.0 0.0 0.0 0.0 0.0 0.0 0.0 0.0 0.0 0.0 5.63264e-06 0.0 0.0 0.0 0.0 0.0 0.0 0.0 0.0 0.0 0.0 0.0 0.0 0.0 0.0 0.0 0.0 0.0 0.0 0.0 0.0 0.0 0.0 0.0 0.0 0.0 0.0 0.0 0.0
0.0 0.0 0.0 0.0 0.0 0.0 0.0 0.0 0.0 0.0 0.0 0.0 0.0 0.0 0.0 0.0 1.40071e-06 0.0 0.0 0.0 0.0 0.0 0.0 1.19209e-06 0.0 1.19209e-07 0.0 0.0 0.0 0.0 0.0 0.0 0.0 0.0 0.0 0.0 0.0 0.0 0.0 0.0 0.0 0.0 0.0 0.0 0.0 0.0 0.0 0.0 0.0 0.0 0.0 0.0 0.0 0.0 0.0 0.0 0.0 0.0 0.0 0.0 0.0 0.0 0.0 0.0
0.0 0.0 0.000819534 1.0 0.0 0.0 0.0 0.0 0.0 0.0 0.0 0.0 0.0 1.0 0.0 0.0 0.0 0.0 0.0 0.0 0.0 0.0 0.0 0.0 0.0 0.0 0.0 0.0 0.0 0.0 0.0 0.0 0.0 0.653266 0.0 0.0 0.0 0.0 0.0 4.17233e-07 0.0 0.0 0.0 0.0 0.998067 0.0 0.0 0.0 0.0 0.0 0.0 0.0 0.0 0.0 6.76513e-06 0.0 0.0 0.0 0.0 0.0 0.0 0.0 0.0 0.0
9.64701e-05 0.0 0.0 0.0 0.0 0.0 0.0 1.01924e-05 0.0 0.0 0.0 0.0 0.0 0.0 9.73344e-05 0.0 0.0619569 0.0 0.0 0.0 3.57628e-07 0.0 0.0 0.0 0.0 0.043934 0.0 0.0 5.52833e-05 0.0 0.0 0.0 0.0 0.0 0.0 0.0 0.0 0.0 0.998665 0.0 0.837477 0.0 8.64267e-07 0.0 0.0 0.0 0.0 0.955067 0.0 0.0 0.0 0.0 0.00260317 0.0 0.0 0.0 0.0 0.0 0.0 0.0 0.0 0.0 0.159813 2.68221e-07
0.0 0.999994 0.0 0.0 0.0 0.0 0.0 0.0 0.0 0.0 0.0 0.0 0.0 0.0 0.0 0.0 0.000492603 0.0 0.0 0.0 0.0 0.0 0.0 0.0 0.0 0.0 0.0 0.0 0.0 0.0 0.0 0.0 0.0 0.0 0.0 0.0 0.0 0.0 0.0 0.0 0.0 0.0 0.0 0.0 0.0 0.0 0.0 0.0 0.0 0.0 0.0 0.0 0.0 0.0 0.0 0.0 0.0 0.0 0.0 0.0 0.0 0.0 0.0 0.0
0.0 0.0 0.0 0.999998 0.0 0.0 0.0 0.0 2.08616e-07 0.0 0.0 0.0 0.0 0.999142 0.0 0.0 0.0 0.0 0.0 0.0 0.0 0.0 0.0 0.0 0.0 0.0 0.999498 0.0 0.0 0.0 0.0 0.0 0.0 1.0 0.0 0.0 0.0 0.0 0.0 0.0 0.0 0.0 0.0 0.0 0.0 0.0 0.0 0.0 0.0 0.0 0.0 0.0 0.0 0.0 8.96752e-05 0.0 0.0 0.0 0.0 0.0 0.0 0.0 0.0 0.0
0.0 0.0 0.0 0.046176 0.0 0.0 0.0017536 0.0 0.0 0.991216 0.0191373 0.0 0.0 1.07586e-05 0.0 0.0 0.0 0.0 0.0 0.0 0.0 0.0 0.0 0.0 0.0 0.0 0.0 0.0 0.0 0.0 0.038092 0.0 0.0 0.0 0.0 0.0 0.0 0.0 0.0 0.0 0.0 0.0 0.0 0.0 0.0 0.0558688 0.0 0.0 0.0 0.0 0.0 0.0 0.0 0.0 0.0 0.0 0.0 0.0 0.0 0.0 0.0 0.0 0.0 0.0
0.0 0.0 0.0 0.0 0.0 0.0 0.0 1.78814e-07 0.0 0.0 0.0 0.987457 0.0 0.0 0.0 0.0 0.999993 0.0 0.0 0.0 0.0 0.0 0.0 3.50475e-05 3.57032e-05 4.47035e-07 0.0 1.81496e-05 0.0 4.17233e-07 0.0 0.0 0.0 0.0 0.0 0.0 0.0 0.0 0.0 0.0 0.0 5.96046e-08 0.0 5.66244e-07 0.0 0.0 0.0 0.0 0.0 0.0 0.0 0.0 1.60933e-06 0.0 0.0 0.0 0.0 0.0 0.0 0.0 0.0 0.0 0.0 0.0
0.0 0.0 0.0 0.0 0.0 0.999884 0.0 0.0 0.0 0.0 0.0 0.0 0.0 0.0 0.0 0.0 0.0 0.0 0.321323 0.0 0.0 2.92063e-06 0.0 0.0 0.0 0.0 0.0 0.0 0.0 0.0 0.0 3.17097e-05 0.0 0.0 0.0 0.0 0.0 0.0 0.0 0.0 0.0 0.0 0.0 0.0 0.0 0.0 1.49012e-07 0.0 0.0 0.0 8.9407e-08 0.0 0.0 5.96046e-08 0.0 8.9407e-08 0.0 8.9407e-08 0.0 0.0 0.0 0.000231534 0.0 0.0
0.0 0.0 0.0 1.0 0.0 0.0 0.0 0.0 0.0 0.0 0.0 0.0 0.999998 0.976249 0.0 0.0 0.0 0.0 0.0 5.54323e-06 0.0 0.0 0.0 0.0 0.0 0.0 0.0 0.0 0.0 0.0 0.0 0.0 0.0 0.000206023 0.0022268 0.0 0.0 0.0 0.0 0.0 0.0 0.0 0.0 0.0 0.0 0.0 0.0 0.0 0.0 0.0 0.0 0.0 0.0 0.0 0.0 0.0 0.0 0.0 0.0 0.0 0.0 0.0 0.0 0.0
4.85778e-06 0.0 0.0 0.00796196 0.0 0.0 0.0 0.0 0.0 0.0 0.0 0.0 0.0 8.25524e-06 1.0 0.0 0.0 0.0 0.0 0.0 0.746686 0.0 0.0 0.0 0.0 0.0 0.0 0.0 2.63751e-05 0.0 0.0 0.0 0.0 0.0 0.0 4.79221e-05 2.08616e-07 0.0 1.40071e-06 0.0 3.93391e-06 0.0 0.00693941 0.0 0.0 0.0 0.0 2.03848e-05 0.0 9.83477e-06 0.0 0.0 0.0 0.0 0.0 0.0 8.9407e-08 0.0 0.0 0.000795424 6.25849e-07 0.0 0.998466 4.02331e-06
0.0 0.0 0.0 1.0 0.193999 0.0 0.0 0.0 0.0 0.0 0.0 0.0 0.000164062 1.0 0.0 0.0 0.0 0.0 0.0 0.0 0.0 0.0 0.0 0.0 0.0 0.0 0.0 0.0 0.0 0.0 0.0 0.0 1.19209e-07 0.999975 0.0 0.0 0.0 0.0 0.0 0.999977 0.0 0.0 0.000118434 0.0 0.233053 0.0 0.0 0.0 0.0 0.0 0.0 0.0 0.0 0.0 0.999997 0.0 0.0 0.0 0.0 0.0 3.58224e-05 0.0 2.98023e-07 0.0
0.0 0.0 0.0 0.000406682 0.0 0.0 0.0 0.0 0.0 0.0 0.0 0.0 0.0 0.000703514 0.0272008 0.0 0.0 0.0 0.0 0.0 8.34465e-07 0.0 0.0 0.0 0.0 0.0 0.0 0.0 0.0 0.0 0.0 0.0 0.0 0.0 0.0 1.0 0.0 7.15256e-07 0.0 0.0 0.0 0.0 0.0 0.0 0.0 0.0 0.0 0.0 0.0 0.0707092 0.0 8.9407e-08 0.0 0.0 0.0 0.0 0.0 0.0 0.0 5.66244e-07 0.0 0.0 1.78814e-07 0.0
0.0 0.0 0.0 0.0 0.0 0.0 0.0 5.96046e-08 0.0 0.0 0.0 2.98023e-08 0.0 0.0 0.0 0.0 1.0 0.0 0.0 0.0 0.0 0.0 0.0 1.19209e-07 0.127571 0.0 0.0 0.0 0.0 0.00876957 0.0 0.0 0.0 0.0 0.0 0.0 0.0 0.0 0.0 0.0 0.0 0.981291 0.0 0.0130126 0.0 0.0 0.0 0.0 0.0 0.0 0.0 0.0 0.0 0.0 0.0 0.0 0.0 0.0 0.0 0.0 0.0 0.0 0.0 0.0
0.0 0.0 0.0 0.0 0.0 0.0 0.0 0.000395477 0.0 0.0 0.0 2.74181e-06 0.0 0.0 0.0 0.0 1.0 0.0 0.0 0.0 0.0 0.0 0.0 2.08616e-07 0.00440809 2.08616e-07 0.0 2.38419e-07 0.0 2.6226e-06 0.0 0.0 0.0 0.0 0.0 0.0 0.0 0.0 0.0 0.0 3.27826e-07 0.334792 0.0 0.979602 0.0 0.0 0.0 0.0 0.0 0.0 0.0 0.0 3.75509e-06 0.0 0.0 0.0 0.0 0.0 0.0 0.0 0.0 0.0 0.0 0.0
5.96046e-08 0.0 0.0 0.000556111 0.0 0.0 0.0 0.0 0.0 0.0 0.0 0.0 0.0 2.64049e-05 0.0163437 0.0 0.000105023 0.0 0.0 0.0 0.0958272 0.0 0.0 0.0 0.0 0.867137 0.0 0.0 3.11732e-05 0.0 0.0 0.0 0.0 4.47035e-07 0.0 5.96046e-08 0.999998 0.0 2.65241e-06 0.0 5.96046e-08 0.0 0.000377566 0.0 0.0 0.0 0.0 1.19209e-06 0.0 6.22869e-06 0.0 0.0 0.0 0.0 0.00118789 0.0 2.0355e-05 0.0 0.0 1.49012e-07 1.66893e-06 0.0 0.977889 0.00620797
0.0 0.0 0.0 0.0192219 0.0 0.0 0.0 0.0 0.999657 0.0 0.0 0.0 0.0 0.000248492 0.0 0.0 0.0 0.0 0.0 0.0 0.0 0.0 0.0 0.0 0.0 0.0 5.96046e-08 0.0 0.0 0.0 0.0 0.0 0.0 0.271383 0.0 0.0 0.0 0.0 0.0 0.0 0.0 0.0 0.0 0.0 0.0 0.0 0.0 0.0 0.0 0.0 0.0 0.0 0.0 0.0 6.94394e-06 0.0 0.0 0.0 0.0 0.0 0.0 0.0 0.0 0.0
0.0 0.0 0.0 0.0 0.0 0.0 0.0 0.151763 0.0 0.0 0.0 0.000141829 0.0 0.0 0.0 0.0 0.999999 0.0 0.0 0.0 0.0 0.0 0.0 0.0 1.19209e-07 0.000853121 0.0 4.47035e-07 0.0 0.0 0.0 0.0 0.0 0.0 0.0 0.0 0.0 0.0 0.000788808 0.0 0.199748 3.27826e-06 0.0 0.0018881 0.0 0.0 0.0 7.69198e-05 0.0 0.0 0.0 0.0 0.990442 0.0 0.0 0.0 0.0 0.0 0.0 0.0 0.0 0.0 6.94394e-06 0.0
0.999881 0.0 0.0 4.79817e-06 0.0 0.0 0.0 0.0 0.0 0.0 0.0 0.0 0.0 0.0 0.00119433 0.0 0.0 0.0 0.0 0.0 0.0374954 0.0 0.0 0.0 0.0 0.0039815 0.0 0.0 0.658355 0.0 0.0 0.0 0.0 2.98023e-08 0.0 0.0 0.0 0.0 0.000892997 0.0 3.10838e-05 0.0 0.0238878 0.0 0.0 0.0 0.0 0.00896356 0.0 0.0 0.0 0.0 0.0 0.0 2.91169e-05 0.0 0.0927903 0.0 0.0 8.9407e-08 1.78814e-06 0.0 0.999999 0.0247267
0.0 0.0 0.0 0.0 0.0 0.0 0.0 0.008966 0.0 0.0 0.0 3.8743e-07 0.0 0.0 0.0 0.0 1.0 0.0 0.0 0.0 0.0 0.0 0.0 0.0 0.000475198 3.57628e-07 0.0 8.64267e-07 0.0 1.93715e-06 0.0 0.0 0.0 0.0 0.0 0.0 0.0 0.0 0.0 0.0 3.01003e-06 0.413883 0.0 0.855642 0.0 0.0 0.0 0.0 0.0 0.0 0.0 0.0 1.46031e-06 0.0 0.0 0.0 0.0 0.0 0.0 0.0 0.0 0.0 0.0 0.0
0.0 0.0 0.994258 1.0 0.0 0.0 0.0 0.0 0.0 0.0 0.0 0.0 0.0 1.0 0.0 0.0 0.0 0.0 0.0 0.0 0.0 0.0 0.0 0.0 0.0 0.0 0.0 0.0 0.0 0.0 0.0 0.0 0.0 0.000839263 0.0 0.0 0.0 0.0 0.0 0.0 0.0 0.0 0.0 0.0 0.0 0.0 0.0 0.0 0.0 0.0 0.0 0.0 0.0 0.0 0.0 0.0 0.0 0.0 0.0 0.0 0.0 0.0 0.0 0.0
0.997053 0.0 0.0 0.0347847 0.0 0.0 0.0 0.0 0.0 0.0 0.0 0.0 0.0 2.42889e-05 0.0020268 0.0 0.0 0.0 0.0 0.0 0.00352499 0.0 0.0 0.0 0.0 4.76837e-07 0.0 0.0 0.785065 0.0 0.0 0.0 4.97401e-05 2.66433e-05 0.0 0.0 0.0 0.0 1.19209e-07 0.0 8.9407e-08 0.0 0.994936 0.0 0.0 0.0 0.0 4.44055e-06 0.0 0.0 0.0 0.0 0.0 0.0 0.351365 0.0 0.998593 0.0 2.98023e-08 1.10269e-06 0.0296864 0.0 0.999996 1.23084e-05
0.0 0.0 0.0 0.0 0.0 0.0 0.0 0.0 0.0 0.0 0.0 2.38419e-07 0.0 0.0 0.0 0.0 0.999986 0.0 0.0 0.0 0.0 0.0 2.67923e-05 2.08616e-07 0.0227121 0.0 0.0 0.0 0.0 0.991284 0.0 0.0 0.0 0.0 0.0 0.0 0.0 0.0 0.0 0.0 0.0 0.0012553 0.0 0.0 0.0 0.0 0.0 0.0 0.0 0.0 0.0 0.0 0.0 0.0 0.0 0.0 0.0 0.0 0.0 0.0 0.0 0.0 0.0 0.0
2.5183e-05 0.0 0.0 0.0 0.0 0.0 0.0 3.24845e-05 0.0 0.0 0.0 0.0 0.0 0.0 0.00010407 0.0 0.138197 0.0 0.0 0.0 5.30481e-06 0.0 0.0 0.0 0.0 0.408298 0.0 0.0 0.000109404 0.0 0.0 0.0 0.0 0.0 0.0 0.0 0.0 0.0 0.982684 0.0 0.844372 0.0 2.35438e-06 0.0 0.0 0.0 0.0 0.99741 0.0 0.0 0.0 0.0 0.00135294 0.0 0.0 0.0 0.0 0.0 0.0 0.0 0.0 0.0 0.90639 2.71201e-06
0.0 0.0 0.0 0.999961 0.0 0.0 0.0 0.0 0.0 0.0 0.0 0.0 0.155468 0.000171155 0.0 0.0 0.0 0.0 0.0 0.692669 0.0 0.0 0.0 0.0 0.0 0.0 0.0 0.0 0.0 0.0 0.0 0.0 0.0 0.0 0.396411 0.0 0.0 0.0 0.0 0.0 0.0 0.0 0.0 0.0 0.0 0.0 0.0 0.0 0.0 0.0 0.0 0.0 0.0 0.0 0.0 0.0 0.0 0.0 0.0 0.0 0.0 0.0 0.0 0.0
0.0 0.0 0.0 0.952263 0.0 0.0 0.0 0.0 0.0 0.0 0.0 0.0 0.0 2.68221e-07 0.0 0.0 0.0 0.0 0.0 0.0 0.0 0.0 0.0 0.0 0.0 0.0 0.0 0.0 0.0 0.0 0.0 0.0 0.0 4.14252e-05 0.0 0.0 0.0 0.0 0.0 0.0 0.0 0.0 0.0 0.0 0.0 0.0 0.0 0.0 0.0 0.0 0.0 0.0 0.0 0.0 0.0 0.0 0.0 0.0 0.999868 0.0 0.0 0.0 0.0 0.0
5.87106e-06 0.0 0.0 0.98766 0.0 0.0 0.0 0.0 0.0 0.0 0.0 0.0 0.0 0.98419 0.995938 0.0 0.0 0.0 0.0 0.0 0.884364 0.0 0.0 0.0 0.0 1.24872e-05 0.0 0.0 0.000296384 0.0 0.0 0.0 0.0 0.0 0.0 5.66542e-05 0.000321746 0.0 0.0 4.47035e-07 0.0 0.0 0.000382334 0.0 0.0 0.0 0.0 5.96046e-08 0.0 0.991291 0.0 0.0 0.0 0.0 0.000168145 0.0 0.00110367 0.0 0.0 8.34465e-07 0.0441273 0.0 0.999976 0.999829
0.0 0.0 0.0 0.0 0.0 0.0 0.0 0.0 0.0 0.0 0.0 0.0 0.0 0.0 0.0 0.0 0.0 0.0 0.0 0.0 0.0 0.0 0.0 0.0 0.0 0.0 0.0 0.0 0.0 0.0 0.0 0.0 0.0 0.0 0.0 0.118135 0.0 0.00196224 0.0 0.0 0.0 0.0 0.0 0.0 0.0 0.0 0.0 0.0 0.0 0.0 0.0 0.999986 0.0 0.0 0.0 0.0 0.0 0.0 0.0 0.0 0.0 0.0 0.0 0.0
3.88026e-05 0.0 0.0 0.97179 0.0 0.0 0.0 0.0 0.0 0.0 0.0 0.0 7.7486e-07 0.0600181 2.08616e-07 0.0 0.0 0.0 0.0 0.0 8.31485e-06 0.0 0.0 0.0 0.0 0.0 0.0 0.0 8.9407e-08 0.0 0.0 0.0 0.0 5.66244e-07 0.0 0.0 0.0 0.0 0.0 7.7486e-07 0.0 0.0 0.00482613 0.0 0.0 0.0 0.0 0.0 0.0 0.0 0.0 0.0 0.0 0.0 0.000905991 0.0 0.0636395 0.0 0.0 0.0 0.996786 0.0 0.991679 2.08616e-07
0.0 0.0 0.0 1.0 0.0 0.0 0.0 0.0 0.0 0.0 0.0 0.0 0.0 1.0 0.0 0.0 0.0 0.0 0.0 0.0 0.0 0.0 0.0 0.0 0.0 0.0 0.0 0.0 0.0 0.0 0.0 0.0 0.0 0.349844 0.0 0.0 0.0 0.0 0.0 5.03659e-06 0.0 0.0 0.0 0.0 1.99974e-05 0.0 0.0 0.0 0.0 0.0 0.0 0.0 0.0 0.0 4.29153e-06 0.0 0.0 0.0 0.0 0.0 0.0 0.0 0.0 0.0
0.0 0.0 0.0 0.0 0.0 0.0 0.0 0.0 0.0 0.0 0.0 0.000573069 0.0 0.0 0.0 0.0 0.996369 5.30481e-06 0.0 0.0 0.0 0.0 0.0 0.999856 2.6226e-06 0.660824 0.0 0.00100282 0.0 2.98023e-08 0.0 0.0 0.0 0.0 0.0 0.0 0.0 0.0 0.0 0.0 0.0 2.98023e-08 0.0 0.0 0.0 0.0 0.0 0.0 0.0 0.0 0.0 0.0 0.0 0.0 0.0 0.0 0.0 0.0 0.0 0.0 0.0 0.0 0.0 0.0
0.0 0.0 0.0 8.16584e-05 0.0 0.0 0.990265 0.0 0.0 0.00701666 0.00267124 0.0 0.0 0.0 0.0 0.0 0.0 0.0 0.0 0.0 0.0 0.0 0.0 0.0 0.0 0.0 0.0 0.0 0.0 0.0 2.3216e-05 0.0 0.0 0.0 0.0 0.0 0.0 0.0 0.0 0.0 0.0 0.0 0.0 0.0 0.0 0.870552 0.0 0.0 0.0 0.0 0.0 0.0 0.0 0.0 0.0 0.0 0.0 0.0 0.0 0.0 0.0 0.0 0.0 0.0
0.0 0.0 0.0 0.982516 0.346853 0.0 0.0 0.0 0.0 0.0 0.0 0.0 0.0 0.710097 0.0 0.0 0.0 0.0 0.0 0.0 0.0 0.0 0.0 0.0 0.0 0.0 0.0 0.0 0.0 0.0 0.0 0.0 0.000360638 0.999992 0.0 0.0 0.0 0.0 0.0 0.00102228 0.0 0.0 0.000277579 0.0 0.0 0.0 0.0 0.0 0.0 0.0 0.0 0.0 0.0 0.0 1.0 0.0 0.0 0.0 0.0 0.0 0.0 0.0 1.49012e-07 0.0
0.0 0.0 0.0 0.0 0.0 0.0 0.0 0.0 0.0 0.0 0.0 0.0 0.0 0.0 0.0 0.0 0.0 0.0 0.0 0.0 0.0 0.0 0.0 0.0 0.0 0.0 0.0 0.0 0.0 0.0 0.0 0.0 0.0 0.0 0.0 0.99989 0.0 0.999543 0.0 0.0 0.0 0.0 0.0 0.0 0.0 0.0 0.0 0.0 0.0 0.0 0.0 0.0506367 0.0 0.0 0.0 0.0 0.0 0.0 0.0 0.0 0.0 0.0 0.0 0.0
0.0 0.0 0.00186747 1.0 0.0 0.0 0.0 0.0 0.0 0.0 0.0 0.0 0.0 1.0 0.0 0.0 0.0 0.0 0.0 0.0 0.0 0.0 0.0 0.0 0.0 0.0 0.0 0.0 0.0 0.0 0.0 0.0 0.0 0.674663 0.0 0.0 0.0 0.0 0.0 0.0 0.0 0.0 0.0 0.0 2.08616e-07 0.0 0.0 0.0 0.0 0.0 0.0 0.0 0.0 0.0 0.0 0.0 0.0 0.0 0.0 0.0 0.0 0.0 0.0 0.0
0.0 0.0 0.0 0.919344 0.0 0.0 8.44598e-05 0.0 0.0 0.00206977 0.981311 0.0 0.0 0.011383 0.0 0.0 0.0 0.0 0.0 0.0 0.0 0.0 0.0 0.0 0.0 0.0 0.0 0.0 0.0 0.0 0.339296 0.0 0.0 0.0 0.0 0.0 0.0 0.0 0.0 0.0 0.0 0.0 0.0 0.0 0.0 3.96967e-05 0.0 0.0 0.0 0.0 0.0 0.0 0.0 0.0 0.0 0.0 0.0 0.0 0.0 0.0 0.0 0.0 0.0 0.0
0.0 0.0 0.0 0.0 0.0 2.38419e-07 0.0 0.0 0.0 0.0 0.0 0.0 0.0 0.0 0.0 0.0 0.0 0.0 2.68221e-07 0.0 0.0 0.991577 0.0 0.0 0.0 0.0 0.0 0.0 0.0 0.0 0.0 0.999125 0.0 0.0 0.0 0.0 0.0 0.0 0.0 0.0 0.0 0.0 0.0 0.0 0.0 0.0 0.800329 0.0 0.0 0.0 0.802517 0.0 0.0 0.799894 0.0 0.841193 0.0 0.800167 0.0 0.0 0.0 0.0591886 0.0 0.0
3.11434e-05 0.0 0.0 0.0 0.0 0.0 0.0 0.000276178 0.0 0.0 0.0 0.0 0.0 0.0 5.90086e-06 0.0 0.787701 0.0 0.0 0.0 2.08616e-07 0.0 0.0 0.0 0.0 0.00232103 0.0 0.0 0.000223249 0.0 0.0 0.0 0.0 0.0 0.0 0.0 0.0 0.0 0.659629 0.0 0.999643 0.0 1.69873e-06 0.0 0.0 0.0 0.0 0.862363 0.0 0.0 0.0 0.0 0.00217411 0.0 0.0 0.0 0.0 0.0 0.0 0.0 0.0 0.0 0.0858264 2.98023e-08
0.0 0.0 0.0 0.0 0.0 0.0 0.0 0.0 0.0 0.0 0.0 0.0 0.0 0.0 0.0 0.0 5.51343e-06 0.0 0.0 0.0 0.0 0.0 0.0 9.74536e-05 0.0 0.03632 0.0 0.999998 0.0 0.0 0.0 0.0 0.0 0.0 0.0 0.0 0.0 0.0 0.0 0.0 0.0 0.0 0.0 0.0 0.0 0.0 0.0 0.0 0.0 0.0 0.0 0.0 0.0 0.0 0.0 0.0 0.0 0.0 0.0 0.0 0.0 0.0 0.0 0.0
0.000101745 0.0 0.0 0.220445 0.0 0.0 0.0 0.0 0.0 0.0 0.0 0.0 0.0 0.000313967 0.972421 0.0 0.0 0.0 0.0 0.0 0.999943 0.0 0.0 0.0 0.0 9.36985e-05 0.0 0.0 0.0155122 0.0 0.0 0.0 0.0 0.0 0.0 8.9407e-08 0.00122872 0.0 4.76837e-07 0.0 2.08616e-07 0.0 0.198782 0.0 0.0 0.0 0.0 2.41399e-05 0.0 0.00125125 0.0 0.0 0.0 0.0 8.49366e-06 0.0 0.00114915 0.0 0.0 0.00358805 0.000384152 0.0 0.999933 0.00013563
0.0 0.0 0.0 0.0 0.0 1.78814e-07 0.0 0.0 0.0 0.0 0.0 0.0 0.0 0.0 0.0 0.0 0.0 0.0 2.38419e-07 0.0 0.0 0.992043 0.0 0.0 0.0 0.0 0.0 0.0 0.0 0.0 0.0 0.99907 0.0 0.0 0.0 0.0 0.0 0.0 0.0 0.0 0.0 0.0 0.0 0.0 0.0 0.0 0.807968 0.0 0.0 0.0 0.807284 0.0 0.0 0.80785 0.0 0.844557 0.0 0.80781 0.0 0.0 0.0 0.0602693 0.0 0.0
0.0 0.0 0.0 0.0 0.0 0.0 0.0 0.0 0.0 0.0 0.0 0.0 0.0 0.0 0.0 0.0 0.67469 0.0 0.0 0.0 0.0 0.0 0.0480554 0.0 2.98023e-07 0.0 0.0 0.0 0.0 0.000941783 0.0 0.0 0.0 0.0 0.0 0.0 0.0 0.0 0.0 0.0 0.0 0.0 0.0 0.0 0.0 0.0 0.0 0.0 0.0 0.0 0.0 0.0 0.0 0.0 0.0 0.0 0.0 0.0 0.0 0.0 0.0 0.0 0.0 0.0
0.0 0.0 0.0 0.0 0.0 0.0 0.0 0.0 0.0 0.0 0.0 0.0 0.0 0.0 0.0 0.0 0.0 0.994431 0.0 0.0 0.0 0.0 0.0 0.0 0.0 0.000474423 0.0 0.0 0.0 0.0 0.0 0.0 0.0 4.47035e-07 0.0 0.0 0.0 0.0 0.0 0.0 0.0 0.0 0.0 0.0 0.0 0.0 0.0 0.0 0.0 0.0 0.0 0.0 0.0 0.0 2.68221e-07 0.0 0.0 0.0 0.0 0.0 0.0 0.0 0.0 0.0
0.0 0.0 0.0 0.0 0.0 2.38419e-07 0.0 0.0 0.0 0.0 0.0 0.0 0.0 0.0 0.0 0.0 0.0 0.0 2.38419e-07 0.0 0.0 0.991577 0.0 0.0 0.0 0.0 0.0 0.0 0.0 0.0 0.0 0.999125 0.0 0.0 0.0 0.0 0.0 0.0 0.0 0.0 0.0 0.0 0.0 0.0 0.0 0.0 0.800352 0.0 0.0 0.0 0.80254 0.0 0.0 0.799917 0.0 0.841213 0.0 0.80019 0.0 0.0 0.0 0.0591967 0.0 0.0
0.0 0.0 0.0 0.0 0.0 0.0 0.0 0.0 0.0 0.0 0.0 0.0 0.0 0.0 0.0 0.0 0.0 0.0 0.0 0.0 0.0 0.0 0.0 0.0 0.0 0.0 0.0 0.0 0.0 0.0 0.0 0.0 0.0 0.0 0.0 0.0 0.0 0.0 0.0 0.0 0.0 0.0 0.0 0.0 0.0 0.0 0.0 0.0 0.999715 0.0 0.0 0.0 0.0 0.0 0.0 0.0 0.0 0.0 0.0 0.0 0.0 0.0 0.0 0.0
0.0 0.0 0.0 0.0 0.0 2.68221e-07 0.0 0.0 0.0 0.0 0.0 0.0 0.0 0.0 0.0 0.0 0.0 0.0 2.98023e-07 0.0 0.0 0.990813 0.0 0.0 0.0 0.0 0.0 0.0 0.0 0.0 0.0 0.998892 0.0 0.0 0.0 0.0 0.0 0.0 0.0 0.0 0.0 0.0 0.0 0.0 0.0 0.0 0.784998 0.0 0.0 0.0 0.787291 0.0 0.0 0.784773 0.0 0.827921 0.0 0.785061 0.0 0.0 0.0 0.0648246 0.0 0.0
0.0 0.0 0.0 0.842553 0.0 1.06394e-05 0.0 0.0 0.0 1.19209e-07 0.0 0.0 0.0 0.0008834 0.0 2.5183e-05 0.0 0.0 0.0 0.0 0.0 0.0 0.0 0.0 0.0 0.0 0.0 0.0 0.0 0.0 8.9407e-08 0.0 0.0 1.20103e-05 0.0 0.0 0.0 0.0 0.0 0.0 0.0 0.0 0.0 0.0 0.0 0.0 0.0 0.0 0.0 0.0 0.0 0.0 0.0 0.0 0.0 0.0 0.0 0.0 0.0 0.0 0.0 0.0 0.0 0.0
0.0 0.0 0.0 0.0 0.0 0.681251 0.0 0.0 0.0 0.0 0.0 0.0 0.0 0.0 0.0 0.0 0.0 0.0 0.970866 0.0 0.0 1.76728e-05 0.0 0.0 0.0 0.0 0.0 0.0 0.0 0.0 0.0 0.000156373 0.0 0.0 0.0 0.0 0.0 0.0 0.0 0.0 0.0 0.0 0.0 0.0 0.0 0.0 4.47035e-07 0.0 0.0 0.0 3.8743e-07 0.0 0.0 4.47035e-07 0.0 4.47035e-07 0.0 4.76837e-07 0.0 0.0 0.0 0.000250697 0.0 0.0
7.30455e-05 0.0 0.0 0.870895 2.08616e-07 0.0 0.0 0.0 0.0 0.0 0.0 0.0 0.0 0.000526994 0.0 0.0 0.0 0.0 0.0 0.0 1.19209e-07 0.0 0.0 0.0 0.0 1.60635e-05 0.0 0.0 0.029838 0.0 0.0 0.0 0.0 0.000460804 0.0 0.0 0.0 0.0 0.0 0.0 0.0 0.0 0.000179201 0.0 0.0 0.0 0.0 0.0 0.0 0.0 0.0 0.0 0.0 0.0 0.122728 0.0 0.0974187 0.0 1.78814e-07 0.0 2.34842e-05 0.0 0.636347 2.98023e-08
0.119202 0.0 0.0 0.10756 0.0 0.0 0.0 0.0 0.0 0.0 0.0 0.0 0.0 2.42889e-05 0.00923556 0.0 1.49012e-06 0.0 0.0 0.0 0.00430524 0.0 0.0 0.0 0.0 2.20537e-06 0.0 0.0 0.434918 0.0 0.0 0.0 0.0364026 8.73506e-05 0.0 2.98023e-08 0.0 0.0 0.000455499 0.0 0.00996366 0.0 0.999304 0.0 0.0 0.0 0.0 0.00663871 0.0 0.0 0.0 0.0 0.0 0.0 4.69387e-05 0.0 0.142509 0.0 0.0 0.442728 0.00100312 0.0 0.999996 1.84774e-06
0.0 0.0 0.0 0.0 0.0 0.0 0.0 0.996671 0.0 0.0 0.0 1.19209e-07 0.0 0.0 0.0 0.0 0.999999 0.0 0.0 0.0 0.0 0.0 0.0 0.0 0.0 0.000415772 0.0 0.0 0.0 0.0 0.0 0.0 0.0 0.0 0.0 0.0 0.0 0.0 2.11596e-06 0.0 0.0782624 4.64916e-06 0.0 0.00737005 0.0 0.0 0.0 5.06639e-07 0.0 0.0 0.0 0.0 0.0855864 0.0 0.0 0.0 0.0 0.0 0.0 0.0 0.0 0.0 0.0 0.0
0.0 0.0 0.0 0.0 0.0 2.38419e-07 0.0 0.0 0.0 0.0 0.0 0.0 0.0 0.0 0.0 0.0 0.0 0.0 2.68221e-07 0.0 0.0 0.991577 0.0 0.0 0.0 0.0 0.0 0.0 0.0 0.0 0.0 0.999125 0.0 0.0 0.0 0.0 0.0 0.0 0.0 0.0 0.0 0.0 0.0 0.0 0.0 0.0 0.800329 0.0 0.0 0.0 0.802517 0.0 0.0 0.799894 0.0 0.841193 0.0 0.800167 0.0 0.0 0.0 0.0591886 0.0 0.0
8.9407e-08 0.0 0.0 0.341337 0.0 0.0 0.0 0.0 0.0 0.0 0.0 0.0 0.0 0.0010933 0.458543 0.0 0.0 0.0 0.0 0.0 0.00841033 0.0 0.0 0.0 0.0 0.0 0.0 0.0 1.41859e-05 0.0 0.0 0.0 6.25849e-06 0.0 0.0 5.75185e-06 0.0 0.0 0.0 0.0 1.3113e-06 0.0 0.972195 0.0 0.0 0.0 0.0 5.96046e-08 0.0 1.01328e-06 0.0 0.0 0.0 0.0 5.96046e-08 0.0 5.66244e-07 0.0 0.0 0.999994 2.41995e-05 0.0 0.983111 0.0
0.0 0.0 0.0 0.0 0.0 0.0 0.0 0.0 0.0 0.0 0.0 0.0 0.0 0.0 0.0 0.0 0.987281 0.0 0.0 0.0 0.0 0.0 0.997789 0.0 5.96046e-08 0.0 0.0 0.0 0.0 2.08616e-07 0.0 0.0 0.0 0.0 0.0 0.0 0.0 0.0 0.0 0.0 0.0 0.0 0.0 0.0 0.0 0.0 0.0 0.0 0.0 0.0 0.0 0.0 0.0 0.0 0.0 0.0 0.0 0.0 0.0 0.0 0.0 0.0 0.0 0.0
0.0123742 0.0 0.0 0.0 0.0 0.0 0.0 0.0 0.0 0.0 0.0 0.0 0.0 0.0 0.0 0.0 0.0 0.0 0.0 0.0 3.8445e-06 0.0 0.0 0.0 0.0 2.08616e-07 0.0 0.0 0.0 0.0 0.0 0.0 0.0 0.0182416 0.0 0.0 1.19209e-07 0.0 0.0 0.0 0.0 0.0 0.0 0.0 0.0 0.0 0.0 0.0 0.0 1.10269e-06 0.0 0.0 8.9407e-08 0.0 0.0 0.0 0.0 0.0 0.0 1.49012e-07 1.2219e-06 0.0 1.87755e-06 0.0
0.0 3.27826e-07 0.0 0.0 0.0 0.0 0.0 0.0 0.0 0.0 0.0 0.0 0.0 0.0 0.0 0.0 0.0 0.0 0.0 0.0 0.0 0.0 0.0 0.999816 0.0 0.0 0.0 0.0 0.0 1.3411e-06 0.0 0.0 0.0 0.0 0.0 0.0 0.0 2.86102e-05 0.0 0.0 0.0 2.98023e-08 0.0 0.0 0.0 0.0 0.0 0.0 0.0 0.0 0.0 6.55651e-07 0.0 0.0 0.0 0.0 0.0 0.0 0.0 0.0 0.0 0.0 0.0 0.0
0.983721 0.0 0.0 0.0 0.0025945 0.0 0.0 0.0 0.0 0.0 0.0 0.0 0.0 0.0 0.0 0.0 0.0 0.0 0.0 0.0 0.141708 9.23872e-07 0.0 0.0 0.0 2.53022e-05 0.0 0.0 0.0 0.0 0.0 0.00117078 0.0 1.30534e-05 0.0 0.0 0.00266525 0.0 2.5332e-06 0.0 0.0 0.0 2.6226e-05 0.0 0.0 0.0 0.0 3.15905e-05 0.0 0.0124745 0.0 0.0 8.41916e-05 0.0 0.0 0.0 0.0 0.0 0.0 0.0427522 1.2219e-06 0.0 0.0018917 2.98023e-07
0.0 0.0 0.0 0.0 0.0 0.0 0.0 0.0 0.0 0.0 0.0 0.0 0.0 0.999915 0.0 0.0 0.0 0.0 0.0 0.0 0.0 0.0 0.0 0.0 0.0 0.0 0.0 0.0 0.0 0.0 0.0 0.0 0.0 0.0 0.0 0.0 0.0 0.0 0.0 0.0 0.0 0.0 0.0 0.0 0.0 0.0 0.0 0.0 0.0 0.0 0.0 0.0 0.0 0.0 0.0 0.0 0.0 0.0 0.0 0.0 0.0 0.0 0.0 0.0
0.00158936 0.0 0.0 0.0 2.38419e-07 0.0 0.0 0.0 0.0 0.0 0.0 0.0 0.0 0.0 0.0 0.0 0.0 0.0 0.0 0.0 0.0 0.0 0.0 0.0 0.0 0.0 0.0 0.0 0.0 0.0 0.0 0.0 0.0 2.98023e-08 0.0 0.0 4.04119e-05 0.0 1.2368e-05 0.0 0.0 0.0 2.68221e-07 0.0 0.0 0.0 0.0 0.0 0.0 0.999665 0.0 0.0 0.000122547 0.0 0.0 0.0 0.0 0.0 0.0 0.0 0.0 0.0 4.17233e-07 0.0
0.0 0.0 0.0 0.0 0.0 0.0 0.0 0.0 0.999906 0.0 0.0 0.0 0.0 0.0 0.0 0.0 0.0 0.0 0.0 0.0 0.0 0.0 0.0 0.0 0.0 0.0 0.0 0.0 0.0 0.0 0.0 0.0 0.0 0.0 0.0 0.0 0.0 0.0 0.0 0.0 0.0 0.0 0.0 0.0 0.0 0.0 0.0 0.0 3.27826e-07 0.0 0.0 0.0 0.0 0.0 0.0 0.0 0.0 0.0 0.0 0.0 0.0 0.0 0.0 0.0
0.0 0.0 0.0 0.0 0.0 0.0 0.0 0.0 0.0 0.999949 0.0 0.0 0.0 0.0 0.0 0.0 0.0 0.0 0.0 0.0 0.0 0.0 0.0 0.0 0.0 0.0 0.0 0.0 0.0 0.0 0.0 0.0 0.0 0.0 0.0 0.0 0.0 0.0 0.0 0.0 0.0 0.0 0.0 0.0 0.0 0.0 0.0 0.0 0.0 0.0 0.0 0.0 0.0 0.0 0.0 0.0 0.0 0.0 0.0 0.0 0.0 0.0 0.0 0.0
0.0 0.0 0.0 0.0 0.0 0.0 0.0 9.23872e-07 0.0 0.0 0.0 0.9997 0.0 0.0 0.0 0.0 0.0 0.0 0.0 0.0 0.0 0.0 0.0 0.0 0.0 0.0 0.0 0.0 0.0 0.0 0.0 0.0 0.0 0.0 0.0 0.0 0.0 0.0 0.0 0.0 0.0 0.0 0.0 0.0 0.0 0.0 0.0 0.0 0.0 0.0 0.0 0.0 0.0 0.0 0.0 0.0 0.0 0.0 0.0 0.0 0.0 0.0 0.0 0.0
0.0 0.0 0.0 0.0 0.0 0.0 0.0 0.999821 0.0 0.0 0.0 0.0 0.0 0.0 0.0 0.0 0.0 0.0 0.0 0.0 0.0 0.0 0.0 0.0 0.0 0.0 0.0 0.0 0.0 0.0 0.0 0.0 0.0 0.0 0.0 0.0 0.0 0.0 0.0 0.0 0.0 0.0 0.0 0.0 0.0 0.0 0.0 0.0 0.0 0.0 0.0 0.0 0.0 0.0 0.0 0.0 0.0 0.0 0.0 0.0 0.0 0.0 0.0 0.0
0.0 0.0 0.0 0.0 0.0 0.0 0.0 0.0 4.17233e-07 0.0 0.0 0.0 0.0 0.0 0.0 0.0 0.0 0.0 0.0 0.0 0.0 0.0 0.0 0.0 0.0 0.0 0.0 0.0 0.0 0.0 3.25143e-05 0.0 0.0 0.0 0.0 0.000127405 0.0 0.0 0.0 0.0 0.0 0.0 0.0 0.0 0.0 6.07967e-06 0.0 0.0 0.0 0.0 0.0 0.0 0.0 0.0 0.0 0.0 0.0 0.0 0.986452 0.0 0.0 0.0 0.0 0.0
0.0 0.0 0.990078 0.0 0.0 0.0 0.0 0.0 0.0 0.0 0.0 0.0 0.0 0.0 0.0 0.0 0.0 0.0 0.0 0.0 0.0 0.0 0.0 0.0 0.0 0.0 0.0 0.0 0.0 0.0 0.0 0.0 0.0 0.0 0.0 0.0 0.0 0.0 0.0 0.0 0.0 0.0 0.0 0.0 0.0 0.0 0.0 0.0 1.07288e-05 0.0 0.0 0.0 0.0 0.0 0.0 0.0 0.0 0.0 0.0 0.0 0.0 0.0 0.0 0.0
0.0 3.8743e-07 0.0 0.0 0.0 0.0 0.0 0.0 0.0 0.0 0.0 0.0 0.0 0.0 0.0 0.0 0.0 0.0 0.0 0.0 0.0 0.0 0.0 2.08616e-07 0.0 0.0 0.0 0.0 0.0 1.49012e-07 0.0 0.0 0.0 0.0 0.0 0.0 0.0 6.25849e-07 0.0 0.0 0.0 0.0 0.0 0.0 0.0 0.0 0.0 0.0 0.0 0.0 0.0 0.975891 0.0 0.0 0.0 0.0 0.0 0.0 0.0 0.0 0.0 0.0 0.0 0.0
0.0 0.0 0.0 0.0 0.0 0.0 0.0 0.0 0.0 0.0 0.0 0.0 0.000357717 0.0 0.0 0.0 0.0 0.0 0.0 0.0 0.0 0.0 0.0 0.0 0.0 0.0 0.0 0.0 0.0 0.0 0.0 0.0 0.0 0.0 0.0 0.0 0.0 0.0 0.0 0.0 2.98023e-08 0.0 0.0 0.0 0.0 0.0 0.0 0.0 0.0 0.0 0.0 0.0 0.0 0.0 0.999497 0.0 0.0 0.0 0.0 0.0 0.0 0.0 0.0 0.0
0.0 0.0 5.96046e-08 0.0 0.0 0.0 0.0 0.0 0.0 0.0 0.0 0.0 0.0 0.0 0.0 0.0 0.0 0.0 0.0 0.0 0.0 0.0 0.0 0.0 0.0 0.0 0.0 0.999939 0.0 0.0 0.0 0.0 0.0 0.0 0.0 0.0 0.0 0.0 0.0 0.0 1.19209e-07 0.0 0.0 0.0 0.0 0.0 0.0 0.0 0.0 0.0 0.0 0.0 0.0 0.0 0.0 0.0 0.0 0.0 0.0 0.0 0.0 0.0 0.0 0.0
0.0 0.0 0.0 0.0 5.96046e-08 0.0 0.0 0.0 0.0 0.0 0.0 0.0 0.0 0.0 0.0 0.0 0.0 0.000192761 0.0 0.0 0.0 8.9407e-08 0.0 0.0 0.0 0.0 0.0 5.96046e-08 0.0 0.0 0.0 0.00165012 0.0 0.0 0.0 0.0 0.0 0.0 0.0 0.0 0.999611 0.0 0.0 0.0 0.0 0.0 0.0 0.0 0.0 0.0 0.0 0.0 0.0 0.0 1.29044e-05 0.0 0.0 0.0 0.0 0.0 0.0 0.0 0.0 0.0
2.35438e-06 0.0 0.0 0.0 0.0 0.0 0.0 0.0 0.0 0.0 0.0 0.0 0.0 0.0 0.0 0.0 0.0 0.0 0.0 0.0 0.0 0.0 0.0 0.0 0.0 0.0 0.0 0.0 0.0 0.0 0.0 0.0 0.0 2.08616e-07 0.0 0.0 0.00222373 0.0 0.988039 0.0 0.0 0.0 0.0 0.0 0.0 0.0 0.0 0.00136819 0.0 2.6226e-06 0.0 0.0 0.111037 0.0 0.0 0.0 0.0 0.0 0.0 0.000303298 0.0 0.0 0.000528008 0.0
0.0 0.0 0.0 0.0 0.0 0.0 9.87053e-05 0.0 0.0 0.0 0.0 0.0 0.0 0.0 0.0 0.0 0.378752 0.0 0.0 0.0 0.0 0.0 0.0 0.0 0.0 0.0 0.0 0.0 0.0 0.0 0.00180012 0.0 0.0 0.0 0.0 0.999942 0.0 0.0 0.0 0.0 0.0 0.0 0.0 0.0 0.0 0.00530931 0.0 0.0 0.0 0.0 0.0 0.0 0.0 0.0 0.0 0.0 0.0 0.0 0.00188681 0.0 0.0 0.0 0.0 0.0
0.0 0.00868243 0.0 0.0 0.0 0.0 0.0 0.0 0.0 0.0 0.0 0.0 0.0 0.0 0.0 0.0 0.0 0.0 0.0 0.0 0.0 0.0 0.0 8.9258e-05 0.0 0.0 0.0 0.0 0.0 0.0576909 0.0 0.0 0.0 0.0 0.0 0.0 0.0 0.970281 0.0 0.0 0.0 0.0647907 0.0 0.000589281 0.0 0.0 0.0 0.0 0.0 0.0 0.0 0.00035429 0.0 0.0 0.0 0.0 0.0 0.0 0.0 0.0 0.0 0.0 0.0 0.0
0.0 0.0 0.0 0.0 0.0 0.0 0.0 0.0 0.0 0.0 0.0 0.0 0.0 0.0 0.0 0.0 0.0 0.0 0.0 0.0 0.0 0.0 0.0 0.0 0.0 0.0 0.999972 0.0 0.0 0.0 0.0 0.0 0.0 0.0 0.0 0.0 0.0 0.0 0.0 0.0 0.0 0.0 0.0 0.0 1.49012e-07 0.0 0.0 0.0 1.19209e-07 0.0 0.0 0.0 0.0 0.0 0.0 0.0 0.0 0.0 0.0 0.0 0.0 0.0 0.0 0.0
0.000799924 0.0 0.0 0.0 0.0262116 0.0 0.0 0.0 0.0 0.0 0.0 0.0 0.0 0.0 0.0 0.0 0.0 0.0 0.0 0.0 3.27826e-07 0.0020476 0.0 0.0 0.0 1.81794e-06 0.0 0.0 0.0 0.0 0.0 2.97427e-05 0.0 0.0 0.0 0.0 0.000203401 0.0 0.0 0.0 0.0 0.0 0.999048 0.0 0.0 0.0 0.0 0.0 0.0 0.000353068 0.0 0.0 0.0 0.0 0.0 0.0 1.66893e-06 0.0 0.0 0.0 0.0 0.0 7.7486e-07 0.0
4.47035e-07 0.0 0.0 0.0 0.0 0.0 0.0 0.0 0.0 0.0 0.0 0.0 0.0 0.0 0.0 0.0 0.0 0.0 0.0 0.0 8.9407e-08 0.0 0.0 0.0 0.0 8.9407e-08 0.0 0.0 0.0 0.0 0.0 0.0 0.0 0.0 0.0 0.0 2.18153e-05 0.0 0.000216812 0.0 0.0 0.0 0.0 0.0 0.0 0.0 0.0 0.999204 0.0 2.98023e-08 0.0 0.0 7.15256e-07 0.0 0.0 0.0 0.0 0.0 0.0 0.0467582 0.0 0.0 1.61231e-05 0.0
0.0 0.0 0.0 0.0 0.0 0.0 0.0 0.0 0.0 0.0 0.0 0.0 0.999985 0.0 0.0 0.0 0.0 0.0 0.0 0.0 0.0 1.19209e-07 0.0 0.0 0.0 0.0 0.0 0.0 0.0 0.0 0.0 0.0 0.0 0.0 0.0 0.0 0.0 0.0 0.0 0.0 0.0 0.0 0.0 0.0 0.0 0.0 0.0 0.0 0.0 0.0 0.0 0.0 0.0 0.0 4.97699e-06 0.0 0.0 0.0 0.0 0.0 0.0 0.0 0.0 0.0
0.0 0.0 0.0 0.0 0.0 0.0 0.0 0.0 0.0 0.0 0.0 0.0 0.0 0.0 0.0 0.0 0.0 0.0 0.0 0.0 0.0 0.0 0.0 0.0 0.0 0.0 0.0 0.0 0.0 0.0 0.0 0.0 0.0 0.0 0.0 0.0 0.0 0.0 0.0 0.0 0.0 0.0 0.0 0.0 0.0 0.0 0.0 0.0 0.0 0.0 0.0 0.0 0.0 0.0 0.0 0.0 0.0 0.0 0.0 0.0 0.0 0.0 0.0 0.0
0.0 0.000133127 0.0 0.0 0.0 0.0 0.0 0.0 0.0 0.0 0.0 0.0 0.0 0.0 0.0 0.0 0.0 0.0 0.0 0.0 0.0 0.0 0.0 1.78814e-06 2.98023e-08 0.0 0.0 0.0 0.0 0.977929 0.0 0.0 0.0 0.0 0.0 0.0 0.0 0.42751 0.0 0.0 0.0 0.834229 0.0 2.86996e-05 0.0 0.0 0.0 0.0 0.0 0.0 0.0 1.49012e-06 0.0 0.0 0.0 0.0 0.0 0.0 0.0 0.0 0.0 0.0 0.0 0.0
0.0 0.000370383 0.0 0.0 0.0 0.0 0.0 0.0 0.0 0.0 0.0 0.0 0.0 0.0 0.0 0.0 0.0 0.0 0.0 0.0 0.0 0.0 0.0 1.19209e-07 0.0 0.0 0.0 0.0 0.0 0.634621 0.0 0.0 0.0 0.0 0.0 0.0 0.0 0.29095 0.0 0.0 0.0 0.990295 0.0 0.000421822 0.0 0.0 0.0 0.0 0.0 0.0 0.0 2.98023e-08 0.0 0.0 0.0 0.0 0.0 0.0 0.0 0.0 0.0 0.0 0.0 0.0
0.0 0.0 0.0 0.0 0.0 0.0 0.0 0.0 0.0 0.0 0.0 0.0 0.0 0.0 0.0 0.0 0.0 0.0 0.0 0.0 0.0 0.0 0.0 0.0 0.0 0.0 0.0 0.0 0.0 0.0 0.0 0.0 0.0 0.0 0.0 0.0 0.0 0.0 0.0 0.0 0.0 0.0 0.0 0.0 0.0 0.0 0.0 0.0 0.0 0.0 0.0 0.0 0.0 0.0 0.0 0.0 0.0 0.0 0.0 0.0 1.71363e-05 0.0 0.0 0.0
0.0 0.0 0.0 0.0 0.0 0.0 0.0 0.0 0.0 0.0 0.0 0.0 0.0 0.0 0.0 0.0 0.0 0.0 0.0 0.0 0.000194192 2.98023e-08 0.0 0.0 0.0 1.37091e-05 0.0 0.0 0.0 0.0 0.0 0.0 0.0 0.0 0.0 0.0 0.0 0.0 0.0 0.0 0.0 0.0 0.0 0.0 0.0 0.0 0.0 0.0 0.0 0.0 0.0 0.0 0.0 0.0 0.0 0.0 0.0 0.0 0.0 0.0 0.999788 0.0 0.0 0.0
0.0 0.0 0.0 0.0 0.0 0.0 0.0 0.0 0.0 0.0 0.0 0.0 0.0 0.0 0.0 0.0 0.0 0.0 0.0 0.0 0.0 0.0 0.0 0.0 0.997671 0.0 0.0 0.0 0.0 0.0 0.0 0.0 0.0 0.0 0.0 0.0 0.0 0.0 0.0 0.0 0.0 8.9407e-08 0.0 0.0 0.0 0.0 0.0 0.0 0.0 0.0 0.0 0.0 0.0 0.0 0.0 0.0 0.0 0.0 0.0 0.0 0.0 0.0 0.0 0.0
0.952607 0.0 0.0 0.0 0.00228196 0.0 0.0 0.0 0.0 0.0 0.0 0.0 0.0 0.0 0.0 0.0 0.0 0.0 0.0 0.0 3.8743e-07 8.04663e-07 0.0 0.0 0.0 2.05636e-06 0.0 0.0 0.0 0.0 0.0 4.85778e-05 0.0 0.0 0.0 0.0 0.000105917 0.0 9.68575e-06 0.0 0.0 0.0 0.000119388 0.0 0.0 0.0 0.0 2.92063e-06 0.0 0.00822404 0.0 0.0 0.00105631 0.0 0.0 0.0 0.0 0.0 0.0 0.000960499 0.0 0.0 0.00151214 0.0
0.0 0.0 0.0 0.0 0.0 0.0 0.0 0.0 0.0 0.0 0.0 0.0 0.0 0.0 0.0 0.0 0.0 0.0 0.0 0.0 0.0 0.0 0.999083 0.0 0.0 0.0 0.0 0.0 0.0 0.0 0.0 0.0 0.0 0.0 0.0 0.0 0.0 0.0 0.0 0.0 0.0 0.0 0.0 0.0 0.0 0.0 0.0 0.0 0.0 0.0 0.0 0.0 0.0 0.0 0.0 0.0 0.0 0.0 0.0 0.0 0.0 0.0 0.0 0.0
0.0 0.0 0.0 0.0 0.0 0.0 0.0 0.0 0.0 0.0 0.0 0.0 0.0 0.0 0.0 0.0 0.0 0.0 0.0 0.0 0.0 0.0 0.0 0.0 0.0 0.0 0.0 0.0 0.999997 0.0 0.0 0.0 0.0 0.0 0.0 0.0 0.0 0.0 0.0 0.0 0.0 0.0 0.0 0.0 0.0 0.0 0.0 0.0 0.0 0.0 0.0 0.0 0.0 0.0 0.0 0.0 0.0 0.0 0.0 0.0 0.0 0.0 0.0 0.0
8.9407e-08 0.0 0.0 0.0 7.80821e-06 0.0 0.0 0.0 0.0 0.0 0.0 0.0 0.0 0.0 0.0 0.0 0.0 0.0 0.0 0.0 1.49012e-07 0.999952 0.0 0.0 0.0 8.34465e-07 0.0 0.0 0.0 0.0 0.0 0.00186956 0.0 0.0 0.0 0.0 0.0 0.0 0.0 0.0 0.0 0.0 9.53078e-05 0.0 0.0 0.0 0.0 0.0 0.0 0.0 0.0 0.0 0.0 0.0 0.0 0.0 0.0 0.0 0.0 0.0 0.0 0.0 0.0 0.0
2.38419e-07 0.0 0.0 0.0 0.0 0.0 0.0 0.0 0.0 0.0 0.0 0.0 0.0 0.0 0.0 0.0 0.0 0.0 0.0 0.0 3.27826e-07 0.0 0.0 0.0 0.0 1.78814e-07 0.0 0.0 0.0 0.0 0.0 1.19209e-07 0.0 0.0 0.0 0.0 0.0 0.0 0.0 0.0 0.0 0.0 0.0 0.0 0.0 0.0 0.0 0.0 0.0 0.0 0.0 0.0 0.0 0.0 0.0 0.0 0.0 0.0 0.0 0.0 0.0 0.0 0.0 0.998781
0.176288 0.0 0.0 0.0 8.9407e-08 0.0 0.0 0.0 0.0 0.0 0.0 0.0 0.0 0.0 0.0 0.0 0.0 0.0 0.0 0.0 0.0 0.0 0.0 0.0 0.0 6.85453e-07 0.0 0.0 0.0 0.0 0.0 0.0 0.0 3.15905e-06 0.0 0.0 1.90735e-06 0.0 8.98838e-05 0.0 0.0 0.0 0.0 0.0 0.0 0.0 0.0 1.78814e-07 0.0 4.47035e-07 0.0 0.0 3.44813e-05 0.0 0.0 0.0 0.0 0.0 0.0 7.36415e-05 0.0 0.0 0.999995 0.0
0.0048337 0.0 0.0 0.0 0.998592 0.0 0.0 0.0 0.0 0.0 0.0 0.0 0.0 0.0 0.0 0.0 0.0 0.0 0.0 0.0 3.8445e-06 0.00034833 0.0 0.0 0.0 0.000917166 0.0 0.0 0.0 0.0 0.0 3.27826e-07 0.0 0.0 0.0 0.0 9.10759e-05 0.0 0.0 0.0 0.0 0.0 0.00198931 0.0 0.0 0.0 0.0 0.0 0.0 0.000192493 0.0 0.0 2.41399e-06 0.0 0.0 0.0 0.0 0.0 0.0 2.98023e-08 0.0 0.0 2.5332e-06 0.0
0.000239819 0.0 0.0 0.0 0.0117189 0.0 0.0 0.0 0.0 0.0 0.0 0.0 0.0 0.0 0.0 0.0 0.0 0.0 0.0 0.0 5.96046e-08 2.11596e-06 0.0 0.0 0.0 0.0 0.0 0.0 0.0 0.0 0.0 0.000264764 0.0 0.0 0.0 0.0 5.63264e-06 0.0 0.0 0.0 0.0 0.0 0.165725 0.0 0.0 0.0 0.0 0.0 0.0 5.65052e-05 0.0 0.0 0.0 0.0 0.0 0.0 1.48118e-05 0.0 0.0 2.98023e-08 0.0 0.0 2.98023e-08 0.0
0.0 0.0 0.0 5.96046e-08 0.0 0.0 0.0 0.0 0.0 0.0 0.0 0.0 0.0 0.0 0.0 0.0 0.0 0.0 5.96046e-08 1.19209e-07 0.0 0.0 0.0 0.0 0.0 0.0 0.0 0.0 0.0 0.0 0.0 0.0 0.0 0.0 5.96046e-08 0.0 0.0 0.0 0.0 0.0 0.0 0.0 0.0 0.0 0.0 0.0 5.96046e-08 0.0 0.0 0.0 1.78814e-07 0.0 0.0 5.96046e-08 0.0 2.98023e-08 0.0 5.96046e-08 0.0 0.0 0.0 5.96046e-08 0.0 0.0
0.0 0.0 0.0 0.0 0.0 0.0 0.0232326 0.0 0.0 0.0 0.0 0.0 0.0 0.0 0.0 0.0 5.06639e-07 0.0 0.0 0.0 0.0 0.0 0.0 0.0 0.0 0.0 0.0 0.0 0.0 0.0 0.980715 0.0 0.0 0.0 0.0 0.000542223 0.0 0.0 0.0 0.0 0.0 0.0 0.0 0.0 0.0 0.98533 0.0 0.0 0.0 0.0 0.0 0.0 0.0 0.0 0.0 0.0 0.0 0.0 0.000840545 0.0 0.0 0.0 0.0 0.0
0.00177157 0.0 0.0 0.0 5.96046e-08 0.0 0.0 0.0 0.0 0.0 0.0 0.0 0.0 0.0 0.0 0.0 0.0 0.0 0.0 0.0 0.0 0.0 0.0 0.0 0.0 0.0 0.0 0.0 0.0 0.0 0.0 0.0 0.0 7.45058e-07 0.0 0.0 0.000181764 0.0 0.224107 0.0 0.0 0.0 0.0 0.0 0.0 0.0 0.0 2.38419e-06 0.0 0.00026238 0.0 0.0 0.991341 0.0 0.0 0.0 0.0 0.0 0.0 2.35736e-05 0.0 0.0 0.00134748 0.0
0.0 0.0 0.0 0.0 0.0 0.0 0.0 0.0 0.0 0.0 0.0 0.0 0.0 0.0 0.0 0.0 0.0 0.0 0.0 0.0 0.0 0.0 0.0 0.0 0.0 0.0 0.0 0.0 0.0 0.0 0.0 0.0 0.0 0.0 0.0 0.0 0.0 0.0 0.0 0.024343 0.0 0.0 0.0 0.0 0.998709 0.0 0.0 0.0 0.0 0.0 0.0 0.0 0.0 0.0 0.0 0.0 3.32594e-05 0.0 0.0 0.0 0.0 0.0 0.0 0.0
0.0 0.0 0.0 0.0 0.0 0.0 0.0 0.0 0.0 0.0 0.0 0.0 0.0 0.0 0.0 0.0 0.0 0.0 0.0 0.0 0.0 0.0 0.0 0.0 0.0 0.0 0.0 0.0 0.0 0.0 0.0 0.0 0.999849 0.0 0.0 0.0 0.0 0.0 0.0 0.0 0.0 0.0 0.0 0.0 0.0 0.0 0.0 0.0 0.0 0.0 0.0 0.0 0.0 0.0 0.0 0.0 0.0 0.0 0.0 0.0 0.0 0.0 0.0 0.0
0.0 0.0 0.0 0.0 0.0 0.0 0.000382334 0.0 0.0 0.0 0.0 0.0 0.0 0.0 0.0 0.0 0.999824 0.0 0.0 0.0 0.0 0.0 0.0 0.0 0.0 0.0 0.0 0.0 0.0 0.0 3.17991e-05 0.0 0.0 0.0 0.0 0.144904 0.0 0.0 0.0 0.0 0.0 0.0 0.0 0.0 0.0 8.55327e-05 0.0 0.0 0.0 0.0 0.0 0.0 0.0 0.0 0.0 0.0 0.0 0.0 0.0 0.0 0.0 0.0 0.0 0.0
0.000236541 0.0 0.0 0.0 2.08616e-07 0.0 0.0 0.0 0.0 0.0 0.0 0.0 0.0 0.0 0.0 0.0 0.0 2.08616e-07 0.0 0.0 0.999474 9.53674e-07 0.0 0.0 0.0 1.0103e-05 0.0 0.0 0.0 0.0 0.0 0.000100702 0.0 0.0 0.0 0.0 0.0 0.0 0.0 0.0 0.0 0.0 2.98023e-08 0.0 0.0 0.0 0.0 0.0 0.0 0.0 0.0 0.0 0.0 0.0 0.0 0.0 0.0 0.0 0.0 3.57628e-07 2.94745e-05 0.0 0.0 8.64267e-07
0.0 0.0 0.0 0.0 0.0 0.0 0.993742 0.0 0.0 0.0 0.0 0.0 0.0 0.0 0.0 0.0 0.00419828 0.0 0.0 0.0 0.0 0.0 0.0 0.0 0.0 0.0 0.0 0.0 0.0 0.0 0.017066 0.0 0.0 0.0 0.0 0.0175872 0.0 0.0 0.0 0.0 0.0 0.0 0.0 0.0 0.0 0.0434146 0.0 0.0 0.0 0.0 0.0 0.0 0.0 0.0 0.0 0.0 0.0 0.0 2.98023e-07 0.0 0.0 0.0 0.0 0.0
0.0 0.0 1.47223e-05 0.0 0.0 0.0 0.0 0.0 0.0 0.0 0.0 0.0 0.0 0.0 0.0 0.0 0.0 0.0 0.0 0.0 0.0 0.0 0.0 0.0 0.0 0.0 1.19209e-07 0.0 0.0 0.0 0.0 0.0 0.0 0.0 0.0 0.0 0.0 0.0 0.0 0.0 0.0 0.0 0.0 0.0 0.0 0.0 0.0 0.0 0.999137 0.0 0.0 0.0 0.0 0.0 0.0 0.0 0.0 0.0 0.0 0.0 0.0 0.0 0.0 0.0
0.0 0.0 0.0 0.0 0.0 0.0 0.00197542 0.0 0.0 0.0 0.0 0.0 0.0 0.0 0.0 0.0 5.96046e-08 0.0 0.0 0.0 0.0 0.0 0.0 0.0 0.0 0.0 0.0 0.0 0.0 0.0 0.984328 0.0 0.0 0.0 0.0 5.45681e-05 0.0 0.0 0.0 0.0 0.0 0.0 0.0 0.0 0.0 0.975062 0.0 0.0 0.0 0.0 0.0 0.0 0.0 0.0 0.0 0.0 0.0 0.0 0.00965467 0.0 0.0 0.0 0.0 0.0
0.0 0.0 0.0 0.801807 0.0 0.0 0.0 0.0 0.0 0.0 0.0 0.0 0.0 0.0 0.0 0.0 0.0 0.0 0.813397 0.721639 0.0 0.0 0.0 0.0 0.0 0.0 0.0 0.0 0.0 0.0 0.0 0.0 0.0 0.0 0.801735 0.0 0.0 0.0 0.0 0.0 0.0 0.0 0.0 0.0 0.0 0.0 0.802544 0.0 0.0 0.0 0.810888 0.0 0.0 0.800197 0.0 0.802696 0.0 0.802544 0.0 0.0 0.0 0.802544 0.0 0.0
5.33462e-06 0.0 0.0 0.0 0.0 0.0 0.0 0.0 0.0 0.0 0.0 0.0 0.0 0.0 0.0 0.0 0.0 0.0 0.0 0.0 0.0 0.0 0.0 0.0 0.0 0.0 0.0 0.0 0.0 0.0 0.0 0.0 0.0 2.98023e-08 0.0 0.0 0.0026778 0.0 0.000411808 0.0 0.0 0.0 0.0 0.0 0.0 0.0 0.0 0.106157 0.0 5.96046e-08 0.0 0.0 3.96371e-06 0.0 0.0 0.0 0.0 0.0 0.0 0.999571 0.0 0.0 9.26852e-05 0.0
0.0 0.999986 0.0 0.0 0.0 0.0 0.0 0.0 0.0 0.0 0.0 0.0 0.0 0.0 0.0 0.0 0.0 0.0 0.0 0.0 0.0 0.0 0.0 2.98023e-07 0.0 0.0 0.0 0.0 0.0 0.000437677 0.0 0.0 0.0 0.0 0.0 0.0 0.0 0.0105747 0.0 0.0 0.0 0.00967064 0.0 0.0177698 0.0 0.0 0.0 0.0 0.0 0.0 0.0 1.93715e-06 0.0 0.0 0.0 0.0 0.0 0.0 0.0 0.0 0.0 0.0 0.0 0.0
8.22544e-06 0.0 0.0 0.0 0.0 0.0 0.0 0.0 0.0 0.0 0.0 0.0 0.0 0.0 0.0 0.0 0.0 0.0 0.0 0.0 0.0 0.0 0.0 0.0 0.0 0.0 0.0 0.0 0.0 0.0 0.0 0.0 0.0 0.999944 0.0 0.0 0.0 0.0 1.60933e-06 0.0 0.0 0.0 0.0 0.0 0.0 0.0 0.0 0.0 0.0 1.19209e-07 0.0 0.0 1.82092e-05 0.0 0.0 0.0 0.0 0.0 0.0 2.98023e-07 0.0 0.0 6.19292e-05 0.0
0.0 0.0 0.0 0.802321 0.0 0.0 0.0 0.0 0.0 0.0 0.0 0.0 0.0 0.0 0.0 0.0 0.0 0.0 0.813888 0.722289 0.0 0.0 0.0 0.0 0.0 0.0 0.0 0.0 0.0 0.0 0.0 0.0 0.0 0.0 0.802249 0.0 0.0 0.0 0.0 0.0 0.0 0.0 0.0 0.0 0.0 0.0 0.803057 0.0 0.0 0.0 0.811384 0.0 0.0 0.800714 0.0 0.803208 0.0 0.803057 0.0 0.0 0.0 0.803057 0.0 0.0
0.0 0.0 0.0 0.0 0.0 0.0 0.0 0.0 0.0 0.0 0.999706 0.0 0.0 0.0 0.0 0.0 0.0 0.0 0.0 0.0 0.0 0.0 0.0 0.0 0.0 0.0 0.0 0.0 0.0 0.0 0.0 0.0 0.0 0.0 0.0 0.0 0.0 0.0 0.0 0.0 0.0 0.0 0.0 0.0 0.0 0.0 0.0 0.0 0.0 0.0 0.0 0.0 0.0 0.0 0.0 0.0 0.0 0.0 0.0 0.0 0.0 0.0 0.0 0.0
0.0 0.0104505 0.0 0.0 0.0 0.0 0.0 0.0 0.0 0.0 0.0 2.38419e-07 0.0 0.0 0.0 0.0 0.0 0.0 0.0 0.0 0.0 0.0 0.0 5.96046e-08 0.0 0.0 0.0 0.0 0.0 8.4579e-05 0.0 0.0 0.0 0.0 0.0 0.0 0.0 0.01746 0.0 0.0 0.0 0.00886497 0.0 0.983494 0.0 0.0 0.0 0.0 0.0 0.0 0.0 0.0 0.0 0.0 0.0 0.0 0.0 0.0 0.0 0.0 0.0 0.0 0.0 0.0
0.0 0.0 0.0 0.61475 0.0 0.0 0.0 0.0 0.0 0.0 0.0 0.0 0.0 0.0 0.0 0.0 0.0 0.0 0.556114 0.924263 0.0 0.0 0.0 0.0 0.0 0.0 0.0 0.0 0.0 0.0 0.0 0.0 0.0 0.0 0.614883 0.0 0.0 0.0 0.0 0.0 0.0 0.0 0.0 0.0 0.0 0.0 0.543037 0.0 0.0 0.0 0.664281 0.0 0.0 0.612211 0.0 0.543275 0.0 0.543037 0.0 0.0 0.0 0.543037 0.0 0.0
0.0 0.0 0.0 0.0 0.0 0.0 0.0 0.0 0.0 0.0 0.0 0.0 0.0 0.0 0.999956 0.0 0.0 0.0 0.0 0.0 0.0 0.0 0.0 0.0 0.0 0.0 0.0 0.0 0.0 0.0 0.0 0.0 0.0 0.0 0.0 0.0 0.0 0.0 0.0 0.0 0.0 0.0 0.0 0.0 0.0 0.0 0.0 0.0 0.0 0.0 0.0 0.0 0.0 0.0 0.0 0.0 0.0 0.0 0.0 0.0 0.0 0.0 0.0 0.0
0.0 0.0 0.0 0.739093 0.0 0.0 0.0 0.0 0.0 0.0 0.0 0.0 0.0 0.0 0.0 0.0 0.0 0.0 0.725761 0.676342 0.0 0.0 0.0 0.0 0.0 0.0 0.0 0.0 0.0 0.0 0.0 0.0 0.0 0.0 0.741354 0.0 0.0 0.0 0.0 0.0 0.0 0.0 0.0 0.0 0.0 0.0 0.711619 0.0 0.0 0.0 0.833383 0.0 0.0 0.737142 0.0 0.711815 0.0 0.711619 0.0 0.0 0.0 0.711619 0.0 0.0
0.0 0.0 0.0 0.0 0.0 0.0 0.0 0.0 0.0 0.0 0.0 0.0 0.0 0.0 0.0 0.0 0.0 0.0 0.0 0.0 0.0 0.0 0.0 0.0 0.0 0.0 0.0 0.0 0.0 0.0 0.0 0.0 0.0 0.0 0.0 0.0 0.0 0.0 0.0 0.997226 0.0 0.0 0.0 0.0 0.00215521 0.0 0.0 0.0 0.0 0.0 0.0 0.0 0.0 0.0 0.0 0.0 0.00137523 0.0 0.0 0.0 0.0 0.0 0.0 0.0
0.0 0.0 0.0 0.0 0.0 0.0 0.0 0.0 0.0 0.0 0.0 0.0 0.0 0.0 0.0 0.99996 0.0 0.0 0.0 0.0 0.0 0.0 0.0 0.0 0.0 0.0 0.0 0.0 0.0 0.0 0.0 0.0 0.0 0.0 0.0 0.0 0.0 0.0 0.0 0.0 0.0 0.0 0.0 0.0 0.0 0.0 0.0 0.0 0.0 0.0 0.0 0.0 0.0 0.0 0.0 0.0 0.0 0.0 0.0 0.0 0.0 0.0 0.0 0.0
0.533215 0.0 0.0 0.0 0.00186929 0.0 0.0 0.0 0.0 0.0 0.0 0.0 0.0 0.0 0.0 0.0 0.0 0.0 0.0 0.0 2.20537e-06 6.55651e-05 0.0 0.0 0.0 1.78814e-07 0.0 0.0 0.0 0.0 0.0 0.000878066 0.0 0.0 0.0 0.0 4.98295e-05 0.0 0.0 0.0 0.0 0.0 0.015138 0.0 0.0 0.0 0.0 2.98023e-08 0.0 0.000885993 0.0 0.0 1.19209e-07 0.0 0.0 0.0 3.57628e-07 0.0 0.0 7.7486e-07 0.0 0.0 3.99947e-05 0.0
1.69873e-06 0.0 0.0 0.0 2.08616e-07 0.0 0.0 0.0 0.0 0.0 0.0 0.0 0.0 0.0 0.0 0.0 0.0 0.0 0.0 0.0 0.0 0.0 0.0 0.0 0.0 8.9407e-08 0.0 0.0 0.0 0.0 0.0 0.0 0.0 0.0 0.0 0.0 0.999978 0.0 0.0356888 0.0 0.0 0.0 5.96046e-08 0.0 0.0 0.0 0.0 3.21567e-05 0.0 9.0301e-06 0.0 0.0 0.000491381 0.0 0.0 0.0 0.0 0.0 0.0 0.0038214 0.0 0.0 2.86102e-06 0.0
0.0 0.0 0.0 0.0 4.76837e-07 0.0 0.0 0.0 0.0 0.0 0.0 0.0 0.0 0.0 0.0 0.0 0.0 0.998307 0.0 0.0 2.02358e-05 0.0 0.0 0.0 0.0 0.000456959 0.0 0.0 0.0 0.0 0.0 2.39909e-05 0.0 0.0 0.0 0.0 0.0 0.0 0.0 0.0 0.0 0.0 0.0 0.0 0.0 0.0 0.0 0.0 0.0 0.0 0.0 0.0 0.0 0.0 0.0 0.0 0.0 0.0 0.0 0.0 0.0 0.0 0.0 0.0
0.0 0.0 0.0 0.803761 0.0 0.0 0.0 0.0 0.0 0.0 0.0 0.0 0.0 0.0 0.0 0.0 0.0 0.0 0.812009 0.724026 0.0 0.0 0.0 0.0 0.0 0.0 0.0 0.0 0.0 0.0 0.0 0.0 0.0 0.0 0.803263 0.0 0.0 0.0 0.0 0.0 0.0 0.0 0.0 0.0 0.0 0.0 0.801095 0.0 0.0 0.0 0.812362 0.0 0.0 0.801749 0.0 0.801306 0.0 0.801095 0.0 0.0 0.0 0.801095 0.0 0.0
0.000813246 0.0 0.0 0.0 3.3617e-05 0.0 0.0 0.0 0.0 0.0 0.0 0.0 0.0 0.0 0.0 0.0 0.0 0.000149578 0.0 0.0 1.88053e-05 8.55327e-06 0.0 0.0 0.0 1.0 0.0 0.0 0.0 0.0 0.0 1.37091e-06 0.0 0.0 0.0 0.0 5.96046e-08 0.0 0.0 0.0 0.0 0.0 0.0 0.0 0.0 0.0 0.0 0.0 0.0 0.0 0.0 0.0 0.0 0.0 0.0 0.0 0.0 0.0 0.0 5.96046e-08 0.000211239 0.0 0.000390351 0.0
0.0 0.0 0.0 0.0 0.0 0.0 0.0 0.0 0.0 0.0 0.0 0.0 0.0 0.0 0.0 0.0 0.0 0.0 0.0 0.0 0.0 0.0 0.0 0.0 0.0 0.0 0.0 0.0 0.0 0.0 0.0 0.0 0.0 0.0 0.0 0.0 0.0 0.0 0.0 0.0 0.0 0.0 2.98023e-08 0.0 0.0 0.0 0.0 0.0 0.0 0.0 0.0 0.0 0.0 0.0 0.0 0.0 0.0 0.0 0.0 0.0 0.0 0.0 0.0 1.78814e-07
55 46 31 56 61 57 18 5 50 53 21 39 3 15 26 8 34 19 12 44 13 38 60 7 4 42 54 48 27 52 17 11 49 20 14 1 24 43 37 51 33 47 40 23 41 6 45 10 62 59 32 29 16 9 30 2 25 36 63 22 35 58 28 0
