8
4.26173e-06 0.000165969 0.0256964 0.00857893 0.0 0.00125584 0.0 0.0 0.00581795 0.0 0.0 8.9407e-08 2.08616e-07 0.00027889 0.0 1.42753e-05 0.0 0.812885 7.72476e-05 0.0 4.17233e-07 0.0 0.0 0.00475436 2.68221e-07 0.0788802 0.0 3.0607e-05 0.0 1.78814e-07 0.0 0.0 0.0 0.0 0.182407 0.0 0.0 0.0 0.0 0.0 0.0 0.0 0.0 0.00840428 0.0 0.0 0.0 0.0 0.000559688 0.000711441 0.22886 2.68221e-07 0.0 0.0 2.05934e-05 0.90172 0.0 0.0 0.0 0.0 0.0 1.0 0.0 0.0
0.0 0.0 0.0 0.0 0.0 0.0 8.64267e-07 0.0935594 0.0 2.68221e-07 0.0 0.0 0.0 0.0 0.0 0.0 0.0 0.0 0.0 0.0 0.0 0.0 0.0 0.0 0.0 0.0 0.0 0.0 0.0 0.0 0.0 0.0 0.0 0.0 0.0 0.0 0.000703484 0.0 0.0 0.0 0.0 0.0 0.0 0.0 0.0 0.0 0.0 0.0 0.0 0.0 0.0 0.0 0.0 0.0 0.0 0.0 0.0 0.0 1.0 0.0 0.0 0.0 0.0 0.0
0.0 0.0152301 0.012671 0.984044 0.0 4.47035e-07 0.0 0.0 6.25849e-07 0.0 0.0 0.000136912 0.0 0.0 0.0 5.96046e-08 0.0 0.0 0.000753075 0.0 5.0962e-06 0.0 0.0 1.90735e-06 0.0 0.99999 0.0 1.93715e-06 0.0 0.332834 0.0 0.0 0.0 0.0 0.0449539 0.0 0.0 0.00282612 2.17557e-06 0.0 0.0 0.0 0.0 0.0 0.0 0.0 0.0 0.0 1.19209e-07 2.32458e-06 1.49012e-07 0.0 0.0 0.0 0.00455958 0.0186014 0.0 0.0 0.0 0.0 0.0 1.0 0.0 0.0
4.09186e-05 1.93119e-05 3.04282e-05 0.984729 0.0 2.23517e-06 0.0 0.0 0.00025773 0.0 0.0 0.0 2.47359e-06 0.0 0.0 0.000602245 0.0 8.9407e-08 0.00209358 0.0 2.95043e-06 0.0 0.0 0.980612 5.96046e-08 0.021215 0.0 0.00569573 0.0 1.49012e-07 0.0 0.0 0.0 0.0 0.365525 0.0 0.0 0.0 0.0 0.0 0.0 0.0 0.0 0.0292577 0.0 0.0 0.0 0.0 0.0 8.9407e-08 3.27826e-07 2.44677e-05 0.0 0.0 4.67896e-06 0.0340853 0.0 0.0 0.0 0.0 0.0 0.999989 0.0 0.0
0.0 0.0 0.0 0.0 0.0 0.0 0.0 0.0 0.0 0.00190118 0.0 0.0 0.0 0.0 0.0 0.0 0.0 0.0 0.0 0.0 0.0 0.0 0.0 0.0 0.0 0.0 0.0 0.0 0.999893 0.0 1.46031e-06 0.0 0.0 0.0 0.0 0.0 0.0 0.0 0.0 0.0 0.0 0.0 0.0 0.0 0.0 0.0 0.0 0.0 0.0 0.0 0.0 0.0 0.0 0.0 0.0 0.0 1.49012e-07 0.0 0.0 5.72205e-06 0.0 0.363496 0.0 0.0
0.0 1.08778e-05 0.175428 0.0895895 0.0 0.0 0.0 0.0 0.000158995 0.0 0.0 7.92146e-05 0.0 0.0 0.0 0.0 0.0 0.0 3.08454e-05 0.0 0.000202149 0.0 0.0 0.0 0.0 0.00804424 0.0 0.0 0.0 0.00648829 0.0 1.19209e-07 0.0 0.0 1.40071e-06 0.0 0.0 0.000122905 0.978997 0.0 7.98702e-06 0.0 0.0 0.0 0.0 0.0 0.0 0.0 0.0 0.0 0.0 0.0 0.0 0.0 0.00932866 5.21243e-05 0.0 1.78218e-05 0.0 0.0 0.0 1.0 0.0 0.0
0.0 0.0 0.0 0.0 0.0 0.0 0.0 0.0 0.0 0.0 0.0 0.0 0.0 0.0 0.0 0.0 0.0 0.0 0.0 5.36442e-07 0.0 0.0 0.0 0.0 0.0 0.0 0.0 0.0 0.0 5.06639e-07 0.0 0.0 0.0 1.0 0.0 0.0 0.0 1.90139e-05 2.02656e-06 0.0 0.0 0.0 0.0 0.0 0.0 0.0 0.0 7.37309e-05 0.0 0.0 0.0 0.0 0.0 0.0 0.0 0.0 2.68221e-07 8.9407e-08 0.0 0.0 0.0 0.999997 0.0 8.9407e-08
0.0 0.0 0.0 0.0 0.0 0.0 0.0 0.00188786 0.0 0.0 0.0 0.0 0.0 0.0 0.0 0.0 0.0 0.0 0.0 0.0 0.0 0.999999 0.0 0.0 0.0 0.0 0.0 0.0 0.0 0.0 0.0 0.0 0.0 0.0 0.0 0.0 0.0 0.0 0.0 0.0 0.0 0.0 0.0 0.0 0.0 0.0 0.0 0.0 0.0 0.0 0.0 0.0 0.0 0.0 0.0 0.0 0.0 0.0 9.23872e-07 0.0 0.0 0.0 0.0 0.0
0.0 0.0 0.0 0.0 0.0 2.98023e-08 0.0 0.0 0.0 0.0 0.000514954 0.0 0.0 0.435802 0.0 0.0 0.0 0.000311136 0.0 0.0 0.0 0.0 0.0 0.0 0.0 0.0 0.0 0.0 0.0 0.0 0.0 0.0 0.0 0.0 0.0 1.49012e-06 0.0 0.0 0.0 0.0 0.0 0.0 0.0 0.0 0.0 0.0 0.0 0.0 2.65241e-06 0.0 6.07967e-06 0.0 0.0 0.000664353 0.0 0.0 0.0 0.0 0.0 0.0 0.0 0.799436 0.0 0.0
0.0 0.0 0.0 0.0 0.0 0.0 0.0 0.0 0.0 0.0 0.0 0.0 0.0 0.0 0.0 0.0 0.0 0.0 0.0 0.999999 0.0 0.0 0.0 0.0 0.0 0.0 0.0 0.0 0.0 0.0 0.0 0.0 0.0 0.0 0.0 0.0 0.0 0.0 0.0 4.96209e-05 0.0 0.0 0.0 0.0 0.0 0.0 0.0 0.0 0.0 0.0 0.0 0.0 0.0 0.0 0.0 0.0 0.0 0.0 0.0 0.0 0.0 0.201896 0.0 0.0
0.0 0.0 9.68575e-06 1.60635e-05 0.00114724 0.0 0.0 0.0 0.0 0.0 0.0 5.06639e-07 0.0 0.0 0.0 0.0 0.0 0.0 0.0 1.66893e-06 0.0 0.0 0.0 0.0 0.0 8.9407e-08 1.04904e-05 0.0 5.96046e-08 0.00273693 0.0 0.000238597 0.0 0.959169 0.0 0.0 0.0 0.00162661 0.0088158 1.54972e-06 0.0 0.0 0.693677 0.0 0.0 0.0 0.0 1.83284e-05 0.0 2.98023e-08 0.0 0.0 0.0 0.0 0.0 0.0 0.0135528 0.000162512 0.0 0.0 8.9407e-08 0.999999 0.000344455 0.972705
1.19209e-07 0.00121787 6.64592e-06 0.0238314 0.0 0.0 0.0 0.0 8.9407e-06 0.0 0.0 9.23872e-07 0.0 0.0 0.0 5.03659e-06 0.0 0.0 5.57303e-06 0.0 8.9407e-08 0.0 0.0 4.47035e-07 2.08616e-07 0.000608593 0.0 1.19209e-07 0.0 9.59635e-06 0.0 5.96046e-08 0.0 0.0 6.61612e-06 0.0 0.0 0.0 0.0 0.0 0.0 0.0 0.0 5.93066e-06 0.0 0.0 0.0 0.0 0.0 3.09944e-06 0.0 2.98023e-08 0.0 0.0 2.38419e-07 1.14143e-05 0.0 0.0 0.0 0.0 8.64267e-07 0.999998 0.0 0.0
2.563e-05 1.14143e-05 3.24249e-05 0.999994 0.0 0.0 0.0 0.0 8.64267e-07 0.0 0.0 5.96046e-08 1.07884e-05 0.0 0.0 7.83801e-05 0.0 0.0 0.00625613 0.0 0.00173333 0.0 0.0 0.000723332 0.0 0.94021 0.0 0.0346338 0.0 7.03335e-06 0.0 0.0 0.0 0.0 0.00593358 0.0 0.0 1.49012e-07 0.0 0.0 0.0 0.0 0.0 6.4671e-06 0.0 0.0 0.0 0.0 0.0 0.0 0.0 0.00135273 0.0 0.0 0.00195441 0.000378996 0.0 0.0 0.0 0.0 2.68221e-07 1.0 0.0 0.0
0.0 8.9407e-08 1.49012e-07 7.7486e-07 0.0 0.0 0.0 0.0 0.0 0.0 2.37823e-05 1.63019e-05 0.0 0.0 0.0 0.0 5.96046e-08 0.0 0.0 0.0 0.0 0.0 0.0 0.0 0.0 3.47793e-05 4.47333e-05 0.0 0.0 1.3262e-05 0.0 1.19209e-07 0.0 0.0 0.0 4.17233e-07 0.0 5.66244e-07 3.8743e-07 6.25849e-07 0.0 0.0 0.0 0.0 0.0 0.0 0.999998 0.0 0.0 5.33462e-06 0.0 0.0 0.0 0.0 0.0 0.0 0.176747 1.2219e-06 0.0 0.0 0.0 0.999967 0.0 0.0
0.995941 0.0 0.0 0.000991404 0.0 0.0 0.0 0.0 0.0 0.0 0.0 0.0 0.767316 0.0 0.0 0.114501 0.0 0.0 0.0 0.0 0.0 0.0 0.0 0.0 0.0 0.0 0.0 2.05636e-05 0.0 0.0 0.0 0.0 0.0 0.0 0.0 0.0 0.0 0.0 0.0 0.0 0.0 0.0 0.0 0.0 0.0 0.0 0.0 0.0 0.0 0.0 0.0 0.945815 0.0 0.0 0.0 0.0 0.0 0.0 0.0 0.0 0.0 0.00267193 0.0 0.0
0.0 1.65105e-05 3.91006e-05 7.45058e-07 0.0 2.41399e-06 0.0 0.0 7.15256e-07 0.0 0.00366458 1.49012e-07 0.0 0.0113186 0.0 0.0 0.0 0.0632044 0.0 0.0 0.0 0.0 0.0 0.0 0.0 2.64943e-05 3.8147e-06 0.0 0.0 0.0 0.0 2.98023e-08 0.0 0.0 3.36766e-06 0.0172277 0.0 0.0 0.0 0.0 0.0 0.0 0.0 8.9407e-08 0.0 0.0 2.98023e-08 0.0 0.996142 0.00286251 0.98869 0.0 0.0 0.0101938 0.0 1.12057e-05 0.0 0.0 0.0 0.0 0.0 1.0 0.0 0.0
0.138577 1.19209e-07 1.10269e-06 0.994835 0.0 0.0 0.0 0.0 2.98023e-07 0.0 0.0 0.0 0.113095 0.0 0.0 0.0268393 0.0 0.0 0.005898 0.0 0.00148496 0.0 0.0 0.00511646 0.0 0.00362787 0.0 0.947857 0.0 0.0 0.0 0.0 0.0 0.0 0.00348592 0.0 0.0 0.0 0.0 0.0 0.0 0.0 0.0 0.000469565 0.0 0.0 0.0 0.0 0.0 0.0 0.0 0.310859 0.0 0.0 1.19209e-07 0.00517836 0.0 0.0 0.0 0.0 0.0 0.999924 0.0 0.0
0.0 0.0 0.0 0.0 1.0 0.0 0.0 0.0 0.0 0.0 0.0 0.0 0.0 0.0 0.0 0.0 0.0 0.0 0.0 0.0 0.0 0.0 0.0 0.0 0.0 0.0 0.0 0.0 0.0 0.0 0.0 0.0 0.0 0.0 0.0 0.0 0.0 0.0 0.0 0.0 0.0 0.0 0.0 0.0 0.0 0.0 0.0 0.0 0.0 0.0 0.0 0.0 0.0 0.0 0.0 0.0 0.0 0.0 0.0 0.0 0.0 0.0756513 1.77622e-05 5.96046e-08
0.0 8.64267e-07 3.27826e-07 6.25849e-07 0.0 0.0 0.0 0.0 1.19209e-07 0.0 0.0 0.00936526 0.0 0.0 0.0 0.0 0.0 0.0 0.0 0.0 0.0 0.0 0.0 0.0 0.0 1.19209e-07 2.98023e-08 0.0 0.0 5.02765e-05 0.0 0.981966 0.0 0.0 0.0 1.78814e-07 0.0 2.98023e-07 2.98023e-06 2.68221e-07 0.0 0.0 0.0 0.0 0.0 0.0 0.0 9.23872e-07 3.8743e-07 0.0385288 0.0 0.0 0.0 0.0 1.19209e-07 0.0 0.000235319 6.6936e-05 0.0 0.0 1.19209e-07 1.0 0.0 0.0
0.0 0.0 0.0 1.20103e-05 3.46899e-05 0.0 0.0 0.0 0.0 0.0 0.0 1.19209e-07 0.0 0.0 0.0 0.0 0.0 0.0 0.0 0.0 0.0 0.0 0.0 0.0 0.0 5.36442e-07 0.0 0.0 0.0 2.0653e-05 0.0 1.89245e-05 0.0 1.19209e-07 0.0 0.0 0.0 3.74913e-05 2.98023e-08 0.0 0.0 0.0 0.0 0.0 0.0 0.0 0.0 1.78814e-07 0.0 0.0 0.0 0.0 0.0 0.0 0.0 0.0 2.28584e-05 9.08971e-06 0.0 0.0 2.38419e-07 0.999998 1.90735e-06 0.998309
7.689e-06 0.998212 0.984312 0.999047 0.0 0.0480498 0.0 0.0 0.702889 0.0 0.0 0.0852219 3.27826e-07 5.96046e-08 0.0 0.000742435 0.0 0.00032407 0.0575799 0.0 0.006419 0.0 0.0 0.0033876 0.000290036 0.985332 0.0 0.00027144 0.0 0.424858 0.0 0.000318885 0.0 0.0 0.912666 8.9407e-08 0.0 0.00425562 3.45707e-06 0.0 0.0 0.0 0.0 0.101245 0.0 0.0 0.0 0.0 3.11732e-05 0.0983131 0.00230056 0.000172704 0.0 0.0 0.969786 0.961254 0.0 5.96046e-08 0.0 0.0 2.98023e-07 1.0 0.0 0.0
0.152738 0.0411033 0.509101 0.999995 0.0 0.0287657 0.0 0.0 0.242309 0.0 0.0 3.317e-05 0.0191916 9.29832e-06 0.0 0.895732 0.0 2.31564e-05 0.406094 0.0 0.00383538 0.0 0.0 0.999699 1.80602e-05 0.985905 0.0 0.639947 0.0 0.00231224 0.0 2.38419e-07 0.0 0.0 0.976893 0.0 0.0 7.7486e-07 1.67191e-05 0.0 0.0 0.0 0.0 0.999795 0.0 0.0 0.0 0.0 4.47035e-07 0.000668496 5.0813e-05 0.294896 0.0 0.0 0.0359266 0.97802 0.0 2.98023e-08 0.0 0.0 7.74562e-05 1.0 0.0 0.0
0.0 0.0 0.0 0.0 0.0 0.0 0.0 0.0 0.0 0.0 0.0 0.0 0.0 0.0 0.999992 0.0 0.0 0.0 0.0 0.0 0.0 0.0 0.0 0.0 0.0 0.0 0.0 0.0 0.0 0.0 0.0 0.0 0.0 0.0 0.0 0.0 0.0 0.0 0.0 0.0 0.0 0.0 0.0 0.0 0.0 0.0 0.0 0.0 0.0 0.0 0.0 0.0 0.0 0.0 0.0 0.0 0.0 0.0 0.0 0.0 0.0 0.0 0.0 0.0
1.49012e-07 0.0 2.68221e-07 8.70526e-05 0.0 1.19209e-07 0.0 0.0 1.19209e-07 0.0 0.000218391 0.0 0.0 0.999995 0.0 1.19209e-07 0.0 0.00187328 0.0 0.0 0.0 0.0 0.0 3.46303e-05 0.0 2.38419e-07 0.0 8.34465e-07 0.0 0.0 0.0 0.0 0.0 0.0 1.40369e-05 8.9407e-08 0.0 0.0 0.0 0.0 0.0 0.0 0.0 1.13547e-05 0.0 0.0 0.0 0.0 0.000136435 0.0 0.0124216 1.49012e-07 0.0 1.11759e-05 0.0 1.66893e-06 0.0 0.0 0.0 0.0 0.0 0.999985 0.0 0.0
0.0 0.00017035 1.0 0.0193217 0.0 1.2666e-05 0.0 0.0 0.000983953 0.0 0.0 3.21865e-06 0.0 0.0 0.0 0.0 0.0 0.0 1.47223e-05 0.0 9.53674e-07 0.0 0.0 0.0 0.0 8.65459e-05 0.0 0.0 0.0 5.16474e-05 0.0 1.78814e-07 0.0 0.0 3.57628e-07 0.0 0.0 8.9407e-08 1.43051e-06 0.0 0.0 0.0 0.0 1.78814e-07 0.0 0.0 0.0 0.0 0.0 1.3262e-05 0.0 0.0 0.0 0.0 3.44813e-05 0.000766993 0.0 0.0 0.0 0.0 0.0 0.999999 0.0 0.0
8.34465e-07 0.0774883 0.00076884 0.98528 0.0 2.98917e-05 0.0 0.0 0.00226593 0.0 0.0 4.64916e-06 2.98023e-08 0.0 0.0 3.35276e-05 0.0 1.50204e-05 0.00989005 0.0 7.53999e-06 0.0 0.0 0.096517 3.33786e-06 0.970172 0.0 0.000232995 0.0 0.000329167 0.0 0.0 0.0 0.0 0.997502 0.0 0.0 3.27826e-07 0.0 0.0 0.0 0.0 0.0 0.000252724 0.0 0.0 0.0 0.0 3.72529e-06 1.57058e-05 0.000334978 5.96046e-08 0.0 0.0 0.0152249 0.640046 0.0 0.0 0.0 0.0 0.0 1.0 0.0 0.0
0.0 8.34465e-06 3.16501e-05 3.69549e-06 0.0 2.38419e-07 0.0 0.0 5.06639e-07 0.0 1.0 1.19209e-07 0.0 0.000255913 0.0 0.0 7.15256e-07 4.55976e-06 0.0 0.0 0.0 0.0 0.0 2.98023e-08 0.0 2.02656e-06 1.49012e-07 0.0 0.0 0.0 0.0 0.0 0.0 0.0 3.57628e-07 0.000153333 0.0 0.0 0.0 0.0 0.0 0.0 0.0 0.0 0.0 0.0 0.0342341 0.0 0.00117856 0.00363019 0.00615233 0.0 0.0 0.00122797 0.0 4.11272e-06 0.0 0.0 0.0 0.0 0.0 0.998812 0.0 0.0
2.20537e-06 0.00642112 0.153428 0.999922 0.0 0.0 0.0 0.0 0.167359 0.0 0.0 3.8445e-06 7.7486e-07 0.0 0.0 8.70228e-05 0.0 0.0 0.998932 0.0 0.929599 0.0 0.0 0.000396609 0.0 0.267725 0.0 0.00854814 0.0 0.00487953 0.0 2.98023e-08 0.0 0.0 0.0148784 0.0 0.0 1.93715e-06 1.23978e-05 0.0 0.0 0.0 0.0 0.000223607 0.0 0.0 0.0 0.0 0.0 1.49012e-07 0.0 3.10838e-05 0.0 0.0 0.490743 0.133921 0.0 0.0 0.0 0.0 2.44677e-05 1.0 0.0 0.0
0.0 0.0 0.0 0.0 0.0230151 0.0 0.0 0.0 0.0 0.0 0.0 0.0 0.0 0.0 0.0 0.0 0.0 0.0 0.0 0.0 0.0 0.0 0.0 0.0 2.68221e-07 0.0 0.0 0.0 0.0 0.0 0.0 5.66244e-07 0.0 0.0 0.0 0.0 0.0 0.0 0.0 0.0 0.0 0.0 5.96046e-08 0.0 0.0 0.0 0.0 0.0 0.0 2.98023e-08 0.0 0.0 0.0 0.0 0.0 0.0 0.000131279 0.0 0.0 0.0 0.0 0.686911 1.0 4.60148e-05
0.0 0.0 0.0 0.0 0.0 0.0 0.0 8.9407e-08 0.0 0.122092 0.0 0.0 0.0 0.0 0.0 0.0 0.0 0.0 0.0 0.0 0.0 0.0 0.0 0.0 0.0 0.0 0.0 0.0 7.37906e-05 0.0 1.3113e-06 0.0 0.0 0.0 0.0 0.0 1.0 0.0 0.0 0.0 0.0 0.0 0.0 0.0 0.0 0.0 0.0 2.98023e-08 0.0 0.0 0.0 0.0 0.0 0.0 0.0 0.0 0.0 0.0 4.6581e-05 0.00103292 0.0 7.2211e-05 0.0 0.0
0.0 0.0 0.00880584 3.42727e-05 0.0 0.0 0.0 0.0 8.9407e-08 0.0 0.0 0.0 0.0 0.0 0.0 0.0 0.0 0.0 0.0 0.0 0.0 0.0 1.0 0.0 0.0 0.0 0.0 0.0 0.0 0.0 0.0 0.0 0.0 0.0 0.0 0.0 0.0 0.0 0.0 0.0 1.19209e-07 0.0 0.0 0.0 0.0 0.0 0.0 0.0 0.0 0.0 0.0 0.0 0.0 0.0 0.0 0.0 0.0 0.0 0.0 0.0 0.0 0.804854 0.0 0.0
0.0 0.0 0.0 1.2517e-06 0.0 0.0 0.0 0.0 0.0 0.0 0.0 0.0 0.0 0.0 0.0 0.0 0.0 0.0 0.0 0.0 0.0 0.0 0.0 0.0 0.0 0.0 0.0 0.0 0.0 0.0 0.0 0.0 0.0 0.0 0.0 0.0 0.0 0.0 9.20892e-06 0.0 0.999998 0.0 0.0 0.0 0.0 0.0 0.0 0.0 0.0 0.0 0.0 0.0 0.0 0.0 0.0 0.0 0.0 0.0 0.0 0.0 0.0 0.839335 0.0 0.0
0.0 0.00058648 0.176734 0.00146648 0.0 0.0 0.0 0.0 0.00146031 0.0 0.0 0.0281306 0.0 0.0 0.0 0.0 0.0 0.0 7.45058e-07 0.0 1.19209e-07 0.0 0.0 0.0 0.0 0.0107198 0.0 0.0 0.0 0.999976 0.0 1.86861e-05 0.0 0.0 2.98023e-08 0.0 0.0 0.265319 0.105815 0.0 0.0 0.0 0.0 0.0 0.0 0.0 0.0 2.38419e-07 0.0 0.0 0.0 0.0 0.0 0.0 0.0038045 5.66244e-07 3.8445e-06 0.00413716 0.0 0.0 0.0 1.0 0.0 8.9407e-08
0.0 0.00359949 0.997259 0.0101054 0.0 1.49012e-07 0.0 0.0 0.984923 0.0 0.0 0.00179446 0.0 0.0 0.0 0.0 0.0 0.0 2.23517e-06 0.0 5.06639e-07 0.0 0.0 5.96046e-08 2.98023e-07 7.15256e-07 0.0 0.0 0.0 0.00739938 0.0 0.00447258 0.0 0.0 2.98023e-08 0.0 0.0 8.9407e-08 3.17097e-05 0.0 0.0 0.0 5.96046e-08 5.57303e-06 0.0 0.0 0.0 0.0 5.96046e-08 0.000288904 8.9407e-08 0.0 0.0 0.0 0.000532538 4.35114e-06 0.0 3.57628e-07 0.0 0.0 2.98023e-08 1.0 0.0 0.0
1.19209e-07 3.99351e-06 0.0109366 0.989109 0.0 0.0 0.0 0.0 0.00324491 0.0 0.0 0.0 0.0 0.0 0.0 1.69873e-06 0.0 0.0 0.341559 0.0 0.983852 0.0 0.0 8.34465e-07 0.0 0.000112683 0.0 0.000154972 0.0 6.36876e-05 0.0 0.0 0.0 0.0 7.39098e-05 0.0 0.0 0.0 4.17233e-07 0.0 0.0 0.0 0.0 3.8743e-07 0.0 0.0 0.0 0.0 0.0 0.0 0.0 5.66244e-07 0.0 0.0 0.0198492 0.000271887 0.0 0.0 0.0 0.0 2.08616e-07 0.99987 0.0 0.0
2.08616e-07 0.140404 0.049468 0.0303041 0.0 0.000956178 0.0 0.0 0.000111789 0.0 0.0 2.98023e-07 2.98023e-08 0.0 0.0 1.43647e-05 0.0 0.000576675 0.00284624 0.0 1.36197e-05 0.0 0.0 2.72691e-05 3.57628e-07 0.866956 0.0 3.26335e-05 0.0 2.43783e-05 0.0 0.0 0.0 0.0 0.163539 0.0 0.0 2.98023e-08 0.0 0.0 0.0 0.0 0.0 0.000384539 0.0 0.0 0.0 0.0 1.19209e-06 6.63102e-05 4.33922e-05 6.85453e-07 0.0 0.0 0.000367671 0.971402 0.0 0.0 0.0 0.0 0.0 1.0 0.0 0.0
0.0 0.0 0.0 0.0 0.0 0.0 0.999982 0.0 0.0 0.0 0.0 0.0 0.0 0.0 0.0 0.0 0.0 0.0 0.0 0.0 0.0 0.0 0.0 0.0 0.0 0.0 0.0 0.0 0.0 0.0 0.0 0.0 0.0 0.0 0.0 0.0 0.0 0.0 0.0 0.0 0.0 0.0 0.0 0.0 0.0 0.0 0.0 0.0 0.0 0.0 0.0 0.0 0.0 0.0 0.0 0.0 0.0 0.0 0.0 0.0 0.0 0.0 0.0 0.0
0.0 0.0 1.5527e-05 2.98023e-08 0.0 0.0 0.0 0.0 0.0 0.0 0.0 7.15256e-07 0.0 0.0 0.0 0.0 0.0 0.0 0.0 0.0 0.0 0.0 0.0 0.0 0.0 0.0 0.0 0.0 0.0 0.00194016 0.0 1.46627e-05 0.0 5.66244e-07 0.0 0.0 0.0 0.00149706 0.0236237 2.08616e-07 0.0 0.0 0.0 0.0 0.0 0.0 0.0 0.0010525 0.0 0.0 0.0 0.0 0.0 0.0 0.0 0.0 0.00284702 0.987877 0.0 0.0 0.0 0.999965 0.0 1.63913e-06
0.0 0.0 0.0 0.0 0.0 0.0 0.0 0.0 0.0 0.0 0.0 0.0 0.0 0.0 0.0 0.0 0.0 0.0 0.0 0.0 0.0 0.0 0.0 0.0 0.0 0.0 0.0 0.0 0.0 0.0 0.0 0.0 0.999985 0.0 0.0 0.0 0.0 0.0 0.0 0.0 0.0 0.0 0.0 0.0 1.19209e-07 0.0 0.0 0.0 0.0 0.0 0.0 0.0 0.0 0.0 0.0 0.0 0.0 0.0 0.0 0.0 0.0 0.0 0.0 0.0
0.0 0.0 0.0 0.0 0.0 0.0 0.0 0.0 0.0 0.0 0.0 0.0 0.0 0.0 0.0 0.0 0.0 0.0 0.0 0.0 0.0 0.0 0.0 0.0 0.0 0.0 0.0 0.0 0.0 0.0 0.0 0.0 0.0 0.0 0.0 0.0 0.0 0.0 0.0 0.0 0.0 0.0 0.0 0.0 0.0 0.999896 0.0 0.0 0.0 0.0 0.0 0.0 0.0 0.0 0.0 0.0 0.0 0.0 0.0 0.0 0.0 0.0 0.0 0.0
0.0 0.0 1.20103e-05 0.0 0.0 3.01003e-06 0.0 0.0 0.0 0.0 0.0178668 0.0 0.0 0.0016357 0.0 0.0 7.15256e-07 8.9407e-08 0.0 0.0 0.0 0.0 0.0 0.0 0.0 1.49012e-07 2.38419e-07 0.0 0.0 0.0 0.0 0.0 0.0 0.0 0.0 0.450494 0.0 0.0 0.0 0.0 0.0 0.0 0.0 0.0 0.0 0.0 5.96046e-08 0.0 5.23031e-05 0.00091207 2.11596e-06 0.0 0.0 0.999976 0.0 5.96046e-08 0.0 0.0 0.0 0.0 0.0 0.999993 0.0 0.0
0.0 0.0 0.0 2.98023e-07 0.0 0.0 0.0 0.0 0.0 0.0 0.0 0.0 0.0 0.0 0.0 0.0 0.0 0.0 0.0 0.0 0.0 0.0 0.0 0.0 0.0 0.0 0.0 0.0 0.0 0.0 0.0 8.9407e-08 0.0 0.000118971 0.0 0.0 0.0 0.0 2.6226e-06 1.78814e-07 0.0 0.0 1.0 0.0 0.0 0.0 0.0 0.0 0.0 2.38419e-07 0.0 0.0 0.0 0.0 0.0 0.0 1.40667e-05 0.0 0.0 0.0 0.0 0.942019 5.39422e-06 7.12276e-06
0.0 0.0 0.0 0.0 0.0 0.0 0.0 1.0 0.0 0.0 0.0 0.0 0.0 0.0 0.0 0.0 0.0 0.0 0.0 0.0 0.0 2.02656e-06 0.0 0.0 0.0 0.0 0.0 0.0 0.0 0.0 0.0 0.0 0.0 0.0 0.0 0.0 1.79112e-05 0.0 0.0 0.0 0.0 0.0 0.0 0.0 0.0 0.0 0.0 0.0 0.0 0.0 0.0 0.0 0.0 0.0 0.0 0.0 0.0 0.0 0.00185734 0.0 0.0 0.0 0.0 0.0
0.443284 0.0 0.0 1.49012e-07 0.0 0.0 0.0 0.0 0.0 0.0 0.0 0.0 0.0241139 0.0 0.0 9.76026e-05 0.0 0.0 0.0 0.0 0.0 0.0 0.0 0.0 0.0 0.0 0.0 0.0 0.0 0.0 0.0 0.0 0.0 0.0 0.0 0.0 0.0 0.0 0.0 0.0 0.0 0.0 0.0 0.0 0.0 0.0 0.0 0.0 0.0 0.0 0.0 0.0393999 0.0 0.0 0.0 0.0 0.0 0.0 0.0 0.0 0.0 2.38419e-06 0.0 0.0
0.0 0.981417 0.477672 0.48069 0.0 0.000500381 0.0 0.0 0.0666193 0.0 0.0 0.0136592 0.0 0.0 0.0 5.96046e-08 0.0 1.27554e-05 0.00238648 0.0 4.47035e-06 0.0 0.0 0.000202626 3.60608e-06 0.602207 0.0 8.9407e-08 0.0 0.022204 0.0 3.46601e-05 0.0 0.0 0.250154 0.0 0.0 5.87106e-06 2.77162e-06 0.0 0.0 0.0 0.0 0.00203389 0.0 0.0 0.0 0.0 0.000101626 0.0478969 0.000611871 0.0 0.0 0.0 0.346542 0.869957 0.0 1.49012e-07 0.0 0.0 0.0 1.0 0.0 0.0
0.0 0.0 0.0 0.0 0.0 0.0 0.0 0.0 0.0 0.177068 0.0 0.0 0.0 0.0 0.0 0.0 0.0 0.0 0.0 0.0 0.0 0.0 0.0 0.0 0.0 0.0 5.96046e-08 0.0 0.000131905 0.0 0.325658 0.0 0.0 0.0 0.0 0.0 1.08778e-05 0.0 0.0 0.0 0.0 0.0 0.0 0.0 0.0 0.0 0.0 0.0 0.0 0.0 0.0 0.0 0.0 0.0 0.0 0.0 0.0 0.0 0.0 0.999994 0.0 6.3777e-06 0.0 0.0
0.0 0.0 0.0 0.0 0.0 0.0 0.0 0.0 0.0 3.8445e-06 0.0 0.0 0.0 0.0 0.0 0.0 1.19209e-07 0.0 0.0 0.0 0.0 0.0 0.0 0.0 0.0 0.0 0.0 0.0 6.25849e-07 0.0 0.999998 0.0 0.0 0.0 0.0 0.0 0.0 0.0 0.0 0.0 0.0 0.0 0.0 0.0 0.0 0.0 0.0 0.0 0.0 0.0 0.0 0.0 0.0 0.0 0.0 0.0 0.0 0.0 0.0 0.303803 0.0 4.14252e-06 0.0 0.0
0.0 0.0 0.0 0.0 0.0 0.0 0.0 0.0 0.0 0.0 0.0 0.0 0.0 0.0 0.0 0.0 0.0 0.0 0.0 0.0 0.0 0.0 0.0 0.0 0.0 0.0 0.0 0.0 0.0 0.0 0.0 0.0 0.0 0.0 0.0 0.0 0.0 0.0 0.0 0.0 0.0 0.0 0.0 0.0 0.99537 0.0 0.0 0.0 0.0 0.0 0.0 0.0 0.0 0.0 0.0 0.0 0.0 0.0 0.0 0.0 0.0 0.0 0.0 0.0
0.997735 0.0 0.0 0.675791 0.0 1.78814e-07 0.0 0.0 0.0 0.0 0.0 0.0 0.338686 5.96046e-08 0.0 0.25081 0.0 5.96046e-08 5.33462e-06 0.0 4.41074e-06 0.0 0.0 2.46465e-05 0.0 7.7188e-05 0.0 0.0196974 0.0 0.0 0.0 0.0 0.0 0.0 0.000143856 0.0 0.0 0.0 0.0 0.0 0.0 0.0 0.0 5.66244e-07 0.0 0.0 0.0 0.0 0.0 0.0 0.0 0.969923 0.0 0.0 0.0 1.71065e-05 0.0 0.0 0.0 0.0 0.0 0.999827 0.0 0.0
0.0 0.0 0.0 0.0 9.58145e-05 0.0 0.0 0.0 0.0 0.0 0.0 0.0 0.0 0.0 0.0 0.0 0.965625 0.0 0.0 0.0 0.0 0.0 0.0 0.0 2.68221e-07 0.0 0.999999 0.0 0.0 0.0 0.0 2.68221e-07 0.0 0.0 0.0 0.0 0.0 0.0 0.0 0.0 0.0 0.0 2.08616e-07 0.0 0.0 0.0 0.0 0.0 0.0 9.77218e-05 0.0 0.0 0.0 0.0 0.0 0.0 6.07967e-06 0.0 0.0 6.31809e-06 0.0 0.969115 0.0 0.0
0.0 0.0 0.0 0.0 0.0 0.0 0.0 0.0 0.0 0.0 0.0 0.0 0.0 0.0 0.0 0.0 0.0 0.0 0.0 0.0 0.0 0.0 0.0 0.0 0.0 0.0 0.0 0.0 0.0 2.86102e-06 0.0 0.0 0.0 1.38581e-05 0.0 0.0 0.0 5.72205e-06 0.000107437 0.0 0.0 0.0 0.0 0.0 0.0 0.0 0.0 0.999964 0.0 0.0 0.0 0.0 0.0 0.0 0.0 0.0 0.0 8.60393e-05 0.0 0.0 0.0 0.999989 0.0 0.0
0.0 0.0 0.0 0.0 0.0 5.96046e-08 0.0 0.0 0.0 0.0 9.83477e-06 0.0 0.0 0.0 0.0 0.0 1.0 0.0 0.0 0.0 0.0 0.0 0.0 0.0 7.15256e-07 0.0 0.965709 0.0 0.0 0.0 8.9407e-08 1.14143e-05 0.0 0.0 0.0 0.0 0.0 0.0 0.0 0.0 0.0 0.0 6.3777e-05 0.0 0.0 0.0 4.05312e-05 0.0 0.0 0.0126853 0.0 0.0 0.0 0.0 0.0 0.0 8.9407e-08 0.0 0.0 4.17233e-07 0.0 0.822121 0.0 0.0
0.0 1.51694e-05 2.98023e-07 7.7486e-07 3.01003e-06 4.67896e-06 0.0 0.0 5.96046e-08 0.0 0.0 7.15256e-07 0.0 0.0 0.0 0.0 0.0 0.0 0.0 0.0 0.0 0.0 0.0 1.49012e-07 0.999998 4.91738e-06 1.49012e-07 0.0 0.0 8.9407e-08 0.0 0.000128359 0.0 0.0 5.06639e-07 0.0 0.0 0.0 0.0 0.0 0.0 0.0 0.0 2.98023e-08 0.0 0.0 0.0 0.0 0.0 0.0820461 8.9407e-08 0.0 0.0 0.0 0.0 9.35793e-06 0.0 0.0 0.0 0.0 5.96046e-08 0.999944 1.49012e-07 0.0
0.0 1.42455e-05 9.90331e-05 1.78814e-07 0.0 8.04663e-06 0.0 0.0 8.9407e-08 0.0 0.00115398 4.76837e-07 0.0 1.10269e-06 0.0 0.0 0.0 0.000526279 0.0 0.0 0.0 0.0 0.0 0.0 0.0 2.08616e-07 2.08616e-07 0.0 0.0 0.0 0.0 1.19209e-07 0.0 0.0 2.98023e-08 0.023128 0.0 0.0 0.0 0.0 0.0 0.0 0.0 0.0 0.0 0.0 0.0 0.0 0.997935 0.00957176 0.377116 0.0 0.0 0.00208309 0.0 5.96046e-08 0.0 0.0 0.0 0.0 0.0 1.0 0.0 0.0
0.0 0.0 0.0 0.0 0.0 0.0 0.0 0.0 0.0 0.0 0.0 0.0 0.0 0.0 0.0 0.0 0.0 0.0 0.0 0.0 0.0 0.0 0.0 0.0 0.0 0.0 0.0 0.0 0.0 0.0 0.0 0.0 0.0 0.0 0.0 0.0 0.0 0.0 0.0 0.0 0.0 0.0 0.0 0.0 0.0 0.0 0.0 0.0 0.0 0.0 0.0 0.0 0.999996 0.0 0.0 0.0 0.0 0.0 0.0 0.0 0.0 0.0 0.0 0.0
0.999931 0.0 0.0 0.840482 0.0 0.0 0.0 0.0 0.0 0.0 0.0 0.0 0.985111 0.0 0.0 0.98206 0.0 0.0 2.38419e-06 0.0 9.23872e-07 0.0 0.0 0.000149161 0.0 5.99027e-06 0.0 0.112131 0.0 0.0 0.0 0.0 0.0 0.0 4.35114e-06 0.0 0.0 0.0 0.0 0.0 0.0 0.0 0.0 4.55678e-05 0.0 0.0 0.0 0.0 0.0 0.0 0.0 0.999411 0.0 0.0 0.0 9.23872e-07 0.0 0.0 0.0 0.0 0.0 0.983806 0.0 0.0
0.0 0.0 0.0 0.0 0.0 0.0 0.0 0.0 0.0 0.999992 0.0 0.0 0.0 0.0 0.0 0.0 0.0 0.0 0.0 0.0 0.0 0.0 0.0 0.0 0.0 0.0 8.04663e-07 0.0 0.9967 0.0 0.0478562 0.0 0.0 0.0 0.0 0.0 0.00361606 0.0 0.0 0.0 0.0 0.0 0.0 0.0 0.0 0.0 0.0 0.0 0.0 0.0 0.0 0.0 0.0 0.0 0.0 0.0 5.06639e-07 0.0 0.0 0.792966 0.0 0.0127631 8.9407e-08 0.0
0.0 0.000181019 5.19156e-05 5.80549e-05 0.0 2.98023e-08 0.0 0.0 0.0 0.0 0.0 0.000310481 0.0 0.0 0.0 0.0 0.0 0.0 0.0 0.0 0.0 0.0 0.0 0.0 0.0 0.0590797 0.0 0.0 0.0 0.00248817 0.0 0.0 0.0 0.0 5.84126e-06 0.0 0.0 0.0226578 0.000113666 0.0 0.0 0.0 0.0 0.0 0.0 0.0 0.0 0.000818074 0.0 1.01328e-06 0.0 0.0 0.0 0.0 8.19564e-06 6.61016e-05 0.0 2.38419e-07 0.0 0.0 0.0 1.0 0.0 0.0
0.0 5.66244e-07 0.000117511 2.6226e-06 0.0 0.0 0.0 0.0 0.0 0.0 0.000309289 1.2219e-06 0.0 5.96046e-08 0.0 0.0 0.0 0.0 0.0 0.0 0.0 0.0 0.0 0.0 0.0 8.9407e-08 0.0 0.0 0.0 2.98023e-08 0.0 0.0 0.0 0.0 0.0 0.999885 0.0 0.0 0.0 0.0 0.0 0.0 0.0 0.0 0.0 0.0 1.43051e-06 0.0 0.00264075 4.20213e-06 5.06639e-07 0.0 0.0 0.9973 8.9407e-08 0.0 0.0 0.0 0.0 0.0 0.0 1.0 0.0 0.0
0.0 0.0326745 0.0091618 4.79221e-05 0.0 0.0 0.0 0.0 9.29832e-06 0.0 0.0 0.993346 0.0 0.0 0.0 0.0 0.0 0.0 2.98023e-08 0.0 0.0 0.0 0.0 0.0 0.0 0.00202054 0.0 0.0 0.0 0.900696 0.0 0.0208507 0.0 0.0 0.0 7.15256e-07 0.0 0.00222528 0.00014782 0.0 0.0 0.0 0.0 0.0 0.0 0.0 0.0 1.78814e-07 5.96046e-08 0.000688672 0.0 0.0 0.0 0.0 0.000804335 4.76837e-07 1.04308e-05 4.28259e-05 0.0 0.0 0.0 1.0 0.0 0.0
0.0 0.247501 0.853118 0.69897 0.0 4.31836e-05 0.0 0.0 0.188384 0.0 0.0 0.0314652 0.0 0.0 0.0 0.0 0.0 2.98023e-08 0.00306925 0.0 0.087776 0.0 1.19209e-07 5.66244e-07 0.0 0.270947 0.0 0.0 0.0 0.377042 0.0 0.00250307 0.0 0.0 0.0010764 2.83122e-06 0.0 1.79112e-05 0.000632375 0.0 0.0 0.0 6.55651e-07 1.04308e-06 0.0 0.0 0.0 0.0 5.83231e-05 0.0320253 4.20213e-06 0.0 0.0 0.0 0.753188 0.0231855 6.58333e-05 1.01328e-06 0.0 0.0 5.96046e-08 1.0 0.0 0.0
0.0 0.0 0.0 0.0 0.0 0.0 0.0 0.0 0.0 0.0 2.20835e-05 0.0 0.0 0.0 0.0 0.0 0.0 0.0 0.0 0.0 0.0 0.0 0.0 0.0 0.0 0.0 0.0 0.0 0.0 0.0 0.0 0.0 0.0 0.0 0.0 0.0 0.0 0.0 0.0 0.0 0.0 1.0 0.0 0.0 0.0 0.0 0.0 0.0 0.0 8.9407e-08 0.0 0.0 0.0 0.0 0.0 0.0 0.0 0.0 0.0 0.0 0.0 4.76837e-07 0.0 0.0
0.0 0.000440538 0.000147253 1.72257e-05 0.0 0.00097245 0.0 0.0 1.78814e-07 0.0 2.38419e-06 0.000896543 0.0 0.0 0.0 0.0 6.25849e-06 0.0 0.0 0.0 0.0 0.0 0.0 0.0 0.00122544 6.23167e-05 0.0164346 0.0 0.0 5.06639e-07 0.0 0.105303 0.0 0.0 2.08616e-07 2.40207e-05 0.0 0.0 0.0 0.0 0.0 0.0 0.0 2.14577e-06 0.0 0.0 2.08616e-07 0.0 0.00180814 0.999733 8.56817e-05 0.0 0.0 1.2517e-06 3.8743e-07 7.06315e-06 0.00044927 0.0 0.0 0.0 0.0 1.0 0.0 0.0
0.0 0.0 0.0 0.0 0.0 0.0 0.0 0.0 0.0 0.0 0.0 0.0 0.0 0.0 0.0 0.0 0.0 0.0 0.0 0.0375203 0.0 0.0 0.0 0.0 0.0 0.0 1.49012e-07 0.0 0.0 0.0 0.0 1.37091e-06 0.0 2.14577e-06 0.0 2.98023e-08 0.0 0.0 1.75834e-06 0.999528 0.0 0.0 0.0 0.0 0.0 0.0 2.98023e-08 1.3113e-06 0.0 5.96046e-08 0.0 0.0 0.0 0.0 0.0 0.0 0.0384367 1.49012e-07 0.0 0.0 0.0 0.999998 0.0 2.98023e-08
0.0 0.0 0.0 0.0 0.0 0.0 0.0 0.0 8.16584e-06 1.19209e-07 0.000600398 0.0 0.0 0.0 0.0 0.0 0.0 0.000460654 0.0 0.0 0.0 0.0 0.0 0.0 0.0 1.78814e-07 0.0 0.0 0.0 0.0 0.0 0.00122869 0.0 1.2815e-05 0.0 6.04987e-06 0.0 0.0 0.0 0.0 0.0 0.0 0.0 0.0 2.98023e-08 0.0 0.0 0.0 0.0 0.0 0.118657 0.0 0.0 0.0 1.49012e-07 0.0 3.21865e-06 0.0 0.0 0.0 0.999991 0.0 0.0 0.0
0.0 0.0 0.0 0.0 0.0 0.0 0.0 0.0 0.0 0.0 0.0 0.0 0.0 0.0 0.0 0.0 0.0 0.0 0.0 0.0 0.0 0.0 0.0 0.0 0.0 0.0 0.0 0.0 0.0 0.0 0.0 0.0 0.0 0.0 0.0 0.0 0.0 0.0 0.0 0.0 0.0 0.0 0.999998 0.0 0.0 0.0 0.0 0.0 0.0 0.0 0.0 0.0 0.0 0.0 0.0 0.0 0.0 0.0 0.0 0.0 0.0 0.0 0.0 0.0
1.47521e-05 0.0 0.0 0.0 0.000122309 0.0 4.17233e-07 0.0 0.0 0.0 0.0 2.98023e-08 0.0 0.0 0.0 0.0 0.0 1.49012e-07 5.96046e-08 0.0 5.3972e-05 1.19209e-07 2.98023e-08 0.0 0.0 0.0908267 0.0 1.19209e-07 0.0 0.0 2.98023e-08 1.055e-05 0.0 3.51667e-06 0.0 0.0 0.999969 1.46031e-05 0.0 0.0 0.0 0.0 0.0 6.25849e-07 2.41399e-06 0.0 0.0 0.0 0.0 0.0 2.85506e-05 0.0 0.0 0.0 0.00113687 5.36442e-07 4.52995e-06 1.06096e-05 0.0 0.0 1.61827e-05 0.0 0.0 0.0
0.0 0.0 0.0 0.0 0.0 0.0 0.0 0.0 0.0 0.0 0.0 0.0 0.0 0.0 0.0 0.0 1.0 0.0 0.0 0.0 0.0 0.0 6.73532e-06 0.0 0.0 0.0 0.0 0.0 0.0 0.0 0.0 0.0 0.0 0.0 0.0 0.0 0.0 0.0 0.0 0.0 0.0 0.0 0.0 0.0 0.0 0.0 0.0 0.0 0.0 0.0 0.0 0.0 0.0 0.0 0.0 0.0 0.0 0.0 0.0 0.0 0.0 0.0 0.0 0.0
0.0 0.0 0.0 0.0 0.0 0.0 0.0 0.0 0.0 0.000662267 0.000291795 0.0 0.0 0.0 0.0 0.0 0.0 0.0 0.0 0.0 0.0 0.0 0.0 0.0 0.0 0.0 0.0 0.0 0.0 0.0 0.0 0.0 0.0 0.0 0.0 0.0 0.0 0.0 0.0 1.78814e-07 0.0 0.0 0.0 0.0 0.0 0.0 0.0 0.0 0.0 0.0 0.0 0.0 1.0 0.0 0.0 0.0 0.0 0.0 0.0 0.0 0.0 0.0 5.96046e-08 0.0
0.0 0.0 0.0 0.0 0.0 0.0 0.0 0.0 5.96046e-08 0.0 0.0 0.0 0.0 0.0 0.0 1.0 0.0 0.0 4.75049e-05 0.0 0.0 0.0 0.0 0.0 0.0 2.98023e-08 2.89083e-06 0.0 0.0 0.0 1.26064e-05 2.13385e-05 0.0 2.74181e-06 0.0 0.0 0.0 0.0 0.0 1.19209e-07 0.0 0.0 0.0 0.0 0.0 0.0 0.0 0.0 0.0 0.0 0.0 0.0 0.0 0.0 0.0 0.0 0.0 0.0 0.0 0.0 0.0 0.0 0.0 0.0
0.0 0.0 0.0 0.0 0.0 0.0 0.0 2.98023e-08 0.0 0.0 0.0 0.0 0.0 0.0 0.0 0.0 0.0 0.0 0.0 0.0 0.0 0.0 0.0 0.0 0.0 0.0 0.0 0.0 0.0 0.0 0.0 0.0 0.0 0.0 0.0 0.0 0.0 0.0 0.0 0.0 0.0 0.0 0.0 0.0 0.0 0.0 0.0 0.0 0.0 0.0 0.0 0.0 0.0 0.0 0.0 0.0 0.0 0.0 0.999999 0.0 0.0 0.0 0.0 0.0
0.0 0.0 0.0 0.0 0.0 0.0 0.0 0.0 0.0 0.0 0.0 0.0 0.0 0.0 0.0 0.0 0.0 0.0 0.0 0.0 0.0 0.0 0.0 0.0 0.0 0.0 0.0 0.0 0.0 0.0 0.0 0.0 0.0 0.0 0.0 0.0 0.0 0.0 0.0 0.0 0.0 0.0 0.0 0.0 0.0 0.999999 0.0 0.0 0.0 0.0 0.0 0.0 0.0 0.0 0.0 0.0 0.0 0.0 0.0 0.0 0.0 0.0 0.0 0.0
0.871321 0.0 1.16229e-05 0.0 0.986859 0.0 0.142309 0.0 0.0 0.0 1.19209e-07 0.218528 8.4579e-05 9.11951e-06 0.0 0.0 0.0 0.0339989 2.72989e-05 0.00912595 0.0 0.974374 0.0253161 8.31485e-06 0.177971 0.979465 1.01328e-06 0.0224229 0.0 8.05557e-05 0.0 0.0 0.0 4.93824e-05 5.36442e-07 3.33786e-06 4.41074e-06 0.999613 0.0 0.0 0.0 0.0 0.0 0.475431 0.124571 0.0 0.000149548 0.0 0.0 0.0 0.0 0.0 0.0 0.0 3.9041e-06 0.998839 0.0822726 0.994024 0.0 0.0 8.9407e-08 0.0 0.0 0.0
0.0 0.0 1.2517e-06 0.0 0.0 4.50313e-05 0.0 0.0 1.16229e-06 0.254557 0.0171089 0.0 0.0 0.0 0.0 0.0 0.0 3.44515e-05 1.84774e-06 0.0 1.47521e-05 1.60933e-06 2.98023e-08 0.0 1.01328e-06 0.000260532 0.00112668 0.0 0.0 0.0 0.0 0.999699 0.0 5.02169e-05 0.0 0.00903833 0.0 0.0 0.0 5.99623e-05 0.0 0.0 0.0 0.0 7.43866e-05 0.0 0.0 0.0 0.0 2.98023e-07 0.0725538 0.0 0.0 0.0 0.000128984 0.0 0.0335695 0.0 0.0 0.0 0.0338469 0.0 1.84774e-06 0.0
5.11706e-05 0.0 0.0 0.0 0.00119382 0.0 0.000347257 0.0 0.0 3.27826e-07 5.36442e-07 0.0 0.0 0.0 0.0 0.0 0.0 1.13249e-06 1.69873e-06 0.0 0.999916 0.0 2.84612e-05 0.0 0.0 0.0185773 6.55651e-07 0.0 0.0 0.0 0.0 0.000211924 0.0 2.72691e-05 0.0 0.0 0.000203222 4.47035e-07 0.0 0.0 0.0 0.0 0.0 3.57628e-07 9.44734e-06 0.0 0.0 0.0 0.0 0.0 0.0 0.0 0.0 0.0 0.0487207 1.87755e-06 0.000174135 6.33001e-05 0.0 0.0 0.0 0.0 9.61721e-05 4.05908e-05
4.85778e-06 0.0 0.0 0.0 0.026201 0.0 0.00011763 0.0 0.0 0.0 5.96046e-08 1.69873e-05 1.66893e-06 0.0 0.0 0.0 0.0 0.0 9.17912e-06 1.19209e-07 0.0 2.68221e-07 0.0886108 0.00031352 0.0 0.000183344 0.0 5.1111e-05 0.0 2.98023e-08 0.0 0.0 0.0 0.00189158 0.0 0.0 8.9407e-08 5.15282e-05 0.0 0.0 0.0 0.0 0.0 1.04904e-05 2.98023e-08 0.0 0.000403017 0.0 0.0 0.0 0.0 0.0 0.0 0.0 2.563e-05 0.000124335 3.57628e-07 0.585017 0.0 0.0 0.0 0.0 5.00679e-06 0.0
0.0 0.0 0.0 0.0 0.0 0.0 0.0 0.0 0.0 0.0 0.0 0.0 0.0 0.0 0.0 0.0 0.0 2.98023e-08 0.0 0.0 0.0 0.0 0.0 0.0 0.0 0.0 0.0 0.0 0.0 0.0 0.0 0.0 0.0 0.0 0.0 0.0 0.0 0.0 0.0 0.0 0.0 0.0 0.0 0.0 0.0 0.0 0.0 0.0 0.0 0.0 0.0 0.999991 0.0 0.0 5.96046e-08 0.0 0.0 0.0 0.0 0.0 0.0 0.0 6.49691e-06 4.52697e-05
3.39746e-06 0.0 0.0 0.0 1.78814e-07 0.0 1.43647e-05 0.0 0.0 0.0 0.0 0.0 0.0 0.0 0.0 0.0 0.0 0.0 0.999964 0.0 3.8743e-07 0.0 8.9407e-08 0.0 2.98023e-08 0.000167042 0.0 0.0 0.0 0.0 0.0 0.0 0.0 5.96046e-08 1.71661e-05 1.78814e-07 0.0 4.52995e-06 0.0 5.95152e-05 0.0 0.0 0.0 0.0 2.65241e-06 0.0 2.98023e-08 0.0 0.0 0.0 0.0 0.0 0.0 0.0 0.0 5.39422e-06 1.49012e-07 0.0059368 0.0 0.0 0.0 0.0 0.0 0.0
0.0 0.0 0.0 0.0 0.0 0.0 0.0 0.0 0.0 0.0 0.0 0.0 0.0 0.0 0.0 0.0 0.0 0.0 0.0 0.0 0.0 0.0 0.0 0.0 0.0 0.0 0.0 0.0 0.0 0.0 0.0 0.0 0.0 0.0 0.0 0.0 0.0 0.0 0.0 0.0 0.0 0.0 0.0 0.0 0.0 0.0 0.0 0.0 0.999999 0.0 0.0 0.0 0.0 0.0 0.0 0.0 0.0 0.0 0.0 0.0 0.0 0.0 0.0 0.0
0.869865 0.0 2.11e-05 0.0 0.9983 0.0 0.899127 0.0 0.0 0.0 2.98023e-07 0.380054 0.0055708 4.55976e-06 0.0 0.0 0.0 0.0106216 1.05202e-05 3.47197e-05 8.9407e-08 0.0151661 0.962304 1.20699e-05 0.000131845 0.896011 4.47035e-07 0.0609995 0.0 0.0 0.0 0.0 0.0 0.00103778 0.0 0.0 6.79791e-05 0.979844 0.0 0.0 0.0 0.0 0.0 0.879028 0.0058738 0.0 0.000120193 0.0 0.0 0.0 0.0 0.0 0.0 0.0 0.000647932 0.865325 0.0122142 0.930107 0.0 0.0 0.0 0.0 8.9407e-08 0.0
1.10269e-06 0.0 2.95043e-05 0.0 0.00020203 0.0 3.9041e-06 0.0 1.81794e-06 0.0 0.0 8.9407e-08 0.0 1.19209e-07 0.0 0.0 0.0 0.999996 0.0 2.08616e-07 0.0 0.000270128 0.000943989 0.0 1.35303e-05 0.000472575 1.49012e-07 0.0 0.0 0.0 0.0 4.17233e-07 0.0 3.57628e-07 0.0 5.96046e-08 0.0 9.94503e-05 0.0 0.0 0.0 0.0 0.0 2.68221e-07 0.000283718 0.0 0.0 0.0 0.0 0.0 0.0 0.0 0.0 0.0 0.0 1.50204e-05 0.000165492 1.99676e-06 0.0 0.0 8.84235e-05 0.0 0.0 0.0
8.9407e-08 0.0 0.0 0.0 3.58224e-05 0.0 1.19209e-07 0.0 0.0 0.0 1.49012e-07 0.0 0.0 0.0 0.0 0.0 0.0 1.19209e-07 0.0 0.0 1.01328e-06 0.0 2.38419e-07 0.0 0.0 3.39746e-06 0.0 0.0 0.0 0.0 0.0 2.14577e-06 0.0 0.00343907 0.0 0.0 0.000273645 8.64267e-07 0.0 0.0 0.0 0.0 0.0 0.0 3.8743e-07 0.0 0.0 0.0 0.0 0.0 0.000109494 0.0 0.0 0.0 0.997144 1.49012e-07 2.08616e-07 4.17233e-07 0.0 0.0 9.92417e-06 0.0 2.05636e-06 0.0
0.0 0.0 5.21541e-06 0.0 0.0 0.0 0.0 0.0 0.0 0.0 0.0 0.0 0.0 0.0 0.0 0.0 0.0 0.0 0.0 0.0 0.0 0.0 0.0 0.0 0.0 0.0 2.38419e-07 0.0 0.999987 0.0 1.85966e-05 0.0 0.0 0.0 0.0 0.0 0.0 0.0 0.0 0.00351536 0.0 0.0 0.0 0.0 0.0 0.0 0.0 0.0 0.0 0.0 0.0 0.0 0.0 0.0 0.0 0.0 0.0 0.0 0.0 0.0 0.0 0.0 0.0 0.0
3.27826e-07 0.0 8.9407e-08 0.0 4.29153e-06 5.33462e-06 1.37091e-06 0.0 3.27826e-07 0.000492424 0.0450283 0.0 0.0 0.0 0.0 0.0 0.0 5.99027e-05 3.15905e-06 0.0 5.54025e-05 6.55651e-07 1.16229e-06 0.0 2.11596e-06 0.0334944 4.50015e-06 0.0 0.0 0.0 0.0 0.950984 0.0 0.0083257 0.0 0.000279337 1.19209e-07 9.53674e-07 0.0 1.54972e-06 0.0 0.0 0.0 0.0 0.0024367 0.0 0.0 0.0 0.0 0.0 0.0023894 0.0 0.0 0.0 0.00112811 2.14577e-06 0.241818 1.69873e-06 0.0 0.0 0.0125569 0.0 4.97699e-05 0.0
0.0 0.0 0.0 0.0 0.0 1.35899e-05 0.0 0.0 0.999999 0.0 0.0 0.0 0.0 0.0 0.0 0.0 0.0 6.48201e-05 0.0 0.0 0.0 0.0 1.19209e-07 0.0 0.0 0.0 1.19209e-07 0.0 0.0 0.0 0.0 0.0 0.0 0.0 0.0 0.0 0.0 0.0 0.0 0.0 0.0 0.0 0.0 0.0 0.0 0.0 0.0 0.0 0.0 0.0 5.96046e-07 0.0 0.0 0.0 0.0 0.0 0.0 0.0 0.0 0.0 3.51667e-06 0.0 0.0 0.0
0.0 0.0 0.0 0.0 0.0 0.0 0.0 0.0 0.0 0.0 0.0 0.0 0.0 0.0 0.0 0.0 0.0 0.0 0.0 0.0 0.0 0.0 0.0 0.0 0.0 0.0 0.0 0.0 0.0 0.0 0.0 0.0 0.0 0.0 0.0 0.0 0.0 0.0 0.0 0.0 0.0 0.0 0.0 0.0 0.0 0.0 0.0 0.0 0.0 0.0 0.0 0.0 0.0 0.0 0.0 0.0 0.0 0.0 0.0 1.0 0.0 0.0 0.0 0.0
0.0 0.0 0.0 0.0 0.0 0.0 0.0 0.0 0.0 0.0 0.0 0.0 0.0 0.0 0.0 0.0 0.0 0.0 0.0 0.0 0.0 0.0 0.0 0.0 0.0 0.0 0.0 0.0 0.0 0.0 0.0 0.0 0.0 0.0 0.0 0.0 0.0 0.0 0.0 0.0 0.0 0.0 0.0 0.0 0.0 0.0 0.0 0.0 0.0 0.0 0.0 0.0 0.0 0.999986 0.0 0.0 0.0 0.0 5.36442e-07 0.0 0.0 0.0 0.0 0.0
0.898535 0.0 0.0 0.000181139 0.89815 0.0 0.05986 0.0 0.0 0.0 0.0 0.977767 0.378111 4.00245e-05 0.000171334 0.0 0.0 1.15633e-05 5.06639e-07 0.000285536 0.0 0.00145736 0.981494 0.0944906 0.0018599 0.00393656 0.0 0.992141 0.0 0.0 0.0 0.0 0.0 2.08616e-07 0.0 0.0 6.07967e-06 0.991891 0.0 0.0 0.0 0.0 0.0 0.917597 3.57628e-05 0.0 0.676254 0.0 0.0 0.0 0.0 0.0 0.0 0.0 0.0 0.137054 2.68221e-07 0.997522 0.0 0.0 0.0 0.0 0.0 0.0
2.38419e-07 0.0 0.0 0.0 1.87755e-06 8.9407e-08 5.96046e-08 0.0 0.0 0.0 0.000125647 2.98023e-08 0.0 0.0 0.0 0.0 0.0 0.0 8.9407e-08 0.0 0.0 1.19209e-07 0.0 0.0 1.78814e-07 1.2517e-06 0.0 0.0 0.0 0.999795 0.0 0.0 0.0 2.08616e-07 0.0 0.0 0.0 1.71959e-05 0.0 0.0153037 0.0 0.0 0.0 1.78814e-07 7.7486e-07 0.0 0.0 0.0 0.0 0.0 0.0 0.0 0.0 0.0 0.0 4.44055e-06 0.0 1.70171e-05 0.0 0.0 0.0 0.0 3.45707e-06 2.08616e-07
0.561184 0.0 5.96046e-08 0.0 0.991259 0.0 0.993324 0.0 0.0 0.0 0.0 0.0421022 0.0130565 1.2815e-06 0.0 0.0 0.0 9.5427e-05 1.69873e-06 1.14143e-05 0.0 5.25415e-05 0.633228 2.00868e-05 1.03414e-05 0.0294672 0.0 0.155462 0.0 0.0 0.0 0.0 0.0 3.88026e-05 5.96046e-08 0.0 1.2964e-05 0.822875 0.0 0.0 0.0 0.0 0.0 0.552276 0.000911057 0.0 0.00203446 0.0 0.0 0.0 0.0 0.0 0.0 0.0 1.00136e-05 0.0217845 1.76728e-05 0.724909 0.0 0.0 0.0 0.0 0.0 0.0
3.33786e-06 0.0 5.96046e-07 0.0 0.0 0.0 0.0 0.0 0.0 0.0 0.0 0.0 0.0 0.0 0.0 0.0 0.0 0.0 3.58224e-05 0.0 0.0 5.96046e-08 2.98023e-08 0.0 2.98023e-08 5.66244e-07 9.82881e-05 0.0 0.0 0.0 0.382324 0.0 0.0 0.0 0.99988 0.0 0.0 1.19209e-07 0.0 8.16584e-06 0.0 0.0 0.0 2.98023e-08 0.0 0.0 0.0 0.0 0.0 0.0 0.0 0.0 0.0 0.0 0.0 0.0 0.0 0.0 0.0 0.0 0.0 0.0 0.0 0.0
0.0102978 0.0 0.0 0.0 0.997934 0.0 0.00124893 0.0 0.0 0.0 0.0 0.29938 6.634e-05 7.7486e-07 0.0 0.0 0.0 0.00130349 0.0 1.60933e-06 0.0 0.00152051 0.717229 1.10269e-06 2.47359e-06 0.751878 0.0 0.031435 0.0 0.0 0.0 0.0 0.0 0.0049375 0.0 0.0 0.0171 0.48093 0.0 0.0 0.0 0.0 0.0 0.222749 4.41372e-05 0.0 0.00265929 0.0 0.0 0.0 2.98023e-08 0.0 0.0 0.0 0.000630915 0.0316331 0.000726968 0.691204 0.0 0.0 0.0 0.0 2.98023e-08 0.0
0.00100705 0.0 3.48687e-06 0.0 0.00014171 0.0 3.27826e-07 0.0 0.0 0.0 5.96046e-08 0.00065881 0.0 3.8743e-07 0.0 0.0 0.0 0.000142992 6.88434e-06 0.00464213 0.0 0.864941 1.37091e-05 7.36117e-06 0.989757 0.000498563 1.10269e-06 4.12464e-05 0.0 6.55651e-07 0.0 0.0 0.0 2.08616e-07 0.0 0.00023815 0.0 0.397857 0.0 5.06639e-07 0.0 0.0 0.0 9.74536e-06 0.00740516 0.0 1.19209e-06 0.0 0.0 1.49012e-07 5.9545e-05 0.0 0.0 0.0 0.0 0.198057 0.000103772 0.743223 0.0 0.0 2.68221e-07 0.0 0.0 0.0
0.103149 0.0 0.000110686 0.0 0.0412564 0.0 0.0228593 0.0 0.0 0.0 2.41399e-06 6.35982e-05 0.0 1.19209e-07 0.0 0.0 0.0 0.021543 5.96046e-05 3.25143e-05 0.0 0.00670657 2.81036e-05 0.0 0.0180661 0.948149 0.000359535 1.19209e-06 0.0 1.19209e-07 0.0 4.76837e-07 0.0 4.79817e-06 1.19209e-07 4.47035e-05 0.0 0.343056 0.0 1.19209e-07 0.0 0.0 0.0 0.000186801 0.998019 0.0 0.0 0.0 0.0 6.85453e-07 1.01328e-06 0.0 0.0 0.0 1.19209e-07 0.0278798 0.578432 0.0365605 0.0 0.0 4.52995e-06 0.0 0.0 0.0
0.0 0.0 0.0 0.0 0.0 0.0 0.0 0.0 0.0 0.0 0.0 0.0 0.0 0.0 0.0 0.0 0.0 0.0 0.0 0.0 1.49012e-07 0.0 0.0 0.0 0.0 0.0 0.0 0.0 0.0 0.0 0.0 0.0 0.0 0.0 0.0 0.0 0.0 0.0 0.0 0.0 0.999999 0.0 0.0 0.0 0.0 0.0 0.0 0.0 0.0 0.0 0.0 0.0 0.0 0.0 0.0 0.0 0.0 0.0 0.0 0.0 0.0 0.0 0.0 0.0
0.0 0.0 0.0 0.0 1.19209e-07 0.0 0.0 0.0 0.0 0.0 7.10785e-05 0.0 0.0 0.0 0.0 0.0 0.0 0.0 0.0 0.0 6.94394e-06 0.0 2.26498e-06 0.0 0.0 0.0 0.0 0.0 0.0 2.98023e-07 0.0 0.0 0.0 9.498e-05 0.0 0.0 1.19209e-07 0.0 0.0 0.0 0.0 0.0 0.0 0.0 0.0 0.0 0.0 0.0 0.0 0.0 1.19209e-07 0.0 0.0 0.0 0.00110659 0.0 0.0 8.9407e-08 0.0 0.0 0.0 0.0 0.998067 0.951167
0.0 0.0 0.0 0.0 0.0 0.0 0.0 0.0 0.0 0.0 0.0 0.0 0.0 0.0 0.0 0.0 0.0 0.0 0.0 0.0 0.0 0.0 0.0 0.0 0.0 0.0 0.0 0.0 0.0 0.0 0.0 0.0 0.0 0.0 0.0 0.0 0.0 0.0 0.0 0.0 0.0 0.0 0.0 0.0 0.0 0.0 0.0 0.994671 0.0 0.0 0.0 0.0 0.0 0.0 0.0 0.0 0.0 0.0 0.0 0.0 0.0 0.0 0.0 0.0
0.0 0.0 0.000191033 0.0 4.47035e-07 0.0 0.0 0.0 0.0 1.74642e-05 9.95398e-05 0.0 0.0 0.0 0.0 0.0 0.0 8.76188e-06 4.41074e-06 8.31485e-06 0.0 0.00307998 0.0 0.0 1.99676e-06 0.00282267 1.88351e-05 0.0 0.0 0.0 0.0 0.000147849 0.0 1.2219e-06 0.0 0.999772 0.0 5.96046e-08 0.0 0.000120431 0.0 0.0 0.0 0.0 0.00105017 0.0 0.0 0.0 0.0 0.0946491 0.881962 0.0 0.0 0.0 1.78814e-07 1.04308e-06 0.0210514 1.40071e-06 0.0 0.0 0.00366259 0.0 0.0 0.0
4.47035e-07 0.0 0.0 0.0 0.0646097 0.0 2.44975e-05 0.0 0.0 0.0 0.015237 8.9407e-08 0.0 0.0 0.0 0.0 0.0 8.9407e-08 1.49012e-07 0.0 3.9041e-06 5.96046e-08 5.33164e-05 0.0 0.0 0.00166112 0.0 0.0 0.0 3.57628e-07 0.0 5.54323e-06 0.0 0.999422 0.0 0.0 5.39422e-06 1.16229e-06 0.0 0.0 0.0 0.0 0.0 3.8743e-07 1.78814e-07 0.0 1.19209e-07 0.0 0.0 0.0 0.00146711 0.0 0.0 0.0 0.368504 4.27365e-05 1.76132e-05 0.014625 0.0 0.0 3.09944e-06 0.0 0.824005 0.000179559
0.00624388 0.0 9.38773e-06 0.0 0.0150415 0.0 1.88351e-05 0.0 0.0 0.0 0.0 0.00777182 8.9407e-08 1.64807e-05 0.0 0.0 0.0 0.000235826 1.16229e-06 0.000796556 0.0 0.996241 2.18451e-05 5.96046e-08 0.486952 0.0734365 4.47035e-07 0.000592083 0.0 1.49012e-07 0.0 0.0 0.0 0.0 8.04663e-07 2.41995e-05 0.0 0.871103 0.0 0.0 0.0 0.0 0.0 0.000578642 0.020359 0.0 4.47035e-07 0.0 0.0 5.66244e-07 4.47035e-07 0.0 0.0 0.0 0.0 0.662366 0.0006513 0.599375 0.0 0.0 0.0 0.0 0.0 0.0
0.0 1.0 0.0 0.0 0.0 0.0 0.0 8.9407e-08 0.0 0.0 0.0 0.0 0.0 0.0 0.0 0.0 0.0 0.0 0.0 0.0 0.0 0.0 0.0 0.0 0.0 0.0 0.0 0.0 0.0 0.0 0.0 0.0 0.0 0.0 0.0 0.0 0.0 0.0 0.0 0.0 0.0 0.0 0.0 0.0 0.0 0.0 0.0 0.0 0.0 0.0 0.0 0.0 0.0 0.0 0.0 0.0 0.0 0.0 0.0 0.0 0.0 0.0 0.0 0.0
0.0 0.0 3.27826e-07 0.0 0.000177175 0.0 5.96046e-07 0.0 0.0 8.9407e-08 0.00639111 0.0 0.0 0.0 0.0 0.0 0.0 0.00172222 0.0 1.07288e-06 2.38419e-07 0.0164624 2.98023e-07 0.0 4.97699e-06 0.658388 2.98023e-08 0.0 0.0 0.0 0.0 0.00430861 0.0 7.00057e-05 0.0 0.0135018 3.27826e-07 1.79112e-05 0.0 0.0 0.0 0.0 0.0 0.0 0.00854248 0.0 0.0 0.0 0.0 6.76513e-06 0.272641 0.0 0.0 0.0 0.000195712 0.000200629 0.991687 4.02331e-06 0.0 0.0 0.00262937 0.0 5.36442e-07 0.0
0.0 0.0 0.0 0.0 0.0 0.0 0.0 0.0 0.0 1.19209e-07 2.01464e-05 0.0 0.0 0.0 0.0 0.0 0.0 2.98023e-08 1.84774e-06 0.0 7.7486e-07 1.60933e-06 0.0 0.0 1.78814e-07 7.67708e-05 0.0 0.0 0.0 0.0 1.37091e-06 0.114339 0.0 8.07643e-06 0.0 0.662748 7.77841e-06 0.0 0.0 1.51992e-06 0.0 0.0 0.0 0.0 2.02656e-05 0.0 0.0 0.0 0.0 1.91927e-05 0.999979 0.0 0.0 0.0 1.67191e-05 0.0 0.000350118 0.0 0.0 0.0 0.0257609 0.0 2.08616e-07 0.0
0.0 0.0 0.0109176 0.0 0.0 1.49012e-07 0.0 0.0 1.43051e-06 2.67029e-05 8.04663e-07 0.0 0.0 0.0 0.0 0.0 0.0 2.57492e-05 0.0 0.0 0.0 5.96046e-08 3.27826e-07 0.0 0.0 1.19209e-06 9.23872e-07 0.0 0.0 0.0 0.0 7.98702e-06 0.0 0.0 0.0 3.57628e-06 0.0 0.0 0.0 0.0 0.0 0.0 0.0 0.0 1.19209e-07 0.0 0.0 0.0 0.0 9.09269e-05 5.0962e-06 0.0 0.0 0.0 0.0 0.0 5.52833e-05 0.0 0.0 0.0 8.9407e-08 0.0 0.0 0.0
0.0 0.0 0.0714642 0.0 0.0 0.0 0.0 0.0 0.0 0.0 0.0 0.0 0.0 0.0 0.0 0.0 0.0 0.0 5.96046e-08 0.0 0.0 9.74536e-06 0.0 0.0 0.0 1.10865e-05 2.98023e-08 0.0 0.0 0.0 0.0 0.0 0.0 0.0 2.98023e-08 8.36849e-05 0.0 0.0 0.0 2.68221e-06 0.0 0.0 0.0 0.0 0.0 0.0 0.0 0.0 0.0 0.986409 6.13928e-06 0.0 0.0 0.0 0.0 0.0 3.57628e-07 0.0 0.0 0.0 0.0 0.0 0.0 0.0
0.0 0.0 0.0 0.0 0.0 0.0 0.0 0.0 0.0 0.0 7.15256e-07 0.0 0.0 0.0 0.0 0.0 0.0 0.0 0.0 0.0 0.000203937 0.0 0.0 0.0 0.0 0.0 0.0 0.0 0.0 1.07288e-06 0.0 0.0 0.0 0.0 0.0 0.0 0.0 0.0 0.0 0.0 0.0 0.0 0.0 0.0 0.0 0.0 0.0 0.0 0.0 0.0 0.0 0.000153661 0.0 0.0 0.0 0.0 0.0 0.0 0.0 0.0 0.0 0.0 0.00781906 0.998654
0.0 0.0 7.15256e-07 0.0 0.0 0.00051561 0.0 0.0 0.0 6.22869e-06 0.00025782 0.0 0.0 0.0 0.0 2.68221e-07 0.0 0.0 0.348401 0.0 0.0 6.02007e-06 0.0 0.0 0.0 7.7486e-07 0.000932276 0.0 1.43051e-05 0.0161511 1.81794e-06 0.0 0.0 0.0 1.06096e-05 0.00274646 0.0 0.0 0.0 1.0 0.0 0.0 0.0 0.0 3.27826e-07 0.0 0.0 0.0 0.0 2.98023e-08 1.07288e-06 0.0 0.0 0.0 0.0 0.0 2.83122e-06 0.0 0.0 0.0 0.0 0.0 0.0 0.0
0.393452 0.0 0.0 0.000150144 0.253325 0.0 0.000435889 0.0 0.0 0.0 0.0 0.943397 0.0374638 6.13928e-06 0.000130236 0.0 0.0 2.98023e-07 0.0 3.82066e-05 0.0 8.58903e-05 0.671092 0.0690977 0.00884363 2.96235e-05 0.0 0.781393 0.0 0.0 0.0 0.0 0.0 2.98023e-08 0.0 0.0 1.78814e-07 0.987976 0.0 0.0 0.0 0.0 0.0 0.134645 2.17557e-06 0.0 0.348216 0.0 0.0 0.0 0.0 0.0 0.0 0.0 0.0 0.00689092 0.0 0.956243 0.0 0.0 0.0 0.0 0.0 0.0
0.0 0.0 0.0 0.0 0.0 0.0 0.0 0.0 0.0 0.0 0.0 0.0 0.0 0.0 0.0 0.0 0.0 0.0 0.0 0.0 0.0 0.0 0.0 0.0 0.0 0.0 0.0 0.0 0.0 0.0 0.0 0.0 0.0 0.0 0.0 0.0 0.0 0.0 0.0 0.0 0.0 0.999578 0.0 0.0 0.0 0.0 0.0 0.0 0.0 0.0 0.0 0.0 0.0 0.0 0.0 0.0 0.0 0.0 0.0 0.0 0.0 0.0 0.0 0.0
0.38321 0.0 9.80496e-06 0.0 0.0282641 0.0 0.122054 0.0 0.0 0.0 4.41074e-06 0.000168741 1.49012e-07 1.13249e-06 0.0 0.0 0.0 0.00270107 0.00204167 4.40776e-05 0.0 0.0015291 0.00015384 6.25849e-07 0.0979753 0.503363 8.4877e-05 1.03414e-05 0.0 1.57654e-05 0.0 2.68221e-07 0.0 4.58956e-05 4.17233e-07 2.68221e-06 0.0 0.517447 0.0 4.17233e-07 0.0 0.0 0.0 0.000815064 0.959084 0.0 5.96046e-08 0.0 0.0 0.0 1.19209e-07 0.0 0.0 0.0 2.38419e-07 0.165263 0.0294787 0.473209 0.0 0.0 1.60933e-06 0.0 0.0 0.0
0.0 0.0 2.98023e-08 0.0 0.0 5.96046e-08 0.0 0.0 5.96046e-08 1.46627e-05 0.0 0.0 0.0 0.0 0.0 0.0 0.0 1.49012e-07 0.0 0.0 1.19209e-07 0.0 0.0 0.0 0.0 4.17233e-07 5.93066e-06 0.0 0.0 0.0 2.38419e-07 0.998271 0.0 0.0 0.0 2.47359e-06 0.0 0.0 0.0 2.98023e-08 0.0 0.0 0.0 0.0 5.96046e-08 0.0 0.0 0.0 0.0 0.0 0.0332078 0.0 0.0 0.0 2.08616e-07 0.0 2.20537e-06 0.0 0.0 0.0 0.000154316 0.0 0.0 0.0
0.0 0.0 0.0 0.0 0.0 0.0 0.0 0.0 0.0 0.0 0.0 0.0 0.0 0.0 0.0 0.0 0.0 0.0 0.0 0.0 0.0 0.0 0.0 0.0 0.0 0.0 0.0 0.0 0.0 0.0 0.0 0.0 0.0 0.0 0.0 0.0 0.0 0.0 0.0 0.0 0.0 0.0 0.0 0.0 0.0 0.0 0.0 0.0 0.0 0.0 0.0 0.0 0.0 0.0 0.0 0.0 0.0 0.0 0.0 0.0 0.0 0.993572 0.0 0.0
0.0 0.0 0.0 0.0 0.0 6.25849e-06 0.0 0.0 1.19209e-07 0.00908625 0.999856 0.0 0.0 0.0 0.0 0.0 0.0 2.98023e-08 0.0 0.0 0.0 0.0 0.0 0.0 0.0 0.0 0.0 0.0 0.0 7.7486e-07 0.0 0.0 0.0 8.9407e-08 0.0 0.0 0.0 0.0 0.0 0.000494093 0.0 0.0 0.0 0.0 0.0 0.0 0.0 0.0 0.0 0.0 1.99676e-06 0.0 0.00366202 0.0 0.0 0.0 5.96046e-08 0.0 0.0 0.0 2.98023e-08 0.0 0.000195265 2.98023e-08
0.0376375 0.0 1.64807e-05 0.0 0.259091 0.0 0.00300571 0.0 0.0 8.9407e-08 4.17233e-07 5.69224e-06 0.0 2.08616e-07 0.0 8.34465e-07 0.0 0.000383854 0.889667 0.0 0.0342489 0.00122136 0.000191092 0.0 5.05149e-05 0.999964 0.000993013 1.2219e-06 0.0 0.0 3.57628e-07 0.00121811 0.0 0.000772208 0.00146049 0.00612527 2.86102e-06 0.00891164 0.0 6.2108e-05 0.0 0.0 0.0 0.000638068 0.693815 0.0 0.0 0.0 0.0 5.96046e-06 4.35114e-06 0.0 0.0 0.0 1.54674e-05 0.169606 0.45362 0.366939 0.0 0.0 1.60933e-06 0.0 4.58956e-06 0.0
0.0645449 0.0 0.0 0.0 0.0563032 0.0 0.00597477 0.0 0.0 0.0 0.0 0.00211555 1.23084e-05 0.0 0.0 0.0 0.0 1.49012e-07 0.000425458 0.00027582 0.0 0.00170201 0.000270277 0.00732601 0.00085488 0.00220525 0.0 0.0936634 0.0 2.08616e-07 0.0 0.0 0.0 2.32458e-06 0.0 0.0 0.0 0.591312 0.0 0.0 0.0 0.0 0.0 0.000987023 7.75456e-05 0.0 0.00314564 0.0 0.0 0.0 0.0 0.0 0.0 0.0 0.0 0.554312 2.98023e-07 0.999961 0.0 0.0 0.0 0.0 0.0 0.0
0.996776 0.0 1.19209e-07 0.0 0.0319786 0.0 0.0681212 0.0 0.0 0.0 0.0 0.0109366 7.48038e-06 4.11272e-06 0.0 0.0 0.0 1.20401e-05 3.80278e-05 3.03984e-06 0.0 0.000112623 0.00831148 1.99676e-06 0.0162974 0.151001 8.9407e-08 0.00336152 0.0 0.0 0.0 0.0 0.0 1.19209e-07 4.11272e-06 0.0 7.15256e-07 0.919893 0.0 0.0 0.0 0.0 0.0 0.118155 0.0143299 0.0 5.78165e-06 0.0 0.0 0.0 0.0 0.0 0.0 0.0 0.0 0.0417572 1.68979e-05 0.816975 0.0 0.0 0.0 0.0 0.0 0.0
0.0 0.0 0.0 0.0 0.0 0.0 0.0 0.0 0.0 0.0 0.0 0.0 0.0 0.0 0.0 0.0 0.0 0.0 0.0 0.0 0.0 0.0 0.0 0.0 0.0 0.0 0.0 0.0 0.0 0.0 0.0 0.0 1.0 0.0 0.0 0.0 0.0 0.0 0.0 0.0 0.0 0.00175428 0.0 0.0 0.0 0.0 0.0 0.0 0.0 0.0 0.0 0.0 0.0 0.0 0.0 0.0 0.0 0.0 0.0 0.0 0.0 0.0 0.0 0.0
0.0 0.0 0.0496961 0.0 0.0 0.0 0.0 0.0 0.0 5.96046e-08 0.0 0.0 0.0 0.0 0.0 0.0 0.0 0.0 1.69873e-06 0.0 0.0 1.16527e-05 0.0 0.0 3.27826e-07 1.04308e-05 0.999734 0.0 0.0 0.0 2.08616e-07 2.38419e-07 0.0 0.0 3.45707e-06 5.39422e-06 0.0 0.0 0.0 0.0142152 0.0 0.0 0.0 0.0 0.000109345 0.0 0.0 0.0 0.0 1.63913e-06 0.0 0.0 0.0 0.0 0.0 5.96046e-08 4.32134e-06 0.0 0.0 0.0 0.0 0.0 0.0 0.0
0.0 0.0 0.0 0.0 0.0 0.0 0.0 0.0 0.0 0.0 0.0 0.0 0.0 0.0 0.0 0.0 0.0 0.0 0.0 0.0 0.0 0.0 0.0 0.0 0.0 0.0 0.0 0.0 0.0 0.0 0.0 0.0 0.0 0.0 0.0 0.0 0.0 0.0 0.999991 0.0 0.000283659 0.0 0.0 0.0 0.0 0.0 0.0 0.0 0.0 0.0 0.0 0.0 0.0 0.0 0.0 0.0 0.0 0.0 0.0 0.0 0.0 0.0 3.8743e-07 0.0
0.655634 0.0 0.0 0.0 0.844985 0.0 0.0236585 0.0 0.0 0.0 0.0 0.494415 0.00362265 3.78489e-06 0.0 0.0 0.0 0.000190556 4.17233e-07 8.9407e-08 0.0 5.01275e-05 0.937895 2.38419e-07 8.9705e-06 0.0624939 0.0 0.0172234 0.0 0.0 0.0 0.0 0.0 7.15256e-07 5.96046e-08 0.0 1.94609e-05 0.804178 0.0 0.0 0.0 0.0 0.0 0.97191 0.000212133 0.0 0.000236779 0.0 0.0 0.0 0.0 0.0 0.0 0.0 1.78814e-07 0.00286594 1.49608e-05 0.0413577 0.0 0.0 0.0 0.0 0.0 0.0
0.0 0.0 0.0 0.0 0.0 0.0 0.0 0.0 2.38419e-07 0.0 0.0 0.0 0.0 0.0 0.0 0.0 0.0 0.0 0.0 0.0 0.0 0.0 0.0 0.0 0.0 0.0 0.0 0.0 0.0 0.0 0.000201851 4.76837e-07 0.0 0.0 0.0 0.0 0.0 0.0 0.0 1.10269e-06 0.0 0.0 0.0 0.0 0.0 0.0 0.0 0.0 0.0 0.0 6.10948e-06 0.0 0.0 0.0 0.0 0.0 0.0 0.0 0.0 0.0 0.0 0.0 0.0 0.0
0.0 0.0 1.49012e-06 0.0 0.0 3.27826e-07 0.0 0.0 0.0 0.999925 0.0806286 0.0 0.0 0.0 0.0 0.0 0.0 0.0 0.0 0.0 0.0 0.0 0.0 0.0 0.0 0.0 0.0 0.0 0.0 0.0 0.0 1.19209e-07 0.0 0.0 0.0 8.9407e-08 0.0 0.0 0.0 0.00115919 0.0 0.0 0.0 0.0 0.0 0.0 0.0 0.0 0.0 1.75834e-06 1.46329e-05 0.0 0.0955213 0.0 0.0 0.0 5.96046e-08 0.0 0.0 0.0 0.0 0.0 7.7486e-07 0.0
0.0 1.21295e-05 0.0 0.0 0.0 0.0 0.0 0.999803 0.0 0.0 0.0 0.0 0.0 0.0 0.0 0.0 0.0 0.0 0.0 0.0 0.0 0.0 0.0 0.0 0.0 0.0 0.0 0.0 0.0 0.0 0.0 0.0 0.0 0.0 0.0 0.0 0.0 0.0 0.0 0.0 0.0 0.0 0.0 0.0 0.0 0.0 0.0 0.0 0.0 0.0 0.0 0.0 0.0 0.0 0.0 0.0 0.0 0.0 5.66244e-07 0.0 0.0 0.0 0.0 0.0
0.127731 0.0 1.73748e-05 0.0 0.00287211 0.0 0.00489134 0.0 0.0 0.0 0.0 0.000202924 2.38419e-07 6.25849e-07 0.0 0.0 0.0 0.000754356 4.75347e-05 0.000252604 0.0 0.00709718 7.4327e-05 8.9407e-08 0.0907353 0.232721 3.18885e-06 8.76188e-06 0.0 1.78814e-07 0.0 0.0 0.0 1.49012e-07 1.13249e-06 4.47035e-07 0.0 0.863582 0.0 2.98023e-08 0.0 0.0 0.0 0.000269711 0.771371 0.0 2.68221e-07 0.0 0.0 0.0 0.0 0.0 0.0 0.0 0.0 0.195116 0.0966669 0.168555 0.0 0.0 0.0 0.0 0.0 0.0
0.0 0.0 0.0 0.0 0.0 0.999987 0.0 0.0 0.873695 3.33786e-06 4.26173e-06 0.0 0.0 0.0 0.0 0.0 0.0 0.0 0.0 0.0 0.0 0.0 0.0 0.0 0.0 0.0 0.0 0.0 0.0 0.0 0.0 0.0 0.0 0.0 0.0 0.0 0.0 0.0 0.0 0.804727 0.0 0.0 0.0 0.0 0.0 0.0 0.0 0.0 0.0 0.0 0.0 0.0 0.0 0.0 0.0 0.0 0.0 0.0 0.0 0.0 0.0 0.0 0.0 0.0
2.07722e-05 0.0 0.0 0.0 0.000179321 0.0 5.36442e-07 0.0 0.0 1.78814e-07 0.00026685 0.00019899 0.0 0.0 0.0 0.0 0.0 1.20103e-05 0.0 0.955054 0.0 0.000288248 7.62939e-06 2.98023e-07 0.000111789 3.42727e-06 0.0 7.15256e-06 0.0 1.16229e-06 0.0 0.0 0.0 7.7486e-07 0.0 9.0301e-06 0.0 0.00159344 0.0 8.9407e-08 0.0 0.0 0.0 4.20213e-06 1.04308e-06 0.0 1.66893e-06 0.0 0.0 0.0 1.36197e-05 0.0 0.0 0.0 2.38419e-07 6.89328e-05 7.15256e-07 0.0248812 0.0 0.0 8.9407e-08 0.0 1.49012e-07 0.0
0.0 0.0 0.999921 0.0 8.9407e-08 0.0 5.96046e-08 0.0 0.0 3.06964e-06 8.9407e-08 0.0 0.0 0.0 0.0 0.0 0.0 0.000218689 0.0 0.0 0.0 6.70552e-05 1.19209e-07 0.0 0.0 2.5928e-05 0.00785998 0.0 0.0 0.0 0.0 2.98023e-08 0.0 0.0 3.57628e-07 3.69549e-05 0.0 0.0 0.0 9.47714e-05 0.0 0.0 0.0 0.0 3.54052e-05 0.0 0.0 0.0 0.0 0.824733 8.37445e-06 0.0 5.96046e-08 0.0 0.0 0.0 0.000104636 0.0 0.0 0.0 0.0 0.0 0.0 0.0
5.6982e-05 0.0 2.38419e-07 0.0 0.00591272 2.08616e-07 0.000428796 0.0 1.49012e-07 3.22461e-05 0.377503 1.78814e-07 0.0 0.0 0.0 0.0 0.0 0.00392634 6.70552e-06 3.80874e-05 7.15256e-07 0.00027588 1.64807e-05 0.0 1.85966e-05 0.347499 2.98023e-07 0.0 0.0 0.0 0.0 0.000125259 0.0 0.00610167 0.0 0.00163215 1.19209e-07 0.000147879 0.0 1.28448e-05 0.0 0.0 0.0 1.60933e-06 0.0059824 0.0 0.0 0.0 0.0 5.1856e-06 0.00175604 0.0 0.0 0.0 0.000149041 0.000112474 0.358389 0.000420392 0.0 0.0 0.000740826 0.0 3.57628e-06 0.0
12 3 23 13 46 30 22 14 51 16 27 18 31 40 53 48 0 17 4 28 62 49 26 10 60 54 52 24 2 25 34 20 5 38 32 29 36 6 33 8 15 50 47 44 1 58 35 55 37 57 61 41 42 7 21 43 56 9 19 63 39 45 59 11
