8
0.791852 0.0 0.0 0.791852 0.0 0.791852 0.0 0.791852 0.791852 0.0 0.791852 0.0 0.00992778 0.791852 0.791852 0.791852 0.0 0.0 0.791852 0.791852 0.791852 0.0 0.0 0.791852 0.0 0.0 0.0 0.0 0.791852 0.791852 0.0 0.791852 0.791852 0.791852 0.0 0.554208 0.0 0.0 0.791852 0.0 0.791852 0.791852 0.0 0.791852 0.791852 0.0 0.791852 0.0 0.785674 0.791852 0.791852 0.0886358 0.791852 0.791852 0.791852 0.791852 0.0 0.0 0.791852 0.0 0.0 0.0 0.792117 0.791852
0.791852 0.0 0.0 0.791852 0.0 0.791852 0.0 0.791852 0.791852 0.0 0.791852 0.0 0.00992778 0.791852 0.791852 0.791852 0.0 0.0 0.791852 0.791852 0.791852 0.0 0.0 0.791852 0.0 0.0 0.0 0.0 0.791852 0.791852 0.0 0.791852 0.791852 0.791852 0.0 0.554208 0.0 0.0 0.791852 0.0 0.791852 0.791852 0.0 0.791852 0.791852 0.0 0.791852 0.0 0.785674 0.791852 0.791852 0.0886358 0.791852 0.791852 0.791852 0.791852 0.0 0.0 0.791852 0.0 0.0 0.0 0.792117 0.791852
0.0 0.0 0.0 0.0 0.0 0.0 0.0 0.0 0.0 0.0 0.0 0.0 0.0 0.0 0.0 0.0 0.0 0.0 0.0 0.0 0.0 0.0 7.15256e-07 0.0 0.0 0.0 0.0 0.0 0.0 0.0 0.0 0.0 0.0 0.0 0.97363 0.0 0.0 0.0 0.0 0.0 0.0 0.0 0.0 0.0 0.0 0.0 0.0 0.0 0.0 0.0 0.0 0.0 0.0 0.0 0.0 0.0 0.0 0.0 0.0 0.0 0.0 0.0 0.0 0.0
0.791852 0.0 0.0 0.791852 0.0 0.791852 0.0 0.791852 0.791852 0.0 0.791852 0.0 0.00992778 0.791852 0.791852 0.791852 0.0 0.0 0.791852 0.791852 0.791852 0.0 0.0 0.791852 0.0 0.0 0.0 0.0 0.791852 0.791852 0.0 0.791852 0.791852 0.791852 0.0 0.554208 0.0 0.0 0.791852 0.0 0.791852 0.791852 0.0 0.791852 0.791852 0.0 0.791852 0.0 0.785674 0.791852 0.791852 0.0886358 0.791852 0.791852 0.791852 0.791852 0.0 0.0 0.791852 0.0 0.0 0.0 0.792117 0.791852
0.0 0.0 0.0 0.0 0.0 0.0 0.0 0.0 0.0 0.0 0.0 0.0 0.0 0.0 0.0 0.0 0.0 0.0 0.0 0.0 0.0 0.0 0.0 0.0 0.999958 0.0 0.0 0.0 0.0 0.0 0.0 0.0 0.0 0.0 1.19209e-07 0.0 0.0 0.0 0.0 0.0 0.0 0.0 0.0 0.0 0.0 0.0 0.0 0.0 0.0 0.0 0.0 0.0 0.0 0.0 0.0 0.0 0.0 0.0 0.0 0.0 0.0 0.0 0.0 0.0
0.791852 0.0 0.0 0.791852 0.0 0.791852 0.0 0.791852 0.791852 0.0 0.791852 0.0 0.00992778 0.791852 0.791852 0.791852 0.0 0.0 0.791852 0.791852 0.791852 0.0 0.0 0.791852 0.0 0.0 0.0 0.0 0.791852 0.791852 0.0 0.791852 0.791852 0.791852 0.0 0.554208 0.0 0.0 0.791852 0.0 0.791852 0.791852 0.0 0.791852 0.791852 0.0 0.791852 0.0 0.785674 0.791852 0.791852 0.0886358 0.791852 0.791852 0.791852 0.791852 0.0 0.0 0.791852 0.0 0.0 0.0 0.792117 0.791852
0.0 0.0 0.0 0.0 0.0 0.0 0.0 0.0 0.0 0.0 0.0 0.0 0.0 0.0 0.0 0.0 0.0 0.0 0.0 0.0 0.0 0.0 0.0 0.0 0.0 0.0 0.0 0.0 0.0 0.0 0.0 0.0 0.0 0.0 0.0 0.0 0.0225884 0.0 0.0 0.0 0.0 0.0 0.99949 0.0 0.0 0.0 0.0 0.0 0.0 0.0 0.0 0.0 0.0 0.0 0.0 0.0 0.0 0.0 0.0 0.0 0.0 0.0 0.0 0.0
0.0 0.0 0.0 0.0 0.0 0.0 0.0 0.0 0.0 0.0 0.0 0.0 0.0 0.0 0.0 0.0 0.0 0.0 0.0 0.0 0.0 0.0 0.0 0.0 0.0 0.0 0.0 0.0 0.0 0.0 1.0 0.0 0.0 0.0 0.0 0.0 0.0 0.0 0.0 0.0 0.0 0.0 0.0 0.0 0.0 8.9407e-08 0.0 0.0 0.0 0.0 0.0 0.0 0.0 0.0 0.0 0.0 0.000492692 0.0 0.0 0.0 0.0 0.0 0.0 0.0
0.0120469 0.0 0.0 0.0120469 0.0 0.0120469 0.0 0.0120469 0.0120469 0.0 0.0120469 0.0 0.837457 0.0120469 0.0120469 0.0120469 0.0 0.0 0.0120469 0.0120469 0.0120469 0.0 0.0 0.0120469 0.0 0.0 0.0 0.0 0.0120469 0.0120469 0.0 0.0120469 0.0120469 0.0120469 0.0 0.193468 0.0 0.0 0.0120469 0.0 0.0120469 0.0120469 0.0 0.0120469 0.0120469 0.0 0.0120469 0.0 0.0127168 0.0120469 0.0120469 0.7618 0.0120469 0.0120469 0.0120469 0.0120469 0.0 0.0 0.0120469 0.0 0.0 0.0 0.0127533 0.0120469
0.323524 0.0 0.0 0.323524 0.0 0.323524 0.0 0.323524 0.323524 0.0 0.323524 0.0 0.0984561 0.323524 0.323524 0.323524 0.0 0.0 0.323524 0.323524 0.323524 0.0 0.0 0.323524 0.0 0.0 0.0 0.0 0.323524 0.323524 0.0 0.323524 0.323524 0.323524 0.0 0.833295 0.0 0.0 0.323524 0.0 0.323524 0.323524 0.0 0.323524 0.323524 0.0 0.323524 0.0 0.368255 0.323524 0.323524 0.142394 0.323524 0.323524 0.323524 0.323524 0.0 0.0 0.323524 0.0 0.0 0.0 0.339276 0.323524
0.791852 0.0 0.0 0.791852 0.0 0.791852 0.0 0.791852 0.791852 0.0 0.791852 0.0 0.00992778 0.791852 0.791852 0.791852 0.0 0.0 0.791852 0.791852 0.791852 0.0 0.0 0.791852 0.0 0.0 0.0 0.0 0.791852 0.791852 0.0 0.791852 0.791852 0.791852 0.0 0.554208 0.0 0.0 0.791852 0.0 0.791852 0.791852 0.0 0.791852 0.791852 0.0 0.791852 0.0 0.785674 0.791852 0.791852 0.0886358 0.791852 0.791852 0.791852 0.791852 0.0 0.0 0.791852 0.0 0.0 0.0 0.792117 0.791852
0.0 0.0 4.73857e-06 0.0 0.0 0.0 0.998455 0.0 0.0 0.0 0.0 0.00241226 0.0 0.0 0.0 0.0 0.0 0.0 0.0 0.0 0.0 0.0 0.0 0.0 0.0 0.0 0.0 0.0 0.0 0.0 0.0 0.0 0.0 0.0 0.0 0.0 0.709245 0.0 0.0 0.0 0.0 0.0 0.0 0.0 0.0 0.0 0.0 0.0 0.0 0.0 0.0 0.0 0.0 0.0 0.0 0.0 0.0 0.0 0.0 0.0 0.0 0.000237197 0.0 0.0
0.0 0.0 0.0 0.0 0.0 0.0 0.0 0.0 0.0 0.0 0.0 0.0 0.0 0.0 0.0 0.0 0.0 0.0 0.0 0.0 0.0 0.0 0.0 0.0 0.0 1.0 0.0 0.0 0.0 0.0 0.0 0.0 0.0 0.0 0.0 0.0 0.0 0.0 0.0 0.0 0.0 0.0 0.0 0.0 0.0 0.0 0.0 0.0 0.0 0.0 0.0 0.0 0.0 0.0 0.0 0.0 0.0 0.0 0.0 0.0 0.0 0.0 0.0 0.0
0.0 0.0 0.0 0.0 0.0 0.0 0.0 0.0 0.0 0.0 0.0 0.0 0.0 0.0 0.0 0.0 0.0 0.0 0.0 0.0 0.0 0.0 0.0 0.0 0.0 0.0 0.0 0.0 0.0 0.0 0.0 0.0 0.0 0.0 0.0 0.0 0.0 0.0166043 0.0 0.0 0.0 0.0 0.0 0.0 0.0 0.0 0.0 0.0 0.0 0.0 0.0 0.0 0.0 0.0 0.0 0.0 0.0 0.999267 0.0 0.0 0.0 0.0 0.0 0.0
0.791852 0.0 0.0 0.791852 0.0 0.791852 0.0 0.791852 0.791852 0.0 0.791852 0.0 0.00992778 0.791852 0.791852 0.791852 0.0 0.0 0.791852 0.791852 0.791852 0.0 0.0 0.791852 0.0 0.0 0.0 0.0 0.791852 0.791852 0.0 0.791852 0.791852 0.791852 0.0 0.554208 0.0 0.0 0.791852 0.0 0.791852 0.791852 0.0 0.791852 0.791852 0.0 0.791852 0.0 0.785674 0.791852 0.791852 0.0886358 0.791852 0.791852 0.791852 0.791852 0.0 0.0 0.791852 0.0 0.0 0.0 0.792117 0.791852
0.791852 0.0 0.0 0.791852 0.0 0.791852 0.0 0.791852 0.791852 0.0 0.791852 0.0 0.00992778 0.791852 0.791852 0.791852 0.0 0.0 0.791852 0.791852 0.791852 0.0 0.0 0.791852 0.0 0.0 0.0 0.0 0.791852 0.791852 0.0 0.791852 0.791852 0.791852 0.0 0.554208 0.0 0.0 0.791852 0.0 0.791852 0.791852 0.0 0.791852 0.791852 0.0 0.791852 0.0 0.785674 0.791852 0.791852 0.0886358 0.791852 0.791852 0.791852 0.791852 0.0 0.0 0.791852 0.0 0.0 0.0 0.792117 0.791852
0.0 0.0 0.0 0.0 0.0 0.0 0.0 0.0 0.0 0.0 0.0 0.0 0.0 0.0 0.0 0.0 0.0 0.0 0.0 0.0 0.0 0.0 0.0 0.0 0.0 0.0 0.0 0.0 0.0 0.0 0.0 0.0 0.0 0.0 0.0 0.0 0.0 0.0 0.0 0.999761 0.0 0.0 0.0 0.0 0.0 0.0 0.0 0.0 0.0 0.0 0.0 0.0 0.0 0.0 0.0 0.0 0.0 0.0 0.0 0.0 0.0 0.0 0.0 0.0
0.0 0.0 0.999422 0.0 0.0 0.0 6.85453e-07 0.0 0.0 0.0 0.0 0.000509828 0.0 0.0 0.0 0.0 8.9407e-08 0.0 0.0 0.0 0.0 0.0 0.0 0.0 0.0 0.0 0.0 0.0 0.0 0.0 0.0 0.0 0.0 0.0 0.0 0.0 0.0104771 0.0 0.0 0.0 0.0 0.0 0.0 0.0 0.0 0.0 0.0 0.0 0.0 0.0 0.0 0.0 0.0 0.0 0.0 0.0 0.0 0.0 0.0 0.0 0.0 0.000145197 0.0 0.0
0.791852 0.0 0.0 0.791852 0.0 0.791852 0.0 0.791852 0.791852 0.0 0.791852 0.0 0.00992778 0.791852 0.791852 0.791852 0.0 0.0 0.791852 0.791852 0.791852 0.0 0.0 0.791852 0.0 0.0 0.0 0.0 0.791852 0.791852 0.0 0.791852 0.791852 0.791852 0.0 0.554208 0.0 0.0 0.791852 0.0 0.791852 0.791852 0.0 0.791852 0.791852 0.0 0.791852 0.0 0.785674 0.791852 0.791852 0.0886358 0.791852 0.791852 0.791852 0.791852 0.0 0.0 0.791852 0.0 0.0 0.0 0.792117 0.791852
0.0560567 0.0 0.0 0.0560567 0.0 0.0560567 0.0 0.0560567 0.0560567 0.0 0.0560567 0.0 0.613276 0.0560567 0.0560567 0.0560567 0.0 0.0 0.0560567 0.0560567 0.0560567 0.0 0.0 0.0560567 0.0 0.0 0.0 0.0 0.0560567 0.0560567 0.0 0.0560567 0.0560567 0.0560567 0.0 0.180854 0.0 0.0 0.0560567 0.0 0.0560567 0.0560567 0.0 0.0560567 0.0560567 0.0 0.0560567 0.0 0.0541708 0.0560567 0.0560567 0.905685 0.0560567 0.0560567 0.0560567 0.0560567 0.0 0.0 0.0560567 0.0 0.0 0.0 0.0585659 0.0560567
0.791852 0.0 0.0 0.791852 0.0 0.791852 0.0 0.791852 0.791852 0.0 0.791852 0.0 0.00992778 0.791852 0.791852 0.791852 0.0 0.0 0.791852 0.791852 0.791852 0.0 0.0 0.791852 0.0 0.0 0.0 0.0 0.791852 0.791852 0.0 0.791852 0.791852 0.791852 0.0 0.554208 0.0 0.0 0.791852 0.0 0.791852 0.791852 0.0 0.791852 0.791852 0.0 0.791852 0.0 0.785674 0.791852 0.791852 0.0886358 0.791852 0.791852 0.791852 0.791852 0.0 0.0 0.791852 0.0 0.0 0.0 0.792117 0.791852
0.791852 0.0 0.0 0.791852 0.0 0.791852 0.0 0.791852 0.791852 0.0 0.791852 0.0 0.00992778 0.791852 0.791852 0.791852 0.0 0.0 0.791852 0.791852 0.791852 0.0 0.0 0.791852 0.0 0.0 0.0 0.0 0.791852 0.791852 0.0 0.791852 0.791852 0.791852 0.0 0.554208 0.0 0.0 0.791852 0.0 0.791852 0.791852 0.0 0.791852 0.791852 0.0 0.791852 0.0 0.785674 0.791852 0.791852 0.0886358 0.791852 0.791852 0.791852 0.791852 0.0 0.0 0.791852 0.0 0.0 0.0 0.792117 0.791852
0.0 0.998943 0.0 0.0 0.0 0.0 0.0 0.0 0.0 0.0 0.0 0.0 0.0 0.0 0.0 0.0 0.0 0.0 0.0 0.0 0.0 0.0 0.0 0.0 0.0 0.0 0.0 0.0 0.0 0.0 0.0 0.0 0.0 0.0 0.0 0.0 0.0 0.0 0.0 0.0 0.0 0.0 0.0 0.0 0.0 0.0 0.0 0.0 0.0 0.0 0.0 0.0 0.0 0.0 0.0 0.0 0.0 0.0 0.0 0.0 0.0 0.0 0.0 0.0
0.791852 0.0 0.0 0.791852 0.0 0.791852 0.0 0.791852 0.791852 0.0 0.791852 0.0 0.00992778 0.791852 0.791852 0.791852 0.0 0.0 0.791852 0.791852 0.791852 0.0 0.0 0.791852 0.0 0.0 0.0 0.0 0.791852 0.791852 0.0 0.791852 0.791852 0.791852 0.0 0.554208 0.0 0.0 0.791852 0.0 0.791852 0.791852 0.0 0.791852 0.791852 0.0 0.791852 0.0 0.785674 0.791852 0.791852 0.0886358 0.791852 0.791852 0.791852 0.791852 0.0 0.0 0.791852 0.0 0.0 0.0 0.792117 0.791852
0.791852 0.0 0.0 0.791852 0.0 0.791852 0.0 0.791852 0.791852 0.0 0.791852 0.0 0.00992778 0.791852 0.791852 0.791852 0.0 0.0 0.791852 0.791852 0.791852 0.0 0.0 0.791852 0.0 0.0 0.0 0.0 0.791852 0.791852 0.0 0.791852 0.791852 0.791852 0.0 0.554208 0.0 0.0 0.791852 0.0 0.791852 0.791852 0.0 0.791852 0.791852 0.0 0.791852 0.0 0.785674 0.791852 0.791852 0.0886358 0.791852 0.791852 0.791852 0.791852 0.0 0.0 0.791852 0.0 0.0 0.0 0.792117 0.791852
0.791852 0.0 0.0 0.791852 0.0 0.791852 0.0 0.791852 0.791852 0.0 0.791852 0.0 0.00992778 0.791852 0.791852 0.791852 0.0 0.0 0.791852 0.791852 0.791852 0.0 0.0 0.791852 0.0 0.0 0.0 0.0 0.791852 0.791852 0.0 0.791852 0.791852 0.791852 0.0 0.554208 0.0 0.0 0.791852 0.0 0.791852 0.791852 0.0 0.791852 0.791852 0.0 0.791852 0.0 0.785674 0.791852 0.791852 0.0886358 0.791852 0.791852 0.791852 0.791852 0.0 0.0 0.791852 0.0 0.0 0.0 0.792117 0.791852
0.0 0.0 0.0 0.0 0.0 0.0 0.0 0.0 0.0 0.0 0.0 0.0 0.0 0.0 0.0 0.0 0.0 0.0 0.0 0.0 0.0 0.0 0.999179 0.0 0.0 0.0 0.0 0.0 0.0 0.0 0.0 0.0 0.0 0.0 1.71363e-05 0.0 0.0 0.0 0.0 0.0 0.0 0.0 0.0 0.0 0.0 0.0 0.0 0.0 0.0 0.0 0.0 0.0 0.0 0.0 0.0 0.0 0.0 0.0 0.0 0.0 0.0 0.0 0.0 0.0
0.791852 0.0 0.0 0.791852 0.0 0.791852 0.0 0.791852 0.791852 0.0 0.791852 0.0 0.00992778 0.791852 0.791852 0.791852 0.0 0.0 0.791852 0.791852 0.791852 0.0 0.0 0.791852 0.0 0.0 0.0 0.0 0.791852 0.791852 0.0 0.791852 0.791852 0.791852 0.0 0.554208 0.0 0.0 0.791852 0.0 0.791852 0.791852 0.0 0.791852 0.791852 0.0 0.791852 0.0 0.785674 0.791852 0.791852 0.0886358 0.791852 0.791852 0.791852 0.791852 0.0 0.0 0.791852 0.0 0.0 0.0 0.792117 0.791852
0.0 0.0 0.0 0.0 0.0 0.0 0.0 0.0 0.0 0.0 0.0 0.0 0.0 0.0 0.0 0.0 0.0 0.0 0.0 0.0 0.0 0.0 0.0 0.0 0.0 0.0 0.0 0.0 0.0 0.0 0.0 0.0 0.0 0.0 0.0 0.0 0.0 0.0 0.0 0.0 0.0 0.0 0.0 0.0 0.0 0.0 0.0 1.0 0.0 0.0 0.0 0.0 0.0 0.0 0.0 0.0 0.0 0.0 0.0 0.0 0.0 0.0 0.0 0.0
0.791852 0.0 0.0 0.791852 0.0 0.791852 0.0 0.791852 0.791852 0.0 0.791852 0.0 0.00992778 0.791852 0.791852 0.791852 0.0 0.0 0.791852 0.791852 0.791852 0.0 0.0 0.791852 0.0 0.0 0.0 0.0 0.791852 0.791852 0.0 0.791852 0.791852 0.791852 0.0 0.554208 0.0 0.0 0.791852 0.0 0.791852 0.791852 0.0 0.791852 0.791852 0.0 0.791852 0.0 0.785674 0.791852 0.791852 0.0886358 0.791852 0.791852 0.791852 0.791852 0.0 0.0 0.791852 0.0 0.0 0.0 0.792117 0.791852
0.0 0.0 0.0 0.0 0.99857 0.0 0.0 0.0 0.0 0.0 0.0 0.0 0.0 0.0 0.0 0.0 0.0 0.0 0.0 0.0 0.0 0.0 0.0 0.0 0.0 0.0 0.0 4.13954e-05 0.0 0.0 0.0 0.0 0.0 0.0 0.0 0.0 0.0 0.0 0.0 0.0 0.0 0.0 0.0 0.0 0.0 0.0 0.0 0.0 0.0 0.0 0.0 0.0 0.0 0.0 0.0 0.0 0.0 0.0 0.0 0.0 0.0 0.0 0.0 0.0
0.997336 0.0 0.0 0.997336 0.0 0.997336 0.0 0.997336 0.997336 0.0 0.997336 0.0 0.496643 0.997336 0.997336 0.997336 0.0 0.0 0.997336 0.997336 0.997336 0.0 0.0 0.997336 0.0 0.0 0.0 0.0 0.997336 0.997336 0.0 0.997336 0.997336 0.997336 0.0 0.993211 0.0 0.0 0.997336 0.0 0.997336 0.997336 0.0 0.997336 0.997336 0.0 0.997336 0.0 0.997235 0.997336 0.997336 0.905391 0.997336 0.997336 0.997336 0.997336 0.0 0.0 0.997336 0.0 0.0 0.0 0.99734 0.997336
0.791852 0.0 0.0 0.791852 0.0 0.791852 0.0 0.791852 0.791852 0.0 0.791852 0.0 0.00992778 0.791852 0.791852 0.791852 0.0 0.0 0.791852 0.791852 0.791852 0.0 0.0 0.791852 0.0 0.0 0.0 0.0 0.791852 0.791852 0.0 0.791852 0.791852 0.791852 0.0 0.554208 0.0 0.0 0.791852 0.0 0.791852 0.791852 0.0 0.791852 0.791852 0.0 0.791852 0.0 0.785674 0.791852 0.791852 0.0886358 0.791852 0.791852 0.791852 0.791852 0.0 0.0 0.791852 0.0 0.0 0.0 0.792117 0.791852
0.791852 0.0 0.0 0.791852 0.0 0.791852 0.0 0.791852 0.791852 0.0 0.791852 0.0 0.00992778 0.791852 0.791852 0.791852 0.0 0.0 0.791852 0.791852 0.791852 0.0 0.0 0.791852 0.0 0.0 0.0 0.0 0.791852 0.791852 0.0 0.791852 0.791852 0.791852 0.0 0.554208 0.0 0.0 0.791852 0.0 0.791852 0.791852 0.0 0.791852 0.791852 0.0 0.791852 0.0 0.785674 0.791852 0.791852 0.0886358 0.791852 0.791852 0.791852 0.791852 0.0 0.0 0.791852 0.0 0.0 0.0 0.792117 0.791852
0.0 0.0 0.0 0.0 0.0 0.0 0.0 0.0 0.0 0.0 0.0 0.0 0.0 0.0 0.0 0.0 0.0 0.0 0.0 0.0 0.0 0.000277609 0.0 0.0 0.0 0.0 0.999583 0.0 0.0 0.0 0.0 0.0 0.0 0.0 0.0 0.0 0.0 0.0 0.0 0.0 0.0 0.0 0.0 0.0 0.0 0.0 0.0 0.0 0.0 0.0 0.0 0.0 0.0 0.0 0.0 0.0 0.0 0.0 0.0 0.0 0.0 0.0 0.0 0.0
0.791852 0.0 0.0 0.791852 0.0 0.791852 0.0 0.791852 0.791852 0.0 0.791852 0.0 0.00992778 0.791852 0.791852 0.791852 0.0 0.0 0.791852 0.791852 0.791852 0.0 0.0 0.791852 0.0 0.0 0.0 0.0 0.791852 0.791852 0.0 0.791852 0.791852 0.791852 0.0 0.554208 0.0 0.0 0.791852 0.0 0.791852 0.791852 0.0 0.791852 0.791852 0.0 0.791852 0.0 0.785674 0.791852 0.791852 0.0886358 0.791852 0.791852 0.791852 0.791852 0.0 0.0 0.791852 0.0 0.0 0.0 0.792117 0.791852
0.791852 0.0 0.0 0.791852 0.0 0.791852 0.0 0.791852 0.791852 0.0 0.791852 0.0 0.00992778 0.791852 0.791852 0.791852 0.0 0.0 0.791852 0.791852 0.791852 0.0 0.0 0.791852 0.0 0.0 0.0 0.0 0.791852 0.791852 0.0 0.791852 0.791852 0.791852 0.0 0.554208 0.0 0.0 0.791852 0.0 0.791852 0.791852 0.0 0.791852 0.791852 0.0 0.791852 0.0 0.785674 0.791852 0.791852 0.0886358 0.791852 0.791852 0.791852 0.791852 0.0 0.0 0.791852 0.0 0.0 0.0 0.792117 0.791852
0.0 0.0 0.0 0.0 0.0 0.0 0.0 0.0 0.0 0.0 0.0 0.0 0.0 0.0 0.0 0.0 0.992273 0.0 0.0 0.0 0.0 0.0 0.0 0.0 0.0 0.0 0.0 0.0 0.0 0.0 0.0 0.0 0.0 0.0 0.0 0.0 0.0 0.0 0.0 0.0 0.0 0.0 0.0 0.0 0.0 0.0 0.0 0.0 0.0 0.0 0.0 0.0 0.0 0.0 0.0 0.0 0.0 0.0 0.0 0.0 0.0 0.0 0.0 0.0
0.960328 0.0 0.0 0.960328 0.0 0.960328 0.0 0.960328 0.960328 0.0 0.960328 0.0 0.102876 0.960328 0.960328 0.960328 0.0 0.0 0.960328 0.960328 0.960328 0.0 0.0 0.960328 0.0 0.0 0.0 0.0 0.960328 0.960328 0.0 0.960328 0.960328 0.960328 0.0 0.952958 0.0 0.0 0.960328 0.0 0.960328 0.960328 0.0 0.960328 0.960328 0.0 0.960328 0.0 0.969217 0.960328 0.960328 0.387257 0.960328 0.960328 0.960328 0.960328 0.0 0.0 0.960328 0.0 0.0 0.0 0.960389 0.960328
0.0 0.0 0.0 0.0 0.0 0.0 0.0 0.0 0.0 0.0 0.0 0.0 0.0 0.0 0.0 0.0 0.0 0.0 0.0 0.0 0.0 0.999999 0.0 0.0 0.0 0.0 0.00132766 0.0 0.0 0.0 0.0 0.0 0.0 0.0 0.0 0.0 0.0 0.0 0.0 0.0 0.0 0.0 0.0 0.0 0.0 0.0 0.0 0.0 0.0 0.0 0.0 0.0 0.0 0.0 0.0 0.0 0.0 0.0 0.0 0.0 0.0 0.0 0.0 0.0
0.791852 0.0 0.0 0.791852 0.0 0.791852 0.0 0.791852 0.791852 0.0 0.791852 0.0 0.00992778 0.791852 0.791852 0.791852 0.0 0.0 0.791852 0.791852 0.791852 0.0 0.0 0.791852 0.0 0.0 0.0 0.0 0.791852 0.791852 0.0 0.791852 0.791852 0.791852 0.0 0.554208 0.0 0.0 0.791852 0.0 0.791852 0.791852 0.0 0.791852 0.791852 0.0 0.791852 0.0 0.785674 0.791852 0.791852 0.0886358 0.791852 0.791852 0.791852 0.791852 0.0 0.0 0.791852 0.0 0.0 0.0 0.792117 0.791852
0.791852 0.0 0.0 0.791852 0.0 0.791852 0.0 0.791852 0.791852 0.0 0.791852 0.0 0.00992778 0.791852 0.791852 0.791852 0.0 0.0 0.791852 0.791852 0.791852 0.0 0.0 0.791852 0.0 0.0 0.0 0.0 0.791852 0.791852 0.0 0.791852 0.791852 0.791852 0.0 0.554208 0.0 0.0 0.791852 0.0 0.791852 0.791852 0.0 0.791852 0.791852 0.0 0.791852 0.0 0.785674 0.791852 0.791852 0.0886358 0.791852 0.791852 0.791852 0.791852 0.0 0.0 0.791852 0.0 0.0 0.0 0.792117 0.791852
0.0 0.0 0.0 0.0 0.0 0.0 0.0 0.0 0.0 0.0 0.0 0.0 0.0 0.0 0.0 0.0 0.0 0.0 0.0 0.0 0.0 0.0 0.0 0.0 0.0 0.0 0.0 0.0 0.0 0.0 0.999311 0.0 0.0 0.0 0.0 0.0 0.0 0.0 0.0 0.0 0.0 0.0 0.0 0.0 0.0 0.0 0.0 0.0 0.0 0.0 0.0 0.0 0.0 0.0 0.0 0.0 0.999997 0.0 0.0 0.0 0.0 0.0 0.0 0.0
0.791852 0.0 0.0 0.791852 0.0 0.791852 0.0 0.791852 0.791852 0.0 0.791852 0.0 0.00992778 0.791852 0.791852 0.791852 0.0 0.0 0.791852 0.791852 0.791852 0.0 0.0 0.791852 0.0 0.0 0.0 0.0 0.791852 0.791852 0.0 0.791852 0.791852 0.791852 0.0 0.554208 0.0 0.0 0.791852 0.0 0.791852 0.791852 0.0 0.791852 0.791852 0.0 0.791852 0.0 0.785674 0.791852 0.791852 0.0886358 0.791852 0.791852 0.791852 0.791852 0.0 0.0 0.791852 0.0 0.0 0.0 0.792117 0.791852
6.85453e-07 0.0 0.0 6.85453e-07 7.7486e-07 6.85453e-07 0.0 6.85453e-07 6.85453e-07 0.0 6.85453e-07 0.0 0.0 6.85453e-07 6.85453e-07 6.85453e-07 0.0 0.0 6.85453e-07 6.85453e-07 6.85453e-07 0.0 0.0 6.85453e-07 0.0 0.0 0.0 0.999998 6.85453e-07 6.85453e-07 0.0 6.55651e-07 6.85453e-07 6.85453e-07 0.0 4.47035e-07 0.0 0.0 6.85453e-07 0.0 6.85453e-07 6.85453e-07 0.0 6.85453e-07 6.85453e-07 0.0 6.85453e-07 0.0 6.85453e-07 6.85453e-07 6.85453e-07 2.98023e-08 6.85453e-07 6.85453e-07 6.85453e-07 6.85453e-07 0.0 0.0 6.85453e-07 0.0 0.0 0.0 7.45058e-07 6.55651e-07
0.0 0.0 0.0 0.0 0.0 0.0 0.0 0.0 0.0 0.993445 0.0 0.0 0.0 0.0 0.0 0.0 0.0 0.0 0.0 0.0 0.0 0.0 0.0 0.0 0.0 0.0 0.0 0.0 0.0 0.0 0.0 0.0 0.0 0.0 0.0 0.0 0.0 0.0 0.0 0.0 0.0 0.0 0.0 0.0 0.0 0.0 0.0 0.0 0.0 0.0 0.0 0.0 0.0 0.0 0.0 0.0 0.0 0.0 0.0 0.0 0.0 0.0 0.0 0.0
0.791852 0.0 0.0 0.791852 0.0 0.791852 0.0 0.791852 0.791852 0.0 0.791852 0.0 0.00992778 0.791852 0.791852 0.791852 0.0 0.0 0.791852 0.791852 0.791852 0.0 0.0 0.791852 0.0 0.0 0.0 0.0 0.791852 0.791852 0.0 0.791852 0.791852 0.791852 0.0 0.554208 0.0 0.0 0.791852 0.0 0.791852 0.791852 0.0 0.791852 0.791852 0.0 0.791852 0.0 0.785674 0.791852 0.791852 0.0886358 0.791852 0.791852 0.791852 0.791852 0.0 0.0 0.791852 0.0 0.0 0.0 0.792117 0.791852
0.0 0.0 0.0 0.0 0.0 0.0 0.0 0.0 0.0 0.0 0.0 0.0 0.0 0.0 0.0 0.0 0.0 0.998479 0.0 0.0 0.0 0.0 0.0 0.0 0.0 0.0 0.0 0.0 0.0 0.0 0.0 0.0 0.0 0.0 0.0 0.0 0.280963 0.0 0.0 0.0 0.0 0.0 0.0 0.0 0.0 0.0 0.0 0.0 0.0 0.0 0.0 0.0 0.0 0.0 0.0 0.0 0.0 0.0 0.0 0.0 0.0 0.0 0.0 0.0
0.791852 0.0 0.0 0.791852 0.0 0.791852 0.0 0.791852 0.791852 0.0 0.791852 0.0 0.00992778 0.791852 0.791852 0.791852 0.0 0.0 0.791852 0.791852 0.791852 0.0 0.0 0.791852 0.0 0.0 0.0 0.0 0.791852 0.791852 0.0 0.791852 0.791852 0.791852 0.0 0.554208 0.0 0.0 0.791852 0.0 0.791852 0.791852 0.0 0.791852 0.791852 0.0 0.791852 0.0 0.785674 0.791852 0.791852 0.0886358 0.791852 0.791852 0.791852 0.791852 0.0 0.0 0.791852 0.0 0.0 0.0 0.792117 0.791852
0.0 0.0 0.0 0.0 0.0 0.0 0.0 0.0 0.0 0.0 0.0 0.0 0.0 0.0 0.0 0.0 0.0 0.0 0.0 0.0 0.0 0.0 0.0 0.0 0.0 0.0 0.0 0.0 0.0 0.0 0.0 0.0 0.0 0.0 0.0 0.0 0.0 0.922512 0.0 0.0 0.0 0.0 0.0 0.0 0.0 0.0 0.0 0.0 0.0 0.0 0.0 0.0 0.0 0.0 0.0 0.0 0.0 0.0868265 0.0 0.0 1.49012e-06 0.0 0.0 0.0
0.791852 0.0 0.0 0.791852 0.0 0.791852 0.0 0.791852 0.791852 0.0 0.791852 0.0 0.00992778 0.791852 0.791852 0.791852 0.0 0.0 0.791852 0.791852 0.791852 0.0 0.0 0.791852 0.0 0.0 0.0 0.0 0.791852 0.791852 0.0 0.791852 0.791852 0.791852 0.0 0.554208 0.0 0.0 0.791852 0.0 0.791852 0.791852 0.0 0.791852 0.791852 0.0 0.791852 0.0 0.785674 0.791852 0.791852 0.0886358 0.791852 0.791852 0.791852 0.791852 0.0 0.0 0.791852 0.0 0.0 0.0 0.792117 0.791852
0.0 0.0 0.0 0.0 0.0 0.0 0.0 0.0 0.0 0.0 0.0 2.98023e-07 0.0 0.0 0.0 0.0 0.0 0.0 0.0 0.0 0.0 0.0 0.0 0.0 0.0 0.0 0.0 0.0 0.0 0.0 0.0 0.0 0.0 0.0 0.0 0.0 1.19209e-07 0.0 0.0 0.0 0.0 0.0 0.0 0.0 0.0 0.0 0.0 0.0 0.0 0.0 0.0 0.0 0.0 0.0 0.0 0.0 0.0 0.0 0.0 0.999998 0.0 0.0 0.0 0.0
0.791852 0.0 0.0 0.791852 0.0 0.791852 0.0 0.791852 0.791852 0.0 0.791852 0.0 0.00992778 0.791852 0.791852 0.791852 0.0 0.0 0.791852 0.791852 0.791852 0.0 0.0 0.791852 0.0 0.0 0.0 0.0 0.791852 0.791852 0.0 0.791852 0.791852 0.791852 0.0 0.554208 0.0 0.0 0.791852 0.0 0.791852 0.791852 0.0 0.791852 0.791852 0.0 0.791852 0.0 0.785674 0.791852 0.791852 0.0886358 0.791852 0.791852 0.791852 0.791852 0.0 0.0 0.791852 0.0 0.0 0.0 0.792117 0.791852
0.791852 0.0 0.0 0.791852 0.0 0.791852 0.0 0.791852 0.791852 0.0 0.791852 0.0 0.00992778 0.791852 0.791852 0.791852 0.0 0.0 0.791852 0.791852 0.791852 0.0 0.0 0.791852 0.0 0.0 0.0 0.0 0.791852 0.791852 0.0 0.791852 0.791852 0.791852 0.0 0.554208 0.0 0.0 0.791852 0.0 0.791852 0.791852 0.0 0.791852 0.791852 0.0 0.791852 0.0 0.785674 0.791852 0.791852 0.0886358 0.791852 0.791852 0.791852 0.791852 0.0 0.0 0.791852 0.0 0.0 0.0 0.792117 0.791852
0.791852 0.0 0.0 0.791852 0.0 0.791852 0.0 0.791852 0.791852 0.0 0.791852 0.0 0.00992778 0.791852 0.791852 0.791852 0.0 0.0 0.791852 0.791852 0.791852 0.0 0.0 0.791852 0.0 0.0 0.0 0.0 0.791852 0.791852 0.0 0.791852 0.791852 0.791852 0.0 0.554208 0.0 0.0 0.791852 0.0 0.791852 0.791852 0.0 0.791852 0.791852 0.0 0.791852 0.0 0.785674 0.791852 0.791852 0.0886358 0.791852 0.791852 0.791852 0.791852 0.0 0.0 0.791852 0.0 0.0 0.0 0.792117 0.791852
0.791852 0.0 0.0 0.791852 0.0 0.791852 0.0 0.791852 0.791852 0.0 0.791852 0.0 0.00992778 0.791852 0.791852 0.791852 0.0 0.0 0.791852 0.791852 0.791852 0.0 0.0 0.791852 0.0 0.0 0.0 0.0 0.791852 0.791852 0.0 0.791852 0.791852 0.791852 0.0 0.554208 0.0 0.0 0.791852 0.0 0.791852 0.791852 0.0 0.791852 0.791852 0.0 0.791852 0.0 0.785674 0.791852 0.791852 0.0886358 0.791852 0.791852 0.791852 0.791852 0.0 0.0 0.791852 0.0 0.0 0.0 0.792117 0.791852
0.0 0.0 0.0 0.0 0.0 0.0 0.0 0.0 0.0 0.0 0.0 0.0 0.0 0.0 0.0 0.0 0.0 0.0 0.0 0.0 0.0 0.0 0.0 0.0 0.0 0.0 0.0 0.0 0.0 0.0 0.0 0.0 0.0 0.0 0.0 0.0 0.0 0.0 0.0 0.0 0.0 0.0 0.0 0.0 0.0 0.0 0.0 0.0 0.0 0.0 0.0 0.0 0.0 0.0 0.0 0.0 0.0 0.0 0.0 0.0 0.99982 0.0 0.0 0.0
0.0 0.0 1.71065e-05 0.0 0.0 0.0 0.000288785 0.0 0.0 0.0 0.0 0.100141 0.0 0.0 0.0 0.0 0.0 0.0 0.0 0.0 0.0 0.0 0.0 0.0 0.0 0.0 0.0 0.0 0.0 0.0 0.0 0.0 0.0 0.0 0.0 0.0 1.49012e-07 0.0 0.0 0.0 0.0 0.0 0.0 0.0 0.0 0.0 0.0 0.0 0.0 0.0 0.0 0.0 0.0 0.0 0.0 0.0 0.0 0.0 0.0 0.0 0.0 0.987702 0.0 0.0
0.791852 0.0 0.0 0.791852 0.0 0.791852 0.0 0.791852 0.791852 0.0 0.791852 0.0 0.00992778 0.791852 0.791852 0.791852 0.0 0.0 0.791852 0.791852 0.791852 0.0 0.0 0.791852 0.0 0.0 0.0 0.0 0.791852 0.791852 0.0 0.791852 0.791852 0.791852 0.0 0.554208 0.0 0.0 0.791852 0.0 0.791852 0.791852 0.0 0.791852 0.791852 0.0 0.791852 0.0 0.785674 0.791852 0.791852 0.0886358 0.791852 0.791852 0.791852 0.791852 0.0 0.0 0.791852 0.0 0.0 0.0 0.792117 0.791852
0.0 0.0 0.0 0.0 0.0 0.0 0.0 0.0 0.0 0.0 0.0 0.0 0.0 0.0 0.0 0.0 0.0 1.10269e-06 0.0 0.0 0.0 0.0 0.0 0.0 0.0 0.0 0.0 0.0 0.0 0.0 0.0 0.0 0.0 0.0 0.0 0.0 1.0 0.0 0.0 0.0 0.0 0.0 0.0 0.0 0.0 0.0 0.0 0.0 0.0 0.0 0.0 0.0 0.0 0.0 0.0 0.0 0.0 0.0 0.0 0.0 0.0 0.0 0.0 0.0
0.791852 0.0 0.0 0.791852 0.0 0.791852 0.0 0.791852 0.791852 0.0 0.791852 0.0 0.00992778 0.791852 0.791852 0.791852 0.0 0.0 0.791852 0.791852 0.791852 0.0 0.0 0.791852 0.0 0.0 0.0 0.0 0.791852 0.791852 0.0 0.791852 0.791852 0.791852 0.0 0.554208 0.0 0.0 0.791852 0.0 0.791852 0.791852 0.0 0.791852 0.791852 0.0 0.791852 0.0 0.785674 0.791852 0.791852 0.0886358 0.791852 0.791852 0.791852 0.791852 0.0 0.0 0.791852 0.0 0.0 0.0 0.792117 0.791852
0.0 0.0 0.0 0.0 0.0 0.0 0.0 0.0 0.0 0.0 0.0 0.0 0.0 0.0 0.0 0.0 0.0 0.0 0.0 0.0 0.0 0.0 0.0 0.0 0.0 0.0 0.0 0.0 0.0 0.0 0.00612327 0.0 0.0 0.0 0.0 0.0 0.0 0.0 0.0 0.0 0.0 0.0 0.0 0.0 0.0 0.999933 0.0 0.0 0.0 0.0 0.0 0.0 0.0 0.0 0.0 0.0 0.0 0.0 0.0 0.0 0.0 0.0 0.0 0.0
0.0 0.0 0.0128435 0.0 0.0 0.0 0.000344694 0.0 0.0 0.0 0.0 0.992219 0.0 0.0 0.0 0.0 0.0 0.0 0.0 0.0 0.0 0.0 0.0 0.0 0.0 0.0 0.0 0.0 0.0 0.0 0.0 0.0 0.0 0.0 0.0 0.0 0.000145942 0.0 0.0 0.0 0.0 0.0 0.0 0.0 0.0 0.0 0.0 0.0 0.0 0.0 0.0 0.0 0.0 0.0 0.0 0.0 0.0 0.0 0.0 1.19209e-07 0.0 0.17313 0.0 0.0
0.791852 0.0 0.0 0.791852 0.0 0.791852 0.0 0.791852 0.791852 0.0 0.791852 0.0 0.00992778 0.791852 0.791852 0.791852 0.0 0.0 0.791852 0.791852 0.791852 0.0 0.0 0.791852 0.0 0.0 0.0 0.0 0.791852 0.791852 0.0 0.791852 0.791852 0.791852 0.0 0.554208 0.0 0.0 0.791852 0.0 0.791852 0.791852 0.0 0.791852 0.791852 0.0 0.791852 0.0 0.785674 0.791852 0.791852 0.0886358 0.791852 0.791852 0.791852 0.791852 0.0 0.0 0.791852 0.0 0.0 0.0 0.792117 0.791852
0.791852 0.791852 0.0 0.791852 0.0 0.791852 0.0 0.0541552 0.791852 0.0 0.791852 0.0 0.791852 0.791852 0.791852 0.791852 0.0 0.0 0.791852 0.791852 0.791852 0.0 0.0 0.791852 0.0 0.791852 0.0 0.0 0.791866 0.791852 0.0 0.0 0.791852 0.791852 0.0 0.790493 0.0 0.000833273 0.0 0.0 0.791852 0.791852 0.0 0.791852 0.0 0.0 0.791852 0.0 0.791852 0.791852 0.791852 0.0 0.791852 0.791852 0.791852 0.790532 0.0 0.0 0.791852 0.0 0.794641 0.0 0.0 0.791852
0.0 0.0 0.0 0.0 0.0 0.0 0.0 0.0 0.0 0.0 0.0 0.0 0.0 0.0 0.0 0.0 0.0 0.0 0.0 0.0 0.0 0.0 0.0 0.0 0.0 0.0 0.0 0.999937 0.0 0.0 0.0 0.0 0.0 0.0 0.0 0.0 4.06504e-05 0.0 0.0 0.0 0.0 0.0 0.0 0.0 0.0 0.0 0.0 0.0 0.0 0.0 0.0 0.0 0.0 0.0 0.0 0.0 0.0 0.0 0.0 0.0 0.0 0.0 0.0 0.0
0.0 0.0 0.0 0.0 0.0 0.0 0.0 0.0 0.0 0.0 0.0 0.0 0.0 0.0 0.0 0.0 0.0 0.0 0.0 0.0 0.0 0.0 0.0 0.0 0.98113 0.0 0.0 0.0 0.0 0.0 0.0 0.0 0.0 0.0 0.0 0.0 0.0 0.0 0.0 0.0 0.0 0.0 0.0 0.0 0.0 0.0 0.0 0.0 0.0 0.0 0.0 0.0 0.0 0.0 0.0 0.0 0.0 0.0 0.0 0.0 0.0 0.0 0.0 0.0
0.791852 0.791852 0.0 0.791852 0.0 0.791852 0.0 0.0541552 0.791852 0.0 0.791852 0.0 0.791852 0.791852 0.791852 0.791852 0.0 0.0 0.791852 0.791852 0.791852 0.0 0.0 0.791852 0.0 0.791852 0.0 0.0 0.791866 0.791852 0.0 0.0 0.791852 0.791852 0.0 0.790493 0.0 0.000833273 0.0 0.0 0.791852 0.791852 0.0 0.791852 0.0 0.0 0.791852 0.0 0.791852 0.791852 0.791852 0.0 0.791852 0.791852 0.791852 0.790532 0.0 0.0 0.791852 0.0 0.794641 0.0 0.0 0.791852
0.0 0.0 0.0 0.0 0.0 0.0 0.0 0.0 0.0 0.0 0.0 0.0 0.0 0.0 0.0 0.0 0.0 0.0 0.0 0.0 0.0 0.0 0.0 0.0 0.0 0.0 0.0 0.0 0.0 0.0 0.0 0.0 0.0 0.0 0.0 0.0 0.0 0.0 0.999771 0.0 0.0 0.0 0.0 0.0 0.0 0.0 0.0 0.0 0.0 0.0 0.0 0.0 0.0 0.0 0.0 0.0 0.0 0.0 0.0 0.0 0.0 0.0 0.0 0.0
0.791852 0.791852 0.0 0.791852 0.0 0.791852 0.0 0.0541552 0.791852 0.0 0.791852 0.0 0.791852 0.791852 0.791852 0.791852 0.0 0.0 0.791852 0.791852 0.791852 0.0 0.0 0.791852 0.0 0.791852 0.0 0.0 0.791866 0.791852 0.0 0.0 0.791852 0.791852 0.0 0.790493 0.0 0.000833273 0.0 0.0 0.791852 0.791852 0.0 0.791852 0.0 0.0 0.791852 0.0 0.791852 0.791852 0.791852 0.0 0.791852 0.791852 0.791852 0.790532 0.0 0.0 0.791852 0.0 0.794641 0.0 0.0 0.791852
0.0 0.0 0.999723 0.0 0.0 0.0 0.000122696 0.0 0.0 0.0 0.0 0.0152884 0.0 0.0 0.0 0.0 0.0 0.00433442 0.0 0.0 0.0 0.0 0.0 0.0 0.0 0.0 0.0 0.0 0.0 0.0 0.0 0.0 0.0 0.0 0.0 0.0 0.0 0.0 0.0 0.0 0.0 0.0 0.0 0.0 0.0 0.0 0.0 0.0 0.0 0.0 0.0 0.0 0.0 0.0 0.0 0.0 0.0 0.0 0.0 0.0 0.0 0.0 0.0 0.0
0.0 0.0 0.0 0.0 0.0 0.0 0.0 0.0 0.0 0.0 0.0 0.0 0.0 0.0 0.0 0.0 0.0 0.0 0.0 0.0 0.0 0.0 0.0 0.0 0.0 0.0 0.0 0.0 0.0 0.0 0.0 0.999981 0.0 0.0 0.0 0.0 0.0 0.0 0.0 0.0 0.0 0.0 0.0 0.0 0.0 0.0 0.0 0.0 0.0 0.0 0.0 0.0 0.0 0.0 0.0 0.0 0.0 0.0 0.0 0.0 0.0 0.0 0.0 0.0
0.0 0.0 0.0 0.0 0.0 0.0 0.0 0.0 0.0 0.0 0.0 0.0 0.0 0.0 0.0 0.0 0.0 0.0 0.0 0.0 0.0 0.0 0.0 0.0 0.0 0.0 0.0 0.0 0.0 0.0 0.0 0.0 0.0 0.0 0.0 0.0 0.0 0.0 0.0 0.0 0.0 0.0 0.0 0.0 0.0 0.0 0.0 0.0 0.0 0.0 0.0 0.999997 0.0 0.0 0.0 0.0 0.0 0.0 0.0 0.0 0.0 0.0 0.0 0.0
0.0 0.0 0.0 0.0 0.0 0.0 0.0 0.0 0.0 0.0 0.0 0.0 0.0 0.0 0.0 0.0 0.0 0.0 0.0 0.0 0.0 0.0 0.0 0.0 0.0 0.0 0.0 0.0 0.0 0.0 0.0 0.0 0.0 0.0 0.0 0.0 0.0 0.0 0.0 0.0 0.0 0.0 0.0 0.0 0.0 0.0 0.0 0.0 0.0 0.0 0.0 0.0 0.0 0.0 0.0 0.0 0.984251 0.0 0.0 0.0 0.0 0.0 0.0 0.0
0.791852 0.791852 0.0 0.791852 0.0 0.791852 0.0 0.0541552 0.791852 0.0 0.791852 0.0 0.791852 0.791852 0.791852 0.791852 0.0 0.0 0.791852 0.791852 0.791852 0.0 0.0 0.791852 0.0 0.791852 0.0 0.0 0.791866 0.791852 0.0 0.0 0.791852 0.791852 0.0 0.790493 0.0 0.000833273 0.0 0.0 0.791852 0.791852 0.0 0.791852 0.0 0.0 0.791852 0.0 0.791852 0.791852 0.791852 0.0 0.791852 0.791852 0.791852 0.790532 0.0 0.0 0.791852 0.0 0.794641 0.0 0.0 0.791852
0.0 0.0 0.0325436 0.0 0.0 0.0 1.74642e-05 0.0 0.0 0.0 0.0 0.709996 0.0 0.0 0.0 0.0 0.0 0.994839 0.0 0.0 0.0 0.0 0.0 0.0 0.0 0.0 0.0 0.0 0.0 0.0 0.0 0.0 0.0 0.0 0.0 0.0 0.0 0.0 0.0 0.0 0.0 0.0 0.0 0.0 0.0 0.0 0.0 0.0 0.0 0.0 0.0 0.0 0.0 0.0 0.0 0.0 0.0 0.0 0.0 0.0 0.0 0.0 0.0 0.0
0.0 0.0 0.0 0.0 0.0 0.0 0.0 0.0 0.0 0.0 0.0 0.0 0.0 0.0 0.0 0.0 0.0 0.0 0.0 0.0 0.0 0.0 0.0 0.0 0.0 0.0 0.0 0.0 0.0 0.0 0.0 0.0 0.0 0.0 0.0 0.0 0.0 0.0 0.0 0.0 0.0 0.0 0.0 0.0 0.0 0.0 0.0 0.0 0.0 0.0 0.0 0.0 0.0 0.0 0.0 0.0 0.0 0.0 0.0 0.999905 0.0 0.0 0.0 0.0
0.0 0.0 0.0 0.0 0.0 0.0 0.0 9.80496e-06 0.0 0.0 0.0 0.0 0.0 0.0 0.0 0.0 0.0 0.0 0.0 0.0 0.0 0.0 0.0 0.0 0.0 0.0 0.0 0.0 0.0 0.0 0.0 0.0 0.0 0.0 0.0 0.0 0.0 0.00673884 0.0 0.0 0.0 0.0 0.0 0.0 1.04308e-05 0.0 0.0 0.0 0.0 0.0 0.0 0.0 0.0 0.0 0.0 0.0 0.0 0.0 0.0 0.0 0.0 0.0 0.99995 0.0
0.791852 0.791852 0.0 0.791852 0.0 0.791852 0.0 0.0541552 0.791852 0.0 0.791852 0.0 0.791852 0.791852 0.791852 0.791852 0.0 0.0 0.791852 0.791852 0.791852 0.0 0.0 0.791852 0.0 0.791852 0.0 0.0 0.791866 0.791852 0.0 0.0 0.791852 0.791852 0.0 0.790493 0.0 0.000833273 0.0 0.0 0.791852 0.791852 0.0 0.791852 0.0 0.0 0.791852 0.0 0.791852 0.791852 0.791852 0.0 0.791852 0.791852 0.791852 0.790532 0.0 0.0 0.791852 0.0 0.794641 0.0 0.0 0.791852
0.791852 0.791852 0.0 0.791852 0.0 0.791852 0.0 0.0541552 0.791852 0.0 0.791852 0.0 0.791852 0.791852 0.791852 0.791852 0.0 0.0 0.791852 0.791852 0.791852 0.0 0.0 0.791852 0.0 0.791852 0.0 0.0 0.791866 0.791852 0.0 0.0 0.791852 0.791852 0.0 0.790493 0.0 0.000833273 0.0 0.0 0.791852 0.791852 0.0 0.791852 0.0 0.0 0.791852 0.0 0.791852 0.791852 0.791852 0.0 0.791852 0.791852 0.791852 0.790532 0.0 0.0 0.791852 0.0 0.794641 0.0 0.0 0.791852
0.0 0.0 0.0 0.0 0.0 0.0 0.0 0.0 0.0 0.0 0.0 0.0 0.0 0.0 0.0 0.0 0.0 0.0 0.0 0.0 0.0 0.0 0.0 0.0 0.0 0.0 0.0 0.0 0.0 0.0 0.0 0.0 0.0 0.0 0.0 0.0 0.0 0.0 0.0 0.0 0.0 0.0 0.0 0.0 0.0 0.998429 0.0 0.0 0.0 0.0 0.0 0.0 0.0 0.0 0.0 0.0 0.0 0.0 0.0 0.0 0.0 0.0 0.0 0.0
0.0 0.0 4.76837e-07 0.0 0.998629 0.0 0.0 0.0 0.0 0.0 0.0 8.9407e-08 0.0 0.0 0.0 0.0 0.0 0.0 0.0 0.0 0.0 0.0 0.0 0.0 0.0 0.0 0.0 0.0 0.0 0.0 0.0 0.0 0.0 0.0 0.0 0.0 0.0 0.0 0.0 0.0 0.0 0.0 0.0 0.0 0.0 0.0 0.0 0.0 0.0 0.0 0.0 0.0 0.0 0.0 0.0 0.0 0.0 0.0 0.0 0.0 0.0 9.98378e-06 0.0 0.0
0.791852 0.791852 0.0 0.791852 0.0 0.791852 0.0 0.0541552 0.791852 0.0 0.791852 0.0 0.791852 0.791852 0.791852 0.791852 0.0 0.0 0.791852 0.791852 0.791852 0.0 0.0 0.791852 0.0 0.791852 0.0 0.0 0.791866 0.791852 0.0 0.0 0.791852 0.791852 0.0 0.790493 0.0 0.000833273 0.0 0.0 0.791852 0.791852 0.0 0.791852 0.0 0.0 0.791852 0.0 0.791852 0.791852 0.791852 0.0 0.791852 0.791852 0.791852 0.790532 0.0 0.0 0.791852 0.0 0.794641 0.0 0.0 0.791852
2.66731e-05 2.66731e-05 0.0 2.66731e-05 0.0 2.66731e-05 0.0 0.686297 2.66731e-05 0.0 2.66731e-05 0.0 2.66731e-05 2.66731e-05 2.66731e-05 2.66731e-05 0.0 0.0 2.66731e-05 2.66731e-05 2.66731e-05 0.0 0.0 2.66731e-05 0.0 2.66731e-05 0.0 0.0 2.65539e-05 2.66731e-05 0.0 0.0 2.66731e-05 2.66731e-05 0.0 2.63751e-05 0.0 0.998971 0.0 0.0 2.66731e-05 2.66731e-05 0.0 2.66731e-05 0.0 0.0 2.66731e-05 0.0 2.66731e-05 2.66731e-05 2.66731e-05 0.0 2.66731e-05 2.66731e-05 2.66731e-05 2.95341e-05 0.0 0.0 2.66731e-05 0.0 2.70605e-05 0.0 1.01328e-06 2.65539e-05
0.791852 0.791852 0.0 0.791852 0.0 0.791852 0.0 0.0541552 0.791852 0.0 0.791852 0.0 0.791852 0.791852 0.791852 0.791852 0.0 0.0 0.791852 0.791852 0.791852 0.0 0.0 0.791852 0.0 0.791852 0.0 0.0 0.791866 0.791852 0.0 0.0 0.791852 0.791852 0.0 0.790493 0.0 0.000833273 0.0 0.0 0.791852 0.791852 0.0 0.791852 0.0 0.0 0.791852 0.0 0.791852 0.791852 0.791852 0.0 0.791852 0.791852 0.791852 0.790532 0.0 0.0 0.791852 0.0 0.794641 0.0 0.0 0.791852
0.735723 0.735723 0.0 0.735723 0.0 0.735723 0.0 0.040214 0.735723 0.0 0.735723 0.0 0.735723 0.735723 0.735723 0.735723 0.0 0.0 0.735723 0.735723 0.735723 0.0 0.0 0.735723 0.0 0.735723 0.0 0.0 0.735739 0.735723 0.0 0.0 0.735723 0.735723 0.0 0.831648 0.0 0.000609756 0.0 0.0 0.735723 0.735723 0.0 0.735723 0.0 0.0 0.735723 0.0 0.735723 0.735723 0.735723 0.0 0.735723 0.735723 0.735723 0.734167 0.0 0.0 0.735723 0.0 0.745929 0.0 0.0 0.735723
0.0 0.0 0.0 0.0 0.0 0.0 0.0 1.96695e-06 0.0 0.0 0.0 0.0 0.0 0.0 0.0 0.0 0.0 0.0 0.0 0.0 0.0 0.0 0.0 0.0 0.0 0.0 0.0 0.0 0.0 0.0 0.0 0.0 0.0 0.0 0.0 0.0 0.0 1.29044e-05 0.0 0.0 0.0 0.0 0.0 0.0 1.0 0.0 0.0 0.0 0.0 0.0 0.0 0.0 0.0 0.0 0.0 0.0 0.0 0.0280569 0.0 0.0 0.0 0.0 0.108132 0.0
0.791852 0.791852 0.0 0.791852 0.0 0.791852 0.0 0.0541552 0.791852 0.0 0.791852 0.0 0.791852 0.791852 0.791852 0.791852 0.0 0.0 0.791852 0.791852 0.791852 0.0 0.0 0.791852 0.0 0.791852 0.0 0.0 0.791866 0.791852 0.0 0.0 0.791852 0.791852 0.0 0.790493 0.0 0.000833273 0.0 0.0 0.791852 0.791852 0.0 0.791852 0.0 0.0 0.791852 0.0 0.791852 0.791852 0.791852 0.0 0.791852 0.791852 0.791852 0.790532 0.0 0.0 0.791852 0.0 0.794641 0.0 0.0 0.791852
0.791857 0.791857 0.0 0.791857 0.0 0.791857 0.0 0.0541568 0.791857 0.0 0.791857 0.0 0.791857 0.791857 0.791857 0.791857 0.0 0.0 0.791857 0.791857 0.791857 0.0 0.0 0.791857 0.0 0.791857 0.0 0.0 0.791871 0.791857 0.0 0.0 0.791857 0.791857 0.0 0.790498 0.0 0.000833273 0.0 0.0 0.791857 0.791857 0.0 0.791857 0.0 0.0 0.791857 0.0 0.791857 0.791857 0.791857 0.0 0.791857 0.791857 0.791857 0.790537 0.0 0.0 0.791857 0.0 0.794646 0.0 0.0 0.791857
0.0 0.0 0.0 0.0 0.0 0.0 0.0 0.0 0.0 0.0 0.0 0.0 0.0 0.0 0.0 0.0 0.0 0.0 0.0 0.0 0.0 0.0 0.0 0.0 0.0 0.0 0.0 0.000463098 0.0 0.0 0.0 0.0 0.0 0.0 0.0 1.19209e-07 0.997052 0.0 0.0 0.0 0.0 0.0 0.0 0.0 0.0 0.0 0.0 0.0 0.0 0.0 0.0 0.0 0.0 0.0 0.0 0.0 0.0 0.0 0.0 0.0 0.0 0.0 0.0 0.0
0.791896 0.791896 0.0 0.791896 0.0 0.791896 0.0 0.0541689 0.791896 0.0 0.791896 0.0 0.791896 0.791896 0.791896 0.791896 0.0 0.0 0.791896 0.791896 0.791896 0.0 0.0 0.791896 0.0 0.791896 0.0 0.0 0.791909 0.791896 0.0 0.0 0.791896 0.791896 0.0 0.790546 0.0 0.000833452 0.0 0.0 0.791896 0.791896 0.0 0.791896 0.0 0.0 0.791896 0.0 0.791896 0.791896 0.791896 0.0 0.791896 0.791896 0.791896 0.790576 0.0 0.0 0.791896 0.0 0.794684 0.0 0.0 0.791896
0.791852 0.791852 0.0 0.791852 0.0 0.791852 0.0 0.0541552 0.791852 0.0 0.791852 0.0 0.791852 0.791852 0.791852 0.791852 0.0 0.0 0.791852 0.791852 0.791852 0.0 0.0 0.791852 0.0 0.791852 0.0 0.0 0.791866 0.791852 0.0 0.0 0.791852 0.791852 0.0 0.790493 0.0 0.000833273 0.0 0.0 0.791852 0.791852 0.0 0.791852 0.0 0.0 0.791852 0.0 0.791852 0.791852 0.791852 0.0 0.791852 0.791852 0.791852 0.790532 0.0 0.0 0.791852 0.0 0.794641 0.0 0.0 0.791852
0.0334853 0.0334853 0.0 0.0334853 0.0 0.0334853 0.0 0.999499 0.0334853 0.0 0.0334853 0.0 0.0334853 0.0334853 0.0334853 0.0334853 0.0 0.0 0.0334853 0.0334853 0.0334853 0.0 0.0 0.0334853 0.0 0.0334853 0.0 0.0 0.0334835 0.0334853 0.0 0.0 0.0334853 0.0334853 0.0 0.03322 0.0 0.991268 0.0 0.0 0.0334853 0.0334853 0.0 0.0334853 0.0 0.0 0.0334853 0.0 0.0334853 0.0334853 0.0334853 0.0 0.0334853 0.0334853 0.0334853 0.0333495 0.0 0.0 0.0334853 0.0 0.0340401 0.0 1.04308e-06 0.0334853
0.791852 0.791852 0.0 0.791852 0.0 0.791852 0.0 0.0541552 0.791852 0.0 0.791852 0.0 0.791852 0.791852 0.791852 0.791852 0.0 0.0 0.791852 0.791852 0.791852 0.0 0.0 0.791852 0.0 0.791852 0.0 0.0 0.791866 0.791852 0.0 0.0 0.791852 0.791852 0.0 0.790493 0.0 0.000833273 0.0 0.0 0.791852 0.791852 0.0 0.791852 0.0 0.0 0.791852 0.0 0.791852 0.791852 0.791852 0.0 0.791852 0.791852 0.791852 0.790532 0.0 0.0 0.791852 0.0 0.794641 0.0 0.0 0.791852
0.80071 0.80071 0.0 0.80071 0.0 0.80071 0.0 0.0570216 0.80071 0.0 0.80071 0.0 0.80071 0.80071 0.80071 0.80071 0.0 0.0 0.80071 0.80071 0.80071 0.0 0.0 0.80071 0.0 0.80071 0.0 0.0 0.800723 0.80071 0.0 0.0 0.80071 0.80071 0.0 0.799465 0.0 0.000880003 0.0 0.0 0.80071 0.80071 0.0 0.80071 0.0 0.0 0.80071 0.0 0.80071 0.80071 0.80071 0.0 0.80071 0.80071 0.80071 0.799432 0.0 0.0 0.80071 0.0 0.803728 0.0 0.0 0.80071
0.791852 0.791852 0.0 0.791852 0.0 0.791852 0.0 0.0541552 0.791852 0.0 0.791852 0.0 0.791852 0.791852 0.791852 0.791852 0.0 0.0 0.791852 0.791852 0.791852 0.0 0.0 0.791852 0.0 0.791852 0.0 0.0 0.791866 0.791852 0.0 0.0 0.791852 0.791852 0.0 0.790493 0.0 0.000833273 0.0 0.0 0.791852 0.791852 0.0 0.791852 0.0 0.0 0.791852 0.0 0.791852 0.791852 0.791852 0.0 0.791852 0.791852 0.791852 0.790532 0.0 0.0 0.791852 0.0 0.794641 0.0 0.0 0.791852
0.791852 0.791852 0.0 0.791852 0.0 0.791852 0.0 0.0541552 0.791852 0.0 0.791852 0.0 0.791852 0.791852 0.791852 0.791852 0.0 0.0 0.791852 0.791852 0.791852 0.0 0.0 0.791852 0.0 0.791852 0.0 0.0 0.791866 0.791852 0.0 0.0 0.791852 0.791852 0.0 0.790493 0.0 0.000833273 0.0 0.0 0.791852 0.791852 0.0 0.791852 0.0 0.0 0.791852 0.0 0.791852 0.791852 0.791852 0.0 0.791852 0.791852 0.791852 0.790532 0.0 0.0 0.791852 0.0 0.794641 0.0 0.0 0.791852
0.791852 0.791852 0.0 0.791852 0.0 0.791852 0.0 0.0541552 0.791852 0.0 0.791852 0.0 0.791852 0.791852 0.791852 0.791852 0.0 0.0 0.791852 0.791852 0.791852 0.0 0.0 0.791852 0.0 0.791852 0.0 0.0 0.791866 0.791852 0.0 0.0 0.791852 0.791852 0.0 0.790493 0.0 0.000833273 0.0 0.0 0.791852 0.791852 0.0 0.791852 0.0 0.0 0.791852 0.0 0.791852 0.791852 0.791852 0.0 0.791852 0.791852 0.791852 0.790532 0.0 0.0 0.791852 0.0 0.794641 0.0 0.0 0.791852
0.796884 0.796884 0.0 0.796884 0.0 0.796884 0.0 0.0664898 0.796884 0.0 0.796884 0.0 0.796884 0.796884 0.796884 0.796884 0.0 0.0 0.796884 0.796884 0.796884 0.0 0.0 0.796884 0.0 0.796884 0.0 0.0 0.796898 0.796884 0.0 0.0 0.796884 0.796884 0.0 0.795549 0.0 0.00117299 0.0 0.0 0.796884 0.796884 0.0 0.796884 0.0 0.0 0.796884 0.0 0.796884 0.796884 0.796884 0.0 0.796884 0.796884 0.796884 0.795588 0.0 0.0 0.796884 0.0 0.799623 0.0 0.0 0.796884
0.786062 0.786062 0.0 0.786062 0.0 0.786062 0.0 0.0524013 0.786062 0.0 0.786062 0.0 0.786062 0.786062 0.786062 0.786062 0.0 0.0 0.786062 0.786062 0.786062 0.0 0.0 0.786062 0.0 0.786062 0.0 0.0 0.786076 0.786062 0.0 0.0 0.786062 0.786062 0.0 0.792789 0.0 0.000804812 0.0 0.0 0.786062 0.786062 0.0 0.786062 0.0 0.0 0.786062 0.0 0.786062 0.786062 0.786062 0.0 0.786062 0.786062 0.786062 0.784716 0.0 0.0 0.786062 0.0 0.796885 0.0 0.0 0.786062
0.0 0.0 0.0 0.0 0.0 0.0 0.0 0.0 0.0 0.0 0.0 0.0 0.0 0.0 0.0 0.0 0.0 0.0 0.0 0.0 0.0 0.999474 0.00739652 0.0 0.0 0.0 0.0 0.0 0.0 0.0 0.0 0.0 0.0 0.0 0.0 0.0 0.0 0.0 0.0 0.0 0.0 0.0 0.0 0.0 0.0 0.0 0.0 0.0 0.0 0.0 0.0 0.0 0.0 0.0 0.0 0.0 0.0 0.0 0.0 0.0 0.0 0.0 0.0 0.0
0.0 0.0 7.15256e-07 0.0 9.17912e-06 0.0 0.0 0.0 0.0 0.0 0.0 0.0 0.0 0.0 0.0 0.0 0.0 0.0 0.0 0.0 0.0 0.0 0.0 0.0 0.0 0.0 0.0 0.0 0.0 0.0 0.000101328 0.0 0.0 0.0 0.0 0.0 0.0 0.0 0.0 0.0 0.0 0.0 0.0 0.0 0.0 0.0 0.0 0.0 0.0 0.0 0.0 0.0 0.0 0.0 0.0 0.0 0.0 0.0 0.0 0.0 0.0 0.999449 0.0 0.0
0.789701 0.789701 0.0 0.789701 0.0 0.789701 0.0 0.0534366 0.789701 0.0 0.789701 0.0 0.789701 0.789701 0.789701 0.789701 0.0 0.0 0.789701 0.789701 0.789701 0.0 0.0 0.789701 0.0 0.789701 0.0 0.0 0.789714 0.789701 0.0 0.0 0.789701 0.789701 0.0 0.788331 0.0 0.000834823 0.0 0.0 0.789701 0.789701 0.0 0.789701 0.0 0.0 0.789701 0.0 0.789701 0.789701 0.789701 0.0 0.789701 0.789701 0.789701 0.788371 0.0 0.0 0.789701 0.0 0.792511 0.0 0.0 0.789701
0.0 0.0 0.0 0.0 0.0 0.0 0.0 0.0 0.0 0.999992 0.0 0.0 0.0 0.0 0.0 0.0 0.0 0.0 0.0 0.0 0.0 0.0 0.0 0.0 0.0 0.0 0.0 0.0 0.0 0.0 0.0 0.0 0.0 0.0 0.0 0.0 0.0 0.0 0.0 0.0 0.0 0.0 0.0 0.0 0.0 0.0 0.0 0.0 0.0 0.0 0.0 0.0 0.0 0.0 0.0 0.0 0.0 0.0 0.0 0.0 0.0 0.0 0.0 0.0
0.791852 0.791852 0.0 0.791852 0.0 0.791852 0.0 0.0541552 0.791852 0.0 0.791852 0.0 0.791852 0.791852 0.791852 0.791852 0.0 0.0 0.791852 0.791852 0.791852 0.0 0.0 0.791852 0.0 0.791852 0.0 0.0 0.791866 0.791852 0.0 0.0 0.791852 0.791852 0.0 0.790493 0.0 0.000833273 0.0 0.0 0.791852 0.791852 0.0 0.791852 0.0 0.0 0.791852 0.0 0.791852 0.791852 0.791852 0.0 0.791852 0.791852 0.791852 0.790532 0.0 0.0 0.791852 0.0 0.794641 0.0 0.0 0.791852
0.791852 0.791852 0.0 0.791852 0.0 0.791852 0.0 0.0541552 0.791852 0.0 0.791852 0.0 0.791852 0.791852 0.791852 0.791852 0.0 0.0 0.791852 0.791852 0.791852 0.0 0.0 0.791852 0.0 0.791852 0.0 0.0 0.791866 0.791852 0.0 0.0 0.791852 0.791852 0.0 0.790493 0.0 0.000833273 0.0 0.0 0.791852 0.791852 0.0 0.791852 0.0 0.0 0.791852 0.0 0.791852 0.791852 0.791852 0.0 0.791852 0.791852 0.791852 0.790532 0.0 0.0 0.791852 0.0 0.794641 0.0 0.0 0.791852
0.0 0.0 0.0 0.0 0.0 0.0 0.0 0.0 0.0 0.0 0.0 0.0 0.0 0.0 0.0 0.0 0.0 0.0 0.0 0.0 0.0 0.0 0.0 0.0 0.0 0.0 0.0 0.0 0.0 0.0 0.0 0.0 0.0 0.0 0.99978 0.0 0.0 0.0 0.0 0.0 0.0 0.0 0.0 0.0 0.0 0.0 0.0 0.0 0.0 0.0 0.0 0.0 0.0 0.0 0.0 0.0 0.0 0.0 0.0 0.0 0.0 0.0 0.0 0.0
0.791852 0.791852 0.0 0.791852 0.0 0.791852 0.0 0.0541552 0.791852 0.0 0.791852 0.0 0.791852 0.791852 0.791852 0.791852 0.0 0.0 0.791852 0.791852 0.791852 0.0 0.0 0.791852 0.0 0.791852 0.0 0.0 0.791866 0.791852 0.0 0.0 0.791852 0.791852 0.0 0.790493 0.0 0.000833273 0.0 0.0 0.791852 0.791852 0.0 0.791852 0.0 0.0 0.791852 0.0 0.791852 0.791852 0.791852 0.0 0.791852 0.791852 0.791852 0.790532 0.0 0.0 0.791852 0.0 0.794641 0.0 0.0 0.791852
0.791852 0.791852 0.0 0.791852 0.0 0.791852 0.0 0.0541552 0.791852 0.0 0.791852 0.0 0.791852 0.791852 0.791852 0.791852 0.0 0.0 0.791852 0.791852 0.791852 0.0 0.0 0.791852 0.0 0.791852 0.0 0.0 0.791866 0.791852 0.0 0.0 0.791852 0.791852 0.0 0.790493 0.0 0.000833273 0.0 0.0 0.791852 0.791852 0.0 0.791852 0.0 0.0 0.791852 0.0 0.791852 0.791852 0.791852 0.0 0.791852 0.791852 0.791852 0.790532 0.0 0.0 0.791852 0.0 0.794641 0.0 0.0 0.791852
0.0 0.0 0.0 0.0 0.0 0.0 0.0 0.0 0.0 0.0 0.0 0.0 0.0 0.0 0.0 0.0 0.0 0.0 0.0 0.0 0.0 0.0 0.0 0.0 0.0 0.0 0.0 0.0 0.0 0.0 0.0 0.0 0.0 0.0 0.0 0.0 0.0 0.0 0.0 0.0 0.0 0.0 1.0 0.0 0.0 0.0 0.0 0.0 0.0 0.0 0.0 0.0 0.0 0.0 0.0 0.0 0.0 0.0 0.0 0.0 0.0 0.0 0.0 0.0
0.791852 0.791852 0.0 0.791852 0.0 0.791852 0.0 0.0541552 0.791852 0.0 0.791852 0.0 0.791852 0.791852 0.791852 0.791852 0.0 0.0 0.791852 0.791852 0.791852 0.0 0.0 0.791852 0.0 0.791852 0.0 0.0 0.791866 0.791852 0.0 0.0 0.791852 0.791852 0.0 0.790493 0.0 0.000833273 0.0 0.0 0.791852 0.791852 0.0 0.791852 0.0 0.0 0.791852 0.0 0.791852 0.791852 0.791852 0.0 0.791852 0.791852 0.791852 0.790532 0.0 0.0 0.791852 0.0 0.794641 0.0 0.0 0.791852
0.0 0.0 0.0 0.0 0.0 0.0 0.0 0.0 0.0 0.0 0.0 0.0 0.0 0.0 0.0 0.0 0.0 0.0 0.0 0.0 0.0 0.0 0.0 0.0 0.0 0.0 0.0 0.0 0.0 0.0 0.993437 0.0 0.0 0.0 0.0 0.0 0.0 0.0 0.0 0.0 0.0 0.0 0.0 0.0 0.0 0.0 0.0 0.0 0.0 0.0 0.0 0.0 0.0 0.0 0.0 0.0 0.0 0.0 0.0 0.0 0.0 1.19209e-07 0.0 0.0
0.791852 0.791852 0.0 0.791852 0.0 0.791852 0.0 0.0541552 0.791852 0.0 0.791852 0.0 0.791852 0.791852 0.791852 0.791852 0.0 0.0 0.791852 0.791852 0.791852 0.0 0.0 0.791852 0.0 0.791852 0.0 0.0 0.791866 0.791852 0.0 0.0 0.791852 0.791852 0.0 0.790493 0.0 0.000833273 0.0 0.0 0.791852 0.791852 0.0 0.791852 0.0 0.0 0.791852 0.0 0.791852 0.791852 0.791852 0.0 0.791852 0.791852 0.791852 0.790532 0.0 0.0 0.791852 0.0 0.794641 0.0 0.0 0.791852
0.0 0.0 0.0 0.0 0.0 0.0 0.0 0.0 0.0 0.0 0.0 0.0 0.0 0.0 0.0 0.0 0.0 0.0 0.0 0.0 0.0 0.0 0.0 0.0 0.0 0.0 0.0 0.0 0.0 0.0 0.0 0.0 0.0 0.0 0.0 0.0 0.0 0.0 0.0 0.0 0.0 0.0 0.0 0.0 8.9407e-08 0.0 0.0 0.0 0.0 0.0 0.0 0.0 0.0 0.0 0.0 0.0 0.0 0.999897 0.0 0.0 0.0 0.0 2.98023e-08 0.0
0.791852 0.791852 0.0 0.791852 0.0 0.791852 0.0 0.0541552 0.791852 0.0 0.791852 0.0 0.791852 0.791852 0.791852 0.791852 0.0 0.0 0.791852 0.791852 0.791852 0.0 0.0 0.791852 0.0 0.791852 0.0 0.0 0.791866 0.791852 0.0 0.0 0.791852 0.791852 0.0 0.790493 0.0 0.000833273 0.0 0.0 0.791852 0.791852 0.0 0.791852 0.0 0.0 0.791852 0.0 0.791852 0.791852 0.791852 0.0 0.791852 0.791852 0.791852 0.790532 0.0 0.0 0.791852 0.0 0.794641 0.0 0.0 0.791852
0.0 0.0 0.0 0.0 0.0 0.0 0.0 0.0 0.0 0.0 0.0 0.0 0.0 0.0 0.0 0.0 0.989707 0.0 0.0 0.0 0.0 0.0 0.0 0.0 0.0 0.0 0.0 0.0 0.0 0.0 0.0 0.0 0.0 0.0 0.0 0.0 0.0 0.0 0.0 0.0 0.0 0.0 0.0 0.0 0.0 0.0 0.0 0.0 0.0 0.0 0.0 0.0 0.0 0.0 0.0 0.0 0.0 0.0 0.0 0.0 0.0 0.0 0.0 0.0
0.791852 0.791852 0.0 0.791852 0.0 0.791852 0.0 0.0541552 0.791852 0.0 0.791852 0.0 0.791852 0.791852 0.791852 0.791852 0.0 0.0 0.791852 0.791852 0.791852 0.0 0.0 0.791852 0.0 0.791852 0.0 0.0 0.791866 0.791852 0.0 0.0 0.791852 0.791852 0.0 0.790493 0.0 0.000833273 0.0 0.0 0.791852 0.791852 0.0 0.791852 0.0 0.0 0.791852 0.0 0.791852 0.791852 0.791852 0.0 0.791852 0.791852 0.791852 0.790532 0.0 0.0 0.791852 0.0 0.794641 0.0 0.0 0.791852
0.791852 0.791852 0.0 0.791852 0.0 0.791852 0.0 0.0541552 0.791852 0.0 0.791852 0.0 0.791852 0.791852 0.791852 0.791852 0.0 0.0 0.791852 0.791852 0.791852 0.0 0.0 0.791852 0.0 0.791852 0.0 0.0 0.791866 0.791852 0.0 0.0 0.791852 0.791852 0.0 0.790493 0.0 0.000833273 0.0 0.0 0.791852 0.791852 0.0 0.791852 0.0 0.0 0.791852 0.0 0.791852 0.791852 0.791852 0.0 0.791852 0.791852 0.791852 0.790532 0.0 0.0 0.791852 0.0 0.794641 0.0 0.0 0.791852
0.791852 0.791852 0.0 0.791852 0.0 0.791852 0.0 0.0541552 0.791852 0.0 0.791852 0.0 0.791852 0.791852 0.791852 0.791852 0.0 0.0 0.791852 0.791852 0.791852 0.0 0.0 0.791852 0.0 0.791852 0.0 0.0 0.791866 0.791852 0.0 0.0 0.791852 0.791852 0.0 0.790493 0.0 0.000833273 0.0 0.0 0.791852 0.791852 0.0 0.791852 0.0 0.0 0.791852 0.0 0.791852 0.791852 0.791852 0.0 0.791852 0.791852 0.791852 0.790532 0.0 0.0 0.791852 0.0 0.794641 0.0 0.0 0.791852
0.791852 0.791852 0.0 0.791852 0.0 0.791852 0.0 0.0541552 0.791852 0.0 0.791852 0.0 0.791852 0.791852 0.791852 0.791852 0.0 0.0 0.791852 0.791852 0.791852 0.0 0.0 0.791852 0.0 0.791852 0.0 0.0 0.791866 0.791852 0.0 0.0 0.791852 0.791852 0.0 0.790493 0.0 0.000833273 0.0 0.0 0.791852 0.791852 0.0 0.791852 0.0 0.0 0.791852 0.0 0.791852 0.791852 0.791852 0.0 0.791852 0.791852 0.791852 0.790532 0.0 0.0 0.791852 0.0 0.794641 0.0 0.0 0.791852
0.0 0.0 0.0 0.0 0.0 0.0 0.0 0.0 0.0 0.0 0.0 0.0 0.0 0.0 0.0 0.0 0.0 0.0 0.0 0.0 0.0 0.0 0.0 0.0 0.0 0.0 1.0 0.0 0.0 0.0 0.0 0.0 0.0 0.0 0.0 0.0 0.0 0.0 0.0 0.0 0.0 0.0 0.0 0.0 0.0 0.0 0.0 0.0 0.0 0.0 0.0 0.0 0.0 0.0 0.0 0.0 0.0 0.0 0.0 0.0 0.0 0.0 0.0 0.0
0.0 0.0 0.175394 0.0 5.96046e-08 0.0 4.17233e-07 0.0 0.0 0.0 0.0 0.99273 0.0 0.0 0.0 0.0 0.0 0.947649 0.0 0.0 0.0 0.0 0.0 0.0 0.0 0.0 0.0 0.0 0.0 0.0 0.0 0.0 0.0 0.0 0.0 0.0 0.0 0.0 0.0 0.0 0.0 0.0 0.0 0.0 0.0 0.0 0.0 0.0 0.0 0.0 0.0 0.0 0.0 0.0 0.0 0.0 0.0 0.0 0.0 0.0 0.0 0.0 0.0 0.0
0.791852 0.791852 0.0 0.791852 0.0 0.791852 0.0 0.0541552 0.791852 0.0 0.791852 0.0 0.791852 0.791852 0.791852 0.791852 0.0 0.0 0.791852 0.791852 0.791852 0.0 0.0 0.791852 0.0 0.791852 0.0 0.0 0.791866 0.791852 0.0 0.0 0.791852 0.791852 0.0 0.790493 0.0 0.000833273 0.0 0.0 0.791852 0.791852 0.0 0.791852 0.0 0.0 0.791852 0.0 0.791852 0.791852 0.791852 0.0 0.791852 0.791852 0.791852 0.790532 0.0 0.0 0.791852 0.0 0.794641 0.0 0.0 0.791852
0.0 0.0 0.0 0.0 0.0 0.0 0.0 0.0 0.0 0.0 0.0 0.0 0.0 0.0 0.0 0.0 0.0 0.0 0.0 0.0 0.0 0.0 0.0 0.0 0.0 0.0 0.0 0.0 0.0 0.0 0.0 0.0 0.0 0.0 0.0 0.0 0.0 0.0 0.0 1.0 0.0 0.0 0.0 0.0 0.0 0.0 0.0 0.0 0.0 0.0 0.0 0.0 0.0 0.0 0.0 0.0 0.0 0.0 0.0 0.0 0.0 0.0 0.0 0.0
0.0 0.0 0.0 0.0 0.0 0.0 0.0 0.0 0.0 0.0 0.0 0.0 0.0 0.0 0.0 0.0 0.0 0.0 0.0 0.0 0.0 0.0132549 0.966074 0.0 0.0 0.0 0.0 0.0 0.0 0.0 0.0 0.0 0.0 0.0 0.0 0.0 0.0 0.0 0.0 0.0 0.0 0.0 0.0 0.0 0.0 0.0 0.0 0.0 0.0 0.0 0.0 0.0 0.0 0.0 0.0 0.0 0.0 0.0 0.0 0.0 0.0 0.0 0.0 0.0
0.0 0.0 0.000164747 0.0 0.0 0.0 0.999065 0.0 0.0 0.0 0.0 0.000170261 0.0 0.0 0.0 0.0 0.0 0.00306052 0.0 0.0 0.0 0.0 0.0 0.0 0.0 0.0 0.0 0.0 0.0 0.0 0.0 0.0 0.0 0.0 0.0 0.0 0.0 0.0 0.0 0.0 0.0 0.0 0.0 0.0 0.0 0.0 0.0 0.0 0.0 0.0 0.0 0.0 0.0 0.0 0.0 0.0 0.0 0.0 0.0 0.0 0.0 0.0 0.0 0.0
0.0 0.0 0.0 0.0 0.0 0.0 0.0 0.0 0.0 0.0 0.0 0.0 0.0 0.0 0.0 0.0 0.0 0.0 0.0 0.0 0.0 0.0 0.0 0.0 0.0 0.0 0.0 0.0 0.0 0.0 0.0 0.0 0.0 0.0 0.0 0.0 0.0 0.0 0.0 0.0 0.0 0.0 0.0 0.0 0.0 0.0 0.0 1.0 0.0 0.0 0.0 0.0 0.0 0.0 0.0 0.0 0.0 0.0 0.0 0.0 0.0 0.0 0.0 0.0
0.791852 0.791852 0.0 0.791852 0.0 0.791852 0.0 0.0541552 0.791852 0.0 0.791852 0.0 0.791852 0.791852 0.791852 0.791852 0.0 0.0 0.791852 0.791852 0.791852 0.0 0.0 0.791852 0.0 0.791852 0.0 0.0 0.791866 0.791852 0.0 0.0 0.791852 0.791852 0.0 0.790493 0.0 0.000833273 0.0 0.0 0.791852 0.791852 0.0 0.791852 0.0 0.0 0.791852 0.0 0.791852 0.791852 0.791852 0.0 0.791852 0.791852 0.791852 0.790532 0.0 0.0 0.791852 0.0 0.794641 0.0 0.0 0.791852
46 32 33 63 8 12 25 53 43 29 0 19 51 59 36 14 40 41 49 37 16 39 21 52 5 13 57 61 45 9 35 23 10 62 11 6 42 56 60 54 28 47 17 2 34 26 22 1 7 30 4 24 55 3 44 27 31 58 38 48 18 50 20 15
