8
0.000379711 4.09484e-05 0.0 0.0 0.0 0.000460654 0.0 0.00619519 0.0 0.0 0.0 0.0 0.0 0.963261 5.36442e-07 0.0 0.0 0.0103551 0.0 0.0 1.23084e-05 8.9407e-08 0.0 9.53674e-07 1.42753e-05 0.000357985 0.999986 0.000317425 0.0 0.0 2.08616e-07 9.11951e-06 0.0 3.69847e-05 0.0 0.000178665 0.0059787 2.37823e-05 1.19209e-07 2.08616e-07 0.0 5.96046e-08 0.0 0.0 0.0 1.69277e-05 8.9407e-08 0.0 0.0 1.39773e-05 0.000191033 8.9407e-08 0.0101189 0.0 0.0 0.000113428 0.0 0.000330538 0.0 0.0 0.000102133 0.0 0.0 1.19209e-06
0.066951 1.2517e-06 1.49012e-07 0.0 0.0 5.96046e-08 0.0 1.53482e-05 0.0 0.0 0.0 0.0 5.03659e-06 0.00856119 2.41995e-05 0.0 6.79493e-06 3.48687e-06 0.0 0.0 0.0 0.0 0.0 8.9407e-08 0.000177294 0.656214 3.68059e-05 5.96046e-08 0.0 0.0 0.0 0.0 0.0 0.000986248 1.23978e-05 0.00047949 3.05772e-05 0.00225446 0.0 3.48985e-05 0.0 2.41399e-06 0.0 0.0 1.19209e-07 1.42157e-05 5.96046e-08 0.0 0.0 0.995299 0.00216168 0.0 0.00177434 0.0 1.93715e-06 0.458553 2.98023e-08 2.98023e-07 0.0 0.0 0.0 0.0 0.0 0.0
0.0 0.0 6.1363e-05 0.0 0.388266 0.0 0.0 0.0 0.0 0.0 0.0 0.0 0.0 0.0 0.0 8.9407e-08 3.03984e-06 1.2517e-06 0.998186 0.0 0.0 0.0 0.00457716 0.0 0.0 0.0 0.0 0.0 0.0 0.0 0.0 0.0 0.0 0.0 0.0 0.0 0.0 0.0 0.0 0.0 0.0 0.0 0.0 0.0 0.0 0.0 0.0 0.0 7.45058e-07 0.0 0.0 0.0 0.0 0.0 3.8743e-07 0.0 0.0 0.0 5.96046e-08 0.0211112 0.0 0.0 0.0 0.0
0.000290662 0.0 1.49012e-07 0.0 0.0 0.0 0.0 0.0 5.84126e-06 0.0 0.0 0.0 4.47035e-07 0.0 0.0 0.0 1.04308e-06 0.0 0.0 0.0 0.0 0.0 0.0 0.0 0.0 7.89762e-06 0.0 0.0 0.0 0.0 0.0 0.0 0.0 0.0 0.0 1.49012e-07 0.0 4.17233e-07 0.0 0.995647 0.0 0.0 0.0 0.0 0.0 0.0 0.0 0.0 0.0 1.13249e-06 0.0476335 0.0 0.00012061 0.0 0.0 0.0 0.0 0.0 0.0 0.0 0.0 0.0 0.0 0.0
0.0 0.0 0.0 0.0 0.0 0.0 0.0 0.0 0.0 0.0 0.0 1.72853e-06 0.0 0.0 0.0 0.160001 0.0 0.0 2.65241e-06 0.0 0.0 0.0 0.0 0.0 0.0 0.0 0.0 0.0 0.0 0.0466605 0.0 0.0 0.0 0.0 0.0 0.0 0.0 0.0 0.0 0.0 2.08616e-07 0.0 0.0 0.0 0.0 0.0 0.0 0.0 0.00518501 0.0 0.0 0.0 0.0 0.0 0.0 0.0 0.0 0.0 0.992575 0.0 0.0 0.0 0.0 0.0
0.0 0.000171363 0.0 0.0 0.0 5.96046e-08 0.0 0.0 0.0 0.0 0.00017783 0.0 0.0 4.05312e-06 0.0 0.0 0.0 9.53376e-05 0.0 0.0 0.0 5.84126e-06 0.0 0.0 7.45058e-06 8.9407e-08 1.2517e-06 0.0 0.0 0.0 0.0 0.000599474 0.0 0.0 0.0 0.0 0.0 7.03335e-06 0.0 0.0 0.0 0.0 0.0 0.0 2.41399e-06 5.87106e-06 0.0 0.0 0.0 0.0 0.0 0.0 3.69549e-06 0.0 0.0 0.0 0.0 0.0 0.0 0.0 0.0 0.0 0.998481 0.0
0.000116676 0.00154811 0.0 0.0 0.0 0.00309774 0.0 0.00144663 0.0 0.0 7.24196e-06 0.0 5.31971e-05 0.00067398 1.87755e-06 0.0 2.08616e-07 0.00301522 0.0 0.0 0.0 2.98023e-08 0.0 2.54512e-05 0.994236 0.000160277 0.000342399 3.01003e-05 0.0 0.0 1.19209e-07 1.2517e-06 0.0 1.43051e-06 2.80142e-06 0.000605494 2.08616e-07 0.12658 0.0 1.78814e-07 0.0 1.22786e-05 0.0 0.0 0.000903487 0.000151068 0.0 0.0 0.0 0.000264943 3.57628e-07 0.0 0.0864215 0.0 5.96046e-08 0.00698772 0.0 0.0 0.0 0.0 5.96046e-08 0.0 1.16229e-06 0.0
6.90222e-05 2.08616e-07 0.0 0.0 0.0 4.52995e-06 0.0 1.09076e-05 0.0 0.0 0.0 0.0 0.0 8.72016e-05 0.0 0.0 0.0 3.15905e-06 0.0 0.0 1.49012e-07 0.0 0.0 1.49012e-07 1.66893e-06 0.0691594 0.000128776 5.66244e-07 0.0 0.0 0.0 5.22137e-05 0.0 1.14441e-05 0.0 2.23815e-05 0.0 0.000164241 2.98023e-08 0.0 0.0 0.0 0.0 0.0 0.0 5.96046e-06 2.41399e-05 0.0 0.0 3.27826e-06 7.81715e-05 0.0 0.240411 0.0 0.0 5.96046e-08 0.0 1.19209e-07 0.0 0.0 0.0 0.0 0.0 0.0
0.0 1.19209e-07 0.0 0.0 0.0 0.999994 0.0 1.78814e-07 0.0 0.0 1.3411e-06 0.0 0.0 1.49012e-07 1.78814e-07 0.0 0.0 0.143988 0.0 2.38419e-07 1.78814e-07 0.0 0.0 8.9407e-08 0.000935197 0.0 0.00217587 0.000532568 0.0 0.0 0.0 2.0206e-05 0.0 0.0 2.98023e-07 1.19209e-07 4.52995e-06 0.000626296 2.08616e-07 0.0 0.0 0.0 0.0 0.0 6.07967e-06 0.0 0.0 0.0 0.0 0.0 0.0 0.0 1.46031e-06 0.0 0.0 0.0 0.0 2.98023e-08 0.0 0.0 2.29478e-06 0.0 0.0 7.06315e-06
0.0 0.0 0.0 0.0 0.0 1.04308e-06 0.0 5.96046e-08 0.0 0.0 0.0 0.0 0.0 5.96046e-08 1.06394e-05 0.0 0.0 0.0 0.0 8.9407e-08 0.00260639 0.0 0.0 2.61962e-05 0.0 5.96046e-08 7.45058e-06 2.38419e-07 0.0 0.0 0.00640211 0.0 0.0 0.0 0.0 0.0 1.57952e-06 0.0 0.65179 0.0 0.0 0.0 0.0 0.0 0.0 0.0 0.000108749 2.98023e-08 0.0 0.0 0.0 0.994997 0.0 0.0 0.0 0.0 0.0 1.3113e-06 0.0 0.0 0.000119418 0.0 0.0 0.0
8.64267e-07 0.0 0.0 0.0 0.0 0.0 0.0 0.0141625 1.67191e-05 0.0 5.36442e-07 0.0 0.0 0.000938535 4.58956e-06 0.0 0.0 0.0 0.0 0.0 1.78218e-05 0.0 0.0 0.0286459 5.66244e-07 8.64267e-07 2.74479e-05 2.08616e-07 0.0 0.0 0.0188895 0.0 0.0 0.0 0.0 1.78814e-07 8.9407e-08 1.54972e-06 3.49283e-05 0.0 0.0 0.0 0.0 0.0 2.46763e-05 0.0 0.0 0.0 0.0 0.0 0.0 0.030588 1.91331e-05 0.0 0.0 8.04663e-07 0.0 1.19209e-07 0.0 0.0 2.80142e-06 0.0 2.98023e-08 0.0
2.70307e-05 1.01328e-06 0.0 0.0 0.0 2.08616e-07 0.0 0.999611 0.0 0.0 1.19209e-07 0.0 2.98023e-08 0.460256 4.47035e-07 0.0 0.0 3.12924e-06 0.0 0.0 4.76837e-07 1.49012e-07 0.0 0.00405526 0.00022155 0.000126094 0.00255871 8.64267e-07 0.0 0.0 4.47035e-07 0.0 0.0 0.0 0.0 1.45435e-05 2.86102e-06 1.94609e-05 0.0 1.19209e-07 0.0 0.0 0.0 0.0 4.05312e-06 5.03361e-05 0.0 0.0 0.0 3.15905e-06 3.57628e-07 0.0 0.0213559 0.0 0.0 5.36442e-06 0.0 3.27826e-07 0.0 0.0 1.32322e-05 0.0 0.0 0.0
1.19209e-07 1.02222e-05 0.00219005 9.53674e-07 2.563e-06 6.22869e-05 0.0 0.0 0.0 3.57628e-07 1.78814e-07 0.0 4.47035e-05 1.78814e-07 0.0 0.0 1.10567e-05 0.428162 0.0 0.0 0.0 3.8743e-07 0.0 0.0 2.88486e-05 2.02656e-06 2.98023e-08 8.9407e-08 0.0 0.0 0.0 8.9407e-08 0.0 1.20401e-05 0.9988 9.41753e-06 0.0 0.000745088 0.0 0.0 0.0 0.000490844 0.0 0.0 5.03659e-06 0.000114739 0.0 0.0 0.0 8.19564e-05 2.98023e-08 0.0 1.10269e-06 0.0 9.75132e-05 2.08616e-07 0.00260854 0.0 0.0 1.19209e-07 0.0 0.0 0.0 2.6226e-06
0.0 0.0 0.0 0.0 0.0 0.0 0.0 0.0 0.0 0.0 0.0 0.0 0.0 0.0 0.0 0.0 0.0 0.0 0.0 0.0 0.0 0.0 0.0 0.0 0.0 0.0 0.0 0.0 0.0 0.0 0.0 0.0 0.0 0.0 0.0 0.0 0.0 0.0 0.0 0.0 0.0 0.0 0.0 0.0 0.0 0.0 0.0 0.940227 0.0 0.0 0.0 0.0 0.0 0.0 0.0 0.0 0.0 0.0 0.0 0.0 1.49012e-07 0.0 0.0 0.0
0.0 0.0 0.0 0.0 0.0 4.79817e-06 0.0 8.04663e-07 0.0 0.0 0.0 0.0 0.0 1.16229e-06 1.60933e-06 0.0 0.0 0.0 0.0 0.0 0.997123 0.0 0.0 1.49012e-06 0.0 8.64267e-07 0.000122756 1.49012e-07 0.0 0.0 9.42647e-05 8.9407e-08 0.0 0.0 0.0 0.0 1.3411e-06 0.0 0.0129181 0.0 0.0 0.0 0.0 0.0 0.0 0.0 0.0270641 9.53674e-07 0.0 0.0 0.0 5.05745e-05 1.49012e-07 0.0 0.0 0.0 0.0 1.72257e-05 0.0 0.0 0.000237226 0.0 0.0 0.0
0.00230968 0.0 0.0 0.0 0.0 1.51992e-06 0.0 2.3365e-05 0.0 0.0 0.0 0.0 1.19209e-07 9.28938e-05 4.50909e-05 0.0 0.0 1.62125e-05 0.0 0.0 0.0 0.0 0.0 4.79817e-06 0.000175506 5.25713e-05 0.0114128 0.000449061 0.0 0.0 7.7486e-07 0.0 0.0 1.65701e-05 2.08616e-07 0.999488 1.45733e-05 9.83477e-07 0.0 6.25849e-07 0.0 0.0 0.0 0.0 0.0 4.17233e-07 3.27826e-07 0.0 0.0 0.000450909 2.38419e-07 0.0 0.000866592 0.0 0.0 4.45247e-05 0.0 8.9407e-08 0.0 0.0 0.0 0.0 0.0 0.0
0.0 0.0 0.0 0.999709 0.0 0.0 0.0 0.0 0.0 8.9407e-08 0.0 0.0 0.0 0.0 0.0 0.0 0.0 1.49012e-06 0.0 0.0 0.0 0.000243753 0.0 0.0 0.0 4.17233e-07 0.0 0.0 8.9407e-08 0.0 0.0 4.30644e-05 0.0 0.0 5.06639e-07 0.0 0.0 0.0 0.0 0.0 1.49012e-07 1.19209e-07 0.0 0.0 0.0 0.0 0.0 0.0 0.0 0.0 0.0 0.0 0.0 0.0 7.7486e-07 0.0 1.2517e-06 0.0 0.0 0.0 0.0 0.0 0.0 0.0
0.0 2.71201e-06 0.0 1.2219e-06 0.0 0.0 0.0 0.0 0.0 4.76837e-05 6.85453e-07 0.0 0.0 1.82986e-05 0.0 0.0 0.0 0.000356585 0.0 0.0 0.0 1.04308e-06 0.0 0.0 2.98023e-08 0.0391856 3.27826e-07 0.0 0.0 0.0 0.0 0.999997 1.78814e-07 6.25849e-07 0.0 0.0 0.0 0.000810385 0.0 0.0 0.0 1.29044e-05 1.19209e-07 1.19209e-07 0.0 2.08616e-07 0.0 0.0 0.0 0.0 7.7486e-07 0.0 2.98023e-08 0.0 1.89543e-05 0.0 1.47223e-05 0.0 0.0 0.0 0.0 0.0 2.98023e-07 3.52263e-05
0.0512405 0.439362 7.53999e-06 0.0 0.0 1.49012e-07 0.0 3.23057e-05 0.0 0.0 1.3411e-06 0.0 2.98023e-08 0.103488 0.0 0.0 2.29478e-06 4.41074e-05 0.0 0.0 0.0 0.000151634 0.0 8.9407e-08 0.0012975 0.000178814 0.00100884 1.49012e-07 0.0 0.0 0.0 1.63913e-06 0.0 7.12276e-06 0.000187099 0.000172049 0.0 0.000636756 0.0 0.0 0.0 0.00021413 0.0 0.0 0.0 0.999785 0.0 0.0 0.0 0.000181496 3.63588e-06 0.0 0.02515 0.0 0.00266802 0.000307798 8.9407e-08 0.0 0.0 1.19209e-07 0.0 0.0 5.06639e-07 2.98023e-08
5.0962e-06 2.83122e-06 1.49012e-07 0.0 0.0 2.41399e-06 0.0 0.0 0.0 0.0 0.0 0.0 0.0 0.000980735 2.47359e-06 0.0 8.9407e-08 0.0107421 0.0 0.0 0.0 0.0 0.0 0.0 3.8445e-06 0.0187777 0.00378311 7.27177e-06 0.0 0.0 0.0 7.28965e-05 0.0 0.997141 1.93715e-06 0.000216663 6.68168e-05 2.65837e-05 0.0 4.76837e-07 0.0 0.000107437 0.0 0.0 0.0 2.11596e-06 1.78814e-07 0.0 0.0 0.00458136 4.21405e-05 0.0 5.24521e-06 0.0 5.81145e-06 0.000172973 2.89083e-06 0.000599742 0.0 0.0 0.0 0.0 0.0 3.34382e-05
0.0 0.0 0.0 0.0 0.0 8.9407e-08 0.0 2.08616e-07 0.0 0.0 2.98023e-08 0.0 0.0 8.9407e-07 0.00298506 0.0 0.0 0.0 0.0 0.0 4.57466e-05 0.0 0.0 0.000238359 0.0 7.33137e-06 3.96371e-06 2.98023e-08 0.0 0.0 0.982394 0.0 0.0 0.0 0.0 0.0 0.0 0.0 0.000255048 0.0 0.0 0.0 0.0 0.0 8.9407e-08 0.0 2.83122e-06 0.0 0.0 0.0 0.0 0.000936478 2.98023e-08 0.0 0.0 2.98023e-08 0.0 6.13928e-06 0.0 0.0 0.0 0.0 0.0 0.0
8.9407e-08 0.0 0.0025703 0.0 0.0535182 0.0 0.0 0.0 0.0 5.96046e-08 0.0 2.98023e-08 1.77324e-05 0.0 0.0 1.78814e-07 0.170052 5.18858e-05 0.0103572 0.0 0.0 0.0 0.00306082 0.0 0.0 0.0 0.0 0.0 0.0 0.0 0.0 0.0 0.0 0.0 1.49012e-06 0.0 0.0 7.92742e-06 0.0 2.08616e-07 0.0 0.0 0.0 0.0 0.0 1.19209e-07 0.0 0.0 2.98023e-08 0.0 4.17233e-07 0.0 0.0 0.0 1.18613e-05 0.0 0.0 0.0 0.0 0.997238 0.0 1.78814e-07 0.0 0.0
0.00340384 1.19209e-07 0.0 0.0 0.0 0.0 0.0 0.0 4.76837e-07 0.0 0.0 0.0 0.000146449 2.08616e-06 0.0 0.0 0.000173777 0.0 0.0 0.0 0.0 0.0 0.0 0.0 2.98023e-08 0.000643641 0.0 0.0 0.0 0.0 0.0 0.0 0.0 0.0 0.0 0.0 0.0 0.000902295 0.0 0.00482085 0.0 5.96046e-08 0.0 0.0 0.0 0.0 0.0 0.0 0.0 8.83639e-05 0.999832 0.0 9.17912e-05 0.0 0.000119954 5.25415e-05 0.0 0.0 0.0 8.9407e-08 0.0 0.0 0.0 0.0
0.0 0.0 0.0 0.0 0.0 1.69873e-06 0.0 8.04663e-07 0.0 0.0 0.0 0.0 0.0 1.54972e-06 0.998669 0.0 0.0 1.49012e-07 0.0 0.0 2.98023e-07 0.0 0.0 9.67681e-05 1.19209e-07 1.94609e-05 8.28505e-06 2.68221e-07 0.0 0.0 0.00317442 0.0 0.0 0.0 0.0 2.71201e-06 0.0004825 1.19209e-07 4.76837e-07 0.0 0.0 0.0 0.0 0.0 0.0 0.0 2.08616e-07 0.0 0.0 7.7486e-07 0.0 1.99676e-06 2.98023e-08 0.0 0.0 1.43647e-05 0.0 1.71065e-05 0.0 0.0 0.0 0.0 0.0 0.0
4.64022e-05 1.85966e-05 1.19209e-07 0.0 0.0 0.0 0.0 5.96046e-08 0.0 5.96046e-08 0.0 0.0 0.0 0.0100922 8.9407e-08 0.0 1.37091e-06 0.000281096 2.98023e-08 0.0 0.0 2.98023e-08 0.0 0.0 1.2815e-06 0.0449346 0.000182331 8.9407e-08 0.0 0.0 0.0 2.98023e-08 0.0 0.0180962 1.75834e-06 6.65188e-05 2.08616e-07 9.29832e-06 0.0 0.0 0.0 0.00599781 5.96046e-08 0.0 0.0 0.000880241 0.0 0.0 0.0 0.00826806 0.0171106 0.0 3.15905e-06 0.0 0.0184734 0.00174424 6.22869e-06 1.2517e-06 0.0 0.0 0.0 0.0 0.0 2.98023e-08
0.0 0.0 0.0 0.0 0.0 0.0 0.999741 0.0 0.0 0.0 0.0 5.96046e-08 0.0 0.0 0.0 0.0 0.0 0.0 0.0 0.0 0.0 0.0 0.0 0.0 0.0 0.0 0.0 0.0 0.0 1.51992e-06 0.0 0.0 0.0 0.0 0.0 0.0 0.0 0.0 0.0 0.0 0.0 0.0 0.0 0.0 0.0 0.0 0.0 0.0 0.0 0.0 0.0 0.0 0.0 0.0 0.0 0.0 0.0 0.0 4.47035e-07 0.0 0.0 0.0 0.0 0.0
0.0 0.0 0.0 0.0 4.73261e-05 0.0 0.0 0.0 0.0 0.0 0.0 0.0 0.0 0.0 0.0 0.0 0.0 0.0013333 0.0 0.0 0.0 0.0 0.0 0.0 0.0 0.0 0.0 0.0 0.0 0.0 0.0 1.37091e-06 0.0 0.0 0.0 0.0 0.0 8.9407e-08 0.0 0.0 0.0 0.0 0.0 0.999992 0.0 0.0 0.0 0.0 1.19209e-07 0.0 0.0 0.0 0.0 0.0 0.0 0.0 0.0 0.0 0.0 0.0 0.0 0.0 0.0 0.0
0.0 0.0 0.0 0.0 0.0 5.66244e-07 0.0 8.9407e-08 0.0 0.0 0.0 0.0 0.0 7.08997e-05 1.96695e-06 0.0 0.0 9.63807e-05 0.0 4.47035e-07 3.09944e-06 0.0 0.0 0.0 0.0 5.87702e-05 0.00295424 9.23872e-07 0.0 0.0 4.47035e-07 4.76837e-07 0.0 3.8743e-06 0.0 0.0 0.000250936 0.0 4.73857e-06 0.0 0.0 0.0 0.0 0.0 0.0 0.0 7.84993e-05 0.0 0.0 2.98023e-08 1.04308e-06 0.0 1.49012e-07 0.0 0.0 0.0 0.0 0.99995 0.0 0.0 0.0 0.0 0.0 8.9407e-08
0.0 0.0 0.0 0.0 0.0 0.0 0.0 0.0 0.0 0.999445 0.0 0.0695483 0.0 0.0 0.0 8.64267e-07 9.08971e-06 0.0 0.0 0.0 0.0 0.0 0.0 0.0 0.0 2.98023e-08 0.0 0.0 0.0333845 6.22869e-06 0.0 0.0 0.0 0.0 0.0 0.0 0.0 0.0 0.0 0.0 0.0 8.9407e-08 2.07126e-05 0.0 0.0 0.0 0.0 0.0 0.0 0.0 5.72205e-06 0.0 0.0 0.0 0.00318974 0.0 0.0 0.0 0.0 2.68221e-07 0.0 0.0 0.0 0.0
0.000104934 0.0 0.0 0.0 0.0 0.000251025 0.0 2.89083e-06 8.49366e-06 0.0 7.30157e-06 0.0 5.36442e-07 2.13087e-05 0.00200322 0.0 0.0 2.21133e-05 0.0 0.000118345 0.469848 0.0 0.0 0.000338733 1.57952e-06 0.298741 0.00245067 0.00034976 0.0 0.0 0.0678625 0.00486088 0.0 4.79817e-06 0.0 8.13007e-05 3.96371e-06 0.000273734 0.984418 1.3113e-06 0.0 0.0 0.0 0.0 1.54972e-06 0.0 1.0 3.31402e-05 0.0 4.64916e-06 1.54972e-06 0.00113791 7.34627e-05 1.36495e-05 0.0 3.60608e-06 0.0 0.269854 0.0 0.0 0.0011251 0.0 0.0 0.0
8.9407e-08 3.57628e-07 0.0 0.0 0.0 0.000349194 0.0 2.32458e-06 0.0 0.0 0.0 0.0 0.0 2.09808e-05 0.0 0.0 0.0 2.65837e-05 0.0 1.96695e-06 5.96046e-08 0.0 0.0 0.0 6.07967e-05 5.96046e-08 0.00227046 0.0 0.0 0.0 0.0 0.000817388 0.0 0.0 0.0 0.0 1.51098e-05 0.000122011 0.0 0.0 0.0 0.0 0.0 0.0 0.0 0.0 0.0 0.0 0.0 0.0 0.0 0.0 1.00732e-05 0.0 0.0 4.76837e-07 0.0 0.0 0.0 0.0 0.0727111 0.0 0.0 0.00020045
0.0 0.0 0.0 0.0 5.48363e-06 0.0 0.0 0.0 0.0 0.0 0.0 0.0 0.0 0.0 0.0 1.26362e-05 0.0 0.0 4.88758e-06 0.0 0.0 0.0 0.000161618 0.0 0.0 0.0 0.0 0.0 0.0 3.8743e-07 0.0 0.0 0.0 0.0 0.0 0.0 0.0 0.0 0.0 0.0 2.77162e-06 0.0 0.0 0.0 0.0 0.0 0.0 0.0 0.993946 0.0 0.0 0.0 0.0 0.0 0.0 0.0 0.0 0.0 0.000322372 1.29044e-05 0.0 0.0 0.0 0.0
0.0 0.0 0.0 0.0 0.0 0.0 0.0 0.0 0.0 5.96046e-07 0.0 0.0107091 0.0 0.0 0.0 0.276086 0.0 0.0 0.0 0.0 0.0 0.0 0.0 0.0 0.0 0.0 0.0 0.0 3.66569e-06 0.98953 0.0 0.0 0.0 0.0 0.0 0.0 0.0 0.0 0.0 0.0 1.78814e-07 0.0 0.0 0.0 0.0 0.0 0.0 0.0 1.46031e-05 0.0 0.0 0.0 0.0 0.0 0.0 0.0 0.0 0.0 0.0339139 0.0 0.0 0.0 0.0 0.0
0.0 4.76837e-07 1.49012e-07 4.50015e-06 0.0 0.0 0.0 0.0 0.0 0.00776446 0.0 0.0 0.0 1.78814e-07 0.0 0.0 0.0 0.000331461 0.0 0.0 0.0 9.23872e-07 0.0 0.0 0.0 0.00383544 0.0 0.0 2.0355e-05 0.0 0.0 0.0232405 0.0 3.74317e-05 2.78056e-05 0.0 0.0 2.47359e-06 0.0 0.0 0.0 0.00159413 1.54972e-06 0.0 0.0 6.25849e-07 0.0 0.0 0.0 1.19209e-07 1.78814e-07 0.0 0.0 0.0 0.16731 0.0 0.00825372 0.0 0.0 0.0 0.0 0.0 0.0 5.1856e-06
0.0 0.0 0.0 0.0 0.0 0.0 0.0 0.0 0.0 0.0243605 0.0 0.0 0.0 0.0 0.0 0.0 0.0 0.0 0.0 0.0 0.0 0.0 0.0 0.0 0.0 1.78814e-07 0.0 0.0 0.0 0.0 0.0 0.0 0.0 0.0 0.0 0.0 0.0 0.0 0.0 0.0 0.0 0.0 0.998043 0.0 0.0 0.0 0.0 0.0 0.0 0.0 0.0 0.0 0.0 0.0 0.0 0.0 0.0 0.0 0.0 0.0 0.0 0.0 0.0 0.0
0.00277475 3.30806e-06 1.19209e-07 1.49012e-07 0.0 0.0 0.0 0.0 5.96046e-08 2.38419e-07 0.0 0.0 5.96046e-08 0.000178427 0.0 0.0 0.00073567 1.52588e-05 0.0 0.0 0.0 2.98023e-08 0.0 0.0 0.0 0.00260183 1.49012e-07 0.0 0.0 0.0 0.0 8.9407e-08 0.0 1.51992e-06 0.0 2.08616e-07 0.0 2.98023e-08 0.0 1.44541e-05 0.0 5.68926e-05 0.0 0.0 0.0 2.77162e-06 0.0 0.0 0.0 7.7486e-07 0.384909 0.0 0.000697076 0.0 0.495251 2.98023e-08 0.0 0.0 0.0 2.98023e-07 0.0 0.0 0.0 0.0
0.0 0.0 0.0 0.0 0.0 0.0 0.0 0.0 0.0 0.617298 0.0 0.999269 0.0 0.0 0.0 2.88188e-05 0.0 0.0 0.0 0.0 0.0 0.0 0.0 0.0 0.0 0.0 0.0 0.0 0.751245 0.000357896 0.0 0.0 1.78814e-07 0.0 0.0 0.0 0.0 0.0 0.0 0.0 0.0 0.0 0.0 0.0 0.0 0.0 0.0 0.0 0.0 0.0 0.0 0.0 0.0 0.0 1.78814e-07 0.0 0.0 0.0 1.19209e-07 0.0 0.0 0.0 0.0 0.0
0.0164363 0.000107199 0.00483018 1.63913e-06 4.31538e-05 0.000228763 0.0 5.96046e-08 0.0 0.0 2.98023e-08 0.0 0.0 0.000916004 1.78814e-07 0.0 3.36766e-06 0.000157624 0.0 0.0 0.0 0.0 8.9407e-08 0.0 1.41263e-05 0.0410845 0.000580788 6.25849e-07 0.0 0.0 0.0 0.132976 0.0 0.127499 5.11706e-05 0.0012767 1.3411e-06 0.0160647 0.0 3.01003e-06 0.0 4.13358e-05 0.0 0.0 0.0 0.000551909 1.0103e-05 0.0 0.0 0.00119951 1.14441e-05 0.0 0.0042358 0.0 7.01547e-05 0.00019905 5.81145e-06 1.72853e-06 0.0 1.13249e-06 0.0 0.0 0.0 4.85182e-05
0.211839 1.24276e-05 0.0 5.03659e-06 0.0 6.85453e-07 0.0 0.000111163 1.69873e-06 0.0 0.0 0.0 1.52886e-05 0.161158 1.43051e-05 0.0 1.54972e-06 0.000237286 0.0 0.0 3.27826e-07 2.98023e-08 0.0 5.51343e-06 5.75483e-05 0.999998 0.00228104 1.93715e-06 0.0 0.0 2.30968e-05 0.00442204 0.0 7.236e-05 8.9407e-08 0.000129431 0.0 0.010026 5.06639e-07 6.82473e-06 0.0 2.69413e-05 0.0 0.0 4.17233e-07 4.50015e-06 0.00231934 0.0 0.0 0.095539 0.224975 0.0 0.32552 0.0 2.42591e-05 0.071463 7.7486e-07 2.70903e-05 0.0 0.0 0.0 0.0 0.0 0.0
0.999905 2.91765e-05 1.49012e-07 0.0 0.0 0.0 0.0 9.70662e-05 4.17233e-07 0.0 0.0 0.0 7.97212e-05 0.0108472 3.51667e-06 0.0 0.000634968 0.0 0.0 0.0 0.0 5.96046e-08 0.0 6.22869e-05 0.000123709 0.08815 6.19888e-06 0.0 0.0 0.0 0.0 0.0 0.0 5.36442e-07 8.9407e-08 0.000409484 0.0 0.00116274 0.0 2.60472e-05 0.0 2.98023e-08 0.0 0.0 0.0 0.000680536 2.08616e-06 0.0 0.0 0.0351014 0.000340641 0.0 0.107676 0.0 1.86861e-05 0.14662 0.0 0.0 0.0 0.0 0.0 0.0 0.0 0.0
0.0 0.0 0.000372529 0.0 0.999671 0.0 0.0 0.0 0.0 0.0 0.0 0.0 1.19209e-07 0.0 0.0 5.96046e-08 0.00230777 0.000668526 0.0136699 0.0 0.0 0.0 0.00233397 0.0 0.0 0.0 0.0 0.0 0.0 0.0 0.0 0.0 0.0 0.0 9.11951e-06 0.0 0.0 1.65403e-05 0.0 0.0 0.0 8.9407e-08 0.0 0.00163576 0.0 0.0 0.0 0.0 1.20997e-05 0.0 0.0 0.0 0.0 0.0 3.15905e-06 0.0 1.19209e-07 0.0 0.0 0.237089 0.0 0.0 0.0 8.9407e-08
6.78599e-05 0.99373 1.78814e-07 8.9407e-08 1.49012e-07 1.49012e-07 0.0 5.33462e-06 0.0 0.0 2.08616e-07 0.0 0.0 0.197246 0.0 0.0 7.15256e-07 0.000251085 0.0 0.0 0.0 0.000799745 0.0 0.0 0.00523528 6.74129e-05 0.00108266 0.0 0.0 0.0 0.0 1.0401e-05 0.0 5.81145e-06 1.46031e-05 7.7486e-07 0.0 0.0018532 0.0 0.0 0.0 0.00536352 0.0 0.0 1.19209e-07 0.312934 0.0 0.0 0.0 1.24574e-05 3.44217e-05 0.0 0.0100982 0.0 0.00105697 0.000567049 6.55651e-07 0.0 0.0 8.9407e-08 0.0 0.0 1.61529e-05 2.68221e-06
0.0 0.0 0.0 0.0 0.0 7.86781e-05 0.0 9.89437e-06 0.0 0.0 0.0 0.0 0.0 2.98023e-08 0.0 0.0 0.0 1.19209e-07 0.0 3.69549e-06 1.5378e-05 0.0 0.0 2.98023e-07 2.98023e-08 0.0 1.85966e-05 3.18885e-06 0.0 0.0 0.0 3.01003e-06 0.0 0.0 0.0 0.0 6.22869e-06 2.08616e-07 1.30832e-05 0.0 0.0 0.0 0.0 0.0 0.0 0.0 1.78814e-07 1.13249e-06 0.0 0.0 0.0 1.75834e-06 1.49012e-07 0.0 0.0 0.0 0.0 0.0 0.0 0.0 0.99796 0.0 0.0 0.0
0.0 0.0 0.0 0.0 0.0 0.0 0.0 0.0 0.0 0.0 0.0 0.000245154 0.0 0.0 0.0 0.910088 0.0 0.0 8.9407e-08 0.0 0.0 5.96046e-08 0.0 0.0 0.0 0.0 0.0 0.0 1.46031e-06 0.000189662 0.0 0.0 0.0 0.0 0.0 0.0 0.0 0.0 0.0 0.0 0.0366988 0.0 0.0 0.0 0.0 0.0 0.0 0.0 4.21107e-05 0.0 0.0 0.0 0.0 0.0 0.0 0.0 0.0 0.0 0.000694722 2.08616e-07 0.0 0.0 0.0 0.0
0.0 0.0 2.98023e-08 0.0 0.0 0.000197142 0.0 2.08616e-07 1.07288e-06 0.0 5.06639e-07 0.0 8.9407e-08 0.0 1.19209e-07 0.0 0.0 0.149535 0.0 9.23872e-07 0.0 0.0 0.0 8.9407e-08 1.40071e-06 4.17233e-07 0.0601142 0.99999 0.0 0.0 5.96046e-08 2.08616e-07 0.0 2.38419e-07 0.0 0.000262886 2.77162e-06 3.07858e-05 8.9407e-08 2.98023e-08 0.0 2.98023e-08 0.0 0.0 1.78814e-07 0.0 0.0 0.0 0.0 0.0 0.0 0.0 2.67029e-05 0.0 0.0 0.0 0.0 2.29478e-06 0.0 0.0 0.0 0.0 0.0 0.0
4.61936e-06 0.0 0.0 0.0 0.0 1.19209e-07 0.0 1.16229e-05 0.0 0.0 0.0 0.0 0.0 0.341221 2.98023e-08 0.0 0.0 0.0 0.0 0.0 2.41399e-06 0.0 0.0 0.0 0.0 8.64267e-07 0.00698698 0.0 0.0 0.0 0.0 0.0 0.0 2.98023e-08 0.0 2.864e-05 4.50015e-06 0.0 0.0 0.0 0.0 0.0 0.0 0.0 0.0 5.48363e-06 8.9407e-08 2.08616e-07 0.0 8.64267e-07 8.9407e-08 0.0 8.82149e-06 0.0 0.0 9.56655e-06 0.0 0.0 0.0 0.0 0.0 0.0 0.0 0.0
0.000104308 0.0224135 0.00872448 1.88947e-05 0.00884202 5.96046e-08 0.0 1.19209e-07 2.98023e-08 0.00704184 8.9407e-08 1.19209e-07 0.0174689 0.00021866 0.0 0.0 0.557061 0.404758 1.78516e-05 0.0 0.0 0.000675291 0.00475457 0.0 0.000177234 0.000290722 2.77162e-06 1.19209e-07 3.36766e-06 0.0 0.0 0.000867903 0.0 4.23193e-06 0.00640327 1.19209e-07 0.0 0.608243 0.0 1.78814e-07 2.08616e-07 0.0192946 0.0 0.0 1.19209e-07 0.0012022 0.0 0.0 0.0 6.97374e-06 0.123809 0.0 0.0603395 0.0 0.318757 7.15256e-07 0.00196862 0.0 0.0 0.045614 0.0 0.0 0.000129342 4.23491e-05
0.0 0.0 0.0 0.0 0.0 0.000120938 0.0 9.46224e-05 0.0 0.0 0.0 0.0 0.0 0.000404716 0.00702372 0.0 0.0 2.95937e-05 0.0 9.23872e-07 4.52995e-06 0.0 0.0 1.19209e-07 8.9407e-08 1.60933e-06 0.315156 3.35276e-05 0.0 0.0 7.36117e-06 0.0 0.0 3.33786e-06 0.0 1.90437e-05 0.999694 1.43051e-06 2.08616e-07 1.49012e-07 0.0 0.0 0.0 0.0 2.98023e-08 0.0 1.19209e-07 0.0 0.0 7.53999e-06 6.85453e-07 7.77841e-06 2.08616e-07 0.0 0.0 1.60933e-06 0.0 0.026493 0.0 0.0 1.2219e-05 0.0 0.0 2.98023e-07
0.0 0.0 0.0 0.0 0.0 0.0 0.0 0.0 0.0 0.0 0.0 1.07288e-06 0.0 0.0 0.0 0.00201628 0.0 0.0 0.0 0.0 0.0 0.0 0.0 0.0 0.0 0.0 0.0 0.0 0.0 6.85453e-07 0.0 0.0 0.0 0.0 0.0 0.0 0.0 0.0 0.0 0.0 0.992757 0.0 0.0 0.0 0.0 0.0 0.0 0.0 1.47521e-05 0.0 1.78814e-07 0.0 0.0 0.0 2.98023e-08 0.0 0.0 0.0 3.8743e-07 5.96046e-08 0.0 0.0 0.0 0.0
2.11596e-06 0.0 0.0 0.0 0.0 0.0 0.0 0.00131264 0.0 0.0 0.0 0.0 0.0 1.24574e-05 4.04716e-05 0.0 0.0 0.0 0.0 0.0 4.47035e-07 0.0 0.0 0.996745 2.68221e-07 2.08616e-07 7.15256e-07 1.19209e-07 0.0 0.0 0.000835001 0.0 0.0 0.0 0.0 3.8743e-07 0.0 1.49012e-07 8.9407e-08 0.0 0.0 0.0 0.0 0.0 0.0 0.0 1.49012e-07 0.0 0.0 0.0 0.0 1.19209e-07 0.000490636 0.0 0.0 8.9407e-08 0.0 0.0 0.0 0.0 0.0 0.0 0.0 0.0
0.0 0.0 0.0 0.0 0.0 3.66569e-06 0.0 0.0 0.0 0.0 8.9407e-08 0.0 0.0 0.0 0.0 0.0 0.0 7.60853e-05 0.0 0.994051 0.0 0.0 0.0 0.0 8.9407e-08 0.0 1.19209e-07 2.37226e-05 0.0 0.0 0.0 1.10269e-06 0.0 0.0 0.0 0.0 1.41859e-05 4.9144e-05 2.23517e-06 0.0 0.0 0.0 0.0 0.0 9.35793e-06 0.0 0.0 0.0 0.0 0.0 0.0 0.0 0.0 0.0 0.0 0.0 0.0 3.72529e-06 0.0 0.0 1.2815e-06 0.0 0.0 3.57628e-07
0.0 0.0 0.0 0.0 0.0 0.0 0.0 0.0 0.0 1.49012e-07 0.0 1.19209e-07 0.0 0.0 0.0 0.0 0.0 8.9407e-08 0.0 0.0 0.0 2.5928e-06 0.0 0.0 0.0 0.0 0.0 0.0 0.0 0.0 0.0 5.96046e-08 0.995054 0.0 0.0 0.0 0.0 0.0 0.0 0.0 0.0 0.0 0.0 0.0 0.0 0.0 0.0 0.0 0.0 0.0 0.0 0.0 0.0 0.0 0.0 0.0 0.0 0.0 0.0 0.0 0.0 0.0 0.0 0.0
0.0 6.55651e-07 0.0 0.0 0.0 6.94394e-05 0.0 2.13385e-05 6.55651e-06 0.0 5.99027e-05 0.0 3.15905e-06 1.60933e-06 0.0 0.0 0.0 0.0029178 0.0 1.78218e-05 0.0 0.0 0.0 8.9407e-08 0.00259984 0.000143319 1.78814e-07 2.38419e-07 0.0 0.0 4.47035e-07 2.68221e-07 0.0 0.0 2.08616e-06 2.98023e-08 0.0 0.0797624 0.0 0.0 0.0 0.0 0.0 0.0 0.999509 7.7486e-07 0.0 0.0 0.0 5.66244e-07 0.0 0.0 0.000731111 0.0 0.0 1.57952e-06 0.0 0.0 0.0 0.0 0.0 0.0 2.91467e-05 0.0
0.0 0.0 0.00928792 0.0 0.00914735 0.0 0.0 0.0 0.0 0.0 0.0 0.0 0.0 0.0 0.0 1.3411e-06 3.18885e-06 3.27826e-07 0.206522 0.0 0.0 0.0 0.998786 0.0 0.0 0.0 0.0 0.0 0.0 0.0 0.0 0.0 0.0 0.0 1.49012e-07 0.0 0.0 0.0 0.0 0.0 0.0 0.0 0.0 0.0 0.0 0.0 0.0 0.0 0.032775 0.0 0.0 0.0 0.0 0.0 1.78814e-07 0.0 0.0 0.0 7.11977e-05 0.186799 0.0 0.0229176 0.0 0.0
2.98023e-07 0.0110628 6.25849e-07 1.04308e-06 8.9407e-08 2.98023e-08 0.0 0.0 0.0 8.04663e-07 0.0 0.0 5.06639e-07 0.000448912 0.0 0.0 9.35793e-06 0.126721 0.0 0.0 0.0 6.25849e-07 0.0 0.0 0.000152498 0.00412667 4.11272e-06 4.17233e-07 0.0 0.0 0.0 4.10676e-05 0.0 0.00123918 0.000225663 9.53674e-07 0.0 0.010204 0.0 0.0 0.0 0.989604 1.78814e-07 0.0 0.0 5.75781e-05 0.0 0.0 0.0 0.000120729 0.00211999 0.0 9.41753e-06 0.0 0.608492 1.9908e-05 0.0166717 0.0 0.0 2.98023e-08 0.0 0.0 0.0 2.0057e-05
0.0 0.0 0.0 0.0 0.0 0.0 0.0 0.0 0.0 0.0 0.0 0.0 0.0 0.0 0.0 0.0 0.0 0.0 0.0 0.0 0.0 0.0 0.0 0.0 0.0 0.0 0.0 0.0 0.0 0.0 0.0 0.0 0.0 0.0 0.0 0.0 0.0 0.0 0.0 0.0 0.0 0.0 0.0 0.0 0.0 0.0 0.0 0.0 0.0 0.0 0.0 0.0 0.0 0.999998 0.0 0.0 0.0 0.0 0.0 0.0 0.0 0.0 0.0 0.0
0.025406 5.57899e-05 0.0 0.0 0.0 5.06639e-07 0.0 1.81198e-05 0.0 0.0 0.0 0.0 0.0 0.0890443 0.000226915 0.0 0.0 3.8743e-07 0.0 0.0 0.0 0.0 0.0 9.53674e-07 0.0045878 0.0918446 0.000325978 0.0 0.0 0.0 1.49012e-07 0.0 0.0 2.61366e-05 8.9407e-08 2.46167e-05 5.24521e-06 0.000989795 0.0 2.08616e-07 0.0 5.36442e-07 0.0 0.0 8.9407e-08 3.67463e-05 0.0 0.0 0.0 0.385244 3.77893e-05 0.0 0.000830799 0.0 2.98023e-08 0.996493 0.0 1.78814e-07 0.0 0.0 0.0 0.0 0.0 0.0
1.10269e-06 0.0 0.0 0.0 0.0 0.0 0.0 0.0 0.998719 0.0 0.0 0.0 6.25849e-07 0.0 0.0 0.0 0.0 0.0 0.0 0.0 0.0 0.0 0.0 0.0 0.0 6.88434e-06 0.0 8.9407e-08 0.0 0.0 0.0 0.0 0.0 0.0 0.0 0.0 0.0 5.06639e-07 0.0 3.8147e-06 0.0 0.0 0.0 0.0 1.19209e-07 0.0 0.0 0.0 0.0 0.0 6.13928e-06 0.0 9.80496e-06 0.0 0.0 0.0 0.0 0.0 0.0 0.0 0.0 0.0 0.0 0.0
0.0 0.0 2.89083e-06 0.0 0.0 0.0 0.0 0.0 0.0 0.0 0.0 0.0 0.0 0.0 0.0 0.0 0.0 0.0 0.0 0.0 0.0 0.0 0.00502595 0.0 0.0 0.0 0.0 0.0 0.0 0.0 0.0 0.0 0.0 0.0 0.0 0.0 0.0 0.0 0.0 3.27826e-07 0.0 0.0 0.0 0.0 0.0 0.0 0.0 0.0 0.0 0.0 0.0 0.0 0.0 0.0 0.0 0.0 0.0 0.0 0.0 2.98023e-08 0.0 0.998765 0.0 0.0
0.0 0.0 5.96046e-08 3.57628e-07 0.0 0.0 0.0 0.0 0.0 0.913826 0.0 0.00443977 0.0 0.0 0.0 1.49012e-07 0.0 8.9407e-08 0.0 0.0 0.0 6.85453e-06 0.0 0.0 0.0 1.49012e-07 0.0 0.0 0.996801 0.0 0.0 2.08616e-07 7.7486e-07 0.0 0.0 0.0 0.0 0.0 0.0 0.0 0.0 8.9407e-08 0.0 0.0 0.0 0.0 0.0 0.0 0.0 0.0 0.0 0.0 0.0 0.0 0.00270015 0.0 8.9407e-08 0.0 0.0 0.0 0.0 0.0 0.0 0.0
0.0 0.0 0.0 0.0 0.0 4.02331e-06 0.0 0.0 0.0 0.0 0.0 0.0 0.0 6.55651e-07 0.000174254 0.0 0.0 0.0 0.0 8.9407e-08 0.0051862 0.0 0.0 6.55651e-07 0.0 0.000356287 4.05312e-06 2.08616e-07 0.0 0.0 0.00438282 3.8743e-07 0.0 2.98023e-08 0.0 2.98023e-08 2.98023e-08 3.27826e-07 0.998416 0.0 0.0 0.0 0.0 0.0 8.9407e-08 0.0 0.341274 0.0 0.0 1.19209e-07 0.0 0.0103207 5.96046e-08 0.0 0.0 5.66244e-07 0.0 0.000652581 0.0 0.0 1.19209e-07 0.0 0.0 0.0
2.81632e-05 1.49012e-07 9.44734e-05 0.0 9.41753e-06 1.60933e-06 0.0 7.7486e-07 0.00035125 0.0 1.19209e-07 0.0 0.523378 1.19209e-07 0.0 0.0 0.021807 0.527975 0.0 2.5928e-06 0.0 0.0 1.04308e-05 0.0 0.000755399 0.00103354 2.98023e-08 3.65674e-05 0.0 0.0 0.0 1.16229e-06 0.0 2.98023e-07 3.25739e-05 1.69873e-06 1.49012e-07 0.999819 0.0 2.96831e-05 0.0 1.72555e-05 0.0 0.0 0.00021863 5.06639e-07 2.98023e-08 0.0 0.0 5.37634e-05 5.19454e-05 0.0 0.00217956 0.0 2.65837e-05 3.57628e-07 2.98023e-08 0.0 0.0 0.000116795 0.0 1.19209e-07 0.0 0.0
0.0 7.45058e-07 0.0 0.0 0.0 6.21378e-05 0.0 4.47035e-07 1.19209e-07 0.0 0.998884 0.0 0.0 4.76837e-07 0.0 0.0 0.0 0.00154403 0.0 2.77162e-06 0.0 0.0 0.0 0.0 8.52346e-06 5.96046e-08 6.04093e-05 8.79169e-06 0.0 0.0 5.36442e-07 0.00222129 0.0 0.0 0.0 2.98023e-08 0.0 6.66678e-05 0.0 0.0 0.0 0.0 0.0 0.0 2.59876e-05 5.63264e-06 0.0 0.0 0.0 0.0 0.0 0.0 2.98023e-08 0.0 0.0 0.0 0.0 2.98023e-08 0.0 0.0 0.0 0.0 0.000177324 0.0
0.0 1.07288e-05 0.0 1.75834e-06 5.96046e-08 1.01328e-06 0.0 0.0 0.0 1.2219e-06 0.0 0.0 0.0 5.39422e-06 0.0 0.0 0.0 0.60776 0.0 0.0 0.0 1.45435e-05 0.0 0.0 1.19209e-07 3.54648e-05 2.98023e-08 0.0 0.0 0.0 0.0 0.00165144 0.0 7.02143e-05 0.00200787 0.0 0.0 8.34167e-05 0.0 0.0 0.0 0.0322729 2.98023e-08 0.0 0.0 5.96046e-08 0.0 0.0 0.0 1.49012e-07 1.46031e-06 0.0 0.0 0.0 0.000390381 8.9407e-08 0.995421 0.0 0.0 0.0 0.0 0.0 1.19209e-07 0.000401229
1.10269e-06 3.26335e-05 1.49012e-06 0.0 8.9407e-08 4.29153e-05 2.98023e-08 1.19209e-07 9.23872e-07 0.00992897 3.84152e-05 0.0 0.0 0.999995 2.27094e-05 0.0 0.0 0.314251 0.0 0.0517269 1.50502e-05 0.0 5.48363e-06 0.0 9.92417e-06 2.08616e-07 0.0 0.0 0.0 0.0 0.000705361 0.0 0.0 0.00228786 8.9407e-08 0.0 1.40071e-05 0.546865 0.023815 0.0 4.24385e-05 0.0 0.280211 0.0 0.00200981 0.000580907 0.0334093 0.0 0.0 0.0 0.0441918 0.998308 0.0164533 1.69277e-05 0.0 0.0 8.9407e-08 0.0 0.0 0.0 1.90735e-06 0.0 0.0 4.83692e-05
2.98023e-08 0.0 0.0 0.0 0.0 9.95398e-06 0.0 0.0 0.0 0.0 5.0813e-05 0.0 0.0 0.0 0.0 0.0 0.0 0.0 0.0 0.0 0.0 0.0 0.0 0.0 0.0 0.0 0.0 0.0 0.0 0.0 0.0 0.0 0.0 0.0 0.0 0.0 0.0 0.0 0.0 0.0 0.0 0.0 0.0 0.0 0.0 1.19209e-07 0.0 5.96046e-08 0.0 0.0 0.0 0.0 0.0 0.0 0.0 0.999947 0.0 0.0 0.0 0.0 0.0 0.0 0.0 0.0
0.0 0.0 0.0 0.0 0.0 0.0 0.00128025 5.96046e-08 0.0 0.0 0.0 0.0 8.9407e-08 0.0 0.0 0.0 0.0 0.0 0.0 0.0 0.0 0.999646 7.15256e-07 1.91033e-05 0.0 0.0 0.167552 0.197241 7.03335e-06 0.0 0.0 0.0 6.85453e-07 0.0 0.0 1.19209e-07 2.5332e-06 0.0 0.0 5.37634e-05 0.0 7.03335e-06 0.0 0.0 0.0 0.0011453 0.0 0.0 0.0 1.01328e-05 0.0 0.0 0.0 0.0 2.98023e-08 0.0 5.06639e-07 0.0 0.0 0.0 0.0 0.0 0.0 0.0
0.0 0.0 0.0 0.0 0.0 0.0 0.0 0.0 0.0 0.0 0.0 2.02656e-06 0.0 0.0 0.0 0.0 0.0 0.0 0.99545 0.0 0.0 0.0 0.0 0.0 0.0 0.0 0.0 0.0 0.0 5.36442e-06 0.0 0.0 0.0 0.0 0.0 0.0 0.0 0.0 0.0 9.53674e-07 0.0 8.9407e-08 0.0 0.0 0.0 0.0 0.0 0.0 8.9407e-08 0.0 0.0 0.0 0.0 0.0 0.0 0.0 0.0 0.0 2.98023e-08 0.133759 0.0 0.0 3.57628e-06 0.0
0.00265163 0.0 0.0 0.0 0.0 7.4774e-05 0.0 0.0 0.99936 0.0 1.87755e-06 0.0 0.0 0.0 0.0 0.0 0.0 0.0 0.0 5.96046e-08 2.77162e-06 0.0 2.05636e-06 0.0 0.0 0.0 0.0 0.0 0.0 0.0 0.0 0.0 0.0 1.49012e-07 0.0 0.0 1.7494e-05 0.0 3.8743e-07 0.0 0.0 0.0 0.0 0.0 0.0 1.55568e-05 0.0 1.33514e-05 0.0 2.08616e-07 0.0 1.2219e-06 0.0 0.0 0.0 0.0 0.0 0.0 0.0 0.0 0.0 0.0 0.0 1.02222e-05
0.0 0.0 0.0 0.0 0.0 0.0 0.0 0.0 0.0 2.09212e-05 0.0 0.0 0.0 1.7941e-05 0.0 0.0 0.0 0.00562459 0.0 0.0 0.0 0.0 0.0 0.0 0.0 0.0 0.0 0.0 0.0 0.0 0.0 0.0 0.0 0.0 0.0 0.0 0.0 1.01328e-06 0.0 0.0 0.0 0.0 0.000336379 0.0 0.0 0.0 0.0 0.0 0.0 0.0 0.558887 1.49012e-07 0.0 0.0 0.0 0.0 0.0 0.0 0.0 0.0 0.0 0.0 0.0 0.0
0.0 0.0151139 4.38094e-06 2.38419e-07 0.0 0.0 0.0 0.0 0.0 0.0 0.0 0.000103652 3.8147e-06 0.0 0.00201088 0.999962 0.0 1.0699e-05 0.0 0.0 0.0 0.0 0.0 9.20892e-06 0.000190824 0.0 0.0 0.0 0.0 1.37091e-06 0.000217229 0.0 4.60744e-05 0.0 3.60608e-06 0.0 0.0 0.0 0.0 1.43051e-06 0.0 1.78814e-07 0.0 0.0 3.44813e-05 6.25849e-07 0.000490785 0.0 0.0 0.0 5.66244e-07 0.0 0.0 1.10269e-06 0.000293851 0.0 1.78814e-07 0.0 0.0 0.0 0.0 7.41184e-05 0.0 0.0
0.0 0.825946 0.0028742 1.49012e-07 0.0 1.19209e-07 4.93228e-05 0.000836581 0.0 4.35114e-06 0.0 0.0 1.81794e-05 0.0325204 0.790581 0.00108427 2.32458e-05 0.159987 0.0 0.0 0.000110149 0.0 0.000174493 0.000996113 0.826574 4.47035e-07 2.98023e-07 0.0 8.9407e-08 0.0 0.769121 0.0 3.93391e-06 0.000967383 0.0565953 9.01222e-05 0.00116378 3.9041e-06 0.00636053 0.0 0.0 8.9407e-08 0.0 3.8147e-06 0.235542 0.829113 0.999986 0.0 0.0 0.0 0.0 2.69711e-05 0.0 0.344347 0.00620842 0.0 0.0447765 0.000141054 0.0 0.0 0.0 0.0 0.0 0.000193596
0.0 0.0 0.0 0.0 0.0 7.15256e-07 0.0 0.0 2.89083e-06 0.0 0.0 0.0 0.0 0.0 0.0 0.0 0.0 0.0 0.0 0.0 1.49012e-07 0.0 0.0 0.0 0.0 0.0 2.68221e-07 0.0 0.0 0.0 0.0 0.0 0.0 2.74181e-06 0.0 0.0 1.49906e-05 0.0 3.78489e-06 0.0 0.0 0.0 0.0 0.0 1.10269e-06 3.73721e-05 0.000307977 3.27826e-07 0.0 0.0 0.0 0.0 0.0 5.96046e-08 0.0 0.0 0.0 3.57628e-07 0.0 0.0 0.0 0.0 0.0 2.92361e-05
0.0 0.0 0.0 0.0 0.0 0.0 0.0 0.0 0.0 0.0 0.0 0.0 0.0 0.0 0.0 0.0 0.0 1.18911e-05 0.0 0.0 0.0 0.0 0.0 0.0 0.0 0.0 0.0 0.0 0.0 0.0 0.0 0.0 0.0 0.0 0.0 0.0 0.0 1.78814e-07 0.0 0.0 0.999577 0.0 0.0 0.0 0.0 0.0 0.0 0.0 0.0 0.0 0.0311263 0.0 0.0 0.0 0.0 0.0 0.0 0.0 0.0 0.0 0.0 0.0 0.0 0.0
2.98023e-08 6.61612e-06 0.0 0.0 0.0 0.0 0.0 0.0 2.98023e-08 8.34465e-06 0.0 0.0 0.0 0.621338 0.000175774 0.0 0.0 0.0802633 0.0 0.000122517 2.08616e-07 0.0 6.59525e-05 0.0 2.29478e-06 0.0 0.0 0.0 0.0 0.0 1.19507e-05 0.0 0.0 2.05636e-06 0.0 0.0 0.0 0.629467 0.000293702 0.0 0.0 0.0 5.96046e-08 0.0 1.96695e-06 1.08778e-05 7.53999e-06 0.0 0.0 0.0 3.45707e-06 0.229789 1.16229e-06 0.0 0.0 0.0 0.0 0.0 0.0 0.0 0.0 0.0 0.0 2.68221e-07
0.0 5.27501e-06 0.000209749 5.96046e-08 0.0 0.0 0.0 2.11596e-06 0.0 0.0 0.0 5.96046e-07 5.06639e-07 0.0 1.49012e-07 0.00137684 0.0 0.000199258 3.57628e-07 0.0 0.0 2.38419e-07 0.0 0.000100851 0.0 0.0 2.05636e-06 0.0 3.36766e-06 0.999223 2.98023e-07 0.0 0.000455618 0.0 2.98023e-08 0.0 0.0 0.0 0.0 0.153137 0.0 5.33462e-06 0.0 8.9407e-08 0.0 3.8445e-06 5.36442e-07 0.0 0.0 0.0 9.53674e-07 0.0 0.0 0.0 0.0 0.0 0.0 0.0 0.0 0.0 0.0 3.67463e-05 0.0 0.0
2.38419e-07 5.96046e-08 0.0 0.0 8.9407e-08 8.9407e-08 1.61529e-05 0.0 0.0 0.0 4.45545e-05 0.0 0.0 0.0 2.01464e-05 0.0 0.994606 1.78814e-07 0.0 0.0 1.54078e-05 1.19209e-07 0.0414152 0.0 2.08616e-07 2.2918e-05 2.08616e-07 0.0 0.0 0.0 0.0 0.0 4.47035e-06 0.0 0.0 0.00211707 4.67896e-06 0.0 3.8743e-07 0.0 0.0 0.0 0.0 1.46329e-05 0.0 0.00011003 2.98023e-08 0.0 0.0 1.2517e-06 0.0 0.0 0.0 2.37226e-05 8.77976e-05 0.0 5.96046e-08 0.00021261 0.0 0.0 0.0 0.0 0.0 0.0
0.0 4.94719e-06 1.19209e-07 0.0 0.0 0.0 0.0 0.0 0.0 0.999285 0.0 0.0 0.0 0.000539154 1.49012e-07 0.0 0.0 0.0358728 0.0 0.0 0.0 0.0 0.0 0.0 2.98023e-08 0.0 0.0 0.0 0.0 0.0 1.13547e-05 0.0 1.78814e-07 0.0 0.0 0.0 0.0 7.09295e-06 0.0 0.0 0.0 0.0 0.000538856 0.0 1.97887e-05 0.0 8.9407e-08 0.0 0.0 0.0 3.42727e-06 1.19209e-07 0.0 0.0 0.0 0.0 0.0 0.0 0.0 0.0 0.0 0.0 0.0 0.0
0.0 5.39422e-06 1.49012e-07 0.0 1.19209e-07 0.0 0.0 0.0 0.0 0.0 2.98023e-08 0.0 0.0 2.6226e-06 9.23872e-07 5.18262e-05 0.0 0.00914186 0.0 0.0 0.0 0.0 0.0 0.0 1.19209e-07 0.0 0.0 0.0 0.0 0.0 5.96046e-08 0.0 8.9407e-08 0.0 0.0 0.0 0.0 0.00165239 0.0 0.0 0.000157565 0.0 2.98023e-08 0.0 0.0 0.0 0.0 0.0 0.0 0.0 0.999934 5.96046e-08 0.0 0.0 0.0 0.0 0.0 0.0 0.0 0.0 0.0 3.57628e-06 0.0 0.0
0.0 0.0 0.0 0.0 0.0 0.0 0.0 0.0 0.0 0.0 0.0 0.999876 1.19209e-07 0.0 0.0 0.126702 0.0 2.38419e-07 0.0 0.0 0.0 0.0 0.0 3.57628e-07 0.0 0.0 0.0 0.0 0.0 2.38717e-05 0.0 0.0 0.0 0.0 0.0 0.0 0.0 0.0 0.0 2.41101e-05 0.0 2.98023e-08 0.0 0.0 4.08292e-06 0.0 0.0 0.0 0.0 0.0 0.0 0.0 0.0 0.0 0.0 0.0 0.0 0.0 0.0 0.0 0.0 1.78814e-07 0.0 0.0
0.0 0.336726 0.999481 3.30806e-06 0.0 0.0 0.0 1.36495e-05 0.0 1.2815e-06 0.0 0.0 9.81688e-05 8.9407e-08 0.00220206 1.24872e-05 0.0 0.0592363 0.0 0.0 0.0 0.0 0.0 0.00384969 0.000171185 0.0 8.9407e-08 0.0 1.75834e-06 7.09295e-06 0.487281 0.0 6.73532e-06 8.9407e-08 0.00011009 0.0 0.0 0.0 0.0 0.0 0.0 1.86861e-05 0.0 1.49012e-07 6.31213e-05 3.93391e-06 0.0120554 0.0 0.0 0.0 1.2517e-06 0.0 0.0 1.78814e-07 6.10948e-06 0.0 1.49012e-06 0.0 0.0 0.0 0.0 0.0 0.0 0.0
0.0 0.0 0.0 0.0 0.0 5.96046e-08 0.0 0.0 0.0 2.98023e-08 0.000708491 0.0 0.0 2.98023e-08 2.38419e-07 0.0 0.0 1.5527e-05 0.0 1.19209e-07 0.0 0.0 0.0 0.0 0.0 0.0 7.27773e-05 0.0 0.0 0.0 8.9407e-08 0.0 0.0 2.68221e-07 0.0 0.0 5.02169e-05 0.0 2.22027e-05 0.0 0.0 0.0 5.96046e-08 0.0 0.0 7.09295e-06 0.0 0.0 0.0 0.0 0.0 1.49012e-07 1.0 2.98023e-08 0.0 0.0 0.0 0.0 0.0 0.0 0.0 0.0 0.0 1.49012e-07
0.0 0.0 5.96046e-08 0.0 0.0 0.0 0.0 0.0 0.0 0.0 0.0 1.78814e-07 0.000130028 0.0 0.0 0.0 0.0 0.0 0.0292327 0.0 0.0 4.17233e-07 0.0 0.000353098 0.0 0.0 0.0 1.08778e-05 1.7643e-05 8.9407e-08 0.0 0.0 6.46114e-05 0.0 0.0 0.0 0.0 0.0 0.0 5.75185e-06 0.0 0.00391206 0.0 0.0 1.22488e-05 0.0 0.0 0.0 0.0 0.0 0.0 0.0 0.0 0.0 0.0 0.0 0.0 0.0 8.9407e-08 0.998745 0.0 0.0 3.27826e-07 0.0
0.0 2.98023e-08 0.0 0.0 0.0 1.72853e-06 0.996412 1.48118e-05 0.0 0.0 1.19209e-07 0.0 1.49012e-07 0.0 1.71065e-05 0.0 2.11895e-05 1.49012e-07 0.0 0.0 0.00353408 0.00204629 0.000929087 4.41074e-06 2.68221e-07 1.19209e-07 0.0170725 2.83122e-06 0.0 0.0 1.49012e-07 0.0 4.29153e-06 4.47035e-06 0.00120655 0.000236362 0.223743 0.0 6.4671e-06 0.0 0.0 0.0 0.0 8.04663e-07 2.08616e-07 0.981982 5.07236e-05 7.15256e-07 0.0 0.0187536 0.0 0.0 0.0 0.00628242 1.71065e-05 0.0 0.0040856 2.71201e-05 0.0 0.0 0.0 0.0 0.0 8.9407e-08
0.000395805 0.0 0.0 0.0 0.0 5.69224e-06 0.0 0.0 8.64267e-07 0.0 5.06639e-07 0.0 0.0 3.59118e-05 0.0 0.0 0.0 0.0 0.0 0.993799 0.0 0.0 0.0 0.0 0.0 0.0 0.0 0.0 0.0 0.0 0.0 0.0 0.0 0.0 0.0 0.0 0.0 9.17912e-06 5.06639e-07 0.0 0.0 0.0 0.0 0.0 0.0 0.0 0.0 0.0 0.0 0.0 0.0 0.0489123 2.81334e-05 0.0 0.0 0.0 0.0 0.0 0.0 0.0 8.32081e-05 0.0 0.0 0.0
0.0 0.7686 0.148122 2.5332e-06 0.0 1.32918e-05 0.00124186 0.0167037 0.0 0.00143552 1.44839e-05 0.0 5.48363e-06 0.0797319 0.648834 1.7494e-05 0.000306576 0.999993 0.0 0.0 0.000781834 1.71959e-05 0.000131994 0.000279665 0.156681 4.52995e-06 0.00270388 4.17233e-07 5.66244e-07 1.27852e-05 0.97925 0.0 0.00351328 0.0490034 0.00411078 0.00289971 0.00335583 0.0296121 0.369239 0.0 8.9407e-08 6.25849e-07 7.7486e-07 9.50694e-06 3.77297e-05 0.987713 0.324982 0.0 0.0 2.71201e-06 9.72748e-05 6.84261e-05 0.00653568 0.0195364 0.0110454 0.0 0.0004493 1.23382e-05 0.0 0.0 0.0 1.49012e-07 0.0 0.000183523
6.55651e-07 3.21269e-05 0.0 0.0 0.0 2.98023e-05 1.75536e-05 5.96046e-08 3.30806e-06 0.0 5.96046e-08 0.0 0.0 8.92878e-05 0.0024007 0.0 1.19209e-06 0.000159025 0.0 9.83477e-07 0.00897238 0.0 1.56164e-05 0.0 3.38256e-05 2.08616e-07 2.83122e-06 0.0 0.0 0.0 3.016e-05 0.0 0.0 0.325486 2.98023e-07 0.0 0.0157049 1.40965e-05 0.999417 0.0 0.0 0.0 0.0 0.0 1.10269e-06 0.856154 0.000104517 0.0 0.0 0.0 0.0 0.00213352 0.00137398 0.0309419 0.0 0.0 0.0 3.9041e-06 0.0 0.0 0.0 0.0 0.0 0.0264148
5.72205e-06 0.0 0.0 0.0 0.0 0.0 0.0 0.0 0.0 0.0 8.9407e-08 0.0 0.0 0.0 0.0 0.0 4.47035e-06 0.0 0.0 0.0 5.96046e-08 0.0 0.999999 0.0 0.0 2.98023e-08 0.0 0.0 0.0 0.0 0.0 0.0 0.0 0.0 0.0 0.0 0.0 0.0 0.0 0.0 0.0 0.0 0.0 5.96046e-08 0.0 5.96046e-08 0.0 0.0 0.0 0.0 0.0 0.0 0.0 0.0 0.0 0.0 0.0 0.0 0.0 0.0 0.0 3.27826e-07 0.0 0.0
0.0 1.78814e-07 0.0 5.96046e-07 0.0 5.96046e-08 0.00031358 0.00010398 0.0 0.0 5.06639e-07 0.0 2.08616e-07 0.0 6.4075e-06 2.98023e-08 0.0119902 6.25849e-07 0.0 0.0 3.45707e-06 2.5034e-06 0.000890106 5.24521e-06 9.50694e-06 0.000106424 6.25849e-07 2.08616e-07 1.50502e-05 0.0 6.25849e-07 0.0 0.0127817 0.0 0.00019154 0.992483 2.98023e-06 0.0 0.0 0.0 0.0 1.10269e-06 0.0 0.000186563 0.0 0.0044845 0.000111014 0.0 0.0 5.90384e-05 0.0 0.0 0.0 2.32458e-06 0.042769 0.0 0.000706524 0.0011591 0.0 0.0 0.0 2.98023e-08 0.0 0.0
0.0 0.0 0.0 0.00236279 1.05798e-05 0.0 9.38475e-05 7.56979e-06 0.0 0.0 0.0 0.0 5.96046e-07 0.0 2.08616e-07 0.0 0.00193435 0.0 0.0 0.0 0.0 4.61936e-06 0.00424427 1.76132e-05 0.0 0.000324219 2.41399e-06 9.53674e-07 0.0100302 0.0 0.0 1.19209e-07 0.407216 0.0 1.00732e-05 0.485138 7.7486e-07 0.0 0.0 0.0 0.0 1.51098e-05 0.0 0.984899 0.0 0.00125521 2.61664e-05 5.06639e-07 0.0 2.13087e-05 0.0 0.0 0.0 1.78814e-07 0.000257999 0.0 0.000283688 4.95911e-05 0.0 0.0 0.0 1.2517e-06 0.0 0.0
2.00868e-05 0.0 0.0 0.0 0.0 0.0181023 3.57628e-07 0.0 1.78814e-07 0.0 5.30481e-06 0.0 0.0 0.0 0.0 0.0 0.0 0.0 0.0 0.0 1.46925e-05 1.19209e-07 2.68221e-07 0.0 0.0 8.9407e-08 2.12193e-05 2.98023e-08 0.0 0.0 0.0 0.0 0.0 0.0 0.0 0.0 6.73532e-05 0.0 0.0 0.0 0.0 0.0 0.0 0.0 0.0 0.00315934 0.0 0.999801 0.0 0.00255257 0.0 0.0 0.0 0.0 0.0 7.90954e-05 0.0 0.0 0.0 0.0 0.0 0.0 0.0 0.0
0.0 8.68142e-05 0.0 0.0 0.0 0.0 0.0 9.23872e-07 0.0 3.27826e-07 0.0 0.0 0.0 0.000251412 0.0429332 0.0 4.76837e-07 0.00257272 0.0 4.47035e-07 2.68221e-07 0.0 0.000917912 0.0 4.47631e-05 0.0 0.0 0.0 0.0 0.0 2.02656e-06 0.0 0.0 5.33462e-06 0.0 0.0 1.78814e-07 0.000153244 0.000347942 0.0 0.0 0.0 0.0 0.0 6.55651e-07 0.00119233 1.13249e-06 0.0 0.0 0.0 0.0 0.0160732 6.91414e-06 1.12951e-05 0.0 0.0 0.0 0.0 0.0 0.0 0.0 0.0 0.0 1.07884e-05
0.0 0.0 0.0 0.0 0.0 0.0 0.0 0.0 0.0 0.0 0.0 0.0 0.0 0.0 0.0 0.0 0.0 0.0 0.0 0.0 0.0 0.0 0.0 0.0 0.0 0.0 0.0 0.0 8.9407e-08 0.0 0.0 0.0 2.68221e-07 0.0 0.0 0.0 0.0 0.0 0.0 1.0103e-05 0.0 0.0 0.0 0.0 0.0 0.0 0.0 0.0 0.986396 0.0 0.0 0.0 0.0 0.0 0.0 0.0 0.0 0.0 0.000706911 8.9407e-08 0.0 0.0 0.998465 0.0
0.0 4.05908e-05 1.78814e-07 2.08616e-07 4.76837e-07 0.0 0.0 0.0 5.06639e-07 0.0 0.0 4.49121e-05 2.98023e-08 0.0 2.3365e-05 0.875189 0.0 0.000119805 0.0 0.0 0.0 0.0 1.74046e-05 0.0 2.08616e-07 0.0 0.0 0.0 0.0 5.06639e-07 1.78814e-07 0.0 1.49012e-06 0.0 0.0 0.0 0.0 3.33786e-05 0.0 0.000693202 5.96046e-08 0.0 0.0 1.78814e-07 0.000101686 8.9407e-08 1.69873e-06 0.0 0.0 0.0 0.000964195 2.08616e-07 0.0 0.0 6.25849e-07 0.0 0.0 0.0 4.47035e-07 0.0 0.0 0.994172 0.0 0.0
0.0 6.25849e-07 0.0 0.0 0.0 5.06639e-07 2.98023e-07 0.0 7.7486e-07 0.0 0.0 0.0 0.0 5.14984e-05 0.000158846 0.0 2.98023e-08 1.27554e-05 0.0 8.9407e-08 0.000465661 0.0 1.43051e-06 0.0 4.17233e-07 8.9407e-08 1.19209e-07 0.0 0.0 0.0 2.3067e-05 0.0 0.0 0.994426 0.0 0.0 0.00238207 5.96046e-08 0.524969 0.0 0.0 0.0 0.0 0.0 1.19209e-07 0.0853089 6.98566e-05 0.0 0.0 0.0 0.0 5.06639e-07 2.55108e-05 0.00107989 0.0 0.0 0.0 1.78814e-07 0.0 0.0 0.0 0.0 0.0 0.0274473
0.0 0.000120312 2.39313e-05 0.0 0.0 0.0 0.0 0.0 0.0 0.0214364 0.0 9.23872e-07 1.72853e-06 0.00130785 3.99351e-06 7.98702e-06 0.0 0.000121891 0.0 0.0 1.19209e-07 0.0 0.0 2.47359e-06 3.57628e-06 0.0 0.0 0.0 0.0 0.0 5.17666e-05 0.0 3.27826e-07 3.57628e-07 2.36034e-05 0.0 2.38419e-07 0.0 0.000132769 0.0 0.0 0.0 0.0 0.0 0.999994 1.10269e-06 0.935499 0.0 0.0 0.0 0.0 4.08292e-06 0.0 4.05312e-06 2.98023e-08 0.0 6.70552e-06 3.06964e-06 0.0 8.9407e-08 0.0 0.0 0.0 2.98023e-07
0.0 0.0 0.0 0.000199646 0.0 0.0 0.0 0.0 0.0 0.0 0.0 0.0 0.0 0.0 0.0 0.0 0.0 0.0 0.0 0.0 0.0 0.0 0.0 0.0 0.0 0.0 0.0 0.0 3.8743e-07 0.0 0.0 0.0 4.99785e-05 0.0 0.0 0.0 0.0 0.0 0.0 0.0 0.0 9.83477e-07 0.0 5.69224e-06 0.0 0.0 0.0 0.0 4.91142e-05 0.0 0.0 0.0 0.0 0.0 0.0 0.0 0.0 0.0 0.999831 2.98023e-08 0.0 0.0 0.0149734 0.0
0.0 0.979541 8.52048e-05 2.98023e-08 0.0 0.0 4.47035e-07 0.0028497 0.0 2.68221e-07 0.0 0.0 2.08616e-07 4.99785e-05 0.985667 4.74155e-05 6.4671e-06 0.0874073 0.0 0.0 1.2219e-06 0.0 1.12951e-05 1.89543e-05 0.989496 0.0 1.49012e-07 0.0 0.0 0.0 0.895031 0.0 2.5332e-06 7.21216e-06 0.000521451 1.60933e-06 3.18885e-06 7.7486e-07 0.000219256 0.0 0.0 0.0 0.0 3.8743e-07 9.36091e-05 0.0316782 0.179543 0.0 0.0 0.0 0.0 5.96046e-08 0.0 0.0128399 0.0171439 0.0 3.5733e-05 2.08616e-07 0.0 0.0 0.0 0.0 0.0 5.48363e-06
0.0 1.19209e-07 0.0 0.993936 5.96046e-08 0.0 0.0 0.0 0.0 0.0 0.0 0.0 7.82609e-05 0.0 0.0 8.9407e-08 8.04663e-07 0.0 0.0 0.0 0.0 0.0 0.000177413 2.51234e-05 0.0 0.0 0.0 0.0 0.000294745 0.0 0.0 0.0 0.15235 0.0 8.9407e-08 2.563e-06 0.0 0.0 0.0 0.0 0.0 8.10027e-05 0.0 0.0465393 0.0 0.0 0.0 0.0 0.0 0.0 0.0 0.0 0.0 0.0 0.000331819 0.0 0.0 0.0 0.0 0.0 0.0 9.20892e-06 0.0 0.0
0.0 0.000207126 1.21593e-05 0.0 0.0 0.0 1.40965e-05 0.998945 0.0 0.0 0.0 0.0 5.96046e-08 5.96046e-08 0.00973564 0.0 5.96046e-08 0.0020839 0.0 0.0 1.69873e-06 4.47035e-07 0.000434846 0.000182539 0.00120828 0.0 0.00102618 0.0 2.98023e-08 0.0 0.000289917 0.0 5.93066e-06 5.96046e-08 0.00191295 3.25739e-05 4.17233e-07 0.0 1.78814e-07 0.0 0.0 2.98023e-08 0.0 1.78814e-06 2.38419e-07 0.798655 4.86076e-05 0.0 0.0 1.49012e-07 0.0 0.0 0.0 2.86698e-05 0.00011912 0.0 0.000112981 0.0 0.0 0.0 0.0 0.0 0.0 8.9407e-08
0.0 0.000146091 3.48687e-06 7.51019e-05 3.9041e-06 1.49012e-07 0.0290646 0.0327601 1.19209e-07 0.0 1.66893e-06 0.0 0.00550473 0.0 0.00334483 0.000135452 0.000153095 0.000597447 0.0 0.0 0.000154793 0.0125496 0.0581868 0.428549 0.00110263 5.48363e-06 0.000565439 5.43296e-05 0.00434318 0.0 0.000180155 0.0 0.138997 8.9407e-08 0.00847912 0.00726306 0.0022527 1.19209e-07 5.96046e-08 0.000347704 0.0 0.0363816 0.0 0.0678232 0.0202713 0.147162 0.0102761 3.88026e-05 0.0 0.0112752 0.0 0.0 0.0 0.00017041 0.738389 0.0 0.152459 0.000142097 0.0 0.0 0.0 0.00267267 0.0 0.0
0.131818 0.0 0.0 0.0 0.0 0.00645083 0.0 0.0 1.19209e-07 0.0 0.999973 0.0 0.0 0.0 0.0 0.0 0.0 0.0 0.0 0.0 2.38419e-07 0.0 3.06964e-06 0.0 0.0 0.0 1.69873e-06 0.0 0.0 0.0 0.0 0.0 0.0 0.0 0.0 0.0 3.33786e-06 0.0 0.0 0.0 0.0 0.0 0.0 0.0 0.0 3.8743e-07 0.0 2.98023e-07 0.0 6.55651e-07 0.0 1.49012e-07 2.39313e-05 0.0 0.0 0.00204235 0.0 0.0 0.0 0.0 0.0 0.0 0.0 0.0
0.0 1.91629e-05 0.000357538 0.0 0.0 1.78814e-07 0.124661 0.00444254 0.0 0.0 4.94719e-06 0.0 1.07288e-06 0.0 0.000545919 0.0 1.3113e-06 0.000488102 0.0 0.0 8.01682e-06 0.0662569 1.68085e-05 0.000220984 2.92063e-06 0.0 0.999999 5.03659e-06 1.37091e-06 5.36442e-07 2.70009e-05 0.0 2.71201e-06 1.49608e-05 0.000141382 2.83122e-06 0.0526665 0.0 8.34465e-06 1.07288e-06 0.0 1.54972e-06 0.0 2.08616e-07 0.0 0.930079 3.01003e-06 1.63913e-06 0.0 0.00548494 0.0 0.0 6.01709e-05 0.00029248 3.21865e-06 0.0 9.24766e-05 1.19209e-07 0.0 0.0 0.0 0.0 0.0 8.9407e-08
0.0 2.24113e-05 2.6226e-06 0.0 0.0 0.000134528 0.977336 0.00388253 2.08616e-07 0.0 6.4671e-06 0.0 1.04308e-06 7.7486e-07 0.00647527 8.9407e-08 0.000108421 0.00111338 0.0 0.0 0.00658688 0.00218093 0.0010286 5.07534e-05 0.000471532 7.15256e-07 0.921578 2.09212e-05 5.96046e-08 0.0 8.03769e-05 0.0 2.6077e-05 0.000874579 0.0387152 0.000978559 0.826984 0.0 0.00135475 0.0 0.0 8.9407e-08 0.0 7.21216e-06 4.07696e-05 0.999944 0.00247508 5.30481e-06 0.0 0.0733927 0.0 2.98023e-08 1.36793e-05 0.225091 0.000158519 0.0 0.0239907 0.000110537 0.0 0.0 0.0 0.0 0.0 2.03848e-05
4.17233e-07 2.98023e-08 0.0 0.0 0.0 0.00015831 4.73857e-06 3.27826e-07 0.0 0.0 2.05636e-06 0.0 1.19209e-07 0.0 3.27826e-07 8.9407e-08 1.33514e-05 1.78814e-07 0.0 0.0 0.0402144 0.0 2.68221e-07 0.0 4.17233e-07 8.51452e-05 1.49012e-07 0.0 0.0 0.0 0.0 0.0 6.22869e-06 8.34465e-07 4.02033e-05 9.7543e-05 0.00166065 0.0 2.63751e-05 0.0 0.0 0.0 0.0 0.0 1.3113e-06 0.00164053 6.02603e-05 1.04308e-06 0.0 6.88434e-06 0.0 0.0 0.0 1.09375e-05 5.30779e-05 0.0 1.44839e-05 0.998865 0.0 0.0 0.0 0.0 0.0 8.40425e-06
0.0 2.5332e-06 4.55976e-06 0.0 0.0 0.0 0.0286107 0.000501841 0.0 0.0 0.0 0.0 0.000202388 0.0 4.04418e-05 1.49012e-07 1.10269e-06 4.17233e-07 0.0 0.0 8.40425e-06 6.67572e-06 5.87106e-06 0.0543338 3.94285e-05 0.0 2.21133e-05 0.0 3.8743e-07 0.0 4.75943e-05 0.0 1.49012e-06 5.96046e-08 0.426932 0.000540793 0.0023044 0.0 2.38419e-07 0.0 0.0 4.41074e-06 0.0 1.57952e-06 0.000609189 0.0901958 0.0878903 0.0 0.0 7.15256e-07 0.0 0.0 0.0 0.00353402 0.000400215 0.0 0.988647 3.12626e-05 0.0 0.0 0.0 0.0 0.0 0.0
0.0 5.48363e-06 5.87106e-05 0.0957232 5.84126e-06 0.0 1.19209e-07 2.38419e-07 0.0 0.0 0.0 0.00053218 0.0394834 0.0 2.68221e-07 0.866632 2.02656e-06 1.43349e-05 0.0 0.0 0.0 9.65595e-06 7.45058e-07 0.136395 1.19209e-07 0.0 4.41074e-06 0.0 0.669305 0.0128824 9.53674e-07 0.0 0.80457 0.0 4.22001e-05 0.000125319 0.0 0.0 0.0 0.225131 0.0 0.622136 0.0 0.000620186 7.7486e-07 3.57628e-07 1.99676e-06 0.0 1.60933e-06 1.19209e-07 8.9407e-08 0.0 0.0 0.0 0.0135845 0.0 1.11163e-05 3.27826e-07 6.25849e-07 2.68221e-07 0.0 0.966576 0.000138819 0.0
0.52357 0.0 0.0 0.0 0.0 0.00213957 0.000741512 0.0 0.000772327 0.0 0.0694165 0.0 0.0 2.98023e-08 2.68221e-07 0.0 4.73857e-06 0.0 0.0 1.07288e-06 0.0666532 2.08616e-07 6.97374e-06 0.0 2.98023e-08 2.98023e-08 0.00319079 2.98023e-08 0.0 0.0 0.0 0.0 8.9407e-08 6.79493e-06 2.08616e-07 0.0 0.999098 0.0 0.00530502 0.0 0.0 0.0 0.0 0.0 2.98023e-07 0.328872 9.65595e-06 6.3777e-06 0.0 0.00970471 0.0 0.000110894 0.00026992 0.000291526 2.98023e-08 9.53674e-07 1.10269e-06 0.000244886 0.0 0.0 0.0 0.0 0.0 2.95043e-05
2.68221e-07 0.0 0.0 0.0 0.0 0.00202319 0.0 0.0 2.38419e-06 0.0 0.0 0.0 0.0 9.83477e-07 0.0 0.0 0.0 2.98023e-08 0.0 1.99378e-05 2.32458e-06 0.0 0.0 0.0 0.0 0.0 5.96046e-08 0.0 0.0 0.0 0.0 0.0 0.0 5.51343e-06 0.0 0.0 0.000137597 0.0 0.00212067 0.0 0.0 0.0 0.0 0.0 1.78814e-07 0.000116616 1.01328e-06 0.0 0.0 0.0 0.0 0.000243753 1.63913e-05 2.38419e-07 0.0 0.0 0.0 0.0 0.0 0.0 0.0 0.0 0.0 0.000423729
0.0 0.0 4.47035e-07 0.00381359 4.61936e-06 0.0 0.0 0.0 0.0 0.0 0.0 0.0 0.00504112 0.0 0.0 1.78814e-07 0.0 0.0 0.0 0.0 0.0 0.000184268 0.0 0.0344596 0.0 0.0 7.7486e-07 5.1856e-06 0.992393 1.01328e-06 0.0 0.0 0.983295 0.0 0.0 4.55976e-06 0.0 0.0 0.0 0.00592911 0.0 0.908943 0.0 0.00127974 1.19209e-07 0.0 1.19209e-07 0.0 2.98023e-08 0.0 0.0 0.0 0.0 0.0 2.15471e-05 0.0 5.96046e-08 0.0 3.09944e-06 7.388e-05 0.0 1.2219e-06 9.98378e-06 0.0
1.01328e-06 2.80142e-06 0.0 0.0 1.19209e-07 1.78814e-07 0.0 0.0 5.96046e-08 0.00318173 3.27826e-07 0.0 0.0 0.87126 1.22786e-05 0.0 0.0 0.741256 0.0 0.00257215 0.0 0.0 1.46925e-05 0.0 6.25849e-07 0.0 0.0 0.0 0.0 0.0 3.68059e-05 0.0 0.0 2.98023e-08 0.0 0.0 0.0 1.0 1.12355e-05 0.0 9.09567e-05 0.0 0.000668406 0.0 1.78814e-07 2.05636e-06 1.69873e-06 0.0 0.0 0.0 0.000750929 0.830999 0.000201553 0.0 0.0 0.0 0.0 0.0 0.0 0.0 5.66244e-07 1.19209e-07 0.0 0.0
0.000254035 0.0 0.0 0.0 0.0 5.72205e-06 0.0 0.0 2.06232e-05 0.0 2.11596e-05 0.0 0.0 0.00265965 0.0 0.0 0.0 5.96046e-08 0.0 0.0055975 0.0 0.0 3.42727e-06 0.0 0.0 0.0 0.0 0.0 0.0 0.0 0.0 0.0 0.0 0.0 0.0 0.0 0.0 0.0788667 2.17557e-06 0.0 0.0 0.0 0.0 0.0 0.0 2.47359e-06 0.0 0.0 0.0 0.0 0.0 0.999982 1.78814e-07 0.0 0.0 0.0 0.0 0.0 0.0 0.0 1.95205e-05 0.0 0.0 0.0
0.0 0.0 0.0 0.0 0.0 0.0 1.99676e-06 0.0 0.0 0.0 0.0 0.0 0.0 0.0 0.0 0.0 0.0 0.0 0.0 0.0 0.0 0.0732371 0.0 5.96046e-08 0.0 0.0 3.62396e-05 0.999921 4.47035e-07 0.0 0.0 0.0 8.9407e-08 0.0 0.0 0.0 0.0 0.0 0.0 3.19481e-05 0.0 1.78814e-07 0.0 0.0 0.0 5.03659e-06 0.0 0.0 0.0 1.2219e-06 0.0 0.0 0.0 0.0 0.0 0.0 1.19209e-07 0.0 0.0 1.01328e-06 0.0 0.0 0.0 0.0
0.0 0.000444829 2.98023e-08 0.0 0.0 2.08616e-07 0.0031282 1.84774e-05 1.78814e-07 0.0 1.19209e-07 0.0 0.0 1.19209e-06 0.3222 1.78814e-07 0.000139534 1.88053e-05 0.0 0.0 0.00141951 1.19209e-07 0.00015834 8.9407e-08 0.00489587 8.9407e-08 2.67923e-05 0.0 0.0 0.0 0.000438005 0.0 0.0 0.0130231 0.000900894 7.7486e-07 0.0866422 0.0 0.0789037 0.0 0.0 0.0 0.0 5.96046e-08 9.24468e-05 0.962447 0.0026238 0.0 0.0 1.19209e-07 0.0 8.04663e-07 6.85453e-07 0.991955 1.19209e-06 0.0 0.000243485 1.33216e-05 0.0 0.0 0.0 0.0 0.0 0.00118673
6.25849e-07 0.0 0.0 0.0 0.000450969 5.06639e-07 0.0 0.0 0.0 0.0 5.96046e-08 0.0 0.0 0.0 0.0 0.0 5.96046e-08 0.0 0.0 0.0 0.00016275 0.0 0.000480413 0.0 0.0 0.998956 0.0 0.0 0.0 0.0 0.0 2.98023e-08 2.44379e-06 0.0 0.0 1.04308e-06 1.78814e-07 0.0 0.0 0.0 0.0 0.0 0.0 6.56247e-05 0.0 0.000105977 5.96046e-08 3.78489e-05 0.0 1.60933e-06 0.0 0.0 0.0 0.0 0.0 0.0 0.0 1.43051e-06 0.0 0.0 0.0 5.96046e-08 0.0 0.0
0.0 0.0 0.0 1.20699e-05 0.999984 0.0 0.0 0.0 0.0 0.0 0.0 0.0 0.0 0.0 0.0 0.0 5.96046e-08 2.98023e-08 0.0 0.0 0.0 0.0 0.0006468 0.0 0.0 2.08616e-07 0.0 0.0 1.75834e-06 0.0 0.0 0.0 0.52882 0.0 0.0 0.0 0.0 0.0 0.0 0.00759256 0.0 0.0 0.0 0.0219184 0.0 1.19209e-07 0.0 1.49012e-07 0.0 2.98023e-08 0.0 0.0 0.0 0.0 1.78814e-07 0.0 0.0 0.0 0.0 0.0 0.0 0.661869 1.90735e-06 0.0
3.57628e-07 1.78814e-07 0.0 0.0 0.0 7.7486e-07 0.0 0.0 7.90358e-05 0.0 0.0 0.0 0.0 0.000371367 2.49147e-05 0.0 0.0 1.29342e-05 0.0 0.000446498 0.000428647 0.0 2.95043e-06 0.0 8.9407e-08 7.15256e-07 0.0 0.0 0.0 0.0 1.78814e-07 0.0 0.0 0.0639696 0.0 0.0 5.66244e-06 2.38419e-06 0.435655 0.0 0.0 0.0 0.0 0.0 8.9407e-08 0.000431895 2.41399e-06 0.0 0.0 0.0 0.0 0.00122014 0.00024572 5.30481e-06 0.0 0.0 0.0 5.96046e-08 0.0 0.0 0.0 0.0 0.0 0.0553876
0.0 0.0 0.0 0.0 0.0 0.0 0.0 0.0 0.0 0.0 0.0 0.0 0.0 0.0 0.0 0.0 0.0 0.0 0.0 5.66244e-07 0.0 0.0 0.0 0.0 0.0 0.0 0.0 0.0 0.0 0.0 0.0 0.0 0.0 0.0 0.0 0.0 0.0 0.0 0.0 0.0 0.0 0.0 0.0 0.0 0.0 0.0 0.0 0.0 0.0 0.0 0.0 1.19209e-07 4.17233e-07 0.0 0.0 0.0 0.0 0.0 0.0 0.0 0.999892 0.0 0.0 0.0
2.98023e-06 2.08616e-07 0.0 0.0 0.0 0.00889996 0.0 0.0 0.000107706 0.0 2.71201e-06 0.0 0.0 7.7486e-07 0.000114918 0.0 0.0 1.51992e-06 0.0 4.17233e-07 0.233237 0.0 1.99676e-06 0.0 1.10269e-06 8.9407e-08 0.0 0.0 0.0 0.0 0.0 0.0 0.0 0.0119506 0.0 0.0 0.0037789 0.0 0.336438 0.0 0.0 0.0 0.0 0.0 0.0 0.0632923 2.38419e-06 2.08616e-07 0.0 0.0 0.0 9.11951e-06 7.32541e-05 7.98702e-05 0.0 0.0 0.0 1.19209e-07 0.0 0.0 0.0 0.0 0.0 0.989093
0.0 0.0 0.0 0.0 0.0 0.0 0.0 0.0 0.0 0.000196695 0.0 0.0 0.0 0.000143975 0.0 0.0 0.0 2.38419e-07 0.0 0.0 0.0 0.0 0.0 0.0 0.0 0.0 0.0 0.0 0.0 0.0 0.0 0.0 0.0 0.0 0.0 0.0 0.0 8.9407e-08 0.0 0.0 0.0 0.0 0.999953 0.0 5.96046e-08 0.0 0.0 0.0 0.0 0.0 2.98023e-08 0.0 0.0 0.0 0.0 0.0 0.0 0.0 0.0 0.0 0.0 0.0 0.0 0.0
0.0 0.000224233 0.000559181 0.0 0.0 0.0 0.000453293 0.00554305 0.0 0.0 0.0 0.0 0.000173122 0.0 0.000248492 9.08971e-06 1.19209e-07 1.32024e-05 0.0 0.0 7.7486e-07 8.9407e-08 8.64267e-07 0.0478493 0.000700891 0.0 9.38773e-06 0.0 5.96046e-08 0.0 0.00618532 0.0 1.69873e-05 2.68221e-07 0.993618 3.63588e-05 0.000104368 0.0 5.06639e-07 0.0 0.0 5.00679e-06 0.0 1.60933e-06 0.00600743 0.185122 0.220501 0.0 0.0 8.9407e-08 0.0 0.0 0.0 0.00769833 0.000201762 0.0 0.208954 7.6592e-06 0.0 0.0 0.0 0.0 0.0 0.0
2.68221e-07 0.0 0.0 0.0 0.0 0.0 0.0 0.0 0.0 0.0 4.79817e-06 0.0 0.0 0.0 0.0 0.0 0.0 0.0 0.0 2.79546e-05 0.0 0.0 0.0 0.0 0.0 0.0 0.0 0.0 0.0 0.0 0.0 0.0 0.0 0.0 0.0 0.0 0.0 1.87755e-06 0.0 0.0 0.0 0.0 0.0 0.0 0.0 0.0 0.0 0.0 0.0 0.0 0.0 5.73099e-05 0.00513363 0.0 0.0 0.0 0.0 0.0 0.0 0.0 0.000184059 0.0 0.0 0.0
0.000119716 0.0 0.0 0.0 0.0 0.999873 0.0 0.0 1.78814e-07 0.0 0.292096 0.0 0.0 1.2815e-05 0.0 0.0 0.0 4.47035e-07 0.0 4.08292e-05 0.000139713 0.0 0.0 0.0 0.0 0.0 0.0 0.0 0.0 0.0 0.0 0.0 0.0 1.19209e-07 0.0 0.0 0.000208884 1.49012e-07 0.000203669 0.0 0.0 0.0 0.0 0.0 0.0 7.74562e-05 0.0 5.66244e-07 0.0 0.0 0.0 5.82337e-05 0.041281 0.0 0.0 8.07643e-06 0.0 0.0 0.0 0.0 1.21593e-05 0.0 0.0 5.28991e-05
0.0 0.0 0.0 0.0 0.0 0.0 0.0 0.0 0.0 0.0 0.0 0.0 0.0 0.0 0.0 0.0 0.0 0.0 0.0 0.0 0.0 0.0 0.0 0.0 0.0 0.0 0.0 4.17233e-07 0.0 0.0 0.0 0.988313 0.0 0.0 0.0 0.0 0.0 0.0 0.0 0.0 0.0 0.0 0.0 0.0 0.0 0.0 0.0 0.0 0.0 0.0 0.0 0.0 0.0 0.0 0.0 0.0 0.0 0.0 0.0 0.0 0.0 0.0 1.46031e-06 0.0
0.999997 0.0 0.0 0.0 5.96046e-08 0.883096 0.0 0.0 0.00386065 0.0 0.897828 0.0 0.0 0.0 0.0 0.0 5.36442e-07 0.0 0.0 9.25064e-05 0.00202292 0.0 0.0124961 0.0 0.0 1.06692e-05 0.0 0.0 0.0 0.0 0.0 0.0 0.0 0.0 0.0 0.0 2.0653e-05 1.19209e-07 9.53674e-07 0.0 0.0 0.0 0.0 0.0 0.0 1.23978e-05 0.0 0.00273991 0.0 7.12276e-06 0.0 3.15905e-05 1.78814e-07 0.0 0.0 0.000168979 0.0 4.17233e-07 0.0 0.0 2.98023e-08 2.77162e-06 0.0 5.06639e-07
0.0 0.0 0.0 5.96046e-08 0.0 0.0 0.0 0.0 0.0 0.0 0.0 0.0 0.0 0.0 0.0 0.0 0.0 0.0 3.15309e-05 0.0 0.0 0.0 0.0 0.0 0.0 0.0 0.0 0.0 2.08616e-07 0.0 0.0 2.98023e-08 1.84774e-06 0.0 0.0 0.0 0.0 0.0 0.0 0.000601262 0.0 5.96046e-08 0.0 0.0 0.0 0.0 0.0 0.0 0.999959 0.0 0.0 0.0 0.0 0.0 0.0 0.0 0.0 0.0 0.0141092 6.19888e-06 0.0 5.36442e-07 1.0 0.0
0.00107533 0.0 0.0 0.0 5.96046e-08 0.0109282 0.0 0.0 0.0 0.0 0.000581354 0.0 0.0 0.0 0.0 0.0 0.0 0.0 0.0 0.0 1.27852e-05 0.0 3.8743e-07 0.0 0.0 1.16229e-06 0.0 0.0 0.0 0.0 0.0 0.0 0.0 0.0 0.0 0.0 0.0 0.0 0.0 0.0 0.0 0.0 0.0 0.0 0.0 2.98023e-08 0.0 5.45382e-06 0.0 0.0 0.0 2.05636e-06 0.0 0.0 0.0 0.0 0.0 1.19209e-07 0.0 0.0 0.0 0.0 0.0 0.0
0.0 0.0001387 0.000809014 0.000101388 0.0 0.0 1.2517e-06 3.27826e-06 0.0 0.0 0.0 0.0 0.995546 0.0 1.055e-05 1.46627e-05 0.0 1.37091e-06 0.0 0.0 0.0 2.08616e-07 0.0 0.950387 3.69549e-06 0.0 6.85453e-07 0.0 0.000850499 0.0 7.54297e-05 0.0 0.0330614 0.0 0.0033007 5.06639e-07 0.0 0.0 0.0 0.0 0.0 0.458899 0.0 8.9407e-07 5.69224e-06 2.38419e-06 0.000269681 0.0 0.0 0.0 0.0 0.0 0.0 0.0 0.0319033 0.0 0.00225037 1.78814e-07 0.0 3.27826e-07 0.0 0.0 0.0 0.0
54 41 1 49 23 14 20 30 63 56 55 53 22 50 19 33 12 34 42 60 38 25 6 24 16 3 39 0 26 43 15 35 2 18 45 13 47 36 11 7 21 59 28 9 51 32 29 46 17 31 48 40 4 58 61 37 52 44 27 57 8 5 62 10
