8
0.993951 0.00693989 0.30252 0.500648 2.07126e-05 0.0 0.00131148 0.0 0.0 0.0 0.0 0.0 0.0 0.0 0.0 0.993136 1.87755e-06 0.000237286 0.0 0.0 0.241945 0.0 0.0 0.798687 0.0 0.0 0.0 0.219883 0.945262 0.0 0.0 0.0 0.0573013 0.0 0.957684 0.0 0.0 0.0 1.39773e-05 0.000203937 0.0454037 0.10062 0.0 0.869446 0.0 0.335928 0.547382 0.000158697 4.67896e-06 0.0 0.0 0.0 0.0 0.366037 0.0 0.0 0.999377 0.99095 0.00259992 0.0 0.0 0.762958 0.00501674 0.0
0.956644 0.000826687 1.59144e-05 0.98516 0.000212282 0.0 0.935254 1.2219e-05 0.0 0.0 0.0 0.0 0.0 0.000104487 0.0 0.925599 1.69277e-05 0.762774 0.0 0.0 0.999394 0.0 0.0 0.98111 0.0 0.0 0.0 0.0861701 0.492668 0.0 0.00327504 0.0 0.991949 0.0 0.907288 0.0 0.0 0.0 0.195174 0.729131 5.96046e-08 1.4931e-05 0.0 0.000660121 1.19209e-07 0.991749 0.934946 0.70689 0.000812829 0.0 0.0 0.0 0.0 0.04563 0.0 0.0 0.206968 0.0724366 0.716912 0.0 0.0 0.915717 0.759663 0.0
0.632605 0.0113622 0.353688 0.00982445 1.19209e-07 0.0 8.37445e-06 0.0 0.0 0.0 0.0 0.0 0.0 0.0 0.0 0.872776 1.49012e-07 4.88758e-06 0.0 0.0 0.00371435 0.0 0.0 0.0204912 0.0 0.0 0.0 0.00714269 0.14505 0.0 0.0 0.0 0.000587702 0.0 0.119889 0.0 0.0 0.0 1.49012e-07 9.53674e-07 0.000102073 0.00238165 0.0 0.991266 0.0 0.00102735 0.0381475 8.34465e-07 2.98023e-08 0.0 0.0 0.0 0.0 0.00330663 0.0 0.0 0.891529 0.309658 5.26905e-05 0.0 0.0 0.195759 4.04716e-05 0.0
3.00109e-05 0.0 0.0 1.19209e-07 0.0 0.0 1.37091e-06 0.000105321 0.0 0.000101775 0.0 0.0 2.44081e-05 0.790747 0.0 0.0 5.72801e-05 0.000400305 0.0 0.0 1.04308e-06 0.0 0.0 2.68221e-07 0.0 0.0 0.0 0.0 0.0 0.0 0.0245213 0.0 8.9407e-08 0.0 1.78814e-07 0.0 0.0 0.0 0.00907171 5.75185e-06 0.0 0.0 0.0 0.0 0.882326 1.99676e-06 8.58307e-06 0.00213164 0.00100005 0.0 0.0864992 0.0 0.0323664 8.64267e-07 0.0 0.0 0.0 0.0 2.29478e-06 0.0 0.0 2.98023e-08 0.00981086 0.0
0.0 0.0 0.0 0.0 0.0 0.0 0.0 0.0 0.0 0.0 0.0 0.0 0.0 0.0 0.0 0.0 0.0 0.0 0.0 0.0 0.0 0.0 0.0 0.0 0.0 0.0 0.0 0.0 0.0 0.0 0.0 0.0 0.0 0.999958 0.0 0.0 0.0 0.0 0.0 0.0 0.0 0.0 0.0 0.0 0.0 0.0 0.0 0.0 0.0 0.0 0.0 0.0 0.0 0.0 0.0 0.0 0.0 0.0 0.0 0.0 0.0 0.0 0.0 0.0
3.57628e-07 0.0 0.0 0.0 0.0 0.0 5.96046e-08 0.0612309 0.0 4.67896e-06 0.0 0.0 4.05312e-06 0.0608334 0.0 0.0 1.37091e-06 1.20103e-05 0.0 0.0 0.0 0.0 0.0 0.0 0.0 0.0 0.0 0.0 0.0 0.0 0.0175419 0.0 0.0 0.0 0.0 0.0 0.0 0.0 0.000296533 1.81794e-06 0.0 0.0 0.0 0.0 0.00564271 7.62939e-06 8.9407e-08 0.00013271 3.79682e-05 0.0 0.989428 0.0 0.00105348 0.0 0.0 0.0 0.0 0.0 1.49012e-07 0.0 0.0 0.0 0.00088197 0.0
0.00213346 0.00114465 0.997155 2.08616e-06 8.9407e-08 0.0 0.0 0.0 0.0 0.0 0.0 0.0 0.0 0.0 0.0 0.0121624 0.0 0.0 0.0 0.0 1.24872e-05 0.0 0.0 5.03659e-06 0.0 0.0 0.0 3.45707e-05 0.027597 0.0 0.0 0.0 1.2219e-06 0.0 0.00103864 0.0 0.0 0.0 0.0 0.0 0.0123878 0.0782973 0.0 0.0161328 0.0 3.09944e-06 1.01328e-06 0.0 0.0 0.0 0.0 0.0 0.0 8.31485e-06 0.0 0.0 0.00540456 0.134579 8.9407e-08 0.0 0.0 0.00543246 0.0 0.0
0.00266409 8.9407e-08 0.0 6.16908e-06 2.38419e-07 0.0 0.000291139 0.00035888 0.0 8.0049e-05 0.0 0.0 0.000156611 0.262154 0.0 8.64267e-06 0.000393897 0.000357568 0.0 0.0 2.0653e-05 0.0 0.0 9.86457e-06 0.0 0.0 0.0 7.15256e-07 8.9407e-08 0.0 0.00807393 0.0 3.76403e-05 0.0 5.96046e-08 0.0 0.0 0.0 0.0172603 4.88758e-06 0.0 0.0 0.0 0.0 0.996448 9.5278e-05 0.000248373 0.00324523 0.42745 0.0 0.000163674 0.0 0.0102548 2.80142e-06 0.0 0.0 5.36442e-07 0.0 2.08616e-07 0.0 0.0 5.96046e-08 0.398971 0.0
0.00312036 5.06639e-07 0.0 0.000114024 8.9407e-07 0.0 0.00572062 2.47359e-06 0.0 0.00117368 0.0 0.0 0.00018099 0.0209398 0.0 0.000191599 0.0289088 0.0441657 0.0 0.0 0.000465304 0.0 0.0 0.000156194 0.0 0.0 0.0 6.55651e-07 2.17557e-06 0.0 0.0341269 0.0 0.000967115 0.0 4.79817e-06 0.0 0.0 0.0 0.0948658 0.000171334 0.0 0.0 0.0 1.49012e-07 0.00349796 0.000927001 0.00459197 0.028572 0.998145 0.0 3.8743e-07 0.0 0.000391334 0.000135779 0.0 0.0 1.32918e-05 6.55651e-07 1.2964e-05 0.0 0.0 1.3411e-06 0.923476 0.0
0.000404567 0.0 0.0 4.98295e-05 0.0 0.0 1.81794e-06 0.0 0.0 0.0 0.0 0.0 0.0 0.0 0.0 2.73287e-05 2.68221e-07 3.12924e-06 0.0 0.0 7.12276e-06 0.0 0.0 5.03659e-05 0.0 0.0 0.0 9.23872e-07 3.54648e-06 0.999968 0.0 0.0 1.51694e-05 0.0 9.47714e-06 0.0 0.0 0.0 3.27826e-07 2.68221e-07 0.0 2.98023e-08 0.0 8.64267e-07 0.0 4.32134e-06 0.000177175 5.66244e-07 5.96046e-08 0.0 0.0 0.0 0.0 1.72853e-06 0.0 0.0 4.40478e-05 2.08616e-07 5.96046e-07 0.999997 0.0 1.7643e-05 2.01762e-05 0.0
0.0 0.0 0.0 0.0 0.0 0.0 0.0 0.0 0.000804693 0.0 0.0 0.0 0.0 0.0 0.999939 0.0 0.0 0.0 0.0 0.0 0.0 0.0 0.0 0.0 0.0 0.0 0.0 0.0 0.0 0.0 0.0 0.0 0.0 0.0 0.0 0.0 0.0 0.0 0.0 0.0 0.0 0.0 0.0 0.0 0.0 0.0 0.0 0.0 0.0 0.0 0.0 0.0 0.0 0.0 0.0 0.0 0.0 0.0 0.0 0.0 0.0 0.0 0.0 0.0
0.0 0.0 0.0 0.0 0.0 0.0 0.0 0.0 0.0 0.0 0.998831 0.0 0.0 0.0 0.0 0.0 0.0 0.0 0.0 0.0 0.0 0.0 0.0 0.0 0.0 0.0 0.0 0.0 0.0 0.0 0.0 0.0 0.0 0.0 0.0 0.0 0.0 0.0 0.0 0.0 0.0 0.0 0.0 0.0 0.0 0.0 0.0 0.0 0.0 0.0 0.0 0.0 0.0 0.0 0.0 0.0 0.0 0.0 0.0 0.0 0.0 0.0 0.0 0.0
0.104715 2.86698e-05 1.78814e-07 0.243951 1.19209e-06 0.0 0.105415 2.38419e-05 0.0 0.0 0.0 0.0 0.0 0.000171691 0.0 0.896749 3.15905e-06 0.753198 0.0 0.0 0.511563 0.0 0.0 0.150048 0.0 0.0 0.0 0.000274777 7.08103e-05 0.0 0.0113762 0.0 0.20172 0.0 0.946346 0.0 0.0 0.0 0.051394 0.913928 0.0 0.0 0.0 0.000580102 0.0 0.923807 0.883435 0.381578 0.000178218 0.0 0.0 0.0 0.0 0.00549167 0.0 0.0 0.0184839 0.000940204 0.965523 0.0 0.0 0.152131 0.404538 0.0
0.997901 0.00132158 4.27067e-05 0.973598 3.09348e-05 0.0 0.184901 0.000102699 0.0 4.17233e-07 0.0 0.0 0.0 0.000317693 0.0 0.993676 0.000533342 0.491701 0.0 0.0 0.866317 0.0 0.0 0.973972 0.0 0.0 0.0 0.720359 0.174837 0.0 0.000220954 0.0 0.969075 0.0 0.85187 0.0 0.0 0.0 0.178082 0.0198521 5.66244e-07 7.80821e-06 0.0 0.0451699 1.19209e-07 0.606582 0.986767 0.176051 0.00119528 0.0 0.0 0.0 2.68221e-07 0.524707 0.0 0.0 0.924351 0.366429 0.0311509 0.0 0.0 0.985004 0.818902 0.0
0.879498 0.000950664 9.23872e-07 0.825435 0.000748873 0.0 0.997468 5.72205e-06 0.0 1.19209e-07 0.0 0.0 0.0 0.000287592 0.0 0.781171 2.7746e-05 0.805234 0.0 0.0 0.979781 0.0 0.0 0.667333 0.0 0.0 0.0 0.00923836 0.0385414 0.0 0.0101492 0.0 0.977055 0.0 0.525925 0.0 0.0 0.0 0.335289 0.832262 0.0 1.2517e-06 0.0 0.000120431 5.06639e-07 0.947413 0.561863 0.543889 0.0290281 0.0 0.0 0.0 0.0 0.00374761 0.0 0.0 0.0407913 0.0141109 0.432057 0.0 0.0 0.196005 0.964448 0.0
0.0 0.964313 5.96046e-08 0.0 0.989347 0.0 3.27826e-07 0.0 0.0 0.0 0.0 0.0 0.0 0.0 0.0 3.46899e-05 0.0 0.0 0.0 0.0 5.63264e-06 0.0 0.0 0.0 0.0 0.0 0.0 0.0 2.98023e-08 0.0 0.0 0.0 5.1558e-06 0.0 0.0 0.0 0.0 0.0 0.0 1.19209e-07 0.0 0.0 0.0 6.25849e-07 0.0 6.25849e-07 1.78814e-07 1.49012e-07 1.49012e-07 0.0 0.0 0.0 0.0 0.0 0.0 0.0 8.9407e-07 4.17233e-07 8.9407e-08 0.0 0.0 3.8743e-07 5.96046e-08 0.0
0.999716 0.000242829 3.69549e-05 0.997402 7.51019e-06 0.0 0.457205 7.91252e-05 0.0 1.49012e-07 0.0 0.0 0.0 0.000423193 0.0 0.980765 0.000167936 0.638278 0.0 0.0 0.929743 0.0 0.0 0.999391 0.0 0.0 0.0 0.965548 0.774569 0.0 0.000619322 0.0 0.964597 0.0 0.966848 0.0 0.0 0.0 0.317183 0.0551694 3.27826e-07 6.07967e-06 0.0 0.00753537 1.19209e-07 0.966566 0.916069 0.572738 0.00140807 0.0 0.0 0.0 8.9407e-08 0.718084 0.0 0.0 0.960492 0.468526 0.0867978 0.0 0.0 0.981146 0.947664 0.0
0.00353733 5.96046e-08 0.0 0.000401139 8.9407e-08 0.0 0.0207517 0.000709683 0.0 2.77162e-06 0.0 0.0 6.55651e-07 0.985265 0.0 0.000140816 0.000131011 0.412725 0.0 0.0 0.00362429 0.0 0.0 0.000388086 0.0 0.0 0.0 4.32134e-06 8.9407e-08 0.0 0.972987 0.0 0.0016813 0.0 0.000353843 0.0 0.0 0.0 0.88864 0.0557539 0.0 0.0 0.0 0.0 0.0217017 0.0724169 0.00102752 0.921737 0.237654 0.0 0.00301042 0.0 0.000192344 1.43647e-05 0.0 0.0 2.98023e-07 0.0 0.00198829 0.0 0.0 8.25524e-06 0.959593 0.0
0.0 0.0 0.0 0.0 0.0 0.0 0.0 0.0 0.0 0.0 0.0 0.0 0.0 0.0 0.0 0.0 0.0 0.0 0.0 0.0 0.0 0.0 0.0 0.0 0.0 0.0 0.0 0.0 0.0 0.0 0.0 0.0 0.0 0.0 0.0 0.0 0.0 0.0 0.0 0.0 0.0 0.0 0.0 0.0 0.0 0.0 0.0 0.0 0.0 0.0 0.0 0.0 0.0 0.0 0.0 0.99997 0.0 0.0 0.0 0.0 0.0 0.0 0.0 0.0
0.0 0.0 0.0 0.0 0.0 0.0 0.0 0.0 0.0 0.0 0.0 0.999944 0.0 0.0 0.0 0.0 0.0 0.0 0.0 0.0 0.0 0.0 0.0 0.0 0.0 0.0 0.0 0.0 0.0 0.0 0.0 0.0 0.0 0.0 0.0 0.0 0.0 0.0 0.0 0.0 0.0 0.0 0.0 0.0 0.0 0.0 0.0 0.0 0.0 0.0 0.0 0.0 0.0 0.0 0.0 0.0 0.0 0.0 0.0 0.0 0.0 0.0 0.0 0.0
0.150773 3.8743e-06 0.0 0.0739329 3.8147e-06 0.0 0.14231 0.012005 0.0 9.27746e-05 0.0 0.0 1.78814e-07 0.909895 0.0 0.132013 0.00966635 0.981943 0.0 0.0 0.0422905 0.0 0.0 0.11463 0.0 0.0 0.0 0.000241369 1.44839e-05 0.0 0.870106 0.0 0.117514 0.0 0.0860092 0.0 0.0 0.0 0.978977 0.201718 0.0 0.0 0.0 3.24845e-06 0.00155923 0.725469 0.743276 0.948182 0.883087 0.0 6.88434e-06 0.0 0.000182539 0.0326443 0.0 0.0 0.000631988 5.59986e-05 0.0450741 0.0 0.0 0.0014534 0.995799 0.0
0.0 0.0 0.0 0.0 0.0 0.0 0.0 0.0 0.0 0.0 0.0 0.0 0.0 0.0 0.0 0.0 0.0 0.0 0.0 0.0 0.0 1.54972e-06 0.0 0.0 0.0 0.0 0.0 0.0 0.0 0.0 0.0 0.0 0.0 0.0 0.0 0.0 0.0151266 0.0 0.0 0.0 0.0 0.0 0.0 0.0 0.0 0.0 0.0 0.0 0.0 0.0 0.0 0.966492 0.0 0.0 0.0 0.0 0.0 0.0 0.0 0.0 0.0 0.0 0.0 0.0
3.8743e-06 1.72853e-06 0.00647235 5.96046e-08 0.0 0.0 0.0 0.0 0.0 0.0 0.0 0.0 0.0 0.0 0.0 5.52833e-05 0.0 0.0 0.0 0.0 7.45058e-07 0.0 0.0 2.98023e-08 0.0 0.0 0.0 1.19209e-07 0.000549704 0.0 0.0 0.0 2.98023e-08 0.0 2.73883e-05 0.0 0.0 0.0 0.0 0.0 0.867097 0.780324 0.0 1.66893e-06 0.0 1.78814e-07 0.0 0.0 0.0 0.0 0.0 0.0 0.0 2.98023e-08 0.0 0.0 9.57251e-05 0.00241894 0.0 0.0 0.0 0.000136435 0.0 0.0
0.00119647 2.98023e-08 0.0 0.0014638 9.53674e-07 0.0 0.142534 0.00133291 0.0 2.68221e-07 0.0 0.0 1.19209e-07 0.202353 0.0 0.000826806 1.36793e-05 0.668872 0.0 0.0 0.0160538 0.0 0.0 0.00160891 0.0 0.0 0.0 7.15256e-07 1.19209e-07 0.0 0.994126 0.0 0.00816065 0.0 0.00431836 0.0 0.0 0.0 0.779419 0.735119 0.0 0.0 0.0 0.0 0.00193629 0.8099 0.00906977 0.977397 0.707587 0.0 0.00172144 0.0 1.49012e-06 4.46439e-05 0.0 0.0 3.66569e-06 2.08616e-07 0.0506701 0.0 0.0 1.2815e-05 0.970601 0.0
0.0 0.0 0.0 0.0 0.0 0.999022 0.0 0.0 0.0 0.0 0.0 0.0 0.0 0.0 0.0 0.0 0.0 0.0 0.0 0.0 0.0 0.0 0.0 0.0 0.0 0.0 0.0 0.0 0.0 0.0 0.0 0.0 0.0 0.0 0.0 0.0 0.0 0.0 0.0 0.0 0.0 0.0 0.0 0.0 0.0 0.0 0.0 0.0 0.0 0.0 0.0 0.0 0.0 0.0 0.0 0.0 0.0 0.0 0.0 0.0 0.0 0.0 0.0 0.0
0.0 0.0 0.0 0.0 0.0 0.0 0.0 0.0 0.0 0.0 0.0 0.0 0.0 0.0 0.0 0.0 0.0 0.0 0.0 0.0 0.0 0.0 0.0 0.0 0.0 0.0 0.0 0.0 0.0 0.0 0.0 0.994358 0.0 0.0 0.0 0.0268457 0.0 0.00017488 0.0 0.0 0.0 0.0 0.0 0.0 0.0 0.0 0.0 0.0 0.0 1.90735e-06 0.0 0.0 0.0 0.0 0.0 0.0 0.0 0.0 0.0 0.0 0.0 0.0 0.0 0.0
0.0 0.0 0.0 0.0 0.0 0.0 0.0 0.0 0.0 0.0 0.0 0.0 0.0 0.0 0.0 0.0 0.0 0.0 0.0 0.0 0.0 0.0 0.0 0.0 0.0 0.0 0.0 0.0 0.0 0.0 0.0 0.0 0.0 0.0 0.0 0.0 1.3113e-06 0.0 0.0 0.0 0.0 0.0 0.0 0.0 0.0 0.0 0.0 0.0 0.0 0.0 0.0 0.0 0.0 0.0 0.0 0.0 0.0 0.0 0.0 0.0 0.998874 0.0 0.0 0.0
0.00510094 0.0 0.0 2.25008e-05 0.0 0.0 5.10812e-05 0.40855 0.0 0.0195665 0.0 0.0 0.00309148 0.995141 0.0 1.14143e-05 0.019228 0.0159243 0.0 0.0 1.90735e-06 0.0 0.0 2.99811e-05 0.0 0.0 0.0 2.02656e-06 0.0 0.0 0.00448281 0.0 1.43945e-05 0.0 1.06394e-05 0.0 0.0 0.0 0.194556 7.77841e-06 0.0 0.0 0.0 0.0 0.129553 9.02712e-05 0.000305206 0.00369319 0.0090225 0.0 0.0048601 0.0 0.950389 7.62343e-05 0.0 0.0 8.9407e-08 0.0 1.63913e-06 0.0 0.0 2.98023e-07 0.760998 0.0
0.0 0.0 0.0 0.0 0.0 0.0 0.0 0.0 0.0 0.0 1.49012e-07 0.0 0.0 0.0 0.0 0.0 0.0 0.0 0.0 0.0 0.0 0.990624 0.0 0.0 0.0 0.0 0.0 0.0 0.0 0.0 0.0 0.0 0.0 0.0 0.0 0.0 0.0 0.0 0.0 0.0 0.0 0.0 0.0 0.0 0.0 0.0 0.0 0.0 0.0 0.0 0.0 1.19209e-07 0.0 0.0 0.0 0.0 0.0 0.0 0.0 0.0 0.0 0.0 0.0 0.0
0.0 0.0 0.0 0.0 0.0 0.0 0.0 0.0 0.0 0.0 0.0 0.0 0.0 0.0 0.0 0.0 0.0 0.0 0.0 0.0 0.0 0.0 0.0 0.0 0.0 0.0 0.0 0.0 0.0 0.0 0.0 0.0 0.0 0.0 0.0 0.0 0.0 0.0 0.0 0.0 0.0 0.0 0.0 0.0 0.0 0.0 0.0 0.0 0.0 0.0 0.0 0.0 0.0 0.0 0.0 0.0 0.0 0.0 0.0 0.0 0.0 0.0 0.0 0.99972
0.988627 2.08616e-07 1.69873e-06 0.301727 0.0 0.0 0.00192416 0.000482917 0.0 2.6226e-05 0.0 0.0 0.0 0.0120544 0.0 0.0315294 0.0433962 0.0781943 0.0 0.0 0.00246951 0.0 0.0 0.52421 0.0 0.0 0.0 0.212534 0.204572 0.0 0.00022161 0.0 0.00295347 0.0 0.418192 0.0 0.0 0.0 0.115303 3.57628e-05 1.04308e-06 1.66893e-06 0.0 0.000270188 3.30806e-06 0.0413117 0.260475 0.041976 0.0187849 0.0 0.0 0.0 4.71771e-05 0.99995 0.0 0.0 0.391616 0.0862294 3.52263e-05 0.0 0.0 0.0165862 0.656235 0.0
0.998875 1.88649e-05 0.00105616 0.777749 1.78814e-07 0.0 0.00205338 2.98023e-07 0.0 0.0 0.0 0.0 0.0 3.27826e-07 0.0 0.755167 1.2517e-06 0.00463617 0.0 0.0 0.122364 0.0 0.0 0.901164 0.0 0.0 0.0 0.986635 0.743703 0.0 2.38419e-07 0.0 0.167085 0.0 0.908942 0.0 0.0 0.0 0.000566512 2.65837e-05 1.03712e-05 0.000343561 0.0 0.00356719 0.0 0.11982 0.0264927 0.000512302 9.23872e-07 0.0 0.0 0.0 0.0 0.0657103 0.0 0.0 0.459688 0.547095 0.000126332 0.0 0.0 0.975132 0.0255726 0.0
0.917247 1.10567e-05 1.78814e-07 0.893989 1.04308e-06 0.0 0.42364 0.00212806 0.0 7.7486e-07 0.0 0.0 0.0 0.0842277 0.0 0.692729 0.00131872 0.965129 0.0 0.0 0.826924 0.0 0.0 0.949615 0.0 0.0 0.0 0.0533377 0.00786039 0.0 0.375574 0.0 0.588761 0.0 0.965851 0.0 0.0 0.0 0.912424 0.826828 0.0 8.9407e-08 0.0 0.000159234 3.72529e-06 0.97438 0.951554 0.998186 0.0255364 0.0 0.0 0.0 6.25849e-07 0.617404 0.0 0.0 0.0866263 0.00607917 0.672658 0.0 0.0 0.709736 0.954555 0.0
0.000474244 0.0 0.0 3.57628e-07 0.0 0.0 8.9407e-08 0.000131309 0.0 0.998463 0.0 0.0 0.0142376 0.000455052 0.0 1.19209e-07 0.663907 3.37064e-05 0.0 0.0 1.19209e-07 0.0 0.0 6.85453e-07 0.0 0.0 0.0 2.38419e-07 1.78814e-07 0.0 7.15256e-07 0.0 0.0 0.0 1.78814e-07 0.0 0.0 0.0 0.000123501 0.0 0.0 0.0 0.0 0.0 3.78489e-06 2.98023e-08 2.40207e-05 5.45382e-06 8.13305e-05 0.0 2.68221e-07 0.0 0.01571 9.17912e-06 0.0 0.0 2.98023e-08 0.0 0.0 0.0 0.0 1.78814e-07 0.00175977 0.0
0.995477 0.000709951 2.65241e-06 0.997893 0.00100121 0.0 0.996283 0.000501782 0.0 8.9407e-08 0.0 0.0 0.0 0.00380084 0.0 0.991054 7.31945e-05 0.954298 0.0 0.0 0.998501 0.0 0.0 0.997499 0.0 0.0 0.0 0.339147 0.16394 0.0 0.0734557 0.0 0.99862 0.0 0.981383 0.0 0.0 0.0 0.881855 0.942002 8.9407e-08 1.04308e-06 0.0 0.000775933 3.51667e-06 0.999509 0.975136 0.948985 0.0176701 0.0 0.0 0.0 1.19209e-07 0.113782 0.0 0.0 0.523527 0.193877 0.897947 0.0 0.0 0.840751 0.993278 0.0
0.0 0.0 0.0 0.0 0.0 0.0 0.0 0.0 0.999948 0.0 0.0 0.0 0.0 0.0 4.5687e-05 0.0 0.0 0.0 0.0 0.0 0.0 0.0 5.96046e-08 0.0 0.0 0.0 0.0 0.0 0.0 0.0 0.0 0.0 0.0 0.0 0.0 0.0 0.0 0.0 0.0 0.0 0.0 0.0 0.0 0.0 0.0 0.0 0.0 0.0 0.0 0.0 0.0 0.0 0.0 0.0 0.0 0.0 0.0 0.0 0.0 0.0 0.0 0.0 0.0 0.0
0.0 0.0 0.0 0.0 0.0 0.0 0.0 0.0 0.0 0.0 0.0 0.0 0.0 0.0 0.0 0.0 0.0 0.0 0.0 0.0 0.0 0.0 0.0 0.0 0.0 4.17233e-06 0.0 0.0 0.0 0.0 0.0 0.0 0.0 0.0 0.0 0.0 0.0 0.0 0.0 0.0 0.0 0.0 1.19209e-07 0.0 0.0 0.0 0.0 0.0 0.0 0.0 0.0 0.0 0.0 0.0 0.0 0.0 0.0 0.0 0.0 0.0 0.0 0.0 0.0 0.0
0.0 0.0 0.0 0.0 0.0 0.0 0.0 0.0 0.0 0.0 0.0 0.0 0.0 0.0 0.0 0.0 0.0 0.0 0.0 0.0 0.0 0.0 0.0 0.0 0.0 0.0 0.0 0.0 0.0 0.0 0.0 0.0 0.0 0.0 0.0 0.0 0.0 0.0 0.0 0.0 0.0 0.0 1.19209e-07 0.0 0.0 0.0 0.0 0.0 0.0 0.0 0.0 0.0 0.0 0.0 0.980644 0.0 0.0 0.0 0.0 0.0 0.0 0.0 0.0 0.0
0.795866 1.19209e-07 0.0 0.00458565 8.9407e-08 0.0 0.00115293 0.999578 0.0 0.00675353 0.0 0.0 6.34789e-05 0.0201467 0.0 0.00246096 0.0636481 0.00929996 0.0 0.0 0.000459552 0.0 0.0 0.00747797 0.0 0.0 0.0 0.00169215 8.76188e-06 0.0 0.00561497 0.0 0.00226772 0.0 0.000756234 0.0 0.0 0.0 0.184868 9.7841e-05 0.0 0.0 0.0 4.76837e-07 0.00214678 0.0624036 0.00716776 0.0623543 0.00859916 0.0 0.000443012 0.0 0.0381522 0.00583825 0.0 0.0 0.000149369 2.66433e-05 7.45058e-06 0.0 0.0 8.88109e-05 0.407307 0.0
0.887456 6.63102e-05 1.16229e-06 0.78147 8.55327e-06 0.0 0.434524 2.60174e-05 0.0 0.0 0.0 0.0 0.0 0.00093776 0.0 0.748764 7.7188e-06 0.530001 0.0 0.0 0.906992 0.0 0.0 0.931085 0.0 0.0 0.0 0.0446607 0.0102557 0.0 0.00368935 0.0 0.877249 0.0 0.673123 0.0 0.0 0.0 0.451263 0.415109 0.0 8.9407e-08 0.0 0.000229567 0.0 0.939166 0.832837 0.666252 0.000652581 0.0 0.0 0.0 0.0 0.0428992 0.0 0.0 0.446126 0.0147553 0.156478 0.0 0.0 0.556411 0.595355 0.0
0.999247 0.000410229 6.69658e-05 0.998808 3.39746e-06 0.0 0.681513 0.000103444 0.0 6.55651e-07 0.0 0.0 0.0 0.00134149 0.0 0.989607 0.00117093 0.975792 0.0 0.0 0.989101 0.0 0.0 0.998837 0.0 0.0 0.0 0.959355 0.778919 0.0 0.00176999 0.0 0.937583 0.0 0.997929 0.0 0.0 0.0 0.599546 0.263198 6.85453e-07 3.80278e-05 0.0 0.0651742 5.96046e-08 0.964781 0.996842 0.71831 0.0030852 0.0 0.0 0.0 1.19209e-07 0.959038 0.0 0.0 0.904921 0.457584 0.331861 0.0 0.0 0.993761 0.967328 0.0
0.98449 0.00356179 0.0481306 0.602531 0.000137627 0.0 0.0041981 0.0 0.0 0.0 0.0 0.0 0.0 0.0 0.0 0.934855 1.19209e-07 0.000297427 0.0 0.0 0.387917 0.0 0.0 0.806872 0.0 0.0 0.0 0.47499 0.996187 0.0 0.0 0.0 0.291538 0.0 0.872085 0.0 0.0 0.0 3.99351e-06 4.77731e-05 0.000732273 0.0447839 0.0 0.0240961 0.0 0.443084 0.045773 6.24955e-05 1.01328e-06 0.0 0.0 0.0 0.0 0.0787544 0.0 0.0 0.960557 0.967465 0.000861257 0.0 0.0 0.958771 0.00335792 0.0
0.0 0.0 0.0 0.0 0.0 0.0 0.0 0.0 0.0 0.0 0.0 0.0 0.0 0.0 0.0 0.0 0.0 0.0 0.0 0.0 0.0 0.0 0.0 0.0 0.0 0.0 0.0 0.0 0.0 0.0 0.0 0.0 0.0 0.0 0.0 0.0 0.0 0.0 0.0 0.0 0.0 0.0 0.0 0.0 0.0 0.0 0.0 0.0 0.0 0.999864 0.0 0.0 0.0 0.0 0.0 0.0 0.0 0.0 0.0 0.0 0.0 0.0 0.0 0.0
0.139012 1.49012e-07 0.0 0.000355244 0.0 0.0 6.98864e-05 0.00021565 0.0 0.588055 0.0 0.0 0.000108629 0.000978082 0.0 0.000123084 0.989261 0.00151223 0.0 0.0 2.36928e-05 0.0 0.0 0.000575781 0.0 0.0 0.0 4.96507e-05 1.2517e-05 0.0 4.26173e-05 0.0 4.00245e-05 0.0 1.74642e-05 0.0 0.0 0.0 0.0140789 1.66893e-06 0.0 0.0 0.0 1.01328e-06 1.57952e-06 2.90275e-05 0.00975293 0.00133532 0.0064126 0.0 0.0 0.0 0.000303566 0.00478566 0.0 0.0 7.11083e-05 4.17233e-07 2.6226e-06 0.0 0.0 7.59959e-06 0.0808856 0.0
0.000117183 0.0 0.0 8.9407e-08 0.0 0.0 2.98023e-08 0.000705481 0.0 0.0480372 0.0 0.0 0.00839427 0.106228 0.0 1.49012e-07 0.000545293 1.32918e-05 0.0 0.0 0.0 0.0 0.0 1.78814e-07 0.0 0.0 0.0 1.19209e-07 0.0 0.0 1.49012e-07 0.0 0.0 0.0 0.0 0.0 0.0 0.0 4.44651e-05 0.0 0.0 0.0 0.0 0.0 0.0208987 0.0 3.09944e-06 2.68221e-07 0.000268757 0.0 1.69277e-05 0.0 0.993255 2.47359e-06 0.0 0.0 0.0 0.0 0.0 0.0 0.0 0.0 0.00623366 0.0
0.0244876 0.000529855 0.111633 4.92632e-05 3.45707e-06 0.0 2.08616e-07 0.0 0.0 0.0 0.0 0.0 0.0 0.0 0.0 0.02123 0.0 0.0 0.0 0.0 0.000522554 0.0 0.0 7.58469e-05 0.0 0.0 0.0 3.45111e-05 0.741699 0.0 0.0 0.0 2.92361e-05 0.0 0.00661999 0.0 0.0 0.0 0.0 0.0 0.111988 0.966794 0.0 0.00160971 0.0 0.000204355 2.08318e-05 0.0 0.0 0.0 0.0 0.0 0.0 0.000157803 0.0 0.0 0.0910993 0.522784 4.17233e-07 0.0 0.0 0.0230663 2.98023e-08 0.0
0.960863 0.0352874 2.46465e-05 0.98362 0.00374413 0.0 0.948071 4.25279e-05 0.0 2.35438e-06 0.0 0.0 0.0 0.00689876 0.0 0.99802 0.00137216 0.971229 0.0 0.0 0.993117 0.0 0.0 0.96107 0.0 0.0 0.0 0.0197435 0.0400686 0.0 0.0120243 0.0 0.973569 0.0 0.990207 0.0 0.0 0.0 0.795325 0.957394 1.19209e-07 2.98023e-06 0.0 0.0171284 4.61936e-06 0.985247 0.998847 0.790707 0.0885517 0.0 0.0 0.0 1.84774e-06 0.27403 0.0 0.0 0.76056 0.185683 0.960747 0.0 0.0 0.580588 0.998153 0.0
0.738941 1.75834e-06 0.0 0.101336 5.96046e-08 0.0 0.396807 0.00626203 0.0 9.05991e-05 0.0 0.0 5.96046e-08 0.842631 0.0 0.00947964 0.0167649 0.989494 0.0 0.0 0.0927238 0.0 0.0 0.142426 0.0 0.0 0.0 0.00458691 1.74642e-05 0.0 0.82558 0.0 0.101606 0.0 0.0274555 0.0 0.0 0.0 0.998451 0.231795 0.0 0.0 0.0 8.34465e-07 0.00130036 0.283211 0.514821 0.982668 0.398331 0.0 5.27501e-06 0.0 8.86321e-05 0.0617492 0.0 0.0 0.000313431 6.94394e-06 0.0100141 0.0 0.0 0.00352457 0.993113 0.0
0.0 0.0 0.0 0.0 0.0 0.0 0.0 0.0 0.0 0.0 0.0 0.0 0.0 0.0 0.0 0.0 0.0 0.0 0.999985 0.0 0.0 0.0 0.0 0.0 0.0 0.0 0.0 0.0 0.0 0.0 0.0 0.0 0.0 0.0 0.0 0.0 0.0 0.0 0.0 0.0 0.0 0.0 0.0 0.0 0.0 0.0 0.0 0.0 0.0 0.0 0.0 0.0 0.0 0.0 0.0 0.0 0.0 0.0 0.0 0.0 0.0 0.0 0.0 0.0
0.930855 0.00269237 0.000796348 0.964454 0.000109792 0.0 0.097598 1.49012e-07 0.0 0.0 0.0 0.0 0.0 2.98023e-07 0.0 0.997379 3.8743e-07 0.0606505 0.0 0.0 0.96811 0.0 0.0 0.950281 0.0 0.0 0.0 0.219881 0.36165 0.0 5.36442e-07 0.0 0.894084 0.0 0.990503 0.0 0.0 0.0 0.000601679 0.0404539 5.99027e-06 0.00018239 0.0 0.056344 0.0 0.896226 0.855892 0.00655666 4.44055e-06 0.0 0.0 0.0 0.0 0.0441223 0.0 0.0 0.903167 0.760493 0.360919 0.0 0.0 0.982381 0.0891105 0.0
0.999834 0.000139952 8.55327e-06 0.99891 4.17233e-06 0.0 0.761203 0.000894308 0.0 4.02331e-06 0.0 0.0 0.0 0.00440383 0.0 0.98328 0.00590989 0.963198 0.0 0.0 0.917438 0.0 0.0 0.998728 0.0 0.0 0.0 0.977648 0.543005 0.0 0.00367928 0.0 0.964397 0.0 0.965675 0.0 0.0 0.0 0.794655 0.110013 1.19209e-07 2.83122e-06 0.0 0.0127263 1.69873e-06 0.820008 0.991205 0.650711 0.00963446 0.0 0.0 0.0 1.87755e-06 0.781966 0.0 0.0 0.766663 0.0733323 0.286188 0.0 0.0 0.975218 0.9957 0.0
0.0 0.0 0.0 0.0 0.0 0.0 0.0 0.0 0.0 0.0 0.0 0.0 0.0 0.0 0.0 0.0 0.0 0.0 0.0 0.0 0.0 0.0 0.0 0.0 0.0 0.973959 0.0 0.0 0.0 0.0 0.0 0.0 0.0 0.0 0.0 0.0 0.0 0.0 0.0 0.0 0.0 0.0 0.0 0.0 0.0 0.0 0.0 0.0 0.0 0.0 0.0 0.0 0.0 0.0 0.0 0.0 0.0 0.0 0.0 0.0 0.0 0.0 0.0 0.0
0.973523 0.00773987 0.0803824 0.861949 0.000244617 0.0 0.0144648 0.0 0.0 0.0 0.0 0.0 0.0 2.98023e-08 0.0 0.988929 1.78814e-07 0.00233641 0.0 0.0 0.868137 0.0 0.0 0.910905 0.0 0.0 0.0 0.363863 0.973424 0.0 8.9407e-08 0.0 0.654731 0.0 0.957257 0.0 0.0 0.0 4.3124e-05 0.00155309 0.00932589 0.012717 0.0 0.136854 0.0 0.710574 0.564586 0.000412881 1.3113e-06 0.0 0.0 0.0 0.0 0.217673 0.0 0.0 0.992044 0.955727 0.0135013 0.0 0.0 0.98055 0.0091615 0.0
0.143323 2.68221e-07 0.0 0.00564915 8.9407e-08 0.0 0.0282847 0.193205 0.0 0.00898737 0.0 0.0 0.0015651 0.999856 0.0 0.00280532 0.354381 0.786446 0.0 0.0 0.00165239 0.0 0.0 0.00911862 0.0 0.0 0.0 0.000194162 1.66893e-06 0.0 0.511493 0.0 0.00629455 0.0 0.00120619 0.0 0.0 0.0 0.977652 0.00304651 0.0 0.0 0.0 1.19209e-07 0.560882 0.00664091 0.113177 0.660604 0.790879 0.0 0.0239208 0.0 0.862446 0.0305128 0.0 0.0 2.50638e-05 9.23872e-07 0.00033471 0.0 0.0 0.000162512 0.992174 0.0
0.00630662 8.76188e-06 0.0 0.0440492 4.17233e-06 0.0 0.531541 3.27826e-06 0.0 0.0 0.0 0.0 0.0 0.000201702 0.0 0.0988039 3.8743e-07 0.827013 0.0 0.0 0.430255 0.0 0.0 0.0237649 0.0 0.0 0.0 1.31428e-05 9.29832e-06 0.0 0.129694 0.0 0.0857852 0.0 0.601602 0.0 0.0 0.0 0.175947 0.992389 0.0 0.0 0.0 1.2517e-06 2.98023e-08 0.913041 0.200121 0.897712 0.00155574 0.0 5.96046e-08 0.0 0.0 0.000142187 0.0 0.0 0.000425667 5.48363e-05 0.939436 0.0 0.0 0.00512677 0.712414 0.0
0.0 0.0 0.0 0.0 0.0 0.0 0.0 0.0 0.0 0.0 0.0 0.0 0.0 0.0 0.0 0.0 0.0 0.0 0.0 0.0 0.0 0.0 0.0 0.0 0.992982 0.0 0.0 0.0 0.0 0.0 0.0 0.0 0.0 0.0 0.0 0.0 0.0 0.0 0.0 0.0 0.0 0.0 0.00172737 0.0 0.0 0.0 0.0 0.0 0.0 0.0 0.0 0.0 0.0 0.0 0.0 0.0 0.0 0.0 0.0 0.0 0.0 0.0 0.0 0.0
0.0 0.0 0.0 0.0 0.0 0.0 0.0 0.0 0.0 0.0 0.0 0.0 0.0 0.0 0.0 0.0 0.0 0.0 0.0 0.0 0.0 0.0 0.0 0.0 0.0 0.0 0.999988 0.0 0.0 0.0 0.0 0.0 0.0 0.0 0.0 0.0 0.0 0.0 0.0 0.0 0.0 0.0 0.0 0.0 0.0 0.0 0.0 0.0 0.0 0.0 0.0 0.0 0.0 0.0 0.0 0.0 0.0 0.0 0.0 0.0 0.0 0.0 0.0 0.0
1.91629e-05 0.0 0.0 8.64267e-07 0.0 0.0 0.0 0.0 0.0 0.0 0.0 0.0 0.0 0.0 0.0 1.19209e-07 0.0 0.0 0.0 0.0 3.27826e-07 0.0 0.0 2.26498e-06 0.0 0.0 0.0 2.68221e-07 3.13818e-05 0.999986 0.0 0.0 5.96046e-08 0.0 2.23517e-06 0.0 0.0 0.0 0.0 0.0 0.0 8.04663e-07 0.0 0.0 0.0 2.38419e-07 1.78814e-07 0.0 0.0 0.0 0.0 0.0 0.0 2.98023e-08 0.0 0.0 2.08616e-07 8.9407e-08 0.0 0.973727 0.0 6.25849e-06 8.9407e-08 0.0
0.951359 0.00129068 0.0242846 0.103824 1.92225e-05 0.0 0.00018692 0.0 0.0 0.0 0.0 0.0 0.0 0.0 0.0 0.958108 0.0 9.08375e-05 0.0 0.0 0.0463193 0.0 0.0 0.183788 0.0 0.0 0.0 0.0468284 0.60764 0.0 0.0 0.0 0.0835079 0.0 0.334963 0.0 0.0 0.0 6.85453e-07 2.44379e-06 0.00832435 0.00852212 0.0 0.0202384 0.0 0.0145963 0.0118594 3.72529e-06 2.38419e-07 0.0 0.0 0.0 0.0 0.0025557 0.0 0.0 0.869046 0.967813 1.01626e-05 0.0 0.0 0.779662 0.000362366 0.0
0.0 0.0 0.0 0.0 0.0 0.0 0.0 0.0 5.96046e-08 0.0 0.0 0.0 0.0 0.0 0.0 0.0 0.0 0.0 0.0 0.0 0.0 0.0 0.999819 0.0 0.0 0.0 0.0 0.0 0.0 0.0 0.0 0.0 0.0 0.0 0.0 0.0 0.0 0.0 0.0 0.0 0.0 0.0 0.0 0.0 0.0 0.0 0.0 0.0 0.0 0.0 0.0 0.0 0.0 0.0 0.0 0.0 0.0 0.0 0.0 0.0 0.0 0.0 0.0 0.0
0.0 0.0 0.0 0.0 0.0 0.0 0.0 0.0 0.0 0.0 0.0 0.0 0.0 0.0 0.0 0.0 0.0 0.0 0.0 0.0 0.0 0.0 0.0 0.0 0.0 0.0 0.0 0.0 0.0 0.0 0.0 0.0 0.0 0.0 0.0 0.0 0.9952 0.0 0.0 0.0 0.0 0.0 0.0 0.0 0.0 0.0 0.0 0.0 0.0 0.0 0.0 0.00611466 0.0 0.0 0.0 0.0 0.0 0.0 0.0 0.0 3.75509e-06 0.0 0.0 0.0
0.993916 0.190783 0.000897557 0.992205 0.0316806 0.0 0.909167 2.17259e-05 0.0 1.2815e-06 0.0 0.0 0.0 0.00123075 0.0 0.999013 0.00143108 0.825067 0.0 0.0 0.99669 0.0 0.0 0.978639 0.0 0.0 0.0 0.245051 0.636925 0.0 0.0017001 0.0 0.997729 0.0 0.980535 0.0 0.0 0.0 0.338833 0.243728 8.58307e-06 0.000778139 0.0 0.0918286 3.8743e-07 0.98167 0.992097 0.272308 0.0260492 0.0 0.0 0.0 8.34465e-07 0.265282 0.0 0.0 0.937622 0.904529 0.373433 0.0 0.0 0.973866 0.977604 0.0
0.854289 0.000536293 1.37091e-06 0.85616 0.000290096 0.0 0.825424 0.000296742 0.0 0.0 0.0 0.0 0.0 0.0040462 0.0 0.929508 1.92821e-05 0.669034 0.0 0.0 0.981205 0.0 0.0 0.957544 0.0 0.0 0.0 0.0383155 0.0194839 0.0 0.0444629 0.0 0.986755 0.0 0.79317 0.0 0.0 0.0 0.588912 0.717211 0.0 2.68221e-07 0.0 0.000167727 4.76837e-07 0.996191 0.697811 0.980539 0.00638074 0.0 0.0 0.0 2.98023e-08 0.05219 0.0 0.0 0.123907 0.0492887 0.725431 0.0 0.0 0.799237 0.850984 0.0
0.0 0.0 0.0 0.0 0.0 0.0 0.0 0.0 0.0 0.0 0.0 0.0 0.0 0.0 0.0 0.0 0.0 0.0 0.0 0.0 0.0 0.0 0.0 0.0 0.0 0.0 0.0 0.0 0.0 0.0 0.0 0.000137508 0.0 0.0 0.0 0.0 0.0 0.998432 0.0 0.0 0.0 0.0 0.0 0.0 0.0 0.0 0.0 0.0 0.0 0.0 0.0 0.0 0.0 0.0 0.0 0.0 0.0 0.0 0.0 0.0 0.0 0.0 0.0 0.0
0.105361 0.000995457 0.981113 5.1707e-05 0.0 0.0 0.0 0.0 0.0 0.0 0.0 0.0 1.78814e-07 0.00254437 0.0 0.994206 0.00145969 0.0 0.0438047 0.0 0.0613877 0.0 0.0 0.943612 0.0 0.0 0.0 0.746093 0.991595 0.0 1.4931e-05 0.0 0.013028 0.0 0.960889 0.0 0.0 0.0 0.153887 0.0157322 0.241899 0.133364 0.0 2.26498e-06 0.145163 0.936212 0.768251 0.000337452 0.0 0.0 7.689e-06 0.0 0.959146 0.0 0.0 0.0 0.985544 0.0 1.13845e-05 0.0 0.0 0.260807 0.912304 0.0
0.00395918 0.00163904 0.940124 0.00114211 0.0 0.0 0.0 0.0 0.0 0.0 0.0 0.0 2.38419e-07 0.0648028 0.0 0.8297 0.102443 1.49012e-07 0.344737 0.0 0.3409 0.0 0.0 0.890032 0.0 0.0 0.0 0.0212248 0.994239 0.0 0.000619411 0.0 0.0264923 0.0 0.900716 0.0 0.0 0.0 0.354402 0.290809 0.222083 0.00669438 0.0 5.52535e-05 0.423903 0.78234 0.148361 0.0238853 8.63075e-05 0.0 0.000438839 0.0 0.776992 0.0 0.0 0.0 0.994756 0.0 0.00396252 0.0 0.0 0.296852 0.996233 0.0
0.0 0.0 0.0 0.0 0.0 0.0 0.0 0.0 0.0 0.0 0.0 0.0 0.0 0.0 0.0 0.0 0.0 0.0 0.0 0.0 0.0 0.0 0.0 0.0 0.999597 0.0 0.0 0.0 0.0 0.0 0.0 0.0 0.0 0.0 0.0 0.0 0.0 0.0 0.0 0.0 0.0 0.0 0.0 0.0 0.0 0.0 0.0 0.0 0.0 0.0 0.0 0.0 0.0 0.0 0.0 0.0 0.0 0.0 0.0 0.0 0.0 0.0 0.0 0.0
0.000205249 1.61827e-05 0.984739 0.000395119 0.0 0.0 0.0 0.0 0.0 0.0 0.0 0.0 1.49012e-07 0.000138462 0.0 0.831789 0.0010871 2.98023e-08 0.334686 0.0 0.0678027 0.0 0.0 0.992201 0.0 0.0 0.0 0.0540045 0.986647 0.0 0.000519842 0.0 0.156989 0.0 0.928641 0.0 0.0 0.0 0.413436 0.0862352 0.00150728 0.00210378 0.0 7.53999e-06 0.944414 0.721125 0.203446 0.00747713 8.9407e-08 0.0 5.91576e-05 0.0 0.539176 0.0 0.0 0.0 0.764325 0.0 0.00161114 0.0 0.0 0.783903 0.862825 0.0
0.000506073 2.68221e-06 0.136121 0.00286224 0.0 0.0 0.0 0.0 0.0 0.0 0.0 0.0 0.0 0.33072 0.0 0.514614 0.0167947 1.19209e-07 0.000465214 0.0 0.97961 0.0 0.0 0.517713 0.0 0.0 0.0 0.178242 0.976856 0.0 0.000350565 0.0 0.185129 0.0 0.705329 0.0 0.0 0.0 0.0535069 0.768491 0.000497282 0.00156194 0.0 5.57303e-06 0.0579166 0.964651 0.535293 0.0027028 0.0 0.0 0.00461227 0.0 0.135203 0.0 0.0 0.0 0.958359 0.0 0.00248978 0.0 0.0 0.00836518 0.746841 0.0
0.0 0.0 0.0 0.0 0.0 0.0 0.0 0.0 0.0 0.0 0.0 0.0 0.0 0.0 0.0 0.0 0.0 0.0 0.0 0.0 0.0 0.0 0.0 0.0 0.0 0.0 0.0 0.0 0.0 0.0 0.0 0.0 0.0 0.0 0.0 0.0 0.0 0.0 0.0 0.0 0.0 0.0 0.0 0.0 0.0 0.0 0.0 0.0 0.0 0.0 0.0 0.0 0.0 0.0 0.996693 0.0 0.0 0.0 0.0 0.0 0.0 0.0 0.0 0.0
0.0 0.0 0.0 0.0 0.0 0.0 0.0 0.0 0.0 0.0 0.0 0.0 0.0 0.0 0.0 0.0 0.0 0.0 0.0 0.0 0.0 0.0 0.0 0.0 0.0 0.0 0.0 0.0 0.0 0.0 0.0 0.0 0.0 0.0 0.0 0.0 0.0 0.0 0.0 0.0 0.0 0.0 0.0 0.0 0.0 0.0 0.0 0.0 0.0 0.0 0.0 0.0 0.0 0.0 0.0 0.999975 0.0 0.0 0.0 0.0 0.0 0.0 0.0 0.0
0.0 0.0 5.24521e-06 0.00187916 0.0 1.51992e-06 0.0 0.0 0.0 0.0 0.0 0.0 0.0 0.0 0.0 0.0 0.00015986 0.000217706 0.0 0.0 1.16229e-06 0.0 0.0 2.98023e-08 0.0 0.0 0.0 0.0 0.0 0.0 0.000537157 0.0 0.000225961 0.0 0.0 0.0 0.0 0.0 3.42727e-06 5.66244e-07 0.0 0.0 0.0 2.50041e-05 7.15256e-07 0.0 0.0 7.1466e-05 0.0 0.0 7.15256e-07 0.0 0.0 0.0 0.0 0.0 0.0 0.0 0.000177175 0.0 0.0 5.24521e-06 0.0 0.0
0.0 0.0 0.242973 0.958794 0.0 0.000607967 3.8743e-07 8.32677e-05 0.0 0.0 0.0 0.0 0.0 0.000268519 0.0 0.00048092 0.896833 0.155175 0.000132948 0.0 0.0844477 0.0 0.0 0.00776321 0.0 0.0 0.0 5.96046e-08 0.00231129 0.0 0.98418 0.0 0.921972 0.0 0.000137836 0.0 0.0 0.0 0.610204 0.166084 0.0 0.0 0.0 0.780859 0.0921377 0.000268251 1.57952e-06 0.941404 8.9407e-08 0.0 0.380448 0.0 0.00043115 0.0 0.0 0.0 0.000353932 0.0 0.995218 0.0 0.0 0.29358 0.00409302 0.0
0.0 0.0 0.799811 0.911228 0.0 7.51019e-05 1.78814e-07 6.88434e-06 0.0 0.0 0.0 0.0 0.0 0.00174084 0.0 0.0208768 0.771726 0.0478274 0.00127038 0.0 0.441119 0.0 0.0 0.0998358 0.0 0.0 0.0 4.82798e-06 0.148423 0.0 0.974676 0.0 0.961949 0.0 0.00671285 0.0 0.0 0.0 0.795105 0.383696 8.9407e-08 2.68221e-07 0.0 0.826011 0.362668 0.00582358 3.48687e-05 0.79623 4.76837e-07 0.0 0.06284 0.0 0.00315779 0.0 0.0 0.0 0.00138366 0.0 0.85015 0.0 0.0 0.749298 0.0779737 0.0
0.0 2.0504e-05 1.57952e-06 1.78814e-07 0.0 0.0 0.0 0.0 0.0 0.0 0.0 0.0 0.0 2.35438e-06 0.0 5.96046e-08 7.7486e-07 2.98023e-08 0.0136133 0.0 1.19209e-07 0.0 0.0 1.13249e-06 0.0 0.0 0.0 0.0 1.01328e-05 0.0 3.33786e-06 0.0 2.08616e-07 0.0 5.96046e-07 0.0 0.0 0.0 7.45058e-07 2.68221e-07 5.126e-06 0.0 0.0 2.38419e-07 2.52128e-05 5.66244e-07 2.98023e-08 1.16229e-06 0.999955 0.0 1.78814e-07 0.0 0.0 0.0 0.0 0.0 0.0 0.0 1.16825e-05 0.0 0.0 3.66569e-06 0.000118285 0.0
0.0 0.0 0.0 0.0 0.0 0.0 0.0 0.0 0.999354 0.0 0.0 0.0 0.0 0.0 1.19209e-07 0.0 0.0 0.0 0.0 0.0 0.0 0.0 0.0 0.0 0.0 0.0 0.0 0.0 0.0 0.0 0.0 0.0 0.0 0.0 0.0 0.0 0.0 0.0 0.0 0.0 0.0 0.0 0.0 0.0 0.0 0.0 0.0 0.0 0.0 0.0 0.0 0.0 0.0 0.0 0.0 0.0 0.0 0.0 0.0 0.0 0.0 0.0 0.0 0.0
0.0176059 0.0251267 0.465774 0.000371575 0.0 0.0 0.0 0.0 0.0 0.0 0.0 0.0 0.0 0.751893 0.0 0.962867 0.00151142 1.19209e-07 0.0166596 0.0 0.928209 0.0 0.0 0.93868 0.0 0.0 0.0 0.980735 0.99947 0.0 0.000261098 0.0 0.0173942 0.0 0.971235 0.0 0.0 0.0 0.346138 0.928952 0.00728995 0.00190896 0.0 4.52995e-06 0.503643 0.999764 0.972537 0.00530946 1.19209e-07 0.0 0.00139281 0.0 0.169213 0.0 0.0 0.0 0.961035 0.0 0.000829011 0.0 0.0 0.099118 0.996104 0.0
2.14577e-06 7.45058e-07 0.970366 0.0253796 0.0 0.0 0.0 3.8743e-07 0.0 0.0 0.0 0.0 2.52128e-05 0.000674039 0.0 0.258076 0.0618039 0.000249445 0.420605 0.0 0.122744 0.0 0.0 0.968369 0.0 0.0 0.0 0.00116026 0.764923 0.0 0.0769751 0.0 0.867636 0.0 0.180022 0.0 0.0 0.0 0.838721 0.156681 1.71959e-05 5.27203e-05 0.0 0.000773937 0.994071 0.612088 0.0708046 0.37702 1.78814e-07 0.0 0.00067541 0.0 0.324381 0.0 0.0 0.0 0.532817 0.0 0.564939 0.0 0.0 0.827133 0.49992 0.0
0.0261997 0.00801012 0.600862 2.11596e-06 0.0 0.0 0.0 0.0 0.0 0.0 0.0 0.0 0.0 0.000236809 0.0 0.681791 3.6329e-05 0.0 0.999151 0.0 0.00621361 0.0 0.0 0.76103 0.0 0.0 0.0 0.015929 0.87398 0.0 8.07643e-06 0.0 0.00024417 0.0 0.730212 0.0 0.0 0.0 0.00857121 0.0103714 0.749623 0.0254455 0.0 8.9407e-08 0.214758 0.502943 0.0557817 7.37011e-05 8.9407e-06 0.0 5.51343e-06 0.0 0.0709863 0.0 0.0 0.0 0.228366 0.0 1.38283e-05 0.0 0.0 0.0501771 0.772526 0.0
2.38121e-05 0.996428 2.20537e-06 0.0 0.0 0.0 0.0 0.0 0.0 0.0 0.0 0.0 0.0 7.21216e-06 0.0 0.000125051 0.0 0.0 1.37091e-06 0.0 4.76837e-07 0.0 0.0 3.21865e-06 0.0 0.0 0.0 6.97374e-05 0.000370324 0.0 0.0 0.0 0.0 0.0 5.59688e-05 0.0 0.0 0.0 2.08616e-07 3.27826e-07 7.21216e-06 0.0 0.0 0.0 4.47035e-07 0.000556707 2.67029e-05 0.0 2.38419e-07 0.0 0.0 0.0 1.40071e-06 0.0 0.0 0.0 1.88947e-05 0.0 0.0 0.0 0.0 6.25849e-07 0.00162861 0.0
0.0 0.0 0.0034048 0.478841 0.0 4.76837e-07 0.0 1.49012e-07 0.0 0.0 0.0 0.0 0.0 0.108162 0.0 0.00135446 0.669955 1.63019e-05 3.96371e-06 0.0 0.792087 0.0 0.0 0.00289533 0.0 0.0 0.0 1.2219e-06 0.0268843 0.0 0.0853622 0.0 0.0145136 0.0 0.00111473 0.0 0.0 0.0 0.00759906 0.779965 0.0 0.0 0.0 0.00331718 0.000960678 0.00572371 1.65701e-05 0.0977479 0.0 0.0 0.989368 0.0 4.52995e-05 0.0 0.0 0.0 0.000817537 0.0 0.322632 0.0 0.0 0.000460565 0.041819 0.0
0.0 0.0 0.905924 0.745386 0.0 4.13358e-05 5.96046e-08 2.61366e-05 0.0 0.0 0.0 0.0 0.0 0.000182182 0.0 0.00710025 0.839676 0.085862 0.00045532 0.0 0.0409395 0.0 0.0 0.145935 0.0 0.0 0.0 1.04308e-06 0.0336342 0.0 0.716373 0.0 0.863153 0.0 0.00226587 0.0 0.0 0.0 0.937628 0.111741 0.0 0.0 0.0 0.663444 0.236947 0.00522429 2.8789e-05 0.994335 1.19209e-07 0.0 0.00487781 0.0 0.0225341 0.0 0.0 0.0 0.0287474 0.0 0.973608 0.0 0.0 0.935932 0.0712468 0.0
0.0 0.0 0.0 0.0 0.0 0.0 0.0 0.0 0.0 0.0 0.0 0.0 0.0 0.0 0.0 0.0 0.0 0.0 0.0 0.0 0.0 0.0 0.0 0.0 0.0 0.0 0.0 0.0 0.0 0.998899 0.0 0.0 0.0 2.98023e-08 0.0 0.0 0.0 0.0 0.0 0.0 0.0 0.0 0.0 0.0 0.0 0.0 0.0 0.0 0.0 0.0 0.0 0.0 0.0 0.0 0.0 0.0 0.0 0.0 0.0 0.0 0.0 0.0 0.0 0.0
0.0 0.0 0.0 0.0 0.0 0.0 0.0 0.0 0.0 0.0 0.0 0.0 0.0 0.0 2.98023e-08 0.0 0.0 0.0 0.0 0.0 0.0 0.45792 0.0 0.0 0.0 0.0 0.0 0.0 0.0 0.0 0.0 0.0 0.0 0.0 0.0 0.99836 0.0 0.0 0.0 0.0 0.0 0.0 0.0 0.0 0.0 0.0 0.0 0.0 0.0 0.0 0.0 0.0 0.0 0.0 0.0 0.0 0.0 0.0 0.0 0.0 2.98023e-05 0.0 0.0 0.0
1.11461e-05 3.18885e-06 0.998627 0.334665 0.0 0.0 0.0 0.0 0.0 0.0 0.0 0.0 5.96046e-08 0.00459653 0.0 0.960882 0.566047 4.64618e-05 0.0301803 0.0 0.874641 0.0 0.0 0.941878 0.0 0.0 0.0 0.00619143 0.975482 0.0 0.0763738 0.0 0.974352 0.0 0.946364 0.0 0.0 0.0 0.98517 0.487164 0.000118166 0.000621706 0.0 0.0316337 0.835032 0.733127 0.0638489 0.146522 2.98023e-08 0.0 0.000889659 0.0 0.940983 0.0 0.0 0.0 0.925385 0.0 0.0253649 0.0 0.0 0.987568 0.972212 0.0
0.0 0.0 0.0 0.0 0.0 0.0 0.0 0.0 3.27826e-07 0.0 0.0 0.0 0.0 0.0 1.78814e-07 0.0 0.0 0.0 0.0 0.0 0.0 0.0 0.0 0.0 0.0 0.0 0.0 0.0 0.0 0.0 0.0 0.0 0.0 0.0 0.0 0.000106812 0.0 0.0 0.0 0.0 0.0 0.0 0.0 0.0 0.0 0.0 0.0 0.0 0.0 0.0 0.0 0.0 0.0 0.0 0.0 0.0 0.0 0.0 0.0 0.0 0.98493 0.0 0.0 0.0
0.000161499 4.42266e-05 0.000162065 0.000410855 0.0 0.0 0.0 0.0 0.0 0.0 0.0 0.0 0.0 0.996779 0.0 0.0109502 0.01928 5.96046e-08 1.69873e-06 0.0 0.831399 0.0 0.0 0.00102484 0.0 0.0 0.0 0.0456705 0.578518 0.0 1.20699e-05 0.0 0.000168651 0.0 0.0179352 0.0 0.0 0.0 0.00031054 0.12454 4.32134e-06 7.7486e-07 0.0 2.46167e-05 9.11951e-05 0.884129 0.0829106 0.000220388 0.0 0.0 0.00664362 0.0 7.9155e-05 0.0 0.0 0.0 0.0389883 0.0 0.000259459 0.0 0.0 1.62125e-05 0.651115 0.0
0.0323575 0.012846 0.0364222 0.0 0.0 0.0 0.0 0.0 0.0 0.0 0.0 0.0 0.0 0.00974774 0.0 0.50311 4.76837e-07 0.0 0.00500914 0.0 0.00700676 0.0 0.0 0.320175 0.0 0.0 0.0 0.669059 0.938462 0.0 1.19209e-07 0.0 5.54323e-06 0.0 0.667685 0.0 0.0 0.0 0.000209749 0.00229132 0.00566429 0.000276446 0.0 0.0 0.0104837 0.973595 0.98455 4.76837e-07 0.0 0.0 2.08616e-07 0.0 0.0225266 0.0 0.0 0.0 0.262098 0.0 5.96046e-08 0.0 0.0 0.000339389 0.74635 0.0
0.0 0.0 0.0 0.0 0.0 0.0 0.0 0.0 0.0 0.0 0.0 0.0 0.0 0.0 0.0 0.0 0.0 0.0 0.0 0.0 0.0 0.0 0.0 0.0 0.0 0.0 0.0 0.0 0.0 0.0 0.0 0.0 0.0 0.0 0.0 0.0 0.0 0.977339 0.0 0.0 0.0 0.0 0.0 0.0 0.0 0.0 0.0 0.0 0.0 0.0 0.0 0.0 0.0 0.0 0.0 0.0 0.0 0.0 0.0 3.27826e-07 0.0 0.0 0.0 0.0
0.0 0.0 0.0 0.0 0.0 0.0 0.0 0.0 0.0 0.0 0.0 0.0 0.0 0.0 0.0 0.0 0.0 0.0 0.0 0.0 0.0 0.0 0.0 0.0 0.0 0.0 0.0 0.0 0.0 0.0 0.0 0.0 0.0 0.0 0.0 0.0 0.0 0.0 0.0 0.0 0.0 0.0 0.999999 0.0 0.0 0.0 0.0 0.0 0.0 0.0 0.0 0.0 0.0 0.0 0.0 0.0 0.0 0.0 0.0 0.0 0.0 0.0 0.0 0.0
0.0 0.0 0.0 0.0 0.0 0.0 0.0 0.0 0.0 0.0 0.0 0.0 0.0 0.0 0.0 0.0 0.0 0.0 0.0 0.0 0.0 0.0 3.57628e-07 0.0 0.0 0.0 0.0 0.0 0.0 0.0 0.0 0.0 0.0 0.999077 0.0 0.0 0.0 0.0 0.0 0.0 0.0 0.0 0.0 0.0 0.0 0.0 0.0 0.0 0.0 0.0 0.0 0.0 0.0 0.0 0.0 0.0 0.0 0.0 0.0 1.94311e-05 0.0 0.0 0.0 0.0
0.0 0.0 0.0198679 0.998007 0.0 0.0042046 2.98023e-07 8.34465e-07 0.0 0.0 0.0 0.0 0.0 1.9908e-05 0.0 4.05312e-06 0.912276 0.122916 1.19209e-07 0.0 0.0120925 0.0 0.0 4.39882e-05 0.0 0.0 0.0 0.0 1.508e-05 0.0 0.234732 0.0 0.563435 0.0 1.37091e-06 0.0 0.0 0.0 0.0111645 0.00475267 0.0 0.0 0.0 0.249288 6.49989e-05 1.19209e-06 0.0 0.302622 0.0 0.0 0.110863 0.0 6.3777e-05 0.0 0.0 0.0 3.68655e-05 0.0 0.477686 0.0 0.0 0.00342691 3.84748e-05 0.0
0.0 0.0 0.0 0.0 0.0 0.0 0.0 0.0 0.0 0.0 0.0 0.0 0.0 0.0 0.0 0.0 0.0 0.0 0.0 0.0 0.0 0.0 0.0 0.0 0.0 0.0 0.999976 0.0 0.0 0.0 0.0 0.0 0.0 0.0 0.0 0.0 0.0 0.0 0.0 0.0 0.0 0.0 0.0 0.0 0.0 0.0 0.0 0.0 0.0 0.0 0.0 0.0 0.0 0.0 0.0 0.0 0.0 0.0 0.0 0.0 0.0 0.0 0.0 0.0
0.0 0.0 0.0 0.0 0.0 0.0 0.0 0.0 0.0 0.0 0.0 0.0 0.0 0.0 3.8743e-07 0.0 0.0 0.0 0.0 0.0 0.0 0.999428 0.0 0.0 0.0 0.0 0.0 0.0 0.0 0.0 0.0 0.0 0.0 0.0 0.0 0.00145361 0.0 0.0 0.0 0.0 0.0 0.0 0.0 0.0 0.0 0.0 0.0 0.0 0.0 0.0 0.0 0.0 0.0 0.0 0.0 0.0 0.0 0.0 0.0 0.0 0.0 0.0 0.0 0.0
0.0 0.0 0.98193 0.355949 0.0 6.85453e-07 0.0 1.19209e-07 0.0 0.0 0.0 0.0 1.78814e-07 0.000153184 0.0 0.107822 0.608451 0.000730157 0.000371188 0.0 0.0352183 0.0 0.0 0.406632 0.0 0.0 0.0 1.3411e-05 0.274838 0.0 0.0696414 0.0 0.9238 0.0 0.0209017 0.0 0.0 0.0 0.993676 0.0686547 1.19209e-07 1.96695e-06 0.0 0.350468 0.236912 0.0197313 0.000184298 0.643764 0.0 0.0 0.00027743 0.0 0.726791 0.0 0.0 0.0 0.476132 0.0 0.139132 0.0 0.0 0.90337 0.367721 0.0
0.0 0.0 0.0 0.0 0.0 0.0 0.0 0.0 0.0 0.0 0.0 0.0 5.96046e-08 0.0 0.0 0.0 0.0 0.0 0.0 0.0 0.0 0.0 0.0 0.0 0.0 0.0 0.0 0.0 0.0 0.0 0.0 0.0 0.0 0.0 0.0 0.0 0.0 0.0 0.0 0.0 0.0 0.0 0.0 0.0 0.0 0.0 0.0 0.0 0.0 0.999997 0.0 0.0 0.0 0.0 0.0 0.0 0.0 0.0 0.0 0.0 0.0 0.0 0.0 0.0
0.0 0.0 0.00436988 0.134785 0.0 0.262955 0.0798797 0.425697 0.0 0.0 0.0 0.0 0.0 1.19209e-07 0.0 1.19209e-07 0.160641 0.981708 2.98023e-08 0.0 7.30157e-06 0.0 0.0 8.9407e-07 0.0 0.0 0.0 0.0 4.47035e-07 0.0 0.128713 0.0 0.1188 0.0 2.98023e-08 0.0 0.0 0.0 0.00485954 8.76188e-06 0.0 0.0 0.0 0.995569 8.60691e-05 2.98023e-08 0.0 0.19888 0.0 0.0 1.44541e-05 0.0 3.24845e-06 0.0 0.0 0.0 5.36442e-07 0.0 0.408416 0.0 0.0 0.00217441 7.7486e-07 0.0
0.0 0.0 0.516088 0.988886 0.0 0.142179 0.00198063 2.92361e-05 0.0 0.0 0.0 0.0 0.0 3.01898e-05 0.0 1.65105e-05 0.948035 0.944762 3.03984e-06 0.0 0.00425437 0.0 0.0 0.000262439 0.0 0.0 0.0 0.0 9.02712e-05 0.0 0.584586 0.0 0.987334 0.0 5.1856e-06 0.0 0.0 0.0 0.420082 0.000700265 0.0 0.0 0.0 0.999302 0.00419149 7.21216e-06 2.98023e-08 0.560993 0.0 0.0 0.000951231 0.0 0.000695348 0.0 0.0 0.0 0.000105649 0.0 0.869848 0.0 0.0 0.242877 0.000181735 0.0
3.27826e-07 2.38419e-07 0.995755 0.562116 0.0 1.49012e-07 0.0 2.68221e-07 0.0 0.0 0.0 0.0 0.0 0.00196025 0.0 0.623766 0.688346 0.000322938 0.0235633 0.0 0.841974 0.0 0.0 0.984692 0.0 0.0 0.0 0.000428021 0.961924 0.0 0.563066 0.0 0.963942 0.0 0.659068 0.0 0.0 0.0 0.993595 0.870519 5.75185e-06 1.25468e-05 0.0 0.0353552 0.981135 0.432253 0.00634119 0.895749 1.78814e-07 0.0 0.0147328 0.0 0.313073 0.0 0.0 0.0 0.724622 0.0 0.637568 0.0 0.0 0.98335 0.949679 0.0
0.0 0.0 7.00355e-06 0.0 0.0 0.0 0.0 0.0 0.0 0.0 0.0 0.0 0.999951 0.0 0.0 1.19209e-07 0.0 0.0 1.57952e-06 0.0 0.0 0.0 0.0 5.96046e-08 4.47035e-07 0.0 0.0 0.0 0.0 0.0 0.0 0.0 8.9407e-08 0.0 0.0 0.0 0.0 0.0 8.9407e-08 0.0 1.01328e-06 8.64267e-07 0.0 0.0 0.0 0.0 0.0 0.0 0.0 0.000943452 0.0 0.0 1.96695e-06 0.0 0.0 0.0 5.96046e-08 0.0 0.0 0.0 0.0 1.78814e-07 0.0 0.0
0.0 0.0 0.0 0.0 0.0 0.0 0.0 0.0 0.0 0.0 0.0 0.0 0.0 0.0 0.0 0.0 0.0 0.0 0.0 0.0 0.0 0.0 0.0 0.0 0.0 0.0 0.0 0.0 0.0 0.0 0.0 0.0 0.0 2.98023e-08 0.0 0.0 0.0 0.0 0.0 0.0 0.0 0.0 0.0 0.0 0.0 0.0 0.0 0.0 0.0 0.0 0.0 0.0 0.0 0.0 0.0 0.0 0.0 0.0 0.0 0.647124 0.0 0.0 0.0 0.0
0.0 0.0 0.0 0.0 0.0 0.0 0.0 0.0 0.0 0.0 0.0 0.0 0.0 0.0 0.0 0.0 0.0 0.0 0.0 2.98023e-08 0.0 0.0 0.0 0.0 0.0 0.983726 0.0 0.0 0.0 0.0 0.0 0.0 0.0 0.0 0.0 0.0 8.9407e-08 0.0 0.0 0.0 0.0 0.0 0.0 0.0 0.0 0.0 0.0 0.0 0.0 0.0 0.0 0.0 0.0 0.0 0.0 0.0 0.0 0.0 0.0 0.0 0.0 0.0 0.0 0.0
0.0 0.0 0.0 2.84314e-05 0.0 0.000746787 0.161356 1.72257e-05 0.0 0.0 0.0 0.0 0.0 0.0 0.0 0.0 1.00136e-05 0.0694156 0.0 0.0 0.0 0.0 0.0 0.0 0.0 0.0 0.0 0.0 0.0 0.0 6.16908e-06 0.0 1.51992e-06 0.0 0.0 0.0 0.0 0.0 0.0 0.0 0.0 0.0 0.0 0.109372 0.0 0.0 0.0 3.57628e-07 0.0 0.0 1.49012e-07 0.0 0.0 0.0 0.0 0.0 0.0 0.0 7.45058e-06 0.0 0.0 0.0 0.0 0.0
0.509858 0.00278044 0.0012756 0.0 0.0 0.0 0.0 0.0 0.0 0.0 0.0 0.0 0.0 0.000520885 0.0 0.0528288 0.0 0.0 6.53863e-05 0.0 0.00098905 0.0 0.0 0.0148519 0.0 0.0 0.0 0.990962 0.543669 0.0 0.0 0.0 3.8743e-07 0.0 0.172247 0.0 0.0 0.0 4.14252e-06 6.80089e-05 0.00310585 0.00653097 0.0 0.0 0.000466436 0.78218 0.817422 8.9407e-08 0.0 0.0 0.0 0.0 0.00364685 0.0 0.0 0.0 0.24931 0.0 0.0 0.0 0.0 1.2666e-05 0.0777663 0.0
2.98023e-07 1.19209e-07 0.9823 0.0112113 0.0 1.19209e-07 0.0 0.0 0.0 0.0 0.0 0.0 8.9407e-08 4.97699e-06 0.0 0.135174 0.00210145 4.24981e-05 0.191937 0.0 0.0216467 0.0 0.0 0.841016 0.0 0.0 0.0 9.67681e-05 0.305826 0.0 0.0898111 0.0 0.435488 0.0 0.167332 0.0 0.0 0.0 0.651946 0.0473202 2.5034e-06 2.05636e-05 0.0 0.00106192 0.965445 0.0229955 0.00122252 0.169196 4.47035e-07 0.0 6.62506e-05 0.0 0.0583142 0.0 0.0 0.0 0.0175822 0.0 0.0651861 0.0 0.0 0.989493 0.423319 0.0
0.0161314 0.000164777 0.989034 0.000100106 0.0 0.0 0.0 0.0 0.0 0.0 0.0 0.0 3.57628e-07 3.3915e-05 0.0 0.897421 0.00159621 0.0 0.0354868 0.0 0.00688383 0.0 0.0 0.393229 0.0 0.0 0.0 0.0208432 0.799239 0.0 3.42727e-06 0.0 0.0236014 0.0 0.804657 0.0 0.0 0.0 0.0435276 0.000495404 0.0671257 0.0421928 0.0 1.60933e-06 0.0276867 0.179461 0.0851422 0.000211775 0.0 0.0 2.08616e-07 0.0 0.96521 2.98023e-08 0.0 0.0 0.993756 0.0 7.80821e-06 0.0 0.0 0.21934 0.680617 0.0
0.0 0.0 0.0 0.0 0.0 0.0 0.0 0.0 0.0 0.0 0.0 0.0 0.0 0.0 0.0 0.0 0.0 0.0 0.0 0.0 0.0 0.0 0.982729 0.0 0.0 0.0 0.0 0.0 0.0 0.0 0.0 0.0 0.0 4.17233e-07 0.0 0.0 0.0 0.0 0.0 0.0 0.0 0.0 0.0 0.0 0.0 0.0 0.0 0.0 0.0 0.0 0.0 0.0 0.0 0.0 0.0 0.0 0.0 0.0 0.0 0.0 0.0 0.0 0.0 0.0
0.0 0.0 5.45382e-06 0.163351 0.0 0.991738 0.0239702 0.000214577 0.0 0.0 0.0 0.0 0.0 0.0 0.0 0.0 0.0170563 0.384709 0.0 0.0 2.08616e-07 0.0 0.0 0.0 0.0 0.0 0.0 0.0 0.0 0.0 0.000707 0.0 0.00228262 0.0 0.0 0.0 0.0 0.0 4.58956e-06 2.98023e-08 0.0 0.0 0.0 0.891807 1.19209e-07 0.0 0.0 0.000252604 0.0 0.0 1.4931e-05 0.0 0.0 0.0 0.0 0.0 0.0 0.0 0.00524163 0.0 0.0 2.41399e-06 0.0 0.0
0.0 0.0 0.0 3.63588e-06 0.0 0.0293474 0.0501954 1.7494e-05 0.0 0.0 0.0 0.0 0.0 0.0 0.0 0.0 5.06639e-07 0.000725508 0.0 0.0 0.0 0.0 0.0 0.0 0.0 0.0 0.0 0.0 0.0 0.0 1.49012e-07 0.0 2.98023e-08 0.0 0.0 0.0 0.0 0.0 0.0 0.0 0.0 0.0 0.0 0.0112424 0.0 0.0 0.0 0.0 0.0 0.0 0.0 0.0 0.0 0.0 0.0 0.0 0.0 0.0 8.9407e-08 0.0 0.0 0.0 0.0 0.0
0.997588 0.000138968 8.34465e-07 0.0 0.0 0.0 0.0 0.0 0.0 0.0 0.0 0.0 0.0 3.57628e-07 0.0 3.03686e-05 0.0 0.0 0.000248194 0.0 5.96046e-08 0.0 0.0 2.92063e-06 0.0 0.0 0.0 0.0302244 0.000341088 0.0 0.0 0.0 0.0 0.0 0.000133425 0.0 0.0 0.0 0.0 0.0 0.249624 0.763028 0.0 0.0 8.9407e-08 0.000418097 0.00235274 0.0 0.0 0.0 0.0 0.0 6.64592e-06 2.98023e-07 0.0 0.0 0.000428498 0.0 0.0 0.0 0.0 0.0 5.08428e-05 0.0
0.0165104 0.00465992 0.778864 1.38283e-05 0.0 0.0 0.0 0.0 0.0 0.0 0.0 0.0 0.0 0.0307721 0.0 0.982623 0.000666142 0.0 0.0544235 0.0 0.298559 0.0 0.0 0.831829 0.0 0.0 0.0 0.569112 0.996408 0.0 1.2517e-05 0.0 0.00115496 0.0 0.993582 0.0 0.0 0.0 0.0384995 0.118718 0.0226851 0.00809994 0.0 2.08616e-07 0.417541 0.971653 0.507829 0.0001311 2.98023e-07 0.0 2.04444e-05 0.0 0.656313 0.0 0.0 0.0 0.982493 0.0 1.508e-05 0.0 0.0 0.0616346 0.997438 0.0
0.0 0.0 0.00266877 0.447201 0.0 0.180569 0.0060845 2.08616e-05 0.0 0.0 0.0 0.0 0.0 0.0 0.0 0.0 0.089207 0.963737 0.0 0.0 1.24574e-05 0.0 0.0 2.98023e-07 0.0 0.0 0.0 0.0 0.0 0.0 0.442507 0.0 0.182384 0.0 0.0 0.0 0.0 0.0 0.00184521 2.13385e-05 0.0 0.0 0.0 0.997462 1.03712e-05 0.0 0.0 0.0679661 0.0 0.0 6.50287e-05 0.0 1.3113e-06 0.0 0.0 0.0 1.78814e-07 0.0 0.333016 0.0 0.0 0.000691712 1.78814e-07 0.0
0.0 0.0 0.0 0.0 0.0 0.0 0.0 0.0 0.0 0.0 0.0 0.0 0.0 0.0 0.0 0.0 0.0 0.0 0.0 0.0 0.0 0.0 0.0 0.0 0.0 0.0 0.0 0.0 0.0 0.0 0.0 0.0 0.0 0.0 0.0 0.0 0.0 0.0 0.0 0.0 0.0 0.0 0.0 0.0 0.0 0.0 0.0 0.0 0.0 0.0 0.0 0.0 0.0 0.0 0.0 0.0 0.0 0.999953 0.0 0.0 0.0 0.0 0.0 0.0
0.144744 5.83231e-05 1.01924e-05 0.0 0.0 0.0 0.0 0.0 0.0 0.0 0.0 0.0 5.96046e-08 2.68221e-07 0.0 8.13901e-05 0.0 0.0 0.0675895 0.0 3.8743e-07 0.0 0.0 2.97129e-05 0.0 0.0 0.0 0.000254214 0.00108606 0.0 0.0 0.0 0.0 0.0 0.000343084 0.0 0.0 0.0 0.0 1.49012e-07 0.994056 0.0446957 0.0 0.0 3.27826e-07 0.000506073 0.00056541 0.0 0.0 0.0 0.0 0.0 1.68681e-05 1.19209e-07 0.0 0.0 0.000304729 0.0 0.0 0.0 0.0 2.98023e-08 8.9556e-05 0.0
1.10269e-06 8.04663e-07 0.017622 0.00752065 0.0 0.0 0.0 0.0 0.0 0.0 0.0 0.0 0.0 0.138394 0.0 0.0658923 0.00844771 1.46031e-06 0.000166595 0.0 0.914194 0.0 0.0 0.121347 0.0 0.0 0.0 0.000993639 0.859831 0.0 0.0533403 0.0 0.00599375 0.0 0.0968091 0.0 0.0 0.0 0.0519191 0.991158 2.44379e-06 1.19209e-06 0.0 1.0103e-05 0.0377309 0.798607 0.00824386 0.067726 0.0 0.0 0.228142 0.0 0.00144395 0.0 0.0 0.0 0.0550825 0.0 0.0235187 0.0 0.0 0.00329471 0.800184 0.0
0.0 0.0 0.0 0.0 0.0 0.0 0.0 0.0 0.0 0.0 0.0 0.0 0.0 0.0 0.0 0.0 0.0 0.0 0.0 0.0 0.0 0.0 0.0 0.0 0.0 2.08616e-06 0.0 0.0 0.0 0.0 0.0 0.0 0.0 0.0 0.0 0.0 0.995062 0.0 0.0 0.0 0.0 0.0 0.0 0.0 0.0 0.0 0.0 0.0 0.0 0.0 0.0 0.0 0.0 0.0 0.0 0.0 0.0 0.0 0.0 0.0 0.0 0.0 0.0 0.0
0.0 0.0 6.85453e-07 0.00699076 0.0 0.0645213 3.12924e-06 2.86102e-06 0.0 0.0 0.0 0.0 0.0 0.0 0.0 0.0 0.00143409 0.000365734 0.0 0.0 0.0 0.0 0.0 0.0 0.0 0.0 0.0 0.0 0.0 0.0 7.59959e-06 0.0 2.21729e-05 0.0 0.0 0.0 0.0 0.0 1.78814e-07 0.0 0.0 0.0 0.0 0.12603 0.0 0.0 0.0 1.19209e-05 0.0 0.0 3.45707e-06 0.0 0.0 0.0 0.0 0.0 0.0 0.0 3.15309e-05 0.0 0.0 1.78814e-07 0.0 0.0
0.0 0.0 2.36332e-05 0.00358573 0.0 0.0012719 0.000673473 0.964155 0.0 0.0 0.0 0.0 0.0 0.0 0.0 0.0 0.00971797 0.104403 0.0 0.0 1.99676e-06 0.0 0.0 2.08616e-07 0.0 0.0 0.0 0.0 2.98023e-08 0.0 0.00269228 0.0 0.00054276 0.0 0.0 0.0 0.0 0.0 5.25117e-05 1.2219e-06 0.0 0.0 0.0 0.17734 2.65241e-06 0.0 0.0 0.00615892 0.0 0.0 0.000101507 0.0 0.0 0.0 0.0 0.0 0.0 0.0 0.0166756 0.0 0.0 3.65078e-05 2.98023e-08 0.0
0.0 0.0 0.0 0.0 0.0 0.0 0.0 0.0 0.0 0.0 0.0 0.0 0.0 0.0 0.0 0.0 0.0 0.0 0.0 0.0 0.0 0.0 0.0 0.0 0.0 0.0 0.0 0.0 0.0 0.0 0.0 0.997875 0.0 0.0 0.0 0.0 0.0 0.0 0.0 0.0 0.0 0.0 0.0 0.0 0.0 0.0 0.0 0.0 0.0 0.0 0.0 0.0 0.0 0.0 0.0 0.0 0.0 0.0 0.0 0.0 0.0 0.0 0.0 0.0
0.0 0.0 0.0 0.0 0.0 0.0 0.0 0.0 0.0 0.0 0.0 0.0 0.0 0.0 1.69873e-06 0.0 0.0 0.0 0.0 0.0 0.0 0.0 0.0 0.0 0.0 0.0 0.0 0.0 0.0 0.0 0.0 0.0 0.0 4.58956e-06 0.0 0.0 0.0 0.0 0.0 0.0 0.0 0.0 0.0 0.0 0.0 0.0 0.0 0.0 0.0 0.0 0.0 0.11608 0.0 0.0 0.0 0.0 0.0 0.0 0.0 0.0 0.0 0.0 0.0 0.91708
0.0 0.0 0.0 0.0 0.995022 0.0 0.0 0.0 0.0 0.0 0.0 0.0 0.0 0.0 0.0 0.0 0.0 0.0 0.0 0.0 0.0 0.0 0.0 0.0 0.0 0.0 0.0 0.0 0.0 0.0 0.0 0.0 0.0 0.0 0.0 0.0 0.0 0.0 0.0 0.0 0.0 0.0 0.0 0.0 0.0 0.0 0.0 0.0 0.0 0.0 0.0 0.0 0.0 0.0 0.0 0.0 0.0 0.0 0.0 0.0 0.0 0.0 0.0 0.0
0.00109777 0.000309885 0.54784 7.1913e-05 0.0 0.0 0.0 0.0 0.0 0.0 0.0 0.0 0.0 0.00957537 0.0 0.884626 0.000157267 0.0 0.00983855 0.0 0.692224 0.0 0.0 0.920754 0.0 0.0 0.0 0.235441 0.987882 0.0 6.71446e-05 0.0 0.00286627 0.0 0.943986 0.0 0.0 0.0 0.0236478 0.627052 0.00137934 0.000255615 0.0 8.9407e-08 0.424212 0.985535 0.767288 0.000630826 0.0 0.0 0.000244766 0.0 0.0607339 0.0 0.0 0.0 0.238846 0.0 0.000121087 0.0 0.0 0.0222102 0.955084 0.0
0.885979 1.2815e-06 2.61664e-05 0.0 0.0 0.0 0.0 0.0 0.0 0.0 0.0 0.0 0.0 8.9407e-08 0.0 0.000159442 0.0 0.0 0.000196725 0.0 2.98023e-08 0.0 0.0 7.92742e-06 0.0 0.0 0.0 0.00166717 0.000161827 0.0 0.0 0.0 0.0 0.0 5.0813e-05 0.0 0.0 0.0 2.98023e-08 0.0 0.14515 0.985531 0.0 0.0 1.19209e-07 6.3777e-05 0.000252962 0.0 0.0 0.0 0.0 0.0 0.000396997 3.74019e-05 0.0 0.0 0.00576442 0.0 0.0 0.0 0.0 1.78814e-07 1.12951e-05 0.0
1.49012e-07 0.0 0.0 0.0 0.0 0.0 0.0 0.0 0.0 0.0 0.0 0.0 0.0 0.0 0.0 0.0 0.0 0.0 0.0 0.0 0.0 0.0 0.0 0.0 0.0 0.0 0.0 0.0 0.0 0.0 0.0 0.0 0.0 0.0 0.0 0.0 0.0 0.0 0.0 0.0 0.0 1.19209e-07 0.0 0.0 0.0 0.0 0.0 0.0 0.0 0.0 0.0 0.0 0.0 0.999259 0.0 0.0 0.0 0.0 0.0 0.0 0.0 0.0 0.0 0.0
0.0 0.0 0.0 0.0 0.0 0.0 0.0 0.0 0.0 0.999655 0.0 0.0 0.0 0.0 0.0 0.0 0.0 0.0 0.0 0.0 0.0 0.0 0.0 0.0 0.0 0.0 0.0 0.0 0.0 0.0 0.0 0.0 0.0 0.0 0.0 0.0 0.0 0.0 0.0 0.0 0.0 0.0 0.0 0.0 0.0 0.0 0.0 0.0 0.0 0.0 0.0 0.0 0.0 0.0 0.0 0.0 0.0 0.0 0.0 0.0 0.0 0.0 0.0 0.0
0.000114411 8.49366e-06 0.948213 4.37796e-05 0.0 0.0 0.0 0.0 0.0 0.0 0.0 0.0 5.96046e-08 1.02222e-05 0.0 0.467895 0.000585407 0.0 0.0018636 0.0 0.00150535 0.0 0.0 0.263072 0.0 0.0 0.0 0.00318301 0.523399 0.0 2.95043e-06 0.0 0.0312578 0.0 0.416249 0.0 0.0 0.0 0.170364 0.000302851 0.000571728 0.00854728 0.0 1.13547e-05 0.0212699 0.0411185 0.0118412 5.9247e-05 0.0 0.0 5.96046e-08 0.0 0.99636 0.0 0.0 0.0 0.97455 0.0 3.36766e-06 0.0 0.0 0.145545 0.325459 0.0
2.08616e-07 1.19209e-07 0.999283 0.894498 0.0 2.17557e-06 0.0 9.23872e-07 0.0 0.0 0.0 0.0 8.9407e-08 0.00739959 0.0 0.662885 0.98817 0.000680119 0.00145379 0.0 0.437477 0.0 0.0 0.88461 0.0 0.0 0.0 0.000240356 0.879127 0.0 0.477523 0.0 0.910731 0.0 0.546894 0.0 0.0 0.0 0.992464 0.276646 3.9041e-06 2.04742e-05 0.0 0.642461 0.825224 0.122409 0.00265726 0.92007 8.04663e-07 0.0 0.00987154 0.0 0.836394 0.0 0.0 0.0 0.94887 0.0 0.652201 0.0 0.0 0.982868 0.981592 0.0
0.0 0.0 0.0 0.0 0.0 0.0 0.0 0.0 0.0 0.0 0.0 0.0 0.0 0.0 5.66244e-07 0.0 0.0 0.0 0.0 0.0 0.0 0.0 0.0 0.0 0.0 0.0 0.0 0.0 0.0 3.18885e-06 0.0 0.0 0.0 1.81794e-06 0.0 0.0 0.0 0.0 0.0 0.0 0.0 0.0 0.0 0.0 0.0 0.0 0.0 0.0 0.0 0.0 0.0 0.982203 0.0 0.0 0.0 0.0 0.0 0.0 0.0 0.0 0.0 0.0 0.0 0.0600022
19 11 10 14 6 2 43 16 35 8 48 18 55 24 5 50 12 58 57 29 63 37 54 39 45 41 28 21 51 25 31 27 0 56 26 60 36 42 49 3 15 4 33 9 59 22 40 23 1 20 17 30 53 13 61 46 62 32 47 38 7 44 52 34
