8
0.0 0.0 0.0 0.0 0.00646633 0.0 0.0 0.00560457 0.0 0.0789882 2.68221e-07 0.0 0.0 0.0 0.000122607 0.0 0.0141987 0.0 0.0 0.0 0.00563666 0.00019747 0.0 0.0 0.0 0.0 0.0 0.0 0.000763357 0.0 0.0 1.30236e-05 0.999988 3.57628e-07 0.39472 0.0 0.0 0.0 0.0 0.0 0.628873 9.23872e-07 0.0 0.0 0.0248157 0.0 0.0 2.0206e-05 0.0 0.0 0.0 0.0 1.07288e-06 0.0 9.95398e-06 0.0 0.0 0.0 0.573386 0.0 0.0 0.0 0.0 0.467953
0.0 0.0 0.0 0.0 0.0 0.0 0.0 0.0 0.0 0.0 0.0 0.0 0.0 0.0 0.0 0.0 0.0 0.0 0.0 0.0 0.0 0.0 0.0 0.0 0.0 0.0 0.0 0.0 0.0 0.0 0.0 0.0 0.0 0.0 0.0 0.0 0.0 0.0 0.0 0.0 0.0 0.0 0.0 0.0 0.0 0.0 0.0 0.0 0.999974 0.0 0.0 0.0 0.0 0.0 0.0 0.0 0.0 0.0 0.0 0.0 0.0 0.0 0.0 0.0
0.0 0.0 0.0 0.0 0.0 0.0 0.0 0.0 0.0 0.0 0.0 0.0 1.19209e-07 0.0 0.0 0.0 0.0 0.0 0.0 0.0 0.0 0.0 0.0 0.0 0.0 0.0 5.66244e-07 0.0 0.0 5.96046e-08 0.0 0.0 0.0 0.0 0.0 0.0 0.0 0.0 0.0 0.0 0.0 0.0 0.996654 0.0 0.0 0.0 0.0 0.0 0.0 0.0 0.0 0.0 0.0 0.0 0.0 0.0 0.0 0.0 0.0 1.15335e-05 1.24276e-05 0.0 0.0 0.0
0.0 0.0 0.0 0.0 0.0 0.980166 0.0 0.0 0.0 0.0 0.0 0.0 0.0 0.0 0.0 0.0 0.0 0.0 0.0 0.0 0.0 0.0 0.0 0.0 0.0 0.0 0.0 0.0 0.0 0.0 0.0 0.0 0.0 0.0 0.0 0.0 0.0 0.0 0.0 0.0 0.0 0.0 0.0 0.0 0.0 0.0 0.0 0.0 0.0 0.0 0.0 0.0 0.0 0.0 0.0 0.0 0.0 0.0 0.0 0.0 0.0 0.0 0.0 0.0
0.0 0.0 0.0 0.0 8.21054e-05 0.0 0.0 0.0101832 0.0 0.179208 0.0 0.0 0.0 0.0 8.9407e-07 0.0 0.0281095 0.0 0.0 0.0 0.0261084 1.78814e-07 0.0 5.96046e-08 0.0 0.0 0.0 0.0 0.0025464 0.0 0.0 0.00306374 0.849802 0.0 0.739155 0.0 0.0 0.0 0.0 0.0 0.993544 0.0 0.0 0.0 6.97374e-06 0.0 0.0 1.01328e-06 0.0 0.0 0.0 0.0 0.0 0.0 0.000966907 0.0 0.0 2.08616e-07 0.197861 0.0 0.0 0.0 0.0 0.33376
0.0 0.0 0.0 0.0 0.0 0.0 0.0 0.0 0.0 0.0 0.0 0.0 0.0 0.0 0.0 0.0 0.0 0.0 0.0 0.0 0.0 0.0 0.0 0.0 0.0 0.0 0.0 0.0 0.0 0.0 0.0 0.0 0.0 0.0 0.0 0.0 0.0 0.0 0.0 0.0 0.0 0.0 0.0 0.0 0.0 0.0 0.0 0.0 0.0 0.0 0.0 0.0 0.0 0.0 0.0 8.64267e-07 0.99943 0.0 0.0 0.0 0.0 0.0 0.0 0.0
2.98023e-08 0.0 0.0 0.0 0.0 0.0 0.477672 0.0 0.0 0.0 0.0 0.0 0.0034315 0.0 0.0 0.0 0.0 0.0 0.985088 0.0 0.0 0.0 0.0 0.0 0.0 0.0 5.96046e-08 0.0 0.0 1.49012e-07 0.0 0.0 0.0 0.0 0.0 0.0 0.0 0.0 0.0 0.0 0.0 0.0 4.76837e-07 0.0 0.0 2.68221e-07 0.0 0.0 0.0 2.65241e-06 0.0 0.0 0.0 0.0 0.0 0.0 0.0 0.0 0.0 0.000146478 0.0 0.0 0.0 0.0
7.25091e-05 0.0 0.0 0.0 7.15256e-07 0.0 0.0 0.09678 0.0 1.19209e-07 0.000533223 0.0 0.0 4.78625e-05 0.0 0.0 0.00445175 0.0 0.0 0.0 0.0 0.0 5.66244e-07 0.0 0.0 0.0 0.0 0.0 0.00921839 1.49012e-07 0.0 0.122937 2.08616e-07 0.0 0.000592291 0.0 0.0 2.98023e-07 0.0 0.0 0.000331312 0.0 0.0 0.0 3.8743e-07 0.00638655 0.0 0.00174686 0.0 2.98023e-08 0.0 0.0 0.0 0.999692 0.00499031 0.0 0.0 0.0 3.39746e-06 0.0 0.0 0.0 0.0 4.62532e-05
0.0 0.0 0.0 0.950809 0.0 0.0 0.0 0.0 0.00111195 0.0 0.0 0.0 0.0 0.0 0.0 0.0 0.0 0.0 0.0 0.0 0.0 0.0 0.0 0.0 0.0 0.0 0.0 0.0 0.0 0.0 0.0 0.0 0.0 0.0 0.0 0.0 0.0 0.0 0.0 0.0 0.0 0.0 0.0 0.0 0.0 0.0 0.0 0.0 0.0 0.0 0.0 0.0 0.0 0.0 0.0 0.0 0.0 0.0 0.0 0.0 0.0 0.0 0.0 0.0
0.0 0.0 0.0 0.0 6.34491e-05 0.0 0.0 5.52237e-05 0.0 0.0 0.0 0.0 0.0 0.0 0.999703 0.0 0.0 0.0 0.0 0.0 0.0 0.0 0.0 0.0 0.0 0.0 0.0 0.0 1.19209e-07 0.0 0.0 2.08616e-07 5.1856e-06 2.68221e-07 0.0 0.0 0.0 0.0 0.0 0.0 0.000535101 0.0 0.0 0.0 1.57356e-05 0.0 0.0 1.78814e-07 0.0 0.0 0.0 0.0 2.47359e-06 0.0 0.0 0.0 0.0 0.0 8.04663e-06 0.0 0.0 0.0 0.0 1.18613e-05
0.00264263 0.0 0.0 0.0 0.0106525 0.0 0.0 1.10269e-06 0.0 0.0 0.14946 0.0 0.0 0.0 0.0 0.0 0.0 0.0 1.19209e-07 0.0 0.0 6.25849e-07 2.98023e-08 0.0 0.0 0.0 0.991857 0.0 0.0 0.998257 0.0 0.0 0.0 0.998074 0.0 0.0 0.0 0.0 0.0 0.0 8.9407e-08 0.0 1.78218e-05 0.0 0.263964 2.5332e-06 0.0 0.000954062 0.0 0.892584 0.997265 0.0 0.997737 0.0 0.0 0.0 0.0 0.0 8.9407e-08 0.00240299 0.0 0.0 0.0 0.0
0.0 0.0 0.0 0.0 0.0 0.0 0.0 0.0 0.0 0.0 0.0 0.0 0.0 0.0 0.0 0.0 0.0 8.9407e-08 0.0 0.0 0.0 0.0 0.0 0.0 0.0 0.0 0.0 0.0 0.0 0.0 0.0 0.0 0.0 0.0 0.0 0.0 0.0 0.0 0.992259 0.0 0.0 0.0 0.0 0.0 0.0 0.0 0.0 0.0 0.0 0.0 0.0 0.0 0.0 0.0 0.0 0.0 0.0 0.0 0.0 0.0 0.0 0.0 0.0 0.0
2.98023e-08 0.0 0.0 0.0 0.240108 0.0 0.0 0.0249168 0.0 8.83639e-05 4.77731e-05 0.0 0.0 0.0 6.85453e-07 0.0 0.00850815 0.0 0.0 0.0 8.34465e-07 2.35438e-06 0.0 0.0 0.0 0.0 1.78814e-07 0.0 9.49502e-05 0.0 0.0 0.000131279 0.187278 7.09295e-06 0.00345588 0.0 0.0 2.98023e-08 0.0 0.0 0.875219 0.0 0.0 0.0 0.487733 0.0 0.0 0.000687003 0.0 0.0 0.0 0.0 4.27961e-05 7.15256e-07 9.78708e-05 0.0 0.0 0.0 0.995925 0.0 0.0 0.0 0.0 0.910797
0.999563 0.0 0.0 0.0 0.000147104 0.0 0.0 5.06639e-07 0.0 0.0 0.971788 0.0 0.0 0.0 0.0 0.0 0.0 0.0 2.68221e-07 0.0 0.0 5.96046e-08 5.17964e-05 0.0 0.0 0.0 0.000330448 0.0 0.0 0.972551 0.0 0.0 0.0 0.0102841 0.0 0.0 0.0 0.0 0.0 0.0 0.0 0.0 0.0 0.0 0.0158575 0.324054 0.0 0.024106 0.0 0.960389 0.078194 0.0 0.00251648 0.0 0.0 0.0 0.0 0.0 0.0 0.00984731 0.0 0.0 0.0 0.0
0.0 8.9407e-08 0.0 0.0 0.0 0.0 0.0 0.0 0.0 0.0065538 0.0 0.0 0.0 0.0 0.0 0.0 0.00934613 0.0 0.0 0.112358 0.423662 0.0 0.0 0.0299008 0.0 0.0 0.0 0.241014 0.000504971 0.0 0.147388 1.49012e-06 0.000146031 0.0 0.00673425 0.0 0.0 5.66244e-07 0.0 0.0 4.17233e-07 0.0 0.0 6.64592e-06 0.0 0.0 0.0 0.0 0.0 0.0 0.0 5.96046e-08 0.0 0.0 0.000968367 0.0 0.0 0.00061053 2.98023e-08 0.0 0.0 0.0 0.0 0.0
1.49012e-07 0.0 0.0 0.0 0.00262606 0.0 0.0 0.999889 0.0 0.00118327 0.000388473 0.0 0.0 0.0 0.0 0.0 0.0514061 0.0 0.0 0.0 1.45137e-05 0.0 0.0 0.0 0.0 0.0 0.0 0.0 0.386071 5.96046e-08 0.0 0.983719 0.129339 6.85453e-07 0.594588 0.0 0.0 0.0 0.0 0.0 0.994675 0.0 0.0 8.9407e-08 0.000398368 0.0 0.0 0.043458 0.0 0.0 0.0 0.0 3.27826e-07 0.826396 0.222686 0.0 0.0 0.0 0.121686 0.0 0.0 0.0 0.0 0.693011
0.0 0.0 0.0 0.0 0.000320047 0.0 0.0 0.220158 0.0 0.00169989 1.72853e-06 0.0 0.0 0.0 0.0 0.0 0.99982 0.0 0.0 5.96046e-08 0.00106755 1.78814e-07 0.0 4.47035e-07 0.0 0.0 0.0 0.0 0.884626 0.0 2.08616e-07 0.710992 0.416271 0.0 0.998309 0.0 0.0 9.09269e-05 0.0 0.0 0.630845 0.0 0.0 0.0 0.000221759 0.0 0.0 0.000160098 0.0 0.0 0.0 0.0 5.96046e-08 0.001403 0.00269982 0.0 0.0 1.19209e-07 0.764261 0.0 0.0 0.0 0.0 0.800779
0.0 0.0 0.0 0.0 0.0 0.0 1.78814e-07 0.0 0.0 0.0 0.0 4.38094e-06 0.0 0.0 0.0 0.990179 0.0 8.9407e-08 0.0 0.0 0.0 0.0 0.0 0.0 0.0 0.0 0.0 0.0 0.0 0.0 0.0 0.0 0.0 0.0 0.0 0.0 0.0 0.0 0.0 0.0 0.0 0.0 0.0 0.0 0.0 0.0 0.704783 0.0 0.0 0.0 0.0 0.0 0.0 0.0 0.0 0.0 0.0 0.0 0.0 0.0 0.0 0.0 0.0 0.0
0.0 0.0 0.0 0.0 0.0 0.0 0.0 0.0 0.0 0.0 0.0 0.0 0.0 0.0 0.0 0.0 0.0 0.0 0.0 0.0 0.0 0.0 0.0 0.0 0.0 0.0 0.0 0.0 0.0 0.0 0.0 0.0 0.0 0.0 0.0 3.27826e-07 0.0 0.0 0.0 0.0 0.0 0.0 0.0 0.0 0.0 0.0 0.0 0.0 0.0 0.0 0.0 3.8445e-06 0.0 0.0 0.0 0.993912 0.0 0.0 0.0 0.0 0.0 0.0 0.0 0.0
0.0 0.0 0.0 0.0 0.0 0.0 0.0 0.0 0.0 0.000243455 0.0 0.0 0.0 0.0 0.0 0.0 1.86563e-05 0.0 0.0 0.00627458 0.000115722 0.0 0.0 0.077102 0.0 0.0 0.0 0.999997 4.17233e-07 0.0 0.0207931 0.0 1.19209e-07 0.0 3.39448e-05 0.0 0.0 0.0 0.0 0.0 0.0 0.0 0.0 1.93417e-05 0.0 0.0 0.0 0.0 0.0 0.0 0.0 0.0 0.0 0.0 0.00093025 0.0 0.0 0.98468 0.0 0.0 0.0 0.0 0.0 0.0
0.0 0.0 0.0 0.0 0.0 0.0 0.0 0.0 0.0 1.78814e-07 0.0 0.0 0.0 0.0 0.0 0.0 2.08616e-07 0.0 0.0 0.0742762 0.000108242 0.0 0.0 4.88758e-06 0.0 0.0 0.0 0.808057 1.19209e-07 0.0 0.0275333 0.0 0.0 0.0 1.49012e-07 7.98702e-06 0.0 0.0 0.0 0.0 0.0 0.0 0.0 5.36442e-07 0.0 0.0 0.0 0.0 0.0 0.0 0.0 4.33326e-05 0.0 0.0 2.08616e-07 6.89328e-05 0.0 0.000176191 0.0 0.0 0.0 0.0 0.0 0.0
0.0 0.0 0.0 0.0 0.00258207 0.0 0.0 0.600261 0.0 0.980412 4.17233e-07 0.0 0.0 0.0 9.84669e-05 0.0 0.983655 0.0 0.0 6.16908e-06 0.992087 3.69549e-06 0.0 8.9705e-06 0.0 0.0 5.96046e-08 1.90735e-06 0.986699 0.0 9.62913e-05 0.0406429 0.99999 0.0 0.993775 0.0 0.0 5.66244e-07 0.0 0.0 0.992703 1.10269e-06 0.0 3.33786e-06 0.00310409 0.0 0.0 3.57628e-05 0.0 0.0 0.0 0.0 1.78814e-07 8.93474e-05 0.204956 0.0 0.0 5.96046e-08 0.952686 0.0 0.0 0.0 0.0 0.904269
0.989549 0.0 0.0 0.0 0.0176218 0.0 0.0 1.2368e-05 0.0 0.0 0.999788 0.0 0.0 0.0 0.0 0.0 0.0 0.0 0.0 0.0 0.0 1.49012e-07 4.12464e-05 0.0 0.0 0.0 0.00188422 0.0 0.0 0.982752 0.0 0.0 5.96046e-08 0.0478267 0.0 0.0 0.0 0.0 0.0 0.0 1.78814e-07 0.0 0.0 0.0 0.226432 0.0183136 0.0 0.391194 0.0 0.801358 0.0410517 0.0 0.0210524 0.0 0.0 0.0 0.0 0.0 1.19209e-07 0.000374645 0.0 0.0 0.0 0.0
0.0 5.96046e-08 0.0 0.0 0.0 0.0 0.0 0.0 0.0 0.0 0.0 0.0 0.0 0.0 0.0 0.0 0.0 0.0 0.0 0.00214419 0.0 0.0 0.0 0.0 0.0 0.0 0.0 0.0968694 0.0 0.0 2.47359e-06 0.0 0.0 0.0 0.0 0.000692666 0.0 0.0 0.0 0.0 0.0 0.0 0.0 5.96046e-08 0.0 0.0 0.0 0.0 0.0 0.0 0.0 0.100702 0.0 0.0 0.0 0.774616 0.0 8.9407e-08 0.0 0.0 0.0 0.0 0.0 0.0
0.0 0.0 0.0 0.0 0.0 0.0 0.0 0.0 0.0 0.0 0.0 0.0 0.0 0.0 0.0 0.0 0.0 0.0 0.0 0.0 0.0 0.0 0.0 0.0 0.0 0.0 0.0 0.0 0.0 0.0 0.0 0.0 0.0 0.0 0.0 0.990862 0.0 0.0 0.0 0.0 0.0 0.0 0.0 0.0 0.0 0.0 0.0 0.0 0.0 0.0 0.0 0.0 0.0 0.0 0.0 0.0 0.0 0.0 0.0 0.0 0.0 0.0 0.0 0.0
0.0 0.0 0.0 0.0 0.0 0.0 0.0 0.0 0.0 0.0 0.0 0.0 0.0 0.0 0.0 0.0 0.0 0.0 0.0 0.0 0.0 0.0 0.0 0.0 0.0 0.0 0.0 0.0 0.0 0.0 0.0 0.0 0.0 0.0 0.0 0.0 0.0 0.0 0.0 0.0 0.0 0.0 0.0 0.0 0.0 0.0 0.0 0.0 0.0 0.0 0.0 0.0 0.0 0.0 0.0 0.0 0.0 0.0 0.0 0.0 0.0 0.991872 0.0 0.0
0.0 0.0 0.0 0.0 0.0 0.0 0.0 0.0 0.0 0.0 0.0 0.0 0.0 0.0 0.0 0.0 0.0 0.0 0.0 0.0 0.0 0.0 0.0 0.0 0.0 0.0 0.0 0.0 0.0 0.0 0.0 0.0 0.0 0.0 0.0 0.0 0.0 0.0 0.0 0.986586 0.0 0.0 0.0 0.0 0.0 0.0 0.0 0.0 0.0 0.0 0.0 0.0 0.0 0.0 0.0 0.0 0.0 0.0 0.0 0.0 0.0 0.0 0.0 0.0
0.0 1.78814e-07 0.0 0.0 0.0 0.0 0.0 0.0 0.0 0.0 0.0 0.0 0.0 0.0 0.0 0.0 0.0 0.0 0.0 0.00107297 0.0 0.0 0.0 0.0 0.0 0.0 0.0 0.945155 0.0 0.0 2.5034e-06 0.0 0.0 0.0 0.0 0.00190616 0.0 0.0 0.0 0.0 0.0 0.0 0.0 8.88109e-06 0.0 0.0 0.0 0.0 0.0 0.0 0.0 0.434407 0.0 0.0 0.0 0.198677 4.17233e-07 1.47223e-05 0.0 0.0 0.0 0.0 0.0 0.0
0.0 0.0 0.0 0.0 0.0 0.0 0.0 0.0 0.0 4.3869e-05 0.0 0.0 0.0 1.78814e-07 0.0 0.0 0.000129402 0.0 0.0 0.845037 0.00186744 0.0 0.0 1.95205e-05 0.0 0.0 0.0 0.999271 1.67489e-05 0.0 0.907119 0.0 1.19209e-07 0.0 0.000116765 2.11596e-05 0.0 0.0 0.0 0.0 0.0 0.0 0.0 0.0063065 0.0 0.0 0.0 0.0 0.0 0.0 0.0 0.00042361 0.0 0.0 0.0014134 2.08616e-07 0.0 0.00612047 0.0 0.0 0.0 0.0 0.0 0.0
1.90735e-06 0.0 0.0 0.0 0.0763834 0.0 0.0 0.00192103 0.0 2.83122e-06 0.00138226 0.0 0.0 0.0 7.15256e-06 0.0 9.6947e-05 0.0 0.0 0.0 2.98023e-08 2.14577e-06 0.0 0.0 0.0 0.0 5.33462e-06 0.0 1.63913e-06 3.93391e-06 0.0 2.47359e-06 0.123908 0.000645667 0.00012517 0.0 0.0 2.98023e-08 0.0 0.0 0.00424093 0.0 0.0 0.0 0.997922 0.0 0.0 0.000498563 0.0 5.96046e-08 0.0 0.0 0.0121409 0.0 2.98023e-08 0.0 0.0 0.0 0.246516 0.0 0.0 0.0 0.0 0.0663929
5.69224e-06 0.0 0.0 0.0 0.0 0.0 0.0 8.9407e-08 0.0 0.0 0.00185475 0.0 0.0 0.0 0.0 0.0 0.0 0.0 0.0 0.0 0.0 0.0 0.999996 0.0 0.0 0.0 0.0 0.0 0.0 5.06639e-07 0.0 2.98023e-07 0.0 0.0 2.98023e-08 0.0 0.0 0.0 0.0 0.0 0.0 0.0 0.0 0.0 0.0 6.25849e-07 0.0 1.66893e-06 0.0 0.0 0.0 0.0 0.0 1.78814e-07 0.0 0.0 0.0 0.0 0.0 0.0 0.0 0.0 0.0 0.0
0.0 0.0 0.0 0.0 0.000236392 0.0 0.0 0.491842 0.0 0.931145 0.0 0.0 0.0 2.98023e-08 5.96046e-08 0.0 0.995541 0.0 0.0 4.88758e-06 0.182567 1.78814e-07 0.0 4.17233e-06 0.0 0.0 0.0 7.62939e-06 0.997851 0.0 0.000319153 0.906908 0.243933 0.0 0.982513 0.0 0.0 1.2517e-06 0.0 0.0 0.992396 0.0 0.0 0.00121298 1.29044e-05 0.0 0.0 6.16908e-06 0.0 0.0 0.0 0.0 0.0 0.136139 0.99997 0.0 0.0 0.0 0.430963 0.0 0.0 0.0 0.0 0.613556
0.0 0.0 0.0 0.0 0.00231051 0.0 0.0 0.902485 0.0 0.063341 0.000134885 0.0 0.0 0.0 3.12924e-06 0.0 0.598888 0.0 0.0 0.0 0.00441816 5.96046e-08 0.0 1.19209e-07 0.0 0.0 0.0 0.0 0.225197 0.0 0.0 0.480902 0.639935 2.08616e-07 0.955804 0.0 0.0 5.96046e-08 0.0 0.0 0.964158 0.0 0.0 0.0 0.00796145 0.0 0.0 0.000779033 0.0 0.0 0.0 0.0 4.17233e-07 0.00342536 0.0457914 0.0 0.0 0.0 0.867792 0.0 0.0 0.0 0.0 0.917628
0.50809 0.0 0.0 0.0 0.0448141 0.0 0.0 1.33216e-05 0.0 0.0 0.986912 0.0 0.0 0.0 0.0 0.0 0.0 0.0 0.0 0.0 0.0 2.08616e-07 1.78814e-07 0.0 0.0 0.0 0.120573 0.0 0.0 0.997592 0.0 0.0 0.0 0.768231 0.0 0.0 0.0 0.0 0.0 0.0 1.78814e-07 0.0 8.9407e-08 0.0 0.323372 0.000378877 0.0 0.258962 0.0 0.976477 0.824534 0.0 0.985576 2.98023e-08 0.0 0.0 0.0 0.0 0.0 0.00939679 0.0 0.0 0.0 0.0
0.0 0.0 0.0 0.0 8.9407e-08 0.0 0.0 0.000439048 0.0 0.903799 0.0 0.0 0.0 0.0 2.98023e-08 0.0 0.558522 0.0 0.0 8.02279e-05 0.997928 0.0 0.0 1.01328e-06 0.0 0.0 0.0 2.55108e-05 0.232667 0.0 0.00162083 0.0035308 0.984521 0.0 0.959067 0.0 0.0 0.0 0.0 0.0 0.465788 1.49012e-07 0.0 9.53674e-07 0.0 0.0 0.0 0.0 0.0 0.0 0.0 0.0 0.0 1.19209e-07 0.0721693 0.0 0.0 1.78814e-07 0.149675 0.0 0.0 0.0 0.0 0.00849107
0.0 0.0 0.0 0.0 0.0 0.0 0.0 0.0 0.0 2.98023e-08 0.0 0.0 0.0 0.0 0.0 0.0 0.0 0.0 0.0 0.0 1.51992e-06 3.57628e-06 0.0 0.0 0.0 0.0 0.0 0.0 0.0 0.0 0.0 0.0 9.56655e-06 0.0 0.0 0.0 0.0 0.0 0.0 0.0 0.0 0.996195 0.0 0.0 0.0 0.0 0.0 0.0 0.0 0.0 0.0 0.0 0.0 0.0 0.0 0.0 0.0 0.0 0.0 0.0 0.0 0.0 5.96046e-08 0.0
0.0 0.0 0.0 0.0 0.0 0.0 0.0 0.0 0.0 0.0 0.0 0.0 0.0 0.0 0.0 0.0 0.0 0.0 0.0 0.0 0.0 0.0 0.0 0.0 0.0 0.0 0.0 0.0 0.0 0.0 0.0 0.0 0.0 0.0 0.0 0.0 0.0 0.0 0.0 0.0 0.0 0.0 0.0 0.0 0.0 0.0 0.0 0.0 0.0 0.0 0.0 0.0 0.0 0.0 0.0 0.0 0.0 0.0 0.0 0.0 0.0 0.0 0.0 0.0
0.0 0.0 0.0 0.0 0.000479579 0.0 0.0 0.795806 0.0 0.010955 4.32134e-06 0.0 0.0 1.49012e-06 2.98023e-08 0.0 0.744227 0.0 0.0 0.0 0.000787705 0.0 0.0 0.0 0.0 0.0 0.0 0.0 0.310885 0.0 0.0 0.999637 0.00795314 0.0 0.994122 0.0 0.0 0.0 0.0 0.0 0.992589 0.0 0.0 2.80142e-06 2.29478e-05 0.0 0.0 0.000128627 0.0 0.0 0.0 0.0 2.98023e-08 0.0477989 0.984173 0.0 0.0 0.0 0.789994 0.0 0.0 0.0 0.0 0.119575
0.0 0.0 0.0 0.0 0.0 0.0 0.0 0.0 0.0 0.0 0.0 0.0 0.0 0.0 0.0 0.0 0.0 0.0 0.0 7.45058e-06 0.0 0.0 0.0 0.0 0.0 0.0 0.0 2.98023e-08 0.0 0.0 0.0 0.0 0.0 0.0 0.0 0.0 0.0 0.0 0.0 0.0 0.0 0.0 0.0 0.0 0.0 0.0 0.0 0.0 0.0 0.0 0.0 0.99981 0.0 0.0 0.0 4.47035e-07 0.0 0.0 0.0 0.0 0.0 0.0 0.0 0.0
0.0 0.0 0.0 0.0 0.0 0.0 0.0 0.0 0.0 0.0 0.0 0.0 0.0 0.0 0.0 0.0 0.0 0.0 0.0 0.0 0.0 0.0 0.0 0.0 0.0 0.0 0.0 0.0 0.0 0.0 0.0 0.0 0.0 0.0 0.0 0.0 0.0 0.0 0.0 0.979051 0.0 0.0 0.0 0.0 0.0 0.0 0.0 0.0 0.0 0.0 0.0 0.0 0.0 0.0 0.0 0.0 0.0 0.0 0.0 0.0 0.0 0.0 0.0 0.0
0.0 0.0 0.0 0.0 0.0 0.0 0.0 0.0 0.0 0.0 0.0 0.0 0.0 0.0 0.0 0.0 0.0 0.0 0.0 0.0 0.0 0.0 0.0 0.0 0.0 0.0 0.0 0.0 0.0 0.0 0.0 0.0 0.0 0.0 0.0 0.0 0.999324 0.0 0.0 0.0 0.0 0.0 0.0 0.0 0.0 0.0 0.0 0.0 0.0 0.0 0.0 0.0 0.0 0.0 0.0 0.0 0.0 0.0 0.0 0.0 0.0 0.0 0.0 0.0
0.837914 0.0 0.0 0.0 8.29995e-05 0.0 0.0 0.000693589 0.0 0.0 0.585689 0.0 0.0 0.0 0.0 0.0 0.0 0.0 0.0 0.0 0.0 0.0 5.27203e-05 0.0 0.0 0.0 1.49012e-07 0.0 0.0 0.0200109 0.0 2.38419e-07 8.9407e-08 1.8388e-05 0.0 0.0 0.0 4.26173e-06 0.0 0.0 3.33786e-06 0.0 0.0 0.0 8.9407e-06 0.996604 0.0 0.41612 0.0 0.00312987 0.000206351 0.0 9.23872e-07 0.00146556 0.0 0.0 0.0 0.0 0.0 1.40071e-06 0.0 0.0 0.0 1.51992e-06
0.0 0.0 0.0 0.0 0.0 0.0 0.0 0.0 0.0 0.0 0.0 0.0 0.0 0.0 0.0 0.0 0.0 0.0 0.0 0.0 0.0 0.0 0.0 0.0 0.0 0.0 0.0 0.0 0.0 0.0 0.0 0.0 0.0 0.0 0.0 0.0 0.0 0.0 0.0 0.0 0.0 0.0 4.44949e-05 0.0 0.0 0.0 0.0 0.0 0.0 0.0 0.0 0.0 0.0 0.0 0.0 0.0 0.0 0.0 0.0 0.0 0.999583 0.0 0.0 0.0
0.0 0.0 0.0 0.0 0.0 0.0 0.0 0.0 0.0 0.000823766 0.0 0.0 0.0 8.9407e-08 0.0 0.0 0.00426236 0.0 0.0 0.926405 0.00054127 0.0 0.0 1.07288e-06 0.0 0.0 0.0 0.0846514 0.00764376 0.0 0.223301 3.09944e-06 1.87755e-05 0.0 0.0161062 0.0 0.0 0.0 0.0 0.0 2.08616e-07 0.0 0.0 0.0537159 0.0 0.0 0.0 0.0 0.0 0.0 0.0 8.9407e-08 0.0 0.0 0.00256142 0.0 0.0 2.01166e-05 8.9407e-08 0.0 0.0 0.0 0.0 0.0
0.000317663 0.0 0.0 0.0 0.999349 0.0 0.0 0.00515646 0.0 1.74344e-05 0.300647 0.0 0.0 0.0 7.7486e-07 0.0 5.96046e-07 0.0 0.0 0.0 0.0 0.00322393 0.0 0.0 0.0 0.0 0.124368 0.0 6.25849e-07 0.0125607 0.0 2.98023e-07 0.0125547 0.492779 8.34465e-07 0.0 0.0 0.0 0.0 0.0 0.155287 0.0 0.0 0.0 0.913096 5.66244e-07 0.0 0.100576 0.0 6.28531e-05 0.00948131 0.0 0.747593 0.0 0.0 0.0 0.0 0.0 0.0423766 8.9407e-08 0.0 0.0 0.0 0.171996
0.0 0.0 0.0 0.0 1.07586e-05 0.0 0.0 0.330339 0.0 0.907764 2.98023e-06 0.0 0.0 0.000623018 0.0 0.0 0.998382 0.0 0.0 7.79033e-05 0.0239318 0.0 2.38419e-07 2.08616e-07 0.0 0.0 0.0 3.90708e-05 0.999987 0.0 0.00418434 0.483699 0.650645 0.0 0.999513 0.0 0.0 1.37091e-06 0.0 0.0 0.258344 0.0 0.0 0.0128139 1.46925e-05 0.0 0.0 2.88188e-05 0.0 0.0 0.0 0.0 8.9407e-08 0.46872 0.847825 0.0 0.0 2.98023e-08 0.12257 0.0 0.0 0.0 0.0 0.0913025
0.0 0.0 0.0 0.0 0.0 0.0 0.0341191 0.0 0.0 0.0 0.0 0.0 0.99886 0.0 0.0 0.0 0.0 0.0 0.00127661 0.0 0.0 0.0 0.0 0.0 0.0 0.0 0.0 0.0 0.0 0.0 0.0 0.0 0.0 0.0 0.0 0.0 0.0 0.0 0.0 0.0 0.0 0.0 1.10269e-06 0.0 0.0 0.0 0.0 0.0 0.0 0.0 0.0 0.0 0.0 0.0 0.0 0.0 0.0 0.0 0.0 4.73857e-06 0.0 0.0 0.0 0.0
0.0 0.0 0.0 0.0 0.0 0.0 0.0 0.0 0.0 0.0 0.0 0.0 0.0 0.0 0.0 0.0 0.0 0.0 0.0 0.0 0.0 0.0 0.0 0.0 0.0 0.0 0.0 0.0 0.0 0.0 0.0 0.0 0.0 0.0 0.0 0.0 0.0 0.0 0.0 0.0 0.0 6.94394e-06 0.0 0.0 0.0 0.0 0.0 0.0 0.0 0.0 0.0 0.0 0.0 0.0 0.0 0.0 0.0 0.0 0.0 0.0 0.0 0.0 0.999982 0.0
0.0 0.0 0.0 0.0 0.0 0.0 0.0 0.0 0.0 0.000367284 0.0 0.0 0.0 0.103702 0.0 0.0 6.58631e-06 0.0 0.0 6.80387e-05 1.19209e-06 0.0 0.0 0.0 0.0 0.0 0.0 0.0014292 0.00112838 0.0 0.000308722 0.000356585 0.0 0.0 0.000142813 0.0 0.0 0.0 0.0 0.0 6.25849e-07 0.0 0.0 0.999735 0.0 0.0 0.0 0.0 0.0 0.0 0.0 5.96046e-08 0.0 1.10269e-06 0.324263 0.0 0.0 2.08616e-07 0.0 0.0 0.0 0.0 0.0 0.0
0.429425 0.0 0.0 0.0 0.00217664 0.0 8.9407e-08 1.16229e-06 0.0 0.0 0.70229 0.0 0.0 0.0 0.0 0.0 0.0 0.0 4.17233e-07 0.0 0.0 4.76837e-06 5.36442e-07 0.0 0.0 0.0 0.0143635 0.0 0.0 0.99963 0.0 0.0 0.0 0.767261 0.0 0.0 0.0 0.0 0.0 0.0 0.0 0.0 2.98023e-07 0.0 0.00172833 0.00915399 0.0 0.00871187 0.0 0.945571 0.941846 0.0 0.636864 0.0 0.0 0.0 0.0 0.0 0.0 0.0290043 0.0 0.0 0.0 0.0
0.0 0.0 0.0 0.0 0.0 0.0 0.0 0.0 0.0 0.0 0.0 2.98023e-08 0.0 0.0 0.0 0.0 0.0 0.990805 0.0 0.0 0.0 0.0 0.0 0.0 0.0 0.0 0.0 0.0 0.0 0.0 0.0 0.0 0.0 0.0 0.0 0.0 0.0 0.0 0.0 0.0 0.0 0.0 0.0 0.0 0.0 0.0 8.64267e-07 0.0 0.0 0.0 0.0 0.0 0.0 0.0 0.0 0.0 0.0 0.0 0.0 0.0 0.0 0.0 0.0 0.0
0.0 0.0 0.0 9.86457e-06 0.0 0.0 0.0 0.0 0.94831 0.0 0.0 0.0 0.0 0.0 0.0 0.0 0.0 0.0 0.0 0.0 0.0 0.0 0.0 0.0 0.0 0.0 0.0 0.0 0.0 0.0 0.0 0.0 0.0 0.0 0.0 0.0 0.0 0.0 0.0 0.0 0.0 0.0 0.0 0.0 0.0 0.0 0.0 0.0 0.0 0.0 0.0 0.0 0.0 0.0 0.0 0.0 0.0 0.0 0.0 0.0 0.0 0.0 0.0 0.0
1.40071e-06 0.0 0.0 0.0 0.000129253 0.0 0.0 0.0 0.0 0.0 0.00270918 0.0 0.0 0.0 0.0 0.0 0.0 0.0 0.0 0.0 0.0 2.98023e-08 0.0 0.0 0.0 0.0 0.999819 0.0 0.0 0.0434451 0.0 0.0 0.0 0.0353512 0.0 0.0 0.0 0.0 0.0 0.0 0.0 0.0 0.000225216 0.0 0.00858328 0.0 0.0 3.21865e-06 0.0 0.00827834 0.0826875 0.0 0.817629 0.0 0.0 0.0 0.0 0.0 0.0 0.000195146 0.0 0.0 0.0 0.0
0.0 0.0 0.0 0.0 0.0 0.0 0.0 0.0 0.0 0.0 0.0 0.0 0.0 0.0 0.0 0.0 0.0 0.0 0.0 0.0 0.0 0.000132918 0.0 0.0 0.0 0.0 0.0 0.0 0.0 0.0 0.0 0.0 0.0 0.0 0.0 0.0 0.0 0.999997 0.0 0.0 0.0 0.0 0.0 0.0 0.0 0.0 0.0 0.0 0.0 0.0 0.0 0.0 0.0 0.0 0.0 0.0 0.0 0.0 0.0 0.0 0.0 0.0 0.0 0.0
0.0 2.98023e-08 0.0 0.0 0.0 0.0 0.0 0.0 0.0 2.68221e-07 0.0 0.0 0.0 8.9407e-08 0.0 0.0 4.02331e-06 0.0 0.0 0.547325 0.000229031 0.0 0.0 1.69575e-05 0.0 0.0 0.0 0.997564 1.78814e-07 0.0 0.337227 0.0 0.0 0.0 2.5034e-06 0.000531554 0.0 0.0 0.0 0.0 0.0 0.0 0.0 0.0191406 0.0 0.0 0.0 0.0 0.0 0.0 0.0 0.000280112 0.0 0.0 2.38419e-05 1.78814e-06 0.0 0.000457019 0.0 0.0 0.0 0.0 0.0 0.0
0.0 0.0 0.0 0.0 0.0 0.0 0.0 0.0 0.0 0.0 0.0 0.0 0.0 0.0 0.0 0.0 0.0 0.0 0.0 0.0 0.0 0.0 0.0 0.0 0.993497 0.0 0.0 0.0 0.0 0.0 0.0 0.0 0.0 0.0 0.0 0.0 0.0 0.0 0.0 0.0 0.0 0.0 0.0 0.0 0.0 0.0 0.0 0.0 0.0 0.0 0.0 0.0 0.0 0.0 0.0 1.49012e-07 0.0 0.0 0.0 0.0 0.0 0.0 0.0 0.0
0.0 0.0 0.0 0.0 0.0 0.0 0.0 0.0 0.0 0.0 0.0 0.0 0.0 0.0 0.0 0.0 1.49012e-07 0.0 0.0 0.0 0.0 0.0 0.0 0.999996 0.0 0.0 0.0 0.142577 0.0 0.0 0.0 0.0 0.0 0.0 0.0 0.0 0.0 0.0 0.0 0.0 0.0 0.0 0.0 0.0 0.0 0.0 0.0 0.0 0.0 0.0 0.0 0.0 0.0 0.0 0.0 0.0 0.0 0.238938 0.0 0.0 0.0 0.0 0.0 0.0
0.0 0.0 0.0 0.0 2.05636e-06 0.0 0.0 0.0 0.0 0.0 0.0 0.0 0.0 0.0 0.0 0.0 0.0 0.0 0.0 0.0 0.0 0.997433 0.0 0.0 0.0 0.0 0.0 0.0 0.0 0.0 0.0 0.0 1.78814e-07 0.0 0.0 0.0 0.0 0.000444829 0.0 0.0 5.96046e-08 0.0 0.0 0.0 0.0 0.0 0.0 0.0 0.0 0.0 0.0 0.0 0.0 0.0 0.0 0.0 0.0 0.0 0.0 0.0 0.0 0.0 0.0 0.0
0.0 0.999787 0.0 0.0 0.0 0.0 0.0 0.0 0.0 0.0 0.0 0.0 0.0 0.0 0.0 0.0 0.0 0.0 0.0 0.0 0.0 0.0 0.0 1.78814e-07 0.0 0.0 0.0 1.19209e-07 0.0 0.0 0.0 0.0 0.0 0.0 0.0 0.0 0.0 0.0 0.0 0.0 0.0 0.0 0.0 0.0 0.0 0.0 0.0 0.0 0.0 0.0 0.0 0.0 0.0 0.0 0.0 0.0 0.0 2.38419e-07 0.0 0.0 0.0 0.0 0.0 0.0
0.0 0.0 0.0 0.0 0.0 0.0 0.0 0.0 0.0 0.0 0.0 0.0 0.0 0.999998 0.0 0.0 0.0 0.0 0.0 0.0 0.0 0.0 0.0 0.0 0.0 0.0 0.0 2.98023e-08 9.83477e-07 0.0 0.0 5.96046e-08 0.0 0.0 8.9407e-08 0.0 0.0 0.0 0.0 0.0 0.0 0.0 0.0 0.000699103 0.0 0.0 0.0 0.0 0.0 0.0 0.0 0.0 0.0 2.5481e-05 8.16584e-06 0.0 0.0 0.0 0.0 0.0 0.0 0.0 0.0 0.0
0.0 0.0 0.0 0.0 0.0 0.0 0.0 0.0 0.0 5.66244e-07 0.0 0.0 0.0 0.0 0.0 0.0 2.68221e-07 0.0 0.0 2.98023e-07 0.0 0.0 0.0 0.0260889 0.0 0.0 0.0 0.316039 0.0 0.0 8.9407e-08 0.0 0.0 0.0 3.8445e-06 0.0 0.0 0.0 0.0 0.0 0.0 0.0 0.0 0.0 0.0 0.0 0.0 0.0 0.0 0.0 0.0 0.0 0.0 0.0 0.0 0.0 0.0 0.999887 0.0 0.0 0.0 0.0 0.0 0.0
0.0 0.0 0.996863 0.0 0.0 0.0 0.0 0.0 0.0 0.0 0.0 0.0 0.0 0.0 0.0 0.0 0.0 0.0 0.0 0.0 0.0 0.0 0.0 0.0 0.0 0.0 0.0 0.0 0.0 0.0 0.0 0.0 0.0 0.0 0.0 0.0 0.0 0.0 0.0 0.0 0.0 0.0 0.0 0.0 0.0 0.0 0.0 0.0 0.0 0.0 0.0 0.0 0.0 0.0 0.0 0.0 0.0 0.0 0.0 0.0 0.0 0.0 0.0 0.0
0.750551 0.0 0.0 0.0 0.000103176 0.0 7.689e-06 1.78814e-07 0.0 0.0 0.905158 0.0 7.15256e-07 0.0 0.0 0.0 0.0 0.0 0.000135392 0.0 0.0 2.98023e-08 3.55244e-05 0.0 0.0 0.0 0.548133 0.0 0.0 0.999423 0.0 0.0 0.0 0.826476 0.0 0.0 0.0 0.0 0.0 0.0 0.0 0.0 5.42402e-05 0.0 0.00333348 0.0135273 0.0 0.00130254 0.0 0.999729 0.990417 0.0 0.747469 0.0 0.0 0.0 0.0 0.0 0.0 0.883861 0.0 0.0 0.0 0.0
0.0 0.0 0.0 0.0 0.0 0.0 0.0 0.0 0.0 0.000845909 0.0 0.0 0.0 0.0 0.0 0.0 0.00564671 0.0 0.0 0.351971 0.205478 0.0 0.0 1.78814e-07 0.0 0.0 0.0 0.0622217 0.00190666 0.0 0.98259 3.57628e-07 5.39422e-06 0.0 0.00300089 0.0 0.0 0.0 0.0 0.0 0.0 0.0 0.0 7.46846e-05 0.0 0.0 0.0 0.0 0.0 0.0 0.0 0.0 0.0 0.0 0.0105147 0.0 0.0 2.08616e-07 0.0 0.0 0.0 0.0 0.0 0.0
0.000111639 0.0 0.0 0.0 0.0 0.0 0.0 0.847815 0.0 0.0 0.00053674 0.0 0.00215697 0.0 0.0 0.0 0.0 0.0 0.0 0.0 0.0 0.0 1.2219e-05 0.0 0.0 0.0 0.0 0.0 0.0 5.96046e-08 0.0 0.0 0.0 0.0366676 0.0 0.0 0.0 1.95801e-05 0.0 0.0 0.0 0.0 0.0 0.0 5.96046e-08 0.00162369 0.0 0.0 0.00223678 0.998088 0.0 0.0 0.000109434 2.68221e-06 0.0 0.0 0.0 0.0 0.0 0.0 0.0 0.0 2.3365e-05 0.0
0.0 0.0 0.0 0.00136271 0.0 0.0 0.0 0.0 0.869897 0.0 0.0 0.0 0.0 0.0 0.0 0.0 0.0 0.0 0.0 0.0 0.0 0.0 0.0 0.0 0.0 0.0 0.0 0.0 0.0 0.0 0.0 0.0 0.0 0.0 0.0 0.0 0.0 0.0 0.0 0.0 0.0 0.0 0.0 0.0 0.0 0.0 0.0 0.0 0.0 0.0 0.0 0.0 0.0 0.0 0.0 0.0 0.0 0.0 0.0 0.0 0.0 0.0 0.0 0.0
0.0 0.0 0.0 0.0 0.0 0.0 0.0 0.0 0.0 0.0 0.0 0.0 0.0 1.57952e-06 0.0 0.985742 0.0 0.0 0.0 0.0 0.0 0.0 0.0 0.0 0.0 0.0 0.0 0.0 0.0 0.0 0.0 0.0 0.0 0.0 0.0 0.0 0.0 0.0 0.0 0.0 0.0 0.0 0.0 0.0 0.0 0.0 0.0 0.0 0.0 0.0 0.0 0.0 0.0 0.0 0.0 0.0 0.0 0.0 0.0 0.0 0.0 0.0 0.0 0.0
0.0 0.0 0.0 0.0 0.0 0.0 0.0 0.0 0.0 0.0 0.0 0.0 0.0 0.0 0.0 0.0 0.0 0.0 0.0 0.0 0.0 0.0 0.0 0.0 0.0 0.0 0.0 0.0 0.0 0.0 0.0 0.0 0.0 0.0 0.0 0.0 0.0 0.0 0.0 0.0 0.0 2.98023e-07 0.0 0.0 0.0 0.0 0.0 0.0 0.0 0.0 0.0 0.0 0.0 0.0 0.0 0.0 1.2815e-06 0.0 0.0 0.0 0.98837 0.0 0.0 0.0
0.000876606 0.0 0.0 0.0 1.78814e-07 0.0 0.0 0.00206062 0.0 0.0 8.40425e-06 0.0 6.85453e-07 0.0 1.78814e-07 0.0 4.76837e-07 0.0 0.0 0.0 0.0 0.0 0.0 0.0 0.0 0.0 0.0 0.0 0.0 0.00476992 0.0 0.00257412 0.0 0.308807 0.0 0.0 0.0 8.9407e-08 0.0 0.0 0.0 0.0 5.06639e-07 2.17557e-06 0.42489 0.00666472 0.0 0.0 2.08616e-07 0.0010702 0.0 0.0 0.996226 0.0 0.0 0.0 0.0 0.0 0.0 0.0 0.0 0.0 0.0 2.98023e-07
0.0 0.0 0.0 0.0 0.0 0.0 0.0 0.0 0.0 0.0 0.0 0.0 0.0 0.0 0.0 0.0 0.0 0.0 0.0 0.0 0.0 0.123084 0.0 0.0 0.0331782 0.0 0.0 0.0 0.0 0.0 0.0 0.0 0.0 0.0 0.0 0.0 0.0 0.0 0.0 0.0 0.0 0.0 0.0 0.0 0.0 0.0 0.0 0.0 0.0 0.0 0.0 0.0 0.0 0.0 0.0 0.24596 0.0 0.983457 0.0 0.0 0.0 0.0 0.0 0.0
0.0 0.0 0.0 0.0 0.0 0.0 0.0303415 0.0 0.0 0.0 0.0 0.0 0.0 0.000534534 0.0 0.0 0.0 0.0 0.0 0.0 0.0 0.0 3.75509e-06 0.0 0.0 0.0 0.0 0.0 0.0 0.0 0.0 0.0 0.0 0.0 0.0 0.0 0.0 0.0 1.98483e-05 0.0 0.0 0.0 0.0 0.0 0.0 0.0 0.983693 0.0 0.0 0.0 0.0 0.0 0.0 0.0 0.0 0.0 0.0 0.0 0.0 0.0 0.0 0.0 0.0 0.0
0.0 0.0 0.0 0.0 3.65674e-05 0.0 0.0 0.0 0.0 0.105764 0.0 0.0 0.0 0.0 0.52998 0.0 0.650491 0.0 0.0 0.002334 1.37985e-05 0.0 0.0 5.96046e-08 0.0 0.0 0.0 7.11977e-05 0.000177592 9.88841e-05 0.0 5.26309e-05 0.999797 0.0 0.0 0.0 0.000998735 0.0 0.0 0.0 0.0 0.0 0.00319627 1.35303e-05 1.81198e-05 0.0 0.0 0.0 0.0 0.0 0.0 0.0 0.0 0.0 0.000115335 0.0 0.0 0.0 0.0 0.0 0.0 0.0 0.0 0.00170949
4.79817e-06 0.0 0.0 0.0 1.88649e-05 0.0 0.0 0.0 0.0 0.00564075 0.0 0.0 0.0 0.0 0.834417 0.0 0.14529 0.0 0.0 2.68221e-07 2.38419e-07 0.0 0.0 0.0 0.0 0.0 0.0 8.9407e-08 2.68221e-07 0.000515521 0.0 0.0418577 0.00430018 0.0 0.0 0.0 0.0809694 0.0 0.0 0.0 0.0 0.0 0.997212 0.00224501 0.242334 0.0 0.0 0.0 0.0 0.0 0.0 0.0 6.935e-05 0.0 0.429633 0.0 0.0 0.0 0.0 0.0 0.0 0.0 0.0 0.00134993
0.0 0.0 0.0 0.0 0.0 0.0 0.0 0.0 0.0 0.0 0.0 0.0 0.0 0.0 0.0 0.0 0.0 0.0 0.0 0.0 0.0 0.0 0.0 0.0 0.0 0.0 0.0 0.0 0.0 0.0 0.0 0.0 0.0 0.0 0.0 0.0 0.0 0.0 0.0 0.0 0.999998 0.0 0.0 0.0 0.0 0.0 0.0 0.0 0.0 0.0 0.0 0.0 0.0 0.0 0.0 0.0 0.0 0.0 0.0 0.0 0.0 0.0 0.0 0.0
0.0789015 0.0 0.0 0.0 0.0 0.0 0.0 0.00445673 0.0 0.0 0.00474828 0.0 5.36442e-07 0.0 1.19209e-07 0.0 1.49012e-07 0.0 0.0 0.0 0.0 0.0 0.0 0.0 0.0 0.0 0.0 0.0 0.0 0.405468 0.0 0.0353754 0.0 0.235115 0.0 0.0 3.8743e-07 0.0 0.0 0.0 0.0 0.0 5.06639e-07 0.000189692 0.751004 0.0304422 0.0 2.74181e-06 0.0 0.00257534 0.0 0.0 0.30806 0.0 0.0 0.0 0.0 0.0 0.0 0.0 0.0 0.0 0.0 3.27826e-06
0.0 0.0 0.0 0.0 0.0 0.0 0.0 0.0 0.0 0.0 0.0 0.0 0.0 0.0 0.0 0.0 0.0 1.76728e-05 0.0 0.0 0.0 0.0 0.0 0.0 0.0 0.988149 0.0 0.0 0.0 0.0 0.0 0.0 0.0 0.0 0.0 0.0 0.0 0.0 0.0 0.0 0.0 0.0 0.0 0.0 0.0 0.0 0.0 0.0 0.0 0.0 0.0 0.0 0.0 0.0 0.0 0.0 0.0 0.0 0.0 0.0 0.0 0.0 0.0 0.0
0.0 0.0 0.0 0.0 0.0 0.0 0.000202984 0.0 0.0 0.0 0.0 0.0 0.0 0.0317887 0.0 0.0 0.0 0.0 0.0 0.0 0.0 0.0 8.9407e-08 0.0 0.0 0.0 0.0 0.0 0.0 0.0 0.0 0.0 0.0 0.0 0.0 0.0 0.0 0.0 0.997762 0.0 0.0 0.0 0.0 0.0 0.0 0.0 6.04987e-06 0.0 0.0 0.0 0.0 0.0 0.0 0.0 0.0 0.0 0.0 0.0 0.0 0.0 0.0 0.0 0.0 0.0
0.0 0.0 0.0 0.0 0.0 0.0 0.0 0.0 0.0 0.0 0.0 0.0 0.0 0.0 0.0 0.0 0.0 0.0 0.0 0.0 0.0 0.0 5.96046e-08 0.0 0.0 0.0 0.0 0.0 0.0 0.0 0.0 0.0 0.0 0.0 0.0 0.0 0.0 0.000127763 0.0 0.0 0.0 0.0 0.0 0.0 0.0 0.0 0.0 0.0 0.228928 5.96046e-08 0.0 0.0 0.0 0.0 0.0 0.0 0.0 0.0 0.0 0.0 0.0 0.0 0.999636 0.0
1.49012e-07 0.0 0.0 0.0 6.25849e-07 0.0 0.0 0.0 0.0 0.116728 0.0 0.0 0.0 0.0 0.322 0.0 0.00277561 0.0 0.0 1.42455e-05 1.37389e-05 0.0 0.0 0.0 0.0 0.0 0.0 1.16229e-05 0.74783 4.64618e-05 0.0 0.000763237 0.00149387 0.0 0.0 0.0 0.999955 0.0 0.0 0.0 0.0 0.0 0.038318 0.0602469 0.00629798 0.0 0.0 0.0 0.0 0.0 0.0 0.0 0.0 0.0 0.0660535 0.0 0.0 0.0 0.0 0.0 0.0 0.0 0.0 0.00997293
0.999407 0.0 0.0 0.0 0.0 0.0 0.0 0.000494659 0.0 0.0 0.000192225 0.0 0.000301003 0.0 0.0 0.0 0.0 0.0 0.0 0.0 0.0 0.0 0.0 0.0 0.0 0.0 0.0 0.0 0.0 0.0029988 0.0 0.00212553 0.0 0.000535369 0.0 0.0 2.68221e-07 0.0 0.0 0.0 0.0 0.0 2.98023e-08 0.00014925 0.00108835 0.177804 0.0 2.08616e-07 0.0 0.000165492 0.0 0.0 1.21295e-05 0.0 0.0 0.0 0.0 0.0 0.0 0.0 0.0 0.0 0.0 1.19209e-07
0.000459999 0.0 0.0 0.0 9.56655e-06 0.0 0.0 5.96046e-08 0.0 0.000279248 8.9407e-08 0.0 0.0 0.0 0.00420773 0.0 0.00184375 0.0 0.0 0.0 0.0 0.0 0.0 0.0 0.0 0.0 0.0 0.0 1.19209e-07 0.238712 0.0 0.694193 1.43945e-05 0.000175625 0.0 0.0 0.00106347 0.0 0.0 0.0 0.0 0.0 0.0121548 0.094202 0.999736 0.000126153 0.0 5.87106e-06 0.0 2.38419e-07 0.0 0.0 0.382625 0.0 6.05583e-05 0.0 0.0 0.0 0.0 0.0 0.0 0.0 0.0 0.0165296
0.0 0.0 0.0 0.0 0.0 0.0 0.0218888 0.0 0.0 0.0 0.0 0.0 0.0 0.980968 0.0 8.9407e-08 0.0 0.0 0.0 0.0 0.0 0.0 2.08616e-07 0.0 0.0 0.0 0.0 0.0 0.0 0.0 0.0 0.0 0.0 0.0 0.0 0.0 0.0 0.0 0.142583 0.0 0.0 0.0 0.0 0.0 0.0 0.0 0.000627905 0.0 0.0 0.0 0.0 0.0 0.0 0.0 0.0 0.0 0.0 0.0 0.0 0.0 0.0 0.0 0.0 0.0
3.07262e-05 0.0 0.0 0.0 0.0 0.0 0.0 0.0261052 0.0 0.0 1.54674e-05 0.0 0.985049 0.0 0.0 0.0 0.0 0.0 0.0 0.0 0.0 0.0 8.9407e-08 0.0 0.0 0.0 0.0 0.0 0.0 0.0 0.0 0.0 0.0 5.33462e-06 0.0 0.0 0.0 5.96046e-08 0.0 0.0 0.0 0.0 0.0 0.0 0.0 0.0480649 0.0 0.0 2.98023e-08 0.0395742 0.0 0.0 3.57628e-07 0.0 0.0 0.0 0.0 0.0 0.0 0.0 0.0 0.0 0.0 0.0
0.0 2.98023e-08 0.0 0.0 0.0 5.06639e-07 0.0 0.0 0.0 0.0 0.0 0.0 0.0 0.0 0.0 0.0 0.0 0.0 0.0 5.45382e-06 0.0 0.0 0.0 7.7486e-07 0.0 0.0 0.0 0.000190794 0.0 0.0 0.0 0.0 0.0 0.0 0.0 0.0 0.0 0.0 0.0 0.0 0.0 0.00143379 0.0 0.0 0.0 0.0 0.0 0.0 0.0 0.0 0.0 0.0 0.0 0.0 0.0 0.0 0.998826 0.0 0.0 0.0 8.9407e-08 0.0 0.0 0.0
1.49012e-07 0.0 0.0 0.0 1.13249e-06 0.0 0.0 0.0 0.0 0.0434852 0.0 0.0 0.0 0.0 0.9596 0.0 0.141063 0.0 0.0 0.000325829 0.00029844 0.0 0.0 0.0 0.0 0.0 0.0 0.000182986 3.75509e-06 3.8445e-05 0.0 0.00200349 0.00174633 0.0 0.0 0.0 0.29219 0.0 0.0 0.0 0.0 0.0 0.95175 0.00048998 0.00955188 0.0 0.0 0.0 0.0 0.0 0.0 0.0 2.68221e-07 0.0 0.999794 0.0 0.0 0.0 0.0 0.0 0.0 0.0 0.0 0.000982255
0.240747 0.0 0.0 0.0 1.19209e-07 0.0 0.0 2.98023e-08 0.0 1.19209e-07 5.66244e-07 0.0 0.0 0.0 0.00036025 0.0 4.85778e-06 0.0 0.0 0.0 0.0 0.0 0.0 0.0 0.0 0.0 0.0 0.0 1.19209e-07 0.889282 0.0 0.998809 1.60933e-06 0.000154734 0.0 0.0 0.000173539 0.0 0.0 0.0 0.0 0.0 0.000256479 0.0897141 0.813774 5.99623e-05 0.0 2.37226e-05 0.0 8.9407e-08 0.0 0.0 0.000106454 0.0 3.15905e-06 0.0 0.0 0.0 0.0 0.0 0.0 0.0 0.0 0.0288677
0.00144175 0.0 0.0 0.0 0.0 0.0 0.0 0.544987 0.0 0.0 0.000228852 0.0 0.0100778 0.0 0.0 0.0 0.0 0.0 0.0 0.0 0.0 0.0 0.0 0.0 0.0 0.0 0.0 0.0 0.0 3.60608e-06 0.0 0.0 0.0 0.117904 0.0 0.0 0.0 0.0 0.0 0.0 0.0 0.0 0.0 0.0 1.78814e-07 0.151991 0.0 0.0 2.38419e-07 0.172826 0.0 0.0 8.89003e-05 0.0 0.0 0.0 0.0 0.0 0.0 0.0 0.0 0.0 0.0 0.0
0.0 0.0 2.08616e-07 0.0 6.34789e-06 8.9407e-08 0.0 0.0 0.0 1.2815e-06 0.0 0.0 0.0 0.0 0.000295192 0.0 4.19915e-05 0.0 0.0 2.98023e-07 0.999365 0.0 0.0 3.9041e-06 0.0 0.0 0.0 0.0387399 6.18696e-05 0.0 0.0 2.44379e-06 3.60608e-06 0.0 0.00031817 0.0 1.93417e-05 0.0 0.0 0.0 0.0 0.000135958 1.04308e-06 2.08616e-07 2.68221e-07 0.0 0.0 0.0 0.0 0.0 0.0 0.0 0.0 0.0 0.000112891 0.0 1.19209e-07 0.0 0.0 0.0 0.0 0.0 0.0 1.27256e-05
0.0 0.984742 2.38419e-07 0.0 0.0 0.784435 0.0 0.0 0.0 0.0 0.0 0.0 0.0 0.0 0.0 0.0 0.0 0.0 0.0 0.0 5.96046e-08 0.0 0.0 0.00102046 0.0 0.0 0.0 2.95043e-06 0.0 0.0 0.0 0.0 0.0 0.0 0.0 0.0 0.0 0.0 0.0 0.0 0.0 0.998072 0.0 0.0 0.0 0.0 0.0 0.0 0.0 0.0 0.0 0.0 0.0 0.0 0.0 0.0 3.45707e-06 0.0 0.0 0.0 0.0 0.0 0.0 0.0
0.0 0.0 0.0 0.0 0.0 0.0 0.0 0.0 0.0 0.0 0.0 0.0 0.0 0.0 0.0 0.0 0.0 1.19209e-07 0.0 0.0 0.0 0.0 0.0 0.0 0.0 0.0 0.0 0.0 0.0 0.0 0.0 0.0 0.0 0.0 0.0 0.0 0.0 0.0 0.0 0.0 0.0 0.0 0.0 0.0 0.0 0.0 0.0 0.0 0.0 0.0 0.999238 0.0 0.0 0.0 0.0 0.0 0.0 0.0 0.0 0.0 0.0 0.0 0.0 0.0
0.0 0.0 0.0 0.0 0.0 0.0 0.0 0.0 0.0 0.0 0.0 0.0 0.0 0.0 0.0 0.0 0.0 0.0 0.0 0.0 0.0 0.0 8.64267e-07 0.0 0.0 0.0 0.0 0.0 0.0 0.0 0.0 0.0 0.0 0.0 0.0 0.0 0.0 0.0 0.0 0.0 0.0 0.0 0.0 0.0 0.0 0.0 0.0 0.0 0.0 0.0 0.0 0.0 0.0 1.49012e-07 0.0 0.0 0.0 0.0 0.0 0.0 0.0 0.0 0.0 0.0
0.0 0.000102192 0.0 0.0 0.0 0.00934705 0.0 0.0 0.0 5.96046e-08 0.0 0.0 0.0 0.0 1.43051e-06 0.0 5.96046e-08 0.0 0.0 2.98023e-05 0.000227481 0.0 0.0 0.999853 0.0 0.0 0.0 0.00742561 2.98023e-08 0.0 0.0 0.0 6.85453e-07 0.0 0.0 0.0 0.0 0.0 0.0 0.0 0.0 0.245429 0.0 0.0 0.0 0.0 0.0 0.0 0.0 0.0 0.0 0.0 0.0 0.0 1.04308e-06 0.0 3.12924e-06 0.0 0.0 0.0 0.0 0.0 0.0 0.0
0.0 2.98023e-08 0.0 0.0 5.66244e-07 1.90735e-06 0.0 0.0 0.0 0.00163871 0.0 0.0 0.0 0.0 0.0346279 0.0 1.72555e-05 0.0 0.0 0.00722173 0.100789 0.0 0.0 0.0119909 0.0 0.0 0.0 0.999583 0.000111431 0.0 0.0 0.0 0.00327256 0.0 0.0 0.0 0.00055337 0.0 0.0 0.0 0.0 0.00078699 8.31485e-06 0.0 0.0 0.0 0.0 0.0 0.0 0.0 0.0 0.0 0.0 0.0 8.93474e-05 0.0 0.00011757 0.0 0.0 0.0 0.0 0.0 0.0 2.38419e-07
0.00374639 0.0 0.0 0.0 0.0 0.0 0.0 0.320741 0.0 0.0 0.997169 0.0 0.000424474 0.0 0.0 0.0 0.0 0.0 0.0 0.0 0.0 0.0 0.0 0.0 0.0 0.0 0.0 0.0 0.0 1.13249e-06 0.0 0.0 0.0 0.00634867 0.0 0.0 0.0 0.0 0.0 0.0 0.0 0.0 0.0 0.0 1.13249e-06 0.198895 0.0 1.19209e-07 2.98023e-08 0.00503507 0.0 0.0 5.87106e-06 8.9407e-08 0.0 0.0 0.0 0.0 0.0 0.0 0.0 0.0 0.0 0.0
0.0 2.563e-06 0.0 0.0 0.0 2.5034e-06 0.0 0.0 0.0 0.0 0.0 0.0 0.0 0.0 0.0 0.0 0.0 0.0 0.0 0.0 0.0 0.0 0.0 0.0 0.0 0.0 0.0 0.0 0.0 0.0 2.98023e-08 0.0 0.0 0.0 0.0 0.0 0.0 0.0 0.0 0.0 0.0 0.000561506 0.0 0.0 0.0 0.0 0.0 0.0 0.0 0.0 0.0 0.0 0.0 0.0 0.0 0.0 2.98023e-08 0.0 0.0 0.0 0.0 0.0 0.0 0.0
0.0 0.0 0.0 0.0 0.000116974 0.0 0.0 0.0 0.0 0.993402 0.0 0.0 0.0 0.0 0.344299 0.0 0.0663516 0.0 0.0 1.84476e-05 3.51667e-06 0.0 0.0 0.0 0.0 0.0 0.0 2.98023e-06 1.94907e-05 0.00100109 0.0 0.000337362 0.161307 0.0 0.0 0.0 0.309914 0.0 0.0 0.0 0.0 0.0 0.0224385 0.00193483 0.0676439 0.0 0.0 8.9407e-08 0.0 0.0 0.0 0.0 1.27852e-05 0.0 0.00571892 0.0 0.0 0.0 0.0 0.0 0.0 0.0 0.0 0.00171074
0.0638866 0.0 0.0 0.0 1.49012e-07 0.0 0.0 1.33216e-05 0.0 2.08616e-07 1.79708e-05 0.0 2.08616e-07 0.0 6.22869e-06 0.0 4.64916e-06 0.0 0.0 0.0 0.0 0.0 0.0 0.0 0.0 0.0 0.0 0.0 0.0 0.999231 0.0 0.167768 7.15256e-07 0.0042153 0.0 0.0 1.055e-05 0.0 0.0 0.0 0.0 0.0 4.47035e-07 0.0343302 0.637358 0.00340939 0.0 0.00479707 0.0 2.563e-05 0.0 0.0 0.00135782 1.19209e-07 0.0 0.0 0.0 0.0 0.0 0.0 0.0 0.0 0.0 0.000512868
0.0505436 0.0 0.0 0.0 0.0 0.0 0.0 0.951361 0.0 0.0 0.0294022 0.0 0.000373721 0.0 0.0 0.0 0.0 0.0 0.0 0.0 0.0 0.0 0.0 0.0 0.0 0.0 0.0 0.0 0.0 0.00315478 0.0 7.89762e-06 0.0 0.966535 0.0 0.0 0.0 1.68681e-05 0.0 0.0 0.0 0.0 0.0 1.49012e-07 0.000355393 0.0116592 0.0 1.07288e-06 0.000367969 0.676229 0.0 0.0 0.549156 2.98023e-07 0.0 0.0 0.0 0.0 0.0 0.0 0.0 0.0 8.34465e-07 0.0
0.0 0.0 0.0 0.0 0.994736 0.0 0.0 0.0 0.0 1.49012e-07 0.0 0.0 0.0 0.0 2.80142e-05 0.0 7.15256e-07 0.0 0.0 0.0 1.69277e-05 0.0 0.0 0.0 0.0 0.0 0.0 0.0 0.0 3.8743e-07 0.0 2.05636e-06 8.85129e-06 0.0 0.0 0.0 5.96046e-08 0.0 0.0 0.0 0.0 0.0 0.0 2.98023e-08 2.68221e-07 0.0 0.0 0.0 0.0 0.0 0.0 0.0 0.0 0.0 0.0 0.0 0.0 0.0 0.0 0.0 0.0 0.0 0.0 3.9041e-06
0.0 0.0 0.0 0.0 0.0 0.0 0.0 1.84774e-06 0.0 0.0 0.0 0.0 0.0 0.0 0.0 0.0 0.0 0.0 0.0 0.0 0.0 0.0 0.0 0.0 0.0 0.0 0.0 0.0 0.0 0.0 0.0 0.0 0.0 2.83122e-06 0.0 0.0 0.0 0.0477977 0.0 0.0 0.0 0.0 0.0 0.0 0.0 0.0 0.0 0.0 0.999875 3.98159e-05 0.0 0.0 3.27826e-07 0.0 0.0 0.0 0.0 0.0 0.0 0.0 0.0 0.0 0.530863 0.0
0.0 0.0 0.0 0.0 0.0 0.0 0.0 0.0 0.0 0.0 0.0 0.0 0.0 0.0 0.0 0.0 0.0 0.0 0.0 0.0 0.0 0.0 0.0 0.0 0.0 0.0 0.0 0.0 0.0 0.0 0.0 0.0 0.0 0.0 0.0 0.0 0.0 0.0 0.0 0.955187 0.0 0.0 0.0 0.0 0.0 0.0 0.0 0.0 0.0 0.0 0.0 0.0 0.0 0.0 0.0 0.0 0.0 0.0 0.0 0.0 0.0 0.0 0.0 0.0
0.0 0.0 2.98023e-08 0.0 0.0 0.0 0.0 0.0 0.0 0.0 0.0 0.0 0.0 0.0 0.0 0.0 0.0 0.0 0.0 0.0 0.000208378 0.0 0.0 0.0 0.0 0.0 0.0 0.0 0.0 0.0 0.0 0.0 0.0 0.0 0.999899 0.0 0.0 0.0 0.0 0.0 0.0 0.0 0.0 0.0 0.0 0.0 0.0 0.0 0.0 0.0 0.0 0.0 0.0 0.0 0.0 0.0 0.0 0.0 0.0 0.0 0.0 0.0 0.0 0.0
0.0 0.0 0.0 0.0 0.0 0.0 0.0 0.0 0.0 0.0 0.0 0.0 0.0 0.0 0.0 0.0 0.0 0.0 0.0 0.0 0.0 0.0 0.0 0.0 0.0 0.0 0.0 0.0 0.0 0.0 0.0 0.0 0.0 0.0 0.0 0.0 0.0 0.0 0.0 0.0 0.0 0.0 0.0 0.0 0.0 0.0 0.0 0.0 0.0 0.0 0.0 0.0 0.0 0.0 0.0 0.0 0.0 0.0 0.0 0.0 0.0 0.987139 0.0 0.0
0.0 0.0 0.0 0.0 0.0 0.0 0.0 0.0 0.0 0.0 0.0 0.0 0.0 0.0 0.0 0.0 0.0 0.0 0.0 0.0 0.0 0.0 0.0 0.0 0.0 0.0 0.0 0.0 0.0 0.0 0.0 0.0 0.0 0.0 0.0 0.0 0.0 0.0 0.0 0.912817 0.0 0.0 0.0 0.0 0.0 0.0 0.0 0.0 0.0 0.0 0.0 0.0 0.0 0.0 0.0 0.0 0.0 0.0 0.0 0.0 0.0 0.0 0.0 0.0
0.0 0.0 0.0 0.0 0.0 0.0 0.0 0.0 0.0 0.0 0.0 0.0 0.0 0.0 0.0 0.0 0.0 0.0 0.0 0.0 0.0 0.0 0.0 0.0 0.0 0.0 0.999662 0.0 0.0 0.0 0.0 0.0 0.0 0.0 0.0 0.0 0.0 0.0 0.0 0.0 0.0 0.0 0.0 0.0 0.0 0.0 0.0 0.0 0.0 0.0 0.0 0.0 0.0 0.0 0.0 0.0 0.0 0.0 0.0 0.0 0.0 0.0 0.0 0.0
0.000113994 0.0 0.0 0.0 1.2517e-06 0.0 0.0 0.0 0.0 0.000441581 0.0 0.0 0.0 0.0 0.00811064 0.0 0.000798404 0.0 0.0 0.0 6.25849e-07 0.0 0.0 0.0 0.0 0.0 0.0 0.0 7.76947e-05 0.644678 0.0 0.512784 5.85914e-05 6.76513e-06 0.0 0.0 0.224317 0.0 0.0 0.0 0.0 0.0 0.00109574 0.996721 0.958613 2.38419e-07 0.0 0.00012213 0.0 0.0 0.0 0.0 1.20103e-05 0.0 3.81768e-05 0.0 0.0 0.0 0.0 0.0 0.0 0.0 0.0 0.647183
0.00227788 0.0 0.0 0.0 0.0 0.0 0.0 0.995833 0.0 0.0 0.0242911 0.0 0.00602835 0.0 0.0 0.0 0.0 0.0 0.0 0.0 0.0 0.0 6.55651e-07 0.0 0.0 0.0 0.0 0.0 0.0 8.9407e-08 0.0 0.0 0.0 0.299374 0.0 0.0 0.0 2.08616e-07 0.0 0.0 0.0 0.0 0.0 0.0 2.98023e-08 0.0623076 0.0 0.0 8.9407e-06 0.755874 0.0 0.0 5.6684e-05 1.2815e-06 0.0 0.0 0.0 0.0 0.0 0.0 0.0 0.0 3.01003e-06 0.0
0.0 0.931883 5.96046e-08 0.0 0.0 0.99769 0.0 0.0 0.0 0.0 0.0 0.0 0.0 0.0 0.0 0.0 0.0 0.0 0.0 6.25849e-07 4.17233e-06 0.0 0.0 0.0392744 0.0 0.0 0.0 7.21216e-05 0.0 0.0 0.0 0.0 0.0 0.0 0.0 0.0 0.0 0.0 0.0 0.0 0.0 0.999358 0.0 0.0 0.0 0.0 0.0 0.0 0.0 0.0 0.0 0.0 0.0 0.0 0.0 0.0 0.000102282 0.0 0.0 0.0 0.0 0.0 0.0 0.0
0.0107157 0.0 0.0 0.0 0.0 0.0 0.0 0.516883 0.0 0.0 0.000535667 0.0 1.37985e-05 0.0 0.0 0.0 0.0 0.0 0.0 0.0 0.0 0.0 0.0 0.0 0.0 0.0 0.0 0.0 0.0 0.000185132 0.0 5.51343e-06 0.0 0.999829 0.0 0.0 0.0 2.98023e-08 0.0 0.0 0.0 0.0 0.0 4.17233e-07 0.000540853 0.0399386 0.0 1.40071e-06 5.06639e-07 0.061278 0.0 0.0 0.111075 8.9407e-08 0.0 0.0 0.0 0.0 0.0 0.0 0.0 0.0 1.19209e-07 0.0
0.0 0.0 0.0 0.0 0.0 2.98023e-08 0.0 0.0 0.0 0.000276446 0.0 0.0 0.0 0.0 0.00838423 0.0 0.000578493 0.0 0.0 0.975782 4.74453e-05 0.0 0.0 4.53293e-05 0.0 0.0 0.0 0.105801 4.97699e-06 0.0 0.0 0.0 0.0178472 0.0 0.0 0.0 1.76728e-05 0.0 0.0 0.0 0.0 8.07643e-05 4.73857e-06 0.0 0.0 0.0 0.0 0.0 0.0 0.0 0.0 0.0 0.0 0.0 0.000386983 0.0 2.00272e-05 0.0 0.0 0.0 0.0 0.0 0.0 2.08616e-07
0.0 0.0 0.0 0.0 0.0 0.0 0.0 0.0 0.0 0.0 0.0 0.983577 0.0 0.0 0.0 0.0 0.0 0.0 0.0 0.0 0.0 0.0 0.0 0.0 0.0 0.0 0.0 0.0 0.0 0.0 0.0 0.0 0.0 0.0 0.0 0.0 0.0 0.0 0.0 0.0 0.0 0.0 0.0 0.0 0.0 0.0 0.0 0.0 0.0 0.0 0.0 0.0 0.0 0.0 0.0 0.0 0.0 0.0 0.0 0.0 0.0 0.0 0.0 0.0
1.19507e-05 0.0 0.0 0.0 4.50015e-06 0.0 0.0 0.0 0.0 0.000160247 0.0 0.0 0.0 0.0 0.105363 0.0 0.00525349 0.0 0.0 5.96046e-08 6.25849e-07 0.0 0.0 0.0 0.0 0.0 0.0 0.0 0.000213653 0.104318 0.0 0.490987 0.00130361 1.49012e-07 0.0 0.0 0.0720694 0.0 0.0 0.0 0.0 0.0 0.000335068 0.40065 0.510751 0.0 0.0 1.39773e-05 0.0 0.0 0.0 0.0 5.90086e-06 0.0 0.000119805 0.0 0.0 0.0 0.0 0.0 0.0 0.0 0.0 0.98212
0.0 0.0 0.0 0.914158 0.0 0.0 0.0 0.0 0.000105977 0.0 0.0 0.0 0.0 0.0 0.0 0.0 0.0 0.0 0.0 0.0 0.0 0.0 0.0 0.0 0.0460675 0.0 0.0 0.0 0.0 0.0 0.0 0.0 0.0 0.0 0.0 0.0 0.0 0.0 0.0 0.0 0.0 0.0 0.0 0.0 0.0 0.0 0.0 0.0 0.0 0.0 0.0 0.0 0.0 0.0 0.0 0.000883222 0.0 0.0 0.0 0.0 0.0 0.0 0.0 0.0
0.0 0.0 0.0 0.0 0.0 0.0 0.00187519 0.0 0.0 0.0 0.0 0.0 0.0 5.63264e-06 0.0 0.0 0.0 0.0 0.0 0.0 0.0 0.0 0.998365 0.0 0.0 0.0 0.0 0.0 0.0 0.0 0.0 0.0 0.0 0.0 0.0 0.0 0.0 0.0 5.39422e-06 0.0 0.0 0.0 0.0 0.0 0.0 0.0 2.21431e-05 0.0 0.0 1.49012e-07 0.0 0.0 0.0 8.9407e-08 0.0 0.0 0.0 0.0 0.0 0.0 0.0 0.0 1.19209e-07 0.0
0.0 0.0 0.0 0.0 0.0 0.0 0.0 0.0 0.0 0.0 0.0 0.0 0.0 0.0 0.0 0.0 0.0 0.0 0.0 0.0 0.0 0.0 0.0 0.0 0.0 0.0 0.0 0.0 0.0 0.0 0.0 0.0 0.0 0.0 0.0 0.0 0.0 0.0 0.0 0.0 0.0 0.0 0.0 0.0 0.0 0.0 0.0 0.0 0.0 0.0 0.0 0.0 0.0 0.0 0.0 0.0 0.0 0.0 0.0 0.999227 0.0 0.0 0.0 0.0
0.0 1.19209e-07 0.997262 0.0 0.0 0.0 0.0 0.0 0.0 0.0 0.0 0.0 0.0 0.0 0.0 0.0 0.0 0.0 0.0 0.0 1.69873e-06 0.0 0.0 0.0 0.0 0.0 0.0 2.68221e-07 0.0 0.0 0.0 0.0 0.0 0.0 0.0 0.0 0.0 0.0 0.0 0.0 0.0 0.000238091 0.0 0.0 0.0 0.0 0.0 0.0 0.0 0.0 0.0 0.0 0.0 0.0 0.0 0.0 0.0 0.0 0.0 0.0 0.0 0.0 0.0 0.0
1.3113e-05 0.0 0.0 0.0 0.0 0.0 0.0 0.0435603 0.0 0.0 0.00285485 0.0 6.25849e-07 0.0 0.0 0.0 0.0 0.0 0.0 0.0 0.0 0.0 5.96046e-08 0.0 0.0 0.0 0.0 0.0 0.0 2.93255e-05 0.0 0.0 0.0 0.702651 0.0 0.0 0.0 2.41399e-06 0.0 0.0 0.0 0.0 0.0 0.0 6.9648e-05 1.78218e-05 0.0 0.0 0.000510007 0.0129547 0.0 0.0 0.28746 0.0 0.0 0.0 0.0 0.0 0.0 0.0 0.0 0.0 3.01003e-06 0.0
3.57628e-07 0.0 0.0 0.0 0.000292242 0.0 0.0 0.0 0.0 0.000797182 0.0 0.0 0.0 0.0 0.362332 0.0 0.996162 0.0 0.0 1.14143e-05 2.47359e-06 0.0 0.0 0.0 0.0 0.0 0.0 3.57628e-07 7.12276e-06 0.000693977 0.0 0.00200778 0.0363972 5.96046e-08 0.0 0.0 0.000548393 0.0 0.0 0.0 0.0 0.0 0.0254861 0.000432551 0.00631768 0.0 0.0 8.9407e-08 0.0 0.0 0.0 0.0 8.61287e-06 0.0 0.00446671 0.0 0.0 0.0 0.0 0.0 0.0 0.0 0.0 0.00601813
7.7486e-07 0.0 0.0 0.0 8.93176e-05 0.0 0.0 0.0 0.0 0.0243563 0.0 0.0 0.0 0.0 0.998733 0.0 0.0203502 0.0 0.0 1.90735e-05 5.28693e-05 0.0 0.0 0.0 0.0 0.0 0.0 2.15471e-05 0.000474304 0.000960618 0.0 0.0863775 0.095883 0.0 0.0 0.0 0.443678 0.0 0.0 0.0 0.0 0.0 0.479237 0.0162233 0.0720326 0.0 0.0 1.19209e-07 0.0 0.0 0.0 0.0 2.32458e-06 0.0 0.0507919 0.0 0.0 0.0 0.0 0.0 0.0 0.0 0.0 0.0503111
0.0 0.0 0.0 0.0 0.0 0.0 0.0 0.0 0.0 0.0 0.0 0.0 0.0 0.0 0.0 0.0 0.0 0.0 0.0 0.0 0.0 8.9407e-08 0.0 0.0 0.0 0.0 0.0 0.0 0.0 0.0 0.0 0.0 0.0 0.0 0.0 0.0 0.0 0.0 0.0 0.0 0.0 0.0 0.0 0.0 0.0 0.0 0.0 0.0 0.0 0.0 0.0 0.0 0.0 0.0 0.0 0.0 0.0 0.0 0.999842 0.0 0.0 0.0 0.0 0.0
0.0 0.0 0.0 0.0 0.0 0.0 0.0 0.0 0.0 0.0 0.0 0.0 0.0 0.0 0.0 0.0 0.0 0.0 0.0 0.0 0.0 0.99935 0.0 0.0 0.390925 0.0 0.0 0.0 0.0 0.0 0.0 0.0 0.0 0.0 0.0 0.0 0.0 0.0 0.0 0.0 0.0 0.0 0.0 0.0 0.0 0.0 0.0 0.0 0.0 0.0 0.0 0.0 0.0 0.0 0.0 0.105785 0.0 0.0233911 3.8743e-07 0.0 0.0 0.0 0.0 0.0
0.0 0.0 0.0 0.0 0.0 0.0 0.0 2.98023e-08 0.0 0.0 0.0 0.0 0.0 0.0 0.0 0.0 0.0 0.0 0.0 0.0 0.0 0.0 0.0 0.0 0.0 0.0 0.0 0.0 0.0 0.0 0.0 0.0 0.0 2.98023e-08 0.0 0.0 0.0 0.999749 0.0 0.0 0.0 0.0 0.0 0.0 0.0 0.0 0.0 0.0 0.356254 1.16229e-06 0.0 0.0 0.0 0.0 0.0 0.0 0.0 0.0 0.0 0.0 0.0 0.0 0.162969 0.0
0.0 0.0 0.0 0.0 0.0 0.0 0.0 0.0 0.0 0.0 0.0 0.0 0.0 0.0 0.0 0.0 0.0 0.0 0.0 0.0 0.0 0.0 0.0 0.0 0.0 0.0 0.0 0.0 0.0 0.0 0.0 0.0 0.0 0.0 0.0 0.0 0.0 0.0 0.0 0.0 0.0 0.0 0.0 0.0 0.0 0.0 0.0 0.0 0.0 0.0 0.0 0.973531 0.0 0.0 0.0 4.17233e-07 0.0 0.0 0.0 0.0 0.0 0.0 0.0 0.0
8.01682e-06 0.0 0.0 0.0 0.0 0.0 0.0 2.98023e-08 0.0 0.0 0.0 0.0 0.0 0.0 9.23872e-07 0.0 2.98023e-08 0.0 0.0 0.0 0.0 0.0 0.0 0.0 0.0 0.0 0.0 0.0 2.98023e-08 0.0012702 0.0 4.00543e-05 8.9407e-08 2.74181e-06 0.0 0.0 4.47035e-07 0.0 0.0 0.0 0.0 0.0 0.0 0.000774622 0.000191391 3.57628e-07 0.0 0.995344 0.0 0.0 0.0 0.0 2.98023e-08 1.49012e-07 0.0 0.0 0.0 0.0 0.0 0.0 0.0 0.0 0.0 8.28505e-06
0.0 0.0 0.0 0.0 0.0 0.0 0.0 0.0 0.0 0.0 0.0 0.0 0.0 0.0 0.0 0.0 0.0 0.0 0.0 0.0 0.0 0.0 0.0 0.0 0.0 0.0 0.0 0.0 0.0 0.0 0.0 0.0 0.0 0.0 0.0 0.0 0.0 0.0 0.0 0.0 0.0 0.0 0.0 0.0 0.0 2.98023e-08 0.0 8.9407e-08 0.0 2.20537e-06 0.0 0.0 0.0 0.999817 0.0 0.0 0.0 0.0 0.0 0.0 0.0 0.0 0.0 0.0
0.0 0.0 0.0 0.0 0.0 0.0 0.0 0.0 0.0 0.0 0.0 0.0 0.0 0.0 0.0 0.0 0.0 0.986481 0.0 0.0 0.0 0.0 0.0 0.0 0.0 1.01328e-06 0.0 0.0 0.0 0.0 0.0 0.0 0.0 0.0 0.0 0.0 0.0 0.0 0.0 0.0 0.0 0.0 0.0 0.0 0.0 0.0 0.0 0.0 0.0 0.0 4.61936e-06 0.0 0.0 0.0 0.0 0.0 0.0 0.0 0.0 0.0 0.0 0.0 0.0 0.0
0.0 0.0 2.98023e-08 0.0 0.0 0.0 0.0 0.0 0.0 0.0 0.0 0.0 0.0 0.0 0.0 0.0 0.0 0.0 0.0 0.0 1.49012e-07 0.0 0.0 0.0 0.0 0.0 0.0 0.0 0.0 0.0 0.999991 0.0 0.0 0.0 0.0 0.0 0.0 0.0 0.0 0.0 0.0 0.0 0.0 0.0 0.0 0.0 0.0 0.0 0.0 0.0 0.0 0.0 0.0 0.0 0.0 0.0 0.0 0.0 0.0 0.0 0.0 0.0 0.0 0.0
0.0 0.0 0.0 0.0 2.44379e-06 0.0 0.0 0.0 0.0 0.000332952 0.0 0.0 0.0 0.0 0.0360171 0.0 0.000635803 0.0 0.0 0.00319946 0.01954 0.0 0.0 0.000735432 0.0 0.0 0.0 0.275315 0.000651568 0.0 0.0 8.9407e-08 0.00559774 0.0 0.0 0.0 0.00143334 0.0 0.0 0.0 0.0 2.89083e-06 5.66244e-07 2.98023e-08 0.0 0.0 0.0 0.0 0.0 0.0 0.0 0.0 0.0 0.0 3.618e-05 0.0 2.26498e-06 0.0 0.0 0.0 0.0 0.0 0.0 5.48363e-06
6 18 55 24 35 41 45 28 46 12 58 1 48 43 19 27 11 38 51 8 3 5 56 23 25 61 2 42 60 57 21 20 50 17 15 7 53 37 31 54 59 13 0 32 16 34 9 14 47 62 49 29 44 4 40 36 63 30 22 10 33 52 26 39
