8
0.0 0.0 0.00133932 0.0 0.0 0.0 7.10189e-05 0.0 0.0 0.0 0.0 4.05312e-05 0.00109303 0.0 0.939471 0.0 0.0 0.0 0.0 8.9407e-08 0.0 0.0 0.0 0.0 0.0 0.0 0.0 0.0 0.0 0.0 5.96046e-08 0.0 3.9041e-05 5.57303e-06 0.0 0.0 0.0 2.08616e-07 0.0 0.998828 0.0 0.0 0.0 0.0 6.85453e-07 1.78814e-07 0.0 0.0 0.0 0.0 0.0 0.0 0.0 0.0 0.0 0.0 8.80659e-05 2.98023e-07 4.47035e-07 0.00144562 0.0 1.19209e-07 0.0 0.00088045
0.0 0.0 0.234638 0.0 0.0 0.0 3.27826e-07 0.0 0.0 0.0 0.0 0.27604 1.13249e-06 0.0 0.997837 0.0 0.0 0.0 0.0 5.06639e-07 0.0 0.0 0.0 0.0 0.0 0.0 0.0 0.0 0.0 0.0 1.40071e-06 0.0 0.000109911 0.997561 0.0 0.0 0.0 0.0 0.0 2.07126e-05 0.0 0.0 0.0 0.0 2.68221e-07 0.0417282 0.0 0.0 0.0 0.0 0.0 0.0 0.0 0.0 0.0 0.0 0.00691089 5.57303e-06 0.0 0.000173211 0.0 0.0 0.0 0.000165582
0.0 0.0 0.0 2.98023e-08 1.67489e-05 0.0 2.38419e-07 0.0 5.96046e-08 0.0 0.0 0.0 2.96831e-05 0.0 0.0 0.0 7.7486e-07 0.0 0.0 8.9407e-08 0.0 0.0 0.0 0.0 4.47035e-07 0.0 0.0 0.0 0.0 0.0 6.81877e-05 0.00651449 0.0 0.0 0.0 4.25577e-05 3.27826e-07 1.19209e-07 0.0 0.0 1.0 0.0119288 0.0 0.167644 4.76837e-07 0.0 1.88351e-05 2.71201e-05 0.0 0.0 0.000384122 0.0 0.0 1.21593e-05 0.158086 0.0 1.54078e-05 0.0 0.000623822 0.0 1.36495e-05 7.53999e-06 1.49012e-07 4.47035e-06
0.0 0.0 0.0 0.0 0.0 0.0 0.0 0.0 0.0 2.74181e-06 0.0 0.0 0.0 0.0 0.0 1.01328e-06 0.0 0.0 0.0 0.0 0.0 0.0 0.0 0.336123 0.0 0.0 0.0 0.0 0.0 0.0 0.0 0.0 0.0 0.0 5.96046e-08 0.0 0.0 0.0 3.8743e-07 0.0 0.0 0.0 1.42753e-05 0.0 0.0 0.0 0.0 0.0 1.7494e-05 0.0 0.0 0.0 2.68817e-05 0.0 0.0 7.53999e-05 0.0 0.0 0.0 0.0 0.0 0.0 0.0 0.0
0.0 0.0 0.0 0.0 0.00034681 4.05312e-06 0.0 0.0 5.96046e-08 8.64267e-07 0.0 0.0 0.0 0.0 0.0 0.999996 0.875201 0.0 0.0 0.0 0.0 0.0 0.0342639 5.06639e-06 0.0 0.0 0.0 0.0 0.0 0.0 0.0 0.400056 0.0 0.0 5.6535e-05 1.78814e-07 3.5882e-05 0.0 0.000446558 0.0 4.8846e-05 0.0 0.0 0.0 0.0 0.0 0.0 0.0 0.0 0.000133038 0.0 0.0 2.08616e-07 0.00187156 1.49012e-07 0.000461876 0.0 0.0 0.0 0.0 0.0121698 0.0 0.372557 0.0
0.0 0.0 0.0 8.9407e-08 0.0123163 0.000372797 0.0 0.0 2.73883e-05 5.13196e-05 0.0 0.0 5.96046e-08 0.0 0.0 3.26037e-05 0.926991 0.0 0.0 0.0 0.0 0.0 7.30157e-06 0.0 0.0703464 0.0 0.0 0.0 0.0 0.0 0.151804 0.998416 0.0 0.0 8.64267e-07 4.76837e-07 0.00047037 0.0 6.93798e-05 0.0 3.73721e-05 8.9407e-08 0.0 4.20809e-05 0.0 0.0 0.0 0.0 0.0 0.000404805 0.0 0.0 0.0 3.8445e-06 7.7486e-07 0.0 0.0 0.0 6.70552e-06 0.0 0.000190169 0.0 2.33054e-05 0.0
0.0 0.0 0.000349075 8.9407e-08 0.0 0.0 8.13603e-06 0.0 0.0 0.0 0.0 1.19209e-07 2.88188e-05 0.0 0.799978 0.0 0.0 0.0 0.0 0.000676602 0.0 0.0 0.0 0.0 0.0 0.0 0.0 0.0 0.0 0.0 7.7486e-07 0.0 0.0 9.0301e-06 0.0 0.0 0.0 0.0 0.0 9.53674e-07 0.0 3.27826e-07 0.0 0.0 4.26173e-06 0.0 0.0 0.0 0.0 0.0 0.0 0.0 0.0 0.0 1.16229e-06 0.0 0.12628 0.995994 6.67572e-06 3.57628e-07 0.0 4.32134e-05 0.0 5.70714e-05
0.0374724 0.0 0.0 0.0 0.0 0.0 0.0 0.0 0.0 0.0 0.999999 0.0 0.0 0.0 0.0 0.0 0.0 0.0 0.111539 0.0 0.0 0.0 0.0 0.0 0.0 0.0 0.0 0.0 0.0 0.0 0.0 0.0 0.0 0.0 0.0 0.0 0.0 0.000503957 0.0 0.0 0.0 0.0 0.0 0.0 0.0 0.0 0.0 0.0 0.0 0.0 0.0 0.0 2.98023e-08 1.78814e-07 5.96046e-08 0.0 0.0 0.0 0.0 0.0 0.0 0.0 0.0 5.96046e-08
0.0 0.0 0.0 1.78814e-06 1.78814e-07 2.08616e-07 0.0 0.0 0.0338961 0.000392348 0.0 0.0 1.49012e-06 0.0 0.0 0.0 0.0 0.0 0.0 0.0 0.0 0.0 0.0 0.0 0.929007 0.0 0.0 0.0 0.0 0.0 0.997389 1.01328e-06 0.0 0.0 4.17233e-07 0.0 8.9407e-08 0.0 0.0 0.0 0.0 1.49012e-07 0.0 6.03497e-05 0.0 0.0 0.0 0.0 0.0 2.68221e-07 1.19209e-07 0.0 0.0 0.0 3.8147e-06 0.0 7.7486e-07 0.0 2.68221e-07 0.0 0.0 0.0 0.0 0.0
0.0 0.0 0.0 0.0 0.720283 0.0 0.0 0.0 0.0 4.47929e-05 0.0 0.0 0.0 0.0 0.0 0.00197428 0.371089 0.0 0.0 0.0 0.0 0.0 0.104456 0.0 0.0 0.0 0.0 0.0 0.0 0.0 5.96046e-08 0.0332703 0.0 0.0 0.000282764 0.0310683 0.0190811 0.0 0.999998 0.0 5.71311e-05 0.0 0.0 7.15256e-07 0.0 0.0 0.0 5.96046e-08 0.0 0.000723898 0.0 0.0 0.0 0.00464174 0.000692248 1.5974e-05 0.0 0.0 0.0 0.0 0.000645906 0.0 0.00482109 0.0
0.0 0.0 0.00207531 1.49012e-07 0.0 0.0 9.20892e-05 0.0 0.0 0.0 0.0 6.88434e-06 0.0413448 0.0 0.0014188 0.0 0.0 0.0 0.0 0.981034 0.0 0.0 0.0 0.0 2.74181e-06 0.0 0.0 0.0 0.0 0.0 0.0755456 0.0 0.0 6.85453e-07 0.0 0.0 0.0 0.0 0.0 0.0 8.9407e-08 1.78814e-06 0.0 1.3113e-06 0.0 0.0 2.08616e-07 0.0 0.0 0.0 2.98023e-07 0.0 0.0 0.0 0.0 0.0 0.466389 4.20213e-05 3.39746e-06 2.38419e-07 0.0 0.0 0.0 4.17233e-07
0.0 0.0 0.0 0.0 0.0 0.0 0.0 0.0 0.0 0.0 0.0 0.0 0.0 0.0 0.0 0.0 0.0 0.0 0.0 0.0 0.0 0.0 0.0 0.0 0.0 0.0 0.0 0.0 0.999561 0.0 0.0 0.0 0.0 0.0 0.0 0.0 0.0 0.0 0.0 0.0 0.0 0.0 0.0 0.0 0.0 0.0 0.0 0.0 0.0 0.0 0.0 0.0 0.0 0.0 0.0 0.0 0.0 0.0 0.0 0.0 0.0 0.0 0.0 0.0
0.0 0.0 2.98023e-08 0.0 0.0 0.0 0.0 0.0 0.0 0.0 0.0 0.0 0.0 0.0 0.0139644 0.0 0.0 0.0 0.0 0.0 0.0 0.0 0.0 0.0 0.0 0.0 0.0 0.0 0.0 0.0 0.0 0.0 0.0 0.0 0.0 0.0 0.0 9.53674e-07 0.0 0.000173211 0.0 0.0 0.0 0.0 0.00160757 0.0 0.0 0.0 0.0 0.0 0.0 0.0 0.0 0.0 0.0 0.0 4.17233e-07 3.33786e-06 0.0 2.98023e-08 0.0 2.97725e-05 0.0 0.000320256
0.0 0.0 0.0 0.0 0.9438 1.78814e-07 0.0 0.0 0.00940755 0.0116026 0.0 0.0 0.0 0.0 0.0 1.42455e-05 0.00151423 0.0 0.0 0.0 0.0 0.0 4.99487e-05 0.0 0.000777304 0.0 0.0 0.0 0.0 0.0 0.0446059 0.639945 0.0 0.0 0.0120505 1.75238e-05 0.999949 0.0 0.00132263 0.0 0.0744868 8.9407e-08 0.0 0.25498 0.0 0.0 2.68221e-07 2.98023e-07 0.0 0.0352714 0.000106663 0.0 0.0 1.19209e-07 0.0331726 0.0 0.0 0.0 0.0 0.0 2.98023e-07 0.0 0.00127959 0.0
0.0 0.0 1.19209e-07 0.000592321 0.0 0.000265986 0.102169 0.0 0.0 0.0 0.0 0.0 0.812457 0.0 1.30832e-05 0.0 1.78814e-07 0.0 0.0 4.01735e-05 0.0 0.0 0.0 0.0 0.000191063 0.0 0.0 0.0 0.0 0.0 0.0009619 0.00499669 0.0 0.0 0.0 3.30806e-06 0.0 3.8743e-07 0.0 6.07967e-06 5.42998e-05 0.0185431 0.0 0.000421524 0.0 0.0 1.13249e-06 1.74046e-05 0.0 0.0 8.04663e-07 0.0 0.0 0.0 0.000188857 0.0 0.00098598 3.93391e-06 0.9999 0.0 0.193334 0.0128315 0.0 2.98023e-08
0.0 0.0 0.0 0.0 0.0 0.0 0.0 0.0 7.03335e-06 0.00381577 0.0 0.0 0.0 0.0 0.0 0.0001432 0.0 0.0 0.0 0.0 0.0 0.0 0.0 8.49664e-05 0.0 0.0 0.0 0.0 0.0 0.0 0.0 5.96046e-08 0.0 0.0 2.98023e-08 0.0 5.06639e-07 0.0 0.0 0.0 0.0 0.0 0.0 0.0 0.0 0.0 0.0 0.0 0.0 0.0 0.0 0.0 0.999123 0.0 0.0 0.0 0.0 0.0 0.0 0.0 0.0 0.0 1.49012e-07 0.0
0.0 0.0 0.0 0.0 7.15256e-07 8.9407e-08 8.9407e-08 0.0 7.6443e-05 2.63155e-05 0.0 0.0 1.19209e-07 0.0 0.0 0.0 0.0 0.0 0.0 0.0 0.0 0.0 0.0 0.0 0.999999 0.0 0.0 0.0 0.0 0.0 0.999868 1.23084e-05 0.0 0.0 1.49012e-07 0.0 5.66244e-07 0.0 0.0 0.0 8.9407e-08 0.0 0.0 0.000321865 0.0 0.0 5.96046e-08 0.0 0.0 1.07288e-06 2.08616e-07 0.0 0.0 0.0 5.33462e-06 0.0 0.0 0.0 0.0 0.0 0.0 0.0 0.0 0.0
0.0 0.0 0.0 0.0 0.0 0.0 0.0 0.0 0.0 0.0 0.0 0.0 0.0 0.0 0.0 0.0 0.0 4.11272e-05 0.0 0.0 0.0 0.0 0.0 0.0 0.0 0.0 0.0 0.0 0.0 0.999659 0.0 0.0 0.0 0.0 0.0 0.0 0.0 0.0 0.0 0.0 0.0 0.0 0.0 0.0 0.0 0.0 0.0 0.0 0.0 0.0 0.0 0.0 0.0 0.0 0.0 0.0 0.0 0.0 0.0 0.0 0.0 0.0 0.0 0.0
0.0 0.0 0.00172254 6.25849e-07 0.0 0.0 0.000143439 0.0 0.0 0.0 0.0 0.000327587 0.407308 0.0 0.973076 0.0 0.0 0.0 0.0 0.016441 0.0 0.0 0.0 0.0 7.12276e-06 0.0 0.0 0.0 0.0 0.0 0.00158098 0.0 0.0 1.41263e-05 0.0 0.0 0.0 0.0 0.0 3.09348e-05 2.98023e-08 4.35114e-06 0.0 3.63588e-06 0.0 0.0 0.0 0.0 0.0 0.0 2.68221e-07 0.0 0.0 0.0 0.0 0.0 0.999892 0.0219846 7.91252e-05 0.00020659 2.98023e-08 5.96046e-08 0.0 0.000958651
0.0172562 0.0 4.17233e-07 0.63221 0.997898 0.996538 0.0334158 0.0 0.999911 0.999742 5.96046e-07 0.0 0.999611 0.0 4.69983e-05 0.0506518 0.996246 0.0 0.839293 0.000793874 9.82583e-05 0.0 0.982352 0.0 0.740574 0.0 0.0 0.0 0.0 0.0 0.901168 0.999995 0.0 0.0 0.987327 0.999975 0.996013 0.181656 0.967515 4.47035e-06 0.999988 0.99999 0.0 0.999737 0.105856 0.0 0.921457 1.0 0.0 0.994653 0.99772 0.0 0.00022915 0.999035 0.999974 0.00459141 0.0561573 0.00128609 0.999909 0.0 0.998249 0.992018 0.982888 0.000400692
0.0 0.017275 2.38419e-07 0.0 0.0 0.0 8.64267e-07 0.0 0.0 0.0 0.0 0.0 1.23084e-05 0.0 0.941751 0.0 0.0 0.0 0.0 0.0 0.510028 0.0 0.0 0.0 0.0 0.0 0.0 0.0 0.0 0.0 0.0 0.0 0.0430587 3.57628e-07 0.0 0.0 0.0 9.88543e-05 0.0 0.100569 2.98023e-08 1.19209e-07 0.0 4.17233e-06 0.999996 0.0 0.0 0.0 0.0 0.0 0.0 0.0 0.0 0.0 1.49012e-07 0.0 7.62939e-06 4.47035e-07 1.19209e-07 0.0435648 2.98023e-08 4.02629e-05 0.0 0.000109583
0.0 0.0 0.0 0.0 0.0 0.0 0.0 0.0 0.0 0.0 0.0 0.0 0.0 0.999996 0.0 0.0 0.0 0.0 0.0 0.0 0.0 0.0 0.0 0.0 0.0 0.0 0.0 0.0 0.0 0.0 0.0 0.0 0.0 0.0 0.0 0.0 0.0 0.0 0.0 0.0 0.0 0.0 0.0 0.0 0.0 0.0 0.0 0.0 0.0 0.0 0.0 0.0 0.0 0.0 0.0 0.0 0.0 0.0 0.0 0.0 0.0 0.0 0.0 0.0
0.0 0.0 0.0 0.0 0.0340084 2.98023e-07 0.0 0.0 0.00349101 0.01192 0.0 0.0 0.0 0.0 0.0 0.0963449 0.0105245 0.0 0.0 0.0 0.0 0.0 0.0380872 2.44379e-06 0.00287411 0.0 0.0 0.0 0.0 0.0 0.00737929 0.162628 0.0 0.0 0.999999 5.96046e-08 0.0386955 0.0 0.000549912 0.0 6.25551e-05 2.98023e-08 0.0 5.6982e-05 0.0 0.0 2.35438e-06 0.0 0.0 0.0836897 1.19209e-07 0.0 0.0 1.84774e-06 0.000130475 1.19209e-07 0.0 0.0 0.0 0.0 0.000561178 0.0 0.00037846 0.0
0.0 0.0 0.0 0.0 0.0 0.0 0.0 0.0 0.0 8.9407e-08 0.0 0.0 0.0 0.0 0.0 0.0 0.0 0.083647 0.0 0.0 0.0 0.0 0.0 0.889228 0.0 0.0 0.0 0.0 0.0 0.0 0.0 0.0 0.0 0.0 0.0 0.0 0.0 0.0 0.0 0.0 0.0 0.0 1.0 0.0 0.0 0.0 0.0 0.0 0.993608 0.0 0.0 0.0 0.000657201 0.0 0.0 3.65078e-05 0.0 0.0 0.0 0.0 0.0 0.0 0.0 0.0
0.0 0.0 0.0 2.68221e-07 0.000355721 0.00105423 1.93715e-06 0.0 1.40071e-06 0.0 0.0 0.0 0.000849694 0.0 0.0 0.0 4.76837e-07 0.0 0.0 6.55651e-07 0.0 0.0 0.0 0.0 0.140081 0.0 0.0 0.0 0.0 0.0 0.981082 0.000301003 0.0 0.0 1.19209e-07 2.38419e-06 5.06639e-06 0.0 0.0 0.0 0.409089 0.00115141 0.0 0.999963 0.0 0.0 0.00210875 0.0 0.0 3.80278e-05 0.682503 0.0 0.0 0.0 0.00902951 0.0 1.38581e-05 0.0 3.30508e-05 0.0 1.19507e-05 0.0 0.0 0.0
0.0 0.0 0.893425 0.0 0.0 0.0 0.0 0.0 0.0 0.0 0.0 0.999994 0.00532979 0.0 0.01524 0.0 0.0 0.0 0.0 2.38419e-07 0.0 0.0 0.0 0.0 0.0 0.0 0.0 0.0 0.0 0.0 0.0299324 0.0 0.000157684 0.211158 0.0 0.0 0.0 0.0 0.0 5.96046e-08 0.0 0.0 0.0 0.0 0.0 0.420309 0.0 0.0 0.0 0.0 0.0 0.0 0.0 0.0 0.0 0.0 0.000277996 8.9407e-08 0.0 5.87702e-05 0.0 0.0 0.0 0.00135714
0.0 0.0 0.0 0.999905 0.0 5.66244e-06 4.13954e-05 0.0 0.0 0.0 0.0 0.0 0.0189443 0.0 4.70877e-06 0.0 2.98023e-08 0.0 0.0 0.000505835 0.0 0.0 0.0 0.0 0.000277251 0.0 0.0 0.0 0.0 0.0 0.717399 0.000234932 0.0 0.0 0.0 2.13087e-05 0.0 0.0 0.0 0.0 0.00834903 0.0902525 0.0 0.0119009 0.0 0.0 7.12276e-06 0.000135809 0.0 0.0 5.47469e-05 0.0 0.0 0.0 0.000285745 0.0 0.0272788 0.000673383 0.581583 0.0 2.23517e-06 0.000116557 0.0 2.98023e-07
0.0 0.0 0.0 0.0 0.0 0.0 4.92036e-05 0.0 3.27826e-07 0.0 0.0 0.0 0.00452554 0.0 1.46627e-05 0.0 0.0 0.0 0.0 2.68221e-07 1.49012e-07 0.0 0.0 0.0 0.0 0.0 0.0 0.0 0.0 0.0 2.98023e-08 5.87106e-06 0.0 0.0 0.0 0.0 0.0 4.26173e-06 0.0 4.47035e-07 1.36197e-05 0.0178966 0.0 5.99921e-05 0.000668526 0.0 0.0 4.82798e-06 0.0 0.0 2.08616e-07 0.0 0.0 0.0 0.000483483 0.0 2.70903e-05 1.58548e-05 0.0234891 0.0 1.62423e-05 0.999708 0.0 0.0
0.000148982 0.0 0.0 0.0 9.21488e-05 7.689e-06 0.0 0.0 0.0 5.24521e-06 0.0 0.0 5.66244e-07 0.0 0.0 0.000992328 0.000351995 0.0 8.64267e-07 0.0 0.0 0.0 0.00128841 0.0 0.0 0.0 0.0 0.0 0.0 0.0 0.0 0.0251256 0.0 0.0 3.27826e-07 0.0159917 1.3113e-06 2.98023e-08 0.00210446 0.0 0.00240916 0.0 0.0 5.96046e-08 0.0 0.0 0.0 0.00047946 0.0 8.14199e-05 0.0 0.0 1.78814e-07 0.999926 4.02331e-06 0.000115156 0.0 0.0 2.08616e-07 0.0 0.040616 0.0 0.0212232 0.0
0.0 0.0 0.0 0.0 0.311916 1.13249e-06 0.0 0.0 5.96046e-08 0.000406861 0.0 0.0 0.0 0.0 0.0 4.5687e-05 0.000525892 0.0 0.0 0.0 0.0 0.0 1.3411e-06 0.0 0.0 0.0 0.0 0.0 0.0 0.0 0.0 0.000917614 0.0 0.0 1.16527e-05 0.000251502 0.000573337 0.0 9.84967e-05 0.0 4.20511e-05 0.0 0.0 1.01328e-06 0.0 0.0 1.19209e-07 2.08616e-07 0.0 0.000250369 0.0 0.0 0.0 0.000411928 0.000573963 1.24276e-05 0.0 0.0 0.0 0.0 2.32756e-05 0.0 0.999591 0.0
0.0 0.0 0.0 0.0 1.49012e-07 0.0 0.0 0.0 0.0 0.0 0.0 0.0 1.16229e-06 0.0 0.0 0.0 0.0 0.0 0.0 0.0 0.0 0.0 0.0 0.0 7.7486e-06 0.0 0.0 0.0 0.0 0.0 0.000540495 0.0 0.0 0.0 0.0 6.55651e-07 0.0 0.0 0.0 0.0 4.32432e-05 8.76188e-06 0.0 0.0327283 0.0 0.0 0.456839 0.0 0.0 0.0 0.999248 0.0 0.0 0.0 0.0307664 0.0 0.0 0.0 0.0 0.0 0.0 0.0 0.0 0.0
0.0 0.0 0.0 0.0 0.000243157 0.00138903 0.0 0.0 0.0 0.0 0.0 0.0 0.0 0.0 0.0 0.0537793 0.999635 0.0 0.0 0.0 0.0 0.0 0.372617 1.19209e-07 8.9407e-08 0.0 0.0 0.0 0.0 0.0 0.0 0.00587404 0.0 0.0 4.59254e-05 0.0 1.75834e-06 0.0 0.0179873 0.0 3.99351e-06 0.0 0.0 2.98023e-08 0.0 0.0 0.0 0.0 0.0 0.000475943 0.0 0.0 0.0 0.00119141 2.98023e-08 3.59118e-05 0.0 0.0 0.0 0.0 0.00102887 0.0 0.000643164 0.0
0.0 0.0 1.78814e-07 0.0 0.0 0.0 0.999931 0.0 0.0 0.0 0.0 0.0 0.0477921 0.0 0.000360906 0.0 0.0 0.0 0.0 1.43051e-06 0.0 0.0 0.0 0.0 0.000575691 0.0 0.0 0.0 0.0 0.0 0.0454921 5.96046e-08 0.0 0.0 0.0 0.0 0.0 0.0 0.0 2.44379e-06 8.9407e-08 0.0 0.0 2.98023e-07 0.0 0.0 5.96046e-08 0.0 0.0 0.0 0.0 0.0 0.0 0.0 1.8239e-05 0.0 1.16527e-05 0.0 2.17557e-06 5.06639e-07 0.0 2.10404e-05 0.0 0.0
0.0 0.0 0.00145558 0.0 0.0 0.0 0.0100597 0.0 0.0 0.0 0.0 0.00218365 0.00921702 0.0 0.999928 0.0 0.0 0.0 0.0 6.2108e-05 0.0 0.0 0.0 0.0 2.98023e-08 0.0 0.0 0.0 0.0 0.0 1.01328e-06 0.0 0.58827 0.00362849 0.0 0.0 0.0 3.57628e-07 0.0 0.13315 0.0 0.0 0.0 0.0 0.0827413 9.20892e-06 0.0 0.0 0.0 0.0 0.0 0.0 0.0 0.0 0.0 0.0 0.234286 3.91901e-05 2.98023e-08 0.999925 0.0 1.19209e-07 0.0 0.000368714
0.0 0.0 0.0 8.04663e-07 0.0222983 3.9041e-06 0.0 0.0 0.00278363 0.000444084 0.0 0.0 4.11272e-05 0.0 0.0 0.00351629 0.329044 0.0 0.0 0.0 0.0 0.0 0.0144964 0.0 0.00213876 0.0 0.0 0.0 0.0 0.0 0.0309071 1.0 0.0 0.0 0.000323355 2.51234e-05 0.0547994 0.0 7.81119e-05 0.0 0.0317387 0.000397772 0.0 0.0425587 0.0 0.0 1.19209e-07 0.000169486 0.0 0.00055182 2.83122e-06 0.0 0.0 0.000206292 3.39746e-06 0.0 0.0 0.0 0.000540346 0.0 0.67333 0.0 7.06017e-05 0.0
0.0 0.0 0.0 0.0 0.0 2.98023e-07 2.86102e-06 0.0 0.0 0.0 0.0 0.0 0.999954 0.0 0.0 0.0 2.98023e-08 0.0 0.0 0.0 0.0 0.0 0.0 0.0 4.34816e-05 0.0 0.0 0.0 0.0 0.0 0.291554 9.23872e-07 0.0 0.0 0.0 2.38419e-07 0.0 0.0 0.0 0.0 1.07288e-06 9.83477e-07 0.0 5.66244e-06 0.0 0.0 0.992464 0.0 0.0 0.0 3.27826e-07 0.0 0.0 0.0 1.41859e-05 0.0 0.0 0.0 6.01709e-05 0.0 7.98702e-06 0.0 0.0 0.0
0.0 0.0 0.0 0.0 0.0 0.0 0.0 0.0 0.0 0.0 0.0 0.0 0.0 0.0 0.0 0.0 0.0 0.993421 0.0 0.0 0.0 0.0 0.0 0.0 0.0 0.0 0.0 0.0 0.0 8.9407e-08 0.0 0.0 0.0 0.0 0.0 0.0 0.0 0.0 0.0 0.0 0.0 0.0 0.000242203 0.0 0.0 0.0 0.0 0.0 0.000231713 0.0 0.0 0.0 0.0 0.0 0.0 0.0 0.0 0.0 0.0 0.0 0.0 0.0 0.0 0.0
0.0 0.0 0.548397 0.0 0.0 0.0 0.000764161 0.0 0.0 0.0 0.0 0.3313 0.581847 0.0 0.976777 0.0 0.0 0.0 0.0 0.00610051 0.0 0.0 0.0 0.0 0.0 0.0 0.0 0.0 0.0 0.0 5.92768e-05 0.0 0.000246912 0.00288039 0.0 0.0 0.0 0.0 0.0 5.61476e-05 0.0 0.0 0.0 0.0 0.0 1.90735e-05 0.0 0.0 0.0 0.0 0.0 0.0 0.0 0.0 0.0 0.0 0.724766 0.000215471 2.98023e-08 0.0111774 0.0 0.0 0.0 0.000316292
0.0 0.0 0.0 8.9407e-08 1.16229e-06 1.0 0.0 0.0 7.7486e-07 1.78814e-07 0.0 0.0 1.26958e-05 0.0 0.0 0.0 0.00805634 0.0 0.0 0.0 0.0 0.0 0.0 0.0 0.000462919 0.0 0.0 0.0 0.0 0.0 0.000547409 5.1856e-06 0.0 0.0 1.01328e-05 3.69549e-06 0.0 0.0 2.98023e-08 0.0 8.9407e-08 1.78814e-07 0.0 0.00142142 0.0 0.0 0.0 3.57628e-07 0.0 0.867192 2.08616e-07 0.0 0.0 3.59118e-05 5.96046e-07 0.0 0.0 0.0 7.39098e-06 0.0 1.19209e-07 0.0 3.69549e-06 0.0
0.0 0.0 0.0564316 0.00058344 0.0 0.0 0.0262532 0.0 0.0 0.0 0.0 0.0130028 0.999999 0.0 0.92037 0.0 0.0 0.0 0.0 0.000600874 0.0 0.0 0.0 0.0 1.10269e-06 0.0 0.0 0.0 0.0 0.0 0.0152627 0.0 4.52995e-06 0.000496209 0.0 0.0 0.0 3.06964e-06 0.0 5.03957e-05 0.0 1.78814e-07 0.0 0.0 8.9407e-07 0.000142813 0.0 4.70877e-06 0.0 0.0 0.0 0.0 0.0 0.0 5.96046e-08 0.0 0.65492 0.00793406 0.00283653 3.6478e-05 2.32458e-06 8.04663e-06 0.0 1.19209e-07
0.0 0.0 0.0 8.22544e-06 1.49012e-07 5.96046e-08 3.57628e-07 0.0 0.000130206 0.0 0.0 0.0 0.432945 0.0 2.68221e-07 0.0 0.0 0.0 0.0 4.97699e-06 0.0 0.0 0.0 0.0 1.40071e-06 0.0 0.0 0.0 0.0 0.0 2.23517e-06 0.000787437 0.0 0.0 0.0 4.94719e-06 0.0 2.08616e-07 0.0 8.9407e-08 0.0240807 0.999606 0.0 0.129825 2.35438e-06 0.0 1.2219e-05 0.0026862 0.0 0.0 0.00297347 0.0 0.0 2.98023e-08 0.00511807 0.0 0.000170082 7.30157e-06 0.599081 0.0 0.00270271 0.0497891 0.0 7.7486e-07
0.0 0.0 0.912049 0.0 0.0 0.0 0.00925356 0.0 0.0 0.0 0.0 0.637266 0.426624 0.0 0.832805 0.0 0.0 0.0 0.0 0.0120874 0.0 0.0 0.0 0.0 2.38419e-07 0.0 0.0 0.0 0.0 0.0 0.000823349 0.0 9.70066e-05 0.0445107 0.0 0.0 0.0 0.0 0.0 0.0012055 0.0 0.0 0.0 8.9407e-08 1.01328e-06 0.000414968 0.0 0.0 0.0 0.0 0.0 0.0 0.0 0.0 0.0 0.0 0.216548 0.000605345 1.75834e-06 0.00134328 0.0 5.96046e-08 0.0 0.00619105
2.98023e-08 2.98023e-08 0.0 0.0 0.0 0.0 0.0 0.0 0.0 2.98023e-08 0.0 0.0 2.06232e-05 0.0 0.000431925 0.0 0.0 0.0 0.0 0.0 1.0 0.0 0.0 0.0 0.0 0.0 0.0 0.0 0.0 0.0 0.0 0.0 0.0 0.0 0.0 0.0 0.0 0.00407076 0.0 1.31726e-05 0.0 0.0 0.0 0.0 0.999916 0.0 0.0 1.07288e-06 0.0 0.0 0.0 0.0 0.0 0.0 3.37958e-05 0.0 0.0 0.0 2.68221e-07 5.96046e-08 2.563e-05 9.06885e-05 0.0 0.0
0.0 0.0 0.0 0.0 1.19209e-06 0.0 0.0 0.0 0.999116 0.0025315 0.0 0.0 0.0 0.0 0.0 0.0 1.19209e-07 0.0 0.0 0.0 0.0 0.0 0.0 0.0 9.41753e-05 0.0 0.0 0.0 0.0 0.0 0.000467658 0.000261575 0.0 0.0 0.00016591 0.0 0.00216231 0.0 0.0 0.0 9.74238e-05 7.4774e-05 0.0 0.0112993 0.0 0.0 8.9407e-08 0.0 0.0 1.87755e-05 0.00195521 0.0 0.0 0.0 0.0147006 0.0 0.0 0.0 0.0 0.0 0.0 0.0 0.0 0.0
0.0 0.0 0.0 0.0 0.00104225 0.911505 0.0 0.0 0.000928938 8.9556e-05 0.0 0.0 2.08616e-06 0.0 0.0 4.81904e-05 0.0714395 0.0 0.0 0.0 0.0 0.0 3.42131e-05 0.0 0.00814614 0.0 0.0 0.0 0.0 0.0 0.0165564 0.0325632 0.0 0.0 0.00775012 3.95775e-05 0.0015884 0.0 0.000169545 0.0 2.17557e-06 1.49012e-07 0.0 0.228766 0.0 0.0 1.19209e-07 1.49012e-06 0.0 0.999988 1.07288e-06 0.0 0.0 0.00034681 2.35438e-06 0.0 0.0 0.0 2.98023e-07 0.0 2.06232e-05 0.0 0.00155985 0.0
0.0 0.0 0.999956 0.0 0.0 0.0 8.9407e-08 0.0 0.0 0.0 0.0 0.925835 0.00544786 0.0 0.028511 0.0 0.0 0.0 0.0 4.9293e-05 0.0 0.0 0.0 0.0 0.0 0.0 0.0 0.0 0.0 0.0 9.36985e-05 0.0 3.44515e-05 0.0611847 0.0 0.0 0.0 0.0 0.0 7.689e-06 0.0 0.0 0.0 0.0 0.0 0.000660121 0.0 0.0 0.0 0.0 0.0 0.0 0.0 0.0 0.0 0.0 0.00119114 1.19209e-06 0.0 6.25849e-07 0.0 0.0 0.0 0.00200197
2.98023e-08 0.0 0.0 0.0 1.07586e-05 0.0 0.0 0.0 1.78814e-07 1.19209e-07 9.53674e-07 0.0 0.0 0.0 0.0 1.10269e-06 2.08616e-07 0.0 0.209822 0.0 0.0 0.0 1.78814e-07 0.0 0.0 0.0 0.0 0.0 0.0 0.0 0.0 0.000771135 0.0 0.0 0.0 0.00843185 1.66893e-06 1.2815e-06 0.000347763 0.0 7.7486e-07 0.0 0.0 0.0 0.0 0.0 0.0 9.83477e-07 0.0 0.0 1.19209e-07 0.0 0.0 8.91089e-06 1.65701e-05 0.0 0.0 0.0 0.0 0.0 0.0 0.0 5.96046e-08 0.0
0.998709 0.0 0.0 0.0 0.0 0.0 0.0 0.0 0.0 0.0 1.27852e-05 0.0 0.0 0.0 0.0 0.0 0.0 0.0 2.08616e-07 0.0 0.0 0.0 0.0 0.0 0.0 0.0 0.0 0.0 0.0 0.0 0.0 0.0 0.0 0.0 0.0 1.49012e-07 0.0 2.53916e-05 0.0 0.0 0.0 0.0 0.0 0.0 0.0 0.0 0.0 0.0 0.0 0.0 0.0 0.0 0.0 2.08616e-07 7.33137e-06 6.07967e-06 0.0 0.0 0.0 0.0 2.98023e-08 0.0 0.0 0.0
0.0 0.0 0.0 0.0 0.00979686 2.98023e-08 0.0 0.0 0.940477 0.999967 0.0 0.0 0.0 0.0 0.0 0.0 1.78814e-07 0.0 0.0 0.0 0.0 0.0 0.0 0.0 0.00195575 0.0 0.0 0.0 0.0 0.0 2.24113e-05 0.000359446 0.0 0.0 0.00195032 4.47035e-07 0.326584 0.0 1.78814e-07 0.0 1.8239e-05 0.0 0.0 0.00577021 0.0 0.0 0.0 2.98023e-08 0.0 0.000297755 3.8743e-07 0.0 0.000959396 0.0 0.0191597 0.0 0.0 0.0 0.0 0.0 0.0 0.0 3.28124e-05 0.0
0.0 0.0 0.0 0.0 0.000151306 1.46031e-06 0.0 0.0 2.08616e-07 2.08616e-07 0.0 0.0 2.98023e-08 0.0 0.0 2.11596e-06 2.71201e-06 0.0 0.0 0.0 0.0 0.0 0.0 0.0 2.10702e-05 0.0 0.0 0.0 0.0 0.0 0.0 1.19209e-07 0.0 0.0 2.38419e-07 1.19209e-05 2.08616e-07 0.0 3.27826e-07 0.0 0.0 0.0 0.0 2.98023e-07 0.0 0.0 3.87132e-05 0.0 0.0 5.06341e-05 2.5928e-06 0.0 0.0 0.0 0.00317019 5.06639e-07 0.0 0.0 0.0 0.0 2.29478e-06 0.0 3.50773e-05 0.0
0.0 0.0 0.0 0.0 0.0 0.0 0.0 0.0 0.0 0.0 0.0 0.0 0.0 0.0 0.0 0.0 0.0 0.0 0.0 0.0 0.0 0.0 0.0 0.0 0.0 1.0 0.0 0.0 0.0 0.0 0.0 0.0 0.0 0.0 0.0 0.0 0.0 0.0 0.0 0.0 0.0 0.0 0.0 0.0 0.0 0.0 0.0 0.0 0.0 0.0 0.0 0.0 0.0 0.0 0.0 0.0 0.0 0.0 0.0 0.0 0.0 0.0 0.0 0.0
0.0 0.0 0.0 0.0 0.0 0.0 0.0 0.999154 0.0 0.0 0.0 0.0 0.0 0.0 0.0 0.0 0.0 0.0 0.0 0.0 0.0 0.0 0.0 0.0 0.0 0.0 0.0 0.0 0.0 0.0 0.0 0.0 0.0 0.0 0.0 0.0 0.0 0.0 0.0 0.0 0.0 0.0 0.0 0.0 0.0 0.0 0.0 0.0 0.0 0.0 0.0 8.04663e-07 0.0 0.0 0.0 0.0 0.0 0.0 0.0 0.0 0.0 0.0 0.0 0.0
0.0 0.0 0.0 0.0 0.0 0.0 0.0 0.0 0.0 0.0 0.0 0.0 0.0 0.0 0.0 0.0 0.0 3.17097e-05 0.0 0.0 0.0 0.0 0.0 0.000457555 0.0 0.0 0.0 0.0 0.0 0.0 0.0 0.0 0.0 0.0 0.0 0.0 0.0 0.0 0.0 0.0 0.0 0.0 0.0252492 0.0 0.0 0.0 0.0 0.0 0.999995 0.0 0.0 0.0 2.08616e-07 0.0 0.0 0.0 0.0 0.0 0.0 0.0 0.0 0.0 0.0 0.0
0.146895 0.0 0.0 0.0 0.00019905 1.19209e-07 1.45733e-05 0.0 0.0 0.000356019 8.9407e-08 0.0 0.000113249 0.0 0.0 1.49012e-07 1.28448e-05 0.0 5.96046e-07 0.0 1.3113e-05 0.0 1.5825e-05 0.0 0.0 0.0 0.0 0.0 0.0 0.0 0.0 0.00341898 0.0 0.0 2.98023e-08 0.0219131 7.7486e-07 0.0381663 0.00156295 0.0 0.00121948 0.0 0.0 1.49012e-07 0.00024122 0.0 0.0 0.00178865 0.0 1.96695e-06 0.0 0.0 0.0 0.164519 0.0153627 0.000134438 0.0 0.0 2.42293e-05 0.0 0.130474 9.77516e-06 0.000636846 0.0
0.0 0.0 0.0 2.98023e-08 0.999354 1.14441e-05 0.0 0.0 0.0056394 0.00136757 0.0 0.0 5.66244e-07 0.0 0.0 1.7941e-05 0.00128621 0.0 0.0 0.0 0.0 0.0 3.60608e-05 0.0 0.000447243 0.0 0.0 0.0 0.0 0.0 4.3869e-05 0.116974 0.0 0.0 0.0743178 0.0184744 0.188007 0.0 0.000215203 0.0 0.619006 4.39584e-05 0.0 0.305899 0.0 0.0 0.0017584 5.10514e-05 0.0 0.00393084 0.000120014 0.0 0.0 1.10269e-05 0.962776 9.23872e-07 0.0 0.0 5.66244e-07 0.0 0.0279917 0.0 0.901474 0.0
0.0 0.0 0.0 0.0 0.0 0.0 0.0 0.0 0.0 1.75834e-06 0.0 0.0 0.0 0.0 0.0 0.000168532 0.0 0.0 0.0 0.0 0.0 0.0 0.0 0.999941 0.0 0.0 0.0 0.0 0.0 0.0 0.0 0.0 0.0 0.0 8.34465e-07 0.0 0.0 0.0 0.0 0.0 0.0 0.0 0.0147746 0.0 0.0 0.0 0.0 0.0 0.000171185 0.0 0.0 0.0 0.0126323 0.0 0.0 0.00202894 0.0 0.0 0.0 0.0 0.0 0.0 0.0 0.0
0.0 0.0 9.26852e-06 0.0 0.0 0.0 7.69496e-05 0.0 0.0 0.0 0.0 8.9407e-06 0.417198 0.0 6.79493e-05 0.0 0.0 0.0 0.0 2.68221e-07 0.0 0.0 0.0 0.0 1.04308e-06 0.0 0.0 0.0 0.0 0.0 0.000375092 0.0 0.0 2.98023e-08 0.0 0.0 0.0 0.0 0.0 6.22869e-05 7.33137e-06 0.0 0.0 5.03659e-06 0.0 0.0 2.98023e-07 0.0 0.0 0.0 0.0 0.0 0.0 0.0 0.0 0.0 0.0039435 0.0 0.0010049 2.98023e-08 0.000188291 5.96046e-08 0.0 3.78788e-05
0.0 0.00228596 0.0241368 0.0 0.0 0.0 8.9407e-08 0.0 0.0 0.0 0.0 0.598879 5.45382e-06 0.0 0.0272789 0.0 0.0 0.0 0.0 0.0 0.0 0.0 0.0 0.0 0.0 0.0 0.0 0.0 0.0 0.0 0.0 0.0 2.41399e-05 0.0108903 0.0 0.0 0.0 0.0 0.0 0.0240668 0.0 0.0 0.0 0.0 3.27826e-07 0.000435174 0.0 0.0 0.0 0.0 0.0 0.0 0.0 0.0 0.0 0.0 2.89083e-06 0.0 0.0 6.14226e-05 0.0 0.0 0.0 0.592061
0.0 0.0 0.0 0.0 0.0 7.15256e-07 0.0 0.0 0.0 0.0 9.44734e-06 0.0 0.0 0.0 0.0 0.0 2.98023e-08 0.0 0.98806 0.0 0.0 0.0 0.0 0.0 0.0 0.0 0.0 0.0 0.0 0.0 0.0 8.9407e-08 0.0 0.0 0.0 3.24845e-06 0.0 0.0 0.0 0.0 1.19209e-07 9.53674e-07 0.0 0.0 0.0 0.0 0.0 4.18127e-05 0.0 0.0 0.0 0.0 0.0 4.38094e-06 1.01328e-06 0.0 0.0 0.0 0.0 0.0 0.0 0.0 4.47035e-07 0.0
5.96046e-08 0.0 0.0 0.0 2.98023e-08 0.0 1.01328e-06 0.0 0.0 0.0 0.0 0.0 7.34031e-05 0.0 0.00260979 0.0 0.0 0.0 0.0 0.0 0.518387 0.0 0.0 0.0 0.0 0.0 0.0 0.0 0.0 0.0 0.0 0.0 0.0 0.0 0.0 5.96046e-08 0.0 0.994511 0.0 2.08318e-05 3.03984e-06 2.38419e-07 0.0 2.38419e-07 0.974295 0.0 0.0 2.98023e-08 0.0 0.0 0.0 0.0 0.0 0.0 0.0122794 0.0 1.78814e-07 0.0 6.25849e-07 0.0 8.64267e-07 0.00119331 0.0 2.98023e-08
0.0 0.0 0.0 0.0 0.000220895 2.98023e-08 0.0 0.0 0.0 1.19209e-06 0.0 0.0 2.68221e-07 0.0 0.0 0.0127864 0.242944 0.0 0.0 0.0 0.0 0.0 0.999994 5.96046e-08 0.0 0.0 0.0 0.0 0.0 0.0 8.64267e-07 0.488341 0.0 0.0 0.000462949 1.94013e-05 0.000838727 0.0 0.961216 0.0 3.03984e-05 0.0 0.0 8.04663e-07 0.0 0.0 0.0 1.10269e-06 0.0 0.00211117 0.0 0.0 0.0 0.00947821 0.0 0.0 0.0 0.0 0.0 0.0 0.51549 0.0 1.48416e-05 0.0
0.0 0.0 0.998497 1.19209e-07 2.08616e-07 3.27826e-07 0.000287414 0.0 0.126599 2.47359e-06 0.0 0.999999 0.999999 0.0 0.000664651 0.0 5.66244e-07 0.0 4.76837e-07 0.342397 0.0 0.0 0.0 0.0 0.999905 0.0 0.0 0.0 0.0 0.0 1.0 0.00126094 0.00117424 0.0108863 1.49012e-06 0.0 1.10567e-05 0.0 0.0 5.66244e-07 0.00211358 0.00579107 0.0 0.849753 0.0 0.0640851 0.938421 8.9407e-08 0.0 0.000511348 0.185764 0.0 0.0 0.0 7.7188e-06 0.0 0.0492766 3.9041e-06 1.14441e-05 0.000793636 0.0 0.0 0.0 0.0151445
2.98023e-08 0.0 0.0 1.19209e-07 0.0301401 1.78814e-07 0.0 0.0 0.0 3.54648e-06 0.0 0.0 2.38419e-07 0.0 0.0 0.0 2.35438e-06 0.0 2.98023e-07 0.0 0.0 0.0 5.66244e-07 0.0 0.0 0.0 0.0 0.0 0.0 0.0 3.57628e-07 0.0050846 0.0 0.0 2.08616e-07 0.99997 0.00017795 1.87755e-06 0.0287332 0.0 0.143264 2.95043e-06 0.0 3.67165e-05 0.0 0.0 4.67598e-05 0.000646859 0.0 2.38419e-07 1.58548e-05 0.0 0.0 0.0851715 0.204413 1.19209e-07 0.0 0.0 5.66244e-07 0.0 3.36766e-06 0.0 0.000483036 0.0
0.0 0.0 0.00200734 0.0 0.0 0.0 2.68221e-07 0.0 0.0 0.0 0.0 0.0126017 4.82798e-06 0.0 0.411483 0.0 0.0 0.0 0.0 0.0 0.0 0.0 0.0 0.0 0.0 0.0 0.0 0.0 0.0 0.0 2.98023e-07 0.0 0.99996 4.07696e-05 0.0 0.0 0.0 0.0 0.0 0.000184774 0.0 0.0 0.0 0.0 5.96046e-08 2.17557e-05 0.0 0.0 0.0 0.0 0.0 0.0 0.0 0.0 0.0 0.0 1.19209e-07 0.0 0.0 0.135188 0.0 0.0 0.0 1.84774e-06
0.0 0.0 0.0 0.0 0.0 0.0 0.0 0.0 0.0 0.0 0.0 0.999848 0.0 0.0 0.0 0.0 0.0 0.0 0.0 0.0 0.0 0.0 0.0 0.0 0.0 0.0 0.0 0.0 0.0 0.0 0.0 0.0 0.0 0.0 0.0 0.0 0.0 0.0 0.0 0.0 0.0 0.0 0.0 0.0 0.0 0.0 0.0 0.0 0.0 0.0 0.0 0.0 0.0 0.0 0.0 0.0 0.0 0.0 0.0 0.0 0.0 0.0 0.0 0.0
0.0 8.9407e-08 0.0 0.0 0.0 0.0 0.0 0.0 0.0 0.0 0.0 0.0 0.0 0.0 0.0 0.0 0.0 0.0 0.0 0.0 0.0 0.0 0.0 0.0 0.044657 0.0 0.0 0.0 0.0 0.0 0.0 0.0 0.0 0.0 0.0 0.0 0.0 2.23517e-05 0.0 0.0 0.0 0.0 0.0 0.0 0.0 0.0 0.0 0.997699 0.0 0.0 0.0 0.0 0.0 0.0 0.0 0.0 9.23872e-07 0.0 0.0 0.0 0.0946973 0.0 0.0 2.98023e-08
0.00599056 2.98023e-07 2.98023e-08 0.0 0.0 0.0 0.0 0.0 0.0 0.0 0.0 0.0 0.0 0.0 0.0 0.0 0.0 0.0 0.00579223 1.19209e-07 0.0 0.0 0.000217289 0.0 0.803805 0.0 0.0 0.0 0.0 0.0 0.0 0.0 0.99994 0.0 0.0 0.0 0.0 2.38419e-07 0.0 0.0 0.0 0.0 0.0 0.0 0.0 3.51667e-05 0.0 0.0 0.0 0.0 0.0 0.0 0.0 0.0 0.0 0.0 4.47035e-07 3.8743e-07 0.0 0.0 6.85453e-07 0.0 3.57628e-07 0.0
0.0 0.0 0.0 0.0 0.0 0.0 0.0 0.0 0.0 0.0 0.0 0.0 0.0 0.999703 0.0 0.0 0.0 0.0 0.0 0.0 0.0 0.0 2.08616e-07 0.0 3.8743e-07 0.0 0.0 0.0 0.0 0.0 0.0 0.0 0.0 0.0 0.0 0.0 0.0 0.0 0.0 0.0 0.0 0.0 0.0 0.0 0.0 0.0 0.0 0.0 0.0 0.0 0.0 0.0 0.0 0.0 0.0 0.0 0.0 0.0 0.0 0.0 0.0 1.49012e-07 0.0 0.0
2.88188e-05 0.0 0.0482489 0.0 0.392818 8.9407e-08 0.0 0.0 2.27392e-05 1.78814e-07 0.00152034 0.0 0.0 0.0 0.0 0.0 0.0 5.06639e-07 3.01003e-06 0.00108299 0.0 0.0 1.0 0.0 0.316582 0.000500619 0.0 0.0 5.51343e-06 0.0 0.0 0.0 2.68221e-07 5.96046e-08 6.25849e-07 5.96046e-08 0.0 0.0 1.42753e-05 0.0135871 0.0 1.57952e-06 0.0 1.50204e-05 0.104677 0.0 0.0 0.0 0.0 0.0 0.0 0.000110239 0.0 0.0 0.0105478 0.0 8.9407e-08 0.0 8.9407e-06 0.0 8.9407e-08 0.0 0.138102 0.0
0.0 0.0 7.24196e-05 2.98023e-08 0.839795 4.85182e-05 0.0 0.0 0.999773 8.35955e-05 0.0 0.0 0.0 0.0 1.16229e-06 2.98023e-07 0.00240952 0.0119122 0.0 6.25849e-07 0.0 0.0 0.999994 0.0 0.000412166 0.00145879 0.0 0.0 3.75509e-06 0.0 0.0 3.66569e-06 0.0 0.0 0.972455 8.5324e-05 5.94854e-05 0.0 0.770615 0.0596915 2.08616e-07 1.3113e-06 0.0 0.488938 0.195557 0.0 0.0017215 0.0 0.0 4.70281e-05 0.0 0.00972131 0.0 5.02169e-05 0.996222 0.0 8.9407e-08 0.0 5.37634e-05 0.0 9.53674e-07 0.0 0.00087896 0.0
0.0 0.0 0.0 0.0 0.0 0.0 0.0 0.0 0.0 0.0 0.999955 0.0 0.0 0.0 0.0 0.0 0.0 0.0 0.0 0.0 0.0 0.0 0.119685 0.0 0.0 0.0 0.0 0.0 0.0 0.0 0.0 0.0 0.0 0.0 0.0 0.0 0.0 0.0 0.0 0.0 0.0 0.0 0.0 0.0 0.0 0.0 0.0 0.0 0.0 0.0 0.0 0.0 0.0 0.0 0.0 0.0 0.0 0.0 0.0 0.0 0.0 0.0 0.0 0.0
0.0 0.0 0.0 0.0 0.0 0.0 0.0 0.0 0.0 0.0 0.0 0.0 0.0 2.98023e-08 0.0 0.0 0.0 0.0 0.0 0.0 0.0 0.0 0.0 0.0 2.98023e-08 0.0 0.0 0.0 0.0 0.0 0.0 0.0 0.0 0.0 0.0 0.0 0.0 0.0 0.0 0.0 0.0 0.0 0.0 0.0 0.0 0.0 0.0 0.0 0.0 0.0 0.0 0.0 0.0 0.0 0.0 0.0 0.0 0.0 0.0 0.0 0.0 0.99978 0.0 0.0
0.0173504 9.06587e-05 4.32134e-06 0.0 4.85778e-06 2.98023e-07 0.0 0.0 0.0 0.0 0.0 0.0 0.0 0.0 0.00764367 0.0 0.0 0.0 0.0227503 0.000470012 0.0 0.0 0.7259 0.0 0.302053 0.0 0.0 0.0 0.0 0.0 0.0 0.0 5.77867e-05 0.00414857 0.0 0.0 0.0 0.00836924 0.0 8.9407e-08 0.0 0.000290871 0.0 0.0 1.20103e-05 1.49012e-07 0.0 0.0 0.0 0.0 0.0 2.68221e-07 0.0 0.0 5.20051e-05 0.0 0.976524 0.000855923 0.000521511 8.9407e-08 0.0110897 0.0 0.000213563 0.0
0.00554478 0.889329 0.0 0.0 0.000609845 5.87106e-06 0.838621 0.280784 1.19209e-07 0.0 0.0 0.0 0.00413769 0.0 0.00722635 0.0 0.878242 0.0 0.526959 6.73532e-06 0.0 0.0 0.0020026 0.0 0.999308 0.0 0.0 0.0 0.0 0.0 0.0 0.0 0.0 9.74834e-05 5.96046e-08 0.0 0.0 0.75165 5.96046e-08 0.0 0.0 0.0167111 0.0 0.0 1.75834e-06 7.56085e-05 0.0 0.941256 0.0 0.0 0.0 0.00746742 0.0 0.14979 0.980812 0.0 0.0381536 0.0064818 0.000413358 0.0763676 1.0 0.0 2.86102e-06 5.25713e-05
0.0 0.0 0.0 0.0 0.0 0.0 0.0 0.0 0.0 0.0 0.0 0.0 0.0 0.0 0.0 0.0 0.0 0.0 0.0 0.0 0.0 0.0 0.0 0.0 0.0 0.0 0.0 0.0 0.0 0.0 0.999986 0.0 0.0 0.0 0.0 0.0 0.0 0.0 0.0 0.0 0.0 0.0 1.57952e-06 0.0 0.0 0.0 0.0 0.0 0.0 0.0 5.96046e-08 0.0 0.0 0.0 0.0 0.0 0.0 0.0 0.0 0.0 0.0 0.0 0.0 0.0
0.0 0.0 0.0 0.0 0.0 0.0 0.0 0.0 0.0 0.0 0.0 0.0 0.0 0.0 0.0 0.0 0.0 0.0 0.0 0.0 0.999802 0.0 0.0 0.0 0.0 0.0 0.0 0.0 0.0 0.0 0.0 0.0 0.0 0.0 0.0 0.0 0.0 0.0 0.0 0.0 0.0 0.0 0.0 0.0 0.0 0.0 0.0 0.0 0.0 0.0 0.0 0.0 0.0 0.0 0.0 0.0 0.0 0.0 0.0 0.0 0.0 0.0 0.0 0.0
0.0 0.0 0.0 0.0 9.53674e-07 2.98023e-08 5.36442e-07 2.52724e-05 2.98023e-08 0.0 0.0 0.0 4.41074e-06 0.0 4.14252e-06 0.0 0.916934 0.000955105 0.0 0.0 0.0 0.0 0.000138015 0.0 1.19507e-05 1.78814e-07 0.0 0.0 0.0 0.0 0.0 2.98023e-08 0.0 0.0 1.19209e-07 3.57628e-06 0.0 0.0 0.0 0.0 1.78814e-07 0.0 0.0 0.0 0.0 0.0 0.0 0.0 0.0 0.0 0.0 6.88434e-06 0.0 0.999996 0.00645289 0.0 2.98023e-08 0.0 4.82798e-06 0.0 0.00444213 0.0 2.98023e-08 0.0
0.0 0.0 8.64267e-07 0.0 0.999996 0.000924289 0.000111312 0.0 0.000581205 0.0 0.0 0.0 0.0 0.0 0.00186265 0.0 0.0850317 0.0306893 5.06639e-07 0.000530541 0.0 0.0 0.999732 0.0 6.82473e-05 0.0 0.0 0.0 8.54433e-05 0.0 0.0 0.0 0.0 0.0 4.41968e-05 0.0119717 6.93798e-05 0.0 2.68221e-07 0.00048402 2.27988e-05 8.16584e-06 0.0 0.178267 0.294146 0.0 0.000549644 0.0 0.0 8.10623e-06 0.0 0.112748 0.0 0.000116497 0.999355 0.0 0.0 0.0 0.00447068 0.0 1.49012e-07 0.0 0.323452 0.0
0.0216172 0.999218 2.08616e-07 0.0 0.0 0.0 5.96046e-08 0.0 0.0 0.0 0.0 0.0 0.0 0.0 0.0 0.0 2.98023e-08 0.0 0.948648 2.35438e-06 0.0 0.0 2.77758e-05 0.0 0.162265 0.0 0.0 0.0 0.0 0.0 0.0 0.0 2.26498e-06 1.57356e-05 0.0 0.0 0.0 0.00548905 0.0 0.0 0.0 6.02007e-06 0.0 0.0 0.0 2.36928e-05 0.0 6.25849e-07 0.0 0.0 0.0 0.0 0.0 0.0 0.0 0.0 0.000547856 0.131636 2.35438e-06 1.84774e-06 0.991577 0.0 1.49012e-07 1.49012e-07
0.0 0.0 0.0 0.0 0.000569046 0.000307858 0.0 0.0 0.999296 0.715385 0.0 0.0 0.0 0.0 0.0 0.000476748 4.47035e-07 0.895822 0.0 0.0 0.0 0.0 0.330096 3.21865e-06 0.0 2.38419e-07 0.0 0.0 5.96046e-08 0.0 0.0 2.11596e-06 0.0 0.0 0.999995 0.0132386 0.0129741 0.0 0.272296 6.55651e-07 0.0 0.0 0.0 0.354958 8.9407e-08 0.0 2.45571e-05 0.0 0.0 8.9407e-08 0.0 0.0 0.0 9.23872e-07 0.0054293 0.0 0.0 0.0 0.0 0.0 0.0 0.0 0.0 0.0
0.0 0.0 0.0 0.0 2.32458e-05 2.41101e-05 0.0 0.0 3.03984e-06 4.5836e-05 0.0 0.0 0.0 0.0 5.96046e-08 0.0 0.00892481 0.999289 0.0 0.0 0.0 0.0 0.000632495 2.35438e-06 0.0 0.0 0.0 0.0 0.0 5.1409e-05 0.0 0.018777 0.0 0.0 0.000112265 0.524056 2.40803e-05 0.0 8.9407e-08 0.0 8.59499e-05 0.0 0.0 0.00207642 0.0 0.0 0.0 0.0 0.0 1.17719e-05 0.0 0.0 0.0 3.02196e-05 0.0124247 0.0 0.0 0.0 0.0 0.0 0.0 0.0 0.0 0.0
0.0 0.0 0.0 0.0 0.0 0.0 0.0 0.0 0.0 0.0 0.0 0.0 0.0 0.0 0.0 0.0 0.0 0.0 0.0 0.0 0.0 0.0 0.0 0.0 0.0 0.0 0.0 0.0 0.0 0.0 0.0 0.0 0.0 0.0 0.0 0.0 0.0 0.0 0.0 0.0 0.0 0.0 0.0 0.0 0.0 0.0 0.0 0.0 0.0 0.0 0.0 0.0 0.999942 0.0 0.0 0.0 0.0 0.0 0.0 0.0 0.0 0.0 0.0 0.0
1.19209e-07 5.96046e-08 0.0 0.0 0.0 0.0 0.0 0.0 0.0 0.0 0.0 0.0 0.0 0.0 0.0 0.0 1.78814e-07 0.0 2.98023e-07 0.0 0.0 0.0 0.0 0.0 0.999412 0.0 0.0 0.0 0.0 0.0 0.0 0.0 0.0 0.0 0.0 0.0 0.0 2.98023e-08 0.0 0.0 0.0 2.98023e-08 0.0 0.0 0.0 3.8743e-07 0.0 0.0 0.0 0.0 0.0 0.0 0.0 2.08616e-07 3.8743e-07 0.0 5.36442e-07 0.0 0.0 0.999944 0.243609 0.0 0.0 0.0
0.0 0.0 0.0 0.0 0.0 0.00661701 0.0 0.0 0.0 0.0 0.0 0.0 0.0 0.0 0.000841796 0.0 0.0 0.00191855 0.0 0.0 0.0 0.0 8.04663e-07 0.0 0.0 0.0 0.0 0.0 0.0 0.0 8.9407e-08 0.0 0.0 0.0 0.0 0.0 2.08616e-07 0.0 0.0 0.0 0.0 0.0 2.68221e-07 5.41508e-05 0.0 0.0 0.0 0.0 0.0 0.0 0.999986 0.0 0.0 0.0 1.19209e-07 0.0 0.0 0.0 0.0 0.0 0.0 0.0 0.0 0.0
1.57952e-06 1.49012e-07 2.70307e-05 0.0 0.796747 1.49012e-07 1.19209e-07 0.0 5.96046e-08 0.0 0.0 0.0 0.0 0.0 5.60284e-06 0.0 6.13928e-06 2.38419e-06 0.223406 0.826963 0.0 0.0 0.998461 0.0 0.00292149 0.0 0.0 0.0 9.11951e-06 0.0 0.0 0.0 2.86102e-06 0.0 0.0 0.0 0.0 0.0 0.0 3.45707e-06 1.49012e-07 0.000170588 0.0 3.8743e-07 0.00395691 0.0 0.0 0.0 0.0 0.0 0.0 3.69549e-05 0.0 4.44055e-06 0.115603 0.0 6.61612e-06 3.8743e-07 0.00066179 0.0 4.38094e-05 0.0 0.999998 0.0
0.0 0.0 0.0 0.0 0.148694 0.00114515 0.230006 0.00103825 1.60933e-06 0.0 0.0 0.0 0.0 0.0 0.0270168 0.0 0.755591 0.063527 1.19209e-07 1.3113e-06 0.0 0.0 0.627628 0.0 0.000896305 0.0 0.0 0.0 3.27826e-06 0.0 0.0 8.9407e-08 0.0 0.0 6.25849e-07 8.64267e-07 4.47035e-07 0.0 2.98023e-08 1.78814e-07 0.0431733 0.000141412 0.0 0.000929952 8.81255e-05 0.0 7.53999e-06 0.0 0.0 3.40343e-05 1.49012e-07 0.0033485 0.0 0.00490499 0.999999 0.0 3.27826e-07 0.0 0.000337243 0.0 0.000190079 0.0 9.47714e-05 0.0
1.19209e-07 2.98023e-08 2.08616e-07 0.0 0.0786046 4.47035e-07 6.42538e-05 2.92063e-06 2.20239e-05 5.96046e-08 0.0 0.0 0.0 0.0 0.000190556 0.0 0.892754 1.40369e-05 1.17421e-05 0.000178725 0.0 0.0 0.501237 0.0 0.76355 0.000502497 0.0 0.0 0.0 0.0 0.0 0.0 0.0 0.0 7.54893e-05 5.16772e-05 0.0 0.0 0.0 0.0 1.3262e-05 0.000129163 0.0 2.02656e-06 8.41916e-05 0.0 0.0 0.0 0.0 6.73532e-06 0.0 0.256573 0.0 0.00524142 0.997649 0.0 0.0003618 0.0 0.0142354 2.08616e-07 0.691227 0.0 0.000204951 0.0
0.0 0.0 0.0 0.0 0.148819 0.871756 1.19209e-07 1.49012e-07 0.657703 0.746075 0.0 0.0 5.96046e-08 0.0 3.06666e-05 0.0041486 0.00305516 1.0 0.0 0.0 0.0 0.0 0.991063 0.048189 5.96046e-08 0.0 0.0 0.0 0.000242323 0.00735715 0.0 0.12471 0.0 0.0 0.869276 0.991171 0.80759 0.0 0.103111 9.98676e-05 0.006376 2.38419e-07 0.0 0.99949 0.000170529 0.0 0.000446558 0.0 0.0 0.0271849 0.000128716 1.87755e-06 0.0 0.00782391 0.842822 0.0 0.0 0.0 3.45707e-06 0.0 3.15905e-06 0.0 2.05636e-06 0.0
0.1281 0.000979245 0.000653863 0.0 4.49121e-05 0.0 3.66569e-06 0.0 0.0 0.0 0.0 0.0 0.0 0.0 5.96046e-08 0.0 0.000781536 0.0 0.00777453 6.02305e-05 0.0 0.0 0.937938 0.0 0.999957 0.0 0.0 0.0 0.0 0.0 0.0 0.0 1.27554e-05 0.0 0.0 0.0 0.0 0.00926307 0.0 0.0 0.0 0.000194788 0.0 0.0 5.89788e-05 0.0062488 0.0 1.49012e-07 0.0 0.0 0.0 0.0605005 0.0 1.49012e-07 0.000587553 0.0 0.00540245 0.000102609 8.85725e-05 5.99027e-06 0.0359969 0.0 9.11951e-06 0.0
0.0 0.0 0.0 0.0 0.0 0.0 0.0 0.0 0.0 0.0 0.0 0.0 0.0 0.0 0.0 0.0 2.95341e-05 0.0 0.0 0.0 0.0 0.0 0.0 0.0 0.0 0.0 0.0 0.0 0.0 0.0 2.38419e-07 0.0 0.0 0.0 0.0 0.0 0.0 0.0 0.0 0.0 0.0 0.0 0.999749 0.0 0.0 0.0 0.0 0.0 0.0 0.0 8.9407e-08 0.0 0.0 0.0 0.0 0.0 0.0 0.0 0.0 0.0 0.0 0.0 0.0 0.0
0.0 0.0 0.0 0.0 0.0 0.0 0.0 0.0 0.0 0.0 0.0 0.0 0.0 0.0 0.0 0.0 0.0 0.0 0.0 0.0 0.0 0.993217 0.0 0.0 0.0 0.0 6.42538e-05 0.0 0.0 0.0 0.0 0.0 0.0 0.0 0.0 0.0 0.0 0.0 0.0 0.0 0.0 0.0 0.0 0.0 0.0 0.0 0.0 0.0 0.0 0.0 0.0 0.0 0.0 0.0 0.0 0.0 0.0 0.0 0.0 0.0 0.0 0.0 0.0 0.0
0.0 0.0 0.0 0.0 0.0 0.0 0.0 0.0 0.0 0.0 0.0 0.0 0.0 0.0 0.0 0.0 0.0 0.0 0.0 0.0 0.0 2.38419e-07 0.0 0.0 0.0 0.0 0.99962 0.0 0.0 0.0 0.0 0.0 0.0 0.0 0.0 0.0 0.0 0.0 0.0 0.0 0.0 0.0 0.0 0.0 0.0 0.0 0.0 0.0 0.0 0.0 0.0 0.0 0.0 0.0 0.0 0.0 0.0 0.0 0.0 0.0 0.0 0.0 0.0 0.0
5.96046e-08 0.0 7.30157e-06 0.0 0.709979 0.000247329 0.0 0.0 3.91603e-05 0.0 0.0 0.0 0.0 0.0 1.37091e-06 0.0 5.33462e-06 1.90139e-05 5.24521e-06 0.000746518 0.0 0.0 0.999997 0.0 0.0113451 0.0 0.0 0.0 1.87755e-06 0.0 0.0 0.0 0.0 0.0 1.19209e-07 0.0 2.98023e-08 0.0 6.85453e-06 0.0206491 0.0 0.000255138 0.0 0.00528297 0.999974 0.0 0.0 0.0 0.0 8.35061e-05 0.0 0.000447631 0.0 0.0 0.807468 0.0 2.05636e-06 0.0 0.00019592 0.0 1.78814e-07 0.0 0.00124872 0.0
0.0 0.0 0.0 0.0 0.0 0.0 0.0 0.0 0.0 0.0 0.0 0.0 0.0 0.0 0.0 0.0 0.00603202 9.62615e-06 0.0 0.0 0.0 0.0 0.0 0.0 0.0 0.0 0.0 0.0 0.0 1.19209e-07 0.0 0.0763773 0.0 0.0 0.0 0.0 5.96046e-08 0.0 0.0 0.0 0.0 0.0 0.0 0.0 0.0 0.0 0.0 0.0 0.999988 0.0 0.0 0.0 0.0 0.0 0.0 0.0 0.0 0.0 0.0 0.0 0.0 0.0 0.0 0.0
0.0 0.0 0.0 0.0 0.0 0.0 0.0 0.0 0.0 0.0 0.0 0.0 0.0 0.0 0.0 0.0 0.0 0.0 0.0 0.0 0.0 0.0 0.0 0.0 0.0 0.0 0.0 0.0 0.0 0.0 0.0 0.00212061 0.0 0.0 0.0 0.0 0.0 0.0 0.0 0.0 0.0 0.0 0.0 0.0 0.0 0.0 0.0 0.0 0.0 0.0 0.0 0.0 0.0 0.0 0.0 0.999996 0.0 0.0 0.0 0.0 0.0 0.0 0.0 0.0
0.0 0.0 0.0 0.0 0.00213394 1.93715e-06 0.0 0.0 0.999105 0.036369 0.0 0.0 0.0 0.0 0.0 7.12276e-06 1.01328e-06 0.00114635 0.0 0.0 0.0 0.0 0.897463 0.0 0.0 2.08616e-07 0.0 0.0 7.48038e-06 0.0 0.0 1.63317e-05 0.0 0.0 0.992286 3.63588e-06 0.000299841 0.0 0.16261 0.0155399 0.0 0.0 0.0 0.074196 4.60148e-05 0.0 0.52161 0.0 0.0 2.89083e-06 0.0 6.55651e-07 0.0 0.0 0.0511058 0.0 0.0 0.0 0.0 0.0 0.0 0.0 0.0 0.0
0.0 0.0 0.0 0.0 0.0 0.0 0.00801307 0.9997 0.0 0.0 0.0 0.0 0.00202325 0.0 0.0966921 0.0 0.888969 6.25849e-07 3.63588e-06 0.0 0.0 0.0 0.0 0.0 8.9407e-08 0.0 0.0 0.0 0.0 0.0 0.0 0.0 0.0 0.0 0.0 0.0 0.0 0.0 0.0 0.0 3.57628e-07 8.9407e-08 0.0 0.0 0.0 0.0 0.0 0.0 0.0 0.0 0.0 7.7486e-07 0.0 0.00570083 0.000199765 0.0 8.64267e-07 0.0 3.27826e-07 5.96046e-08 0.0746319 0.0 0.0 0.0
0.998704 0.00130495 8.9407e-08 0.0 0.0 0.0 0.0 0.0 0.0 0.0 0.0 0.0 0.0 0.0 0.0 0.0 0.0 0.0 0.00936982 1.2517e-06 0.0 0.0 0.000830561 0.0 0.96697 0.0 0.0 0.0 0.0 0.0 0.0 0.0 0.000568628 1.2517e-06 0.0 0.0 0.0 0.00367075 0.0 0.0 0.0 1.13249e-06 0.0 0.0 0.0 0.000569046 0.0 0.0 0.0 0.0 0.0 0.0 0.0 0.0 8.9407e-08 0.0 0.00371745 0.000605762 3.96371e-06 8.28505e-06 0.012679 0.0 2.98023e-08 8.9407e-08
0.0 0.0 0.0 0.0 0.0126182 1.69575e-05 0.827056 0.0809482 1.19209e-07 0.0 0.0 0.0 9.53674e-07 0.0 0.00878659 0.0 0.998446 6.55651e-07 6.04987e-06 6.25849e-07 0.0 0.0 0.011768 0.0 0.025685 0.0 0.0 0.0 0.0 0.0 0.0 0.0 0.0 0.0 0.0 2.98023e-08 0.0 0.0 0.0 0.0 8.45194e-05 2.38717e-05 0.0 1.78814e-07 2.44379e-06 0.0 0.0 0.0 0.0 1.26958e-05 0.0 0.141457 0.0 0.30257 0.999727 0.0 5.63264e-06 0.0 0.000365227 3.8743e-07 0.458686 0.0 9.53674e-07 0.0
0.0 0.0 5.96046e-08 0.0 1.51098e-05 5.48363e-06 0.0 0.0 0.997668 0.000157535 0.0 0.0 0.0 0.0 0.0 0.000175297 5.96046e-08 0.00779581 0.0 0.0 0.0 0.0 0.998814 4.22299e-05 1.78814e-07 8.9407e-08 0.0 0.0 2.29478e-06 0.0 0.0 0.00020051 0.0 0.0 0.977829 4.58956e-06 1.52588e-05 0.0 1.0 3.51667e-05 0.0 0.0 0.0 0.156744 2.44379e-06 0.0 1.23978e-05 0.0 0.0 0.0 0.0 5.96046e-08 0.0 2.98023e-07 1.80602e-05 0.0 0.0 0.0 0.0 0.0 0.0 0.0 0.0 0.0
0.0 0.0 0.0 0.0 0.0 0.0 0.0 0.0 1.60336e-05 5.26309e-05 0.0 0.0 0.0 0.0 0.0 0.999938 0.0 0.00752568 0.0 0.0 0.0 0.0 8.9407e-08 0.0462629 0.0 0.0 0.0 0.0 0.0 5.96046e-08 0.0 8.77976e-05 0.0 0.0 0.00698414 5.126e-06 9.53674e-07 0.0 0.000360221 0.0 0.0 0.0 0.0 2.55108e-05 0.0 0.0 2.38419e-07 0.0 0.0 0.0 0.0 0.0 0.0 0.0 0.0 5.96046e-08 0.0 0.0 0.0 0.0 0.0 0.0 0.0 0.0
0.0 0.0 0.0 0.0 0.0 0.0 1.19209e-07 0.00450361 0.0 0.0 0.0 0.0 0.999928 0.0 1.98185e-05 0.0 0.0602577 5.06639e-07 0.0 0.0 0.0 0.0 0.0 0.0 0.0 0.0 0.0 0.0 0.0 0.0 0.0 0.0 0.0 0.0 0.0 0.0 0.0 0.0 0.0 0.0 0.0 0.0 0.0 0.0 0.0 0.0 0.0 0.0 0.0 0.0 0.0 0.0 0.0 0.000916332 1.19209e-07 0.0 0.0 0.0 0.0 0.0 0.807074 0.0 0.0 0.0
0.0 0.0 0.00394785 8.70228e-06 0.897884 0.0373376 0.0 0.0 0.999967 0.973586 2.95043e-06 0.0 0.0 0.0 1.78814e-07 0.0982245 6.94394e-06 0.967406 0.0 1.49012e-07 0.0 0.0 0.999976 0.208126 4.47035e-07 5.96046e-06 0.0 0.0 0.57318 6.09756e-05 0.0 0.808388 0.0 0.0 0.998587 0.0118029 0.999068 0.0 0.999973 0.996568 2.08616e-07 2.08616e-07 0.0 0.999992 0.450613 0.0 0.985871 0.0 1.78814e-07 3.74317e-05 2.95043e-06 6.09159e-05 0.0 0.0 0.241734 4.76837e-07 0.0 0.0 4.17233e-07 0.0 0.0 0.0 8.22246e-05 0.0
0.0 0.0 0.0 0.0 0.00693372 8.64267e-07 0.0 0.0 3.39746e-06 0.0 0.0 0.0 0.0 0.0 0.0 0.0 0.0 0.000104576 2.98023e-08 5.96046e-08 0.0 0.0 0.682309 0.0 0.0 0.0 0.0 0.0 0.999989 0.0 0.0 0.0 0.0 0.0 2.98023e-07 0.0 8.9407e-08 0.0 0.000173599 0.00057134 0.0 2.98023e-08 0.0 0.0103801 1.54972e-06 0.0 6.25849e-07 0.0 0.0 0.0 0.0 0.0 0.0 0.0 2.0206e-05 0.0 0.0 0.0 0.0 0.0 0.0 0.0 3.20375e-05 0.0
5.96046e-08 1.01328e-06 0.0 0.0 0.00274047 2.08914e-05 0.999604 0.0759655 0.0 0.0 0.0 0.0 4.32134e-05 0.0 0.0205922 0.0 0.164778 5.06639e-07 0.00177842 5.66244e-07 0.0 0.0 0.00125048 0.0 2.44379e-05 0.0 0.0 0.0 0.0 0.0 0.0 0.0 0.0 0.0 0.0 0.0 0.0 0.0 0.0 0.0 3.03984e-06 0.0057995 0.0 0.0 8.9407e-08 0.0 0.0 0.0 0.0 1.78814e-07 0.0 0.000919312 0.0 0.0117503 0.864254 0.0 2.22325e-05 1.49012e-07 8.63075e-05 0.0 0.495288 0.0 2.92063e-06 0.0
0.00485119 0.138271 0.0 0.0 0.0 0.0 0.0 0.0 0.0 0.0 0.0 0.0 0.0 0.0 0.0 0.0 0.0 0.0 0.435783 7.7486e-07 0.0 0.0 0.000242025 0.0 0.000494748 0.0 0.0 0.0 0.0 0.0 0.0 0.0 6.16908e-06 0.00212729 0.0 0.0 0.0 2.0802e-05 0.0 0.0 0.0 3.45707e-06 0.0 0.0 0.0 1.49012e-07 0.0 0.0 0.0 0.0 0.0 0.0 0.0 0.0 0.0 0.0 8.2314e-05 0.996095 2.98023e-08 0.0 0.995346 0.0 2.08616e-07 5.96046e-08
0.0 0.0 0.0 0.0 0.0 0.0 0.0 0.0 0.0 2.98023e-08 0.0 0.0 0.0 0.0 0.0 1.78814e-07 2.08616e-06 0.834696 0.0 0.0 0.0 0.0 0.0 2.52724e-05 0.0 0.0 0.0 0.0 0.0 0.999479 0.0 0.230749 0.0 0.0 2.38419e-07 1.5825e-05 2.08616e-07 0.0 5.96046e-08 0.0 0.0 0.0 0.0 1.01328e-06 0.0 0.0 0.0 0.0 0.0 0.0 2.98023e-08 0.0 0.0 0.0 0.0 0.0 0.0 0.0 0.0 0.0 0.0 0.0 0.0 0.0
7.15256e-07 3.99351e-06 0.0 0.0 0.00228363 0.000404894 0.0122624 0.0116351 3.27826e-07 0.0 0.0 0.0 0.00782233 0.0 0.983293 0.0 0.0012438 2.47955e-05 0.0501983 2.46763e-05 0.0 0.0 0.616039 0.0 5.26309e-05 2.08616e-07 0.0 0.0 0.0 0.0 0.0 0.0 0.0 0.000496745 4.17233e-07 8.9407e-08 0.0 1.19209e-07 8.9407e-08 0.0 1.04904e-05 0.64352 0.0 1.49012e-07 9.38773e-06 0.0 0.0 0.0 0.0 3.32594e-05 2.38419e-07 7.16448e-05 0.0 0.00850037 0.555545 0.0 0.0463478 4.23193e-06 0.00290549 1.56462e-05 0.999453 0.0 2.07126e-05 0.0
0.0 0.0 0.0 0.0 0.00747538 9.23872e-07 0.0 0.0 0.00129905 2.64347e-05 0.0 0.0 2.98023e-08 0.0 8.9407e-08 1.3113e-06 0.407467 0.999303 0.0 0.0 0.0 0.0 0.00860775 0.000120819 0.0 0.0 0.0 0.0 2.68221e-07 5.50747e-05 0.0 0.0252373 0.0 0.0 0.00611362 0.999999 6.4373e-06 0.0 0.000128716 0.0 2.41399e-06 0.0 0.0 0.00677192 0.0 0.0 8.34465e-07 0.0 0.0 4.17233e-07 0.0 8.9407e-08 0.0 0.00105473 0.000828654 0.0 0.0 0.0 5.96046e-08 0.0 8.9407e-08 0.0 8.9407e-08 0.0
8.9407e-08 0.0 0.0 0.0 0.0 0.0 0.0 0.0 0.0 0.0 0.0 0.0 0.0 0.0 0.0 0.0 0.0 0.0 8.9407e-08 0.0 0.0 0.0 0.0 0.0 0.00489631 0.0 0.0 0.0 0.0 0.0 0.0 0.0 0.0 0.0 0.0 0.0 0.0 0.0 0.0 0.0 0.0 0.0 0.0 0.0 0.0 7.62641e-05 0.0 8.9407e-08 0.0 0.0 0.0 0.0 0.0 0.0 0.0 0.0 0.0 0.0 0.0 0.0 1.07288e-06 0.0 0.0 0.998934
0.0 0.0 0.0 0.0 0.0249966 0.999992 6.85453e-07 0.0 0.00198501 2.89083e-06 0.0 0.0 0.0 0.0 1.66893e-06 8.9407e-08 0.0 0.534195 0.0 0.0 0.0 0.0 0.707582 0.0 1.19209e-07 0.0 0.0 0.0 2.95639e-05 0.0 0.0 8.9407e-08 0.0 0.0 0.00229678 2.68221e-07 4.44055e-06 0.0 0.00148478 1.21593e-05 5.96046e-08 3.27826e-07 0.0 0.0244206 8.2761e-05 0.0 8.34465e-07 0.0 0.0 0.000192493 0.00102684 0.0 0.0 1.37091e-06 0.210093 0.0 0.0 0.0 1.49012e-07 0.0 3.48687e-05 0.0 1.19209e-07 0.0
0.0 0.0 1.3411e-06 0.0 8.9407e-08 0.0 0.0 0.0 1.49012e-07 2.38419e-07 0.0 0.0 0.0 0.0 0.0 0.0 0.000299335 0.0 0.0 0.0 0.0 0.0 0.0451206 0.0 0.0399882 0.999568 0.0 0.0 0.0 0.0 0.0 0.0 0.0 0.0 4.76837e-07 0.0 0.0 0.0 0.0 0.0 0.0 0.0 0.0 0.0 0.0 0.0 0.0 0.0 0.0 0.0 0.0 0.000463724 0.0 1.19209e-07 1.62721e-05 0.0 0.0 0.0 3.72529e-06 0.0 0.0 0.0 0.0 0.0
0.0 0.0 0.0 0.0 1.78814e-06 0.017387 4.47035e-07 2.20537e-06 0.0 3.21865e-06 0.0 0.0 0.000812262 0.0 1.19209e-07 0.0 0.522117 0.869093 0.0 0.0 0.0 0.0 8.10027e-05 7.15256e-07 0.0 0.0 0.0 0.0 5.96046e-08 3.47197e-05 0.729301 7.41482e-05 0.0 0.0 1.49012e-07 8.27312e-05 0.00013876 0.0 0.0 0.0 0.336718 0.0 3.27826e-07 0.0011538 0.0 0.0 0.0 0.0 2.98023e-08 0.000786364 2.68221e-07 0.0 0.0 0.0009332 0.00539654 0.0 0.0 0.0 0.0 0.0 0.243903 0.0 0.0 0.0
0.0 0.0 0.0 0.0 0.463172 5.02467e-05 0.0 0.0 0.972722 0.000183135 0.0 0.0 0.0 0.0 0.0 1.78218e-05 0.000894964 0.131458 0.0 0.0 0.0 0.0 0.678951 1.19209e-07 0.0 5.96046e-08 0.0 0.0 0.000894725 0.0 0.0 0.00303924 0.0 0.0 0.538669 0.00282085 0.010309 0.0 0.0186714 0.0314557 1.04308e-06 0.0 0.0 0.605435 7.59959e-06 0.0 0.999995 0.0 0.0 4.29153e-06 0.0 2.68221e-06 0.0 1.19209e-07 0.715685 0.0 0.0 0.0 0.0 0.0 0.0 0.0 5.96046e-08 0.0
0.0 0.0 0.0 0.0 0.0 0.0 0.0 0.0 1.48118e-05 0.00249037 0.0 0.0 0.0 0.0 0.0 0.112879 0.0 0.397109 0.0 0.0 0.0 0.0 0.0 0.999766 0.0 0.0 0.0 0.0 0.0 9.71556e-06 0.0 0.0138965 0.0 0.0 0.000305355 8.16882e-05 1.10269e-06 0.0 0.000469118 0.0 0.0 0.0 0.0 0.00138608 0.0 0.0 0.0 0.0 0.0 0.0 0.0 0.0 0.0 0.0 0.0 0.0 0.0 0.0 0.0 0.0 0.0 0.0 0.0 0.0
0.0 0.0 0.0 0.0 0.0 0.0 0.0 0.0 0.0 0.0 0.0 0.0 0.0 0.0 0.0 0.0 0.0 0.0 0.0 0.0 0.0 0.0 0.0 0.0 0.0 0.0 0.0 0.999982 0.0 0.0 0.0 0.0 0.0 0.0 0.0 0.0 0.0 0.0 0.0 0.0 0.0 0.0 0.0 0.0 0.0 0.0 0.0 0.0 0.0 0.0 0.0 0.0 0.0 0.0 0.0 0.0 0.0 0.0 0.0 0.0 0.0 0.0 0.0 0.0
0.0 0.0 0.0 0.0 0.0 0.0 0.0 0.0 8.9407e-07 5.96046e-08 0.0 0.0 0.0 0.0 0.0 2.98023e-08 0.000111997 0.125355 0.0 0.0 0.0 0.0 3.57628e-07 2.05636e-06 0.0 0.0 0.0 0.0 0.0 5.48363e-06 0.0 1.0 0.0 0.0 6.85453e-07 9.53674e-07 0.000405639 0.0 1.19209e-07 0.0 9.92417e-06 0.0 0.0 0.00364903 0.0 0.0 8.04663e-06 0.0 2.08616e-07 0.0 0.0 0.0 0.0 0.0 2.08616e-07 2.98023e-08 0.0 0.0 0.0 0.0 0.0 0.0 0.0 0.0
0.0 0.0 0.0 0.0 0.00134605 9.36091e-05 1.49012e-07 1.49012e-07 2.8193e-05 4.47035e-07 0.0 0.0 0.0 0.0 1.19209e-07 0.0 0.0309972 0.0196667 0.0 0.0 0.0 0.0 0.787361 0.0 2.5034e-06 1.49012e-07 0.0 0.0 0.0 0.0 0.0 7.15256e-07 0.0 0.0 1.90735e-06 1.78814e-06 7.15256e-07 0.0 0.0 1.19209e-07 0.000860959 4.17233e-07 0.0 0.000114232 0.000420004 0.0 0.0 0.0 0.0 0.999989 0.0 0.000110537 0.0 1.19209e-07 0.0652677 0.0 0.0 0.0 6.25849e-07 0.0 2.05636e-06 0.0 0.0 0.0
8.1569e-05 0.00402504 0.0 0.0 5.96046e-08 0.0 0.000884593 0.00381953 0.0 0.0 0.0 0.0 0.0074774 0.0 0.00433582 0.0 0.0119725 0.0 0.103893 8.9407e-08 0.0 0.0 0.00128248 0.0 0.333186 0.0 0.0 0.0 0.0 0.0 0.0 0.0 0.0 0.000612319 0.0 0.0 0.0 0.000377834 0.0 0.0 0.0 0.0107479 0.0 0.0 0.0 2.98023e-08 0.0 0.00658488 0.0 0.0 0.0 3.51667e-06 0.0 0.000477999 0.00872597 0.0 0.904648 0.000254631 1.2517e-06 0.0144615 0.999999 0.0 0.0 0.0
0.0 0.0 0.0 0.0 0.0 0.0 0.0 0.0 1.54972e-06 2.71201e-06 0.0 0.0 0.0 0.0 0.0 0.000168175 0.0 0.000136018 0.0 0.0 0.0 0.0 1.04308e-06 2.08914e-05 0.0 0.0 0.0 0.0 0.0 0.0 0.0 7.94828e-05 0.0 0.0 0.000777394 2.98023e-08 0.996559 0.0 1.22488e-05 0.0 0.0 0.0 0.0 0.0793404 0.0 0.0 2.80142e-06 0.0 0.0 0.0 0.0 0.0 0.0 0.0 0.0 0.000627667 0.0 0.0 0.0 0.0 0.0 0.0 0.0 0.0
0.0196627 0.013225 8.9407e-08 0.0 0.0 0.0 0.0 0.0 0.0 0.0 0.0 0.0 0.0 0.0 5.96046e-08 0.0 0.0 0.0 0.00972888 1.49012e-07 0.0 0.0 4.61042e-05 0.0 0.862648 0.0 0.0 0.0 0.0 0.0 0.0 0.0 6.25849e-07 1.49012e-07 0.0 0.0 0.0 0.999808 0.0 0.0 0.0 1.78814e-07 0.0 0.0 0.0 0.000481725 0.0 6.02007e-06 0.0 0.0 0.0 5.96046e-08 0.0 0.0 0.0 0.0 0.000560135 0.000327498 5.66244e-07 4.76837e-07 0.0123392 0.0 0.0 2.98023e-08
6.70552e-06 9.53674e-07 8.9407e-08 0.0 0.00272942 0.0 0.0 0.0 0.0 0.0 0.0 0.0 0.0 0.0 1.61529e-05 0.0 2.08616e-07 0.0 0.052366 0.995475 0.0 0.0 0.336606 0.0 0.00110888 0.0 0.0 0.0 8.9407e-08 0.0 0.0 0.0 9.23872e-07 0.0 0.0 0.0 0.0 0.0 0.0 0.0 0.0 4.45545e-05 0.0 0.0 8.4132e-05 0.0 0.0 0.0 0.0 0.0 0.0 7.7486e-07 0.0 2.38419e-07 0.00209284 0.0 5.83231e-05 2.68221e-07 0.00466967 0.0 0.000117987 0.0 0.788062 0.0
2.38419e-07 1.19209e-07 0.0 0.0 0.0 0.0 0.0 0.0 0.0 0.0 0.0 0.0 0.0 0.0 0.0 0.0 0.0 0.0 4.82798e-06 0.0 0.0 0.0 0.0120778 0.0 3.27826e-07 0.0 0.0 0.0 0.0 0.0 0.0 0.0 0.0 0.999851 0.0 0.0 0.0 0.0 0.0 0.0 0.0 2.08616e-07 0.0 0.0 0.0 0.0 0.0 0.0 0.0 0.0 0.0 0.0 0.0 0.0 0.0 0.0 2.21133e-05 9.4384e-05 0.0 0.0 0.00164393 0.0 0.0 0.0
0.0 0.0 8.9407e-08 0.0 0.0349531 1.04308e-06 0.0 0.0 0.000592858 0.0 0.0 0.0 0.0 0.0 0.0 0.0 0.0 4.91738e-06 0.0 0.0 0.0 0.0 0.999901 0.0 0.0 0.0 0.0 0.0 0.00752792 0.0 0.0 0.0 0.0 0.0 1.055e-05 0.0 9.44734e-06 0.0 1.32322e-05 0.999952 0.0 0.0 0.0 0.00901875 0.0236839 0.0 2.68221e-06 0.0 0.0 4.47035e-07 0.0 2.98023e-08 0.0 0.0 0.00259984 0.0 0.0 0.0 0.0 0.0 0.0 0.0 1.57952e-06 0.0
0.00280121 1.19209e-07 8.37445e-06 0.0 0.000420988 0.0 2.68221e-07 0.0 0.0 0.0 0.0 0.0 0.0 0.0 5.36442e-07 0.0 0.0 0.0 0.00211483 0.000650764 0.0 0.0 0.998897 0.0 0.0141438 0.0 0.0 0.0 1.54972e-06 0.0 0.0 0.0 8.91089e-06 2.44379e-06 0.0 0.0 0.0 0.0 0.0 1.19209e-06 0.0 0.00646368 0.0 0.0 8.21054e-05 1.63913e-06 0.0 0.0 0.0 0.0 0.0 0.000227392 0.0 0.0 4.04418e-05 0.0 1.5974e-05 5.27501e-06 1.40071e-06 0.0 7.21216e-06 0.0 0.000489295 0.0
0.0 0.0 0.0 0.998881 0.0 0.0 0.0 0.0 5.51343e-06 0.0 0.0 0.0 0.0 0.0 0.0 0.0 0.0 0.0 0.0 0.0 0.0 0.0 5.93066e-06 0.0 0.0 0.0 0.0 0.0 0.0 0.0 0.0 0.0 0.0 0.0 1.98185e-05 0.0 0.0 0.0 0.0 0.0 0.0 0.0 0.0 0.0 0.0 0.0 0.0 0.0 0.0 0.0 0.0 0.0 0.0 0.0 0.0 0.0 0.0 0.0 0.0 0.0 0.0 0.0 0.0 0.0
0.0 0.0 0.0 0.0 5.06639e-07 0.0 0.0 0.0 0.0457928 0.999949 0.0 0.0 0.0 0.0 0.0 2.44379e-06 2.98023e-07 0.0747418 0.0 0.0 0.0 0.0 0.00155053 2.08616e-06 0.0 8.64267e-07 0.0 0.0 0.0 0.0 0.0 1.54972e-06 0.0 0.0 0.47151 1.12653e-05 1.37091e-06 0.0 2.71201e-06 0.0 0.0 0.0 0.0 0.000107229 0.0 0.0 1.10269e-06 0.0 0.0 0.0 0.0 0.0 0.0 0.0 1.81794e-06 0.0 0.0 0.0 0.0 0.0 0.0 0.0 0.0 0.0
5.66244e-07 0.0 0.000140607 0.0 0.0691779 0.0 6.88434e-06 0.0 1.93715e-06 0.0 0.0 0.0 0.0 0.0 8.25822e-05 0.0 0.189471 0.0 1.19209e-06 1.58548e-05 0.0 0.0 0.992247 0.0 0.9837 0.000121713 0.0 0.0 0.0 0.0 0.0 0.0 0.0 0.0 2.98023e-08 0.0 0.0 0.0 1.19209e-07 5.96046e-08 0.0 3.27826e-06 0.0 5.72205e-06 0.00475502 0.0 0.0 0.0 0.0 0.0 0.0 0.999921 0.0 5.13494e-05 0.867194 0.0 0.000424653 0.0 0.0444808 0.0 4.57764e-05 0.0 6.85453e-06 0.0
45 2 40 41 14 58 18 56 63 32 6 57 1 33 59 37 51 7 10 19 47 0 39 12 27 61 30 50 25 11 28 53 26 3 55 23 42 20 44 49 21 13 36 17 29 62 35 46 54 4 15 52 48 9 38 5 60 22 34 31 16 24 43 8
