8
0.0 0.0 0.0 0.0 0.0 0.0 0.0 0.0 0.0 0.0 0.0 9.23872e-06 0.0 0.0 0.0 0.0 0.0 0.0 0.0 2.34842e-05 0.0 0.0 0.0 0.0 0.0 0.0 0.0 0.0 0.0 0.0 0.0 0.0 7.7486e-07 0.0 1.32024e-05 0.0 1.78814e-07 0.0 0.0 0.0 0.0 0.0 0.0 0.0 0.0 0.0 0.0 0.0 0.0 0.0 2.55108e-05 0.0 0.0 0.0 0.0 0.999985 0.0 0.0 0.0 8.9407e-08 0.0 0.0 0.0 0.0
0.0 0.0 0.0 0.0 0.0 0.0 0.0 0.999804 0.0 0.0 0.0 0.0 0.0 0.0 0.0 0.0 0.0 0.0 0.0 0.0 0.0 0.0 0.0 0.0 0.0 0.0 0.0 0.0 0.0 0.0 0.0 0.0 0.0 0.0 0.0 0.0 0.0 0.0 0.0 0.0 0.0 0.0 0.0 0.0 0.0 0.0 0.0 0.0 0.0 0.0 0.0 0.0 0.0 0.0 0.0 0.0 0.0 0.0 0.0 0.0 0.0 0.0 0.0 0.0
0.0 0.0 4.47035e-07 0.0 0.0 1.45435e-05 0.0 0.0 1.60933e-06 0.0 0.0 0.0 0.0 0.0 0.0 0.0 1.37091e-06 0.0 2.98023e-08 2.98023e-08 0.0 0.000228822 0.0 0.0 0.0 0.0 0.0 0.0 0.0 0.0 0.0 1.96099e-05 0.000348419 3.93391e-06 5.96046e-07 0.0 0.0 0.0 0.0 0.0 0.0 0.0120554 7.45058e-06 0.0 0.0 0.0 0.0 0.0 0.0 1.3411e-06 4.76837e-07 0.0 0.0062381 0.000152737 0.0 0.0 0.0 0.00382003 2.08616e-06 0.000156671 0.0 0.0 0.0 3.0607e-05
0.0 0.0 0.0 0.0 0.0 0.0 0.0 0.0 0.0 0.0 0.0 0.0 0.0 0.0 0.0 0.0 0.0 0.0 0.0 0.0 0.0 0.0 0.0 0.0 0.0 0.0 0.0 0.999939 0.0 0.0 0.0 0.0 0.0 0.0 0.0 0.0 0.0 0.0 0.0 0.0 0.0 0.0 0.0 0.000516176 0.0 0.0 0.0 0.0 0.0 0.0 0.0 0.0 0.0 0.0 0.0 0.0 0.0 0.0 0.0 0.0 1.49012e-07 0.0 0.0 0.0
0.0 0.0 1.16229e-06 0.0 0.0 0.0510346 0.0 0.0 0.0 0.0 0.0 0.0 0.0 0.0 0.0 0.0 7.95722e-06 0.0 0.0 0.0 0.0 1.45137e-05 0.0 0.0 0.0 0.0 0.0 0.0 0.0 2.98023e-08 0.0 3.21865e-06 5.73099e-05 0.0 0.0 0.0 0.00810039 0.0 0.0 0.0 0.0 3.62694e-05 5.96046e-08 0.0 0.0 0.0 0.0 0.0 0.0 5.96046e-08 0.0562429 0.0 6.25849e-07 0.0 1.49012e-07 0.0 0.0 0.000114322 0.0 0.986382 0.0 0.0 0.0 0.00108546
0.0 0.0 0.0 0.0 3.03984e-06 0.0 0.0 0.0 0.0 0.0 0.0 0.0 0.0 0.0 0.0 0.0 0.0 0.0 0.0 0.0 0.0 0.0 0.999135 0.0 0.0 0.0 0.0 0.0 0.0 4.17233e-07 0.0 0.0 0.0 0.0 0.0 0.0 0.0 0.0 0.0 0.0 2.32756e-05 0.0 0.0 0.0 0.0 0.0 0.0 0.0 0.0 0.0 0.0 0.000143439 0.0 0.0 0.0 0.0 0.0 0.0 0.0 0.0 0.0 0.0 0.0 0.0
0.0 0.0 0.0 0.0 0.0 1.93119e-05 0.0 0.0 0.0 0.0 0.0 0.0 0.0 0.0 0.0 0.0 4.30942e-05 2.05338e-05 0.0 0.0 0.0 1.99676e-06 0.0 0.0 0.0 0.0 0.0 0.0 0.0 0.0 0.0 0.0 0.0 0.0 0.0 0.0 0.0 0.0 0.0 0.0 0.0 0.0 0.0 0.0 0.0 2.95043e-06 0.0 0.0 0.0 0.0 0.0 0.0 5.06639e-07 0.0 0.991936 0.0 2.98023e-08 0.0 1.99676e-06 4.47035e-06 0.0 0.0 0.0 6.25849e-07
0.0 0.0 0.0 0.0 0.0 0.0 0.0 0.0 0.0 0.0 0.0 0.0 5.96046e-08 0.999988 0.0 0.0 0.0 0.0 0.0 0.0 0.0 0.0 0.0 0.0 0.0 0.0 0.0 0.0 0.0 0.0 0.0 0.0 0.0 0.0 0.0 0.0 0.0 1.19209e-07 0.0 0.0 0.0 0.0 0.0 0.0 0.0 0.0 0.0 0.0 2.68221e-07 0.0 0.0 0.0 0.0 0.0 0.0 0.0 0.0 0.0 0.0 0.0 0.0 0.0 0.0 0.0
0.0 0.0 0.0 0.0 0.00189769 0.0 0.0 0.0 0.0 0.0 0.0 0.0 0.0 0.0 0.0 0.0 0.0 0.0 0.0 0.0 0.0 0.0 0.000144929 0.0 0.0 0.0 0.0 0.0 0.0 0.0 0.0 0.0 0.0 0.0 0.0 0.0 8.9407e-08 0.0 0.0 0.0 0.999881 0.0 0.0 0.0 0.0 0.0 0.0 0.0 0.0 0.0 0.0 1.78814e-07 0.0 0.0 0.0 0.0 0.0 0.0 0.0 0.0 0.0 0.0 0.0 1.19209e-07
0.0 0.0 0.0 0.0 0.999997 0.0 0.0 0.0 0.0 0.0 0.0 0.0 0.0 0.0 0.0 0.0 0.0 0.0 0.0 0.0 0.0 0.0 1.78814e-07 0.0 0.0 0.0 0.0 0.0 0.0 8.9407e-08 0.0 0.0 0.0 0.0 0.0 0.0 0.000202894 0.0 0.0 0.0 0.00513834 1.57356e-05 0.0 0.0 0.0 0.0 0.0 1.78814e-07 0.0 0.0 9.62615e-06 0.0 0.0 0.0 0.0 0.0 0.0 0.0 0.0 0.0 0.0 0.0 0.0 8.46386e-06
0.0 0.0 0.0 0.0 0.0 0.0 0.0 0.0 0.0 0.999872 0.0 0.0 0.0 0.0 0.0 0.0 0.0 0.0 0.0 0.0 0.0 0.0 0.0 0.0 0.0 0.0 0.0 0.0 0.0 0.0 0.0 0.0 0.0 0.0 0.0 0.0 0.0 0.0 0.0 0.0 0.0 0.0 0.0 0.0 0.0 0.0 0.0 0.0 0.0 0.0 0.0 0.0 0.0 0.0 0.0 0.0 0.0 0.0 0.0 0.0 0.0 0.0 0.0 0.0
0.0 0.0 0.0 3.3021e-05 0.0 1.12355e-05 0.0 0.0 0.0 0.0 0.0 0.0 0.0 0.0 0.0 4.52995e-05 0.000745863 0.100206 0.0 0.0 0.0 7.45058e-07 0.0 0.0 0.0 0.0 0.0 0.0 0.0 5.96046e-08 0.0 0.0 0.0 0.0 0.0 0.0 0.0 0.0 0.0 0.0 0.0 0.0 0.0 0.0 0.0 0.999885 0.0 0.0 0.0 0.0 0.0 0.0 0.0 0.0 2.38419e-07 0.0 4.26173e-06 5.96046e-08 0.0 2.68221e-07 0.0 0.0 0.0 0.0
0.0 0.0 0.0 0.0 0.0 0.0 0.0 0.0 0.0 0.0 0.0 0.0 1.13249e-06 0.0 0.0 0.0 0.0 0.0 0.0 0.0 0.0 0.0 0.0 0.0 0.0 8.89599e-05 0.0 0.0 0.0 0.0 0.0 0.0 0.0 0.0 0.0 0.0 0.0 5.06639e-07 0.0 0.0 0.0 0.0 0.0 0.0 0.0 0.0 1.90735e-06 0.0 0.982748 0.0 0.0 0.0 0.0 0.0 0.0 0.0 0.0 0.0 0.0 0.0 0.0 0.0 1.15037e-05 0.0
1.0 0.0 0.0 0.0 0.0 0.0 0.0 0.0 0.0 0.0 0.0 0.0 0.0 0.0 0.0 0.0 0.0 0.0 0.0 0.0 0.0 0.0 0.0 0.0 0.0 0.0 0.0 0.0 0.0 0.0 0.0 0.0 0.0 0.0 0.0 0.0 0.0 0.0 0.0 0.0 0.0 0.0 0.0 0.0 0.0 0.0 0.0 0.0 0.0 0.0 0.0 0.0 0.0 0.0 0.0 0.0 0.0 0.0 0.0 0.0 0.0 0.0 0.0 0.0
0.0 0.0 0.0 0.0 0.0 0.0 0.0 0.0 0.0 0.0 0.0 0.0 0.0 2.08616e-07 0.0 0.0 0.0 0.0 0.0 0.0 0.0 0.0 0.0 0.0 0.0 0.0127264 0.0 0.0 0.0 0.0 0.0 0.0 0.0 0.0 0.0 0.0 0.0 0.999827 0.0 0.0 0.0 0.0 0.0 8.9407e-08 0.0 0.0 0.000637174 0.0 3.93391e-06 0.0 0.0 0.0 0.0 0.0 0.0 0.0 0.0 0.0 0.0 0.0 0.0 0.0 4.61936e-06 0.0
0.0 0.0 0.0 0.0 0.0 6.97374e-06 0.0 0.0 5.84126e-06 0.0 0.0 0.0 0.0 0.0 0.0 0.0 3.57628e-07 0.0 5.96046e-08 0.0 0.0 2.98023e-07 0.0 0.0 0.0 0.0 0.0 0.0 0.0 0.0 0.0 0.997173 1.49012e-07 0.0 0.0 0.0 0.0 0.0 0.0 0.0 0.0 0.0 0.0 0.0 0.0 0.0 0.0 0.0 0.0 0.0 0.0 0.0 3.8743e-06 0.0 0.0 0.0 0.0 2.08616e-06 0.0 7.07209e-05 0.0 0.0 0.0 0.0
0.0 0.999263 0.0 0.0 0.0 0.0 0.0 0.0 0.0 0.0 0.0 0.0 0.0 0.0 0.0 0.0 0.0 0.0 0.0 0.0 0.0 0.0 0.0 0.0 0.0 0.0 0.0 0.0 0.0 0.0 0.0 0.0 0.0 0.0 0.0 0.0 0.0 0.0 0.0 0.0 0.0 0.0 0.0 0.0 0.0 0.0 0.0 0.0 0.0 0.0 0.0 0.0 0.0 0.0 0.0 0.0 0.0 0.0 0.0 0.0 0.0 0.0 0.0 0.0
0.0 0.0 0.0 0.00134933 0.0 0.112911 1.19209e-07 0.0 0.0 0.0 0.0 0.0 0.0 0.0 0.0 8.17776e-05 0.995853 0.0779215 0.0 2.98023e-08 0.0 6.10948e-06 0.0 0.0 0.0 0.0 0.0 0.0 0.0 2.98023e-08 0.0 1.78814e-07 0.0 0.0 4.47035e-07 0.0 0.0 0.0 0.0 0.0 0.0 0.0 0.0 0.0 0.0 7.39098e-05 0.0 0.0 0.0 1.19209e-07 0.0 0.0 0.0 2.08616e-07 2.26498e-06 0.0 0.000505567 7.12276e-06 0.0 0.00012359 0.0 2.98023e-08 0.0 0.0
0.0 0.0 1.32322e-05 0.0 0.0 0.0 0.0 0.0 0.997188 0.0 0.0 0.0 0.0 0.0 0.0 0.0 0.0 0.0 1.40071e-06 0.0 0.0 0.00157186 0.0 0.0 0.0 0.0 0.0 0.0 0.0 0.0 0.0 0.00010258 2.89083e-06 0.0 0.0 0.0 0.0 0.0 0.0 0.0 0.0 1.84774e-06 4.76837e-07 0.0 0.0 0.0 0.0 0.0 0.0 3.27826e-07 0.0 0.0 7.7486e-07 1.10865e-05 0.0 0.0 0.0 0.00180429 2.98023e-08 2.68221e-07 0.0 0.0 0.0 5.06639e-07
0.0 0.0 0.0 2.60174e-05 0.0 5.96046e-08 0.952333 0.0 2.89083e-06 0.0 0.0 0.0 0.0 0.0 0.0 0.0285099 0.000940263 1.44541e-05 0.0 0.0 0.0 3.72529e-06 0.0 0.0 0.0 0.0 0.0 0.0 0.0 0.0 0.0 1.43051e-06 0.0 0.0 0.0 0.0 0.0 0.0 0.0 0.0 0.0 0.0 0.0 0.0 0.0 1.19209e-07 0.0 0.0 0.0 2.98023e-08 0.0 0.0 0.0 0.139499 0.0 0.0 6.85453e-07 2.68221e-07 0.0 0.0 0.0 0.0 0.0 0.0
0.0 0.0 0.0 0.0 0.0 0.0 0.0 0.0 0.0 0.0 0.0 0.0 0.0 0.0 0.0 0.0 0.0 0.0 0.0 0.0 0.0 0.0 0.0 0.0 0.0 0.0 0.0 0.0 0.999999 0.0 0.0 0.0 0.0 0.0 0.0 0.0 0.0 0.0 0.0 0.0 0.0 0.0 0.0 0.0 0.0 0.0 0.0 0.0 0.0 0.0 0.0 0.0 0.0 0.0 0.0 0.0 0.0 0.0 0.0 0.0 0.0 0.0 0.0 0.0
0.0 0.0 0.0 0.0 0.0 8.64267e-07 0.0 0.0 0.0 0.0 0.0 0.0 0.0 0.0 0.0 0.0 6.25849e-07 0.0 0.0 0.999362 0.0 6.25849e-07 0.0 0.0 0.0 0.0 0.0 0.0 0.0 0.0 0.0 0.0 0.00044474 0.0 0.999989 0.0 0.0 0.0 0.0 0.0 0.0 0.0 5.96046e-08 0.0 0.0 0.0 0.0 0.0 0.0 0.106267 0.0 0.0 0.0 0.0 0.0 9.92417e-06 0.0 0.00215515 0.0 4.17233e-07 0.0 0.0 0.0 0.0
0.0 0.0 0.0 0.0 0.0 0.0 8.9407e-08 0.0 0.0 0.0 0.0 0.0 0.0 0.0 0.0 0.0 1.19209e-07 1.10269e-06 0.0 0.0 0.0 9.20892e-06 0.0 0.0 0.0 0.0 0.0 0.0 0.0 0.0 0.0 0.0 0.0 0.0 0.0 0.0 0.0 0.0 0.0 0.0 0.0 0.0 0.0 0.0 0.0 0.0 0.0 0.0 0.0 0.0 0.0 0.0 1.19209e-07 0.000151008 0.000115782 0.0 0.0 1.19209e-07 1.10269e-06 5.96046e-08 0.0 0.0 0.0 0.0
0.0 0.0 3.8743e-07 0.0 0.0 4.42863e-05 0.0 0.0 1.39475e-05 0.0 0.0 0.0 0.0 0.0 0.0 0.0 4.44055e-06 0.0 0.0 0.0233442 0.0 0.146312 0.0 0.0 0.0 0.0 0.0 0.0 0.0 0.0 0.0 0.0 0.00907174 0.0 0.00394136 0.0 0.0 0.0 0.0 0.0 0.0 2.98023e-07 1.78814e-07 0.0 0.0 0.0 0.0 0.0 0.0 0.624275 3.6478e-05 0.0 0.0 3.39746e-06 0.0 0.0 0.0 0.99752 0.0 0.000275522 0.0 0.0 0.0 2.32458e-06
0.0 0.0 0.0 0.0 0.0 0.0 0.0 0.0 0.0 0.0 0.0 0.0 0.0 0.0 0.0 0.0 0.0 0.0 0.0 0.0 0.0 0.0 0.0 0.0 0.0 0.999767 0.0 0.0 0.0 0.0 0.0 0.0 0.0 0.0 0.0 0.0 0.0 0.0117476 0.0 0.0 0.0 0.0 0.0 0.000549734 0.0 0.0 0.995689 0.0 0.00744763 0.0 0.0 0.0 0.0 0.0 0.0 0.0 0.0 0.0 0.0 0.0 0.0 0.0 0.923632 0.0
0.0 0.0 0.0 0.0 0.0 0.0 0.0 0.0 0.0 0.0 0.0 0.0 2.98023e-08 0.0 0.0 0.0 0.0 0.0 0.0 0.0 0.0 0.0 0.0 0.0 0.0 0.991436 0.0 0.0 0.0 0.0 0.0 0.0 0.0 0.0 0.0 0.0 0.0 0.000161499 0.0 0.0 0.0 0.0 0.0 6.4373e-06 0.0 0.0 0.837803 0.0 0.000710815 0.0 0.0 0.0 0.0 0.0 0.0 0.0 0.0 0.0 0.0 0.0 0.0 0.0 0.998501 0.0
0.0 0.0 0.0 0.0 0.0 0.0 0.0 0.0 0.0 0.0 0.0 0.0 0.0 0.0 0.0 0.0 0.0 0.0 0.0 0.0 1.0 0.0 0.0 0.0 0.0 0.0 0.0 0.0 0.0 0.0 0.0 0.0 0.0 0.0 0.0 0.0 0.0 0.0 0.0 0.0 0.0 0.0 0.0 0.0 0.0 0.0 0.0 0.0 0.0 0.0 0.0 0.0 0.0 0.0 0.0 0.0 0.0 0.0 0.0 0.0 0.0 0.0 0.0 0.0
0.0 0.0 0.0 0.0 0.0 0.0 0.0 0.0 0.0 0.0 0.0 0.0 0.0 0.0 0.0 0.0 0.0 0.0 0.0 0.0 0.0 0.0 1.95205e-05 0.0 0.0 0.0 0.0 0.0 0.0 3.14415e-05 0.0 0.0 0.0 0.0 0.0 0.0 0.0 0.0 0.0 0.0 1.19209e-07 0.0 0.0 0.0 0.0 0.0 0.0 0.0 0.0 0.0 0.0 0.986672 0.0 0.0 0.0 0.0 0.0 0.0 0.0 0.0 0.0 0.0 0.0 0.0
0.0 0.0 1.78814e-07 0.0 0.0 0.0 0.0 0.0 0.0 0.0 5.07236e-05 0.0 0.0 0.0 0.0 0.0 0.0 0.0 0.0 0.0 0.0 0.0 0.0 0.0 0.0 0.0 0.0 0.0 0.0 0.0 0.0 0.0 0.0 0.0 0.0 0.0 0.0 0.0 0.0 0.0 0.0 1.78814e-07 1.19209e-07 0.0 0.999969 0.0 0.0 0.0 0.0 0.0 0.0 0.0 0.0 0.0 0.0 0.0 0.0 0.0 0.0 0.0 0.0 0.0 0.0 0.0
0.0 0.0 0.0 0.0 0.0 0.977972 0.0 0.0 0.0 0.0 0.0 0.0 0.0 0.0 0.0 0.0 0.1868 0.000198036 0.0 0.0 0.0 8.49366e-06 0.0 0.0 0.0 0.0 0.0 0.0 0.0 1.19209e-07 0.0 1.3411e-06 0.0 0.0 2.68221e-07 0.0 8.40425e-06 0.0 0.0 0.0 0.0 0.0 0.0 0.0 0.0 6.22869e-06 0.0 0.0 0.0 2.08616e-07 2.23517e-06 0.0 0.0 5.96046e-08 1.66893e-06 0.0 3.27826e-06 2.84314e-05 0.0 0.0407445 0.0 0.0 0.0 8.9407e-08
0.0 0.0 0.0 0.0 2.74479e-05 6.25849e-07 0.0 0.0 0.0 0.0 0.0 0.0 0.0 0.0 0.0 0.0 0.0 0.0 0.0 0.0 0.0 0.0 0.0 0.0 0.0 0.0 0.0 0.0 0.0 8.9407e-08 0.0 0.0 8.9407e-08 0.0 0.0 0.0 0.995004 0.0 0.0 0.0 0.0 1.19209e-07 0.0 0.0 0.0 0.0 0.0 0.0 0.0 0.0 0.547556 0.0 0.0 0.0 0.0 0.0 0.0 1.19209e-07 0.0 8.06749e-05 0.0 0.0 0.0 1.58548e-05
0.0 0.0 0.0 0.0 0.0 0.0 0.0 0.0 0.0 0.0 0.0 0.0 0.0 0.0 0.0 0.0 0.0 0.0 0.0 0.0 0.0 0.0 0.0 0.0 0.0 0.0 0.0 0.0 0.0 0.0 0.0 0.0 0.0 0.999634 0.0 0.0 0.0 0.0 0.0 0.0 0.0 5.06639e-07 0.0 0.0 0.0 0.0 0.0 0.0 0.0 0.0 0.0 0.0 8.49366e-06 0.0 0.0 0.0 0.0 0.0 0.0 0.0 0.0 0.0 0.0 2.68221e-07
0.0 0.0 0.000161529 0.0 9.26852e-05 0.0 0.0 0.0 0.0 0.0 1.30832e-05 0.0 0.0 0.0 0.0 0.0 0.0 0.0 0.0 0.0 0.0 0.0 0.0 0.0 0.0 0.0 0.0 0.0 0.0 0.0 0.0 0.0 2.11596e-06 0.0 0.0 8.9407e-08 8.9407e-07 0.0 0.0 0.0 0.0 0.995472 0.000265926 0.0 0.0 0.0 0.0 0.0 0.0 0.0 0.00031662 0.0 0.000617385 0.0 0.0 0.0 0.0 2.98023e-08 1.19209e-07 1.38581e-05 0.0 0.0 0.0 0.058989
0.0 0.0 0.0 0.0 0.0 0.0 0.0 0.0 0.0 0.0 0.0 0.0 0.0 0.0 0.0 0.0 0.0 0.0 0.0 0.0 0.0 0.0 0.0 0.0 1.19209e-07 0.0 0.999944 0.0 0.0 0.0 0.0 0.0 0.0 0.0 0.0 0.0 0.0 0.0 0.0 0.0 0.0 0.0 0.0 0.0 0.0 0.0 0.0 0.0 0.0 0.0 0.0 0.0 0.0 0.0 0.0 0.0 0.0 0.0 0.0 0.0 0.0 0.0 0.0 0.0
0.0 0.0 0.0 0.0 0.0 0.0 0.0 0.0 0.0 0.0 0.0 0.0 0.0 0.0 0.0 0.0 0.0 0.0 0.0 0.0 0.0 0.0 0.0 0.0 0.0 0.0 0.0 0.0 0.0 0.0 0.0 0.0 0.0 2.38419e-07 0.0 0.0 0.0 0.0 0.0 0.0076659 0.0 0.0 0.0 0.0 0.0 0.0 0.0 0.0 0.0 0.0 0.0 0.0 0.0 0.0 0.0 0.0 0.0 0.0 0.0 0.0 0.0 0.0 0.0 0.0
0.0 0.0 0.23632 0.0 0.0 8.9407e-08 0.0 0.0 8.9407e-08 0.0 4.38094e-06 0.0 0.0 0.0 0.0 0.0 0.0 0.0 0.0 2.5779e-05 0.0 4.61936e-06 0.0 0.0 0.0 0.0 0.0 0.0 0.0 0.0 0.0 8.9407e-08 0.994948 0.0 7.31945e-05 0.0 1.19209e-07 0.0 0.0 0.0 0.0 0.000214458 0.183325 0.0 0.0 0.0 0.0 0.0 0.0 0.00275543 0.000322491 0.0 2.68221e-07 0.0 0.0 4.17233e-07 0.0 0.00483164 0.0 7.10189e-05 0.0 0.0 0.0 0.00014326
0.0 0.0 0.0 0.0 0.0 0.0 0.0 0.0 0.0 0.0 0.0 3.51667e-06 0.0 0.0 0.0 0.0 0.0 0.0 0.0 5.1856e-05 0.0 0.0 0.0 0.0 0.0 0.0 0.0 0.0 0.0 0.0 0.0 0.0 0.0 0.0 1.84774e-06 1.78814e-07 0.0 0.0 0.0 0.0 0.0 0.0 0.0 0.0 0.0 0.0 0.0 0.0 0.0 0.0 0.0 0.0 0.0 0.0 0.0 9.38773e-06 0.0 0.0 1.69873e-06 0.0 0.0 0.0 0.0 0.0
0.0 0.0 0.0 0.0 0.0 0.0 0.0 0.0 0.0 0.0 0.0 0.0 0.0 0.0 0.0 0.0 0.0 0.0 0.0 0.0 0.0 0.0 0.0 0.0 0.0 0.0 0.0 0.0 0.0 0.0 0.999406 0.0 0.0 0.0 0.0 0.0 0.0 0.0 0.0 0.0 0.0 0.0 0.0 0.0 0.0 0.0 0.0 0.0 0.0 0.0 0.0 0.0 0.0 0.0 0.0 0.0 0.0 0.0 0.0 0.0 0.0 0.0 0.0 0.0
0.0 0.0 0.0200008 0.0 0.0 0.0 0.0 0.0 0.0 0.0 0.0278904 0.0 0.0 0.0 0.0 0.0 0.0 0.0 0.0 0.0 0.0 0.0 0.0 0.0 0.0 0.0 0.0 0.0 0.0 0.0 0.0 0.0 0.00137541 0.0 0.0 0.0 0.0 0.0 0.0 0.0 0.0 0.0015237 0.999081 0.0 0.0 0.0 0.0 0.0 0.0 0.0 1.49012e-07 0.0 3.66569e-06 0.0 0.0 0.0 0.0 0.0 0.0 0.0 0.0 0.0 0.0 5.66244e-07
0.0 0.0 0.0 0.0 0.0 0.0 0.0 0.0 0.0 0.0 0.0 0.0 0.0 0.0 0.0 0.0 0.0 0.0 0.0 0.0 0.0 4.76837e-07 0.0 0.0 0.0 0.0 0.0 0.0 0.0 0.0 0.0 0.0 0.0 0.0 0.0 0.000866532 0.0 0.0 0.0 0.0 0.0 0.0 0.0 0.0 0.0 0.0 0.0 0.0 0.0 0.0 0.0 0.0 8.49366e-06 0.0 9.56953e-05 0.0 0.0 1.19209e-07 0.97943 1.19209e-07 0.0 0.0 0.0 5.75185e-06
0.0 0.0 0.0 0.0 0.0 0.0 0.0 0.0 0.0 0.0 0.0 0.0 0.0 0.0 0.0 0.0 0.0 0.0 0.0 0.0 0.0 0.0 0.0 0.0 0.0 0.0 0.0 0.0 0.0 0.0 0.0 0.0 0.0 0.0 0.0 5.96046e-08 0.0 0.0 0.99998 0.0 0.0 0.0 0.0 0.0 0.0 0.0 0.0 0.0 0.0 0.0 0.0 0.0 0.0 0.0 0.0 0.0 0.0 0.0 0.0 0.0 0.0 0.0 0.0 0.0
0.0 0.0 0.0 0.0 0.0 0.0 0.0 0.0 0.0 0.0 0.0 0.0 0.0 0.0 0.0 0.0 0.0 0.0 0.0 0.0 0.0 0.0 0.0 0.0 0.0 0.0 0.0 0.0 0.0 0.0 0.0 0.0 0.0 0.0 0.0 0.0 0.0 0.0 0.0 0.0 0.0 0.0 0.0 0.0 0.0 0.0 0.0 1.0 0.0 0.0 0.0 0.0 0.0 0.0 0.0 0.0 0.0 0.0 0.0 0.0 0.0 0.0 0.0 0.0
0.0 0.0 4.20213e-06 0.0 5.1856e-06 0.0 0.0 0.0 0.0 0.0 3.03984e-06 0.0 0.0 0.0 0.0 0.0 0.0 0.0 0.0 0.0 0.0 0.0 0.0 0.0 0.0 0.0 0.0 0.0 0.0 0.0 0.0 0.0 4.17233e-07 0.0 0.0 6.25849e-07 8.04663e-07 0.0 0.0 0.0 0.0 0.00778159 8.34465e-07 0.0 0.0 0.0 0.0 0.0 0.0 0.0 0.000101626 0.0 1.21593e-05 0.0 0.0 0.0 0.0 5.96046e-08 7.7486e-07 1.63913e-06 0.0 0.0 0.0 0.968287
0.0 0.0 0.0 0.0 0.0 0.0 0.0 0.0 0.0 0.0 0.0 0.0 0.99999 0.0 0.0 0.0 0.0 0.0 0.0 0.0 0.0 0.0 0.0 0.0 0.0 3.8743e-07 0.0 0.0 0.0 0.0 0.0 0.0 0.0 0.0 0.0 0.0 0.0 0.0 0.0 0.0 0.0 0.0 0.0 0.0 0.0 0.0 0.0 0.0 1.19209e-07 0.0 0.0 0.0 0.0 0.0 0.0 0.0 0.0 0.0 0.0 0.0 0.0 0.0 5.96046e-08 0.0
0.0 0.0 0.0 0.0 0.0 2.02656e-06 0.0 0.0 0.0 0.0 0.0 0.0 0.0 0.0 0.0 0.0 7.53999e-06 5.96046e-08 0.0 0.999633 0.0 2.53916e-05 0.0 0.0 0.0 0.0 0.0 0.0 0.0 0.0 0.0 0.0 5.94258e-05 0.0 0.998966 0.0 0.0 0.0 0.0 0.0 0.0 0.0 0.0 0.0 0.0 0.0 0.0 0.0 0.0 0.0992312 0.0 0.0 0.0 0.0 0.0 6.90222e-05 0.0 0.00103199 0.0 1.49012e-07 0.0 0.0 0.0 0.0
0.0 0.0 0.0 0.0 0.0 0.0 0.0 0.0 0.0 0.0 0.0 0.0 0.0 0.0 0.0 0.0 0.0 0.0 0.0 0.0 0.0 0.0 0.0 0.0 0.0 0.0 0.0 1.19209e-06 0.0 0.0 0.0 0.0 0.0 0.0 0.0 0.0 0.0 0.0 0.0 0.0 0.0 0.0 0.0 0.0 0.0 0.0 0.0 0.0 0.0 0.0 0.0 0.0 0.0 0.0 0.0 0.0 0.0 0.0 0.0 0.0 0.998948 0.0 0.0 0.0
0.0 0.0 0.0 0.0 0.0 0.0 0.0 0.0 0.0 0.0 0.0 0.0 0.0 0.0 0.0 0.0 0.0 0.0 0.0 0.0 0.0 0.0 0.0 0.999987 0.0 0.0 0.0 0.0 0.0 0.0 0.0 0.0 0.0 0.00186193 0.0 0.0 0.0 0.0 0.0 0.0 0.0 0.0 0.0 0.0 2.38419e-07 0.0 0.0 0.0 0.0 0.0 0.0 0.0 0.0 0.0 0.0 0.0 0.0 0.0 0.0 0.0 0.0 0.0 0.0 0.0
0.0 0.0 0.999059 0.0 1.54972e-06 0.0 0.0 0.0 8.04663e-07 0.0 0.00317681 0.0 0.0 0.0 0.0 0.0 0.0 0.0 0.0 0.0 0.0 0.0 0.0 0.0 0.0 0.0 0.0 0.0 0.0 0.0 0.0 0.0 0.00313172 0.0 0.0 0.0 2.08616e-07 0.0 0.0 0.0 0.0 0.0166803 0.0304825 0.0 8.64267e-07 0.0 0.0 0.0 0.0 0.0 0.000248641 0.0 7.15256e-07 0.0 0.0 0.0 0.0 1.19209e-07 0.0 6.88434e-06 0.0 0.0 0.0 0.00129741
0.0 0.0 0.0 0.0 0.0 0.0 0.0 0.0 0.0 0.0 0.0 0.0 0.0 0.0 0.0 0.0 0.0 0.0 0.0 0.0 0.0 0.0 0.0 0.0 0.0 0.0 0.0 0.0 0.0 0.0 0.0 0.0 0.0 0.0 0.0 0.0 0.0 0.0 0.0 1.0 0.0 0.0 0.0 0.0 0.0 0.0 0.0 0.0 0.0 0.0 0.0 0.0 0.0 0.0 0.0 0.0 0.0 0.0 0.0 0.0 0.0 0.0 0.0 0.0
0.0 0.0 0.0 0.0 0.0 0.0 0.0 0.0 5.96046e-08 0.0 0.0 0.0 0.0 0.0 0.0 0.0 0.0 0.0 0.0 0.0 0.0 0.0 0.0 0.0 0.0 0.0 0.0 0.0 0.0 0.0 0.0 8.76188e-06 0.0 2.76566e-05 0.0 3.8743e-07 0.0 0.0 0.0 0.0 0.0 4.19319e-05 1.49012e-07 0.0 0.0 0.0 0.0 0.0 0.0 0.0 0.0 0.0 0.970132 0.0 2.98023e-08 0.0 0.0 0.0 0.000154585 1.19209e-07 0.0 0.0 0.0 1.33216e-05
0.0 0.0 7.31349e-05 0.0 1.49012e-07 0.0 0.0 0.0 0.0 0.0 0.993105 0.0 0.0 0.0 0.0 0.0 0.0 0.0 0.0 0.0 0.0 0.0 0.0 0.0 0.0 0.0 0.0 0.0 0.0 0.0 0.0 0.0 0.0 0.0 0.0 0.0 0.0 0.0 0.0 0.0 0.0 5.06639e-07 2.65539e-05 0.0 8.9407e-08 0.0 0.0 0.0 0.0 0.0 0.0 0.0 0.0 0.0 0.0 0.0 0.0 0.0 0.0 0.0 0.0 0.0 0.0 8.34465e-07
0.0 0.0 2.31266e-05 0.0 7.90358e-05 6.25849e-07 0.0 0.0 0.0 0.0 5.36442e-07 0.0 0.0 0.0 0.0 0.0 0.0 0.0 0.0 0.0 0.0 1.19209e-07 0.0 0.0 0.0 0.0 0.0 0.0 0.0 0.0 0.0 0.0 0.00011456 0.0 0.0 0.0 0.131088 0.0 0.0 0.0 0.0 0.00102118 1.87755e-06 0.0 0.0 0.0 0.0 0.0 0.0 0.0 0.999473 0.0 0.0 0.0 0.0 0.0 0.0 3.40641e-05 0.0 0.00125673 0.0 0.0 0.0 0.0153759
0.0 0.0 0.0 0.0 0.0 0.0 0.0 0.0 0.0 0.0 0.0 0.0 0.0 0.0 0.0 0.0 0.0 0.0 0.0 0.0 0.0 0.0 0.0 0.0 0.0 0.0 0.0 0.0 0.0 0.0 0.0 0.0 0.0 0.0 0.0 0.99885 0.0 0.0 1.3113e-06 0.0 0.0 2.30074e-05 0.0 0.0 0.0 0.0 0.0 0.0 0.0 0.0 0.0 0.0 7.69198e-05 0.0 0.0 0.0 0.0 0.0 0.000179052 6.55651e-07 0.0 0.0 0.0 0.00030598
0.0 0.0 5.96046e-08 0.0 0.0 8.64267e-07 0.0 0.0 1.19209e-07 0.0 0.0 0.0 0.0 0.0 0.0 0.0 3.57628e-07 0.0 0.0 0.393265 0.0 0.00335675 0.0 0.0 0.0 0.0 0.0 0.0 0.0 0.0 0.0 0.0 0.0794945 0.0 0.292261 0.0 0.0 0.0 0.0 0.0 0.0 0.0 5.36442e-07 0.0 0.0 0.0 0.0 0.0 0.0 0.998328 1.49012e-07 0.0 0.0 5.96046e-08 0.0 0.0 0.0 0.370145 0.0 2.35438e-06 0.0 0.0 0.0 0.0
0.0 0.0 0.0 0.0 0.0 0.0 0.0 0.0 6.8903e-05 0.0 0.0 0.0 0.0 0.0 0.0 0.0 0.0 0.0 0.999967 0.0 0.0 1.40071e-06 0.0 0.0 0.0 0.0 0.0 0.0 0.0 0.0 0.0 5.24819e-05 0.0 0.0 0.0 0.0 0.0 0.0 0.0 0.0 0.0 0.0 0.0 0.0 1.69873e-06 0.0 0.0 0.0 0.0 0.0 0.0 0.0 0.0 3.60608e-06 0.0 0.0 0.0 2.98023e-07 0.0 0.0 0.0 0.0 0.0 0.0
0.0 0.0 0.0 0.913014 0.0 0.0 0.0605319 0.0 0.0 0.0 0.0 0.0 0.0 0.0 0.0 0.999573 1.55568e-05 0.000950545 0.0 0.0 0.0 0.0 0.0 0.0 0.0 0.0 0.0 0.0 0.0 0.0 0.0 0.0 0.0 0.0 0.0 0.0 0.0 0.0 0.0 0.0 0.0 0.0 0.0 0.0 0.0 1.69873e-06 0.0 0.0 0.0 0.0 0.0 0.0 0.0 3.42727e-06 0.0 0.0 0.0894119 0.0 0.0 0.0 0.0 5.96046e-08 0.0 0.0
0.0 0.0 0.0 0.0377543 0.0 0.000110894 1.93715e-06 0.0 0.0 0.0 0.0 0.0 0.0 0.0 0.0 0.0295596 0.26962 0.903404 0.0 0.0 0.0 0.000115633 0.0 0.0 0.0 0.0 0.0 0.0 0.0 0.0 0.0 0.0 0.0 0.0 0.0 0.0 0.0 0.0 0.0 0.0 0.0 0.0 0.0 0.0 0.0 0.00238839 0.0 0.0 0.0 3.8743e-07 0.0 0.0 0.0 9.23872e-06 2.28584e-05 0.0 0.0155541 5.66244e-07 0.0 2.38419e-07 0.0 0.0 0.0 0.0
0.0 0.0 0.0 0.0 0.0 0.000729352 0.0 0.0 0.000128359 0.0 0.0 0.0 0.0 0.0 0.0 0.0 4.32134e-05 6.73532e-06 0.0 3.99351e-06 0.0 0.987477 0.0 0.0 0.0 0.0 0.0 0.0 0.0 0.0 0.0 3.33786e-06 6.01113e-05 0.0 3.9041e-06 0.0 1.10269e-06 0.0 0.0 0.0 0.0 1.78814e-07 0.0 0.0 0.0 0.0 0.0 0.0 0.0 0.0106611 1.72853e-06 0.0 2.68221e-07 0.000308007 1.01328e-06 0.0 0.0 0.276866 8.9407e-08 0.00157115 0.0 0.0 0.0 7.98702e-06
0.0 0.0 0.0 0.0 2.98023e-08 0.0 0.0 0.0 0.0 0.0 0.0 0.0 0.0 0.0 0.0 0.0 0.0 0.0 0.0 0.0 0.0 0.0 0.0 0.0 0.0 0.0 0.0 0.0 0.0 0.999987 0.0 0.0 0.0 0.0 0.0 0.0 0.0 0.0 0.0 0.0 0.0 0.0 0.0 0.0 0.0 0.0 0.0 0.0 0.0 0.0 0.0 2.08616e-07 0.0 0.0 0.0 0.0 0.0 0.0 0.0 0.0 0.0 0.0 0.0 0.0
0.0 0.0 0.0 0.999488 0.0 9.50694e-06 4.58956e-06 0.0 0.0 0.0 0.0 0.0 0.0 0.0 0.0 0.336289 0.142536 0.971043 0.0 0.0 0.0 6.55651e-07 0.0 0.0 0.0 0.0 0.0 0.0 0.0 0.0 0.0 0.0 0.0 0.0 0.0 0.0 0.0 0.0 0.0 0.0 0.0 0.0 0.0 0.0 0.0 0.0154343 0.0 0.0 0.0 0.0 0.0 0.0 0.0 1.19209e-07 1.51992e-06 0.0 0.883901 0.0 0.0 0.0 0.0 0.000130624 0.0 0.0
0.0 0.0 0.0 0.0 0.0 0.0 0.0 0.0 0.0 0.0 0.0 0.0 0.0 0.0 0.999721 0.0 0.0 0.0 0.0 0.0 0.0 0.0 0.0 0.0 0.0 0.0 0.0 0.0 0.0 0.0 0.0 0.0 0.0 0.0 0.0 0.0 0.0 0.0 0.0 0.0 0.0 0.0 0.0 0.0 0.0 0.0 0.0 0.0 0.0 0.0 0.0 0.0 0.0 0.0 0.0 0.0 0.0 0.0 0.0 0.0 0.0 0.0 0.0 0.0
0.0 0.0 0.0 0.0 0.0 0.0 0.0 0.0 0.0 0.0 0.0 0.999999 0.0 0.0 0.0 0.0 0.0 0.0 0.0 2.3067e-05 0.0 0.0 0.0 0.0 0.0 0.0 0.0 0.0 0.0 0.0 0.0 5.96046e-08 0.0 0.0 1.95801e-05 0.0 0.0 0.0 0.0 0.0 0.0 0.0 0.0 0.0 0.0 0.0 0.0 0.0 0.0 0.0 0.0 0.0 0.0 0.0 0.0 2.864e-05 0.0 0.0 0.0 0.0 0.0 0.0 0.0 0.0
0.0 0.0 0.0 0.0 0.0 0.0 0.0 0.0 0.0 0.0 0.0 0.0 0.0 0.0 0.0 0.0 0.0 0.0 0.0 0.0 0.0 0.0 0.0 0.0 0.0 0.9731 0.0 0.0 0.0 0.0 0.0 0.0 0.0 0.0 0.0 0.0 0.0 0.000651926 0.0 0.0 0.0 0.0 0.0 8.01682e-06 0.0 0.0 0.999776 0.0 6.35684e-05 0.0 0.0 0.0 0.0 0.0 0.0 0.0 0.0 0.0 0.0 0.0 0.0 0.0 0.790335 0.0
0.0 0.0 0.0 0.0 4.75347e-05 0.00288913 0.0 0.0 0.0 0.0 0.0 0.0 0.0 0.0 0.0 0.0 5.63264e-06 0.0 0.0 0.0 0.0 1.57952e-06 0.0 0.0 0.0 0.0 0.0 0.0 0.0 0.0264587 0.0 5.96046e-08 1.78814e-07 0.0 0.0 0.0 0.42699 0.0 0.0 0.0 2.98023e-08 5.96046e-08 0.0 0.0 0.0 0.0 0.0 0.0 0.0 0.0 0.000663877 0.0 0.0 0.0 0.0 0.0 0.0 1.04308e-06 0.0 0.023279 0.0 0.0 0.0 2.03848e-05
0.0 0.0 0.0 0.0 0.0 0.0 0.0 0.0 0.0 0.0 0.0 0.0 0.0 0.0 0.0 0.0 0.0 0.0 0.0 0.0 0.0 0.0 0.0 0.0 0.0 0.0 0.0 0.0 0.0 0.0 0.0 0.0 0.0 0.0 0.0 0.0 0.0 0.0 0.0 0.0 0.0 0.0 0.0 0.0 0.999437 0.0 0.0 0.0 0.0 0.0 0.0 0.0 0.0 0.0 0.0 0.0 0.0 0.0 0.0 0.0 0.0 0.0 0.0 0.0
0.0 0.0 0.0 0.0 0.0 0.0 0.0 0.0 0.0 0.0 0.0 0.0 0.0 0.0 0.0 0.0 0.0 0.0 0.0 0.0 0.0 0.0 0.0 0.0 0.0 0.0 0.999811 0.0 0.0 0.0 0.0 0.0 0.0 0.0 0.0 0.0 0.0 0.0 0.0 0.0 0.0 0.0 0.0 0.0 0.0 0.0 0.0 0.0 0.0 0.0 0.0 0.0 0.0 0.0 0.0 0.0 0.0 0.0 0.0 0.0 0.0 0.0 0.0 0.0
0.0 0.0 0.00469896 0.0 0.223247 1.43051e-06 0.0 0.0 0.0436634 0.0 0.0 0.0 0.0 0.0 0.0 0.00015974 0.0 0.0 0.0 0.034945 0.0 0.0 0.0 0.0 0.0 0.0 0.0 1.15037e-05 0.0 0.0 0.642746 2.17557e-06 0.090744 0.0 0.0239017 0.0 0.673549 0.000200003 0.0 0.0 0.00396296 0.725555 0.0272375 0.0 0.0 0.0 0.0 0.0 0.0 0.0 0.0 0.0807784 0.0 0.0 7.7486e-07 1.66893e-06 0.0 0.00369179 5.96046e-08 0.000223815 0.0 0.0 0.0 0.99043
0.0 0.0 0.0 0.0 0.0 0.0 0.0 0.0 0.0 4.95613e-05 0.0 0.0 4.85778e-06 0.0 0.0 0.0 0.0 0.0 0.0 0.0 0.0 0.0 0.0 0.0 0.999955 2.41399e-06 0.0 0.0 0.0 0.0 0.0 0.0 0.0 0.0 0.0 0.0 0.0 0.0 0.0 0.0 0.0 0.0 0.0 0.0 0.0 0.0 0.0 0.0 4.47035e-07 0.0 0.0 0.0 0.0 0.0 0.0 0.0 0.0 0.0 0.0 0.0 0.0 0.0 2.72989e-05 0.0
0.0 0.0 0.0 0.0 0.0 0.0 0.0 0.0 0.0 0.0 0.0 0.0 0.00110263 0.0 0.0 0.0 0.0 0.0 0.0 0.0 0.0 1.0 0.0 0.0 5.96046e-08 0.58097 0.0 0.0 0.0 0.0 0.0 0.0 0.0 0.0 0.0 4.07696e-05 0.0 0.0 3.27826e-07 0.0 0.0 0.0 0.0 0.00123623 0.0 0.0 0.0 0.0 0.153793 0.0 0.0153157 0.0 0.0 0.0 0.0 0.0 0.0 0.0 0.0 0.0 0.0 0.0 3.60608e-06 0.0
0.0 0.0 5.96046e-08 0.0 4.94719e-06 1.49012e-07 0.0 0.0 6.4671e-06 0.0 0.0 0.0 0.0 0.0 0.0 0.0 0.00343668 0.0 0.0 0.0 0.0 0.168613 0.0 0.0 0.0 0.0 0.0 0.0 0.0 0.0 2.21431e-05 9.53674e-06 0.0 0.0 0.000386238 0.951913 0.000330716 0.0 0.000195116 0.0 0.0 2.0653e-05 0.0 0.0 0.0 0.0 0.0 0.998444 0.0 0.0 1.73151e-05 0.00253433 0.0 0.0 0.0 0.0 0.0 0.0 0.0 2.98023e-08 0.0 1.19209e-07 0.0 1.13249e-06
0.0 0.0 5.66244e-07 0.369242 9.80496e-06 0.00938556 0.00130248 0.0 1.3411e-06 0.0 0.0 0.0 0.0 0.0 0.0 0.0 0.0 1.99676e-06 0.0 1.2219e-06 0.0 0.0 0.0 0.0 0.0 0.0 0.0 0.0 0.0 0.00855246 3.44217e-05 0.0696677 0.00033921 0.0 2.08616e-07 0.0 8.76188e-06 2.98023e-08 0.0 0.0 2.08616e-06 0.00132999 1.37091e-06 0.0 0.0 3.8743e-07 0.0 9.37581e-05 0.0 0.0 0.0 0.00121316 8.58307e-06 0.0 0.00425953 0.0 1.01328e-05 0.0 0.000230759 0.127702 0.0 0.998849 0.0 0.0
0.0 0.0 0.0 0.0 0.0 0.0 0.0 0.0 0.0 0.0 0.0 0.0 0.0 0.0 8.9407e-08 0.0 0.0 0.0 0.0 0.0 0.999979 0.0 0.0 0.0 0.0 0.0 0.0 0.0 0.0 0.0 0.0 0.0 0.0 0.0 0.0 0.0 0.0 0.0 0.0 0.0 0.0 0.0 0.0 0.0 0.0 0.0 0.0 0.0 0.0 0.0 0.0 0.0 0.0 0.0 0.0 0.0 0.0 0.0 0.0 0.0 0.0 0.0 0.0 0.0
0.0 0.0 0.0 0.0 0.0 0.0 0.0 0.0 0.0 0.0 0.0 0.0 0.0 0.0 0.0 0.0 0.0 0.0 0.0 0.0 0.0 0.0 0.0 0.0 0.0 0.0 0.0 0.0 0.0 0.0 0.0 0.0 0.0 0.0 0.0 0.0 0.0 0.0 0.0 0.0 0.0 0.0 0.0 0.0 0.0 0.0 0.0 0.0 0.0 0.0 0.0 0.0 0.0 0.0 0.0 0.0 0.0 0.0 0.0 0.0 0.999988 0.0 0.0 0.0
0.0 0.0 0.118135 0.0 0.0391434 0.0 0.0 0.0 4.95017e-05 0.0 0.0 0.0 0.0 0.0 0.0 0.0276437 0.0 0.0 0.0 0.0151177 0.0 0.0 0.0 0.0 0.0 0.0 0.0 0.00722468 0.0 0.0 0.010377 0.0 0.000946373 0.0 0.00270021 0.0 0.0137149 2.76268e-05 0.0 0.0 0.000105619 0.000111938 0.00698534 0.0 0.0 0.0 0.00400198 0.0 0.0 0.0 0.0 0.000137478 0.0 0.0 0.0 5.56409e-05 0.0 0.999984 0.0 2.98023e-08 0.0 0.0 0.0 0.000133485
0.0 0.0 0.0 0.0 0.0 0.0 0.0 0.0 0.0 0.797882 0.0 0.0 0.0 0.0 0.0 0.0 0.0 0.0 0.0 0.0 0.0 0.0 0.0 0.995853 0.0 0.0 0.0 5.06639e-07 0.0 0.0 0.0 0.0 0.0 0.0 0.0 0.0 0.0 0.0 0.0 0.0 0.0 0.0 0.0 0.0 0.0 0.0 0.0 0.0 0.0 0.0 0.0 0.0 0.0 0.0 0.0 0.0 0.0 1.19209e-07 0.0 0.0 0.0 0.0 0.0 0.0
0.0 0.0 0.0 0.015337 0.0 6.02007e-06 0.0181254 0.0 0.0 0.0 0.0 0.0 0.0 0.0 0.0 0.0 0.0 0.94119 0.0 0.0 0.0 0.0 0.0 0.0 0.0 0.0 0.0 0.0 0.0 0.634061 0.0 7.15256e-07 0.0 0.0 0.0 0.0 0.0 0.0 0.0 0.0 0.0 2.98023e-07 0.0 0.0 0.0 0.49559 0.0 0.0 0.0 0.0 0.0 0.0 0.13575 0.0 1.2517e-06 0.0 1.70171e-05 0.0 5.49853e-05 1.87755e-06 0.0 0.000152826 0.0 0.0
0.0 0.0 0.0 0.0 0.0 0.0 0.0 0.0 0.0 0.0 1.78814e-07 0.0 0.0 6.32703e-05 0.0 0.0 0.0 0.0 0.0 0.0 0.0 0.0 0.0 0.0 0.0 0.0 0.0 0.0 0.0 0.0 0.0 0.0 0.0 1.19209e-07 0.0 0.0 0.0 0.0 0.0 0.0 0.0 0.0 0.0 0.0 0.0 0.0 0.0 0.0 0.0 0.0 0.0 0.0 0.0 0.0 0.0 0.0 0.0 0.0 0.0 0.0 0.0 0.0 0.0 0.0
4.17233e-06 0.0 0.0 0.0 0.0 0.0 0.0 0.0 0.0 8.34465e-07 0.0 0.0 3.27826e-06 0.0 0.0 0.0 0.0 0.0 0.0 0.0 0.0 0.0 0.0 0.0 0.0 0.0 0.0 0.0 0.999822 0.0 0.0 0.0 0.0 0.0 0.0 0.0 0.0 0.0 0.0 0.00340331 0.0 0.0 0.0 1.87755e-06 0.0 0.0 0.0 0.0 8.9407e-08 0.0 0.0 0.0 0.0 0.0 0.0 0.0 0.0 0.0 0.0 0.0 0.0 0.0 0.0 0.0
0.0 0.0 0.0 0.0 0.0 0.0 0.0 1.0 0.0 0.0 0.0 0.0 0.0 0.0 6.49691e-06 0.0 0.0 0.0 0.0 0.0 0.0 0.0 0.0 0.0 0.0 0.0 0.0 0.0 0.0 0.0 0.0 0.0 0.0 0.0 0.0 0.0 0.0 0.0 0.0 0.0 0.0 0.0 0.0 0.0 0.0 0.0 0.0 0.0 0.0 0.0 0.0 0.0 0.0 0.0 0.0 0.0 0.0 0.0 0.0 0.0 0.0 0.0 0.0 0.0
0.0 0.0 0.00011304 0.938968 0.00219253 0.898838 0.0313921 0.0 9.89437e-05 0.0 0.0 8.9407e-08 0.0 0.0 0.0 0.0 0.0 0.000238836 0.0 0.00167149 0.0 0.0 0.0 0.0 0.0 0.0 0.0 0.0 0.0 0.610333 1.18017e-05 0.00326478 0.0467772 0.0 0.0 0.0 5.96046e-08 0.000229388 0.0 0.0 0.000166774 0.604126 5.24521e-06 0.0 0.0 0.000241876 0.0 0.0 0.0 0.010452 0.0 0.000698268 0.201051 0.0 0.761763 5.96046e-08 0.994301 0.0 0.993898 0.563244 0.0 0.00101307 0.0 0.0
0.0 0.0 0.0 0.0 0.0 0.0 0.0 0.0 0.0 0.0 1.80304e-05 0.0 0.0 0.0 0.0 0.0 0.0 0.0 0.0 0.0 0.0 0.0 0.0 0.0 0.0 0.0 0.0 0.0 0.0 0.0 0.0 0.0 0.0 0.999998 0.0 0.0 0.0 0.0 0.0 0.0 0.0 0.0 0.0 0.0 0.0 0.0 0.0 0.0 0.0 0.0 0.0 0.0 0.0 0.0 0.0 0.0 0.0 0.0 0.0 0.0 0.0 0.0 0.0 0.0
0.0 0.0 0.0375514 0.0109736 0.538027 0.0850663 1.21891e-05 0.0 0.545347 0.0 0.0 0.0 0.0 0.0 0.0 0.0 0.0 0.0 0.0 0.0443278 0.0 0.0 0.0 0.0 0.0 0.0 0.0 2.98023e-08 0.0 6.3777e-06 0.147769 0.944626 0.781529 0.0 0.00228661 0.0 0.0163092 0.000301808 0.0 0.0 0.0579489 0.93902 0.0364221 0.0 0.0 0.0 0.0 0.000465035 0.0 1.19209e-07 0.0 0.99604 2.98023e-08 0.0 0.374555 8.9407e-08 0.000207841 1.19209e-07 0.00213811 0.616151 0.0 0.000972241 0.0 1.4931e-05
0.0 0.0 0.0 0.00568452 0.0 1.51992e-06 0.0171772 0.0 0.0 0.0 0.0 0.0 0.0 0.0 0.0 0.0 0.0 0.765307 0.0 0.0 0.0 0.0 0.0 0.0 0.0 0.0 0.0 0.0 0.0 0.448067 0.0 0.0 0.0 0.0 0.0 0.0 0.0 0.0 0.0 0.0 0.0 0.0 0.0 0.0 0.0 0.941196 0.0 0.0 0.0 2.98023e-08 0.0 0.0 0.522488 0.0 1.78814e-07 0.0 2.16663e-05 0.0 3.06666e-05 0.0 0.0 1.90735e-06 0.0 0.0
0.0 0.0 0.0172304 0.247303 0.116752 0.766389 0.000151575 0.0 0.0412876 0.0 0.0 0.0 0.0 0.0 0.0 5.96046e-08 0.0 0.0 0.0 0.201379 0.0 0.0 0.0 0.0 0.0 0.0 0.0 0.0 0.0 0.000490159 0.0681385 0.160502 0.837154 0.0 6.14524e-05 0.0 0.000603467 0.00290126 0.0 0.0 0.107339 0.877957 0.0162162 0.0 0.0 0.0 0.0 1.01328e-06 0.0 1.69575e-05 0.0 0.216068 3.45707e-06 0.0 0.782353 6.70552e-06 0.0295239 0.0 0.106629 0.990951 0.0 0.0146761 0.0 1.5825e-05
0.0 0.0 0.0 0.0 0.0 0.0 0.0 0.0 0.0 0.0 1.0 0.0 0.0 0.0 0.0 0.0 0.0 0.0 0.0 0.0 0.0 0.0 0.0 0.0 0.0 0.0 0.0 0.0 0.0 0.0 0.0 0.0 0.0 0.0 0.0 0.0 0.0 0.0 0.0 0.0 0.0 0.0 0.0 0.0 0.0 0.0 0.0 0.0 0.0 0.0 0.0 0.0 0.0 0.0 0.0 0.0 0.0 0.0 0.0 0.0 0.0 0.0 0.0 0.0
0.0 0.0 0.00177243 0.438921 0.0536386 0.989423 0.00102246 0.0 0.00359377 0.0 0.0 0.0 0.0 0.0 0.0 0.0 0.0 2.14577e-06 0.0 0.019323 0.0 0.0 0.0 0.0 0.0 0.0 0.0 0.0 0.0 0.0702527 0.0024175 0.579627 0.22706 0.0 2.38419e-07 0.0 3.02494e-05 0.000145674 0.0 0.0 0.0124219 0.690924 0.00089255 0.0 0.0 2.38419e-07 0.0 1.09971e-05 0.0 1.2815e-05 0.0 0.0276041 0.000127524 0.0 0.789557 2.98023e-08 0.200816 0.0 0.243484 0.878898 0.0 0.0011254 0.0 2.68221e-07
0.0 0.0 2.38419e-07 0.308835 2.00272e-05 0.00798035 0.00363261 0.0 1.78814e-07 0.0 0.0 1.78814e-07 0.0 0.0 0.0 0.0 0.0 0.000344872 0.0 2.5332e-06 0.0 0.0 0.0 0.0 0.0 0.0 0.0 0.0 0.0 0.0363782 2.98023e-08 2.31862e-05 0.000100583 0.0 0.0 0.0 0.0 8.9407e-08 0.0 0.0 1.49012e-07 0.00981629 0.0 0.0 0.0 0.200557 0.0 0.0 0.0 0.136129 0.0 5.45382e-06 0.99981 0.0 0.0021258 0.0 0.69924 0.0 0.581245 0.000155687 0.0 0.000115186 0.0 0.0
0.0 0.0 0.00278664 0.0619892 0.112887 0.367342 0.000225306 0.0 4.59552e-05 0.0 0.0 4.68791e-05 0.0 0.0 0.0 0.0 0.0 2.98023e-07 0.0 0.00417003 0.0 0.0 0.0 0.0 0.0 0.0 0.0 0.0 0.0 0.00457025 1.3411e-06 0.000257075 0.0467449 0.0 5.66244e-07 0.0 1.13249e-06 0.000829726 0.0 0.0 0.000231773 0.364344 7.00355e-05 0.0 0.0 1.34408e-05 0.0 0.0 0.0 0.884467 0.0 0.000286549 0.0439346 0.0 0.0110472 5.66244e-07 0.993439 0.0 0.999656 0.0196849 0.0 5.0962e-06 0.0 0.0
0.0 0.0 0.0 0.0 0.0 0.0 0.0 0.0 0.0 2.47359e-06 0.0 0.0 0.99734 0.0 0.0 0.0 0.0 0.0 0.0 0.0 0.0 2.08616e-07 0.0 0.0 0.0 0.982019 0.0 0.0 2.08616e-07 0.0 0.0 0.0 0.0 0.0 0.0 0.0 0.0 0.0 0.0 0.0 0.0 0.0 0.0 0.999778 0.0 0.0 0.0 0.0 0.999682 0.0 1.80006e-05 0.0 0.0 0.0 0.0 0.0 0.0 0.0 0.0 0.0 0.0 0.0 2.35438e-05 0.0
0.0 0.0 0.0 0.0 0.0 0.0 0.0 0.0 0.0 0.0 0.0 0.0 0.999992 0.0 0.0 0.0 0.0 0.0 0.0 0.0 0.0 1.16229e-06 0.0 0.0 0.0 0.908859 0.0 0.0 0.0 0.0 0.0 0.0 0.0 0.0 0.0 0.0 0.0 0.0 0.0 0.0 0.0 0.0 0.0 0.0710454 0.0 0.0 0.0 0.0 0.997007 0.0 2.98023e-07 0.0 0.0 0.0 0.0 0.0 0.0 0.0 0.0 0.0 0.0 0.0 0.000312448 0.0
0.0 0.0 0.0 0.0 0.0 0.0 0.0 0.0 0.0 0.0 0.0 0.0 6.55651e-07 0.0 0.0 4.17233e-07 0.0 0.0 0.0 0.0 0.0 2.3067e-05 0.0 0.0 0.0 2.31862e-05 0.0 0.0 0.0 0.0 0.0 0.0 0.0 0.0 0.0 5.96046e-08 0.0 0.0 0.0 0.0 0.0 0.0 0.0 0.0129701 0.0 0.0 1.19209e-07 0.0 2.29478e-06 0.0 0.999871 0.0 0.0 0.0 0.0 0.0 0.0 9.98378e-06 0.0 0.0 0.0 0.0 0.0 0.0
0.0 0.0 0.0 0.0 0.0 0.0 0.0 0.0 0.0 1.19209e-07 0.0 0.0 0.992009 0.0 0.0 0.0 0.0 0.0 0.0 0.0 0.0 2.71201e-06 0.0 0.0 0.00103772 0.996072 0.0 0.0 0.0 0.0 0.0 0.0 0.0 0.0 0.0 0.0 0.0 0.0 0.0 0.0 0.0 0.0 0.0 0.306169 0.0 0.0 0.0 0.0 0.997513 0.0 2.98023e-08 0.0 0.0 0.0 0.0 0.0 0.0 0.0 0.0 0.0 0.0 0.0 0.000876397 0.0
0.0 0.0 0.0 0.0 0.0 0.0 0.0 0.0 0.0 0.999988 0.0 0.0 0.0 0.0 0.0 0.0 0.0 0.0 0.0 0.0 0.0 0.0 0.0 0.0 0.0 0.0 0.0 0.0 0.0 0.0 0.0 0.0 0.0 0.0 0.0 0.0 0.0 0.0 0.0 0.0 0.0 0.0 0.0 0.0 0.0 0.0 0.0 0.0 0.0 0.0 0.0 0.0 0.0 0.0 0.0 0.0 0.0 0.0 0.0 0.0 0.0 0.0 0.0 0.0
0.0 0.0 0.0 0.0 0.0 0.0 0.0 0.0 0.0 0.0 0.0 0.0 0.0 0.0 0.0 0.0 0.0 0.0 0.0 0.0 0.0 5.66244e-07 0.115824 0.0 0.0 0.0 0.0 0.0 0.0 0.0 0.0 0.0 0.0 0.0 0.0 0.0 0.0 0.0 0.0 0.0 0.0 0.0 0.0 0.0 0.0 0.0 0.0 0.0 0.0 0.0 0.0 0.0 0.0 0.000418037 0.0 0.0 0.0 0.0 0.0 0.0 1.19209e-07 0.0 0.0 0.0
0.999996 0.0 0.0 0.0 0.0 0.0 0.0 0.0 0.0 0.0 0.0 0.0 0.0 0.0 0.0 0.0 0.0 0.0 0.0 0.0 0.0 0.0 0.0 0.0 0.0 0.0 0.0 0.0 5.96046e-08 0.0 0.0 0.0 0.0 0.0 0.0 0.0 0.0 0.0 0.0 0.0 0.0 0.0 0.0 0.0 0.0 0.0 0.0 0.0 0.0 0.0 0.0 0.0 0.0 0.0 0.0 0.0 0.0 0.0 0.0 0.0 0.0 0.0 0.0 0.0
0.0 0.0 0.547028 0.0 0.0411958 1.99676e-06 0.0 0.0 1.60933e-06 1.78814e-07 0.0 5.96046e-08 0.0 0.0 0.0 0.998856 0.0 0.0 0.0101459 0.921467 0.0 0.0 0.0 6.88434e-06 0.0 0.0 0.0 1.0 0.0 0.0 0.000244826 1.19209e-07 0.0199255 0.0 0.00141552 0.0 6.98864e-05 0.0336818 0.0 5.96046e-08 0.00699437 0.000193506 0.0150256 0.0 0.0 0.0 0.429499 0.0 0.0 6.69062e-05 0.0 1.78814e-06 0.0 0.0 2.68221e-07 0.194354 0.0 0.0194134 3.04282e-05 0.000155032 0.0 0.0 0.0 1.19209e-07
0.0 0.0 0.951594 1.10269e-06 0.841145 0.00143546 0.0 0.0 0.00342631 0.0 0.0 0.0 0.0 0.0 0.0 7.74562e-05 0.0 0.0 0.0 0.998191 0.0 0.0 0.0 0.0 0.0 0.0 0.0 5.73397e-05 0.0 0.0 0.0313154 3.20971e-05 0.957665 0.0 0.00330797 0.0 0.083331 0.144109 0.0 0.0 0.956835 0.458353 0.656263 0.0 0.0 0.0 0.0 0.0 0.0 4.44055e-05 0.0 0.00414729 0.0 0.0 0.000153452 0.000174373 2.5332e-06 1.24276e-05 0.000258654 0.0143393 0.0 5.96046e-08 0.0 3.32296e-05
0.0 0.0 0.000910908 8.31485e-06 0.00925866 4.32134e-05 0.0 0.0 0.061699 0.0 0.0 0.0 0.0 0.0 0.0 3.27826e-05 0.0 0.0 0.0 0.00686631 0.0 0.0 0.0 0.0 0.0 0.0 0.0 8.73208e-06 0.0 0.0 0.941777 0.000420213 0.00682625 0.0 0.000423342 0.0 0.0102452 3.63588e-06 0.0 0.0 0.000243753 0.217841 0.000628471 0.0 0.0 0.0 0.0 2.6226e-06 0.0 0.0 0.0 0.833511 0.0 0.0 0.000296831 2.08616e-07 0.0 7.15256e-06 2.68221e-07 0.00109398 0.0 3.8147e-06 0.0 0.0749875
0.0 0.0 0.0 0.0 0.0 0.0 0.0 0.0 0.0 0.0 0.0 0.0 0.0 0.0 0.0 0.0 0.0 0.0 0.0 0.0 0.0 2.33054e-05 1.0 0.0 0.0 0.0 0.0 0.0 0.0 0.0 0.0 0.0 0.0 0.0 0.0 0.0 0.0 0.0 0.0 0.0 0.0 0.0 0.0 0.0 0.0 0.0 0.0 0.0 0.0 0.0 0.0 0.0 0.0 0.0224928 0.0 0.0 0.0 0.0 0.0 0.0 0.0 0.0 0.0 0.0
0.0 0.0 0.547062 3.58224e-05 0.991049 0.0133263 0.0 0.0 0.977119 0.0 0.0 0.0 0.0 0.0 0.0 2.89083e-06 0.0 0.0 0.0 0.862171 0.0 0.0 0.0 0.0 0.0 0.0 0.0 1.35899e-05 0.0 0.0 0.942403 0.169548 0.975623 0.0 0.0395443 0.0 0.690889 0.00770682 0.0 0.0 0.688875 0.98587 0.761917 0.0 0.0 0.0 0.0 7.99894e-05 0.0 3.57628e-07 0.0 0.988113 0.0 0.0 0.0101371 8.9407e-06 7.12276e-06 9.2864e-05 0.000259072 0.380223 0.0 3.8743e-07 0.0 0.0188537
0.0 0.0 1.17719e-05 0.0 5.77867e-05 0.0 0.0 0.0 0.0 0.0 0.0 7.06315e-06 0.0 0.0 0.0 0.000663668 0.0 0.0 0.0 1.24872e-05 0.0 0.0 0.0 0.0 0.0 0.0 0.0 8.9407e-08 0.0 0.0 1.78814e-07 0.0 3.57628e-06 0.0 1.86265e-05 0.0 2.98023e-08 7.1615e-05 0.0 0.0 0.0 1.10269e-06 5.36442e-07 0.0 0.0 0.0 3.30806e-06 0.0 0.0 5.96046e-08 0.0 1.19209e-07 0.0 0.0 0.0 0.999996 0.0 3.9041e-06 0.0 0.0 0.0 0.0 0.0 0.0
0.0 2.6226e-05 0.0 0.0 0.0 0.0 0.0 2.98023e-08 0.0 0.0 0.0 0.0 0.0 0.999987 0.0 0.0 0.0 0.0 0.0 0.0 0.0 0.0 0.0 0.0 0.0 0.0 0.0 0.0 0.0 0.0 0.0 0.0 0.0 0.0 0.0 0.0 0.0 0.0 0.0 0.0 0.0 0.0 0.0 0.0 0.0 0.0 0.0 0.0 0.0 0.0 0.0 0.0 0.0 0.0 0.0 0.0 0.0 0.0 0.0 0.0 0.0 0.0 0.0 0.0
0.0 0.0 0.834299 1.49012e-07 0.985072 8.46386e-06 0.0 0.0 0.00181782 0.0 0.0 0.0 0.0 0.0 0.0 0.00169179 0.0 0.0 0.0 0.672362 0.0 0.0 0.0 0.0 0.0 0.0 0.0 7.78735e-05 0.0 0.0 0.0059312 4.76837e-06 0.85037 0.0 0.527259 0.0 0.0720083 0.989471 0.0 0.0 0.0671402 0.475581 0.719757 0.0 0.0 0.0 0.0 0.0 0.0 0.00366566 0.0 0.0042901 0.0 0.0 4.33326e-05 0.0510732 6.25849e-07 6.29425e-05 9.59039e-05 0.00854656 0.0 0.0 0.0 7.62939e-06
0.0 0.0 0.0 7.7486e-07 0.0 0.0 1.10269e-06 0.0 0.0 0.0 0.0 0.0 0.0 0.0 0.0 0.0 0.0 0.0102068 0.0 0.0 0.0 0.0 0.0 0.0 0.0 0.0 0.0 0.0 0.0 0.000202239 0.0 0.0 0.0 0.0 0.0 0.0 0.0 0.0 0.0 0.0 0.0 0.0 0.0 0.0 0.0 0.260744 0.0 0.0 0.0 0.0 0.0 0.0 0.99169 0.0 0.0 0.0 1.19209e-07 0.0 2.98023e-08 0.0 0.0 0.0 0.0 0.0
0.0 0.0 0.0 0.0 0.0 0.0 0.0 0.0 0.0 0.0 0.0 0.0 0.0 0.0 0.999614 0.0 0.0 0.0 0.0 0.0 0.0 0.0 0.0 0.0 0.0 0.0 0.0 0.0 0.0 0.0 0.0 0.0 0.0 0.0 0.0 0.0 0.0 0.0 0.0 0.0 0.0 0.0 0.0 0.0 8.9407e-08 0.0 0.0 0.0 0.0 0.0 0.0 0.0 0.0 0.0 0.0 0.0 0.0 0.0 0.0 0.0 0.0 0.0 0.0 0.0
0.0 0.0 0.0 0.0 0.0 0.0 0.0 0.0 0.0 0.0 0.0 0.0 0.0 0.0 0.0 0.0 0.0 0.0 0.0 0.0 0.0 4.76837e-07 0.0 0.0 0.0 0.0 0.0 0.0 0.0 0.0 0.0 0.0 0.0 0.0 0.0 0.568002 0.0 0.0 0.99999 0.0 0.0 0.0 0.0 0.0 0.0 0.0 0.0 0.0 0.0 0.0 0.0 0.0 0.0 0.0 0.0 0.0 0.0 0.0 0.0 0.0 0.0 0.0 0.0 0.0
0.0 0.0 0.597497 2.68221e-07 0.833908 1.59442e-05 0.0 0.0 0.353198 0.0 0.0 0.0 0.0 0.0 0.0 1.01328e-05 0.0 0.0 0.0 0.861916 0.0 0.0 0.0 0.0 0.0 0.0 0.0 1.67787e-05 0.0 0.0 0.999133 0.000893265 0.91593 0.0 0.0519873 0.0 0.497583 0.00212947 0.0 0.0 0.53586 0.789173 0.63793 0.0 0.0 0.0 0.0 1.29342e-05 0.0 2.98023e-08 0.0 0.729078 0.0 0.0 0.000114173 1.95205e-05 8.9407e-08 0.000457585 3.57628e-07 0.0398607 0.0 1.49012e-07 0.0 0.00733531
0.0 0.0 0.0 0.0 0.0 0.0 0.0 0.0 0.0 1.63913e-06 0.0 0.0 0.91721 0.0 0.0 0.0 0.0 0.0 0.0 0.0 0.0 6.25849e-07 0.0 0.0 0.0 0.989435 0.0 0.0 1.19209e-07 0.0 0.0 0.0 0.0 0.0 0.0 0.0 0.0 0.0 0.0 0.0 0.0 0.0 0.0 0.999909 0.0 0.0 8.9407e-08 0.0 0.985152 0.0 0.00129589 0.0 0.0 0.0 0.0 0.0 0.0 0.0 0.0 0.0 0.0 0.0 8.9407e-08 0.0
0.0 0.0 0.803905 2.41101e-05 0.99914 0.000567615 0.0 0.0 0.384706 0.0 0.0 0.0 0.0 0.0 0.0 0.0131704 0.0 0.0 0.0 0.991774 0.0 0.0 0.0 0.0 0.0 0.0 0.0 0.000366569 0.0 0.0 0.393828 1.36793e-05 0.989579 0.0 0.0450197 0.0 0.281274 0.668725 0.0 0.0 0.369733 0.999655 0.2586 0.0 0.0 0.0 0.0 1.19209e-07 0.0 0.000772446 0.0 0.39918 0.0 0.0 0.00610134 0.0030486 4.88162e-05 5.01573e-05 0.00563926 0.0232 0.0 0.0 0.0 0.00468704
0.0 0.0 0.0 0.0 0.0 0.0 0.0 0.0 0.0 0.0 0.0 0.0 0.0 0.0 0.0 0.0 0.998979 0.0 0.0 0.0 0.0 0.000484794 0.0 0.0 0.0 0.0 0.0 0.0 0.0 0.0 0.0 0.0 0.0 0.0 0.0 0.0 0.0 0.0 0.0 0.0 0.0 0.0 0.0 0.0 0.0 0.0 0.0 1.78814e-07 0.0 0.0 0.0 0.0 0.0 0.0 0.0 0.0 0.0 0.0 0.0 0.0 0.0 0.0 0.0 0.0
0.0 0.0 0.0 0.0 0.0 0.0 0.0 0.0 0.0 8.9407e-08 0.0 0.0 0.0 0.0 0.0 0.0 0.0 0.0 0.0 0.0 0.0 0.0 0.0 0.0 0.0 0.0 0.0 0.0 0.00116336 0.0 0.0 0.0 0.0 0.0 0.0 0.0 0.0 0.0 0.0 0.999474 0.0 0.0 0.0 0.0 0.0 0.0 4.27365e-05 0.0 0.0 0.0 0.0 0.0 0.0 0.0 0.0 2.98023e-08 0.0 0.0 0.0 0.0 0.0 0.0 0.0 0.0
0.0 0.0 0.987876 5.96046e-08 0.996166 8.12113e-05 0.0 0.0 0.019645 0.0 0.0 0.0 0.0 0.0 0.0 7.39098e-05 0.0 0.0 0.0 0.979908 0.0 0.0 0.0 0.0 0.0 0.0 0.0 0.00044775 0.0 0.0 0.165438 9.78112e-05 0.958956 0.0 0.138677 0.0 0.431459 0.546962 0.0 0.0 0.841236 0.468783 0.990098 0.0 0.0 0.0 0.0 2.98023e-08 0.0 6.60717e-05 0.0 0.0438569 0.0 0.0 2.13087e-05 0.00102454 5.96046e-08 0.000191569 2.64049e-05 0.00839001 0.0 0.0 0.0 8.30293e-05
0.0 0.0 0.0 0.0 0.0 0.0 0.0 0.0 0.0 0.0 0.0 0.0 0.0 0.0 0.0 0.0 0.0 0.0 0.0 0.0 0.0 0.0 0.0 0.0 0.0 0.0 0.0 0.0 5.96046e-08 0.0 0.0 0.0 0.0 0.0 0.0 0.0 0.0 0.0 0.0 0.0246548 0.0 0.0 0.0 0.0 0.0 0.0 0.0 0.0 0.0 0.0 0.0 0.0 0.0 0.0 0.0 5.96046e-08 0.0 0.0 0.0 0.0 0.0 0.0 0.0 0.0
0.0 0.0 0.000568092 0.893427 0.109441 0.848331 0.00208709 0.0 0.00453895 0.0 0.0 0.0 0.0 0.0 0.0 0.0 0.0 8.9407e-08 0.0 0.017069 0.0 0.0 0.0 0.0 0.0 0.0 0.0 0.0 0.0 0.00562149 0.000428647 0.0845839 0.275127 0.0 2.08616e-07 0.0 2.6226e-06 0.00113654 0.0 0.0 0.00142893 0.920228 8.80957e-05 0.0 0.0 8.9407e-08 0.0 3.8743e-07 0.0 4.71175e-05 0.0 0.0992371 5.26607e-05 0.0 0.983691 2.08616e-07 0.0490288 0.0 0.350537 0.817151 0.0 0.00249806 0.0 2.98023e-08
0.0 0.0 0.0 0.0 0.0 0.0 0.0 0.0 0.0 2.68221e-07 0.0 0.0 0.0 0.0 0.0 3.64482e-05 0.0 0.0 0.0 0.0 0.0 0.0 0.0 0.0 0.0 0.0 0.0 2.98321e-05 3.27826e-07 0.0 0.0 0.0 0.0 0.0 0.0 0.0 0.0 0.0 0.0 6.50883e-05 0.0 0.0 0.0 2.08616e-06 0.0 0.0 0.996085 0.0 0.0 0.0 0.0 0.0 0.0 0.0 0.0 0.0 0.0 1.93715e-05 0.0 0.0 0.0 0.0 0.0 0.0
0.0 0.0 0.0 0.0 0.0 0.0 0.0 0.0 0.0 8.9407e-08 0.0 0.0 0.943309 0.0 0.0 0.0 0.0 0.0 0.0 0.0 0.0 0.0 0.0 0.0 0.0177868 0.908507 0.0 0.0 1.3411e-06 0.0 0.0 0.0 0.0 0.0 0.0 0.0 0.0 0.0 0.0 4.47035e-07 0.0 0.0 0.0 0.00784424 0.0 0.0 0.0 0.0 0.952223 0.0 0.0 0.0 0.0 0.0 0.0 0.0 0.0 0.0 0.0 0.0 0.0 0.0 0.999109 0.0
0.0 0.0 0.0 0.0 0.0 0.0 0.0 0.0 0.0 0.0 0.0 0.0 0.0 0.0 0.0 1.19209e-07 0.0 0.0 0.999945 1.19209e-07 0.0 0.0 0.0 5.34058e-05 0.0 0.0 0.0 0.598273 0.0 0.0 0.0 0.0 0.0 0.0 0.0 0.0 0.0 0.0 0.0 0.0 0.0 0.0 0.0 0.0 0.0 0.0 0.0 0.0 0.0 0.0 0.0 0.0 0.0 0.0 0.0 0.0 0.0 0.0 0.0 0.0 0.0 0.0 0.0 0.0
0.0 0.0 1.78814e-07 0.587775 1.3113e-06 0.0240141 0.961733 0.0 1.19209e-07 0.0 0.0 0.0 0.0 0.0 0.0 0.0 0.0 0.0308465 0.0 3.8743e-07 0.0 0.0 0.0 0.0 0.0 0.0 0.0 0.0 0.0 0.969545 0.0 0.00125587 6.10054e-05 0.0 0.0 0.0 0.0 2.98023e-08 0.0 0.0 1.19209e-07 0.00123733 0.0 0.0 0.0 0.0158048 0.0 0.0 0.0 2.98023e-08 0.0 4.44055e-06 0.00198644 0.0 0.00991526 0.0 0.000353098 0.0 0.00272366 0.00994295 0.0 0.0452505 0.0 0.0
0.0 0.0 0.0 0.0 0.0 0.0 0.0 0.0 0.0 0.0 0.0 0.999784 0.0 0.0 0.0 0.0 0.0 0.0 0.0 0.0 0.0 0.0 0.0 0.0 0.0 0.0 0.0 0.0 0.0 0.0 0.0 0.0 0.0 0.0 0.0 0.0 0.0 0.0 0.0 0.0 0.0 0.0 0.0 0.0 0.0 0.0 0.0 0.0 0.0 9.58443e-05 0.0 0.0 0.0 0.0 0.0 0.224098 1.49012e-07 0.0 7.21216e-06 0.0 0.0 0.0 0.0 0.0
0.0 0.0 0.880926 3.27826e-07 0.787873 1.06096e-05 0.0 0.0 0.000850499 0.0 0.0 0.0 0.0 0.0 0.0 0.942031 0.0 0.0 0.0 0.999145 0.0 0.0 0.0 0.0 0.0 0.0 0.0 0.0563009 0.0 0.0 0.008362 2.38419e-07 0.288335 0.0 0.000617683 0.0 0.00446492 0.0488215 0.0 0.0 0.0656225 0.0965146 0.0282907 0.0 0.0 0.0 2.02358e-05 0.0 0.0 5.03659e-06 0.0 0.000596493 0.0 0.0 2.92659e-05 0.000992686 2.08616e-07 0.00224268 7.15256e-06 0.000127196 0.0 0.0 0.0 1.99676e-06
0.0 0.0 1.23978e-05 0.0 9.62615e-06 0.0 0.0 0.0 0.0 0.0 0.0 0.0 0.0 0.0 0.0 0.999793 0.0 0.0 0.0 9.62913e-05 0.0 0.0 0.0 0.0 0.0 0.0 0.0 0.0111246 0.0 0.0 0.0 0.0 1.19209e-07 0.0 1.46031e-06 0.0 0.0 3.60906e-05 0.0 0.0 0.0 1.19209e-07 0.0 0.0 0.0 0.0 0.00163999 0.0 0.0 4.76837e-07 0.0 0.0 0.0 0.0 0.0 0.0418057 0.0 3.05176e-05 0.0 0.0 0.0 0.0 0.0 0.0
0.0 0.0 8.50558e-05 0.998019 0.00752896 0.815608 0.451906 0.0 0.000306576 0.0 0.0 0.0 0.0 0.0 0.0 0.0 0.0 0.0220401 0.0 0.00202474 0.0 0.0 0.0 0.0 0.0 0.0 0.0 0.0 0.0 0.959149 5.1409e-05 0.372824 0.0559267 0.0 0.0 0.0 5.06639e-07 0.000256449 0.0 0.0 8.50856e-05 0.745987 6.88434e-06 0.0 0.0 0.00777599 0.0 0.0 0.0 0.000189573 0.0 0.00184229 0.114659 0.0 0.850575 8.9407e-08 0.147659 0.0 0.806731 0.977412 0.0 0.197825 0.0 0.0
0.0 0.0 0.0 0.000341028 0.0 4.76837e-07 0.000378519 0.0 0.0 0.0 0.0 0.0 0.0 0.0 0.0 0.0 0.0 0.000130534 0.0 0.0 0.0 0.0 0.0 0.0 0.0 0.0 0.0 0.0 0.0 0.00323379 0.0 4.17233e-07 0.0 0.0 0.0 0.0 0.0 0.0 0.0 0.0 0.0 2.98023e-08 0.0 0.0 0.0 0.043992 0.0 0.0 0.0 0.0 0.0 0.0 0.0207153 0.0 3.27826e-07 0.0 2.68221e-07 0.0 3.8743e-07 1.78814e-07 0.0 2.20537e-06 0.0 0.0
0.0 0.0 0.164415 0.0 0.747868 2.98023e-07 0.0 0.0 0.0128293 0.0 0.0 0.0 0.0 0.0 0.0 0.00297928 0.0 0.0 0.0 0.0225593 0.0 0.0 0.0 0.0 0.0 0.0 0.0 0.000154316 0.0 0.0 0.0354645 1.86265e-05 0.0170866 0.0 0.992364 0.0 0.56175 0.0187709 0.0 0.0 0.00138837 0.940315 0.0348493 0.0 0.0 0.0 0.00260994 8.9407e-08 0.0 1.78814e-07 0.0 0.0631801 0.0 0.0 2.38419e-07 0.000533611 0.0 0.00091362 1.19209e-07 2.61962e-05 0.0 0.0 0.0 0.0103051
0.0 0.999959 0.0 0.0 0.0 0.0 0.0 1.49012e-07 0.0 0.0 0.0 0.0 0.0 5.96046e-07 0.0 0.0 0.0 0.0 0.0 0.0 0.0 0.0 0.0 0.0 0.0 0.0 0.0 0.0 0.0 0.0 0.0 0.0 0.0 0.0 0.0 0.0 0.0 0.0 0.0 0.0 0.0 0.0 0.0 0.0 0.0 0.0 0.0 0.0 0.0 0.0 0.0 0.0 0.0 0.0 0.0 0.0 0.0 0.0 0.0 0.0 0.0 0.0 0.0 0.0
0.0 0.0 7.80821e-06 0.0571787 0.000512421 0.0562269 3.43919e-05 0.0 6.31809e-06 0.0 0.0 1.19209e-07 0.0 0.0 0.0 0.0 0.0 2.08616e-07 0.0 0.000144422 0.0 0.0 0.0 0.0 0.0 0.0 0.0 0.0 0.0 0.00250271 6.55651e-07 1.75834e-05 0.00369337 0.0 0.0 0.0 0.0 5.0962e-06 0.0 0.0 1.21593e-05 0.0287502 3.27826e-07 0.0 0.0 2.80142e-06 0.0 0.0 0.0 0.00848031 0.0 1.8388e-05 0.015326 0.0 0.0129847 0.0 0.989945 0.0 0.947469 0.0305517 0.0 2.05636e-06 0.0 0.0
0.0 0.0 0.0 0.0 0.0 0.0 0.0 0.0 0.0 4.70877e-06 0.0 0.0 0.999196 0.0 0.0 0.0 0.0 0.0 0.0 0.0 0.0 1.89543e-05 0.0 0.0 2.35438e-06 0.993883 0.0 0.0 8.9407e-08 0.0 0.0 0.0 0.0 0.0 0.0 0.0 0.0 0.0 0.0 0.0 0.0 0.0 0.0 0.975623 0.0 0.0 0.0 0.0 0.999013 0.0 2.77162e-06 0.0 0.0 0.0 0.0 0.0 0.0 0.0 0.0 0.0 0.0 0.0 9.16421e-05 0.0
0.0 0.0 0.0240082 0.0 0.022097 0.0 0.0 0.0 1.56462e-05 0.0 0.0 0.0 0.0 0.0 0.0 3.80278e-05 0.0 0.0 0.0 0.00410113 0.0 0.0 0.0 0.0 0.0 0.0 0.0 0.000377595 0.0 0.0 0.00300959 0.0 0.000145495 0.0 0.867013 0.0 0.997938 4.58956e-06 0.0 0.0 7.1913e-05 0.000835866 0.00116032 0.0 0.0 0.0 7.7486e-07 3.8743e-07 0.0 0.0 0.0 9.59635e-05 0.0 0.0 0.0 0.0 0.0 0.135147 0.0 0.0 0.0 0.0 0.0 0.00585344
53 49 52 35 32 41 47 2 6 54 18 8 40 38 42 63 61 11 45 60 14 37 30 36 56 17 16 1 7 13 0 55 15 31 33 26 20 28 44 19 3 27 51 50 10 9 4 59 24 25 62 46 23 57 21 34 43 12 48 39 58 29 5 22
