8
0.0 2.56598e-05 0.0 0.0 0.0 0.0 0.0 0.0 0.0 0.0 0.0 0.0 0.0 0.0 0.0 0.0 0.0 0.0 0.0 0.0 0.0 0.0 0.0 0.0 0.0 0.0 0.0 0.0 0.997301 0.0 0.0 2.26498e-06 0.0 0.0 0.0 0.0 0.0 0.0 0.0 0.0 0.0 0.0 0.0 0.0 0.0 0.0 0.0 0.0 0.0 0.0 0.0 0.0 0.0 0.0 0.0 0.0 0.0 0.0 0.0 0.0 0.0 1.93715e-06 0.0 0.0
0.0 0.0 0.0 0.0 0.0 0.0 0.39483 0.801416 0.0 0.0 0.0 0.0 0.0 0.0829156 0.0 0.508898 0.0 3.8147e-06 0.0 5.96046e-08 0.639979 0.0 0.0 0.0 0.0 1.96695e-05 0.0 0.0 0.0 0.0 0.0 0.0 0.0 0.000563771 0.0 0.0 0.332355 0.0 0.0 0.0 0.550311 0.998574 0.0 0.0 0.0 0.0 0.0 0.0 0.0 0.00611261 0.0 0.0 0.0 0.0 0.0 0.0 0.0 0.0 0.0 0.0721276 0.0 0.0 0.0 0.0
0.00138229 0.0 0.0 1.49012e-07 0.0 0.0 0.0 0.0 0.0 0.0 0.0 0.0 0.0 0.0 0.0 0.0 4.3571e-05 0.0 0.0 0.0 0.0 0.0 0.125564 0.0 0.0 0.0 0.0 0.0 0.0 2.29478e-06 0.0 0.0 0.0 0.0 0.0 0.000181794 0.0 4.47035e-07 0.0148489 0.0 0.0 0.0 0.0 0.0 3.33786e-06 0.00516564 0.0 0.000224531 0.0 0.0 0.0 0.0 5.87106e-06 0.0 0.0 0.26409 0.0 2.98023e-08 0.0 0.0 0.990315 8.9407e-08 2.98023e-08 0.0
0.0 0.0 0.0 0.0 0.0 0.000306457 0.0 0.0 3.1203e-05 0.0 0.0 0.0 0.0 0.0 0.0 0.0 0.0 0.0 0.0 0.0 0.0 2.26498e-06 0.0 0.0 0.0 0.0 0.0 5.6684e-05 0.0 0.0 0.0 0.0 0.0 0.0 0.0 0.0 0.0 0.0 0.0 0.832543 0.0 0.0 0.0 0.0 0.0 0.0 0.0 0.0 0.0 0.0 8.96752e-05 0.99943 0.0 0.0 0.0 0.0 0.0 0.0 0.0 0.0 0.0 0.0 0.0 0.0
0.0 0.0 0.0 0.0 0.0 0.0 0.991889 0.0114056 0.0 0.0 0.0 0.0 0.0 0.0331952 0.0 0.0522825 0.0 0.0 0.0 7.15256e-07 0.421793 0.0 0.0 0.0 0.0 5.01573e-05 0.0 0.0 0.0 0.0 0.0 0.0 0.0 2.58982e-05 0.0 0.0 0.23345 0.0 0.0 0.0 0.0467059 0.107985 0.0 0.0 0.0 0.0 0.0 0.0 0.0 0.0188264 0.0 0.0 0.0 0.0 0.0 0.0 0.0 0.0 0.0 0.924771 0.0 0.0 0.0 0.0
0.0 0.0 0.0 0.0 0.0 0.0 0.0 0.0 0.0 1.42455e-05 0.0 0.0 0.0 1.19209e-07 0.0 0.0 0.0 0.0 0.0 0.0 0.0 0.0 0.0 0.0 0.0 0.0 0.0 0.0 0.0 0.0 0.0 0.0 0.0 0.0 0.998148 0.0 0.0 0.0 0.0 0.0 0.0 0.0 0.0 0.0 0.0 0.0 0.0 0.0 0.0 0.0 0.0 0.0 0.0 0.0 0.0 0.0 0.0 0.0 0.0 0.0 0.0 0.0 0.0 0.0
0.0 0.0 0.0 0.0 0.0 0.0 0.0 0.0 0.0 0.0 0.0 0.0 0.0 0.0 0.0 0.0 0.0 0.0 0.0 0.0 0.0 0.0 0.0 0.01379 0.0 0.0 0.0 0.0 0.0 0.0 0.0 0.0 0.0 0.0 0.0 0.0 0.0 0.0 0.0 0.0 0.0 0.0 0.0 0.0 0.0 0.0 0.0 0.0 8.9407e-08 0.0 0.0 0.0 0.0 0.0 0.999103 0.0 0.0 0.0 0.0 0.0 0.0 0.0 0.0 0.0
0.0 0.0 0.0 0.0 0.0 0.0480909 0.0 0.0 1.49012e-07 0.0 0.0 0.0 0.0 0.0 0.0 0.0 0.0 0.0 0.0 0.0 0.0 1.63913e-05 0.0 0.0 0.0 0.0 0.0 1.01328e-05 0.0 0.0 0.0 0.0 0.0 0.0 0.0 0.0 0.0 0.0 0.0 0.999962 0.0 0.0 0.0 0.0 0.0 0.0 0.0 0.0 0.0 0.0 3.91901e-05 0.127369 0.0 0.0 0.0 0.0 0.0 0.0 0.0 0.0 0.0 0.0 0.0 0.0
0.0 0.0 0.0 0.0 0.0 0.0 0.0 0.0 0.0 0.0 0.0 0.0 0.0 0.0 0.0 0.0 0.0 0.0 0.0 0.0 0.0 0.0 0.0 0.0 1.19209e-07 0.0 0.0 0.0 0.0 0.0 8.9407e-08 0.0 0.0 0.0 0.0 0.0 0.0 0.0 0.0 0.0 0.0 0.0 0.93567 0.0 0.0 0.0 0.0 2.8193e-05 0.0 0.0 0.0 0.0 0.0 7.7486e-07 0.0 1.78814e-07 0.00510871 0.0 0.0 0.0 0.0 0.0 0.995179 0.0
0.0 0.0 0.0 0.0 8.9407e-08 0.0 0.537762 0.587373 0.0 0.0 0.0 0.0 0.0 0.0710075 0.0 0.534594 0.0 1.2219e-06 0.0 5.66244e-07 0.881505 0.0 0.0 0.0 0.0 2.83122e-06 0.0 0.0 0.0 0.0 0.0 0.0 0.0 0.00118828 0.0 0.0 0.829132 0.0 0.0 0.0 0.985605 0.954232 0.0 0.0 0.0 0.0 0.0 0.0 0.0 0.0182253 0.0 0.0 0.0 0.0 0.0 0.0 0.0 0.0 0.0 0.0915627 0.0 0.0 0.0 0.0
0.0 0.0 0.0 0.0 0.0 1.19209e-07 0.0 0.0 0.0 1.43349e-05 0.0 0.0 0.0 0.0 0.0 0.0 0.0 0.0 0.0 0.0 0.0 0.995515 0.0 0.0 0.0 8.9407e-08 0.0 0.0 0.0 0.0 0.0 0.0 0.0 0.0 1.19209e-07 0.0 0.0 0.0 0.0 0.0 0.0 0.0 0.0 0.0 0.0 0.0 0.0 0.0 0.0 0.0 0.00114658 0.0 0.0 0.0 0.0 0.0 0.0 0.0 0.0 0.0 0.0 0.0 0.0 0.0
0.0 0.0 0.932714 0.0 0.0 0.0 0.0 0.0 0.0 0.0 0.0 0.161593 0.00211453 0.0 0.0 0.0 0.0639953 0.0 1.54972e-06 0.0 0.0 0.0 0.0 0.0 0.0 0.0 0.0 0.0 0.0 0.00311011 0.0 0.0 0.0 0.0 0.0 0.213045 0.0 0.0 7.36117e-05 0.0 0.0 0.0 0.0 0.0 0.386832 0.000100493 0.967049 0.0 0.0 0.0 0.0 0.0 0.344872 0.0 0.0 0.0 0.0 0.968648 0.0 0.0 0.0 0.0 0.0 0.459307
0.000910312 0.0 0.0 0.0 0.0 0.0 0.0 0.0 0.0 0.0 0.0 0.0 0.0 0.0 0.0 0.0 0.0 0.0 0.0 0.0 0.0 0.0 0.971164 0.0 0.0 0.0 0.0 0.0 0.0 0.0 0.0 0.0 0.0 0.0 0.0 4.47035e-07 0.0 0.0 8.34465e-07 0.0 0.0 0.0 0.0 0.0 0.0 3.43919e-05 0.0 7.27177e-06 0.0 0.0 0.0 0.0 0.0 0.0 0.0 0.0155338 0.0 0.0 0.0 0.0 0.113137 0.0 0.0 0.0
0.0 0.0 0.0 0.0 0.0 0.0 0.0 0.00113252 0.0 0.0 0.0 0.0 0.0 0.00155562 0.0 0.0 0.0 0.999744 0.0 0.0 0.0 0.0 0.0 0.0 0.0 0.0165029 0.0 0.0 0.0 0.0 0.0 0.0 0.0 0.0 0.0 0.0 0.0 0.0 0.0 0.0 0.0 2.98023e-08 0.0 0.0 0.0 0.0 0.0 0.0 0.0 0.0 0.0 0.0 0.0 0.0 0.0 0.0 0.0 0.0 0.0 8.9407e-08 0.0 0.0 0.0 0.0
0.0 0.0 0.0 0.0 0.0 0.0 0.0102841 0.00102627 0.0 1.81496e-05 0.0 0.0 0.0 0.235878 0.0 1.75834e-06 0.0 2.02656e-06 0.0 6.28829e-06 0.00010106 0.0 0.0 0.0 0.0 0.00228322 0.0 0.0 0.0 0.0 0.0 0.0 0.0 0.0 7.26879e-05 0.0 5.68628e-05 0.0 0.0 0.0 0.000204653 2.72393e-05 0.0 0.0 0.0 0.0 0.0 0.0 0.0 1.78814e-07 0.0 0.0 0.0 0.0 0.0 0.0 0.0 0.0 0.0 0.0492824 0.0 0.0 0.0 0.0
0.0 0.0 0.0 0.0 1.78814e-07 0.0 0.763752 0.844954 0.0 0.0 0.0 0.0 0.0 0.00758389 0.0 0.855729 0.0 5.96046e-07 0.0 1.49012e-07 0.981944 0.0 0.0 0.0 0.0 1.78814e-06 0.0 0.0 0.0 0.0 0.0 0.0 0.0 0.000964999 0.0 0.0 0.867586 0.0 0.0 0.0 0.733887 0.801808 0.0 0.0 0.0 0.0 0.0 0.0 0.0 0.150701 0.0 0.0 0.0 0.0 0.0 0.0 0.0 0.0 0.0 0.464674 0.0 0.0 0.0 0.0
0.0 0.0 0.0 0.0 0.999909 0.0 8.85129e-06 0.648269 0.0 0.0 0.0 0.0 0.0 5.18262e-05 0.0 0.000208169 0.0 0.0 0.0 0.0 7.51019e-05 0.0 0.0 0.0 0.0 2.11596e-06 0.0 0.0 0.0 0.0 0.0 0.0 0.0 5.42402e-06 0.0 0.0 2.44379e-06 0.0 0.0 0.0 1.17719e-05 1.03116e-05 0.0 0.0 0.0 0.0 0.0 0.0 0.0 4.32134e-06 0.0 0.0 0.0 0.0 0.0 0.0 0.0 0.0 0.0 2.77162e-06 0.0 0.0 0.0 0.0
0.0 0.0 0.0 0.0 0.0 0.0 1.49012e-06 0.098516 0.0 0.0 0.0 0.0 0.0 0.0276737 0.0 8.9407e-08 0.0 0.775704 0.0 0.0 9.53674e-07 0.0 0.0 0.0 0.0 0.478161 0.0 0.0 0.0 0.0 0.0 0.0 0.0 0.0 0.0 0.0 2.5928e-06 0.0 0.0 0.0 8.34465e-07 1.28746e-05 0.0 0.0 0.0 0.0 0.0 0.0 0.0 0.0 0.0 0.0 0.0 0.0 0.0 0.0 0.0 0.0 0.0 4.61936e-06 0.0 0.0 0.0 0.0
0.0 0.0 0.0 0.0 0.0 0.0 0.00271371 0.0286334 0.0 0.0 0.0 0.0 0.0 2.92063e-06 0.0 0.395043 0.0 0.0 0.0 0.0 0.0451185 0.0 0.0 0.0 0.0 0.0 0.0 0.0 0.0 0.0 0.0 0.0 0.0 0.994664 0.0 0.0 0.0648213 0.0 0.0 0.0 0.0309204 0.0630856 0.0 0.0 0.0 0.0 0.0 0.0 0.0 0.657413 0.0 0.0 0.0 0.0 0.0 0.0 0.0 0.0 0.0 9.16421e-05 0.0 0.0 0.0 0.0
0.0 0.0 0.0 0.0 0.0 0.0 0.00201532 0.0215439 0.0 1.49012e-07 0.0 0.0 0.0 0.999857 0.0 1.72853e-06 0.0 0.00313303 0.0 2.92063e-06 7.26283e-05 0.0 0.0 0.0 0.0 0.0137193 0.0 0.0 0.0 0.0 0.0 0.0 0.0 0.0 1.19209e-06 0.0 8.39233e-05 0.0 0.0 0.0 0.000374138 0.0232429 0.0 0.0 0.0 0.0 0.0 0.0 0.0 7.15256e-07 0.0 0.0 0.0 0.0 0.0 0.0 0.0 0.0 0.0 0.0165578 0.0 0.0 0.0 0.0
0.0 0.0 0.0 0.0 0.0 0.0 0.0319082 0.456667 0.0 0.0 0.0 0.0 0.0 2.00272e-05 0.0 0.812211 0.0 0.0 0.0 0.0 0.587086 0.0 0.0 0.0 0.0 0.0 0.0 0.0 0.0 0.0 0.0 0.0 0.0 0.679465 0.0 0.0 0.295724 0.0 0.0 0.0 0.562518 0.464818 0.0 0.0 0.0 0.0 0.0 0.0 0.0 0.181597 0.0 0.0 0.0 0.0 0.0 0.0 0.0 0.0 0.0 0.00168499 0.0 0.0 0.0 0.0
5.79953e-05 0.0 0.0 0.0 0.0 0.0 0.0 0.0 0.0 0.0 0.0 0.0 0.0 0.0 0.0 0.0 8.9407e-08 0.0 0.0 0.0 0.0 0.0 1.49012e-07 0.0 0.0 0.0 0.0 0.0 0.0 6.25849e-07 0.0 0.0 0.0 0.0 0.0 4.17233e-07 0.0 1.0 9.11951e-06 0.0 0.0 0.0 0.0 0.0 8.9407e-08 7.15256e-07 0.0 2.98023e-07 0.000126064 0.0 0.0 0.0 2.98023e-08 0.0 0.0 3.27826e-07 0.0 0.0 0.0 0.0 3.8743e-05 0.0 0.0 0.0
0.0 0.0 0.0 0.0 0.0 0.986988 0.0 0.0 0.0 0.0 0.0 0.0 0.0 0.0 0.0 0.0 0.0 0.0 0.0 0.0 0.0 0.286998 0.0 0.0 0.0 0.0 0.0 0.0 0.0 0.0 0.0 0.0 0.0 0.0 0.0 0.0 0.0 0.0 0.0 0.0215483 0.0 0.0 0.0 0.0 0.0 0.0 0.0 0.0 0.0 0.0 0.99999 0.000263453 0.0 0.0 0.0 0.0 0.0 0.0 0.0 0.0 0.0 0.0 0.0 0.0
0.0 0.0 0.0 0.0 0.0 0.0 0.0 0.0 0.0 0.0 0.0 0.0 0.0 0.0 0.0 0.0 0.0 0.0 0.0 0.0 0.0 0.0 0.0 2.98023e-08 0.0 0.0 0.0 0.0 0.0 0.0 0.0 0.0 0.0 0.0 0.0 0.0 0.0 0.0 0.0 0.0 0.0 0.0 0.0 0.0 0.0 0.0 0.0 0.0 0.999311 0.0 0.0 0.0 0.0 0.0 2.23517e-06 0.0 0.0 0.0 0.0 0.0 0.0 0.0 0.0 0.0
0.0 0.0 0.164808 0.0 0.0 0.0 0.0 0.0 0.0 0.0 0.0 0.00376305 0.997124 0.0 0.0 0.0 0.000480294 0.0 2.98023e-08 0.0 0.0 0.0 0.0 0.0 0.0 0.0 0.0 0.0 0.0 0.000175089 0.0 0.0 0.0 0.0 0.0 0.010253 0.0 0.0 4.32134e-06 0.0 0.0 0.0 0.0 0.0 0.0281612 6.25849e-07 0.0109604 0.0 0.0 0.0 0.0 0.0 0.0317498 0.0 0.0 0.0 0.0 0.0975749 0.0 0.0 0.0 0.0 0.0 0.00031051
0.0 0.0 2.08616e-07 0.909879 0.0 0.0 0.0 0.0 0.0 0.0 0.0 0.0 0.0 0.0 0.0 0.0 0.0118791 0.0 0.99975 0.0 0.0 0.0 0.0 0.0 1.49012e-07 0.0 0.0 0.0 0.0 4.87566e-05 0.0 0.0 0.0 0.0 0.0 2.13981e-05 0.0 2.98023e-08 0.000477016 0.0 0.0 0.0 0.0 5.96941e-05 1.60038e-05 5.96046e-08 2.38419e-07 1.49012e-06 0.0 0.0 0.0 0.0 1.01328e-06 0.0 0.0 0.0 0.0 3.9041e-06 0.0 0.0 2.08616e-07 0.0 2.68221e-07 5.80549e-05
0.0 0.0 0.0 0.0 0.0 0.0 0.0 0.0 0.000224978 0.0 0.0 0.0 0.0 0.0 0.0 0.0 0.0 0.0 0.0 0.0 0.0 0.0 0.0 0.0 0.0 0.0 0.0 0.0227875 0.0 0.0 0.999899 2.6226e-06 0.0 0.0 0.0 0.0 0.0 0.0 0.0 0.0 0.0 0.0 1.19209e-07 0.0 0.0 0.0 0.0 0.0 0.0 0.0 0.0 0.0 0.0 0.00169277 0.0 0.0 5.96046e-08 0.0 0.0 0.0 0.0 0.0 0.0 0.0
0.0 0.0 0.0 0.0 0.0 0.0 0.0 0.0 0.0 0.0 0.0 0.0 0.0 0.0 0.0 0.0 0.0 0.0 0.0 0.0 0.0 0.0 0.0 0.0 4.61936e-06 0.0 0.0 0.0 0.0 0.0 1.49012e-06 2.98023e-08 0.0 0.0 0.0 0.0 0.0 0.0 0.0 0.0 0.0 0.0 0.0560558 0.0 0.0 0.0 0.0 0.00193116 0.0 0.0 0.0 0.0 0.0 0.00995097 0.0 0.0 0.996238 0.0 0.0 0.0 0.0 0.0 0.634063 0.0
0.0 0.0 0.00178391 0.992327 0.0 0.0 0.0 0.0 0.0 0.0 0.0 1.54972e-06 5.96046e-07 0.0 0.0 0.0 0.984746 0.0 0.999659 0.0 0.0 0.0 0.0 0.0 2.66731e-05 0.0 0.0 0.0 0.0 0.0229864 0.0 0.0 0.0 0.0 0.0 0.0310334 0.0 1.3411e-06 0.409372 0.0 0.0 0.0 1.19209e-07 0.000753641 0.0209667 4.43459e-05 0.00123832 0.00039646 0.0 0.0 0.0 0.0 0.0100157 0.0 0.0 2.98023e-08 0.0 0.0145517 0.0 0.0 2.78354e-05 0.0 2.5481e-05 0.0865586
2.29478e-06 0.0 0.000358492 0.0 0.0 0.0 0.0 0.0 0.0 0.0 0.0 0.0 0.0 0.0 0.0 0.0 0.00367224 0.0 0.0 0.0 0.0 0.0 2.89083e-06 0.0 0.0 0.0 0.0 0.0 0.0 5.48363e-06 0.0 0.0 0.0 0.0 0.0 0.0158866 0.0 0.0 8.66354e-05 0.0 0.0 0.0 0.0 0.0 0.000732929 0.954398 2.70903e-05 0.0 0.0 0.0 0.0 0.0 0.0142829 0.0 0.0 0.0 0.0 0.00023073 0.0 0.0 0.005236 0.0 0.0 6.25849e-07
0.0 0.0 0.0 0.0 0.0 0.0 0.0 2.38419e-07 0.0 0.99991 0.0 0.0 0.0 2.08616e-07 0.0 0.0 0.0 0.0 0.0 0.0 0.0 2.44379e-06 0.0 0.0 0.0 2.43187e-05 0.0 0.0 0.0 0.0 0.0 0.0 0.0 0.0 0.00123885 0.0 0.0 0.0 0.0 0.0 0.0 0.0 0.0 0.0 0.0 0.0 0.0 0.0 0.0 0.0 0.0 0.0 0.0 0.0 0.0 0.0 0.0 0.0 0.0 0.0 0.0 0.0 0.0 0.0
0.0 0.0 0.0 0.0 0.0 0.0 0.0 0.0 0.0 0.0 0.0 0.0 0.0 0.0 0.0 0.0 0.0 0.0 0.0 0.0 0.0 0.0 0.0 0.0 0.0 0.0 0.999994 0.0 0.0 0.0 0.0 0.0 0.0 0.0 0.0 0.0 0.0 0.0 0.0 0.0 0.0 0.0 0.0 0.0 0.0 0.0 0.0 0.0 0.0 0.0 0.0 0.0 0.0 0.0 0.0 0.0 0.0 0.0 0.0 0.0 0.0 0.0 0.0 0.0
0.0 0.0 0.0 0.0 0.0 0.999726 0.0 0.0 0.0 0.0 0.0 0.0 0.0 0.0 0.0 0.0 0.0 0.0 0.0 0.0 0.0 7.7188e-05 0.0 0.0 0.0 0.0 0.0 0.0 0.0 0.0 0.0 0.0 0.0 0.0 0.0 0.0 0.0 0.0 0.0 0.000239879 0.0 0.0 0.0 0.0 0.0 0.0 0.0 0.0 0.0 0.0 0.0493295 4.21107e-05 0.0 0.0 0.0 0.0 0.0 0.0 0.0 0.0 0.0 0.0 0.0 0.0
0.0 0.0 0.0 0.0 0.0 0.0 0.0 0.0 0.0 0.0 0.0 0.0 0.0 1.50502e-05 0.0 0.0 0.0 0.0 0.0 0.999446 0.0 0.0 0.0 0.0 0.0 0.0 0.0 0.0 0.0 0.0 0.0 0.0 0.0 0.0 0.0 0.0 0.0 0.0 0.0 0.0 0.0 0.0 0.0 0.0 0.0 0.0 0.0 0.0 0.0 0.0 0.0 0.0 0.0 0.0 0.0 0.0 0.0 0.0 0.0 0.0 0.0 0.0 0.0 0.0
1.19209e-07 0.999605 0.0 0.0 0.0 0.0 0.0 0.0 0.0 0.0 0.0 0.0 0.0 0.0 0.0 0.0 0.0 0.0 0.0 0.0 0.0 0.0 0.0 0.0 0.0 0.0 0.0 0.0 0.0 0.0 0.0 0.0 0.0 0.0 0.0 0.0 0.0 0.0 0.0 0.0 0.0 0.0 0.0 0.0 0.0 0.0 0.0 0.0 0.0 0.0 0.0 0.0 0.0 0.0 0.0 5.96046e-08 0.0 0.0 0.0 0.0 0.0 0.000280112 0.0 0.0
0.0 0.0 0.866628 0.0 0.0 0.0 0.0 0.0 0.0 0.0 0.0 0.000455528 0.00245908 0.0 0.0 0.0 0.558279 0.0 2.98023e-08 0.0 0.0 0.0 0.0 0.0 0.0 0.0 0.0 0.0 0.0 0.00210562 0.0 0.0 0.0 0.0 0.0 0.910011 0.0 2.98023e-08 0.00290456 0.0 0.0 0.0 0.0 0.0 0.701978 0.0521114 0.180529 0.0 0.0 0.0 0.0 0.0 0.982289 0.0 0.0 0.0 0.0 0.695832 0.0 0.0 1.19209e-07 0.0 0.0 0.00101444
0.0 0.0 0.0 0.0 0.0 0.0 0.907078 0.046071 0.0 1.19209e-07 0.0 0.0 0.0 0.192287 0.0 0.120578 0.0 8.64267e-07 0.0 3.8743e-06 0.590583 0.0 0.0 0.0 0.0 3.04282e-05 0.0 0.0 0.0 0.0 0.0 0.0 0.0 9.44734e-06 0.0 0.0 0.37846 0.0 0.0 0.0 0.0673059 0.115573 0.0 0.0 0.0 0.0 0.0 0.0 0.0 0.0169303 0.0 0.0 0.0 0.0 0.0 0.0 0.0 0.0 0.0 0.994461 0.0 0.0 0.0 0.0
0.0 0.0 0.0 0.0 0.0 0.0 0.0 0.0 0.0 0.0 0.0 0.0 0.0 0.0 0.0 0.0 0.0 0.0 0.0 0.0 0.0 0.0 0.0 0.0 0.0 0.0 0.0 0.0 0.0 0.0 0.0 0.0 0.0 0.0 0.0 0.0 0.0 0.0 0.0 0.0 0.0 0.0 0.0 0.0 0.0 0.0 0.0 0.0 0.0 0.0 0.0 0.0 0.0 0.0 0.0 0.0 0.0 0.0 0.999999 0.0 0.0 0.0 0.0 0.0
0.0 0.0 0.730886 3.8743e-07 0.0 0.0 0.0 0.0 0.0 0.0 0.0 0.000659257 0.000706702 0.0 0.0 0.0 0.857123 0.0 1.09375e-05 0.0 0.0 0.0 0.0 0.0 0.0 0.0 0.0 0.0 0.0 0.301413 0.0 0.0 0.0 0.0 0.0 0.951593 0.0 8.64267e-07 0.0776097 0.0 0.0 0.0 0.0 0.0 0.948339 0.00150812 0.429505 0.0 0.0 0.0 0.0 0.0 0.899677 0.0 0.0 0.0 0.0 0.947386 0.0 0.0 1.19209e-07 0.0 0.0 0.116231
0.0 0.0 0.0 0.0 0.0 0.0 0.0 0.0 0.0 0.0 0.0 0.0 0.0 0.0 0.0 0.0 0.0 0.0 0.0 0.0 0.0 0.0 0.0 0.0 0.0 0.0 0.0 1.78814e-06 0.0 0.0 0.00157121 4.17233e-06 0.0 0.0 0.0 0.0 0.0 0.0 0.0 0.0 0.0 0.0 7.7337e-05 0.0 0.0 0.0 0.0 0.0 0.0 0.0 0.0 0.0 0.0 0.999811 0.0 0.0 0.00285101 0.0 0.0 0.0 0.0 0.0 0.00035125 0.0
0.0 0.0 0.0 0.0 3.27826e-07 0.0 0.334132 0.975758 0.0 0.0 0.0 0.0 0.0 0.000972539 0.0 0.982755 0.0 1.49012e-07 0.0 0.0 0.975933 0.0 0.0 0.0 0.0 2.68221e-07 0.0 0.0 0.0 0.0 0.0 0.0 0.0 0.0222981 0.0 0.0 0.60257 0.0 0.0 0.0 0.785417 0.897828 0.0 0.0 0.0 0.0 0.0 0.0 0.0 0.09468 0.0 0.0 0.0 0.0 0.0 0.0 0.0 0.0 0.0 0.0747875 0.0 0.0 0.0 0.0
0.0 0.0 0.0 0.0 0.0 0.0 0.0685279 0.0493049 0.0 0.0 0.0 0.0 0.0 3.32594e-05 0.0 0.367789 0.0 0.0 0.0 2.98023e-08 0.230525 0.0 0.0 0.0 0.0 0.0 0.0 0.0 0.0 0.0 0.0 0.0 0.0 0.771837 0.0 0.0 0.512357 0.0 0.0 0.0 0.0417054 0.125051 0.0 0.0 0.0 0.0 0.0 0.0 0.0 0.990553 0.0 0.0 0.0 0.0 0.0 0.0 0.0 0.0 0.0 0.00602832 0.0 0.0 0.0 0.0
0.0 0.0 0.0 0.0 0.0 0.0 0.0 0.0 0.0749569 0.0 0.0 0.0 0.0 0.0 0.0 0.0 0.0 0.0 0.0 0.0 0.0 0.0 0.0 0.0 0.0 0.0 0.0 0.699912 8.9407e-08 0.0 0.0839316 0.993938 0.0 0.0 0.0 0.0 0.0 0.0 0.0 0.0 0.0 0.0 1.43051e-06 0.0 0.0 0.0 0.0 0.0 0.0 0.0 0.0 0.0 0.0 0.00452796 0.0 0.0 1.54972e-06 0.0 0.0 0.0 0.0 0.0 1.19209e-07 0.0
0.0 0.0 0.0 0.0 0.0 0.0 0.0 0.0 0.670158 0.0 0.0 0.0 0.0 0.0 0.0 0.0 0.0 0.0 0.0 0.0 0.0 0.0 0.0 0.0 0.0 0.0 0.0 0.999516 0.0 0.0 0.0456633 1.75536e-05 0.0 0.0 0.0 0.0 0.0 0.0 0.0 0.0 0.0 0.0 0.0 0.0 0.0 0.0 0.0 0.0 0.0 0.0 0.0 0.0 0.0 0.000127524 0.0 0.0 0.0 0.0 0.0 0.0 0.0 0.0 0.0 0.0
0.0 0.0 0.0555492 6.85453e-07 0.0 0.0 0.0 0.0 0.0 0.0 0.0 0.00960788 3.82066e-05 0.0 0.0 0.0 0.200763 0.0 0.000126094 0.0 0.0 0.0 0.0 0.0 0.0 0.0 0.0 0.0 0.0 0.0607515 0.0 0.0 0.0 0.0 0.0 0.0189267 0.0 1.19209e-07 0.00238767 0.0 0.0 0.0 0.0 0.0 0.189709 2.77162e-06 0.327675 0.0 0.0 0.0 0.0 0.0 0.00753933 0.0 0.0 0.0 0.0 0.65996 0.0 0.0 0.0 0.0 0.0 0.992123
0.0 0.0 0.0 0.00537908 0.0 0.0 0.0 0.0 0.0 0.0 0.0 0.0 0.0 0.0 0.0 0.0 0.0 0.0 4.12166e-05 0.0 0.0 0.0 0.0 0.0 5.45382e-06 0.0 0.0 0.0 0.0 0.0 0.0 0.0 0.0 0.0 0.0 0.0 0.0 0.0 4.76837e-07 0.0 0.0 0.0 0.0 0.987999 0.0 0.0 0.0 5.66244e-06 0.0 0.0 0.0 0.0 0.0 0.0 0.0 0.0 1.19209e-07 0.0 0.0 0.0 0.0 0.0 1.84476e-05 0.0
0.0 0.0 0.000551969 0.000959486 0.0 0.0 0.0 0.0 0.0 0.0 0.0 1.46329e-05 1.10269e-06 0.0 0.0 0.0 0.202611 0.0 7.06017e-05 0.0 0.0 0.0 0.0 0.0 0.0 0.0 0.0 0.0 0.0 0.985105 0.0 0.0 0.0 0.0 0.0 0.541201 0.0 0.000504285 0.801938 0.0 0.0 0.0 0.0 0.0 0.885566 1.60933e-06 0.000311852 0.0 0.0 0.0 0.0 0.0 0.0187501 0.0 0.0 0.0 0.0 0.0933951 0.0 0.0 2.02656e-06 0.0 0.0 0.0744471
0.0 0.0 0.0 2.45571e-05 0.0 0.0 0.0 0.0 0.0 0.0 0.0 0.0 0.0 0.0 0.0 0.0 0.0 0.0 2.08616e-07 0.0 0.0 0.0 2.83122e-06 0.0 5.36442e-07 0.0 0.0 0.0 0.0 0.0 0.0 0.0 0.0 0.0 0.0 0.0 0.0 0.0 8.9407e-08 0.0 0.0 0.0 0.000846744 5.96046e-08 0.0 0.0 0.0 0.44128 0.0 0.0 0.0 0.0 0.0 0.0 0.0 0.00632131 1.89841e-05 0.0 0.0 0.0 0.00103173 0.0 0.0146073 0.0
1.78814e-07 0.0 0.00287938 0.000409335 0.0 0.0 0.0 0.0 0.0 0.0 0.0 1.49012e-07 1.37091e-06 0.0 0.0 0.0 0.825253 0.0 3.56138e-05 0.0 0.0 0.0 1.19209e-07 0.0 0.0 0.0 0.0 0.0 0.0 0.511723 0.0 0.0 0.0 0.0 0.0 0.964377 0.0 5.43892e-05 0.99177 0.0 0.0 0.0 0.0 0.0 0.816062 0.000539243 0.000392616 0.0 0.0 0.0 0.0 0.0 0.430528 0.0 0.0 0.0 0.0 0.0515532 0.0 0.0 0.000957102 0.0 0.0 0.00289685
0.0 0.0 0.0 0.0 0.0 0.0 0.645382 0.440174 0.0 0.0 0.0 0.0 0.0 0.00174832 0.0 0.707721 0.0 1.49012e-07 0.0 8.04663e-07 0.946064 0.0 0.0 0.0 0.0 8.9407e-08 0.0 0.0 0.0 0.0 0.0 0.0 0.0 0.0554368 0.0 0.0 0.990091 0.0 0.0 0.0 0.894074 0.763277 0.0 0.0 0.0 0.0 0.0 0.0 0.0 0.483224 0.0 0.0 0.0 0.0 0.0 0.0 0.0 0.0 0.0 0.164671 0.0 0.0 0.0 0.0
0.0 0.0 0.0 0.0 0.0 0.0 0.0 0.0 0.998105 0.0 0.0 0.0 0.0 0.0 0.0 0.0 0.0 0.0 0.0 0.0 0.0 0.0 0.0 0.0 0.0 0.0 0.0 0.196008 0.0 0.0 2.93255e-05 6.85453e-06 0.0 0.0 0.0 0.0 0.0 0.0 0.0 0.0 0.0 0.0 0.0 0.0 0.0 0.0 0.0 0.0 0.0 0.0 0.0 0.0 0.0 0.0 0.0 0.0 0.0 0.0 0.0 0.0 0.0 0.0 0.0 0.0
0.0 0.0 0.0 0.0 0.0 0.0 2.68221e-07 0.000534356 0.0 0.00614154 0.0 0.0 0.0 0.0287824 0.0 0.0 0.0 0.0191289 0.0 2.98023e-08 0.0 0.0 0.0 0.0 0.0 0.999579 0.0 0.0 0.0 0.0 0.0 0.0 0.0 0.0 0.00221968 0.0 0.0 0.0 0.0 0.0 0.0 8.9407e-08 0.0 0.0 0.0 0.0 0.0 0.0 0.0 0.0 0.0 0.0 0.0 0.0 0.0 0.0 0.0 0.0 0.0 1.43051e-06 0.0 0.0 0.0 0.0
0.0 0.0 0.0 0.0 0.0 0.0 0.0 0.0 0.0 0.0 0.999521 0.0 0.0 0.0 0.0 0.0 0.0 0.0 0.0 0.0 0.0 0.0 0.0 0.0 0.0 0.0 0.0 0.0 0.0 0.0 0.0 0.0 0.0 0.0 0.0 0.0 0.0 0.0 0.0 0.0 0.0 0.0 0.0 0.0 0.0 0.0 0.0 0.0 0.0 0.0 0.0 0.0 0.0 0.0 0.0 0.0 0.0 0.0 0.0 0.0 0.0 0.0 0.0 0.0
0.0 0.0 0.0 0.0 0.0 0.0 0.0 0.0 0.0 0.0 0.0 0.0 0.0 0.0 0.0 0.0 0.0 0.0 0.0 0.0 0.0 0.0 0.0 0.0 0.000209928 0.0 0.0 0.0 0.0 0.0 0.0 0.0 0.0 0.0 0.0 0.0 0.0 0.0 0.0 0.0 0.0 0.0 0.292273 8.9407e-08 0.0 0.0 0.0 0.098347 0.0 0.0 0.0 0.0 0.0 8.9407e-08 0.0 9.92417e-06 0.000768095 0.0 0.0 0.0 4.47035e-07 0.0 0.672485 0.0
0.0 0.0 0.0 0.0 0.0 0.0 0.0 0.0 0.0 0.0 0.0 0.0 0.0 0.0 0.999958 0.0 0.0 0.0 0.0 0.0 0.0 0.0 0.0 0.0 0.0 0.0 0.0 0.0 0.0 0.0 0.0 0.0 0.0 0.0 3.51667e-06 0.0 0.0 0.0 0.0 0.0 0.0 0.0 0.0 0.0 0.0 0.0 0.0 0.0 0.0 0.0 0.0 0.0 0.0 0.0 0.0 0.0 0.0 0.0 0.0 0.0 0.0 0.0 0.0 0.0
0.0 0.0 0.0 0.0 0.0 0.0 0.0 0.0 0.0 0.0 0.0 0.0 0.0 0.0 0.0 0.0 0.0 0.0 0.0 0.0 0.0 0.0 0.0 0.998386 0.0 0.0 0.0 0.0 0.0 0.0 0.0 0.0 0.0 0.0 0.0 0.0 0.0 0.0 0.0 0.0 0.0 0.0 0.0 0.0 0.0 0.0 0.0 0.0 5.36442e-07 0.0 0.0 0.0 0.0 0.0 0.351089 0.0 0.0 0.0 0.0 0.0 0.0 0.0 0.0 0.0
0.0 0.0 0.0 9.53674e-07 0.0 0.0 0.0 0.0 0.0 0.0 0.0 0.0 0.0 0.0 0.0 0.0 0.0 0.0 0.0 0.0 0.0 0.0 6.22869e-06 0.0 5.06639e-07 0.0 0.0 0.0 0.0 0.0 0.0 0.0 0.0 0.0 0.0 0.0 0.0 0.0 1.78814e-07 0.0 0.0 0.0 2.05934e-05 1.49012e-07 0.0 0.0 0.0 0.846283 0.0 0.0 0.0 0.0 0.0 0.0 0.0 0.000696927 0.000126839 0.0 0.0 0.0 0.000969321 1.49012e-07 0.000162095 0.0
0.0 0.0 0.710019 0.0 0.0 0.0 0.0 0.0 0.0 0.0 0.0 0.883418 0.0223042 0.0 0.0 0.0 7.7039e-05 0.0 2.98023e-08 0.0 0.0 0.0 0.0 0.0 0.0 0.0 0.0 0.0 0.0 6.00517e-05 0.0 0.0 0.0 0.0 0.0 0.000617564 0.0 0.0 2.38419e-07 0.0 0.0 0.0 0.0 0.0 0.0090557 5.06639e-07 0.745097 0.0 0.0 0.0 0.0 0.0 0.00720486 0.0 0.0 0.0 0.0 0.433035 0.0 0.0 0.0 0.0 0.0 0.117863
0.0 0.0 0.0 0.0 5.96046e-08 0.0 4.84288e-05 0.999747 0.0 0.0 0.0 0.0 0.0 0.0793227 0.0 0.000408947 0.0 0.00443077 0.0 0.0 0.00303149 0.0 0.0 0.0 0.0 0.00496843 0.0 0.0 0.0 0.0 0.0 0.0 0.0 1.69873e-06 2.98023e-08 0.0 0.000827163 0.0 0.0 0.0 0.00351316 0.0336922 0.0 0.0 0.0 0.0 0.0 0.0 0.0 4.64916e-06 0.0 0.0 0.0 0.0 0.0 0.0 0.0 0.0 0.0 0.000185549 0.0 0.0 0.0 0.0
0.0 0.0 0.0 0.0 0.0 0.0 0.00326058 0.064539 0.0 0.0 0.0 0.0 0.0 1.04308e-06 0.0 0.511115 0.0 0.0 0.0 0.0 0.0396461 0.0 0.0 0.0 0.0 0.0 0.0 0.0 0.0 0.0 0.0 0.0 0.0 0.999642 0.0 0.0 0.142231 0.0 0.0 0.0 0.0270233 0.0512473 0.0 0.0 0.0 0.0 0.0 0.0 0.0 0.87994 0.0 0.0 0.0 0.0 0.0 0.0 0.0 0.0 0.0 6.98268e-05 0.0 0.0 0.0 0.0
0.000450045 6.55651e-06 0.0 0.0 0.0 0.0 0.0 0.0 0.0 0.0 0.0 0.0 0.0 0.0 0.0 0.0 0.0 0.0 0.0 0.0 0.0 0.0 0.0145688 0.0 0.0 0.0 0.0 0.0 0.0 0.0 0.0 0.0 0.0 0.0 0.0 0.0 0.0 0.0 0.0 0.0 0.0 0.0 3.45707e-06 0.0 0.0 0.0 0.0 0.000327677 0.0 0.0 0.0 0.0 0.0 0.0 0.0 0.955866 0.0 0.0 0.0 0.0 0.00249889 0.000147939 2.98023e-07 0.0
0.995354 1.19209e-06 0.0 0.0 0.0 0.0 0.0 0.0 0.0 0.0 0.0 0.0 0.0 0.0 0.0 0.0 0.0 0.0 0.0 0.0 0.0 0.0 7.36713e-05 0.0 0.0 0.0 0.0 0.0 0.0 0.0 0.0 0.0 0.0 0.0 0.0 0.0 0.0 0.0 2.98023e-08 0.0 0.0 0.0 0.0 0.0 0.0 8.9407e-08 0.0 0.0 0.0 0.0 0.0 0.0 0.0 0.0 0.0 0.00324884 0.0 0.0 0.0 0.0 0.000335604 0.0010373 0.0 0.0
1.19209e-07 0.0 0.0 1.2815e-06 0.0 0.0 0.0 0.0 0.0 0.0 0.0 0.0 0.0 0.0 0.0 0.0 0.0 0.0 0.0 0.0 0.0 0.0 0.000118434 0.0 8.9407e-08 0.0 0.0 0.0 0.0 0.0 0.0 0.0 0.0 0.0 0.0 0.0 0.0 0.0 2.98023e-07 0.0 0.0 0.0 0.000852823 7.15256e-07 0.0 0.0 0.0 0.00265041 0.0 0.0 0.0 0.0 0.0 0.0 0.0 0.0514795 1.89543e-05 0.0 0.0 0.0 0.00487304 0.0 0.006713 0.0
0.0 0.0 0.0 0.0 0.0 0.0 0.0 0.0 0.0 0.0 0.0 0.0 0.0 0.0 0.0 0.0 0.0 0.0 0.0 0.0 0.0 0.0 0.0 0.0 0.99941 0.0 0.0 0.0 0.0 0.0 0.0 0.0 0.0 0.0 0.0 0.0 0.0 0.0 0.0 0.0 0.0 0.0 4.50015e-06 2.08616e-06 0.0 0.0 0.0 4.97699e-06 0.0 0.0 0.0 0.0 0.0 0.0 0.0 0.0 0.0 0.0 0.0 0.0 0.0 0.0 0.000281394 0.0
0.0 0.0 0.982477 0.0 0.0 0.0 0.0 0.0 0.0 0.0 0.0 0.0 0.000135571 0.0 0.0 0.0 0.0 0.0 0.0 0.0 0.0 0.0 0.0 0.0 0.0 0.0 0.0 0.0 0.0 0.664453 0.0 0.0 0.0 0.0 0.0 0.0566188 0.0 9.65595e-06 5.56111e-05 0.0 0.0 0.0 0.0 0.0 2.98023e-08 0.000910878 4.64916e-06 1.57952e-05 0.0 0.0 0.0 0.0 6.53565e-05 0.0 0.0 0.0 0.0 4.52995e-06 0.0 0.0 0.0 0.0 1.49012e-07 2.98023e-07
0.0 0.0 0.0 0.0 0.0 0.0 0.0 0.0 0.0 0.0 0.0 0.0 0.0 0.0 0.0 0.0 0.999999 0.0 0.0 0.0 0.0 0.0 0.0 0.0 0.0 0.0 0.0 0.0 0.0 0.0 0.0 0.0 0.0 0.0 0.0 0.0 0.0 0.0 0.0 0.0 0.0 0.0 0.0 0.0 0.0 0.0 0.0 0.0 0.0 0.0 0.0 0.0 0.0 0.0 0.0 0.0 0.0 0.0 0.0 0.0 0.0 0.0 0.0 0.0
0.0 0.0 1.93715e-05 0.0 0.0 0.0 0.0 0.0 0.0 0.0 0.0 0.644566 0.00057435 0.0 0.0 0.0 0.0 0.0 0.0 0.0 0.0 0.0 0.0 0.0 0.0316103 0.0 0.0 0.0 0.0 0.0 0.0 0.0 0.0 0.0 0.0 0.004659 0.0 0.00101292 0.0601518 0.0 0.0 0.0 0.0 0.0 0.423418 0.0 0.00468293 0.0 0.0 0.0 0.0 0.0 0.890234 0.0 0.0 0.0 0.0 0.140433 0.0 0.0 0.0 0.0 0.0 0.796557
0.0 0.0 0.0 0.0 0.0 0.0 0.0 0.0 0.0 0.0 0.0 0.0 0.0 0.0 0.0 0.0 0.0 0.0 0.0 0.0 0.0 0.0 1.19209e-07 0.0 0.0 0.0 0.0 0.0 0.0 0.0 0.0 0.0 0.0 0.0 0.0 0.0 0.0 0.0 0.0 0.0 0.0 0.0 0.99936 0.0 0.0 0.0 0.0 0.0 0.0 0.0 0.0 0.0 0.0 0.0 0.0 0.0 0.0 0.0 0.0 0.0 0.0 0.0 0.0 0.0
0.0 0.0 0.0 0.0 0.108983 0.0 1.71959e-05 0.0 0.0 0.000134021 0.0 0.0 0.0 0.0 0.943617 0.00349531 0.0 0.0 0.0 5.43594e-05 0.777181 0.0 0.0 0.994334 0.0 0.0 0.0 0.0 0.0 0.0 0.0 0.0 0.0 0.000324607 0.0 0.0 2.77162e-06 0.0 0.0 0.0 0.00896382 4.47035e-07 0.0 0.0 0.0 0.0 0.0 0.0 0.0 3.01003e-06 0.0 0.0 0.0 0.0 0.769472 0.0 0.0 0.0 0.0 0.0819731 0.0 0.0 0.0 0.0
0.999693 0.0 0.0 0.0 0.0 0.0 0.0 0.000186652 0.0 0.0 0.0 0.0 0.0 8.34465e-07 0.0 0.0 0.0 0.0 0.0 0.0 0.0 0.0 0.000138342 0.0 0.0 0.0 0.0 0.0 0.0 0.0 0.0 0.368299 0.0 0.0 0.0 0.0 0.0 0.0 0.0 0.0 0.0 0.0 4.47035e-07 0.0 0.0 0.0 0.0 0.0 0.0 0.0 0.0 0.000188977 0.0 0.0 0.0 0.0 0.0 0.0 0.0 0.0 0.0 8.78274e-05 0.0 0.0
0.0 0.0 0.0 0.0 0.0 0.0 0.0 0.0 0.0 0.0 0.0 0.0 0.0 0.0 0.0 0.0 0.0 0.0 0.0 0.0 0.0 0.0 0.0 0.0 0.0 0.0 0.0 0.0 0.0 0.0 0.0 0.0 0.0 0.0 0.0 0.0 0.0 0.0 0.0 0.0 0.0 0.0 0.0 0.0 0.0 0.0 0.0 0.0 0.999952 0.0 0.0 0.0 0.0 0.0 0.0 0.0 0.0 0.0 0.0 0.0 0.0 0.0 0.0 0.0
0.0 0.0 0.0 0.0 1.35899e-05 0.0 9.98378e-06 0.0 0.0 0.000163108 0.0 0.0 0.0 0.0 6.98566e-05 2.80142e-06 0.0 0.0 0.0 0.999914 0.000118434 0.0 0.0 6.87242e-05 0.0 0.0 0.0 0.0 0.0 0.0 0.0 0.0 0.0 3.57628e-07 0.0 0.0 3.65973e-05 0.0 0.0 0.0 1.69873e-05 0.0 0.0 0.0 0.0 0.0 0.0 0.0 0.0 1.94013e-05 0.0 0.0 0.0 0.0 9.23872e-07 0.0 0.0 0.0 0.0 6.44922e-05 0.0 0.0 0.0 0.0
0.0 0.0 0.0 0.0 0.0 0.0 0.0 0.0 2.98023e-07 0.0 0.0 0.0 0.0 0.0 0.0 0.0 0.0 2.02656e-06 0.0 0.0 0.0 0.0 0.0 0.0 0.0 0.0 0.0 0.0111518 0.0 0.0 0.0 0.0 0.0 0.0 0.0 0.0 0.0 0.0 0.0 0.99986 0.0 0.0 0.0 0.0 0.0 0.0 0.0 0.0 0.0 0.0 0.000111073 0.0 0.0 0.0 0.0 0.0 0.0 0.0 0.0 0.0 0.0 0.0 0.0 0.0
0.0 0.0 0.0 0.0 2.05338e-05 0.0 0.0 0.0 0.0 0.0 0.0 0.0 0.0 0.0 2.08616e-07 2.08616e-07 0.0 0.0 0.0 0.0 0.0 0.0 0.0 1.78814e-07 0.0 0.0 0.0 0.0 1.19209e-07 0.0 0.0 0.0 0.0 0.0 0.0 0.0 0.0 0.0 0.0 0.0 3.8743e-07 0.994226 0.0 0.0 0.0 0.0 0.0 0.0 0.0 0.0 0.0 0.0 0.0 0.0 3.03686e-05 0.0 0.0 0.0 0.0 2.08616e-07 0.0 0.0 0.0 0.0
6.61016e-05 0.0 0.0 0.0 0.0 0.0 0.0 0.0 0.0 0.0 0.0 0.0 0.0 0.0 0.0 0.0 0.0 0.0 0.0 0.0 0.0 0.0 0.0 0.0 0.0 0.0 0.0 0.0 0.0 0.0 0.0 0.0530435 0.0 0.0 0.0 0.0 0.0 0.0 0.0 0.0 0.0 0.0 0.0 0.0 0.0 0.0 0.0 0.0 0.0 0.0 0.0 0.996072 0.0 0.0 0.0 0.0 0.0 0.0 0.0 0.0 0.0 1.10269e-06 0.0 0.0
0.0 0.0 5.06639e-07 0.0 0.0 0.0 0.0 0.0 0.0 0.0 0.0 0.81061 6.68764e-05 0.0 0.0 0.0 0.0 0.0 0.0 0.0 0.0 0.0 0.0 0.0 0.671851 0.0 0.0 0.0 0.0 0.0 0.0 0.0 0.0 0.0 0.0 0.00311333 0.0 0.0240135 0.472394 0.0 0.0 0.0 0.0 0.0 0.955115 0.0 0.0543963 0.0 0.0 0.0 0.0 0.0 0.185441 0.0 0.0 0.0 0.0 0.764386 0.0 0.0 0.0 0.0 0.0 0.963867
0.0 0.0 0.0026083 0.0 0.0 0.0 0.0 0.0 0.0 0.0 0.0 6.72638e-05 1.74344e-05 0.0 0.0 0.0 0.0 0.0 0.0 0.0 0.0 0.0 0.0 0.0 4.48525e-05 0.0 0.0 0.0 0.0 1.63913e-06 0.0 0.0 0.0 0.0 0.0 0.543616 0.0 0.874302 0.517313 0.0 0.0 0.0 0.0 0.0 0.00672317 0.0 0.0506504 0.0 0.0 0.0 0.0 0.0 0.00022763 0.0 0.0 0.0 0.0 0.175582 0.0 0.0 0.0 0.0 0.0 0.0128832
0.0 0.0 0.0 0.0 0.977966 0.0 0.721448 0.0 0.0 0.0330661 0.0 0.0 0.0 0.0 0.0602753 0.983704 0.0 0.0 0.0 3.55244e-05 0.00527164 0.0 0.0 0.0620364 0.0 0.0 0.0 0.0 0.0 0.0 0.0 0.0 0.0 0.000193566 0.0 0.0 0.195707 0.0 0.0 0.0 0.926849 2.20239e-05 0.0 0.0 0.0 0.0 0.0 0.0 0.0 0.243767 0.0 0.0 0.0 0.0 0.148756 0.0 0.0 0.0 0.0 0.627256 0.0 0.0 0.0 0.0
0.0 0.0 6.30617e-05 0.0 0.0 0.0 0.0 0.0 0.0 0.0 0.0 0.00616542 0.00011012 0.0 0.0 0.0 0.0 0.0 0.0 0.0 0.0 0.0 0.0 0.0 0.0680913 0.0 0.0 0.0 0.0 5.96046e-08 0.0 0.0 0.0 0.0 0.0 0.0300024 0.0 0.271446 0.881816 0.0 0.0 0.0 0.0 0.0 0.304212 0.0 0.691229 0.0 0.0 0.0 0.0 0.0 0.0475588 0.0 0.0 0.0 0.0 0.993759 0.0 0.0 0.0 0.0 0.0 0.629508
0.0 0.0 0.0 0.0 0.171623 0.0 0.962802 0.0 0.0 0.130905 0.0 0.0 0.0 0.0 0.000303835 0.613875 0.0 0.0 0.0 0.00079453 5.73397e-05 0.0 0.0 0.000157803 0.0 0.0 0.0 0.0 0.0 0.0 0.0 0.0 0.0 1.35303e-05 0.0 0.0 0.98284 0.0 0.0 0.0 0.534771 1.78814e-07 0.0 0.0 0.0 0.0 0.0 0.0 0.0 0.938557 0.0 0.0 0.0 0.0 0.000190049 0.0 0.0 0.0 0.0 0.0166699 0.0 0.0 0.0 0.0
0.0 0.0 0.0 0.0 0.0 0.0 0.0 0.0 0.0 0.0 0.0 0.0 0.0 0.0 0.0 0.0 0.0 0.0 0.0 0.0 0.0 0.0 0.0 0.0 0.0 0.0 0.0 0.0 0.0 0.0 0.0 0.0 0.0 0.0 0.0 0.0 0.0 0.0 0.0 0.0 0.0 0.0 0.0 0.0 0.0 0.0 0.0 0.0 0.0 0.0 0.0 0.0 0.0 0.0 0.0 0.997282 0.0 0.0 0.0 0.0 0.0 0.0 0.0 0.0
0.0 0.0 0.0 0.0 0.0015173 0.0 4.67896e-06 0.0 0.0 6.76513e-06 0.0 0.0 0.0 0.0 0.888693 0.000588566 0.0 0.0 0.0 9.09865e-05 0.983124 0.0 0.0 0.944347 0.0 0.0 0.0 0.0 0.0 0.0 0.0 0.0 0.0 0.0135793 0.0 0.0 8.64267e-07 0.0 0.0 0.0 0.000281841 0.0 0.0 0.0 0.0 0.0 0.0 0.0 0.0 1.07288e-06 0.0 0.0 0.0 0.0 0.0131337 0.0 0.0 0.0 0.0 0.0044333 0.0 0.0 0.0 0.0
0.0 0.0 0.0 0.0 0.0 0.0 0.0 0.0 0.0 0.0 0.0 0.0 0.0 0.0 0.0 0.0 0.0 0.0 0.0 0.0 0.0 0.0 0.0 0.0 0.0 0.0 0.0 0.0 0.0 0.0 1.0 0.0 0.0 0.0 0.0 0.0 0.0 0.0 0.0 0.0 0.0 0.0 0.0 0.0 0.0 0.0 0.0 0.0 0.0 0.0 0.0 0.0 0.0 0.0 0.0 0.0 0.0 0.0 0.0 0.0 0.0 0.0 0.0 0.0
0.0 0.0 0.0 0.0 0.975349 0.0 0.69717 0.0 0.0 0.207211 0.0 0.0 0.0 0.0 0.0286134 0.881813 0.0 0.0 0.0 0.000292212 0.0019705 0.0 0.0 0.153086 0.0 0.0 0.0 0.0 0.0 0.0 0.0 0.0 0.0 4.79817e-06 0.0 0.0 0.188305 0.0 0.0 0.0 0.988747 2.71797e-05 0.0 0.0 0.0 0.0 0.0 0.0 0.0 0.222867 0.0 0.0 0.0 0.0 0.253043 0.0 0.0 0.0 0.0 0.247546 0.0 0.0 0.0 0.0
0.0 0.0 0.0 0.0 0.91089 0.0 0.00916535 0.0 0.0 0.00977385 0.0 0.0 0.0 0.0 0.287131 0.44883 0.0 0.0 0.0 7.70092e-05 0.0222897 0.0 0.0 0.418364 0.0 0.0 0.0 0.0 0.0 0.0 0.0 0.0 0.0 0.00022614 0.0 0.0 0.00276703 0.0 0.0 0.0 0.461049 1.46627e-05 0.0 0.0 0.0 0.0 0.0 0.0 0.0 0.00106734 0.0 0.0 0.0 0.0 0.482385 0.0 0.0 0.0 0.0 0.978649 0.0 0.0 0.0 0.0
0.0 0.0 0.0 0.0 0.0 0.0 0.0 0.0 0.0 0.0 0.0 0.0 0.0 0.0 0.0 0.0 0.0 0.0 0.0 0.0 0.0 0.0 0.0 0.0 0.0 0.999996 0.0 0.0 0.0 0.0 0.0 0.0 0.0 0.0 0.0 0.0 0.0 0.0 0.0 0.0 0.0 0.0 0.0 0.0 0.0 0.0 0.0 0.0 0.0 0.0 0.0 0.0 0.0 0.0 0.0 0.0 0.0 0.0 0.0 0.0 0.0 0.0 0.0 0.0
0.0 4.67896e-05 0.0 0.0 0.0 0.0 0.0 0.0 0.0 0.0 0.0 0.0 0.0 0.0 0.0 0.0 0.0 0.0 0.0 0.0 0.0 0.0 0.0 0.0 0.0 0.0 0.0 0.0 0.0 0.0 0.0 0.0 0.0 0.0 0.0 0.0 0.0 0.0 0.0 0.0 0.0 0.0 0.0 0.0 0.0 0.0 0.0 0.0 0.0 0.0 0.0 0.0 0.0 0.0 0.0 0.0 0.0 0.0 1.0 0.0 0.0 0.0 0.0 0.0
0.0 0.0 0.437598 0.0 0.0 0.0 0.0 0.0 0.0 0.0 0.0 6.31809e-06 0.00014931 0.0 0.0 0.0 0.0 0.0 0.0 0.0 0.0 0.0 0.0 0.0 1.19209e-07 0.0 0.0 0.0 0.0 0.000489414 0.0 0.0 0.0 0.0 0.0 0.870007 0.0 0.00534573 0.070412 0.0 0.0 0.0 0.0 0.0 6.80089e-05 3.27826e-07 0.00188923 0.0 0.0 0.0 0.0 0.0 0.00940019 0.0 0.0 0.0 0.0 0.0138891 0.0 0.0 0.0 0.0 0.0 0.000625104
0.0 0.0 0.0 0.0 0.0 0.0 0.0 0.0 0.0 0.0 0.0 0.0 0.0 0.0 0.0 0.0 0.0 0.0 0.0 0.0 0.0 1.0 0.0 0.0 0.0 0.0 0.0 0.0 0.0 0.0 0.0 0.0 0.0 0.0 0.0 0.0 0.0 0.0 0.0 0.0 0.0 0.0 0.0 0.0 0.0 0.0 0.0 0.0 0.0 0.0 0.0 0.0 0.0 0.0 0.0 0.0 0.0 0.0 0.0 0.0 0.0 0.0 0.0 0.0
0.0 0.0 0.0 0.0 0.0 0.0 0.0 0.0 0.0 0.0 0.0 0.0 0.0 1.19209e-07 0.0 0.0 0.0 0.0 0.0 0.0 0.0 0.0 0.0 0.0 0.0 0.0 0.999903 0.0 0.0 0.0 0.0 0.0 0.0 0.0 0.0 0.0 0.0 0.0 0.0 0.0 0.0 0.0 0.0 0.0 0.0 0.0 0.0 0.0 0.0 0.0 0.0 0.0 0.0 0.0 0.0 0.0 0.0 0.0 0.0 0.0 0.0 0.0 0.0 0.0
0.0 0.0 0.0 0.0 0.0 0.0 0.0 0.0 0.0 0.0 0.0 0.0 0.0 0.0 0.0 0.0 0.0 0.0 0.0 0.0 0.0 0.0 0.0 0.0 0.0 0.0 0.0 0.0 0.0 0.0 0.0 0.0 0.0 0.0 0.999193 0.0 0.0 0.0 0.0 0.0 0.0 0.0 0.0 0.0 0.0 0.0 0.0 0.0 0.0 0.0 0.0 0.0 0.0 0.0 0.0 0.0 0.0 0.0 0.0 0.0 0.0 0.0 0.0 0.0
0.0 0.0 0.0 0.0 0.0 0.0 0.0 0.0 0.0 0.0 0.0 0.0 0.0 0.0 0.0 0.0 0.0 2.95937e-05 0.0 0.0 0.0 0.0 0.0 0.0 0.0 0.0 0.0 0.000192195 0.0 0.0 0.0 0.0 0.0 0.0 0.0 0.0 0.0 0.0 0.0 0.000325322 0.0 0.0 0.0 0.0 0.0 0.0 0.0 0.0 0.0 0.0 0.996165 0.0 0.0 0.0 0.0 0.0 0.0 0.0 0.0 0.0 0.0 0.0 0.0 0.0
0.0 0.0 0.0 0.0 0.0 0.0 0.0 0.0 9.23872e-07 0.0 0.0 0.0 0.0 0.0 0.0 0.0 0.0 1.10269e-06 0.0 0.0 0.0 0.0 0.0 0.0 0.0 0.0 0.0 0.0 0.0 0.0 0.0 0.0 0.0 0.0 0.0 0.0 0.0 0.0 0.0 4.47035e-07 0.0 0.0 0.0 3.78489e-06 0.0 0.0 0.0 0.0 0.0 0.0 0.0 0.0 0.0 0.0 0.0 0.0 0.0 0.0 0.0 0.0 0.984127 0.0 0.0 0.0
0.0 0.0 0.0 0.0 0.0 0.0 0.0 0.0 0.0 0.0 0.0 0.68931 1.57952e-06 0.0 0.0 0.0 0.0 0.0 0.0 0.0 0.0 0.0 0.0 0.0 0.920412 0.0 0.0 0.0 0.0 0.0 0.0 0.0 0.0 0.0 0.0 6.41346e-05 0.0 0.00192925 0.104471 0.0 0.0 0.0 0.0 0.0 0.862526 0.0 0.0434283 0.0 0.0 0.0 0.0 0.0 0.107259 0.0 0.0 0.0 0.0 0.494667 0.0 0.0 0.0 0.0 0.0 0.925193
0.0 0.999796 0.0 0.0 0.0 0.0 0.0 0.0 0.0 0.0 0.0 0.0 0.0 0.0 0.0 0.0 0.0 0.0 0.0 0.0 0.0 0.0 0.0 0.0 0.0 0.0 0.0 0.0 0.0 0.0 0.0 0.0 0.0 0.0 0.0 0.0 0.0 0.0 0.0 0.0 0.0 0.0 0.0 0.0 0.0 0.0 0.0 0.0 0.0 0.0 0.0 0.0 0.0 0.0 0.0 0.0 0.0 0.0 0.0 0.0 0.0 0.0 0.0 0.0
0.0 0.0 0.0 0.0 0.0 0.999457 0.0 0.0 0.0 0.0 2.98023e-08 0.0 0.0 0.0 0.0 0.0 0.0 0.0 0.0 0.0 0.0 0.0 0.0 0.0 0.0 0.0 0.0 0.0 0.0 0.0 0.0 0.0 0.0 0.0 0.0 0.0 0.0 0.0 0.0 0.0 0.0 0.0 0.0 0.0 0.0 0.0 0.0 0.0 0.0 0.0 0.0 0.0 0.0 0.0 0.0 0.0 0.0 0.0 0.0 0.0 0.0 0.0 0.0 0.0
1.19209e-07 0.0 0.0 0.0 0.0 0.0 0.0 0.0 0.0 0.0 0.0 0.0 0.0 2.98023e-08 0.0 0.0 0.0 2.38419e-07 0.0 0.0 0.0 0.0 0.0 0.0 0.0 0.0 0.0 0.0 0.0 0.0 0.0 4.14252e-06 0.0 0.0 0.0 0.0 0.0 0.0 0.0 0.0 0.0 0.0 0.0 0.0 0.0 0.0 0.0 0.0 0.0 0.0 7.7486e-07 0.0 0.0 0.0 0.0 0.0 0.0 0.0 0.0 0.0 0.0 0.997633 0.0 0.0
0.0 0.0 0.0 0.0 0.125542 0.0 0.142853 0.0 0.0 0.999014 0.0 0.0 0.0 0.0 0.0527752 0.0555016 0.0 0.0 0.0 0.0178751 0.00126493 0.0 0.0 0.0150536 0.0 0.0 0.0 0.0 0.0 0.0 0.0 0.0 0.0 3.8445e-06 0.0 0.0 0.0743311 0.0 0.0 0.0 0.112187 4.17233e-07 0.0 0.0 0.0 0.0 0.0 0.0 0.0 0.0679769 0.0 0.0 0.0 0.0 0.0182438 0.0 0.0 0.0 0.0 0.0441847 0.0 0.0 0.0 0.0
0.0 0.0 0.0 0.0 0.0 0.0 0.0 0.0 0.0 0.0 0.0 0.0 0.0 0.0 0.0 0.0 0.0 0.0 0.0 0.0 0.0 0.0 0.0 0.0 0.0 0.0 0.0 0.0 0.999985 0.0 0.0 0.0 0.0 0.0 0.0 0.0 0.0 0.0 0.0 0.0 0.0 2.98023e-08 0.0 0.0 0.0 0.0 0.0 0.0 0.0 0.0 0.0 0.0 0.0 0.0 0.0 0.0 0.0 0.0 0.0 0.0 0.0 0.0 0.0 0.0
0.0 0.0 7.7486e-07 0.0 0.0 0.0 0.0 0.0 0.0 0.0 0.0 0.0231708 7.39396e-05 0.0 0.0 0.0 0.0 0.0 0.0 0.0 0.0 0.0 0.0 0.0 0.268739 0.0 0.0 0.0 0.0 0.0 0.0 0.0 0.0 0.0 0.0 0.00502464 0.0 0.151528 0.911626 0.0 0.0 0.0 0.0 0.0 0.714704 0.0 0.691518 0.0 0.0 0.0 0.0 0.0 0.0189336 0.0 0.0 0.0 0.0 0.804775 0.0 0.0 0.0 0.0 0.0 0.895123
0.0 0.0 0.0 0.0 0.584423 0.0 0.00011456 0.0 0.0 0.00135151 0.0 0.0 0.0 0.0 0.351073 0.0218585 0.0 0.0 0.0 4.82798e-06 0.00698349 0.0 0.0 0.812027 0.0 0.0 0.0 0.0 0.0 0.0 0.0 0.0 0.0 5.93066e-06 0.0 0.0 1.5676e-05 0.0 0.0 0.0 0.0468277 7.39098e-05 0.0 0.0 0.0 0.0 0.0 0.0 0.0 2.34842e-05 0.0 0.0 0.0 0.0 0.991096 0.0 0.0 0.0 0.0 0.194665 0.0 0.0 0.0 0.0
0.0 0.0 0.0 0.0 0.0 0.0 0.0 0.0 0.0 0.0 0.0 0.0 0.0 0.0 0.0 0.0 0.0 0.0 0.999988 0.0 0.0 0.0 0.0 0.0 0.0 0.0 0.0 0.0 0.0 0.0 0.0 0.0 0.0 0.0 0.0 0.0 0.0 0.0 0.0 0.0 0.0 0.0 0.0 0.0 0.0 0.0 0.0 0.0 0.0 0.0 0.0 0.0 0.0 0.0 0.0 0.0 0.0 0.0 0.0 0.0 0.0 0.0 0.0 0.0
0.0 0.0 0.0139776 0.0 0.0 0.0 0.0 0.0 0.0 0.0 0.0 3.18885e-06 1.00434e-05 0.0 0.0 0.0 0.0 0.0 0.0 0.0 0.0 0.0 0.0 0.0 1.93715e-06 0.0 0.0 0.0 0.0 5.89788e-05 0.0 0.0 0.0 0.0 0.0 0.965905 0.0 0.131388 0.553731 0.0 0.0 0.0 0.0 0.0 0.000374675 0.0 0.198669 0.0 0.0 0.0 0.0 0.0 0.000478238 0.0 0.0 0.0 0.0 0.0191929 0.0 0.0 0.0 0.0 0.0 0.00232068
0.0 0.0 0.0 0.0 0.0 0.0 0.0 8.04663e-07 0.0 0.0 0.0 0.0 0.0 0.999911 0.0 0.0 0.0 0.0 0.0 0.0 0.0 0.0 0.0 0.0 0.0 0.0 0.0 0.0 0.0 0.0 0.0 0.0 0.0 0.0 0.0 0.0 0.0 0.0 0.0 0.0 0.0 0.0 0.0 0.0 0.0 0.0 0.0 0.0 0.0 0.0 0.0 0.0 0.0 0.0 0.0 0.0 0.0 0.0 0.0 0.0 0.0 0.0 0.0 0.0
0.0 0.0 0.0 0.0 0.181138 0.0 0.958987 0.0 0.0 0.14765 0.0 0.0 0.0 0.0 0.000310242 0.682049 0.0 0.0 0.0 0.000809699 5.71609e-05 0.0 0.0 0.00016886 0.0 0.0 0.0 0.0 0.0 0.0 0.0 0.0 0.0 6.97076e-05 0.0 0.0 0.900934 0.0 0.0 0.0 0.449186 1.49012e-07 0.0 0.0 0.0 0.0 0.0 0.0 0.0 0.984004 0.0 0.0 0.0 0.0 0.000443637 0.0 0.0 0.0 0.0 0.00686702 0.0 0.0 0.0 0.0
0.0 0.0 0.0 0.0 0.982249 0.0 0.0532734 0.0 0.0 0.00268781 0.0 0.0 0.0 0.0 0.0444788 0.670867 0.0 0.0 0.0 3.18885e-06 0.00097698 0.0 0.0 0.263819 0.0 0.0 0.0 0.0 0.0 0.0 0.0 0.0 0.0 4.50015e-06 0.0 0.0 0.00393286 0.0 0.0 0.0 0.818548 0.000739187 0.0 0.0 0.0 0.0 0.0 0.0 0.0 0.00496256 0.0 0.0 0.0 0.0 0.868572 0.0 0.0 0.0 0.0 0.348624 0.0 0.0 0.0 0.0
0.0 0.0 0.0 0.0 0.0 0.0 0.0 0.0 0.0 0.0 0.0 0.0 0.0 0.0 0.0 0.0 0.0 0.0 0.0 0.0 0.0 0.0 0.0 0.0 0.0 0.0 0.0 1.19209e-07 0.0 0.0 0.0 0.0 0.997088 0.0 0.0 0.0 0.0 0.0 0.0 0.0 0.0 0.0 0.0 0.0 0.0 0.0 0.0 1.78814e-07 0.0 0.0 0.0 0.0 0.0 0.000420243 0.0 0.0 0.000344098 0.0 0.0 0.0 0.0 0.0 0.0 0.0
7.15256e-07 0.0 0.0 0.0 0.0 0.0 0.0 0.0 0.0 0.0 0.0 0.0 0.0 0.0 0.0 0.0 0.0 0.0 0.0 0.0 0.0 0.0 0.999997 0.0 0.0 0.0 0.0 0.0 0.0 0.0 0.0 0.0 0.0 0.0 0.0 0.0 0.0 0.0 0.0 0.0 0.0 0.0 1.49012e-06 0.0 0.0 0.0 0.0 0.0 0.0 0.0 0.0 0.0 0.0 0.0 0.0 0.0 0.0 0.0 0.0 0.0 0.0 0.0 0.0 0.0
0.0 0.0 0.000386089 0.0 0.0 0.0 0.0 0.0 0.0 0.0 0.0 0.0302031 0.000936359 0.0 0.0 0.0 0.0 0.0 0.0 0.0 0.0 0.0 0.0 0.0 0.00102556 0.0 0.0 0.0 0.0 0.0 0.0 0.0 0.0 0.0 0.0 0.0562122 0.0 0.000294477 0.0914732 0.0 0.0 0.0 0.0 0.0 0.0221527 0.0 0.00953239 0.0 0.0 0.0 0.0 0.0 0.964436 0.0 0.0 0.0 0.0 0.0676282 0.0 0.0 0.0 0.0 0.0 0.275894
0.0 0.0 0.000438362 0.0 0.0 0.0 0.0 0.0 0.0 0.0 0.0 1.78814e-07 0.990305 0.0 0.0 0.0 0.0 0.0 0.0 0.0 0.0 0.0 0.0 0.0 0.0 0.0 0.0 0.0 0.0 8.04663e-07 0.0 0.0 0.0 0.0 0.0 0.000450492 0.0 3.01003e-06 8.91089e-05 0.0 0.0 0.0 0.0 0.0 9.23872e-07 0.0 2.98023e-06 0.0 0.0 0.0 0.0 0.0 0.000509113 0.0 0.0 0.0 0.0 9.56655e-06 0.0 0.0 0.0 0.0 0.0 1.14739e-05
0.0 0.0 1.46031e-06 0.0 0.0 0.0 0.0 0.0 0.0 0.0 0.0 0.67342 0.000127345 0.0 0.0 0.0 0.0 0.0 0.0 0.0 0.0 0.0 0.0 0.0 0.536818 0.0 0.0 0.0 0.0 0.0 0.0 0.0 0.0 0.0 0.0 0.00681543 0.0 0.0241196 0.629009 0.0 0.0 0.0 0.0 0.0 0.910068 0.0 0.120515 0.0 0.0 0.0 0.0 0.0 0.555092 0.0 0.0 0.0 0.0 0.802306 0.0 0.0 0.0 0.0 0.0 0.971765
0.0 0.0 1.78814e-07 0.0 0.0 0.0 0.0 0.0 1.43051e-06 0.0 0.0 0.0 0.0 0.0 0.0 0.0 0.0 0.0 0.0 0.0 0.0 0.0 0.0 0.0 0.0 0.0 0.0 0.0 0.0 0.000356346 0.0 0.0 0.0 0.0 0.0 0.0 0.0 0.0 0.0 0.0 0.0 0.0 0.0 0.0 0.0 0.123916 0.0 0.00492379 0.0 0.0 0.0 0.0 0.0 7.12872e-05 0.0 0.0 0.000997722 0.0 0.0 0.0 0.0 0.0 0.994375 0.0
0.0 0.0 0.751106 0.0 0.0 0.0 0.0 0.0 0.0 0.0 0.0 0.0 1.78814e-07 0.0 0.0 0.0 0.0 0.0 0.0 0.0 0.0 0.0 0.0 0.0 0.0 0.0 0.0 0.0 0.0 0.913148 0.0 0.0 0.0 0.0 0.0 0.0259977 0.0 9.83477e-07 4.17233e-06 0.0 0.0 0.0 0.0 0.0 0.0 0.0317702 8.64267e-07 4.14252e-05 0.0 0.0 0.0 0.0 1.81794e-06 0.0 0.0 0.0 0.0 4.17233e-07 0.0 0.0 0.0 0.0 4.47035e-07 0.0
0.0 0.0 0.0 0.0 0.64857 0.0 0.98764 0.0 0.0 0.602061 0.0 0.0 0.0 0.0 0.00150397 0.90615 0.0 0.0 0.0 0.0013921 0.000269264 0.0 0.0 0.000998348 0.0 0.0 0.0 0.0 0.0 0.0 0.0 0.0 0.0 1.36793e-05 0.0 0.0 0.904908 0.0 0.0 0.0 0.85889 1.04308e-06 0.0 0.0 0.0 0.0 0.0 0.0 0.0 0.926587 0.0 0.0 0.0 0.0 0.00196147 0.0 0.0 0.0 0.0 0.0461674 0.0 0.0 0.0 0.0
1.04308e-06 0.0 0.0 0.0 0.0 0.0 0.0 0.999604 0.0 0.0 0.0 0.0 0.0 2.38419e-07 0.0 0.0 0.0 0.0 0.0 0.0 0.0 0.0 0.0 0.0 0.0 0.0 0.0 0.0 0.0 0.0 0.0 0.0 0.0 0.0 0.0 0.0 0.0 0.0 0.0 0.0 0.0 0.0 0.0 0.0 0.0 0.0 0.0 0.0 0.0 0.0 0.0 0.0 0.0 0.0 0.0 0.0 0.0 0.0 0.0 0.0 0.0 0.0 0.0 0.0
0.0438696 0.0 0.0 0.0 0.0 0.0 0.0 0.0 0.0 0.0 0.0 0.0 0.0 0.0 0.0 0.0 0.0 0.0 0.0 0.0 0.0 0.0 5.06639e-07 0.0 0.0 0.0 0.0 0.0 0.0 0.0 0.0 0.996823 0.0 0.0 0.0 0.0 0.0 0.0 0.0 0.0 0.0 0.0 0.0 0.0 0.0 0.0 0.0 0.0 0.0 0.0 0.0 0.00475666 0.0 0.0 0.0 0.0 0.0 0.0 0.0 0.0 0.0 0.000315338 0.0 0.0
0.0 0.0 0.0 0.99999 0.0 0.0 0.0 0.0 0.0 0.0 0.0 0.0 0.0 0.0 0.0 0.0 0.0 0.0 0.0 0.0 0.0 0.0 0.0 0.0 0.0 0.0 0.0 0.0 0.0 0.0 0.0 0.0 0.0 0.0 0.0 0.0 0.0 0.0 0.0 0.0 0.0 0.0 0.0 0.0 0.0 0.0 0.0 0.0 0.0 0.0 0.0 0.0 0.0 0.0 0.0 0.0 0.0 0.0 0.0 0.0 0.0 0.0 0.0 0.0
0.0 0.0 0.0 0.0 0.0 0.0 0.0 0.0 0.0 0.0 0.0 0.0 0.0 0.0 0.0 0.0 0.0 0.999099 0.0 0.0 0.0 0.0 0.0 0.0 0.0 0.0 0.0 1.37091e-06 0.0 0.0 0.0 0.0 0.0 0.0 0.0 0.0 0.0 0.0 0.0 3.8743e-07 0.0 0.0 0.0 0.0 0.0 0.0 0.0 0.0 0.0 0.0 1.19209e-07 0.0 0.0 0.0 0.0 0.0 0.0 0.0 0.0 0.0 7.15256e-07 0.0 0.0 0.0
0.0 0.0 0.000303507 0.0 0.0 0.0 0.0 0.0 0.0 0.0 0.0 0.000912249 0.000199854 0.0 0.0 0.0 0.0 0.0 0.0 0.0 0.0 0.0 0.0 0.0 0.00244209 0.0 0.0 0.0 0.0 0.0 0.0 0.0 0.0 0.0 0.0 0.699636 0.0 0.492534 0.976623 0.0 0.0 0.0 0.0 0.0 0.099353 0.0 0.844486 0.0 0.0 0.0 0.0 0.0 0.0137667 0.0 0.0 0.0 0.0 0.630563 0.0 0.0 0.0 0.0 0.0 0.483106
0.0 0.0 0.0 0.0 0.0 0.0 0.0 0.0 0.0 0.0 0.0 0.0 0.0 0.0 0.0 0.0 0.0 0.0 0.0 0.0 0.0 0.0 0.0 0.0 0.0 0.0 0.0 0.0 0.0 0.0 0.0 0.0 0.0 0.0 0.0 0.0 0.0 0.0 0.0 0.0 0.0 0.0 0.0 0.0 0.0 0.0 0.0 0.0 0.0 0.0 0.0 0.0 0.0 0.0 0.0 0.0 0.0 0.0 0.0 0.0 0.0 0.0 0.0 0.0
0.0 0.0 0.0 0.0 0.0 0.0 0.0 0.0 0.998325 0.0 0.0 0.0 0.0 0.0 0.0 0.0 0.0 0.0 0.0 0.0 0.0 0.0 0.0 0.0 0.0 0.0 0.0 0.000851244 0.0 0.0 0.0 0.0 2.98023e-08 0.0 0.0 0.0 0.0 0.0 0.0 4.38094e-06 0.0 0.0 0.0 0.0 0.0 0.0 0.0 1.19209e-07 0.0 0.0 2.98023e-08 0.0 0.0 0.000189394 0.0 0.0 0.000118524 0.0 0.0 0.0 1.04308e-06 0.0 1.77026e-05 0.0
0.0 0.0 0.0 0.0 0.0 0.0 0.0 0.0 0.0 0.0 0.0 0.00192308 3.9041e-06 0.0 0.0 0.0 0.0 0.0 0.0 0.0 0.0 0.0 0.0 0.0 0.252957 0.0 0.0 0.0 0.0 0.0 0.0 0.0 0.0 0.0 0.0 0.000272661 0.0 0.014143 0.589458 0.0 0.0 0.0 0.0 0.0 0.112178 0.0 0.841047 0.0 0.0 0.0 0.0 0.0 0.00212857 0.0 0.0 0.0 0.0 0.250862 0.0 0.0 0.0 0.0 0.0 0.313713
0.0 0.0 0.0 0.0 1.38879e-05 0.0 2.563e-06 0.0 0.0 2.08616e-07 0.0 0.0 0.0 0.0 0.0017994 8.27014e-05 0.0 0.0 0.0 2.08616e-07 0.0121982 0.0 0.0 0.000647008 0.0 0.0 0.0 0.0 0.0 0.0 0.0 0.0 0.0 0.992521 0.0 0.0 3.8743e-07 0.0 0.0 0.0 1.81794e-06 0.0 0.0 0.0 0.0 0.0 0.0 0.0 0.0 2.14577e-06 0.0 0.0 0.0 0.0 1.11461e-05 0.0 0.0 0.0 0.0 0.000896096 0.0 0.0 0.0 0.0
0.0 0.0 0.0 0.0 0.0698189 0.0 5.04553e-05 0.0 0.0 0.00119925 0.0 0.0 0.0 0.0 0.985163 0.00977087 0.0 0.0 0.0 9.96888e-05 0.879065 0.0 0.0 0.975119 0.0 0.0 0.0 0.0 0.0 0.0 0.0 0.0 0.0 0.000804573 0.0 0.0 7.62939e-06 0.0 0.0 0.0 0.00720504 1.10269e-06 0.0 0.0 0.0 0.0 0.0 0.0 0.0 9.35793e-06 0.0 0.0 0.0 0.0 0.358898 0.0 0.0 0.0 0.0 0.0465408 0.0 0.0 0.0 0.0
0.0 0.0 0.139797 0.0 0.0 0.0 0.0 0.0 0.0 0.0 0.0 0.0 0.0 0.0 0.0 0.0 0.0 0.0 0.0 0.0 0.0 0.0 0.0 0.0 0.0 0.0 0.0 0.0 0.0 0.888863 0.0 0.0 0.0 0.0 0.0 0.00127745 0.0 8.9407e-08 2.08616e-07 0.0 0.0 0.0 0.0 0.0 0.0 0.66277 0.0 0.00120521 0.0 0.0 0.0 0.0 0.0 0.0 0.0 0.0 0.0 2.98023e-08 0.0 0.0 0.0 0.0 2.31862e-05 0.0
0.0 0.0 0.031564 0.0 0.0 0.0 0.0 0.0 0.0 0.0 0.0 5.30481e-06 3.24547e-05 0.0 0.0 0.0 0.0 0.0 0.0 0.0 0.0 0.0 0.0 0.0 5.36442e-07 0.0 0.0 0.0 0.0 0.00023219 0.0 0.0 0.0 0.0 0.0 0.981844 0.0 0.0302561 0.300919 0.0 0.0 0.0 0.0 0.0 0.000240773 2.68221e-07 0.0674084 0.0 0.0 0.0 0.0 0.0 0.00226864 0.0 0.0 0.0 0.0 0.00997499 0.0 0.0 0.0 0.0 0.0 0.00198433
0.0 0.0 0.0 0.0 0.0 0.0 0.0 0.0 0.000508845 0.0 0.0 0.0 0.0 0.0 0.0 0.0 0.0 0.0 0.0 0.0 0.0 0.0 0.0 0.0 0.0 0.0 0.0 1.88649e-05 0.0 8.9407e-08 0.0 0.0 0.000221819 0.0 0.0 0.0 0.0 0.0 0.0 0.0 0.0 0.0 0.0 0.0 0.0 9.7841e-05 0.0 0.00140703 0.0 0.0 0.0 0.0 0.0 0.988579 0.0 0.0 0.925413 0.0 0.0 0.0 0.0 0.0 0.00153613 0.0
0.0 0.0 0.0 0.0 0.0 0.0 0.0 0.0 0.0 0.0 0.999948 0.0 0.0 0.0 0.0 0.0 0.0 0.0 0.0 0.0 0.0 0.0 0.0 0.0 0.0 0.0 0.0 0.0 0.0 0.0 0.0 0.0 0.0 0.0 0.0 0.0 0.0 0.0 0.0 0.0 0.0 0.0 0.0 0.0 0.0 0.0 0.0 0.0 0.0 0.0 0.0 0.0 0.0 0.0 0.0 0.0 0.0 0.0 0.0 0.0 0.0 0.0 0.0 0.0
11 46 29 45 43 27 56 47 44 63 24 12 22 50 8 62 52 10 21 37 58 7 39 53 3 51 25 18 33 19 13 17 42 31 26 30 9 40 15 20 32 5 34 1 41 49 36 59 61 0 28 16 4 6 54 14 35 2 60 55 23 48 38 57
