8
0.0 0.0 0.0 3.38256e-05 0.0 0.0 0.0 3.016e-05 0.0 0.0 1.72853e-06 0.0 0.000196755 0.0 1.87755e-06 3.27826e-07 0.0 0.0 0.0 0.0 5.57303e-06 1.02818e-05 0.0 0.0 0.0 0.0 0.0 7.56383e-05 1.49012e-07 9.41455e-05 0.0 0.0 0.0 0.0 0.0 0.0 0.0 6.73532e-06 0.0 0.0 0.0 0.0 0.0 5.75185e-06 0.0 0.997371 0.0 0.0 0.0 0.0 0.0 0.0 4.14252e-06 0.0 0.0 0.0 0.0 0.000938654 0.0 0.0 0.0 0.0 0.0 0.0
0.0 0.0 0.0 0.0 0.0 0.0 0.0 0.0 0.0 0.0 0.0 0.0 0.0 0.0 0.0 0.0 0.0 0.0 0.0 0.0 0.0 0.0 0.00374264 3.8743e-07 0.0 8.9407e-08 0.0 0.0 0.0 0.0 0.0 0.0 0.0 0.0 0.0 1.63913e-05 0.0 0.000888348 0.0 0.0 0.0 0.0 0.0 0.0 0.0 0.0 0.0 0.0 2.37823e-05 0.0 0.0 0.0 0.0 0.0 0.0 0.0 0.0 0.0 0.0 0.0 0.0 0.0 1.78814e-07 0.0
0.0 0.00354466 0.000323623 0.0 0.0 0.0 0.0 0.0 2.38419e-06 0.0 0.0 0.15705 0.0 0.0 0.0 0.0 0.0 0.0 0.0 0.0 0.0 0.0 0.0 0.0 1.84774e-06 0.0 0.0 0.0 0.0 0.0 3.30806e-06 8.81255e-05 0.0 0.0 2.98023e-07 0.0 0.0 0.0 4.55379e-05 4.43459e-05 0.0 0.0 0.0 0.0 0.0 0.0 0.0 0.0 0.0 0.0 0.0 0.0 0.0 0.0 0.0 0.0 0.0 0.0 1.2219e-06 0.0 0.0 0.0 0.0 0.0
0.0 0.0 0.0 0.0196837 0.0 0.0 0.0 0.784525 0.0 0.00369057 0.027309 0.0 1.0 1.19209e-07 0.0783724 0.000151277 0.000260085 0.0 2.38419e-07 0.0 0.00137994 0.044879 0.0 0.000346839 0.0 3.27826e-07 5.96046e-08 0.0114614 8.9407e-08 0.011622 0.0 0.0 0.0 0.00326994 0.0 0.0 2.98023e-08 0.381747 0.0 0.0 0.0 0.0 0.0 0.942391 0.0 0.466209 0.0 3.27826e-06 8.64267e-07 0.0 0.0 5.66244e-07 2.38717e-05 0.0 0.0 0.0 0.00022468 0.979589 0.0 0.0 0.0 0.0 0.316859 0.00025329
0.0 0.0 2.98023e-08 0.0 0.0 0.0 0.0 0.0 1.19209e-07 0.0 0.0 0.0 0.0 0.0 0.0 0.0 0.0 9.08971e-06 0.0 2.20537e-06 0.0 0.0 0.0 0.000889063 0.0 0.0 0.0 0.0 0.0 0.0 1.49012e-07 0.0 0.0 0.0 0.0 0.0 0.0 0.0 0.0 0.0 0.0 0.0 0.0 0.0 5.66244e-07 0.0 0.350581 1.04308e-06 0.0 0.0 1.0 1.19209e-07 0.0 0.0 0.0 0.0 0.0 0.0 0.0 0.0 0.0 1.46031e-06 0.0 0.0
0.0 0.0 0.0 0.0 0.0 1.78814e-06 0.0 0.0 0.0 0.0 0.0 0.0 0.0 0.0 0.0 0.0 0.0 0.0 0.0 0.0 0.0 0.0 0.0 0.0 0.0 0.0 0.0 0.0 0.0 0.0 0.0 0.0 0.0 0.0 0.0 0.0 0.0 0.0 0.0 0.0 0.0 0.0 0.0 0.0 0.0 0.0 0.0 0.0 0.0 0.0 0.0 0.0 0.0 0.0 0.0 0.0 0.0 0.0 0.0 0.999844 0.0 0.0 0.0 0.0
0.0 4.08292e-05 6.28829e-06 0.0 0.0 0.0 0.0 0.0 0.0 0.0 0.0 5.0962e-06 0.0 0.0 0.0 0.0 0.0 0.0 0.0 0.0014329 0.0 0.0 0.0 0.0 0.0 0.0 0.0 0.0 0.0 0.0 0.0 1.78814e-07 0.0 0.0 0.999574 0.0 0.0 0.0 0.0 0.0 0.0 0.0 0.0 0.0 0.0 0.0 0.0 0.0 0.0 0.0 0.0 0.0 0.0 0.0 0.0 0.0 0.0 0.0 0.0 0.0 0.0 0.0 0.0 0.0
0.0 0.0 0.0 0.992407 0.0 0.0 0.0 0.0 0.0 0.0 0.00329098 0.0 3.57628e-06 0.0 0.000100046 0.394533 0.0 0.0 0.0 0.0 1.99676e-06 0.000430465 0.0 0.0 0.0 0.0 0.0 0.031429 0.0 0.000471622 0.0 0.0 0.0 4.76837e-07 0.0 0.0 0.00706661 0.0 0.0 0.0 0.0 0.0 0.0 6.25849e-07 0.0 1.05202e-05 0.0 0.0 0.0 0.0 0.0 0.0 8.04663e-07 0.0 0.0 0.0 0.0 0.00116065 0.0 0.0 0.0 0.0 0.0 0.0
0.0 0.0 0.0 4.47035e-07 0.0 0.0 0.0 5.42402e-06 0.0 3.9041e-05 1.49012e-07 0.0 0.0606559 0.0 2.32458e-05 8.9407e-08 0.0 0.0 1.19209e-07 0.0 2.08616e-07 1.19209e-07 0.0 0.0 0.0 0.0 8.9407e-08 0.0 0.0 2.98023e-07 0.0 0.0 0.0 0.0 0.0 0.0 0.0 0.000147521 0.0 0.0 0.0 0.0 0.0 0.000277221 0.0 1.32024e-05 0.0 0.0 0.0 0.0 0.0 1.49012e-07 0.0 0.0 0.0 0.0 4.17233e-07 0.000281662 0.0 0.0 0.0 0.0 0.00091818 5.96046e-08
0.0 0.0 0.0 0.0 0.0 0.0 0.0 2.6226e-06 0.0 0.0 0.0 0.0 8.9407e-08 0.0 0.0 0.0 4.47035e-07 8.96156e-05 0.0 0.0 0.0 0.0 0.0 0.999997 0.0 5.96046e-08 0.0 0.0 2.38419e-06 0.0 0.0 0.0 0.0 0.0 0.0 1.01328e-06 0.0 0.0 0.0 0.0 0.0 0.0 0.00845826 0.0 0.0 0.0 2.98023e-07 0.0169051 0.0 0.0 1.41859e-05 0.0 0.0 0.0 0.0 0.0 0.0 0.0 0.0 0.0 0.0 5.27501e-06 8.9407e-08 0.0
1.49012e-07 0.0 0.0 0.0 0.0 0.0 0.0 0.0 0.0 0.999815 0.0 0.0 0.0 0.0 0.0 0.0 0.0 0.0 0.0 0.0 0.0 0.0 0.0 0.0 0.0 0.0 0.0 0.0 0.0 0.0 0.0 0.0 0.0 0.0 0.0 0.0 0.0 0.0 0.0 0.0 0.0 0.0 0.0 0.0 0.0 0.0 0.0 0.0 0.0 0.0 0.0 0.0 0.0 0.0 0.0 0.0 0.0 0.0 0.0 0.0 0.0 0.0 1.78814e-07 2.08616e-07
0.0 0.0 0.0 0.0 0.0 0.0 0.0 0.0 0.0 0.0 0.0 0.0 1.16229e-06 0.0 0.0 0.0 1.19209e-07 0.0 1.77622e-05 0.0 0.0 0.0 0.0 0.0 0.0 0.0 0.000213742 0.0 0.0 0.0 0.0 0.0 0.0 0.0 0.0 0.0 0.0 0.0 0.0 0.0 0.0 1.19209e-07 0.0 0.0 0.0 0.0 0.0 0.0 0.0 0.0 0.0 0.0 0.0 0.0 2.08616e-07 0.0 0.999871 0.0 0.0 0.0 0.0 0.0 0.0 6.25849e-07
0.0 0.0 0.0 0.00417966 0.0 0.0 0.0 8.64267e-07 0.0 0.0 0.996399 0.0 5.34356e-05 0.0 0.00155792 0.0447917 0.0 0.0 0.0 0.0 3.8445e-06 0.003335 0.0 0.0 0.0 0.0 0.0 0.000166029 0.0 0.0012002 0.0 0.0 0.0 0.0 0.0 0.0 3.39746e-06 0.0 0.0 0.0 0.0 0.0 0.0 7.15256e-06 0.0 2.08616e-06 0.0 0.0 0.0 0.0 0.0 0.0 6.16908e-06 0.0 0.0 0.0 0.0 0.0131399 0.0 0.0 0.0 0.0 0.0 0.0
0.0 0.0 0.0 0.0 0.0 0.0 0.0 0.0 0.0 0.0 0.0 0.0 0.0 0.0 0.0 0.0 8.9407e-08 8.9407e-08 0.0 0.0 0.0 0.0 5.60284e-06 0.0 0.0 0.0 4.73857e-06 0.0 0.0 0.0 0.0 0.0 0.0 0.0 0.0 0.0 0.0 0.0 0.0 0.0 0.0 0.0 0.0 0.0 0.0 0.0 0.0 0.0 0.0 0.0 3.01003e-06 0.999971 0.0 0.0 0.0 0.0 0.0 0.0 0.0 0.0 0.0 0.0 5.96046e-08 0.0
0.0 0.0 0.0 0.0 0.0 0.0 0.993953 0.0 0.0 0.0 0.0 0.0 0.0 0.0 0.0 0.0 0.0 2.98023e-08 0.0 0.0 0.0 0.0 9.26852e-06 0.0 0.0 0.0 0.0 0.0 0.0 0.0 0.0 0.0 0.0 0.0 0.0 3.27826e-07 0.0 0.0 0.0 0.0 0.0 0.0 0.0 0.0 2.563e-06 0.0 0.0 0.0 0.0 0.0 0.0 1.10269e-06 0.0 0.0 0.0 0.0 0.0 0.0 0.0 0.0 0.0 0.0722326 0.0 0.0
0.0 0.0 0.0 0.0 0.0 0.0 0.0 0.0 0.0 0.0 0.0 0.0 0.0 0.0 0.0 0.0 0.999849 5.96046e-08 0.0 0.0 0.0 0.0 0.0 1.49012e-07 0.0 0.0 0.0 0.0 0.0 0.0 0.0 0.0 0.0 0.0 0.0 0.0 0.0 0.0 0.0 0.0 0.0 0.0 0.0 0.0 0.0 0.0 0.0 0.0 2.38419e-07 0.0 0.0 0.0 0.0 0.0 0.0 0.0 0.0 0.0 0.0 0.0 0.0 2.98023e-08 0.0 2.68221e-07
0.0 0.0 0.0 0.0 0.0 0.0 0.0 0.0 0.0 0.0 0.0 0.0 0.0 0.0 0.0 0.0 0.0 0.0 0.994911 0.0 0.0 0.0 2.98023e-08 0.0 0.0 0.0 0.0117868 0.0 0.0 0.0 0.0 0.0 0.0 0.0 0.0 0.0 0.0 0.0 0.0 0.0 0.0 0.0 0.0 0.0 0.0 0.0 0.0 0.0 5.96046e-08 0.0 0.0 2.98023e-07 0.0 0.0 3.8743e-07 0.0 2.43783e-05 0.0 0.0 0.0 0.0 0.0 0.0 0.0
5.96046e-08 0.0 0.0 0.0 0.0 0.0 0.0 0.0 0.0 0.0 0.0 0.0 0.0 0.999896 0.0 0.0 0.0 8.9407e-08 0.0 0.0 0.0 0.0 0.0446331 0.0 0.0 2.98023e-08 5.96046e-08 0.0 0.0 0.0 0.0 0.0 0.0 0.0 0.0 5.96046e-08 0.0 2.98023e-08 0.0 0.0 0.0 0.0 0.0 0.0 1.19209e-07 0.0 0.0 0.0 1.19209e-07 0.0 0.0 0.0 0.0 0.0 0.0 0.0 0.0 0.0 0.0 0.0 0.0 8.9407e-08 2.26498e-06 2.38419e-07
0.0 0.0 0.0 0.0 0.0 0.0 0.0 1.78814e-07 0.0 1.2815e-06 0.0 0.0 7.70986e-05 2.68221e-07 5.96046e-08 0.0 0.0 0.0 0.0 0.0 0.0 0.0 9.83477e-07 2.77162e-06 0.0 0.0 3.36766e-06 0.0 0.0 0.0 0.0 0.0 0.0 0.0 0.0 0.0 0.0 2.98023e-08 0.0 0.0 0.0 0.0 0.0 0.0 0.0 0.0 0.0 0.0 0.0 0.0 0.0 4.16338e-05 0.0 0.0 0.0 0.0 0.0 0.0 0.0 0.0 0.0 0.0 0.998533 1.78814e-07
0.0 0.0 0.0 0.0 0.0 0.0 0.0 0.0 0.0 0.0 0.0 0.0 0.0 0.0 1.19209e-07 0.0 0.0 0.0 0.0 0.0 0.0 0.0 0.0 3.42727e-06 0.0 0.0 0.0 0.0 0.999559 0.0 0.0 0.0 0.0 0.0 0.0 0.0 0.0 0.0 0.0 0.0 0.0 0.0 2.08616e-07 0.0 0.0 0.0 0.0 6.86944e-05 0.0 0.0 0.0 0.0 0.0 0.0 0.0 0.0 0.0 0.0 0.0 0.0 0.0 8.9407e-08 0.0 0.0
0.0 0.0 0.0 0.0269507 0.0 0.0 0.0 0.00320724 0.0 0.0 0.0097937 0.0 0.0892479 0.0 0.0108728 3.49879e-05 0.0 0.0 0.0 0.0 7.20918e-05 0.323092 0.0 0.0 0.0 0.0 0.0 0.00171044 1.19209e-07 0.0401597 0.0 0.0 0.0 2.98023e-08 0.0 0.0 1.78814e-07 0.0 0.0 0.0 0.0 0.0 0.0 2.65241e-06 0.0 0.00826865 0.0 0.0 0.0 0.0 0.0 0.0 8.36551e-05 0.0 0.0 0.0 0.0 0.98571 0.0 0.0 0.0 0.0 0.0 0.0
0.0 0.0 0.0 0.0952577 0.0 0.0 0.0 0.0 0.0 0.0 0.00223505 0.0 0.0 0.0 7.27177e-06 0.989951 0.0 0.0 0.0 0.0 2.95043e-06 4.17233e-07 0.0 0.0 0.0 0.0 0.0 0.00064677 0.0 2.68221e-07 0.0 0.0 0.0 0.0 0.0 0.0 0.00617602 0.0 0.0 0.0 0.0 0.0 0.0 8.9407e-08 0.0 0.0 0.0 0.0 0.0 0.0 0.0 0.0 0.0 0.0 0.0 0.0 0.0 5.33462e-06 0.0 0.0 0.0 0.0 0.0 0.0
0.0 1.75834e-06 3.27826e-07 0.0 0.0 0.0 0.0 0.0 0.0 0.0 0.0 0.0 0.0 0.0 0.0 0.0 0.0 5.96046e-08 0.0 0.999999 0.0 0.0 0.0 1.90735e-06 0.0 0.0 0.0 0.0 0.0 0.0 0.0 0.0 0.0 0.0 0.00467864 2.98023e-08 0.0 0.0 5.96046e-08 0.0 0.0 0.0 0.0 0.0 0.0 0.0 4.26173e-06 0.0 0.0 0.0 3.28124e-05 1.49012e-07 0.0 1.96695e-06 0.0 0.0 0.0 0.0 0.0 0.0 0.0 1.49012e-07 0.0 0.0
0.0 2.5332e-06 0.00161648 0.0 0.0 0.0 0.0 0.0 0.0 0.0 0.0 0.0 0.0 0.0 0.0 0.0 0.0 7.7486e-07 0.0 0.0 0.0 0.0 7.7486e-07 0.0 0.0 0.0 0.0 0.0 0.0 0.0 0.999268 2.01464e-05 0.0 0.0 0.0 0.0 0.0 0.0 1.81794e-06 0.0 0.0 0.0 0.0 0.0 0.00053364 0.0 0.00166458 0.0 0.0 0.0 1.63913e-06 0.0 0.0 0.0 0.0 0.0 0.0 0.0 0.0 0.0 0.0 8.9407e-08 0.0 0.0
0.0 0.0 0.0 0.0 0.0 0.0 0.0 0.0 0.0 0.0 0.0 0.0 0.0 0.0 0.0 0.0 0.0 0.0 0.0 0.0 0.0 0.0 0.0 0.0 0.000614345 0.0 0.0 0.0 0.0 0.0 0.0 0.0 0.0 0.0 0.0 0.0 0.0 0.0 1.13845e-05 1.5229e-05 0.0 0.0 0.0 0.0 0.0 0.0 0.0 0.0 0.0 0.0 0.0 0.0 0.0 0.0 2.02656e-06 0.0 0.0 0.0 0.999926 0.0 0.0 0.0 0.0 0.0
0.0 0.0 0.0 1.09971e-05 0.0 0.0 0.0 7.95126e-05 0.0 9.53674e-07 5.27799e-05 0.0 0.0289147 0.0 6.25849e-07 4.11272e-06 2.98023e-08 0.0 0.0 0.0 2.08616e-07 1.19209e-07 0.0 0.0 0.0 0.0 0.0 1.51694e-05 0.0 0.0 0.0 0.0 0.0 1.49012e-07 0.0 0.0 0.0 0.00108504 0.0 0.0 0.0 0.0 0.0 0.999986 0.0 2.70605e-05 0.0 0.0 0.0 0.0 0.0 0.0 5.72205e-06 0.0 0.0 0.0 0.0 3.48687e-05 0.0 0.0 0.0 0.0 0.0 8.9407e-08
0.0 0.0 0.0 0.0 0.0 0.0 0.0 5.96046e-08 0.0 0.0 0.0 0.0 0.0 0.0 0.0 0.0 0.0 8.37445e-05 0.0 0.0 0.0 0.0 0.0 0.000269115 0.0 5.57303e-06 0.0 0.0 1.63913e-06 0.0 0.0 0.0 0.0 0.0 0.0 1.80602e-05 0.0 0.0 0.0 0.0 0.0 0.0 0.991468 0.0 0.0 0.0 0.0 1.15335e-05 0.0 0.0 0.0 0.0 0.0 0.0 0.0 0.0 0.0 0.0 0.0 0.0 0.0 0.000340968 0.0 0.0
0.0 0.0 0.0 6.25849e-07 0.0 0.0 0.0 3.30508e-05 0.0 0.0 3.57628e-06 0.0 4.64916e-06 0.0 0.000399828 1.01328e-06 0.0 0.0 0.0 0.0 0.999983 2.68221e-07 0.0 0.0 0.0 0.0 0.0 2.98023e-08 3.27826e-07 6.97374e-06 0.0 0.0 0.0 0.0 0.0 0.0 0.0 0.0 0.0 0.0 0.0 0.0 0.0 3.27826e-07 0.0 6.70552e-06 0.0 0.0 0.0 0.0 0.0 0.0 8.9407e-08 0.0 0.0 0.0 0.0 0.000127733 0.0 0.0 0.0 0.0 0.0 0.0
0.0 0.0 0.0 0.000588983 0.0 2.68221e-07 0.0 0.0 0.0 0.0 1.65701e-05 0.0 0.0 0.0 1.19209e-07 0.000564724 0.0 0.0 0.0 0.0 0.0 1.10269e-06 0.0 0.0 0.0 0.0 0.0 1.46627e-05 0.0 8.9407e-08 0.0 0.0 0.0 8.9407e-08 0.0 0.0 0.999924 0.0 0.0 0.0 0.0 0.0 0.0 0.0 0.0 0.0 0.0 0.0 0.0 0.0 0.0 0.0 1.78814e-07 0.0 0.0 0.0 0.0 1.10269e-06 0.0 0.0 0.0 0.0 0.0 0.0
0.0 0.0 0.0 0.00971007 0.0 0.0 0.0 1.51992e-06 0.0 0.0 0.00107056 0.0 1.19209e-06 0.0 6.94394e-06 0.00238854 0.0 0.0 0.0 0.0 0.0 0.0230913 0.0 0.0 0.0 0.0 0.0 0.996022 0.0 1.59442e-05 0.0 0.0 0.0 0.0 0.0 0.0 1.30236e-05 0.0 0.0 0.0 0.0 0.0 0.0 5.96046e-08 0.0 9.38773e-06 0.0 0.0 0.0 0.0 0.0 0.0 9.23872e-07 0.0 0.0 0.0 0.0 0.000393808 0.0 0.0 0.0 0.0 0.0 0.0
0.0 0.000391573 0.000172496 0.0 0.0 0.0 0.0 0.0 0.0 0.0 0.0 0.0 0.0 0.0 0.0 0.0 0.0 0.0 0.0 0.0 0.0 0.0 0.0 0.0 0.0 0.0 0.0 0.0 0.0 0.0 3.12328e-05 0.049354 0.0 0.0 0.0 0.0 0.0 0.0 0.997057 0.0 0.0 0.0 0.0 0.0 9.40859e-05 0.0 0.0 0.0 0.0 0.0 0.0 0.0 0.0 0.0 0.0 0.0 0.0 0.0 4.76837e-07 0.0 0.0 0.0 0.0 0.0
0.0 0.974121 0.00527826 0.0 0.0 0.0 0.0 0.0 0.0 0.0 0.0 4.29153e-06 0.0 0.0 0.0 0.0 0.0 0.0 0.0 0.0 0.0 0.0 0.0 0.0 0.0 0.0 0.0 0.0 0.0 0.0 3.76403e-05 0.869932 0.0 0.0 6.85453e-07 0.0 0.0 0.0 0.0819655 0.0 0.0 0.0 0.0 0.0 1.5974e-05 0.0 0.0 0.0 0.0 0.0 0.0 0.0 0.0 0.0 0.0 0.0 0.0 0.0 0.0 0.0 0.0 0.0 0.0 0.0
0.0 0.0 0.0 0.0 0.0 0.0 0.0 0.0 1.0 0.0 0.0 2.08616e-07 0.0 0.0 0.0 0.0 0.0 0.0 0.0 0.0 0.0 0.0 0.0 0.0 0.0 0.0 0.0 0.0 0.0 0.0 0.0 0.0 0.0 0.0 0.0 0.0 0.0 0.0 0.0 0.0 0.0 0.0 0.0 0.0 0.0 0.0 0.0 0.0 0.0 0.0 0.0 0.0 0.0 0.0 0.0 0.0 0.0 0.0 0.0 0.0 0.0 0.0 0.0 0.0
0.0 0.0 0.0 0.0 0.0 0.0 0.0 0.0 0.0 0.0 0.0 0.0 0.0 0.0 0.0 0.0 0.0 0.0 0.0 0.0 0.0 0.0 0.0 0.0 0.0 0.0 0.0 0.0 0.0 0.0 0.0 0.0 0.0 0.0 0.0 0.0 0.0 0.0 0.0 0.0 0.0 0.0 0.0 0.0 0.0 0.0 0.0 0.0 0.0 0.0 0.0 0.0 0.0 0.0 0.0 0.999992 0.0 0.0 0.0 2.38419e-07 0.0 0.0 0.0 0.0
0.0 4.76837e-07 2.5332e-05 0.0 0.0 0.0 0.0 0.0 0.0 0.0 0.0 0.0 0.0 0.0 0.0 0.0 0.0 0.00122067 0.0 0.0 0.0 0.0 0.0751732 0.0 0.0 0.0 0.0 0.0 0.0 0.0 0.000207603 7.45058e-06 0.0 0.0 0.0 1.10269e-05 0.0 0.0 3.57628e-07 0.0 0.0 0.0 0.0 0.0 0.999961 0.0 5.96046e-08 0.0 0.0 0.0 1.19209e-07 0.0 0.0 0.0 0.0 0.0 0.0 0.0 0.0 0.0 0.0 0.00251076 0.0 0.0
0.0 0.0 0.0 0.0 0.0 0.0 0.0 0.0 0.0 0.0 0.0 0.0 0.0 0.0 0.0 0.0 8.9407e-08 0.0 0.0351725 0.0 0.0 0.0 1.49012e-07 0.0 0.0 0.0 0.99896 0.0 0.0 0.0 0.0 0.0 0.0 0.0 0.0 0.0 0.0 0.0 0.0 0.0 0.0 0.0 0.0 0.0 0.0 0.0 0.0 0.0 0.0 0.0 0.0 9.92715e-05 0.0 0.0 8.9407e-08 0.0 1.62125e-05 0.0 0.0 0.0 0.0 0.0 1.46031e-06 0.0
0.0 0.0 4.05312e-06 0.0 0.0 0.0 0.0 0.0 0.0 0.0 0.0 0.0 0.0 0.0 0.0 0.0 0.0 0.000300974 0.0 1.78814e-07 0.0 0.0 0.0 3.30806e-06 0.0 0.0 0.0 0.0 0.0 0.0 0.000298262 0.0 0.0 0.0 8.9407e-08 6.25849e-07 0.0 0.0 0.0 0.0 0.0 0.0 0.0 0.0 7.15256e-07 0.0 0.97095 0.0 0.0 0.0 0.159394 0.0 0.0 0.0 0.0 0.0 0.0 0.0 0.0 0.0 0.0 1.57952e-06 0.0 0.0
0.0 0.0 0.0 0.0 0.0 0.0 0.0 0.0 0.0 0.0 0.0 0.0 0.0 0.0 0.0 0.0 0.0 0.0 0.0 0.0 0.0 0.0 0.0 0.0 0.118262 0.0 0.0 0.0 0.0 0.0 0.0 0.0 0.0 0.0 0.0 0.0 0.0 0.0 0.0 0.999979 0.0 0.0 0.0 0.0 0.0 0.0 0.0 0.0 0.0 0.0 0.0 0.0 0.0 0.0 0.0 0.0 0.0 0.0 1.19209e-07 0.0 0.0 0.0 0.0 0.0
0.0 0.0 0.0 0.0 0.0 0.0 0.0 0.0 0.0 0.0 0.0 0.000250161 0.0 0.0 0.0 0.0 0.0 0.0 0.0 1.20103e-05 0.0 0.0 0.0 0.0 0.0 0.0 0.0 0.0 0.0 0.0 0.0 0.0 0.0 0.0 0.0302964 0.0 0.0 0.0 0.0 0.0 0.0 0.0 0.0 0.0 0.0 0.0 0.0 0.0 0.0 0.0 0.0 0.0 0.0 0.0 0.0 0.0 0.0 0.0 0.0 0.0 0.0 0.0 0.0 0.0
0.0 0.0 0.0 0.0 0.0 0.0 0.0 0.0 0.0 0.0 0.0 0.0 0.0 0.0 0.0 0.0 0.0 0.0 0.0 0.0 0.0 0.0 0.0 0.0 0.999928 0.0 0.0 0.0 0.0 0.0 0.0 8.9407e-08 0.0 0.0 0.0 0.0 0.0 0.0 1.49012e-06 0.166097 0.0 0.0 0.0 0.0 0.0 0.0 0.0 0.0 0.0 0.0 0.0 0.0 0.0 0.0 2.08616e-07 0.0 0.0 0.0 0.000107229 0.0 0.0 0.0 0.0 0.0
0.0 0.0 0.0 0.0 0.0 0.0 0.0 0.0 0.0 0.0 0.0 0.0 0.0 0.0 0.0 0.0 0.0 0.0 0.0 0.0 0.0 0.0 0.0 0.0 0.0 0.0 0.0 0.0 0.0 0.0 0.0 0.0 0.0 0.0 0.0 0.0 0.0 0.0 0.0 0.0 0.0 0.0 0.0 0.0 0.0 0.0 0.0 0.0 0.0 0.999787 0.0 0.0 0.0 0.0 0.0 0.0 0.0 0.0 0.0 0.0 0.0 0.0 0.0 0.0
0.999991 0.0 0.0 0.0 0.0 0.0 0.0 0.0 0.0 0.0 0.0 0.0 0.0 0.0 0.0 0.0 0.0 0.0 0.0 0.0 0.0 0.0 0.0 0.0 0.0 0.0 0.0 0.0 0.0 0.0 0.0 0.0 0.0 0.0 0.0 0.0 0.0 0.0 0.0 0.0 0.0 1.33216e-05 0.0 0.0 0.0 0.0 0.0 0.0 0.0 0.0 0.0 0.0 0.0 0.0 0.0 0.0 0.0 0.0 0.0 0.0 0.0 0.0 0.0 1.44541e-05
0.0 0.0 0.0 0.00276217 0.0 0.0 0.0 0.258568 0.0 2.98023e-08 0.0149846 0.0 0.587084 0.0 0.00373307 4.72963e-05 0.0 0.0 0.0 0.0 6.55949e-05 0.000658095 0.0 0.0 0.0 0.0 0.0 0.000386566 1.19209e-07 0.000643492 0.0 0.0 0.0 0.0 0.0 0.0 0.0 1.33812e-05 0.0 0.0 0.0 0.0 0.0 0.000674158 0.0 0.0982795 0.0 0.0 0.0 0.0 0.0 0.0 2.58982e-05 0.0 0.0 0.0 0.0 0.66663 0.0 0.0 0.0 0.0 0.0 0.0
0.0 0.0 0.0 0.0 0.0 0.0 0.0 1.69277e-05 0.0 0.0 0.0 0.0 4.61042e-05 7.7486e-07 0.0 0.0 0.0 0.0 0.0 0.0 0.0 0.0 1.49012e-07 0.0 0.0 4.47035e-07 0.0 0.0 0.0 0.0 0.0 0.0 0.0 0.0 0.0 0.0 0.0 1.0 0.0 0.0 0.0 0.0 0.0 0.00821435 0.0 2.6077e-05 0.0 0.0 0.000175238 0.0 0.0 0.0 0.0 0.0 0.0 0.0 0.0 0.0 0.0 0.0 0.0 0.0 0.0 2.98023e-08
0.0 0.0200283 0.996898 0.0 0.0 0.0 0.0 0.0 0.0 0.0 0.0 0.0 0.0 0.0 0.0 0.0 0.0 0.0 0.0 0.0 0.0 0.0 0.0 0.0 0.0 0.0 0.0 0.0 0.0 0.0 0.0029082 0.0304744 0.0 0.0 1.65701e-05 0.0 0.0 0.0 3.93391e-06 0.0 0.0 0.0 0.0 0.0 2.24113e-05 0.0 2.08616e-06 0.0 0.0 0.0 0.0 0.0 0.0 0.0 0.0 0.0 0.0 0.0 0.0 0.0 0.0 0.0 0.0 0.0
0.0 0.0 0.0 0.0 0.0 0.0 0.0 0.0 0.0 0.0 0.0 0.0 0.0 0.0 0.0 0.0 0.0 0.0 0.0 0.0 0.0 0.0 1.19209e-07 0.0 0.0 0.0 0.0 0.0 0.0 0.0 0.0 0.0 0.999691 0.0 0.0 0.0 0.0 0.0 0.0 0.0 0.0 0.0 0.0 0.0 0.0 0.0 0.0 0.0 0.0 0.0 0.0 0.0 0.0 0.0 0.0 0.0 0.0 0.0 0.0 0.0 0.0 8.9407e-08 0.0 0.0
0.0 0.944556 0.115116 0.0 0.0 0.0 0.0 0.0 0.0 0.0 0.0 1.49012e-07 0.0 0.0 0.0 0.0 0.0 0.0 0.0 0.0 0.0 0.0 0.0 0.0 0.0 0.0 0.0 0.0 0.0 0.0 7.7188e-05 0.997667 0.0 0.0 1.78814e-07 0.0 0.0 0.0 0.00810707 0.0 0.0 0.0 0.0 0.0 8.61287e-06 0.0 0.0 0.0 0.0 0.0 0.0 0.0 0.0 0.0 0.0 0.0 0.0 0.0 0.0 0.0 0.0 0.0 0.0 0.0
0.0 0.0 0.0 0.0 0.0 0.0 0.0 0.0 0.0 0.0 0.0 0.0 0.0 0.0 0.0 0.0 0.0 0.0 0.0 0.0 0.0 0.0 0.0 0.0 0.0 0.0 0.0 0.0 0.0 0.0 0.0 0.0 0.0 0.0 0.0 0.0 0.0 0.0 0.0 0.0 0.0 0.0 0.0 0.0 0.0 0.0 0.0 0.0 0.0 0.0 0.0 0.0 0.0 0.0 0.0 0.0 0.0 0.0 0.0 0.0 0.999599 0.0 0.0 0.0
0.0 0.0 0.0 0.0 0.0 0.0 0.0 0.0 0.0 0.0 0.0 0.0 0.0 0.0 0.0 0.0 0.0 0.0 0.0 0.0 0.0 0.0 0.0 0.0 0.0 0.0 0.0 0.0 0.0 0.0 0.0 0.0 0.0 0.0 0.0 0.0 0.0 0.0 0.0 0.0 0.99953 0.0 0.0 0.0 0.0 0.0 0.0 0.0 0.0 0.0 8.9407e-08 0.0 0.0 0.0 0.0 0.0 0.0 0.0 0.0 0.0 0.0 0.0 0.0 0.0
0.0 0.0 0.0 0.0 0.999987 0.0 0.0 0.0 0.0 0.0 0.0 0.0 0.0 0.0 0.0 0.0 0.0 0.0 8.9407e-08 0.0 0.0 0.0 0.0 0.0 0.0 0.0 0.0 0.0 0.0 0.0 0.0 0.0 0.0 0.0 0.0 0.0 0.0 0.0 0.0 0.0 0.0 0.0 0.0 0.0 0.0 0.0 0.0 0.0 0.0 0.0 0.0 0.0 0.0 0.0 2.14577e-06 0.0 0.0 0.0 0.0 0.0 0.0 0.0 0.0 0.0
0.0 0.0 0.0 0.0 0.0 0.0 0.0 0.0 0.0 0.0 0.0 0.0 0.0 0.0 0.0 0.0 0.0 5.96046e-08 0.0 0.0 0.0 0.0 2.77162e-06 0.0 0.0 0.0 0.0 0.0 0.0 0.0 0.0 0.0 0.0 0.0 0.0 0.0 0.0 0.0 0.0 0.0 0.0 0.0 0.0 0.0 0.000234634 0.0 0.0 0.0 0.0 0.0 0.0 0.0 0.0 0.0 0.0 0.0 0.0 0.0 0.0 0.0 0.0 0.00043425 0.0 0.0
0.0 0.0 0.0 4.97103e-05 0.0 0.0 0.0 2.77162e-06 0.0 0.0 0.000192106 0.0 2.00868e-05 0.0 0.99878 3.01898e-05 0.0 0.0 0.0 0.0 0.0041703 0.00110993 0.0 0.0 0.0 3.57628e-07 0.0 8.16584e-06 1.51992e-06 2.00272e-05 0.0 0.0 0.0 0.0 0.0 0.0 0.0 0.0 0.0 0.0 0.0 0.0 0.0 0.0 0.0 4.55976e-06 0.0 0.0 0.0 0.0 0.0 0.0 6.82473e-06 0.0 0.0 0.0 0.0 0.0154225 0.0 0.0 0.0 0.0 1.19209e-07 0.0
0.0 0.0 0.0 0.0 0.0 0.0 0.0 3.8743e-07 0.0 0.0 0.0 0.0 0.0 0.0 0.0 0.0 0.0 2.98023e-08 0.0 0.0 0.0 0.0 0.0 0.0428995 0.0 0.0 0.0 0.0 2.25604e-05 0.0 0.0 0.0 0.0 0.0 0.0 0.0 0.0 0.0 0.0 0.0 0.0 0.0 7.06911e-05 0.0 0.0 0.0 0.0 0.997543 0.0 0.0 5.96046e-08 0.0 0.0 0.0 0.0 0.0 0.0 0.0 0.0 0.0 0.0 2.77162e-06 0.0 0.0
0.0 3.26335e-05 0.0 0.0 0.0 0.0 0.0 0.0 0.0 0.0 0.0 0.999892 0.0 0.0 0.0 0.0 0.0 0.0 0.0 0.0 0.0 0.0 0.0 0.0 0.0 0.0 0.0 0.0 0.0 0.0 0.0 1.40071e-06 0.0 0.0 7.80821e-06 0.0 0.0 0.0 8.9407e-08 0.0 0.0 0.0 0.0 0.0 0.0 0.0 0.0 0.0 0.0 0.0 0.0 0.0 0.0 0.0 0.0 0.0 0.0 0.0 0.0 0.0 0.0 0.0 0.0 0.0
7.7486e-07 0.0 0.0 0.0 0.0 0.0 0.0 0.0 0.0 1.2815e-06 0.0 0.0 3.57628e-07 3.27826e-07 0.0 0.0 1.37091e-06 0.0 0.0 0.0 0.0 0.0 5.96046e-08 2.98023e-08 0.0 0.0 0.0 0.0 0.0 0.0 0.0 0.0 0.0 0.0 0.0 0.0 0.0 2.08616e-07 0.0 0.0 0.0 0.0 0.0 4.67896e-06 0.0 0.0 0.0 0.0 0.0 0.0 0.0 0.0 0.0 0.0 0.0 0.0 1.19209e-07 0.0 0.0 0.0 0.0 0.0 1.49012e-06 0.999997
0.0 0.0 0.0 0.0 0.0 0.999978 0.0 0.0 0.0 0.0 0.0 0.0 0.0 0.0 0.0 0.0 0.0 0.0 0.0 0.0 0.0 0.0 0.0 0.0 0.0 0.0 0.0 0.0 0.0 0.0 0.0 0.0 0.0 0.0 0.0 0.0 0.0 0.0 0.0 0.0 0.0 0.0 0.0 0.0 0.0 0.0 0.0 0.0 0.0 0.0 0.0 0.0 0.0 0.0 0.0 0.0 0.0 0.0 0.0 0.0 0.0 0.0 0.0 0.0
1.84774e-06 0.0 0.0 0.0 0.0 0.0 0.0 0.0 0.0 0.0 0.0 0.0 0.0 0.0 0.0 0.0 0.0 0.0 0.0 0.0 0.0 0.0 0.0 0.0 0.0 0.0 0.0 0.0 0.0 0.0 0.0 0.0 0.0 0.0 0.0 0.0 0.0 0.0 0.0 0.0 0.0 0.999995 0.0 0.0 0.0 0.0 0.0 0.0 0.0 0.0 0.0 0.0 0.0 0.0 2.68221e-07 0.0 0.0 0.0 0.0 0.0 0.0 0.0 0.0 0.0
0.0 0.0 0.0 6.64592e-06 0.0 0.0 0.0 0.0 0.0 0.0 0.0 0.0 8.37445e-06 0.0 0.0 5.06639e-07 0.0 0.0 0.0 0.0 0.0 0.0 0.0 0.0 0.0 0.0 0.0 2.38419e-07 0.0 2.5928e-05 0.0 0.0 0.0 0.999998 0.0 0.0 3.9041e-06 0.0 0.0 0.0 0.0 0.0 0.0 2.08616e-07 0.0 0.0 0.0 0.0 0.0 0.0 0.0 0.0 0.0 0.0 0.0 0.0 0.0 0.0 0.0 0.0 0.0 0.0 0.0 0.0
0.0 0.0 0.0 0.0 0.0 0.0 0.0 0.0 0.0 0.0 0.0 0.0 0.0 0.0 0.0 0.0 0.0 0.0 0.0 0.0 0.0 0.0 0.0 0.0 0.00240505 0.0 0.0 0.0 0.0 0.0 0.0 0.0 0.0 0.0 0.0 0.0 0.0 0.0 3.57628e-07 4.66108e-05 0.0 0.0 0.0 0.0 1.78814e-07 0.0 0.0 0.0 0.0 0.0 0.0 0.0 0.0 0.0 0.0 0.0 0.0 0.0 0.237287 0.0 0.0 0.0 0.0 0.0
0.0 0.0 0.0 0.0 0.0 0.0 0.0 0.0 0.0 0.0 0.0 0.0 0.0 0.0 0.0 0.0 0.0 0.0 0.0 0.0 0.0 0.0 0.0 0.0 0.0 0.0 0.0 0.0 0.0 0.0 0.0 0.0 0.0 0.0 0.0 0.0 0.0 0.0 0.0 0.0 0.0 0.0 0.0 0.0 0.0 0.0 0.0 0.0 0.0 0.0 0.0 0.0 0.0 0.0 0.0 0.0 0.0 0.0 0.0 0.0 0.0 0.0 0.0 0.0
0.0 0.0 0.0 0.0 0.0 0.0 0.0 1.78814e-07 0.0 0.0 0.0 0.0 0.0 1.49012e-07 0.0 0.0 1.19209e-07 5.96046e-08 0.0 0.0 0.0 0.0 7.15256e-07 0.0 0.0 0.0 0.0 0.0 0.0 0.0 0.0 0.0 0.0 0.0 0.0 0.0 0.0 8.58307e-06 0.0 0.0 0.0 0.0 0.0 0.0 0.0 0.0 0.0 0.0 0.999952 0.0 0.0 0.0 0.0 0.0 0.0 0.0 0.0 0.0 0.0 0.0 0.0 0.0 0.0 0.0
0.0 0.0 0.0 0.0 0.0 0.0 0.0 0.0 0.0 0.0 0.0 0.0 0.0 0.000163853 0.0 0.0 0.0 0.000270247 0.0 0.0 0.0 0.0 0.999939 0.0 0.0 0.0 0.0 0.0 0.0 0.0 0.0 0.0 0.0 0.0 0.0 0.000277758 0.0 0.0 0.0 0.0 0.0 0.0 0.0 0.0 6.97374e-05 0.0 0.0 0.0 1.19209e-07 0.0 0.0 4.76837e-07 0.0 0.0 0.0 0.0 0.0 0.0 0.0 0.0 0.0 0.000405997 0.0 0.0
0.0 0.0 0.0 0.0 0.0 0.0 0.0 0.0 0.0 0.0 0.0 0.0 0.0 0.0 0.0 0.0 0.0 0.870468 0.0 0.0 0.0 0.0 0.00263086 5.06639e-07 0.0 2.08616e-07 0.0 0.0 0.0 0.0 0.0 0.0 0.0 0.0 0.0 0.999312 0.0 0.0 0.0 0.0 0.0 0.0 2.44975e-05 0.0 0.000196785 0.0 0.0 0.0 1.19209e-07 0.0 0.0 0.0 0.0 0.0 0.0 0.0 0.0 0.0 0.0 0.0 0.0 0.370658 0.0 0.0
0.0 0.0 0.0 0.0 0.0 0.0 0.0 5.66244e-07 0.0 0.0 0.0 0.0 0.0 1.78814e-07 8.9407e-08 0.0 0.0 0.0 0.0 0.0 0.0 0.0 0.0 0.0 0.0 0.999813 0.0 0.0 0.0 0.0 0.0 0.0 0.0 0.0 0.0 2.98023e-08 0.0 0.0 0.0 0.0 0.0 0.0 9.53674e-07 0.0 0.0 0.0 0.0 0.0 0.0 1.37091e-06 0.0 0.0 1.19209e-07 0.0 0.0 0.0 0.0 0.0 0.0 0.0 0.0 6.34789e-06 0.0 0.0
0.0 0.0 8.9407e-08 0.0 0.0 0.0 0.0 0.0 0.0811116 0.0 0.0 8.95858e-05 0.0 0.0 0.0 0.0 0.0 0.0 0.0 0.0 0.0 0.0 0.0 0.0 0.0 0.0 0.0 0.0 0.0 0.0 0.0 0.0 0.0 0.0 0.0 0.0 0.0 0.0 0.0 0.0 0.999993 0.000121921 0.0 0.0 0.0 0.0 0.0 2.98023e-07 0.0 0.0 0.0 0.0 0.0 1.49012e-06 0.0 0.0 0.0 0.0 0.000800073 2.26498e-06 5.06639e-05 0.0 0.0 0.0
0.0 0.0 0.216159 0.0 0.0 0.00671926 0.0 0.0 0.0 0.0 0.0 0.0 0.0 0.0 0.0 0.0 0.0 0.0 0.0 0.000547558 0.0 0.0 0.0 0.000221223 0.0 0.0 0.0 2.98023e-08 0.0 0.0 8.9407e-07 1.78814e-07 0.0 0.0 0.0 0.0 9.61423e-05 0.0 0.0 0.0 0.0 1.51992e-05 0.0 0.0 7.7486e-07 0.0 0.0 0.961047 0.0 0.0 0.0 0.0 6.25849e-07 0.849934 0.0 2.64645e-05 0.0 0.0 0.0 0.999669 0.0 0.0 0.0 0.0
0.0 0.998903 0.0 0.0 0.0 0.0 0.0 0.0 0.0 8.9407e-08 8.9407e-08 0.0 0.0 0.0 0.0 0.0 2.31564e-05 0.0 0.0 0.0 0.0 0.0 0.0 0.0 0.0 8.9407e-08 2.38419e-07 3.50177e-05 0.0 0.0 1.49012e-07 1.78814e-07 0.0 0.0 0.0 0.0 0.0 0.0 3.68953e-05 0.0 0.0 0.0 0.0114357 0.0 0.0 0.0 4.17233e-07 0.0 0.0 0.0 5.48959e-05 0.0 5.36442e-06 0.0 0.0 0.0 0.0 0.0 0.0 0.0 0.0 0.0 0.0 0.0
0.0 0.0 0.0 0.0 8.9407e-08 0.0 0.0 0.0 0.0 0.0 0.0 0.0 0.0 0.993533 0.0 0.0 0.0 0.0 0.0 0.0 0.0 0.0 0.0 0.0 0.00631541 0.0 0.0 0.0 0.0 0.0 0.0 0.0 0.0 0.0 0.0 0.0 0.0 0.0 0.0 0.0 0.0 0.0 0.0 0.0 0.0 0.0 0.0 0.0 0.0 0.0 0.0 0.0 0.0 0.0 0.0 0.0 0.0 0.0 0.0 0.0 0.0 2.38419e-06 4.47035e-07 0.0
0.0 0.0 0.0 0.0 0.0 0.0 0.0 0.0 0.0 1.19209e-07 0.0155778 0.0 0.0 0.0 0.0 0.002478 0.0538007 0.0 2.32458e-05 0.0 0.0 0.0 1.46031e-06 0.0 0.0 0.0 0.990015 0.0 0.0 0.0 0.0 0.0 0.0 0.0 0.0 0.0 0.0 1.40071e-06 0.000569791 0.0 0.0 0.0 2.98023e-08 0.0 0.0 0.0 4.76837e-07 0.0 0.0 0.0 1.01626e-05 0.0 0.0 0.0 0.0 0.0 0.0 0.0 0.0 0.0 0.0 0.000178039 0.0 0.0
9.89437e-06 0.0 0.0 3.96371e-06 1.96695e-06 0.0 5.39422e-06 2.71201e-06 0.0 4.76837e-07 0.000110745 0.0 5.87106e-06 0.0100439 3.20077e-05 1.2368e-05 0.0 0.0 0.0 0.0 5.96046e-06 0.0 0.0 0.0 0.999998 0.0 8.9407e-08 0.0 0.0 6.61612e-06 0.0 0.0 0.0 3.9041e-06 0.0 0.0 0.0 0.0106641 0.0 2.08616e-07 0.0 0.0 0.0 1.19209e-07 0.0 0.0 0.0 0.0 0.0 0.0 0.000311047 0.0 3.27826e-07 0.0 0.000102133 0.0 0.000914693 0.0 0.0 0.0 0.0 0.00738746 0.0271806 1.78814e-07
0.0 0.0 1.60933e-06 0.0 0.0 1.90735e-05 0.0 0.0 0.0 0.0 0.0 0.0 0.0 0.0 0.0 0.0 0.0 0.0 0.0 0.000195146 0.0 0.0 0.0 1.49012e-07 0.0 0.0 0.0 0.297204 0.0 0.0 2.98023e-07 0.000501812 0.0 0.0 2.98023e-08 0.0 0.997874 0.0 0.0 0.0 0.0 0.0 0.0 0.0 0.000252098 0.0 0.0 4.73857e-06 0.0 0.0 0.0 0.0 0.000661433 4.27365e-05 0.0 0.00314066 0.0 0.0 0.0 3.24845e-06 0.0 0.0 0.0 0.0
0.176224 0.0 0.0 0.0 0.0 0.0 0.0 0.0251494 0.0 0.0 0.0 0.0 0.00740233 0.0 0.0191483 2.08616e-07 0.0 0.994073 0.0 0.0 2.18153e-05 7.24792e-05 0.0 0.0 0.0 0.0 0.0 0.0 0.0161955 0.0 0.0 0.0 0.0 4.47035e-07 0.0 0.0 0.0 2.29776e-05 0.0 0.000183284 0.0 0.0 0.0 0.079451 0.0 0.0 0.0 0.0 0.0 1.61529e-05 6.25849e-07 0.0 0.0 0.0 0.0 0.0 1.60933e-06 0.0 0.0 0.0 0.0 0.0 0.0 1.5527e-05
0.0 1.87755e-06 0.0 1.49012e-07 0.0 0.0 0.0 1.78814e-07 0.0 0.0 0.607757 0.0 3.0607e-05 0.0 0.0 0.000382632 2.98023e-08 6.25849e-07 0.0 0.0 0.0 0.0 0.0 0.0 2.98023e-08 0.0 1.78814e-07 0.0 0.0 0.0 0.0 0.0 0.0 0.0 0.0 0.0 0.0 2.05636e-06 0.0 0.0 0.0 0.0 0.0 0.0 0.0 0.0 0.0 0.0 0.0 0.0 0.999505 0.0 0.0 0.0 0.0 0.0 0.0 0.0 0.0 0.0 0.0 2.32458e-06 5.96046e-08 0.0
0.0 0.0 0.0 0.0 0.0 0.0 0.997089 0.0 0.0 0.0 0.00557411 0.0 0.0 8.9407e-08 0.0 0.0 0.0 0.0 0.0 0.0 0.0 0.0 0.0 2.98023e-08 0.00124875 0.0 0.0 4.38094e-06 0.0 0.0 8.9407e-08 0.0 0.0 0.0 3.57628e-07 0.0 0.0 1.49012e-07 0.0 0.0 0.0 0.0 0.0 0.0 2.98023e-08 0.0 0.0 0.0 0.0 0.0 1.49012e-07 0.0 0.00735256 0.0 0.0 0.0 0.0 0.0 0.0 0.0 0.0 5.03659e-06 8.9407e-08 0.0
0.872049 0.0 0.0 0.0 0.0 0.0 0.0 0.00403562 0.0 0.0 0.0 0.0 0.0010412 0.0 0.975411 0.0 0.0 0.0339677 0.0 0.0 3.39746e-06 8.16286e-05 0.0 0.0 0.0 0.0 0.0 0.0 0.015482 1.49012e-07 0.0 0.0 0.0 2.48849e-05 0.0 0.0 0.0 5.98729e-05 0.0 0.00118691 0.0 0.0 0.0 0.159493 0.0 0.0 0.0 0.0 0.0 4.35114e-05 0.0 0.0 0.0 0.0 5.81145e-06 0.0 0.00267124 0.0 0.0 0.0 0.0 0.0 0.0 4.91738e-05
0.0 0.0 0.0485027 0.0 0.0 2.13385e-05 0.0 0.0 0.0 0.0 0.0 0.0 0.0 0.0 0.0 0.0 0.0 0.0 0.0 2.17855e-05 0.0 0.0 0.0 0.405964 0.0 0.0 0.0 5.66244e-07 0.0 0.0 5.90682e-05 1.19209e-07 0.0 0.0 0.0 0.0 4.58956e-06 0.0 0.0 0.0 0.0 0.0 0.0 0.0 8.9407e-08 0.0 0.0 0.999237 2.98023e-08 0.0 0.0 0.0 5.23031e-05 0.00881478 0.0 0.000751674 0.0 0.0 0.0 0.105225 0.0 0.0 0.0 0.0
0.0 0.0 0.0 0.0 0.0 0.0 0.0 0.0 0.0 0.0 0.0 0.0 0.0 0.0 0.0 0.0 0.0 0.0 0.0 0.0 0.0 0.0 0.0 0.0 0.0 0.0 0.0 0.0 0.0 0.0 0.0 0.0 0.0 0.0 0.0 0.0 0.0 0.0 0.0 0.0 0.0 0.0 0.0 0.0 0.0 0.0 0.0 0.0 0.0 0.0 0.0 0.999998 0.0 0.0 0.0 0.0 0.0 0.0 8.9407e-08 0.0 0.0 0.0 0.0 0.0
0.0 0.0 0.0 0.0 0.0 0.0 0.0 3.12924e-06 0.0 0.0 6.55651e-07 0.0 0.00145203 0.0 3.54648e-06 2.6226e-06 0.0 6.55651e-07 1.78814e-07 0.0 8.9407e-08 0.0 0.997977 0.0 0.0 3.57628e-07 3.27826e-07 0.0 0.0 0.0 0.0 0.0 0.0 0.00459024 0.0 0.0 0.0 6.67572e-05 0.0 6.55651e-07 0.0 0.0 0.0 0.0 0.0 0.0 0.0 0.0 0.0 8.9407e-08 1.19209e-07 0.0 0.0 0.0 0.0 0.0 2.98023e-08 0.0 1.19209e-07 0.0 0.0 0.0 0.0 2.65241e-06
0.0055137 0.0 0.0 0.0 0.0 0.0 0.0 1.77324e-05 0.0 0.0 0.0 0.0 9.23872e-07 0.0 0.00101492 0.0 0.0 0.00187427 0.0 0.0 0.0 0.0 0.0 0.0 0.0 0.0 0.0 0.0 0.997028 0.0 0.0 0.0 0.0 0.0 0.0 0.0 0.0 0.0 0.0 3.27826e-07 0.0 0.0 0.0 0.824226 0.0 0.0 0.0 0.0 0.0 0.0 0.0 0.0 0.0 0.0 7.86781e-06 0.0 0.000528872 0.0 0.0 0.0 0.0 0.0 0.0 1.91629e-05
0.0 0.0 0.0 0.0 2.98023e-08 0.0 0.0 0.0 0.0 0.0 0.0 0.0 0.0 0.0 0.0 0.0 0.0 0.0 0.0 0.0 0.0 0.0 0.0 0.0 0.0 0.0 0.0 0.0 0.0 0.0 0.0 0.0 0.0 0.0 0.0 0.0 0.0 0.0 0.0 0.0 0.0 0.0 0.0 0.0 0.0 0.0 0.0 0.0 0.0 0.0 0.0 0.0 0.0 0.0 0.0 0.0 0.0 0.0 0.0 0.0 0.0 0.0 0.0 0.0
0.0 0.0 0.0 0.0 0.0 0.0 0.0 0.0 0.0 0.0 0.0 0.0 0.0 0.0 0.0 0.0 0.0 0.0 0.0 0.0 0.0 0.0 0.0 0.0 0.0 0.0 0.0 0.0 0.0 0.0 0.0 0.0 0.0 0.0 0.0 0.0 0.0 0.0 0.0 0.0 0.0 0.0 0.0 0.0 0.0 0.0 0.0 0.0 0.0 0.0 0.0 0.0 0.0 0.0 0.0 0.0 0.0 0.0 0.0 0.0 0.0 0.0 0.0 0.0
0.0 0.0 0.0 0.0 0.0 0.0 1.49012e-07 0.0 0.0 5.96046e-08 0.016032 0.0 0.0 2.71201e-06 0.0 1.06394e-05 4.45247e-05 0.0 0.0 0.0 0.0 0.0 0.0 0.0 1.36197e-05 0.0 3.30806e-05 8.9407e-08 0.0 0.0 0.0 0.0 0.0 0.0 0.0 0.0 0.0 2.5928e-06 1.49012e-07 0.0 0.0 0.0 0.0 0.0 0.0 0.0 7.7486e-07 0.0 0.0 0.0 1.3411e-05 0.0 2.98023e-08 0.0 0.0 0.0 0.0 0.0 0.0 0.0 0.0 0.999541 0.000595093 0.0
0.0 0.0 0.0 0.0 0.0 0.0 0.0 0.0 0.0 1.19209e-07 0.0323451 0.0 0.0 0.0 0.0 2.98023e-08 0.165803 0.0 3.8743e-07 0.0 0.0 0.0 0.0 0.0 0.0 0.0 0.391566 0.0 0.0 0.0 1.10269e-06 0.0 0.0 0.0 0.0 0.0 0.0 0.0 0.000629514 0.0 0.0 0.0 0.0 0.0 0.0 0.0 0.000821263 0.0 0.0 0.0 4.17233e-07 0.0 2.6077e-05 0.0 0.0 0.0 0.0 0.0 0.0 0.0 0.0 0.00874525 0.0 0.0
0.000286102 0.0 0.0 0.0 0.0 0.0 0.0 0.00223017 0.0 0.0 3.8743e-07 0.0 2.3067e-05 0.0 2.69413e-05 7.45058e-07 0.0 4.06802e-05 0.00010553 0.0 0.999988 0.0 0.0 0.0 0.0 3.8743e-07 0.0 0.0 0.0 0.0 0.0 0.0 0.0 0.0 0.0 0.0 0.0 0.962805 0.0 3.8147e-06 0.0 0.0 0.0 8.9407e-08 0.0 0.0 0.0 0.0 0.0 5.126e-06 3.98159e-05 0.0 0.0 0.0 0.0 0.0 0.0 0.0 0.0 0.0 0.0 5.45382e-06 7.15256e-07 0.0
1.19209e-07 6.49691e-06 0.0 0.0 0.0 0.0 0.0 8.9407e-08 1.49012e-07 0.0 1.60933e-06 0.000154912 2.95043e-06 0.0 5.96046e-08 5.96046e-08 1.43051e-06 0.00018397 0.000992864 0.0 8.42512e-05 0.0 0.00311047 0.0 0.0 0.999999 6.88434e-06 0.0 5.66244e-07 0.0 0.0 0.0 0.0 1.19209e-07 0.0 0.0 0.0 0.0101843 2.98023e-07 9.26852e-06 0.0 0.0 0.000239193 0.0 0.0 0.0 0.0 0.0 0.0 9.20892e-06 0.000394076 0.0 1.49012e-07 0.0 0.0 0.0 0.0 0.0 0.916641 0.0 0.0 0.0 0.0 0.0
0.00254002 0.0 0.0 0.0 0.0 0.0 0.0 0.000117093 0.0 0.0 0.0 0.0 2.98023e-08 0.0 4.88758e-05 0.0 0.0 0.000454724 0.0 0.0 8.64267e-07 0.00244638 0.0 0.0 0.0 0.0 0.0 0.0 0.000771701 0.0 0.0 0.0 0.0 1.19209e-07 0.0 0.0 0.0 9.53674e-07 0.0 2.86102e-05 0.0 0.0 0.0 0.0784215 0.0 0.0 0.0 0.0 0.0 0.00105834 0.0 0.0 0.0 0.0 0.0 0.0 1.86265e-05 1.15037e-05 0.0 0.0 0.0 0.0 0.0 6.28233e-05
0.0 2.88486e-05 0.0 0.0 0.0 5.96046e-08 2.74181e-06 0.0 0.0 2.53618e-05 1.37389e-05 0.0 0.0 0.0 0.0 0.0 2.23517e-06 0.0 0.0 1.75536e-05 0.0 0.0 0.0 5.06639e-07 0.0 0.0 0.0 0.999996 0.0 0.0 9.7692e-05 0.0925067 0.0 0.0 0.0 0.0 0.0466162 0.0 1.78814e-07 0.0 0.0 0.0 2.83122e-06 0.0 0.0991719 0.0 0.00155783 7.00355e-06 0.0 0.0 0.0 0.0 0.401486 8.9407e-08 0.0 2.8789e-05 0.0 0.0 0.0 0.0 0.0 8.9407e-08 0.0 0.0
0.0 0.0 2.98023e-08 0.0 0.0 0.0 1.78814e-07 0.0 0.0 0.0 3.57628e-07 0.0 0.0 0.0 0.0 0.0 0.0 0.0 0.0 3.60608e-06 0.0 0.0 0.0 0.000562787 0.0 0.0 0.0 0.0 0.0 0.0 8.9407e-08 0.0 0.0 0.0 0.999951 0.0 0.0 0.0 0.0 0.0 0.0 0.0 0.0 0.0 8.9407e-08 0.0 0.0 0.0 0.0 0.0 0.0 0.0 0.0 0.0 0.0 1.78814e-07 0.0 0.0 0.0 0.0 0.0 0.0 0.0 0.0
0.0 0.0 0.0 0.0 1.49012e-07 0.0 0.0 0.0 0.0 0.0 0.0 0.0 0.0 0.0 0.0 0.0 0.0 0.0 0.0 0.0 0.0 0.0 0.0 0.0 4.76837e-07 0.0 0.0 0.0 0.0 0.0 0.0 0.0 0.999899 0.0 0.0 0.0 0.0 0.0 0.0 0.0 0.0 0.0 0.0 0.0 0.0 0.0 0.0 0.0 8.68738e-05 0.0 0.0 0.0 0.00835046 0.0 0.0 0.0 0.0 0.0 0.0 0.0 0.0 0.0 0.0 0.0
0.073113 0.0 0.0 1.16229e-06 0.0 0.0 0.0 3.60608e-06 0.0 0.0 0.0 0.0 0.000439048 0.0 0.00121549 5.66244e-07 0.0 1.13249e-06 0.0 0.0 1.49012e-07 0.0 0.0 0.0 5.66244e-07 0.0 0.0 0.0 0.00301149 0.102111 0.0 0.0 0.0 0.0 0.0 0.0 0.0 1.35899e-05 0.0 2.98023e-08 0.0 0.0 0.0 0.0605361 0.0 0.0 0.0 0.0 0.0 0.0 0.0 0.0 0.0 0.0 0.449334 0.0 0.999729 0.0 0.0 0.0 0.0 0.0 0.0 4.52995e-06
5.96046e-08 0.0 0.0 0.0 0.0 0.0 0.0 1.14441e-05 0.0 0.0 0.00226912 0.0 0.120702 0.0 0.0 0.96007 0.0 2.29478e-06 2.98023e-08 0.0 0.0 0.0 4.88758e-06 0.0 0.0 0.0 0.000106156 0.0 0.0 0.0 0.0 0.0 0.0 2.68221e-07 0.0 0.0 0.0 4.44055e-06 0.0 0.0 0.0 0.0 0.0 0.0 0.0 0.0 0.0 0.0 0.0 0.0 7.38502e-05 0.0 0.0 0.0 0.0 0.0 1.19209e-07 0.0 0.0 0.0 0.0 1.10269e-05 0.0 8.9407e-08
6.94394e-06 0.0 0.0 0.0 0.0 0.0 0.0 2.95937e-05 0.0 0.0 0.0 0.0 1.49012e-06 0.0 2.35438e-06 0.0 0.0 4.17233e-07 0.0 0.0 0.0 0.0 3.27826e-06 0.0 0.0 0.0 0.0 0.0 1.508e-05 0.0 0.0 0.0 0.0 0.048644 0.0 0.0 0.0 0.0 0.0 0.0 0.0 0.0 0.0 0.00031504 0.0 0.0 0.0 0.0 0.0 0.0 0.0 0.0 0.0 0.0 8.9407e-08 0.0 2.17557e-06 0.0 0.0 0.0 0.0 0.0 0.0 0.998122
0.0 0.0 0.0 0.0 0.0 0.0 0.0 0.0 0.0 0.0 0.0 0.0 0.0 0.0 0.0 0.0 0.0 0.0 0.0 0.0 0.0 0.0 0.0 0.0 0.0 0.0 0.0 0.0 0.0 0.0 0.0 0.0 0.0 0.0 0.0 0.0 0.0 0.0 0.0 8.9407e-08 0.0 0.0 0.0 5.57303e-05 0.0 0.0 0.0 0.0 0.0 5.96046e-08 0.0 0.0 0.0 0.0 0.0 0.0 0.0 0.999886 0.0 0.0 0.0 0.0 0.0 0.0
1.99676e-06 0.0 0.0 0.0 0.0 0.0 0.0 0.0 0.0 0.0 0.0 0.0 0.0 0.0 1.19209e-07 0.0 0.0 0.0 0.0 0.0 0.0 0.0 0.0 0.0 8.9407e-08 0.0 0.0 0.0 1.27852e-05 1.99676e-05 0.0 0.0 0.0 0.0 0.0 0.0 0.0 0.0 0.0 0.0 0.0 0.0 0.0 0.000835985 0.0 0.0 0.0 0.0 0.0 0.0 0.0 0.0 0.0 0.0 0.992471 0.0 0.0510696 0.0 0.0 0.0 0.0 0.0 0.0 0.0
0.0 0.0 0.0 0.0 0.0 0.0 1.19209e-07 0.0 0.0 1.90735e-06 0.0 0.0 0.0 0.0 0.0 0.0 0.0 0.0 0.0 9.23872e-07 0.0 0.0 0.0 0.000301987 0.0 0.0 0.0 0.0160911 0.0 0.0 0.000566304 0.816329 0.0 0.0 3.27826e-07 0.0 0.000127971 0.0 0.0 0.0 0.0 0.0 0.0 0.0 0.998755 0.0 0.000110358 2.71201e-06 0.0 0.0 0.0 0.0 0.62497 0.0 0.0 0.00039801 0.0 0.0 0.0 0.0 0.0 0.0 0.0 0.0
0.0 0.0 0.00134888 0.0 0.0 0.999833 0.0 0.0 0.0 0.0 0.0 0.0 0.0 0.0 0.0 0.0 0.0 0.0 0.0 0.00128573 0.0 0.0 0.0 2.98023e-06 0.0 0.0 0.0 2.68221e-07 0.0 0.0 2.98023e-07 0.0 0.0 0.0 5.96046e-08 0.0 0.00030452 0.0 0.0 0.0 0.0 0.0 0.0 0.0 8.9407e-08 0.0 0.0 4.04716e-05 0.0 0.0 0.0 0.0 0.0 0.00447965 0.0 0.000204414 0.0 0.0 0.0 0.00373831 0.0 0.0 0.0 0.0
0.0 0.0 0.0 2.38419e-07 1.0 0.0 0.00598752 0.0 0.0 0.0 0.00406983 0.0 0.0 0.0988414 0.0 0.0 0.0 0.0 0.0 0.0 0.0 0.0 0.0 2.08616e-07 0.999956 0.0 0.0 0.0 0.0 0.0 0.0 0.0 0.000535011 0.0 0.000556916 0.0 0.0 0.0 0.0 0.0 0.0 0.0 0.0 0.0 0.0 0.0 0.0 3.15905e-06 0.0 0.0 1.49012e-07 0.0 0.146331 0.0 0.0 2.14577e-06 0.0 0.0 0.0 0.0 0.0 0.0 5.96046e-08 0.0
0.0 0.0 0.0 0.0 0.0 0.0 0.0 0.0 0.0 0.0 0.0 5.96046e-08 0.0 0.0 0.0 0.0 0.0 0.0 0.0 0.0 0.0 0.0 0.0 0.0 0.0 0.0 0.0 0.0 0.0 0.0 0.0 0.0 0.0 0.0 0.0 0.0 0.0 8.14199e-05 0.0 0.0 2.89083e-06 0.0 0.0 0.0 0.0 0.0 0.0 0.0 0.0 0.0 0.0 0.0 0.0 0.0 0.0 0.0 0.0 0.0 0.0 0.0 0.0 0.0 0.0 0.0
0.0 1.72853e-06 0.0 0.0 0.0 0.0 0.0 0.0 0.0 3.18885e-06 1.54972e-06 0.0 0.0 0.0 0.0 0.0 0.0215228 0.0 0.0 0.0 0.0 0.0 0.0 0.0 0.0 0.0 0.00070703 0.000463337 0.0 0.0 2.56002e-05 0.000163794 0.0 0.0 0.0 0.0 0.0 0.0 0.0255783 0.0 0.0 0.0 0.000155121 0.0 1.2815e-06 0.0 0.99823 5.96046e-08 0.0 0.0 5.96046e-08 0.0 0.00148574 0.0 0.0 0.0 0.0 0.0 0.0 0.0 0.0 1.71363e-05 0.0 0.0
0.0 2.98023e-08 0.0 0.0 0.0 0.0 0.0 0.0 0.0 0.0 3.01003e-06 0.0 0.0 0.0 0.0 2.38419e-06 0.00204697 0.0 2.98023e-07 0.0 0.0 0.0 0.0 0.0 0.0 8.9407e-08 0.0878652 0.0 0.0 0.0 0.0 0.0 0.0 0.0 0.0 0.0 0.0 0.0 0.862355 0.0 0.0 0.0 4.58956e-06 0.0 0.0 0.0 6.02007e-06 0.0 0.0 0.0 1.12951e-05 0.0 0.0 0.0 0.0 0.0 0.0 0.0 0.0 0.0 0.0 1.49012e-07 0.0 0.0
0.0 0.0 0.0 0.0 0.0 0.0 0.0 1.60933e-06 0.0 0.0 0.0 0.0 5.96046e-08 0.0 2.38419e-07 0.0 0.0 0.0 0.0 0.0 0.0 0.0 2.5928e-06 0.0 0.0 0.0 0.0 0.0 0.0 0.0 0.0 0.0 0.0 0.999978 0.0 0.0 0.0 0.0 0.0 0.000140548 0.0 0.0 0.0 0.0 0.0 0.0 0.0 0.0 0.0 2.68221e-07 0.0 0.0 0.0 0.0 0.0 0.0 0.0 0.0 0.0 0.0 0.0 0.0 0.0 0.0020625
0.992321 0.0 0.0 0.0 0.0 0.0 0.0 0.0803782 0.0 0.0 0.0 0.0 0.000618786 0.0 0.468473 0.0 0.0 0.023532 0.0 0.0 6.33597e-05 0.000390351 0.0 0.0 0.0 0.0 0.0 0.0 0.00698629 5.93066e-06 0.0 0.0 0.0 2.08616e-06 0.0 0.0 0.0 0.000182539 0.0 8.49962e-05 0.0 0.0 0.0 0.176884 0.0 0.0 0.0 0.0 0.0 1.19805e-05 2.98023e-08 0.0 0.0 0.0 2.20537e-06 0.0 0.00919807 0.0 0.0 0.0 0.0 0.0 0.0 3.80874e-05
0.0 0.0 0.99565 0.0 0.0 0.00666153 0.0 0.0 0.0 0.0 0.0 0.0 0.0 0.0 0.0 0.0 0.0 0.0 0.0 2.67327e-05 0.0 0.0 0.0 3.96371e-06 0.0 0.0 0.0 0.0 0.0 0.0 0.0 0.0 0.0 0.0 2.38419e-07 0.0 5.33462e-06 0.0 0.0 0.0 0.0 1.19209e-06 0.0 0.0 0.0 0.0 0.0 0.0173072 0.0 0.0 0.0 0.0 0.0 0.0274353 0.0 8.91387e-05 0.0 0.0 0.0 0.198884 0.0 0.0 0.0 0.0
0.0 0.0 0.0 0.0 0.0 0.0 0.0 0.0 0.0 0.0 0.0 0.0 0.0 0.0 0.0 0.0 0.0 0.0 0.0 0.0 0.0 0.0 0.0 0.0 0.0 0.0 0.0 0.0 0.0 0.0 0.0 0.0 0.0 0.0 0.0 0.0 0.0 0.0 0.0 0.0 0.0 4.47035e-07 0.0 0.0 0.0 0.999899 0.0 0.0 0.0 0.0 0.0 0.0 0.0 0.0 0.0 0.0 0.0 0.0 0.0 0.0 0.0 0.0 0.0 0.0
0.0 0.0 0.0 1.78814e-07 0.0 0.0 0.0 8.9407e-08 0.0 0.0 3.57628e-07 0.0 0.0 1.20103e-05 0.0 1.3113e-06 1.22488e-05 0.0 0.0 0.0 6.25849e-07 0.0 0.0 0.0 0.000879526 0.0 5.96046e-08 0.0 0.0 2.98023e-08 0.0 0.0 0.0 0.0 0.0 0.0 0.0 0.0370564 0.0 0.0 0.0 0.0 5.96046e-08 0.0 0.0 0.0 0.0 0.0 0.0 0.0 0.000106961 0.0 0.0 0.0 0.0 0.0 0.0 0.0 0.0 0.0 0.0 0.0270566 0.991339 0.0
0.0 0.0 0.0 0.0 0.0 0.0 0.0 0.0 0.0 0.0 0.0 0.0 0.0 0.0 0.0 0.0 0.0 0.0 0.0 0.0 0.0 0.0 0.0 0.0 0.0 0.0 0.0 0.0 0.0 0.0 0.0 0.0 0.0 0.0 0.0 0.0 0.0 0.0 0.0 0.0 0.0 0.0 0.0 0.0 0.0 0.0 0.0 0.0 0.999983 0.0 0.0 0.0 0.0 0.0 0.0 0.0 0.0 0.0 0.0 0.0 0.0 0.0 0.0 0.0
0.0 0.0 0.0 0.0 0.0 0.0 0.0 0.0 0.0 0.0 0.0 0.0 0.0 0.0 0.0 0.0 0.0 0.0 0.0 0.0 0.0 0.0 0.0 0.0 0.0 1.13249e-06 0.0 0.0 0.0 0.0 0.0 0.0 0.0 0.0 0.0 0.0 0.0 0.0 0.0 5.96046e-08 0.0 0.0 0.0 0.0 0.0 0.0 0.0 0.0 0.0 0.0 0.0 0.0 0.0 0.0 0.0 0.0 0.0 0.0 0.0 0.0 0.0 0.0 0.0 0.0
0.0 6.66082e-05 0.0120892 0.0 0.0 8.10623e-06 0.0 0.0 0.0 0.000120223 0.0 0.0 0.0 0.0 0.0 0.0 0.0 0.0 0.0 0.00161338 0.0 0.0 0.0 0.0 0.0 0.0 0.0 0.000344694 0.0 0.0 0.0 3.15905e-06 0.0 0.0 1.19209e-07 5.66244e-07 7.388e-05 0.0 0.0 0.0 0.0 1.0 1.19209e-07 0.0 2.5034e-06 9.38773e-06 0.0 0.0510454 0.0 0.0 0.0 0.0 7.7486e-07 0.000752866 0.0 3.32594e-05 0.0 0.0 0.0 0.0274554 0.0 0.0 0.0 0.0
0.0 1.19209e-06 0.0 0.0 0.0 0.0 2.98023e-08 0.0 0.0 6.27339e-05 0.0 0.0 0.0 0.0 0.0 0.0 0.0 0.0 0.0 0.0 0.0 0.0 0.0 1.43051e-06 0.0 0.0 0.0 0.0303952 0.0 0.0 9.68874e-05 0.977255 0.0 0.0 0.0 0.0 2.47359e-05 0.0 0.0 0.0 0.0 0.0 1.78814e-07 0.0 0.549518 0.0 0.00183049 1.78814e-07 0.0 0.0 0.0 0.0 0.504141 0.0 0.0 1.72853e-06 0.0 0.0 0.0 0.0 0.0 0.0 0.0 0.0
6.39558e-05 0.0 0.0 0.0 0.0 0.0 0.0 3.99351e-06 0.0 0.0 0.0 0.0 0.0 0.0 0.00215906 0.0 0.0 2.17855e-05 0.0 0.0 0.000667155 0.00154346 4.17233e-07 0.0 0.0 0.0 0.0 0.0 8.64267e-07 0.0 0.0 0.0 0.0 0.012916 0.0 0.0 0.0 0.000495523 0.0 0.976717 0.0 0.0 0.0 3.73423e-05 0.0 0.0 0.0 0.0 0.0 0.994834 0.0 0.0 0.0 0.0 0.0 0.0 0.0 0.0 0.0 0.0 0.0 0.0 0.0 4.47035e-07
0.0 0.0 5.06639e-07 0.0 0.0 1.78814e-06 2.98023e-08 0.0 0.0 0.0 0.0 0.0 0.0 0.0 0.0 0.0 0.0 0.0 0.0 8.9407e-08 0.0 0.0 0.0 0.00609764 0.0 0.0 0.0 3.78191e-05 0.0 0.0 1.33514e-05 9.95398e-05 0.0 0.0 3.54648e-06 0.0 0.00074634 0.0 0.0 0.0 0.0 0.0 0.0 0.0 0.000705272 0.0 0.0 0.000149667 0.0 0.0 0.0 0.0 0.143666 1.19209e-07 0.0 0.989825 0.0 0.0 0.0 8.9407e-08 0.0 0.0 0.0 0.0
1.78814e-07 0.0 0.0 0.0 0.0 0.0 0.0 8.67546e-05 0.0 0.0 0.0113917 0.0 0.210648 0.0 2.98023e-08 0.998602 2.98023e-07 1.66893e-06 4.14252e-06 0.0 3.27826e-07 0.0 4.47035e-07 0.0 0.0 0.0 0.000189781 0.0 0.0 0.0 0.0 0.0 0.0 1.78814e-07 0.0 0.0 0.0 0.00196904 0.0 0.0 0.0 0.0 0.0 0.0 0.0 0.0 0.0 0.0 0.0 0.0 0.000136197 0.0 0.0 0.0 0.0 0.0 7.15256e-07 0.0 0.0 0.0 0.0 1.82688e-05 5.96046e-08 0.0
0.0 0.0 0.0 0.0 0.0 0.0 0.0 5.96046e-08 0.0 0.0 3.15905e-06 0.0 1.43051e-06 0.0 0.0 6.4671e-06 0.00119454 0.0 0.989439 0.0 8.35359e-05 0.0 1.78814e-07 0.0 0.0 1.04308e-06 0.000101388 0.0 0.0 0.0 0.0 0.0 0.0 0.0 0.0 0.0 0.0 0.181076 0.0 0.0 0.0 0.0 2.81334e-05 0.0 0.0 0.0 0.0 0.0 0.0 0.0 2.23517e-06 0.0 0.0 0.0 0.0 0.0 0.0 0.0 0.0 0.0 0.0 1.19209e-07 0.0 0.0
0.0 0.0 0.0 0.0 0.0 0.0 0.0 0.0 0.0 0.0 0.0 0.0 0.0 0.0 0.0 0.0 0.0 0.0 0.0 0.0 0.0 0.0 0.0 0.0 0.0 0.0 0.0 0.0 0.0 0.0 0.0 0.0 0.0 0.0 0.0 0.999946 0.0 0.0 0.0 0.0 0.0 0.0 0.0 0.0 0.0 0.0 0.0 0.0 0.0 0.0 0.0 0.0 0.0 0.0 0.0 0.0 0.0 0.0 0.0 0.0 0.0 0.0 0.0 0.0
0.0 0.0027988 0.0 0.0 0.0 0.0 0.0 0.0 0.0 0.0 0.0 0.0 0.0 0.0 0.0 0.0 0.000531524 0.0 3.90708e-05 0.0 0.0 0.0 0.0 0.0 0.0 9.53674e-07 1.2815e-06 3.93391e-06 0.0 0.0 0.0 0.0 0.0 0.0 0.0 0.0 0.0 4.32134e-06 1.19209e-06 0.0 0.0 0.0 0.997836 0.0 0.0 0.0 1.0103e-05 0.0 0.0 0.0 8.64267e-07 0.0 4.44055e-06 0.0 0.0 0.0 0.0 0.0 0.0 0.0 0.0 0.0 0.0 0.0
0.0 0.0 1.2219e-06 0.0 0.0 0.00147364 0.0 0.0 0.0 4.17233e-07 1.19209e-07 0.0 0.0 0.0 0.0 0.0 0.0 0.0 0.0 0.999999 0.0 0.0 0.0 0.0327699 0.0 0.0 0.0 0.000283808 0.0 0.0 0.00736943 1.96695e-06 0.0 0.0 0.000334293 0.0 3.40641e-05 0.0 1.49012e-07 0.0 0.0 0.0 0.0 0.0 6.16908e-06 0.0 0.0 0.00133276 2.98023e-08 0.0 8.9407e-08 0.0 0.0 2.13683e-05 0.0 8.13603e-06 0.0 0.0 0.0 2.11596e-06 0.0 0.0 0.0 0.0
0.000343859 0.0 0.0 0.0 0.0 0.0 0.0 1.44243e-05 0.0 0.0 0.0 0.0 0.0 0.0 9.36389e-05 0.0 0.0 0.000167131 0.0 0.0 8.9407e-08 0.991822 0.0 0.0 0.0 0.0 0.0 0.0 1.78814e-07 0.0 0.0 0.0 0.0 1.34408e-05 0.0 0.0 0.0 3.21865e-06 0.0 0.00747964 0.0 0.0 0.0 1.93715e-06 0.0 0.0 0.0 0.0 0.0 0.00129512 0.0 0.0 0.0 0.0 0.0 0.0 0.0 0.0 0.0 0.0 0.0 0.0 0.0 2.98023e-08
0.0 0.0 8.9407e-08 0.0 0.0 2.98023e-08 0.00345626 0.0 0.0 0.000158459 0.00100577 0.0 0.0 0.0 0.0 0.0 0.0 0.0 0.0 7.7486e-07 0.0 0.0 0.0 0.131638 2.98023e-08 0.0 0.0 0.00109971 0.0 0.0 2.30372e-05 0.0104536 0.0 0.0 0.00194213 0.0 0.000367701 0.0 0.0 0.0 0.0 0.0 0.0 0.0 0.188609 0.0 3.09944e-06 3.66569e-06 0.0 0.0 0.0 0.0 0.99611 0.0 0.0 0.0876318 0.0 0.0 0.0 0.0 0.0 0.0 0.0 0.0
0.0 0.0 0.000238001 0.0 0.0 0.00135741 0.0 0.0 0.0 0.0 0.0 0.0 0.0 0.0 0.0 0.0 0.0 0.0 0.0 0.000163734 0.0 0.0 0.0 9.53674e-07 0.0 0.0 0.0 0.0 0.0 0.0 1.78814e-07 0.0 0.0 0.0 0.0 0.0 1.24574e-05 0.0 0.0 0.0 0.0 0.0 0.0 0.0 0.0 0.0 0.0 0.00489125 0.0 0.0 0.0 0.0 0.0 0.993835 0.0 3.57628e-07 0.0 0.0 0.0 0.413534 0.0 0.0 0.0 0.0
0.000473589 0.0 0.0 0.0 0.0 0.0 0.0 0.000490814 0.0 0.0 0.0 0.0 1.49012e-07 0.0 0.0149304 0.0 0.0 7.23898e-05 0.0 0.0 0.00134686 0.0513194 1.19209e-07 0.0 0.0 1.96695e-06 0.0 0.0 2.98023e-07 0.0 0.0 0.0 0.0 0.0321891 0.0 0.0 0.0 0.442196 0.0 0.999687 0.0 0.0 0.0 6.73532e-06 0.0 0.0 0.0 0.0 0.0 0.999095 1.49012e-07 0.0 0.0 0.0 0.0 0.0 5.96046e-08 0.0 0.0 0.0 0.0 0.0 0.0 2.38419e-07
0.0 0.0 0.0 0.0 0.0 0.0 0.0 0.0 0.14078 0.0 0.0 0.000109106 0.0 0.0 0.0 0.0 0.0 0.0 0.0 0.0 0.0 0.0 0.0 0.0 0.0 0.0 0.0 0.0 0.0 0.0 0.0 0.0 0.0 0.0 0.0 0.0 0.0 0.0 0.0 0.0 0.0 0.0 0.0 0.0 0.0 0.0 0.0 0.0 0.0 0.0 0.0 0.0 0.0 0.0 0.0 0.0 0.0 0.0 0.280636 0.0 0.999942 0.0 0.0 0.0
1.2815e-06 0.0 0.0 0.0 0.0 0.0 0.0 0.0 0.0 0.0 0.0 0.0 0.0 0.0 1.72853e-06 0.0 0.0 5.96046e-08 0.0 0.0 0.0 0.0 0.0 0.0 0.0 0.0 0.0 0.0 4.15742e-05 0.0 0.0 0.0 0.0 0.0 0.0 0.0 0.0 0.0 0.0 0.0 0.0 0.0 0.0 0.326431 0.0 0.0 0.0 0.0 0.0 0.0 0.0 0.0 0.0 0.0 0.000159651 0.0 6.55651e-07 6.69658e-05 0.0 0.0 0.0 0.0 0.0 0.0
0.0 0.0 0.0 0.0 0.0 0.0 0.0 0.0 0.999947 0.0 0.0 0.000680596 0.0 0.0 0.0 0.0 0.0 0.0 0.0 0.0 0.0 0.0 0.0 0.0 0.0 0.0 0.0 0.0 0.0 0.0 0.0 0.0 0.0 0.0 0.0 0.0 0.0 0.0 0.0 0.0 4.67896e-06 0.0 0.0 0.0 0.0 0.0 0.0 0.0 0.0 0.0 0.0 0.0 0.0 0.0 0.0 0.0 0.0 0.0 0.41326 0.0 0.98854 0.0 0.0 0.0
0.0045605 7.31349e-05 0.0 0.0 0.0 0.0 0.0 0.00103724 0.00305155 1.19209e-07 0.000404716 0.00412601 0.0342986 0.0 0.0153077 0.000166327 6.22869e-06 0.786186 0.175581 0.0 0.255496 1.01328e-06 0.231177 0.0 0.0 0.999759 7.08103e-05 0.0 0.014836 0.0 0.0 0.0 0.0 0.000314683 0.0 0.0 0.0 0.247467 0.0 0.0332149 0.0 0.0 9.07779e-05 0.000928015 0.0 0.0 0.0 0.0 0.0 0.017931 0.00128844 0.0 0.0 0.0 0.0 0.0 3.27826e-07 0.0 0.999001 0.0 0.000628024 0.0 0.0 2.08616e-07
0.0 8.67248e-06 0.0 0.0 0.0 0.0 0.0 0.0 0.0 1.78814e-06 0.000109255 0.0 0.0 0.0 0.0 1.20103e-05 0.992391 0.0 0.0012933 0.0 0.0 0.0 1.49012e-07 0.0 0.0 0.0 0.814383 8.34465e-07 0.0 0.0 0.0 0.0 0.0 0.0 0.0 0.0 0.0 1.24574e-05 0.00111502 0.0 0.0 0.0 0.00141811 0.0 0.0 0.0 9.89735e-05 0.0 0.0 0.0 2.61962e-05 0.0 5.06639e-07 0.0 0.0 0.0 0.0 0.0 0.0 0.0 0.0 0.000884116 1.40071e-06 0.0
1.87755e-06 0.0 0.0 2.98023e-08 0.0 0.0 0.0 0.0 0.0 0.0 0.0 0.0 0.0 0.0 0.0 0.0 0.0 0.0 0.0 0.0 0.0 0.0 0.0 0.0 0.0 0.0 0.0 0.0 1.19209e-07 0.999354 0.0 0.0 0.0 0.0 0.0 0.0 0.0 3.16501e-05 0.0 0.0 0.0 0.0 0.0 6.16908e-06 0.0 0.0 0.0 0.0 0.0 0.0 0.0 0.0 0.0 0.0 1.5527e-05 0.0 0.00660536 0.0 0.0 0.0 0.0 0.0 0.0 0.0
0.0 0.0 2.08616e-07 0.0 0.0 1.68979e-05 0.0 0.0 0.0 0.0 0.0 0.0 0.0 0.0 0.0 0.0 0.0 0.0 0.0 2.38717e-05 0.0 0.0 0.0 0.00030452 0.0 0.0 0.0 0.00312123 0.0 0.0 0.000297278 0.0260357 0.0 0.0 4.76837e-07 0.0 0.469597 0.0 0.0 0.0 0.0 0.0 0.0 0.0 0.055858 0.0 0.0 0.000271142 0.0 0.0 0.0 0.0 0.00114456 2.95341e-05 0.0 0.644921 0.0 0.0 0.0 5.39422e-06 0.0 0.0 0.0 0.0
0.0 0.0 0.0 0.0 0.0 0.0 0.0 0.0 0.00504586 0.0 0.0 0.999994 0.0 0.0 0.0 0.0 0.0 0.0 0.0 0.0 0.0 0.0 0.0 0.0 0.0 0.000430882 0.0 0.0 0.0 0.0 0.0 0.0 0.0 0.0 0.0 0.0 0.0 0.0 0.0 0.0 0.0 0.0 0.0 0.0 0.0 0.0 0.0 0.0 0.0 0.0 0.0 0.0 0.0 0.0 0.0 0.0 0.0 0.0 0.999094 0.0 0.0601438 0.0 0.0 0.0
7 3 12 10 9 23 30 38 17 13 51 14 6 34 44 2 61 22 19 28 36 46 31 1 29 27 20 57 33 55 5 59 54 63 25 43 37 39 24 58 53 11 56 41 0 45 32 8 52 47 60 48 40 49 4 50 21 15 16 18 62 35 26 42
