8
0.00831279 0.0 0.0 0.0 0.0 0.0 2.47657e-05 0.12382 0.0859535 0.109336 0.0 0.0 0.0 0.0 0.0 0.0532815 0.0 0.0 0.0 0.0 0.0 0.0 0.0 0.0 0.998979 0.0 0.0 0.0 5.66244e-07 0.0145293 0.0 0.0 0.0 0.0 0.00047484 0.0 0.0 0.0 0.0 2.08616e-07 0.0 0.0 0.228089 6.85453e-07 0.0 0.0 0.0 0.000564456 0.0 0.0 0.0 0.0124618 0.000497043 0.0 0.0 0.0 0.0 0.0 6.1065e-05 0.0 0.00234327 0.272131 0.0 0.0
0.0 0.00268656 0.0 0.0 0.0 0.000145525 0.0 0.0 0.0 0.0 0.0 0.0 0.0 0.0 5.66244e-07 0.0 0.0 0.000708222 0.0 0.0 0.0 0.0 0.0 0.00889185 0.0 0.0 0.0 0.0 0.0 0.0 2.08616e-07 0.0 0.0 0.0 0.0 0.0 0.0 8.25524e-06 7.9751e-05 0.0 0.081373 0.0 0.0 0.0 0.0 0.0 7.24196e-06 0.0 0.0 0.0 0.0 0.0 0.0 0.0 0.0 1.82092e-05 0.991651 0.0 0.0 0.0 0.0 0.0 0.0 0.0
0.0 1.49012e-07 0.0 0.0 0.0 0.0 0.0 0.0 0.0 0.0 0.0 0.0 0.0 0.0 0.969129 0.0 1.19209e-07 0.0 0.0 0.0 0.0 0.0 0.0 0.000324428 0.0 0.000299245 0.0 0.0 0.0 0.0 0.62845 0.0 0.0 0.0 0.0 0.0 0.0 5.36442e-07 0.000358254 0.0 4.20511e-05 0.0 0.0 0.0 0.0 0.0 2.16961e-05 0.0 0.0 0.0 0.0 0.0 0.0 0.0 0.0412876 0.00120413 1.19209e-07 0.0 0.0 0.0 0.0 0.0 0.0 0.0
0.0 0.0 0.000681728 1.78814e-07 0.0 0.0 0.0 0.0 0.0 0.0 0.0 0.999364 0.0 0.0 0.0 0.0 0.0 0.0 0.0 0.000330776 1.78814e-07 0.0 0.0 0.0 0.0 0.0 0.0 0.0 0.0 0.0 0.0 0.000913918 0.0 0.0 0.0 0.0 0.0 0.0 0.0 0.0 0.0 0.0 0.0 0.0 0.0 0.0 0.0 0.0 0.0 0.0 0.0 0.0 0.0 0.0 0.0 0.0 0.0 2.98023e-08 0.0 0.0 0.0 0.0 0.0 0.0
0.0 0.0 1.96695e-06 5.06639e-07 0.0 0.0 0.0 0.0 0.0 0.0 0.0 0.0 0.999958 0.0 0.0 0.0 0.0 0.0 0.0 0.0 8.9407e-08 0.0 0.0 0.0 0.0 0.0 0.0 0.0 0.0 0.0 0.0 0.0 0.0 0.0 0.0 0.0 0.0 0.0 0.0 0.0 0.0 0.0 0.0 0.0 0.0 0.0 0.0 0.0 0.0 0.0 0.0 0.0 0.0 0.0 0.0 0.0 0.0 0.0 0.0 0.0 0.0 0.0 0.0 0.0
0.0 0.0 0.0 0.0 0.0 0.0 0.0 0.0 0.0 0.0 0.0 0.0 0.0 0.0 0.0 0.0 0.0 0.0 0.0 0.0 0.0 0.0 0.0 0.0 0.0 0.0 0.0 0.0 0.0 0.0 0.0 0.0 0.999552 0.0 0.0 0.0 0.0 0.0 0.0 0.0 0.0 0.0 0.0 0.0 0.0 0.0 0.0 0.0 0.0 0.0 0.0 0.0 0.0 0.0 0.0 0.0 0.0 0.0 0.0 0.0 0.0 0.0 0.0 0.0
2.98023e-08 0.0 0.0 0.0 0.0 0.0 0.0 6.91414e-06 2.98023e-08 0.0 0.0 0.0 0.0 0.0 0.0 0.0 0.0 0.0 0.999982 0.0 0.0 0.0 0.0 0.0 5.66244e-07 0.0 0.0 0.0 0.0 9.53674e-07 0.0 0.0 0.0 0.0 0.0 0.0 0.0 0.0 0.0 0.0 0.0 0.0 0.0 0.0 0.0 0.0 0.0 0.0 0.0 0.0 0.0 0.0 0.0 0.0 0.0 0.0 0.0 0.0 0.0 0.0 0.0 0.0 0.0 0.0
0.0 0.0 0.0 0.0 0.0 0.0 0.426237 3.24845e-06 0.000382245 3.8743e-07 0.0 0.0 0.0 0.0 0.0 0.00750974 0.0 0.0 0.0 0.0 0.0 0.0 0.0 0.0 1.28746e-05 0.0 1.44839e-05 0.0 0.0 0.0516204 0.0 0.0 0.0 0.0 0.135096 0.0 0.0 0.0 0.0 0.991568 0.0 0.0 4.07994e-05 0.0548793 0.0 0.0 0.0 5.96046e-08 0.0 0.0 0.0 0.00142106 1.31726e-05 0.0 0.0 0.0 0.0 0.0 0.330013 0.0 0.070642 0.000245988 0.0 0.178932
2.38419e-07 0.0 0.0 0.0 0.0 0.0 0.739612 1.25766e-05 0.215354 8.84235e-05 0.0 0.0 0.0 0.0 0.0 0.656585 0.0 0.0 0.0 0.0 0.0 0.0 0.0 0.0 0.000771642 0.0 0.0 0.0 0.0 0.157796 0.0 0.0 0.0 0.0 0.624676 0.0 1.19209e-07 0.0 0.0 0.21327 0.0 0.0 0.0349741 0.701862 0.0 0.0 0.0 6.94692e-05 0.0 0.0 0.0 0.543727 0.00028047 0.0 0.0 0.0 0.0 0.0 0.982278 0.0 0.697203 0.11271 0.0 0.00137272
0.00136164 0.0 0.0 0.0 0.0 0.0 0.142618 0.0375076 0.882755 0.0390439 0.0 0.0 0.0 0.0 0.0 0.405677 0.0 0.0 0.0 0.0 0.0 0.0 0.0 0.0 0.261692 0.0 0.0 0.0 4.17233e-07 0.987168 0.0 0.0 0.0 0.0 0.371717 0.0 4.91738e-06 0.0 0.0 0.00136539 0.0 0.0 0.637241 5.58197e-05 0.0 0.0 0.0 0.00195953 0.0 0.0 0.0 0.101214 0.000813752 0.0 0.0 0.0 0.0 0.0 0.0199143 0.0 0.438612 0.742489 0.0 1.19209e-07
0.0 0.0 1.13845e-05 8.9407e-08 0.0 0.0 0.0 0.0 0.0 0.0 0.0 2.84612e-05 0.0 0.0 0.0 0.0 0.0 0.0 0.0 0.0 4.17233e-06 0.0 0.0 0.0 0.0 0.0 0.0 0.0 0.0 0.0 0.0 2.08616e-07 0.0 0.0 0.0 1.49012e-07 0.0 0.0 0.0 0.0 0.0 0.0 0.0 0.0 0.0 0.0 0.0 0.0 0.0 0.0 0.0 0.0 0.0 0.0 0.0 0.0 0.0 0.0 0.0 0.0 0.0 0.0 0.0 0.0
0.0 0.0 1.00136e-05 3.03984e-06 0.0 0.0 0.0 0.0 0.0 0.0 0.0 2.64347e-05 0.0 0.0 0.0 0.0 0.0 0.0 0.0 0.0 1.99676e-06 0.0 0.0 0.0 0.0 0.0 0.0 0.0 0.0 0.0 0.0 0.00144935 0.0 0.0 0.0 0.0 0.0 0.0 0.0 0.0 0.0 0.0 0.0 0.0 1.78814e-07 0.0 0.0 0.0 0.0 0.0 0.0 0.0 0.0 0.0 0.0 0.0 0.0 0.0 0.0 0.0 0.0 0.0 0.0 0.0
2.68221e-07 0.0 0.0119231 0.997961 0.0 0.0 0.0 0.0 0.0 0.0 0.0 2.83122e-06 2.00272e-05 0.0 0.0 0.0 0.0 0.0 0.0 2.11596e-06 0.584208 0.00699544 0.0 0.0 0.0 0.0 0.0 0.0 0.0 0.0 0.0 0.00179791 0.0 0.0 0.0 2.08616e-07 0.0 0.0 0.0 0.0 0.0 0.0 0.0 0.0 5.96046e-08 0.0 0.0 0.0 0.0 0.0 0.0 0.0 0.0 0.0 0.0 0.0 0.0 0.0 0.0 0.0 0.0 0.0 0.0 0.0
8.9407e-08 0.0 0.0 2.98023e-08 0.0 0.0 0.0 0.0 0.0 0.0 0.0 0.0 0.0 0.0 0.0 0.0 0.0 0.0 0.0 0.0 8.9407e-08 4.76837e-07 0.0 0.0 0.0 0.0 0.0 0.0 0.0 0.0 0.0 0.00044319 0.0 0.0 0.0 0.999917 0.000833929 0.0 0.0 0.0 0.0 0.0 0.0 0.0 0.0 0.0 0.0 1.09673e-05 0.0 0.0 0.0 0.0 8.9407e-08 0.0 0.0 0.0 0.0 0.0 0.0 0.0 0.0 0.0 0.0 0.0
0.0 0.000185251 0.0 0.0 0.0 0.0 0.0 0.0 0.0 0.0 0.0 0.0 0.0 0.0 0.00124216 0.0 0.0 0.00338215 0.0 0.0 0.0 0.0 0.0 2.94447e-05 0.0 2.68221e-07 0.0 0.0 0.0 0.0 0.000264257 0.0 0.0 0.0 0.0 0.0 0.0 0.00309601 0.974908 0.0 0.284937 0.0 0.0 0.0 0.0 0.0 1.2964e-05 0.0 0.0 0.0 0.0 0.0 0.0 0.0 0.000944316 0.234683 8.9407e-06 0.0 0.0 0.0 0.0 0.0 0.0 0.0
0.0 0.0 0.0 0.0 0.0 0.0 0.0 0.0 0.0 0.0 0.0 0.0 0.0 0.0 0.0 0.0 0.0 0.0 0.0 0.0 0.0 0.0 0.0 0.0 0.0 0.0 0.0 0.0 0.0 0.0 0.0 0.0 0.0 0.0 0.0 0.0 0.0 0.0 0.0 0.0 0.0 0.0 0.0 0.0 0.0 0.0 0.0 0.0 0.0 0.999999 0.0 0.0 0.0 0.0 0.0 0.0 0.0 0.0 0.0 0.0 0.0 0.0 0.0 0.0
0.0 0.0 0.0 0.0 0.0 0.0 0.0 0.0 0.0 0.0 0.0 0.0 0.0 0.0 0.0 0.0 0.0 0.0 0.0 0.0 0.0 0.0 0.0 0.0 0.0 0.0 0.0 0.0 0.0 0.0 0.0 0.0 0.0 0.0 0.0 0.0 0.0 0.0 0.0 0.0 0.0 0.0 0.0 0.0 0.0 0.0 0.0 0.0 0.0 0.0 0.0 0.0 0.0 1.0 0.0 0.0 0.0 0.0 0.0 0.0 0.0 0.0 0.0 0.0
0.0 0.0 0.0 0.0 0.0 0.0 0.0 0.0 0.0 0.0 0.0 0.0 0.0 0.0 0.41272 0.0 0.0 0.0 0.0 0.0 0.0 0.0 0.0 0.000301689 0.0 0.0123055 0.0 0.0 0.0 0.0 0.984392 0.0 0.0 0.0 0.0 0.0 0.0 2.38419e-07 5.21839e-05 0.0 2.02656e-06 0.0 0.0 0.0 0.0 0.0 0.00054872 0.0 0.0 0.0 0.0 0.0 0.0 0.0 0.02072 0.000219315 0.0 0.0 0.0 0.0 0.0 0.0 0.0 0.0
0.0 0.0 0.0 0.0 0.998451 0.0 0.0 0.0 0.0 0.0 0.0 0.0 0.0 0.0 0.0 0.0 0.0 0.0 0.0 1.49012e-07 0.0 0.0 0.0 0.0 0.0 0.0 0.0 0.0 0.0 0.0 0.0 0.0 0.0 0.0 0.0 0.0 0.0 0.0 0.0 0.0 0.0 0.0 0.0 0.0 0.0 0.0 0.0 0.0 0.0 0.0 0.0 0.0 0.0 0.0 0.0 0.0 0.0 0.0 0.0 0.0 0.0 0.0 0.0 0.0
0.0 0.0 0.0 0.0 0.0 0.0 0.0 0.0 0.0 0.0 0.0 2.98023e-08 0.0 0.0 0.0 0.0 0.0 0.0 0.0 1.19209e-07 0.0 0.0 0.0 0.0 0.0 0.0 0.0 0.0 2.98023e-08 0.0 0.0 0.0 0.0 0.0 0.0 0.0 0.0 0.0 0.0 0.0 0.0 0.0 0.0 0.0 0.0 0.0 0.0 0.0 0.0 0.0 0.0 0.0 0.0 0.0 0.0 0.0 0.0 0.999578 0.0 0.0 0.0 0.0 0.0 0.0
0.0 0.0 2.50936e-05 1.18911e-05 8.9407e-08 0.0 0.0 0.0 0.0 0.0 0.0 0.00237647 0.0 0.0 0.0 0.0 0.0 0.0 0.0 0.998667 1.87755e-06 5.66244e-07 0.0 0.0 0.0 0.0 0.0 0.0 8.9407e-08 0.0 0.0 9.23872e-07 0.0 0.0 0.0 1.04308e-06 0.0 0.0 0.0 0.0 0.0 0.0 0.0 0.0 0.0 0.0 0.0 0.0 0.0 0.0 0.0 0.0 0.0 0.0 0.0 0.0 0.0 0.0 0.0 0.0 0.0 0.0 0.0 0.0
8.55327e-06 0.0 0.00565302 0.0169495 0.0 0.0 0.0 2.08616e-07 0.0 2.98023e-08 0.0 7.7486e-07 8.9407e-08 0.0 0.0 0.0 0.0 0.0 0.0 2.71201e-06 0.0313009 0.000210971 0.0 0.0 0.0 0.0 0.0 0.0 0.0 0.0 0.0 7.53999e-06 0.0 0.0 0.0 0.000254452 0.0 0.0 0.0 0.0 0.0 0.0 0.0 0.0 0.0 0.0 0.0 5.06639e-07 0.0 0.0 0.0 0.0 2.98023e-08 0.0 0.0 0.0 0.0 0.0 0.0 0.0 0.0 0.0 0.0 0.0
0.0 0.0 0.0 0.0 0.0 0.0 0.0 0.0 0.0 0.0 0.0 0.0 0.0 0.999962 0.0 0.0 0.0 0.0 0.0 0.0 0.0 0.0 0.803238 0.0 0.0 0.0 0.0 0.0 0.0 0.0 0.0 2.41399e-06 0.0 0.0 0.0 0.0 0.0 0.0 0.0 0.0 0.0 0.0 0.0 0.0 0.0 0.0 0.0 0.0 0.0 0.0 0.0 0.0 0.0 0.0 0.0 0.0 0.0 0.0 0.0 0.0 0.0 0.0 0.0 0.0
0.0 8.9407e-08 0.0 0.0 0.0 0.0 0.0 0.0 0.0 0.0 0.0 0.0 0.0 0.0 5.69224e-05 0.0 0.0 6.94394e-06 0.0 0.0 0.0 0.0 0.0 0.10047 0.0 1.13249e-05 0.0 0.0 0.0 0.0 0.00792587 0.0 0.0 0.0 0.0 0.0 0.0 0.0046421 9.44734e-06 0.0 1.91033e-05 0.0 0.0 0.0 0.0 0.0 0.97713 0.0 0.0 0.0 0.0 0.0 0.0 0.0 5.99027e-06 0.00305942 2.52426e-05 0.0 0.0 0.0 0.0 0.0 0.0 0.0
0.00100639 0.0 2.08616e-07 0.0 0.0 0.0 0.0 0.0306515 2.98023e-07 1.67489e-05 0.0 7.15256e-07 0.0 0.0 0.0 0.0 0.0 0.0 0.0 5.33462e-06 0.0 0.0 0.0 0.0 3.45707e-06 0.0 0.0 0.0 0.998187 0.0 0.0 0.0 0.0 0.0 0.0 1.78814e-07 9.53674e-07 0.0 0.0 0.0 0.0 0.0 2.08616e-07 0.0 0.0 0.0 0.0 2.08616e-07 0.0 0.0 0.0 0.0 5.60582e-05 0.0 0.0 0.0 0.0 1.46031e-06 0.0 0.0 0.0 5.96046e-08 0.0 0.0
0.0 5.69224e-06 0.0 0.0 0.0 0.0 0.0 0.0 0.0 0.0 0.0 0.0 0.0 0.0 0.0106296 0.0 0.0 0.000841022 0.0 0.0 0.0 0.0 0.0 0.00715831 0.0 5.96046e-06 0.0 0.0 0.0 0.0 0.00308064 0.0 0.0 0.0 0.0 0.0 0.0 0.0484599 0.479609 0.0 0.0125943 0.0 0.0 0.0 0.0 0.0 0.00477135 0.0 0.0 0.0 0.0 0.0 0.0 0.0 0.00338802 0.971099 9.32813e-06 0.0 0.0 0.0 0.0 0.0 0.0 0.0
0.00191784 0.0 0.0 0.0 0.0 0.0 5.96046e-08 0.00040096 0.00123051 0.00065434 0.0 0.0 0.0 0.0 0.0 8.67248e-06 0.0 0.0 0.0 0.0 0.0 7.36117e-06 0.0 0.0 0.000102103 0.0 0.0 0.0 1.19507e-05 3.18587e-05 0.0 0.0 0.0 0.0 7.80821e-06 1.2517e-05 1.10269e-06 0.0 0.0 0.0 0.0 0.0 0.00270492 1.49012e-07 0.0 0.0 0.0 0.0350746 0.0 0.0 0.0 0.000819266 0.998741 0.0 0.0 0.0 0.0 0.0 1.69873e-06 0.0 5.96046e-08 3.09348e-05 0.0 0.0
0.0 0.999576 0.0 0.0 0.0 0.0624168 0.0 0.0 0.0 0.0 0.0 0.0 0.0 0.0 2.98023e-08 0.0 0.0 3.27826e-07 0.0 0.0 0.0 0.0 0.0 5.36442e-07 0.0 0.00760308 0.0 0.0 0.0 0.0 0.0 0.0 0.0 0.0 0.0 0.0 0.0 1.19209e-07 0.000134766 0.0 0.000396043 0.0 0.0 0.0 0.0 0.0 0.0 0.0 0.0 0.0 0.0 0.0 0.0 0.0 0.0 7.15256e-07 2.3216e-05 0.0 0.0 0.0 0.0 0.0 0.0 0.0
0.0 0.0 0.0 0.0 0.0 0.0 0.0 0.0 0.0 0.0 0.0 0.0 0.0 0.0 0.0 0.0 1.96695e-06 0.0 0.0 0.0 0.0 0.0 0.0 0.0 0.0 0.0 0.0 0.0 0.0 0.0 0.0 0.0 0.0 0.99932 0.0 0.0 0.0 0.0 0.0 0.0 0.0 0.0 0.0 0.0 0.0 0.0 0.0 0.0 0.0 0.0 0.0 0.0 0.0 0.0 0.0 0.0 0.0 0.0 0.0 1.00136e-05 0.0 0.0 0.0 0.0
4.91142e-05 0.0 0.0 0.0 0.0 0.0 0.135746 0.000773013 0.776832 0.00807801 0.0 0.0 0.0 0.0 0.0 0.995496 0.0 0.0 0.0 0.0 0.0 0.0 0.0 0.0 0.417633 0.0 0.0 0.0 0.0 0.479732 0.0 0.0 0.0 0.0 0.211801 2.98023e-08 6.55651e-07 0.0 0.0 0.000113308 0.0 0.0 0.778094 0.00324276 0.0 0.0 0.0 0.00801444 0.0 0.0 0.0 0.730265 0.000235796 0.0 0.0 0.0 0.0 0.0 0.196969 0.0 0.785985 0.657464 0.0 1.19209e-07
0.0 0.0 0.0 0.0 0.0 0.0 0.0 0.0 0.0 0.0 0.0 0.0 0.0 0.0 0.0 0.0 0.0 0.0 0.0 0.0 0.0 0.0 0.0 0.0 0.0 0.0 0.0 0.0 0.0 0.0 0.0 0.0 0.0 0.0 0.0 0.0 0.0 0.0 0.0 0.0 0.0 0.0 0.0 0.0 0.0 0.0 0.0 0.0 0.0 0.0 0.0 0.0 0.0 0.0 0.0 0.0 0.0 0.0 0.0 0.0 0.0 0.0 0.0 0.0
0.0 0.0 5.96046e-08 2.77162e-06 0.0 0.0 0.0 0.0 0.0 0.0 0.0 0.0 0.0 0.0 0.0 0.0 0.0 0.0 0.0 0.0 5.96046e-08 0.0 0.0 0.0 0.0 0.0 0.0 0.0 0.0 0.0 0.0 0.391763 0.0 0.0 0.0 0.0150496 2.98023e-08 0.0 0.0 0.0 0.0 0.0 0.0 0.0 3.08752e-05 0.0 0.0 0.0 0.0 0.0 0.0 0.0 0.0 0.0 0.0 0.0 0.0 0.0 0.0 0.0 0.0 0.0 0.0 0.0
0.000267059 0.0 0.0 0.0 0.0 0.0 0.00509128 0.000243783 0.877154 0.0223196 0.0 0.0 0.0 0.0 0.0 0.785559 0.0 0.0 0.0 0.0 0.0 2.98023e-07 0.0 0.0 0.0500855 0.0 0.0 0.0 0.0 0.160394 0.0 0.0 0.0 0.0 0.286796 2.98023e-07 9.23872e-07 0.0 0.0 5.39422e-05 0.0 0.0 0.926239 0.0317266 0.0 0.0 0.0 0.165337 0.0 0.0 0.0 0.99318 0.0197168 0.0 0.0 0.0 0.0 0.0 0.26156 0.0 0.0977018 0.276358 0.0 2.98023e-08
0.0 7.30157e-06 0.0 0.0 0.0 2.98023e-08 0.0 0.0 0.0 0.0 0.0 0.0 0.0 0.0 0.000296742 0.0 0.0 1.43051e-05 0.0 0.0 0.0 0.0 0.0 0.92746 0.0 4.44651e-05 0.0 0.0 0.0 0.0 0.00269753 0.0 0.0 0.0 0.0 0.0 0.0 0.00126076 7.28965e-05 0.0 0.000519454 0.0 0.0 0.0 0.0 0.0 0.0655802 0.0 0.0 0.0 0.0 0.0 0.0 0.0 2.11596e-06 0.0099926 0.0021171 0.0 0.0 0.0 0.0 0.0 0.0 0.0
0.0 0.0 0.0 0.0 0.0 0.0 0.0 0.0 0.0 0.0 0.0 0.0 0.0 0.0 0.0 0.0 0.0 0.0 0.0 0.0 0.0 0.0 0.0 0.0 0.0 0.0 0.0 0.999998 0.0 0.0 0.0 0.0 0.0 0.0 0.0 0.0 0.0 0.0 0.0 0.0 0.0 0.0 0.0 0.0 0.0 0.0 0.0 0.0 0.0 0.0 0.0 0.0 0.0 0.0 0.0 0.0 0.0 0.0 0.0 0.0 0.0 0.0 0.0 0.0
0.0 0.0 0.0 0.0 0.0 0.0 0.0 0.0 0.0 0.0 0.0 0.0 0.0 0.0 0.0 0.0 0.0 0.0 0.0 0.0 0.0 0.0 0.0 0.0 0.0 0.0 0.0 0.0 0.0 0.0 0.0 0.00177249 0.0 0.0 0.0 0.0 0.0 0.0 0.0 0.0 0.0 0.0 0.0 0.0 0.999991 0.0 0.0 0.0 0.0 0.0 0.0 0.0 0.0 0.0 0.0 0.0 0.0 0.0 0.0 0.0 0.0 0.0 0.0 0.0
0.0 0.0 0.0 0.0 0.0 0.0 0.0 0.0 0.0 0.0 0.0 0.0 0.0 0.656812 0.0 0.0 0.0 0.0 0.0 0.0 0.0 0.0 0.999991 0.0 0.0 0.0 0.0 0.0 0.0 0.0 0.0 5.96046e-08 0.0 0.0 0.0 0.0 0.0 0.0 0.0 0.0 0.0 0.0 0.0 0.0 0.0 0.0 0.0 0.0 0.0 0.0 0.0 0.0 0.0 0.0 0.0 0.0 0.0 0.0 0.0 0.0 0.0 0.0 0.0 0.0
0.0 0.0 0.0 0.0 0.0 0.0 0.0 0.0 0.0 0.0 0.0 0.0 0.0 0.0 0.0 0.0 5.87106e-06 0.0 0.0 0.0 0.0 0.0 0.0 0.0 0.0 0.0 0.0 0.0 0.0 0.0 0.0 0.0 0.0 8.25524e-06 0.0 0.0 0.0 0.0 0.0 0.0 0.0 0.0 0.0 0.0 0.0 0.0 0.0 0.0 0.0 0.0 0.0 0.0 0.0 0.0 0.0 0.0 0.0 0.0 0.0 0.99965 0.0 0.0 0.0 0.0
0.0 0.0 0.0 0.0 0.0 0.0 0.0 0.0 0.0 0.0 0.0 0.0 0.0 0.0 0.0609535 0.0 0.0 0.0 0.0 0.0 0.0 0.0 0.0 3.57628e-07 0.0 1.38879e-05 0.0 0.0 0.0 0.0 0.08993 0.0 0.0 0.0 0.0 0.0 0.0 4.76837e-07 0.000136018 0.0 3.8743e-07 0.0 0.0 0.0 0.0 0.0 2.57492e-05 0.0 0.0 0.0 0.0 0.0 0.0 0.0 0.958114 0.000329584 0.0 0.0 0.0 0.0 0.0 0.0 0.0 0.0
0.0 0.0 0.0 0.0 0.0 0.0 0.0235883 0.0 8.9407e-08 0.0 0.0 0.0 0.0 0.0 0.0 3.66569e-05 0.0 0.0 0.0 0.0 0.0 0.0 0.0 0.0 0.0 0.0 0.172602 0.0 0.0 1.37091e-05 0.0 0.0 0.0 0.0 0.000417411 0.0 0.0 0.0 0.0 0.231836 0.0 0.0 0.0 0.00444764 0.0 0.0 0.0 0.0 0.0 0.0 0.0 6.25849e-07 0.0 0.0 0.0 0.0 0.0 0.0 0.00391775 0.0 0.00128052 1.19209e-07 0.0 0.980883
0.0 0.0 0.0 0.0 0.0 0.0 0.0 0.0 0.0 0.0 0.0 0.0 0.0 0.0 0.0 0.0 0.0 0.0 0.0 0.0 0.0 0.0 0.0 0.0 0.0 0.0 0.0 0.0 0.0 0.0 0.0 0.0 0.0 0.0 0.0 0.0 0.0 0.0 0.0 0.0 0.0 0.0 0.0 0.0 0.0 0.0 0.0 0.0 0.0 0.0 0.0 0.0 0.0 0.0 0.0 0.0 0.0 0.0 0.0 0.0 0.0 0.0 0.999823 0.0
0.0 0.0 0.0 0.0 0.0 0.0 0.0 0.0 0.0 0.0 0.0 0.0 0.0 0.0 0.0 0.0 0.0 0.0 0.0 0.0 0.0 0.0 0.0 0.0 0.0 0.0 0.0 0.0 0.0 0.0 0.0 0.0 0.0 0.0 0.0 0.0 0.0 0.0 0.0 0.0 0.0 0.0 0.0 0.0 0.0 0.0 0.0 0.0 0.0 0.0 0.999163 0.0 0.0 0.0 0.0 0.0 0.0 0.0 0.0 0.0 0.0 0.0 0.0 0.0
5.69224e-06 0.0 0.0 0.0 0.0 0.0 0.883329 0.000187755 0.314861 0.00095439 0.0 0.0 0.0 0.0 0.0 0.924943 0.0 0.0 0.0 0.0 0.0 0.0 0.0 0.0 0.0670585 0.0 0.0 0.0 0.0 0.702087 0.0 0.0 0.0 0.0 0.720139 0.0 1.66893e-06 0.0 0.0 0.0100155 0.0 0.0 0.102849 0.0198519 0.0 0.0 0.0 8.35955e-05 0.0 0.0 0.0 0.242758 1.53184e-05 0.0 0.0 0.0 0.0 0.0 0.534965 0.0 0.992406 0.342228 0.0 4.52995e-05
1.90735e-06 0.0 0.0 0.0 0.0 0.0 0.55884 2.45869e-05 0.436321 0.000467688 0.0 0.0 0.0 0.0 0.0 0.483025 0.0 0.0 0.0 0.0 0.0 0.0 0.0 0.0 0.00250128 0.0 0.0 0.0 0.0 0.732064 0.0 0.0 0.0 0.0 0.991893 0.0 3.8743e-07 0.0 0.0 0.042402 0.0 0.0 0.184872 0.00531074 0.0 0.0 0.0 0.000739247 0.0 0.0 0.0 0.718345 0.000398904 0.0 0.0 0.0 0.0 0.0 0.561677 0.0 0.864145 0.26874 0.0 5.68926e-05
0.0 0.0 0.0 0.0 0.0 0.0 0.0 0.0 0.0 0.0 0.0 0.0 0.0 0.0 0.0 0.0 1.0 0.0 0.0 0.0 0.0 0.0 0.0 0.0 0.0 0.0 0.0 0.0 0.0 0.0 0.0 0.0 0.0 0.0 0.0 0.0 0.0 0.0 0.0 0.0 0.0 0.0 0.0 0.0 0.0 0.0 0.0 0.0 0.0 0.0 0.0 0.0 0.0 0.0 0.0 0.0 0.0 0.0 0.0 0.0 0.0 0.0 0.0 0.0
0.0 0.0 0.0 0.0 0.0 0.0 0.0 0.0 0.0 0.0 0.0 0.0 0.0 0.0 0.0 0.0 0.0 0.0 0.0 0.0 0.0 0.0 0.0 0.0 0.0 0.0 0.0 0.0 0.0 0.0 0.0 0.0 0.0 0.0 0.0 0.0 0.0 0.0 0.0 0.0 0.0 1.0 0.0 0.0 0.0 0.0 0.0 0.0 0.0 0.0 0.0 0.0 0.0 0.0 0.0 0.0 0.0 0.0 0.0 0.0 0.0 0.0 1.40071e-06 0.0
0.0 4.02331e-06 0.0 0.0 0.0 0.0 0.0 0.0 0.0 0.0 0.0 0.0 0.0 0.0 5.78165e-06 0.0 0.0 0.0646662 0.0 0.0 0.0 0.0 0.0 0.00744423 0.0 0.0 0.0 0.0 0.0 0.0 1.99676e-05 0.0 0.0 0.0 0.0 0.0 0.0 0.929729 0.00870508 0.0 0.00263026 0.0 0.0 0.0 0.0 0.0 0.191242 0.0 0.0 0.0 0.0 0.0 0.0 0.0 1.36197e-05 0.111009 2.93851e-05 0.0 0.0 0.0 0.0 0.0 0.0 0.0
2.68221e-07 0.0 0.0 0.0 0.0 0.0 0.0262372 1.69873e-06 0.0110256 3.63588e-06 0.0 0.0 0.0 0.0 0.0 0.178097 0.0 0.0 0.0 0.0 0.0 0.0 0.0 0.0 0.000133157 0.0 5.96046e-08 0.0 0.0 0.00170523 0.0 0.0 0.0 0.0 0.0215969 0.0 2.98023e-08 0.0 0.0 0.00411326 0.0 0.0 0.00593442 0.992771 0.0 0.0 0.0 5.82933e-05 0.0 0.0 0.0 0.210781 0.000360936 0.0 0.0 0.0 0.0 0.0 0.502935 0.0 0.0214763 0.00206569 0.0 6.29127e-05
0.0 0.275269 0.0 0.0 0.0 0.999719 0.0 0.0 0.0 0.0 0.0 0.0 0.0 0.0 0.0 0.0 0.0 0.0 0.0 0.0 0.0 0.0 0.0 0.0 0.0 1.19209e-07 0.0 0.0 0.0 0.0 0.0 0.0 0.0 0.0 0.0 0.0 0.0 0.0 0.0 0.0 0.0 0.0 0.0 0.0 0.0 0.0 0.0 0.0 0.0 0.0 0.0 0.0 0.0 0.0 0.0 0.0 2.02656e-06 0.0 0.0 0.0 0.0 0.0 0.0 0.0
0.0 4.89056e-05 0.0 0.0 0.0 1.19209e-07 0.0 0.0 0.0 0.0 0.0 0.0 0.0 0.0 3.57628e-07 0.0 0.0 0.0 0.0 0.0 0.0 0.0 0.0 0.0 0.0 0.998923 0.0 0.0 0.0 0.0 0.000123948 0.0 0.0 0.0 0.0 0.0 0.0 0.0 0.0 0.0 0.0 0.0 0.0 0.0 0.0 0.0 0.0 0.0 0.0 0.0 0.0 0.0 0.0 0.0 2.98023e-08 0.0 0.0 0.0 0.0 0.0 0.0 0.0 0.0 0.0
0.0 0.0 0.0 0.0 0.0 0.0 4.82798e-06 0.0 0.0 0.0 0.0 0.0 0.0 0.0 0.0 0.0 0.0 0.0 0.0 0.0 0.0 0.0 0.0 0.0 0.0 0.0 0.965486 0.0 0.0 0.0 0.0 0.0 0.0 0.0 1.19209e-07 0.0 0.0 0.0 0.0 5.08428e-05 0.0 0.0 0.0 1.28448e-05 0.0 0.0 0.0 0.0 0.0 0.0 0.0 0.0 0.0 0.0 0.0 0.0 0.0 0.0 8.34465e-07 0.0 2.98023e-07 0.0 0.0 0.281136
2.08616e-07 0.0 5.75185e-06 0.0165484 0.0 0.0 0.0 0.0 0.0 0.0 0.0 0.0 2.98023e-08 0.0 0.0 0.0 0.0 0.0 0.0 0.0 0.0185595 0.998587 0.0 0.0 0.0 0.0 0.0 0.0 0.0 0.0 0.0 2.98023e-06 0.0 0.0 0.0 1.3411e-06 2.08616e-07 0.0 0.0 0.0 0.0 0.0 5.96046e-08 0.0 0.0 0.0 0.0 0.000266463 0.0 0.0 0.0 0.0 1.46031e-06 0.0 0.0 0.0 0.0 0.0 0.0 0.0 0.0 0.0 0.0 0.0
0.0205275 0.0 0.0317426 0.00010702 1.19209e-07 0.0 0.0 1.10269e-06 0.0 0.00174519 0.0 4.17233e-07 6.25849e-07 0.0 0.0 0.0 0.0 0.0 0.0 1.92821e-05 0.00128084 5.78165e-06 0.0 0.0 1.19209e-07 0.0 0.0 0.0 1.19209e-07 0.0 0.0 0.0 0.0 0.0 0.0 0.00130254 0.0 0.0 0.0 0.0 0.0 0.0 2.08616e-07 0.0 0.0 0.0 0.0 0.000130326 0.0 0.0 0.0 0.0 3.8743e-07 0.0 0.0 0.0 0.0 0.0 0.0 0.0 0.0 0.0 0.0 0.0
0.0 0.0 2.98023e-08 4.91738e-06 0.0 0.0 0.0 0.0 0.0 0.0 0.0 0.0 0.0 5.66244e-07 0.0 0.0 0.0 0.0 0.0 0.0 1.19209e-07 0.0 2.98023e-08 0.0 0.0 0.0 0.0 0.0 0.0 0.0 0.0 0.999974 0.0 0.0 0.0 6.55651e-07 0.0 0.0 0.0 0.0 0.0 0.0 0.0 0.0 0.00971138 0.0 0.0 0.0 0.0 0.0 0.0 0.0 0.0 0.0 0.0 0.0 0.0 0.0 0.0 0.0 0.0 0.0 0.0 0.0
0.0 0.0 0.0 0.0 0.0 0.0 0.0 0.0 0.0 0.0 0.999925 0.0 0.0 0.0 0.0 0.0 0.0 0.0 0.0 0.0 0.0 0.0 0.0 0.0 0.0 0.0 0.0 0.0 0.0 0.0 0.0 0.0 0.0 0.0 0.0 0.0 0.0 0.0 0.0 0.0 0.0 0.0 0.0 0.0 0.0 0.0 0.0 0.0 0.0 0.0 0.0 0.0 0.0 0.0 0.0 0.0 0.0 0.0 0.0 0.0 0.0 0.0 0.0 0.0
0.0 0.00898746 0.0 0.0 0.0 1.2815e-06 0.0 0.0 0.0 0.0 0.0 0.0 0.0 0.0 9.76622e-05 0.0 0.0 0.018019 0.0 0.0 0.0 0.0 0.0 0.000421345 0.0 0.0 0.0 0.0 0.0 0.0 1.21295e-05 0.0 0.0 0.0 0.0 0.0 0.0 0.00101513 0.392468 0.0 0.973688 0.0 0.0 0.0 0.0 0.0 1.46329e-05 0.0 0.0 0.0 0.0 0.0 0.0 0.0 1.01328e-06 0.0076786 0.00263661 0.0 0.0 0.0 0.0 0.0 0.0 0.0
0.0 0.000339836 0.0 0.0 0.0 1.49012e-06 0.0 0.0 0.0 0.0 0.0 0.0 0.0 0.0 2.38419e-07 0.0 0.0 0.953176 0.0 0.0 0.0 0.0 0.0 0.000124663 0.0 0.0 0.0 0.0 0.0 0.0 0.0 0.0 0.0 0.0 0.0 0.0 0.0 0.187506 0.0675346 0.0 0.352415 0.0 0.0 0.0 0.0 0.0 0.000113666 0.0 0.0 0.0 0.0 0.0 0.0 0.0 5.96046e-08 0.0136753 0.00381312 0.0 0.0 0.0 0.0 0.0 0.0 0.0
8.9407e-08 0.0 0.997598 0.0063265 0.0 0.0 0.0 0.0 0.0 0.0 0.0 0.0194399 3.65674e-05 0.0 0.0 0.0 0.0 0.0 0.0 6.02007e-06 0.00202072 1.69873e-05 0.0 0.0 0.0 0.0 0.0 0.0 0.0 0.0 0.0 0.00037685 0.0 0.0 0.0 3.57628e-07 0.0 0.0 0.0 0.0 0.0 0.0 0.0 0.0 0.0 0.0 0.0 0.0 0.0 0.0 0.0 0.0 0.0 0.0 0.0 0.0 0.0 0.0 0.0 0.0 0.0 0.0 0.0 0.0
0.0117245 0.0 0.0 0.0 0.0 0.0 0.0337467 0.0821852 0.931075 0.714328 0.0 0.0 0.0 0.0 0.0 0.502212 0.0 0.0 0.0 0.0 0.0 0.0 0.0 0.0 0.495203 0.0 0.0 0.0 8.04663e-07 0.441224 0.0 0.0 0.0 0.0 0.0802604 0.0 5.66244e-07 0.0 0.0 6.62208e-05 0.0 0.0 0.924985 0.000269383 0.0 0.0 0.0 0.00424972 0.0 0.0 0.0 0.30325 0.00106618 0.0 0.0 0.0 0.0 0.0 0.0631056 0.0 0.127048 0.991629 0.0 0.0
0.0 0.0 0.0 0.0 0.0 0.0 0.0 0.0 0.0 0.0 8.9407e-08 0.0 0.0 0.0 0.0 0.0 0.0 0.0 0.0 0.0 0.0 0.0 0.0 0.0 0.0 0.0 0.0 0.0 0.0 0.0 0.0 0.0 0.0 0.0 0.0 0.0 0.0 0.0 0.0 0.0 0.0 0.0 0.0 0.0 0.0 0.0 0.0 0.0 0.0 0.0 0.0 0.0 0.0 0.0 0.0 0.0 0.0 0.0 0.0 0.0 0.0 0.0 0.0 0.0
2.38419e-07 0.0 0.0 0.0 0.0 0.0 0.985294 2.23517e-05 0.0974641 6.88434e-05 0.0 0.0 0.0 0.0 0.0 0.685635 0.0 0.0 0.0 0.0 0.0 0.0 0.0 0.0 0.00121978 0.0 8.9407e-08 0.0 0.0 0.643832 0.0 0.0 0.0 0.0 0.671899 0.0 1.49012e-07 0.0 0.0 0.303118 0.0 0.0 0.00953528 0.0550313 0.0 0.0 0.0 6.91414e-06 0.0 0.0 0.0 0.0254134 5.54323e-06 0.0 0.0 0.0 0.0 0.0 0.826609 0.0 0.971273 0.179325 0.0 0.00454861
0.0 0.0 0.0 0.0 0.0 0.0 0.0 0.0 0.0 0.0 0.0 0.0 0.0 0.0 0.0 0.0 0.0 0.0 0.0 0.0 0.0 0.0 0.0 0.0 0.0 0.0 0.0 0.0 0.0 0.0 0.0 0.0 0.0 0.0 0.0 0.0 0.0 0.0 0.0 0.0 0.0 0.0 0.0 0.0 0.0 0.0 0.0 0.0 0.993203 0.0 0.0 0.0 0.0 0.0 0.0 0.0 0.0 0.0 0.0 0.0 0.0 0.0 0.0 0.0
0.0 0.0 0.0 0.0 0.0 0.0 0.0 0.0 0.0 0.0 0.0 0.0 0.0 0.0 0.0 0.0 0.0 0.0 0.0 0.0 0.0 0.0 0.0 0.0 0.0 0.0 0.0 0.0 0.0 0.0 1.19209e-07 0.0 0.0 0.0 0.0 0.0 0.0 0.0 0.0 0.0 0.0 0.0 0.0 0.0 0.0 0.0 0.0 0.0 0.0 0.0 0.0 0.0 0.0 0.0 0.0 0.0 0.0 0.0 0.0 0.0 0.0 0.0 0.0 0.0
0.0 0.0 0.0 0.0 0.0 0.0 0.0 0.0 0.0 0.0 0.0 0.0 0.0 0.0 0.0 0.0 0.0 0.0 0.0 0.0 0.0 0.0 0.0 0.0 0.0 0.0 0.0 0.0 0.0 0.0 0.0 0.0 0.0 0.0 0.0 0.0 0.0 0.0 0.0 0.0 0.0 2.80142e-06 0.0 0.0 0.0 0.999211 0.0 0.0 0.0 0.0 0.0 0.0 0.0 0.0 0.0 0.0 0.0 0.0 0.0 0.0 0.0 0.0 0.0 0.0
1.19209e-07 0.0 0.0 0.0 0.0 0.0 0.0 0.000133187 0.00166425 0.000103265 0.0 2.98023e-08 0.0 0.109983 0.0 0.0 1.19209e-07 0.0 0.0 0.0 0.0 0.235524 0.00324628 0.0 3.60608e-05 0.0 0.0 0.0 0.0 3.56436e-05 0.0 0.0 0.0 0.0 0.0 0.0 0.00910279 0.0 0.0 0.0 0.0 0.0 0.000668526 0.00174433 0.0 0.0 0.0 0.999094 0.0 0.0 0.0 0.000307441 0.916024 0.0 0.0 0.0 0.0 0.0 0.000864893 0.0 0.00014165 0.0 0.0 0.0
0.0 0.00563961 0.0 0.0 0.0 0.0 0.0 0.0 0.0 0.0 0.0 0.0 0.0 0.0 0.00109732 0.0 0.0 3.45707e-06 0.0 0.0 0.0 0.0 0.0 5.02467e-05 0.0 0.977362 0.0 0.000369757 0.0 0.0 0.0 0.0 0.0 0.0 0.0 0.0 0.0 0.0 0.000706613 0.0 0.527899 0.0 0.0 0.0 0.0 0.0 1.46031e-06 0.0 0.0 0.0141681 0.0 0.0 0.0 0.0 0.0 0.0529566 0.0209514 0.0 0.0 0.0 0.0 0.0 0.0 0.0
0.0 0.0 0.0 0.0 0.0 0.0 0.0 0.0 0.0 0.0 0.0 0.0 0.0 0.0 0.0 0.0 0.0 0.0 0.0 0.0 0.0 0.0 0.0 0.0 0.0 0.0 0.0 0.0 0.0 0.0 0.0 0.0 0.0 0.999954 0.0 0.0 0.0 0.0 0.0 0.0 0.0 0.0 0.0 0.0 0.0 0.0 0.0 0.0 0.0 0.0 0.0 0.0 0.0 0.0 0.0 0.0 0.0 0.0 0.0 0.0 0.0 0.0 0.0 0.0
2.74181e-06 0.0 0.0 0.976155 0.0 0.0 0.0 0.0 0.0 0.0 0.242028 0.0106743 2.98023e-07 0.0 0.0 0.0 0.00327376 0.0 0.0 0.0 1.78814e-07 3.8743e-07 0.0 0.0 0.000113249 0.0 0.0 0.0 0.000328422 0.0 0.0 0.012908 0.0 0.0 0.0 0.0 0.0 0.0 0.0 0.0 0.0 0.0 0.0 0.0 0.0308634 0.0 0.0 0.0 0.0 0.0 0.0 0.0 8.9407e-08 0.991822 0.0 0.0 0.0 0.000149637 0.0 0.0 0.0 0.0 0.0 0.0
0.0133428 0.0 0.0 0.272692 0.0 0.0 0.0 5.96046e-08 0.0 0.0 0.0126991 0.0113358 7.18236e-05 0.0 0.0 0.0 0.207439 0.0 0.0 0.0 0.0 0.000225425 0.0 0.0 0.0074273 0.0 0.0 0.0 2.98023e-08 0.0 0.0 2.05636e-05 0.0 0.0 0.0 0.0 0.0 0.0 0.0 0.0 0.0 0.0 0.0 0.0 0.999713 0.0 0.0 0.0 0.0 0.0 0.0 0.0 6.73532e-06 0.0414584 0.0 0.0 0.0 5.96046e-06 0.0 0.0 0.0 0.0 0.0 0.0
0.0 0.0 0.0 0.0 0.999995 0.0 0.0 0.0 0.0 0.0 0.0 0.0 0.0 0.0 0.0 0.0 0.0 0.0 0.0 0.0 0.0 0.0 0.0 0.0 0.0 0.0 0.0 0.0 0.0 0.0 0.0 0.0 0.0 0.0 0.0 0.0 0.0 0.0 0.0 0.0 0.0 0.0 0.0 0.0 0.0 0.0 0.0 0.0 0.0 0.0 0.0 0.0 0.0 0.0 0.0 0.0 0.0 0.0 0.0 0.0 0.0 0.0 0.0 0.0
2.08616e-07 0.0 0.0 0.0 0.0 0.0 0.0 1.49012e-07 0.957368 0.804936 0.0 0.0 4.17233e-07 0.985659 0.0 0.0 1.19209e-07 0.0 0.0 0.0 0.0 0.0161117 0.965979 0.0 1.19209e-07 0.0 0.0 0.0 0.0 0.311249 0.0 0.0 0.0 0.0 0.0 0.0 0.986757 0.0 0.0 0.0 0.0 0.0 0.881541 0.732972 0.0 0.0 0.0 0.00113231 0.0 0.0 0.0 0.000101894 0.937802 0.0 0.0 0.0 0.0 0.0 0.611635 0.0 0.760996 6.85453e-07 0.0 0.0
0.0 0.0 0.0 0.0 0.0 0.0 0.0 0.0 0.974543 0.345772 0.0 0.0 5.96046e-08 0.885188 0.0 0.0 0.0 0.0 0.0 0.0 0.0 0.000128299 0.933843 0.0 0.0 0.0 0.0 0.0 0.0 0.193702 0.0 0.0 0.0 0.0 0.0 0.0 0.945028 0.0 0.0 0.0 0.0 0.0 0.564897 0.947283 0.0 0.0 0.0 3.84152e-05 0.0 0.0 0.0 4.26173e-06 0.461456 0.0 0.0 0.0 0.0 0.0 0.818819 0.0 0.84692 1.49012e-07 0.0 0.0
5.66244e-07 0.0 0.0 0.0 0.0 0.0 0.0 0.0 0.818261 0.962784 0.0 0.0 1.19209e-06 0.890894 0.0 0.0 1.19209e-07 0.0 0.0 0.0 0.0 0.0150603 0.959242 0.0 2.08616e-07 0.0 0.0 0.0 0.0 0.787167 0.0 0.0 0.0 0.0 0.0 0.0 0.961392 0.0 0.0 0.0 0.0 0.0 0.984216 0.468523 0.0 0.0 0.0 1.46329e-05 0.0 0.0 0.0 0.000137299 0.876299 0.0 0.0 0.0 0.0 0.0 0.469369 0.0 0.926747 3.99351e-06 0.0 0.0
0.0 0.0 0.0 0.0 0.0 0.0 0.0 4.88758e-06 2.89083e-06 0.0 0.0 0.0 0.0 1.2815e-06 0.0 0.0 0.0 0.0 0.0 0.0 0.0 0.0 1.3411e-06 0.0 0.0 0.0 0.000116467 0.0 0.0 3.30806e-06 0.0 0.0 0.0 0.0 0.0 0.0 2.68221e-07 0.0 0.0 0.0525496 0.0 0.0 1.49012e-07 6.04391e-05 0.0 0.0 0.0 1.87755e-06 0.0 0.0 0.0 0.0 0.000334084 0.0 0.0 0.0 0.0 0.0 9.11951e-06 0.0 4.76837e-07 0.0 0.0 0.0
0.0 0.0 0.0 0.0 0.0 0.0 0.0 0.0 0.0 0.0 0.0 0.0 0.0 0.0 0.0 0.0 0.0 0.0 0.0 0.0 0.0 0.0 0.0 0.0 0.0 0.0 0.0 0.0 8.9407e-08 0.0 0.0 0.0 0.0 0.0 0.0 0.0 0.0 0.0 0.0 0.0 0.0 0.0 0.0 0.0 0.0 0.0 0.0 0.0 0.0 0.0 0.0 0.0 0.0 0.0 0.0 0.0 0.0 2.98023e-08 0.0 0.992964 0.0 0.0 0.0 0.0
0.0 0.0 0.0 8.50856e-05 0.0 0.0 0.0 0.0 0.0 0.0 0.0108424 7.23302e-05 0.0 0.0 0.0 0.0 3.57628e-07 0.0 0.0 0.0 0.0 0.0 0.0 0.0 0.0 0.0 0.0 0.0 0.94056 0.0 0.0 0.998113 0.0 0.0 0.0 0.0 0.0 0.0 0.0 0.0 0.0 0.0 0.0 0.0 2.13683e-05 0.0 0.0 0.0 0.0 0.0 0.0 0.0 0.0 0.000810653 0.0 0.0 0.0 5.59986e-05 0.0 0.0 0.0 0.0 0.0 0.0
0.625546 0.0 0.0 0.920172 0.0 0.0 0.0 1.19209e-07 0.0 9.04202e-05 0.0636128 0.822917 0.199047 6.85453e-07 0.0 0.0 0.999986 0.0 0.0 0.0 8.9407e-08 0.950098 0.0 0.0 0.478982 0.0 0.0 0.0 5.1856e-06 2.98023e-08 0.0 0.00229847 0.0 0.0 0.0 0.0 2.08616e-07 0.0 0.0 0.0 0.0 0.0 9.53674e-07 0.0 0.996668 0.0 0.0 7.98702e-06 0.0 0.0 0.0 1.03414e-05 0.434482 0.555822 0.0 0.0 0.0 6.85453e-07 0.0 0.0 0.0 2.98023e-08 0.0 0.0
0.0 0.0 0.0 1.65999e-05 0.0 0.0 0.0 0.0 0.0 0.0 0.00215405 6.25849e-07 0.0 0.0 0.0 0.0 0.0 0.0 0.0 3.27826e-07 3.8743e-07 0.0 0.0 0.0 0.0 0.0 0.0 0.0 4.58956e-06 0.0 0.0 8.04067e-05 0.0 0.0 0.0 0.0 0.0 0.0 0.0 0.0 0.0 0.0 0.0 0.0 1.19209e-06 0.0 0.0 0.0 0.0 0.0 0.0 0.0 0.0 6.07967e-06 0.0 0.0 0.0 0.999379 0.0 0.0 0.0 0.0 0.0 0.0
0.0 0.00047946 0.0 0.0 0.0 0.0 0.0 0.0 0.0 0.0 0.0 0.0 0.0 0.0 3.27826e-07 0.0 0.0 1.84178e-05 0.0 0.0 0.0 0.0 0.0 0.952149 0.0 0.000311464 0.0 5.00679e-06 0.0 0.0 0.0 0.0 0.0 0.0 0.0 0.0 0.0 0.0 1.49012e-07 0.0 0.0105015 0.0 0.0 0.0 0.0 0.0 0.565948 0.0 0.0 2.3216e-05 0.0 0.0 0.0 0.0 0.0 0.749554 0.980183 0.0 0.0 0.0 0.0 0.0 0.0 0.0
0.0 0.0 0.0 0.0 0.0 0.0 0.0 0.0 8.22544e-06 0.0 0.0 0.0 0.0 1.19209e-07 0.0 0.0 0.0 0.0 0.0 0.0 0.0 0.0 6.25849e-07 0.0 0.0 0.0 0.00379723 0.0 0.0 8.04663e-06 0.0 0.0 0.0 0.0 0.0 0.0 1.19209e-07 0.0 0.0 0.999933 0.0 0.0 5.96046e-08 0.00157484 0.0 0.0 0.0 0.0 0.0 0.0 0.0 0.0 9.83477e-07 0.0 0.0 0.0 0.0 0.0 0.00230139 0.0 5.54323e-06 0.0 0.0 0.0
0.0 0.180532 0.0 0.0 0.0 0.0 0.0 0.0 0.0 0.0 0.0 0.0 0.0 0.0 0.745249 0.0 0.0 0.000554353 0.0 0.0 0.0 0.0 0.0 0.0 0.0 5.93364e-05 0.0 0.695946 0.0 0.0 0.0 0.0 0.0 0.0 0.0 0.0 0.0 1.51992e-06 0.97521 0.0 0.0013994 0.0 0.0 0.0 0.0 0.0 0.0 0.0 0.0 0.0942663 0.0 0.0 0.0 0.0 0.0 0.000125349 7.98702e-06 0.0 0.0 0.0 0.0 0.0 4.91738e-06 0.0
0.0 0.0619971 0.0 0.0 0.0 0.0 0.0 0.0 0.0 0.0 0.0 0.0 0.0 0.0 0.000479728 0.0 0.0 0.000415057 0.0 0.0 0.0 0.0 0.0 0.000297636 0.0 0.502352 0.0 0.00406247 0.0 0.0 0.0 0.0 0.0 0.0 0.0 0.0 0.0 1.19209e-07 0.00114134 0.0 0.989058 0.0 0.0 0.0 0.0 0.0 1.77622e-05 0.0 0.0 0.000505656 0.0 0.0 0.0 0.0 0.0 0.0120662 0.0110858 0.0 0.0 0.0 0.0 0.0 0.0 0.0
0.0 0.0 0.0 4.17233e-07 0.0 0.0 0.0 0.0 0.0 0.0 0.0 1.78814e-07 0.0 0.0 0.0 0.0 0.0 0.0 0.0 5.42402e-06 3.21567e-05 0.0 0.0 0.0 0.0 0.0 0.0 0.0 0.0870931 0.0 0.0 2.08616e-07 0.0 0.0 0.0 0.995714 0.0 0.0 0.0 0.0 0.0 0.0 0.0 0.0 0.0 0.0 0.0 0.0 0.0 0.0 0.0 0.0 0.0 0.0 0.0 0.0 0.0 2.98023e-08 0.0 0.0 0.0 0.0 0.0 0.0
0.0117837 0.0 0.0 0.0324084 0.0 0.0 0.0 1.78814e-07 0.0 8.9407e-08 0.000885487 0.000420988 0.0 0.0 0.0 0.0 0.0123706 0.0 0.0 0.0 0.0 0.0226803 0.0 0.0 0.989573 0.0 0.0 0.0 8.9407e-08 0.0 0.0 5.69224e-06 0.0 0.0 0.0 0.0 0.0 0.0 0.0 0.0 0.0 0.0 0.0 0.0 0.198226 0.0 0.0 5.06639e-07 0.0 0.0 0.0 0.0 0.000379175 0.0014838 0.0 0.0 0.0 8.64267e-07 0.0 0.0 0.0 0.0 0.0 0.0
0.9995 0.0 0.0 0.000110835 0.0 0.0 0.0 0.0 0.0 5.21839e-05 1.51992e-06 0.0597262 9.98378e-06 8.9407e-08 0.0 0.0 0.141638 0.0 0.0 0.0 0.0 0.00774702 0.0 0.0 0.0269245 0.0 0.0 0.0 0.0 0.0 0.0 0.0 0.0 0.0 0.0 0.0 1.78814e-07 0.0 0.0 0.0 0.0 0.0 3.57628e-07 0.0 0.201219 0.0 0.0 2.98023e-08 0.0 0.0 0.0 0.0 0.00565386 2.08914e-05 0.0 0.0 0.0 0.0 0.0 0.0 0.0 1.07288e-06 0.0 0.0
0.000123143 0.0 0.0 0.047099 0.0 0.0 0.0 0.0 0.0 0.0 0.0344354 0.998594 5.75185e-06 0.0 0.0 0.0 0.00542206 0.0 0.0 0.0 5.96046e-08 0.00015074 0.0 0.0 0.000214159 0.0 0.0 0.0 0.000429451 0.0 0.0 0.0172191 0.0 0.0 0.0 0.0 0.0 0.0 0.0 0.0 0.0 0.0 0.0 0.0 0.00601545 0.0 0.0 5.96046e-08 0.0 0.0 0.0 0.0 0.000153333 0.239949 0.0 0.0 0.0 3.58224e-05 0.0 0.0 0.0 0.0 0.0 0.0
0.0 0.0 2.38419e-06 0.0 0.0 0.0 0.0 0.0 0.0 0.0 1.19209e-07 0.0 0.0 0.0 0.0 0.0 0.0 0.0 0.0 0.999879 0.0 0.0 0.0 0.0 0.0 0.0 0.0 0.0 2.98023e-08 0.0 0.0 0.0 0.0 0.0 0.0 3.57628e-07 0.0 0.0 0.0 0.0 0.0 0.0 0.0 0.0 0.0 0.0 0.0 0.0 0.0 0.0 0.0 0.0 0.0 0.0 0.0 0.0 0.0 3.57628e-07 0.0 0.0 0.0 0.0 0.0 0.0
0.0 0.965951 0.0 0.0 0.0 0.0 0.0 0.0 0.0 0.0 0.0 0.0 0.0 0.0 0.727425 0.0 0.0 0.0591162 0.0 0.0 0.0 0.0 0.0 3.17693e-05 0.0 0.000957817 0.0 0.930344 0.0 0.0 0.0 0.0 0.0 0.0 0.0 0.0 0.0 4.47035e-06 0.343036 0.0 0.165623 0.0 0.0 0.0 0.0 0.0 1.69873e-06 0.0 0.0 0.0189318 0.0 0.0 0.0 0.0 0.0 0.0286179 0.00481492 0.0 0.0 0.0 0.0 0.0 0.0 0.0
0.0 0.0 0.0 0.0 0.0 0.0 0.0 9.23872e-07 0.972993 0.0855864 0.0 0.0 0.0 0.506953 0.0 0.0 0.0 0.0 0.0 0.0 0.0 8.37445e-06 0.794471 0.0 0.0 0.0 0.0 0.0 0.0 0.119755 0.0 0.0 0.0 0.0 0.0 0.0 0.640591 0.0 0.0 1.54972e-06 0.0 0.0 0.214231 0.987608 0.0 0.0 0.0 3.44813e-05 0.0 0.0 0.0 1.01328e-06 0.0566002 0.0 0.0 0.0 0.0 0.0 0.677068 0.0 0.566808 0.0 0.0 0.0
0.0 0.0 0.0 0.0 0.0 0.0 0.0 0.0 0.0 0.0 0.0 0.0 0.0 0.0 0.0 0.0 0.0 0.0 0.0 0.0 0.0 0.0 0.0 0.0 0.0 0.0 0.0 0.0 0.0 0.0 0.0 0.0 0.0 0.000121742 0.0 0.0 0.0 0.0 0.0 0.0 0.0 0.0 0.0 0.0 0.0 0.0 0.0 0.0 0.0 0.0 0.0 0.0 0.0 0.0 0.0 0.0 0.0 0.0 0.0 0.0 0.0 0.0 0.0 0.0
1.2517e-06 0.0 0.0 8.49366e-06 0.0 0.0 0.0 0.00354353 0.0858273 0.479779 0.0 5.66244e-07 0.694348 0.365591 0.0 0.0 0.000273526 0.0 0.0 0.0 0.0 0.123434 0.529247 0.0 4.85778e-06 0.0 0.0 0.0 0.0 0.141873 0.0 0.0 0.0 0.0 0.0 0.0 0.573864 0.0 0.0 0.0 0.0 0.0 0.48708 0.0189517 2.47359e-05 0.0 0.0 0.0198707 0.0 0.0 0.0 0.999997 0.0150072 4.76837e-07 0.0 0.0 0.0 0.0 0.00684464 0.0 0.160792 1.19209e-07 0.0 0.0
0.0 0.0488418 0.0 0.0 0.0 0.0 0.0 0.0 0.0 0.0 0.0 0.0 0.0 0.0 0.168259 0.0 0.0 6.4522e-05 0.0 0.0 0.0 0.0 0.0 6.25849e-07 0.0 0.0425536 0.0 0.0737768 0.0 0.0 0.0 0.0 0.0 0.0 0.0 0.0 0.0 5.96046e-08 0.612801 0.0 0.00308096 0.0 0.0 0.0 0.0 0.0 2.98023e-08 0.0 0.0 0.914319 0.0 0.0 0.0 0.0 0.0 0.00961417 0.000362247 0.0 0.0 0.0 0.0 0.0 1.19209e-07 0.0
0.0 0.0 0.0 0.0 0.0 0.0 0.0 0.0 0.0 0.0 0.0 0.0 0.0 0.0 0.0 0.0 0.0 0.0 0.0 0.0 0.0 0.0 0.0 0.0 0.0 0.0 0.0 0.0 0.0 0.0 0.0 0.0 0.0 0.0 0.999889 0.0 0.0 0.0 0.0 0.0 0.0 0.0 0.0 0.0 0.0 0.0 0.0 0.0 0.0 0.0 0.0 0.0 0.0 0.0 0.0 0.0 0.0 0.0 0.0 0.0 0.0 0.0 0.0 0.0
0.0 0.0 0.0 0.0 0.0 0.0 0.0 0.0 5.66244e-07 0.0 0.0 0.0 0.0 0.0 0.0 0.0 0.0 0.0 0.0 0.0 0.0 0.0 8.9407e-08 0.0 0.0 0.0 0.124321 0.0 0.0 6.25849e-07 0.0 0.0 0.0 0.0 0.0 0.0 0.0 0.0 0.0 0.991045 0.0 0.0 0.0 9.48906e-05 0.0 0.0 0.0 0.0 0.0 0.0 0.0 0.0 1.49012e-07 0.0 0.0 0.0 0.0 0.0 0.000198901 0.0 3.27826e-07 0.0 0.0 7.86781e-06
0.0 2.98023e-08 0.0 0.0 0.0 0.0 0.0 0.0 0.0 0.0 0.0 0.0 0.0 0.0 1.83582e-05 0.0 0.0 0.0 0.0 0.0 0.0 0.0 0.0 0.0 0.0 0.0 0.0 3.8147e-06 0.0 0.0 0.0 0.0 0.0 0.0 0.0 0.0 0.0 0.0 0.00033322 0.0 0.0 0.0 0.0 0.0 0.0 0.0 0.0 0.0 0.0 1.19209e-07 0.0 0.0 0.0 0.0 0.0 0.0 0.0 0.0 0.0 0.0 0.0 0.0 0.999537 0.0
5.96046e-08 0.0 0.0 0.0915193 0.0 0.0 0.0 0.0 0.0 0.0 0.996526 0.0425256 5.96046e-08 0.0 0.0 0.0 2.49147e-05 0.0 0.0 2.98023e-08 0.0 2.98023e-08 0.0 0.0 4.17233e-07 0.0 0.0 0.0 1.14143e-05 0.0 0.0 0.0455265 0.0 0.0 0.0 0.0 0.0 0.0 0.0 0.0 0.0 0.0 0.0 0.0 0.00817645 0.0 0.0 0.0 0.0 0.0 0.0 0.0 0.0 0.117462 0.0 0.0 0.0 0.00540563 0.0 0.0 0.0 0.0 0.0 0.0
4.50015e-06 0.0 0.0 0.0025588 0.0 0.0 0.0 0.0 0.0 6.32405e-05 0.0 1.85072e-05 0.999905 5.66244e-07 0.0 0.0 0.0244711 0.0 0.0 0.0 5.96046e-08 0.000755429 5.96046e-08 0.0 1.19209e-07 0.0 0.0 0.0 0.0 0.0 0.0 0.0 0.0 0.0 0.0 0.0 4.17233e-07 0.0 0.0 0.0 0.0 0.0 2.08616e-07 0.0 0.000917524 0.0 0.0 0.0 0.0 0.0 0.0 4.38988e-05 6.32405e-05 8.22544e-06 0.0 0.0 0.0 0.0 0.0 0.0 0.0 1.19209e-07 0.0 0.0
0.0 0.051859 0.0 0.0 0.0 0.0 0.0 0.0 0.0 0.0 0.0 0.0 0.0 0.0 0.795648 0.0 0.0 0.000167936 0.0 0.0 0.0 0.0 0.0 0.0 0.0 5.60284e-06 0.0 0.872468 0.0 0.0 0.0 0.0 0.0 0.0 0.0 0.0 0.0 1.49012e-06 0.698575 0.0 0.000187188 0.0 0.0 0.0 0.0 0.0 0.0 0.0 0.0 0.0305631 0.0 0.0 0.0 0.0 0.0 8.93772e-05 3.36766e-06 0.0 0.0 0.0 0.0 0.0 8.34465e-07 0.0
2.68221e-07 0.0 0.0 0.0 0.0 0.0 0.0 0.0 0.0 9.62615e-06 0.0 0.0 1.19209e-07 0.0 0.0 0.999996 0.0 0.0 0.0 0.0 0.0 2.98023e-07 8.9407e-08 0.0 0.0 0.0 0.0 0.0 0.0 5.96046e-08 0.0 0.0 0.0 0.0 0.0 0.0 1.19209e-07 0.0 0.0 0.0 0.0 0.0 2.08616e-07 0.0 0.0 0.0 0.0 0.0 0.0 0.0 0.0 0.0 4.76837e-07 0.0 0.0 0.0 0.0 0.0 0.0 0.0 0.0 0.199847 0.0 0.0
0.0 0.0 0.999995 1.75834e-06 0.0 0.0 0.0 0.0 0.0 0.0 0.0 0.0 0.0 0.0 0.0 0.0 0.0 0.0 0.0 4.91738e-06 1.19209e-07 0.0 0.0 0.0 0.0 0.0 0.0 0.0 0.0 0.0 0.0 0.0 0.0 0.0 0.0 0.0 0.0 0.0 0.0 0.0 0.0 0.0 0.0 0.0 0.0 0.0 0.0 0.0 0.0 0.0 0.0 0.0 0.0 0.0 0.0 0.0 0.0 0.0 0.0 0.0 0.0 0.0 0.0 0.0
0.0 0.0 0.0 1.38879e-05 0.0 0.0 0.0 0.0 0.0 0.0 0.0 1.19209e-07 6.25849e-07 0.0 0.0 0.0 0.0 0.0 0.0 1.19209e-07 0.998832 0.0 0.0 0.0 0.0 0.0 0.0 0.0 0.0 0.0 0.0 0.0 0.0 0.0 0.0 3.33786e-06 0.0 0.0 0.0 0.0 0.0 0.0 0.0 0.0 0.0 0.0 0.0 0.0 0.0 0.0 0.0 0.0 0.0 1.78814e-07 0.0 0.0 0.0 8.9407e-08 0.0 0.0 0.0 0.0 0.0 0.0
0.0 0.056401 0.0 0.0 0.0 0.0 0.0 0.0 0.0 0.0 0.0 0.0 0.0 0.0 0.0049412 0.0 0.0 0.886976 0.0 0.0 0.0 0.0 0.0 2.19643e-05 0.0 1.01328e-06 0.0 0.0238708 0.0 0.0 0.0 0.0 0.0 0.0 0.0 0.0 0.0 1.16229e-06 0.00141826 0.0 0.000680149 0.0 0.0 0.0 0.0 0.0 0.000100166 0.0 0.0 7.44164e-05 0.0 0.0 0.0 0.0 0.0 3.14116e-05 5.00381e-05 0.0 0.0 0.0 0.0 0.0 0.0 0.0
0.0 3.21865e-06 0.0 0.0 0.0 0.0 0.0 0.0 0.0 0.0 0.0 0.0 0.0 0.0 0.0 0.0 0.0 0.000125915 0.0 0.0 0.0 0.0 0.0 0.641017 0.0 1.54972e-06 0.0 5.96046e-08 0.0 0.0 0.0 0.0 0.0 0.0 0.0 0.0 0.0 0.0 0.0 0.0 0.000166297 0.0 0.0 0.0 0.0 0.0 0.977695 0.0 0.0 1.19209e-07 0.0 0.0 0.0 0.0 0.0 0.00560665 0.21516 0.0 0.0 0.0 0.0 0.0 0.0 0.0
0.0 0.0 0.0 0.0 0.0 0.0 0.0 0.0 0.184943 0.000194997 0.0 0.0 0.0 0.0286334 0.0 0.0 0.0 0.0 0.0 0.0 0.0 2.77162e-06 0.045585 0.0 0.0 0.0 0.0 0.0 0.0 0.000422686 0.0 0.0 0.0 0.0 0.0 0.0 0.0215591 0.0 0.0 1.49012e-07 0.0 0.0 0.00686821 0.129153 0.0 0.0 0.0 0.00155559 0.0 0.0 0.0 1.19209e-07 0.8887 0.0 0.0 0.0 0.0 0.0 0.870836 0.0 0.0169975 0.0 0.0 0.0
0.0 0.0 0.0 0.0 0.0 0.0 0.0 0.0 0.0 0.0 0.0 0.0 0.0 0.0 0.0 0.0 0.0 0.0 0.0 0.0 0.0 0.0 0.0 0.0 0.0 0.0 0.0 0.0 0.0 0.0 8.9407e-08 0.0 0.0 0.0 0.0 0.0 0.0 0.0 0.0 0.0 0.0 0.0 0.0 0.0 0.0 0.0 0.0 0.0 0.0 0.0 0.0 0.0 0.0 0.0 0.0 0.0 0.0 0.0 0.0 0.0 0.0 0.0 0.0 0.0
0.0 0.0 0.0 0.0 0.0 1.0 0.0 0.0 0.0 0.0 0.0 0.0 0.0 0.0 0.0 0.0 0.0 0.0 0.0 0.0 0.0 0.0 0.0 0.0 0.0 0.0 0.0 0.0 0.0 0.0 0.0 0.0 0.0 0.0 0.0 0.0 0.0 0.0 0.0 0.0 0.0 0.0 0.0 0.0 0.0 0.0 0.0 0.0 0.0 0.0 0.0 0.0 0.0 0.0 0.0 0.0 0.0 0.0 0.0 0.0 0.0 0.0 0.0 0.0
2.17557e-06 0.0 0.0 0.0 0.0 0.0 0.0 8.9407e-08 0.888356 0.93906 0.0 0.0 2.41399e-06 0.954223 0.0 0.0 7.7486e-07 0.0 0.0 0.0 0.0 0.0160259 0.931474 0.0 1.04308e-06 0.0 0.0 0.0 0.0 0.302891 0.0 0.0 0.0 0.0 0.0 0.0 0.979069 0.0 0.0 0.0 0.0 0.0 0.846198 0.288458 0.0 0.0 0.0 0.000162095 0.0 0.0 0.0 4.24385e-05 0.744719 0.0 0.0 0.0 0.0 0.0 0.0826371 0.0 0.634971 7.45058e-07 0.0 0.0
0.0 0.0 0.0 0.0 0.0 0.0 0.0 9.23872e-07 0.591202 0.390738 0.0 0.0 0.0 0.660406 0.0 0.0 0.0 0.0 0.0 0.0 0.0 0.000490069 0.963189 0.0 0.0 0.0 0.0 0.0 0.0 0.994737 0.0 0.0 0.0 0.0 0.0 0.0 0.801491 0.0 0.0 2.08616e-07 0.0 0.0 0.937232 0.457452 0.0 0.0 0.0 4.72069e-05 0.0 0.0 0.0 0.000112087 0.250629 0.0 0.0 0.0 0.0 0.0 0.163674 0.0 0.960189 1.19209e-07 0.0 0.0
0.0 0.123499 0.0 0.0 0.0 0.0 0.0 0.0 0.0 0.0 0.0 0.0 0.0 0.0 0.9781 0.0 0.0 0.000260949 0.0 0.0 0.0 0.0 0.0 0.0 0.0 2.54512e-05 0.0 0.781351 0.0 0.0 0.0 0.0 0.0 0.0 0.0 0.0 0.0 3.30806e-06 0.750404 0.0 0.000249505 0.0 0.0 0.0 0.0 0.0 0.0 0.0 0.0 0.110203 0.0 0.0 0.0 0.0 0.0 0.000136346 1.54376e-05 0.0 0.0 0.0 0.0 0.0 1.10269e-06 0.0
0.0 0.0 0.0 0.0 0.0 0.0 0.0 0.0 0.0 0.0 0.0 0.0 0.0 0.0 0.0 0.0 0.0 0.0 0.0 0.0 0.0 0.0 0.0 0.0 0.0 0.0 0.0 0.0 0.0 0.0 0.0 0.0 0.0 0.0 0.0 0.0 0.0 0.0 0.0 0.0 0.0 0.0 0.0 0.0 0.0 0.0 0.0 0.0 0.999999 0.0 0.0 0.0 0.0 0.0 0.0 0.0 0.0 0.0 0.0 0.0 0.0 0.0 0.0 0.0
0.0 0.0572481 0.0 0.0 0.0 0.0 0.0 0.0 0.0 0.0 0.0 0.0 0.0 0.0 0.000149608 0.0 0.0 9.27448e-05 0.0 0.0 0.0 0.0 0.0 0.397168 0.0 0.00918633 0.0 0.00137851 0.0 0.0 0.0 0.0 0.0 0.0 0.0 0.0 0.0 0.0 2.23517e-05 0.0 0.0698303 0.0 0.0 0.0 0.0 0.0 0.0195013 0.0 0.0 0.00232717 0.0 0.0 0.0 0.0 0.0 0.972195 0.97723 0.0 0.0 0.0 0.0 0.0 0.0 0.0
0.00011307 0.0 0.0 0.0 0.0 0.0 0.0 0.0 0.104709 0.99283 0.0 2.98023e-08 0.000255167 0.445082 0.0 0.0 4.03523e-05 0.0 0.0 0.0 0.0 0.359536 0.534856 0.0 1.01328e-06 0.0 0.0 0.0 0.0 0.165806 0.0 0.0 0.0 0.0 0.0 0.0 0.675245 0.0 0.0 0.0 0.0 0.0 0.967566 0.0126342 1.78814e-07 0.0 0.0 2.26498e-06 0.0 0.0 0.0 3.82364e-05 0.843971 0.0 0.0 0.0 0.0 0.0 0.00634766 0.0 0.21691 4.63128e-05 0.0 0.0
0.0 0.0 0.0 0.0 0.0 0.0 0.0 0.0 0.0 0.0 0.0 0.0 0.0 0.0 0.0 0.0 0.0 0.0 0.999988 0.0 0.0 0.0 0.0 0.0 0.0 0.0 0.0 0.0 0.0 0.0 0.0 0.0 0.0 0.0 0.0 0.0 0.0 0.0 0.0 0.0 0.0 0.0 0.0 0.0 0.0 0.0 0.0 0.0 0.0 0.0 0.0 0.0 0.0 0.0 0.003034 0.0 0.0 0.0 0.0 0.0 0.0 0.0 0.0 0.0
0.0 0.0 0.0 0.0 0.0 0.0 0.0 0.0 0.00842309 0.0114202 0.0 0.0 5.96046e-08 0.0537858 0.0 0.0 2.98023e-07 0.0 0.0 0.0 0.0 0.0120064 0.0112962 0.0 1.19209e-07 0.0 0.0 0.0 0.0 0.000417739 0.0 0.0 0.0 0.0 0.0 0.0 0.026439 0.0 0.0 5.66244e-07 0.0 0.0 0.0120758 0.00218502 0.0 0.0 0.0 0.00304618 0.0 0.0 0.0 6.25849e-07 0.999789 0.0 0.0 0.0 0.0 0.0 0.188486 0.0 0.00150123 2.98023e-08 0.0 0.0
0.0 0.0 0.0 0.0 0.0 0.0 0.0 0.0 0.0 0.0 0.0 0.0 0.0 0.0 0.0 0.0 0.0 0.0 0.0 0.0 0.0 0.0 0.0 0.0 0.0 0.0 0.0 0.0 0.0 0.0 0.0 0.0 1.0 0.0 0.0 0.0 0.0 0.0 0.0 0.0 0.0 0.0 0.0 0.0 0.0 0.0 0.0 0.0 0.0 0.0 0.0 0.0 0.0 0.0 0.0 0.0 0.0 0.0 0.0 0.0 0.0 0.0 0.0 0.0
5.51343e-06 0.0 0.0 0.99987 0.0 0.0 0.0 8.9407e-08 0.0 0.0 0.103202 0.000811845 0.000440955 0.0 0.0 0.0 0.0183033 0.0 0.0 0.0 1.59442e-05 0.000129133 0.0 0.0 0.00796002 0.0 0.0 0.0 1.66595e-05 0.0 0.0 0.000616312 0.0 0.0 0.0 0.0 0.0 0.0 0.0 0.0 0.0 0.0 0.0 0.0 0.0873172 0.0 0.0 0.0 0.0 0.0 0.0 1.49012e-07 8.52346e-06 0.912821 0.0 0.0 0.0 2.80142e-06 0.0 0.0 0.0 0.0 0.0 0.0
0.000731081 0.0 0.0 2.11596e-06 0.0 0.0 0.0 0.0 1.64211e-05 0.16975 0.0 0.000223011 0.000856221 0.00868553 0.0 0.0 0.0212276 0.0 0.0 0.0 0.0 0.999561 0.00044927 0.0 0.00143409 0.0 0.0 0.0 0.0 0.000314474 0.0 0.0 0.0 0.0 0.0 0.0 0.00360322 0.0 0.0 0.0 0.0 0.0 0.0399644 2.05636e-06 0.000261039 0.0 0.0 0.00144827 0.0 0.0 0.0 0.00125921 0.990724 3.57628e-07 0.0 0.0 0.0 0.0 7.15256e-07 0.0 6.15418e-05 2.10106e-05 0.0 0.0
0.0 0.0 0.0 0.0 0.0 0.0 0.0 0.0 0.0 0.0 0.0 0.0 0.0 0.0 0.0 0.0 0.0 0.0 0.00138482 0.0 0.0 0.0 0.0 0.0 0.0 0.0 0.0 0.0 0.0 0.0 0.0 0.0 0.0 0.0 0.0 0.0 0.0 0.0 0.0 0.0 0.0 0.0 0.0 0.0 0.0 0.0 0.0 0.0 0.0 0.0 0.0 0.0 0.0 0.0 0.999867 0.0 0.0 0.0 0.0 0.0 0.0 0.0 0.0 0.0
0.0 0.0 0.0 0.0 0.0 0.0 0.0 0.0 0.0 0.0 0.0 0.0 0.0 0.0 0.0 0.0 0.0 0.0 0.0 0.0 0.0 0.0 0.0 0.0 0.0 0.0 0.0 0.0 0.0 0.0 0.0 0.0 0.0 0.0 0.0 0.0 0.0 0.991176 0.0 0.0 0.0 0.0 0.0 0.0 0.0 0.0 0.0 0.0 0.0 0.0 0.0 0.0 0.0 0.0 0.0 0.0 0.0 0.0 0.0 0.0 0.0 0.0 0.0 0.0
0.0 0.267105 0.0 0.0 0.0 0.0 0.0 0.0 0.0 0.0 0.0 0.0 0.0 0.0 0.0174991 0.0 0.0 0.42269 0.0 0.0 0.0 0.0 0.0 0.000263631 0.0 0.00206783 0.0 0.0742569 0.0 0.0 0.0 0.0 0.0 0.0 0.0 0.0 0.0 2.20537e-06 0.00817823 0.0 0.372752 0.0 0.0 0.0 0.0 0.0 7.61449e-05 0.0 0.0 0.000593632 0.0 0.0 0.0 0.0 0.0 0.00302005 0.00370282 0.0 0.0 0.0 0.0 0.0 0.0 0.0
0.0 0.0165128 0.0 0.0 0.0 0.0 0.0 0.0 0.0 0.0 0.0 0.0 0.0 0.0 0.000436306 0.0 0.0 9.56655e-06 0.0 0.0 0.0 0.0 0.0 0.0104626 0.0 0.0151419 0.0 0.00195879 0.0 0.0 0.0 0.0 0.0 0.0 0.0 0.0 0.0 0.0 0.000722885 0.0 0.00780818 0.0 0.0 0.0 0.0 0.0 0.000217319 0.0 0.0 0.16585 0.0 0.0 0.0 0.0 0.0 0.980563 0.75133 0.0 0.0 0.0 0.0 0.0 0.0 0.0
0.0 0.0 0.0 3.15905e-06 0.0 0.0 0.0 0.0 0.0 0.0 1.84178e-05 2.36332e-05 0.0 0.0 0.0 0.0 0.0 0.0 0.0 0.0 0.0 0.0 0.0 0.0 0.0 0.0 0.0 0.0 0.999932 0.0 0.0 0.118927 0.0 0.0 0.0 5.00679e-06 0.0 0.0 0.0 0.0 0.0 0.0 0.0 0.0 5.96046e-08 0.0 0.0 0.0 0.0 0.0 0.0 0.0 0.0 6.76215e-05 0.0 0.0 0.0 1.60933e-06 0.0 0.0 0.0 0.0 0.0 0.0
8.9407e-08 0.0 0.0 0.0 0.0 0.0 0.0 0.0 0.806322 0.741465 0.0 0.0 5.96046e-08 0.739794 0.0 0.0 0.0 0.0 0.0 0.0 0.0 0.000937253 0.956654 0.0 2.98023e-08 0.0 0.0 0.0 0.0 0.932736 0.0 0.0 0.0 0.0 0.0 0.0 0.879424 0.0 0.0 2.98023e-08 0.0 0.0 0.947072 0.70845 0.0 0.0 0.0 3.62098e-05 0.0 0.0 0.0 8.49962e-05 0.330398 0.0 0.0 0.0 0.0 0.0 0.410219 0.0 0.985693 3.57628e-07 0.0 0.0
0.0 0.0 0.0 0.0 0.0 0.0 0.0 0.0 0.0 0.0 0.0 0.0 0.0 0.0 0.0 0.0 0.0 0.0 0.0 0.0 0.0 0.0 0.0 0.0 0.0 0.0 0.0 0.0 0.0 0.0 0.999842 0.0 0.0 0.0 0.0 0.0 0.0 0.0 0.0 0.0 0.0 0.0 0.0 0.0 0.0 0.0 0.0 0.0 0.0 0.0 0.0 0.0 0.0 0.0 0.0 0.0 0.0 0.0 0.0 8.9407e-08 0.0 0.0 0.0 0.0
2.68221e-07 0.0 0.0 0.0 0.0 0.0 0.0 1.19209e-07 0.944729 0.897921 0.0 0.0 2.38419e-07 0.974244 0.0 0.0 1.49012e-07 0.0 0.0 0.0 0.0 0.00747427 0.981445 0.0 5.96046e-08 0.0 0.0 0.0 0.0 0.655315 0.0 0.0 0.0 0.0 0.0 0.0 0.983324 0.0 0.0 0.0 0.0 0.0 0.955335 0.667601 0.0 0.0 0.0 0.000306487 0.0 0.0 0.0 0.000130594 0.769884 0.0 0.0 0.0 0.0 0.0 0.46152 0.0 0.933741 5.06639e-07 0.0 0.0
0.0 0.0 0.0 0.0 0.0 0.0 0.999985 0.0 0.0 0.0 0.0 0.0 0.0 0.0 0.0 0.0 0.0 0.0 0.0 0.0 0.0 0.0 0.0 0.0 0.0 0.0 0.0 0.0 0.0 0.0 0.0 0.0 0.0 0.0 0.0 0.0 0.0 0.0 0.0 0.0 0.0 0.0 0.0 0.0 0.0 0.0 0.0 0.0 0.0 0.0 0.0 0.0 0.0 0.0 0.0 0.0 0.0 0.0 0.0 0.0 0.0 0.0 0.0 0.0
0.0 0.0 0.0 0.0 0.0 0.0 0.0 0.0 0.0 0.0 0.0 0.0 0.0 0.0 0.0 0.0 0.0 0.0 0.0 0.0 0.0 0.0 0.0 0.0 0.0 0.0 0.0 0.0 0.0 0.0 0.0 0.0 0.0 0.0 0.0 0.0 0.0 0.0 0.0 0.0 0.0 0.0 0.0 0.0 0.0 0.0 0.0 0.0 0.0 0.0 0.0 0.0 0.0 0.0 0.0 0.0 0.0 0.0 0.0 0.0 0.0 0.0 0.0 0.0
7.80821e-06 0.0 0.0 0.0 0.0 0.0 0.0 0.0 6.86944e-05 0.00262272 0.0 2.08616e-07 0.000226408 0.000344396 0.0 0.219269 2.44379e-06 0.0 0.0 0.0 0.0 0.0019426 0.000295669 0.0 0.0 0.0 0.0 0.0 0.0 3.1203e-05 0.0 0.0 0.0 0.0 0.0 0.0 0.00054884 0.0 0.0 0.0 0.0 0.0 0.00339603 1.83284e-05 5.96046e-08 0.0 0.0 9.53674e-07 0.0 0.0 0.0 1.46031e-06 0.0433576 0.0 0.0 0.0 0.0 0.0 9.92417e-06 0.0 0.000102192 0.999985 0.0 0.0
7 39 63 45 41 50 26 52 8 58 61 48 5 32 51 21 42 60 6 18 4 12 3 11 36 22 13 35 44 16 53 31 20 19 57 2 14 38 54 10 0 24 28 33 23 46 37 59 47 43 34 27 1 56 17 30 9 29 15 49 25 55 40 62
