8
0.0 0.0 0.0 0.0 0.0 0.0 0.0 0.0 0.0 0.0 0.0 0.0 0.0 0.0 0.0 0.0 0.0 0.0 0.0 0.0 0.0 0.999832 0.0 0.0 0.0 0.0 0.0 0.0 0.0 0.0 0.0 0.0 0.0 0.0 0.0 0.0 0.0 0.0 0.0 0.0 0.0 0.0 0.0 0.0 0.0 0.0 0.0 0.0 0.0 0.0 0.0 0.0 0.0 0.0 0.0 0.0 0.0 0.0 1.19209e-07 0.0 2.08616e-06 0.0 0.0 0.0
0.0765297 0.0543579 0.0 5.96046e-08 0.0 0.0178149 0.999999 0.0 0.0 0.0 8.49366e-06 0.0 5.96046e-08 0.0 0.0 0.0334577 1.43349e-05 3.00407e-05 0.0 0.0 0.0 0.0 1.78814e-07 0.0 0.0 0.0 0.0 0.0 3.9041e-06 0.0 0.50393 0.0 0.000246972 1.19209e-07 0.0 0.0 0.0 0.0 0.0 0.0 0.0 0.0 0.0 3.8743e-07 0.000424057 0.0 2.11596e-06 0.0730743 0.0 0.262195 0.0 0.0 0.0 3.66569e-06 0.0 0.0 9.76622e-05 0.0 0.0 0.00430712 0.0 0.0 0.0 2.98023e-08
0.000270128 0.715476 0.0 0.0 0.0 0.226426 8.9407e-08 0.0 0.0 0.0 0.0 0.0147463 0.843293 0.0 0.0 0.00467372 9.82583e-05 0.0 0.0 5.54323e-06 0.0 0.0 0.0 2.92063e-06 0.0 0.0 0.9449 0.0 0.42506 0.0 0.144948 0.0 0.0 5.84126e-06 0.0 0.0 0.0 0.0 0.0 0.0 5.39422e-06 0.0 0.0 2.68221e-07 0.0 0.0 0.0 1.10269e-06 0.0 0.0 5.36144e-05 0.0001688 8.9407e-08 2.98023e-08 0.0 2.39015e-05 0.913747 0.000103801 0.999505 0.000360847 0.0 7.98702e-06 0.0 0.00447506
1.16229e-06 1.69873e-06 0.0 8.9407e-08 0.0 0.0 1.20103e-05 0.0 0.0 0.0 3.27826e-07 0.0 0.0 6.25849e-07 0.0 7.15256e-07 0.000191182 1.19209e-07 0.0 0.0 0.0 0.0 0.85686 0.0 0.0 0.0 0.0 0.0 0.0 0.0 1.43051e-06 0.0 0.0 0.191112 2.64049e-05 0.0 0.0 9.74536e-06 0.0 0.0 0.0 0.0 0.0 0.0715651 0.0 0.0 0.0 7.80821e-06 0.0 2.38419e-07 0.0 0.0 0.0 0.999999 0.0 0.0 0.0 0.0 0.0 2.98023e-08 0.0 0.0 0.0 0.0
0.0408318 0.999999 0.0 3.27826e-07 0.0 0.00270024 1.18613e-05 0.0 0.0 0.0 0.0 0.789579 0.999981 0.0 0.0 0.00161901 4.70877e-06 0.0 0.0 2.26498e-06 0.0 0.0 0.0 0.0 0.0 0.0 1.00732e-05 0.0 0.0126306 0.0 0.566639 0.0 0.0 0.0 0.0 0.0 0.0 0.0 0.0 0.0 0.000152558 0.0 0.0 8.9407e-08 1.2517e-06 0.0 0.0 0.00264454 0.0 0.0 0.003535 2.12789e-05 0.0 0.0 0.0 0.0 0.0202093 0.000158221 0.0271088 0.00103977 0.0 1.49012e-07 1.49012e-07 0.00257
2.0504e-05 2.53022e-05 0.0 0.0 0.0 0.0 1.38283e-05 0.0 0.0 0.0 0.0 0.0 3.8743e-07 0.0 0.0 3.84152e-05 0.997719 0.0 0.0 0.0 0.0 0.0 0.0 0.0 0.0 0.0 0.0 0.0 0.0115013 0.0 4.9293e-05 0.0 0.0 0.184461 0.0 0.0 0.0 0.0 0.0 0.0 0.0 0.0 0.0 1.43051e-05 0.0 0.0 0.0 1.83582e-05 0.0 0.0 0.0 0.0 0.0 7.7486e-07 0.0 0.0 0.0 0.0 0.0 6.31213e-05 0.0 3.06964e-06 0.0 0.0
0.0 0.0 0.000226706 0.0 0.0 0.0 0.0 0.0 0.0 0.0 0.0 4.17233e-07 1.49012e-07 0.0 0.0 0.0 0.0 0.0 8.34465e-07 0.0 0.0 0.0 0.0 0.0 0.0 0.0 0.999963 0.0 0.000622839 0.0 2.68221e-07 0.0 0.0 1.78814e-07 0.0 0.0 0.0 0.0 0.0 0.0 0.0 0.0 0.0 0.0 0.0 0.0 0.0 0.0 0.0 0.0 0.0 0.0 0.0 0.0 0.0 1.49012e-07 0.0 0.0 5.06639e-06 8.9407e-08 0.0 1.32918e-05 0.0 0.0
5.96046e-07 1.49012e-07 0.0 0.0 0.0 0.0 0.0 0.0 0.0 4.80413e-05 6.55651e-07 0.0 0.0 0.0 0.0 0.00348869 0.0 0.00133857 0.0 0.0 0.0 0.0 0.0 0.0 0.0 0.0 0.0 0.0 0.0 0.0 0.0 0.0 1.19209e-07 0.0 0.0 0.0 0.0 0.0 0.0 0.0 0.0 0.0 0.0 0.0 0.990291 0.0 0.0 0.0 0.0 0.000159919 0.0 0.0 0.0 0.0 0.0 0.0 5.28693e-05 0.0 5.96046e-08 0.0 0.0 0.0 0.0 0.0
0.0 0.0 0.0 0.0 0.0 0.0 0.0 0.0 0.0 0.0 0.0 0.000343919 0.00197044 0.0 0.0 0.0 0.0 0.0 0.0 0.999985 0.0 0.0 0.0 0.0 0.0 0.0 0.0 0.0 0.0 0.0 0.0 1.49012e-07 0.0 0.0 0.0 0.0 0.0 0.0 0.0 0.0 0.000647336 0.0 0.0 0.0 0.0 0.0 0.0 0.0 0.0 0.0 1.49608e-05 0.0 0.0 0.0 0.0 0.0 0.0 0.0 0.285657 0.0 8.9407e-08 0.0 1.3113e-06 8.52644e-05
5.54323e-06 0.0239024 0.0 0.0 0.0 6.58631e-06 0.0 0.0 0.0 0.0 0.0 0.0202871 0.953895 0.0 0.0 0.0 4.38094e-06 0.0 0.0 5.96046e-08 0.0 0.0 0.0 3.63588e-06 0.0 0.0 0.679218 0.0 0.999178 0.0 0.00487038 0.0 0.0 9.23872e-07 0.0 0.0 0.0 0.0 0.0 0.0 5.66244e-07 0.0 0.0 0.0 0.0 0.0 0.0 1.19209e-07 0.0 0.0 3.33786e-06 0.000113428 0.0 0.0 0.0 2.98023e-06 6.73532e-06 7.12276e-06 0.865938 6.34193e-05 0.0 1.49012e-07 0.0 0.00174513
0.0 0.0 0.0 0.0 0.0 0.0 0.0 0.0 0.0 0.0 0.0 0.249835 0.00307053 0.0 0.0 0.0 0.0 0.0 2.00868e-05 0.0 0.0 0.0 0.0 0.98089 0.0 0.0 0.000786215 0.0 0.0 0.0 0.0 0.0 0.0 0.0 0.0 0.0 0.0 0.0 0.0 0.0 4.47631e-05 0.0 0.0 0.0 0.0 0.0 0.0 0.0 0.0 0.0 7.7486e-07 5.63264e-06 0.78406 0.0 0.0 0.153287 0.0 0.0 0.00424764 0.0 0.0 0.0 0.0 4.23193e-06
0.0 3.8445e-06 0.0 0.0 0.0 0.0 0.0 0.0 0.0 0.0 0.0 0.987755 0.631248 0.0 0.0 0.0 0.0 0.0 0.0 0.701655 0.0 0.0 0.0 5.90086e-06 0.0 0.0 1.18017e-05 0.0 4.6432e-05 0.0 1.19209e-07 0.0 0.0 0.0 0.0 0.0 0.0 0.0 0.0 0.0 0.0526469 0.0 0.0 0.0 0.0 0.0 0.0 0.0 0.0 0.0 0.0117863 0.197499 1.49012e-07 0.0 0.0 5.96046e-08 2.98023e-08 0.0 0.973234 0.0 0.0 0.0 1.19209e-07 0.999974
0.0 1.41561e-05 0.0 0.0 0.0 0.0 0.0 0.0 0.0 0.0 0.0 0.999925 0.980572 0.0 0.0 0.0 0.0 0.0 1.19507e-05 0.15501 0.0 0.0 0.0 0.0050801 0.0 0.0 0.000495344 0.0 0.000363082 0.0 1.99676e-06 0.0 0.0 0.0 0.0 0.0 0.0 0.0 0.0 0.0 0.920587 0.0 0.0 0.0 0.0 0.0 0.0 0.0 0.0 0.0 0.0120143 0.00230783 0.000101149 0.0 0.0 1.31428e-05 9.83477e-07 0.0 0.999997 0.0 1.49012e-07 0.0 3.72529e-05 0.843505
0.0 5.96046e-08 0.0 2.89083e-05 0.0 0.0 1.13249e-06 0.0 0.0 0.0 0.997967 0.0 0.0 0.000156343 0.0 0.965406 0.0 0.812672 0.0 0.0 0.0 0.0 1.10269e-06 0.0 0.0 0.0 0.0 0.0 0.0 0.0 0.0 0.0 1.78814e-07 0.0 0.0 0.0 1.01328e-06 0.122192 0.0 0.0 0.0 0.0 0.0 0.00677833 4.17233e-07 0.0 6.16908e-06 0.0 0.0538894 0.91374 0.0 0.0 0.0 2.36928e-05 0.0 0.0 1.49012e-07 0.0 0.0 0.0 0.0 0.0 0.0 0.0
0.817985 0.0242032 0.0 0.0 0.0 3.25739e-05 0.000246257 0.0 0.0 0.0 0.0 0.0399005 0.282322 0.0 0.0 0.00138739 5.49853e-05 0.0 0.0 1.49012e-07 0.0 0.0 0.0 1.19209e-07 0.0 0.0 3.24845e-06 0.0 0.0076102 0.0 0.999996 0.0 0.0 9.71556e-06 0.0 0.0 0.0 0.0 0.0 0.0 1.19209e-07 0.0 0.0 0.0 6.55651e-07 0.0 0.0 0.249705 0.0 1.19209e-07 1.19209e-07 0.00216722 0.0 0.0 0.0 8.34465e-07 0.117691 1.49012e-07 0.000608802 0.122553 0.0 1.49012e-07 0.0 0.00194433
0.995323 0.0738202 0.0 0.0 0.0 0.0165192 4.75943e-05 0.0 0.0 0.0 0.0 0.999258 0.999766 0.0 0.0 2.41995e-05 2.72989e-05 0.0 1.37985e-05 4.40478e-05 0.0 0.0 0.0 0.00188518 0.0 0.0 0.000350863 0.0 0.0416183 0.0 0.999987 0.0 0.0 4.73857e-06 0.0 0.0 0.0 0.0 0.0 0.0 0.00714368 0.0 0.0 0.0 3.8147e-06 0.0 0.0 0.615811 0.0 0.0 9.34005e-05 0.223359 7.36415e-05 0.0 0.0 0.18769 0.0173624 0.0733919 0.997342 0.870163 0.0 2.97427e-05 0.000452697 0.351344
0.0 2.68221e-07 0.0 0.0 0.0 0.0 0.0 0.0 0.0 0.0 0.0 0.933388 0.66322 0.0 0.0 0.0 0.0 0.0 1.19209e-07 0.00739983 0.0 0.0 0.0 0.00125974 0.0 0.0 1.25766e-05 0.0 4.67896e-06 0.0 5.96046e-08 0.0 0.0 0.0 0.0 0.0 0.0 0.0 0.0 0.0 0.0473742 0.0 0.0 0.0 0.0 0.0 0.0 0.0 0.0 0.0 0.0232874 0.0665373 4.17233e-05 0.0 0.0 1.2517e-05 0.0 0.0 0.963387 0.0 0.0 0.0 2.08616e-07 0.733789
0.146233 0.276623 0.0 0.0 0.0 0.997201 0.0233652 0.0 0.0 0.0 0.0 5.36442e-07 0.000453204 0.0 0.0 8.57115e-05 0.000184953 2.98023e-08 0.0 0.0 0.0 0.0 0.0 0.0 0.0 0.0 0.0 0.0 0.204409 0.0 0.821767 0.0 0.0 1.19209e-07 0.0 0.0 0.0 0.0 0.0 0.0 0.0 0.0 0.0 0.0 5.36442e-07 0.0 0.0 0.0419064 0.0 3.57628e-07 0.0 0.0 0.0 5.96046e-08 0.0 0.0 9.48906e-05 1.91927e-05 7.55191e-05 0.772018 0.0 3.57628e-07 0.0 0.0
0.0 0.0 0.0 0.0 0.0 0.0 0.0 0.999999 0.0 0.0 0.0 0.0 0.0 0.0 0.0 0.0 0.0 0.0 0.0 0.0 0.0 0.0 0.0 0.0 0.0 0.0 0.0 0.0 0.0 0.0 0.0 0.0 0.0 0.0 0.0 0.0 0.0 0.0 0.0 0.0 0.0 0.0 0.0 0.0 0.0 0.0 0.0 0.0 0.0 0.0 0.0 0.0 0.0 0.0 0.0 0.0 0.0 0.0 0.0 0.0 0.0 0.0 0.0 0.0
0.0 3.03388e-05 0.0 0.0 0.0 2.98023e-08 0.0 0.0 0.0 0.0 0.0 0.99999 0.999991 0.0 0.0 0.0 2.98023e-08 0.0 1.72853e-06 0.161197 0.0 0.0 0.0 0.0017634 0.0 0.0 5.57303e-06 0.0 0.00131172 0.0 8.27014e-05 0.0 0.0 0.0 0.0 0.0 0.0 0.0 0.0 0.0 0.999363 0.0 0.0 0.0 0.0 0.0 0.0 0.0 0.0 0.0 0.961091 0.49388 7.51019e-05 0.0 0.0 0.000176758 2.98023e-08 9.83477e-07 0.999928 1.19209e-07 0.0 0.0 0.0202451 0.782186
0.000106156 1.43051e-06 0.0 2.12193e-05 0.0 8.64267e-07 4.39882e-05 0.0 0.0 0.0 0.213369 0.0 0.0 3.39746e-06 0.0 0.98158 0.0 0.999979 0.0 0.0 0.0 0.0 0.0 0.0 0.0 0.0 0.0 0.0 0.0 0.0 1.19209e-07 0.0 1.10269e-06 0.0 0.0 0.0 0.0 0.000230491 0.0 0.0 0.0 0.0 0.0 7.56681e-05 2.5034e-05 0.0 4.17233e-07 1.49012e-07 3.06964e-06 0.899019 0.0 0.0 0.0 7.18236e-06 0.0 0.0 6.41644e-05 0.0 0.0 0.0 0.0 0.0 0.0 0.0
0.0 0.0 0.0 1.49012e-07 0.0 0.0 0.0 0.0 0.0 0.0 0.00280905 0.0 0.0 0.997414 0.0 1.07288e-06 0.0 0.015318 0.0 0.0 0.0 0.0 1.12355e-05 0.0 0.0 0.0 0.0 0.0 0.0 0.0 0.0 0.0 1.19209e-07 0.0 0.0 3.57628e-07 0.000736684 0.00875059 0.0 0.0 0.0 0.0 0.0 1.49012e-07 0.0 0.0 2.14577e-06 0.0 0.849067 0.000440329 0.0 0.0 0.0 0.000422925 0.0 0.0 0.0 0.0 0.0 0.0 0.0 0.0 0.0 0.0
0.0221772 0.998941 0.0 0.0 0.0 0.0392701 1.28746e-05 0.0 0.0 0.0 0.0 0.99998 1.0 0.0 0.0 2.34544e-05 5.95748e-05 0.0 2.98023e-08 0.014066 2.50936e-05 0.0 0.0 0.0526796 0.0 0.0 0.0137955 0.0 0.0581022 0.0 0.969858 1.4782e-05 0.0 1.84774e-06 0.0 0.0 0.0 0.0 0.0 3.09944e-06 0.997209 0.0 0.0 0.0 2.16663e-05 0.0 0.0 0.0206545 0.0 0.0 0.999985 0.998593 0.0054726 0.0 0.0 0.664285 0.210272 0.872144 0.985168 0.11117 6.85453e-07 6.85453e-07 0.712886 0.97567
0.0 0.0 0.0 0.0 0.0 0.0 0.0 0.0 0.0 0.0 0.0 0.0102539 0.870623 0.0 0.0 0.0 0.0 0.0 0.0 0.0 0.0 0.0 0.0 0.0393712 0.0 0.0 1.09673e-05 0.0 0.0 0.0 0.0 0.0 0.0 0.0 0.0 0.0 0.0 0.0 0.0 0.0 0.000733256 0.0 0.0 0.0 0.0 0.0 0.0 0.0 0.0 0.0 0.00385311 1.60933e-06 0.00178972 0.0 0.0 0.00705507 0.0 0.0 0.000121295 0.0 5.96046e-08 0.0 9.35793e-06 3.27826e-07
0.0 0.0 0.0 0.0 0.0 0.0 0.0 0.0 0.0 0.0 0.0 0.0 0.0 0.0 0.0 0.0 0.0 0.0 0.0376241 0.0 0.0 2.11596e-06 0.0 0.0 0.0 1.19209e-07 1.49012e-07 0.0 0.0 1.49012e-06 0.0 9.23872e-07 0.0 0.0 0.0 0.0 0.0 0.0 0.0 0.0 0.0 0.0 0.0 0.0 0.0 0.0 0.0 0.0 0.0 0.0 0.0 0.0 0.0 0.0 0.0 0.0 0.0 0.0 1.49012e-07 0.0 0.999997 0.0 7.7486e-07 0.0
0.0 0.0 0.0 0.0 0.0 0.0 0.0 0.0 0.0 0.0 0.0 0.0 0.0 0.0 0.0 0.0 0.0 0.0 0.0 0.0 0.0 0.0 0.0 0.0 0.0 0.0 0.0 0.0 0.0 1.19209e-07 0.0 0.996182 0.0 0.0 0.0 0.0 0.0 0.0 0.0 0.0 5.96046e-08 0.0 0.0 0.0 0.0 0.0 0.0 0.0 0.0 0.0 0.0 0.0 0.0 0.0 0.0 0.0 0.0 0.0 0.0 0.0 2.98023e-08 0.0 0.0238494 0.0
0.0 1.49012e-07 0.0 0.0 0.0 0.0 0.0 0.0 0.0 0.0 0.0 0.698386 0.918981 0.0 0.0 0.0 0.0 0.0 0.0 0.00259936 0.0 0.0 0.0 2.68221e-07 0.0 0.0 1.49012e-07 0.0 0.0 0.0 0.0 1.19209e-07 0.0 0.0 0.0 0.0 0.0 0.0 0.0 0.0 0.994226 0.0 0.0 0.0 0.0 0.0 0.0 0.0 0.0 0.0 0.998852 0.00155777 8.9407e-08 0.0 0.0 8.9407e-08 0.0 0.0 0.0107476 0.0 2.98023e-08 0.0 0.0162638 0.00187811
0.960611 0.000189006 0.0 0.0 0.0 6.4671e-06 0.00159976 0.0 0.0 0.0 0.0 5.96046e-08 2.98023e-08 0.0 0.0 6.85453e-07 0.0 0.0 0.0 0.0 0.0 0.0 0.0 0.0 0.0 0.0 0.0 0.0 1.06394e-05 0.0 0.0405481 0.0 0.0 0.0 0.0 0.0 0.0 0.0 0.0 0.0 0.0 0.0 0.0 0.0 0.0 0.0 0.0 0.999982 0.0 0.0 0.0 0.0 0.0 0.0 0.0 0.0 6.25849e-07 0.0 0.0 0.00184813 0.0 5.81145e-06 0.0 0.0
1.16229e-06 0.0 0.0 1.05202e-05 0.0 0.0 4.23193e-06 0.0 0.0 0.0 2.62558e-05 0.0 0.0 4.38094e-06 0.0 3.27826e-07 0.0 4.52995e-06 0.0 0.0 0.0 0.0 0.996278 0.0 0.0 0.0 0.0 0.0 0.0 0.0 0.0 0.0 0.0 5.96046e-07 0.0 0.0 0.0 4.09186e-05 0.0 0.0 0.0 0.0 0.0 1.60933e-06 0.0 0.0 0.0 0.0 3.36766e-06 2.68221e-07 0.0 0.0 0.0 0.322439 0.0 0.0 0.0 0.0 0.0 0.0 0.0 0.0 0.0 0.0
8.64267e-07 2.44379e-06 0.0 2.0206e-05 0.0 2.98023e-08 1.80006e-05 0.0 0.0 0.0 0.890072 0.0 0.0 0.00587094 0.0 0.93962 0.0 0.232792 0.0 0.0 0.0 0.0 9.64999e-05 0.0 0.0 0.0 0.0 0.0 0.0 0.0 0.0 0.0 0.00355899 0.0 0.0 1.49012e-07 1.77324e-05 0.020106 0.0 0.0 0.0 0.0 0.0 0.199922 1.04308e-06 0.0 0.00816664 1.19209e-07 0.0758983 0.993185 0.0 0.0 0.0 0.0337736 0.0 0.0 1.09971e-05 0.0 0.0 0.0 0.0 0.0 0.0 0.0
0.0 2.05636e-06 0.0 0.99996 0.0 0.0 1.99676e-06 0.0 0.0 0.0 1.2368e-05 0.0 0.0 1.19209e-06 0.0 1.23978e-05 8.9407e-08 1.01328e-06 0.0 0.0 0.0 0.0 0.00468233 0.0 0.0 0.0 0.0 0.0 0.0 0.0 0.0 0.0 0.0 0.0 0.0 0.0 0.0 0.000789553 0.0 0.0 0.0 0.0 0.0 2.08616e-07 0.0 0.0 0.0 0.0 5.96046e-08 3.27826e-07 0.0 0.0 0.0 0.00212389 0.0 0.0 0.0 0.0 0.0 0.0 0.0 0.0 0.0 0.0
0.0 0.0 0.0 0.0 0.0 0.0 0.0 0.0 0.0 0.0 0.0 0.0 0.0 0.0 0.0 0.0 0.0 0.0 0.0 0.0 0.0 0.0 0.0 0.0 0.0 0.0 0.0 0.0 0.0 0.0 0.0 0.0 0.0 0.0 0.0 0.0 0.0 0.0 0.0 0.0 0.0 0.0 0.0 0.0 0.0 0.997642 0.0 0.0 0.0 0.0 0.0 0.0 0.0 8.9407e-08 0.0 0.0 0.0 0.0 0.0 0.0 0.0 0.0 0.0 0.0
0.0 0.0 0.0 0.0 0.0 0.0 0.0 0.0 0.0 0.0 0.0 2.98023e-08 0.0 0.0 0.0 0.0 0.0 0.0 0.0 1.78814e-07 3.72529e-06 0.0 0.0 0.0 0.0 0.0 0.0 0.0 0.0 0.0 0.0 0.0 0.0 0.0 0.0 0.0 0.0 0.0 0.0 0.991188 2.98023e-08 0.0 0.0 0.0 0.0 0.0 0.0 0.0 0.0 0.0 0.0 0.0 0.0 0.0 0.0 0.0 0.0 0.0 9.53674e-07 0.0 0.0 0.0 2.85208e-05 8.9407e-08
0.0 0.0 0.0 0.0 0.0 0.0 0.0 0.0 0.0 0.0 0.0 0.0 0.0 0.0 0.0 0.0 0.0 0.0 1.10269e-06 0.0 0.0 0.0 0.0 0.0 0.0 0.00880978 0.0 0.0 0.0 0.996683 0.0 1.19209e-07 0.0 0.0 0.0 0.0 0.0 0.0 0.0 0.0 0.0 0.0 0.0 0.0 0.0 0.0 0.0 0.0 0.0 0.0 0.0 0.0 0.0 0.0 0.0 0.0 0.0 0.0 0.0 0.0 3.24845e-06 0.0 0.0 0.0
0.0 0.0 0.0 0.00874862 0.0 0.0 0.0 0.0 0.0 0.0 0.685587 0.0 0.0 0.00130486 0.0 0.11194 0.0 0.0775105 0.0 0.0 0.0 0.0 0.000212461 0.0 0.0 0.0 0.0 0.0 0.0 0.0 0.0 0.0 0.0 0.0 0.0 0.0 5.96046e-08 0.998823 0.0 0.0 0.0 0.0 0.0 1.40667e-05 0.0 0.0 0.0 0.0 0.000378042 0.00029242 0.0 0.0 0.0 0.00306517 0.0 0.0 0.0 0.0 0.0 0.0 0.0 0.0 0.0 0.0
0.00119898 0.999635 0.0 2.7895e-05 0.0 0.00199234 8.07643e-06 0.0 0.0 0.0 0.0 2.53022e-05 0.00688633 0.0 0.0 0.202475 8.9407e-08 0.0 0.0 1.66893e-06 0.0 0.0 0.0 0.0 0.0 0.0 0.0 0.0 0.000191569 0.0 0.0480898 0.0 0.0 0.0 0.0 0.0 0.0 0.0 0.0 0.0 0.0 0.0 0.0 1.49012e-07 2.2918e-05 0.0 0.0 5.63264e-06 0.0 1.19209e-07 0.0 0.0 0.0 8.9407e-08 0.0 0.0 0.997424 0.0 0.00815645 8.64267e-07 0.0 0.0 0.0 0.000176966
0.0 0.0 0.0 0.0 0.0 0.0 0.0 0.0 0.0 0.0 0.0 0.0186958 0.00022307 0.0 0.0 0.0 0.0 0.0 0.000133157 0.0 0.0 0.0 0.0 0.6325 0.0 0.0 7.51019e-05 0.0 0.0 0.0 0.0 0.0 0.0 0.0 0.0 0.0 0.0 0.0 0.0 0.0 6.64592e-06 0.0 0.0 0.0 0.0 0.0 0.0 0.0 0.0 0.0 0.0 0.0 0.98205 0.0 0.0 0.0807873 0.0 0.0 0.000146449 0.0 0.0 0.0 0.0 2.98023e-08
0.0 0.0 0.0 0.0 0.0 0.0 1.2517e-06 0.0 0.0 0.0 2.89977e-05 0.0 0.0 8.34465e-06 0.0 8.40425e-06 0.0 2.22325e-05 0.0 0.0 0.0 0.0 0.0 0.0 0.0 0.0 0.0 0.0 0.0 0.0 0.0 0.0 0.00720242 0.0 0.0 0.0 0.0 0.0 0.0 0.0 0.0 0.0 0.0 5.96046e-08 0.0 0.0 0.998976 0.0 2.08616e-07 0.00716344 0.0 0.0 0.0 0.0 4.14252e-06 0.0 0.0 0.0 0.0 0.0 0.0 0.0 0.0 0.0
0.0 0.0 0.998369 0.0 0.0 0.0 0.0 0.0 0.0 0.0 0.0 0.0 0.0 0.0 0.0 0.0 0.0 0.0 1.5527e-05 0.0 0.0 0.0 0.0 0.0 0.0 0.0 0.985855 0.0 0.0 0.0 0.0 0.0 0.0 0.0 0.0 0.0 0.0 0.0 0.0 0.0 0.0 0.0 0.0 0.0 0.0 0.0 0.0 0.0 0.0 0.0 0.0 0.0 0.0 0.0 0.0 1.78814e-06 0.0 0.0 0.0 0.0 0.0 2.38419e-07 0.0 0.0
0.0 0.0 0.0 0.0 0.0 0.0 0.0 0.0 0.999998 0.0 0.0 0.0 0.0 0.0 0.0 0.0 0.0 0.0 0.0 0.0 0.0 0.0 0.0 0.0 0.0 0.0 0.0 0.0 0.0 0.0 0.0 0.0 0.0 0.0 0.0 0.0 0.0 0.0 0.0 0.0 0.0 0.0 0.0 0.0 0.0 0.0 0.0 0.0 0.0 0.0 0.0 0.0 0.0 0.0 0.0 0.0 0.0 0.0 0.0 0.0 0.0 0.0 0.0 0.0
6.28829e-06 0.0 0.0 1.19209e-07 0.0 8.9407e-08 0.000224203 0.0 0.0 0.0 0.00232482 0.0 0.0 1.78814e-07 0.0 0.634773 0.0 0.236301 0.0 0.0 0.0 0.0 0.0 0.0 0.0 0.0 0.0 0.0 0.0 0.0 1.49012e-07 0.0 0.000321329 0.0 0.0 0.0 0.0 1.19209e-07 0.0 0.0 0.0 0.0 0.0 2.02656e-06 1.57952e-06 0.0 2.01464e-05 0.0 4.76837e-07 0.999491 0.0 0.0 0.0 0.0 0.0 0.0 1.41859e-05 0.0 0.0 0.0 0.0 0.0 0.0 0.0
0.000495821 0.000611007 0.0 0.0 0.0 6.14822e-05 1.49012e-07 0.0 0.0 0.0 0.0 0.0 4.22597e-05 0.0 0.0 0.0 0.0 0.0 0.0 0.0 0.0 0.0 0.0 0.0 0.0 0.0 0.0 0.0 5.96046e-08 0.0 7.75754e-05 0.0 0.0 0.0 0.0 0.0 0.0 0.0 0.0 0.0 0.0 0.0 0.0 0.0 1.49012e-07 0.0 0.0 0.0 0.0 0.0 0.0 0.0 0.0 0.0 0.0 0.0 1.19209e-07 0.999939 2.08616e-07 0.0 0.0 0.0 0.0 0.0
0.0 0.0 0.0 0.0 0.807287 0.0 0.0 0.0 0.0 0.0 0.0 0.0 0.0 0.0 0.0 0.0 0.0 0.0 0.0 0.0 0.0 0.0 0.0 0.0 0.0 0.0 0.0 0.0 0.0 0.0 0.0 0.0 0.0 0.0 0.0 0.0 0.0 0.0 0.0 0.0 0.0 0.0 0.0 0.0 0.0 0.0 0.0 0.0 0.0 0.0 0.0 0.0 0.0 0.0 0.0 0.0 0.0 0.0 0.0 0.0 0.0 0.0 0.0 0.0
8.4728e-05 9.53674e-07 1.19209e-07 0.0 0.0 0.0 0.0 0.0 0.0 0.0 0.0 0.0164419 0.417335 0.0 0.0 0.0 0.0 0.0 9.65595e-06 2.98023e-08 0.0 0.0 0.0 0.0765584 0.0 0.0 0.0310104 0.0 2.08616e-07 0.0 3.27826e-07 0.0 0.0 0.0 0.0 0.0 0.0 0.0 0.0 0.0 5.03361e-05 0.0 0.0 0.0 0.0 0.0 0.0 0.0 0.0 0.0 4.64618e-05 1.2219e-06 0.419001 0.0 0.0 0.999638 0.0 3.57628e-06 0.00209644 0.0 2.08616e-07 5.96046e-08 0.0 5.66244e-07
0.0 0.0 0.0 0.0 0.0 0.0 0.0 0.0 0.0 8.25524e-06 0.0 0.0 0.0 0.0 4.71175e-05 0.0 0.0 0.0 0.0 0.0 0.0 0.0 0.0 0.0 2.68221e-07 0.0 0.0 0.0 0.0 0.0 0.0 0.0 0.0 0.0 0.0 0.999344 0.000114352 0.0 0.0 0.0 0.0 0.0 0.0 0.0 0.0 0.0 0.0 0.0 2.88188e-05 0.0 0.0 0.0 0.0 0.0 0.0 0.0 0.0 0.0 0.0 0.0 0.0 0.0 0.0 0.0
0.0 0.0 0.0 0.0 0.0 0.0 0.0 0.0 0.0 0.0 0.0 0.0 0.0 0.0 0.0 0.0 0.0 0.0 0.0 0.0 0.0 0.0 0.0 0.0 0.0 0.0 0.0 0.0 0.0 0.0 0.0 0.0 2.62856e-05 0.0 0.0 0.0 0.0 0.0 0.0 0.0 0.0 0.0 0.0 0.0 0.0 0.0 1.2517e-06 0.0 0.0 0.0 0.0 0.0 0.0 0.0 1.0 0.0 0.0 0.0 0.0 0.0 0.0 0.0 0.0 0.0
0.00897145 0.000613213 0.0 0.0 0.0 0.000122935 0.000184685 0.0 0.0 0.0 0.0 5.36442e-07 6.31809e-06 0.0 0.0 1.78814e-05 0.000622243 0.0 0.0 0.0 0.0 0.0 0.0 0.0 0.0 0.0 1.78814e-07 0.0 0.00589049 0.0 0.968144 0.0 0.0 3.60608e-06 0.0 0.0 0.0 0.0 0.0 0.0 0.0 0.0 0.0 0.0 0.0 0.0 0.0 0.581227 0.0 0.0 0.0 0.0 0.0 0.0 0.0 0.0 1.49012e-07 0.0 2.08616e-07 0.999395 0.0 1.4931e-05 0.0 0.0
0.0 0.0 0.0 0.0 0.0 0.0 0.0 0.0 0.0 0.0 0.0 0.0 0.0 0.0 0.0 0.0 0.0 0.0 0.0 0.0 0.0 0.0 0.0 0.0 5.57303e-06 0.0 0.0 7.23004e-05 0.0 0.0 0.0 0.0 0.999971 0.0 0.0 5.36442e-07 1.19209e-07 0.0 0.0 0.0 0.0 0.0 0.0 0.0 0.0 0.0 0.000243127 0.0 8.58307e-06 2.05636e-06 0.0 0.0 0.0 0.0 1.14143e-05 0.0 0.0 0.0 0.0 0.0 0.0 0.0 0.0 0.0
0.0 0.0 0.0 0.0 0.0 0.0 0.0 0.0 0.0 0.000240624 1.78814e-07 0.0 0.0 6.53565e-05 1.49012e-07 0.0 0.0 1.72853e-06 0.0 0.0 0.0 0.0 0.0 0.0 0.0 0.0 0.0 0.0 0.0 0.0 0.0 0.0 0.0 0.0 0.0 2.55704e-05 0.999875 0.0 0.0 0.0 0.0 0.0 0.0 0.0 0.0 0.0 0.0 0.0 0.0117967 4.47035e-07 0.0 0.0 0.0 0.0 0.0 0.0 0.0 0.0 0.0 0.0 0.0 0.0 0.0 0.0
0.0117145 0.000808001 0.0 0.0 0.0 4.47035e-07 0.0 0.0 0.0 0.0 0.0 0.204599 0.976197 0.0 0.0 0.0 9.23872e-07 0.0 0.0 0.0 0.0 0.0 0.0 0.000230312 0.0 0.0 0.00238141 0.0 0.172316 0.0 0.563646 0.0 0.0 1.62423e-05 0.0 0.0 0.0 0.0 0.0 0.0 4.61936e-06 0.0 0.0 0.0 0.0 0.0 0.0 4.20213e-06 0.0 0.0 7.15256e-07 8.06451e-05 1.2517e-06 0.0 0.0 0.00126964 6.25849e-07 2.41399e-06 0.311918 0.000545949 0.0 1.13547e-05 0.0 1.59144e-05
2.98023e-07 0.0433244 0.0 0.0 0.0 3.15905e-06 0.0 0.0 0.0 0.0 0.0 0.743394 0.254691 0.0 0.0 0.0 1.78218e-05 0.0 0.0 0.0 0.0 0.0 0.0 2.98023e-08 0.0 0.0 0.000423878 0.0 0.869798 0.0 0.00265828 0.0 0.0 8.64267e-07 0.0 0.0 0.0 0.0 0.0 0.0 2.45869e-05 0.0 0.0 0.0 0.0 0.0 0.0 1.07586e-05 0.0 0.0 9.98378e-06 0.00303847 0.0 0.0 0.0 2.08616e-07 9.53674e-07 8.9407e-08 0.0790307 0.0010139 0.0 0.0 0.0 0.00871247
0.000434756 0.997448 0.0 9.23872e-07 0.0 0.00414565 1.42157e-05 0.0 0.0 0.0 0.0 0.000194669 0.0152962 0.0 0.0 0.0100112 1.84774e-06 0.0 0.0 1.49012e-07 0.0 0.0 0.0 0.0 0.0 0.0 0.0 0.0 0.00218171 0.0 0.0206659 0.0 0.0 0.0 0.0 0.0 0.0 0.0 0.0 0.0 0.0 0.0 0.0 2.98023e-08 8.67248e-06 0.0 0.0 1.90735e-06 0.0 0.0 0.0 1.49012e-07 0.0 0.0 0.0 0.0 0.676221 0.0 0.0393717 9.56655e-06 0.0 0.0 0.0 0.000182211
0.0 0.0 0.0 0.0 0.0 0.0 0.0 0.0 0.0 0.0 0.0 0.417302 0.00897995 0.0 0.0 0.0 0.0 0.0 9.86159e-05 0.0 0.0 0.0 0.0 0.981137 0.0 0.0 0.000202864 0.0 0.0 0.0 0.0 0.0 0.0 0.0 0.0 0.0 0.0 0.0 0.0 0.0 0.000297219 0.0 0.0 0.0 0.0 0.0 0.0 0.0 0.0 0.0 9.23872e-07 1.2219e-06 0.995171 0.0 0.0 0.181152 0.0 0.0 0.00259897 0.0 2.98023e-08 0.0 8.9407e-08 2.20537e-06
0.0 1.19209e-07 0.0 0.0 0.0 0.0 0.0 0.0 0.0 0.0 0.0 1.19209e-07 1.52886e-05 0.0 0.0 0.0 0.0 0.0 0.0 1.19209e-07 0.999997 0.0 0.0 0.0 0.0 0.0 0.0 0.0 0.0 0.0 0.0 0.0 0.0 0.0 0.0 0.0 0.0 0.0 0.0 0.000142097 2.98023e-08 0.0 0.0 0.0 0.0 0.0 0.0 0.0 0.0 0.0 2.08616e-07 0.0 0.0 0.0 0.0 0.0 0.0 0.0 2.98023e-08 0.0 0.0 0.0 0.0 2.35438e-06
0.658946 6.85453e-07 0.0 0.0 0.0 8.9407e-08 0.0 0.0 0.0 0.0 0.0 0.0 0.0 0.0 0.0 0.0 1.93715e-06 0.0 0.0 0.0 0.0 0.0 0.0 0.0 0.0 0.0 1.92225e-05 0.0 7.95722e-06 0.0 4.05908e-05 0.0 0.0 1.42455e-05 0.0 0.0 0.0 0.0 0.0 0.0 0.0 0.0 0.0 0.0 0.0 0.0 0.0 0.0122281 0.0 0.0 0.0 0.0 0.0 0.0 0.0 2.22027e-05 0.0 0.0 0.0 0.000107735 0.0 0.999597 0.0 0.0
0.000634313 0.0 2.98023e-08 0.0 0.0 0.0 0.0 0.0 0.0 0.0 0.0 0.0 0.0 0.0 0.0 0.0 5.96046e-08 0.0 0.0 0.0 0.0 0.0 0.0 0.0 0.0 0.0 4.17233e-07 0.0 0.0 0.0 0.0 0.0 0.0 0.00101367 0.0 0.0 0.0 0.0 0.0 0.0 0.0 0.0 0.0 0.0 0.0 0.0 0.0 0.0 0.0 0.0 0.0 0.0 0.0 0.0 0.0 4.58956e-06 0.0 0.0 2.98023e-08 0.0 0.0 3.39746e-06 0.0 0.0
0.0 0.0 0.0 0.0 0.0 0.0 0.0 0.0 0.0 0.0 0.0 0.915949 0.0965996 0.0 0.0 0.0 0.0 0.0 0.0 9.5576e-05 0.0 0.0 0.0 0.000353187 0.0 0.0 1.68383e-05 0.0 3.27826e-07 0.0 1.49012e-07 0.0 0.0 0.0 0.0 0.0 0.0 0.0 0.0 0.0 0.0763868 0.0 0.0 0.0 0.0 0.0 0.0 0.0 0.0 0.0 0.118544 0.993366 9.35793e-06 0.0 0.0 9.71258e-05 0.0 0.0 0.00468075 0.0 0.0 0.0 2.71201e-06 0.0180694
0.0 0.0 8.91089e-06 0.0 0.0 0.0 0.0 0.0 0.0 0.0 0.0 0.0458747 0.00162336 0.0 0.0 0.0 0.0 0.0 0.999947 1.60336e-05 0.0 0.0 0.0 0.115947 0.0 0.000191301 0.981178 0.0 2.27392e-05 0.0 1.40071e-06 8.9407e-08 0.0 0.0 0.0 0.0 0.0 0.0 0.0 0.0 0.000514507 0.0 8.9407e-08 0.0 0.0 0.0 0.0 0.0 0.0 0.0 3.8743e-07 3.73721e-05 0.0196577 0.0 0.0 0.000542969 0.0 0.0 0.71636 0.0 0.00485787 0.0 0.000150353 0.0182333
0.0 0.0 0.0 0.0 0.0 0.0 0.0 0.0 0.0 0.0 0.0 0.00243253 0.327527 0.0 0.0 0.0 0.0 0.0 1.78814e-07 0.126674 0.0 0.0 0.0 3.03984e-06 0.0 0.0 1.19209e-07 0.0 0.0 0.0 0.0 0.325772 0.0 0.0 0.0 0.0 0.0 0.0 0.0 6.26445e-05 0.793289 0.0 0.0 0.0 0.0 0.0 0.0 0.0 0.0 0.0 0.624494 9.23872e-07 3.06964e-06 0.0 0.0 3.8743e-07 0.0 0.0 0.78844 0.0 0.00128224 0.0 0.999886 2.2471e-05
0.0 0.0 0.0 0.0 0.0 0.0 0.0 0.0 0.0 0.0 0.0 0.0 0.0 0.0 0.0 0.0 0.0 0.0 0.0 0.0 0.0 0.0 0.0 0.0 0.0 0.0 0.0 0.0 0.0 0.0 0.0 0.0 0.0 0.00142568 0.0 0.0 0.0 0.0 0.0 0.0 0.0 0.0 0.0 0.0 0.0 0.0 0.0 0.0 0.0 0.0 0.0 0.0 0.0 0.0 0.0 0.0 0.0 0.0 0.0 0.0 0.0 4.17233e-07 0.0 0.0
0.0 0.0 1.01328e-06 0.0 0.0 0.0 0.0 0.0 0.0 0.0 0.0 0.0 0.0 0.0 0.0 0.0 0.0 0.0 0.105661 0.0 0.0 0.0 0.0 0.0 0.0 3.27826e-07 0.0 0.0 0.0 0.0 0.0 0.0 0.0 0.0 0.0 0.0 0.0 0.0 0.0 0.0 0.0 0.0 0.999999 0.0 0.0 0.0 0.0 0.0 0.0 0.0 0.0 0.0 0.0 0.0 0.0 0.0 0.0 0.0 0.0 0.0 0.0 0.0 0.0 0.0
0.0 0.0 0.0 0.0 0.0 0.0 0.0 0.0 0.0 8.9407e-08 0.0025301 0.0 0.0 0.915892 0.0 1.49012e-07 0.0 0.0296561 0.0 0.0 0.0 0.0 1.32918e-05 0.0 0.0 0.0 0.0 1.78814e-07 0.0 0.0 0.0 0.0 1.98185e-05 0.0 0.0 0.0115713 0.0869106 0.00037235 0.0 0.0 0.0 0.0 0.0 8.9407e-08 0.0 0.0 1.19209e-06 0.0 0.998861 0.00359324 0.0 0.0 0.0 5.16772e-05 0.0 0.0 0.0 0.0 0.0 0.0 0.0 0.0 0.0 0.0
0.0 0.0 0.0 0.0 0.0 0.0 0.0 0.0 0.0 0.0 0.0 0.0 0.0 0.0 0.0 0.0 0.0 0.0 0.0 0.0 0.0 0.0 0.0 0.0 0.0 0.0 0.0 0.0 0.0 0.0 0.0 0.0 0.0 1.2517e-06 0.965234 0.0 0.0 0.0 0.0 0.0 0.0 0.0 0.0 0.0 0.0 0.0 0.0 0.0 0.0 0.0 0.0 0.0 0.0 2.98023e-07 0.0 0.0 0.0 0.0 0.0 0.0 0.0 0.0 0.0 0.0
8.9407e-08 0.0013887 0.0 1.01328e-06 0.0 0.0 2.60174e-05 0.0 0.0 0.0 2.36332e-05 0.0 0.0 0.0 0.0 0.0391956 0.00402749 3.54648e-05 0.0 0.0 0.0 0.0 5.36442e-07 0.0 0.0 0.0 0.0 0.0 2.38419e-07 0.0 3.57628e-07 0.0 0.0 0.000240147 0.0 0.0 0.0 8.9407e-08 0.0 0.0 0.0 0.0 0.0 0.987636 0.0 0.0 0.0 2.86102e-06 0.0 4.99785e-05 0.0 0.0 0.0 0.556838 0.0 0.0 3.60608e-06 0.0 0.0 0.0 0.0 0.0 0.0 1.49012e-07
0.0 0.0 0.0 0.0 0.0 0.0 0.0 0.0 0.0 0.0 0.0 0.0 0.0 0.0 0.0 0.0 0.0 0.0 2.68221e-07 0.0 0.0 0.0 0.0 1.78814e-07 0.0 2.98023e-08 2.98023e-08 0.0 0.0 0.0 0.0 0.0 0.0 0.0 0.0 0.0 0.0 0.0 0.0 0.0 0.0 0.0 0.0 4.48227e-05 0.0 0.0 0.0 0.0 0.0 0.0 0.0 0.0 9.23872e-07 9.74536e-06 0.0 0.0 0.0 0.0 0.0 0.0 0.0 0.0 0.926514 0.0
0.0 0.137582 0.0 0.0 0.0 0.0 4.47035e-07 0.0 1.16229e-06 0.0 0.0 0.999949 0.0 0.0 0.0 0.0 0.0 0.0 0.0 0.0 0.0 0.0 0.0 0.0 0.0 0.0 0.0 0.0 0.0 0.0 0.0 0.0 0.0 0.0 0.0 0.0 0.0 0.0 0.0 0.0 0.0 0.0 0.0 0.0 0.0 0.0 0.0 0.0 0.0 0.00418314 0.0 0.0 0.0 0.000262171 0.0 8.9407e-08 0.0 0.0 0.0 0.0 0.0 0.0 0.0 1.49012e-07
0.0 0.0 0.0 0.0 0.0 0.0 2.38419e-07 0.0 0.0 0.0 0.0 0.0 8.34465e-07 0.0 0.0 0.0 2.68221e-07 0.0 2.57194e-05 0.00181991 0.0 0.0 0.0 6.4671e-06 0.0 0.000352919 0.0 0.0 1.19209e-07 0.0 0.0 0.0 0.0 5.1558e-06 0.0 0.0 0.0 0.0 0.0 0.000145525 0.0 0.0 0.0 0.0 0.0 0.0 0.0 0.0 0.0 0.0 0.0 0.0 6.25849e-06 0.0880791 0.0 0.0 0.0 0.999892 0.0 0.0 2.74181e-06 0.0 0.0 0.0
0.0 0.0 0.0 0.0 0.0 0.0 0.0 0.0 0.0 0.0 0.0 0.0 0.0 0.0 1.3411e-06 6.02007e-06 0.0 0.0 0.0 0.0 0.0 0.0 0.0 0.0 0.0 0.0 0.0 0.0 0.0 0.0 0.0 0.0 0.999963 0.0 0.0 0.0 0.0 0.0 0.0 0.0 0.0 0.0 0.0 0.0 0.0 0.0 0.0 0.0 0.0 0.0 0.0 0.0 0.0 0.0 0.0 0.0 0.0 0.0 0.0 0.0 0.0 0.0 0.0 0.0
0.0 0.0207843 0.0 0.0 0.0 6.91414e-06 0.809732 0.0 9.83477e-06 0.0 0.0 1.10269e-06 0.999951 0.0 0.0 0.0 0.0327282 1.57952e-06 0.0 0.00067991 2.08616e-07 0.0 0.0 0.0 1.78814e-07 2.68221e-07 0.0 6.96182e-05 1.14143e-05 0.0 9.53674e-07 0.0 0.0 2.38419e-07 0.0 0.0 0.0 0.0 0.0 0.0 3.57628e-07 0.0 0.0 0.0 0.0 0.0 0.0 1.75834e-06 0.0 0.00108358 1.49012e-07 2.98023e-08 0.0 0.386692 0.0 0.0365573 2.65241e-06 1.49012e-06 2.47359e-06 0.0 0.0 0.0 0.0 0.0
0.0 0.0 0.0 0.0 0.0 0.0 0.0 0.0 0.0 0.0 0.0 0.0 0.0 0.0 0.0 0.0 0.0 0.0 0.0 0.0 0.361491 0.0 0.0 0.0 0.0 0.0 0.0 0.0 5.96046e-08 1.49012e-07 0.0 0.0 0.0 0.0 0.0 0.0 0.0 0.0 0.0 0.158271 0.998107 0.0 0.0 0.0 0.0 0.0 0.0 0.159584 0.0 0.0 0.0 0.0 0.0 7.7486e-07 0.0 0.0 0.0 0.0 0.0 0.0 0.0 0.0 0.0 1.78814e-07
0.0 0.0 0.0 0.0 0.0 8.9407e-08 1.63913e-05 0.0 0.992299 2.98023e-08 0.0 7.45058e-06 1.19209e-07 0.0 0.0 0.0 1.49012e-07 0.0 0.0 0.0 0.00010097 0.0 0.0 0.0 6.85453e-06 0.0 0.0 5.84126e-06 7.27177e-06 0.0 0.0 0.0 0.0 0.0 0.0 0.0 0.0 0.0 0.0 0.0002141 8.9407e-08 0.0 0.0 0.0 0.0 0.0 0.0 2.08616e-07 0.0 0.00376278 0.0062193 0.16849 0.0 0.012851 0.0 1.49012e-07 0.000215948 0.0 0.530145 0.0 0.0 0.0 0.0 0.999873
0.0120656 0.0 5.06639e-07 0.0 0.0 0.0 3.01003e-06 0.0 0.00714621 0.0 0.0 0.0 1.0252e-05 0.0 0.0 0.0 5.55813e-05 0.0 0.00651744 0.086653 0.000253797 0.0 1.19209e-07 8.31485e-06 0.0 0.00504193 0.000329316 0.0 0.201171 0.0 1.54972e-05 0.0 0.0 0.000139177 0.0 0.0 0.0 0.0 0.0 0.981863 0.000378519 0.0 0.0 0.0 0.0 0.0 0.0 0.0614714 0.0 0.0 0.0 0.0 1.05202e-05 1.0 0.0 0.0 0.0 0.0288571 3.8743e-07 0.0 5.96046e-08 0.0 0.0 0.0
0.0 0.999979 0.0 0.0 0.0 0.0 0.777284 0.0 2.98023e-08 0.0 0.0 0.331187 0.000421703 0.0 0.0 0.0 8.443e-05 0.0 0.0 1.78814e-07 0.0 0.0 0.0 0.0 0.0 0.0 0.0 2.5928e-06 0.0 0.0 0.0 0.0 0.0 0.0 0.0 0.0 0.0 0.0 0.0 0.0 0.0 0.0 0.0 0.0 0.0 0.0 0.0 0.0 0.0 0.437423 0.000387847 0.0 0.0 0.000943631 0.0 0.619604 1.19209e-07 0.0 0.0 0.0 0.0 0.0 0.0 5.96046e-08
0.0 0.0 0.0 0.0 0.0 0.0 0.0 0.0 0.0 0.0 0.0 0.0 0.0 0.0 0.0 0.000310212 0.0 0.0 0.0 0.0 0.0 0.0 0.0 0.0 0.0 0.0 0.0 0.0 0.0 0.0 0.0 0.0 2.08616e-06 0.0 0.0 0.0 0.0 0.0 0.0 0.0 0.0 0.0 0.0 0.0 0.0 0.0 0.0 0.0 0.0 0.0 0.0 0.0 0.0 0.0 0.0 0.0 0.0 0.0 0.0 0.0 0.0 0.0 0.0 0.0
0.0 0.0 0.0 0.0 0.0 0.0 0.0 0.0 0.00338784 1.78814e-07 0.0397804 0.0 0.0 0.0 0.0 0.0 0.0 0.0 0.0 0.0 0.0 0.0 0.0 0.0 0.0 0.0 0.0 4.17233e-07 0.0 0.0 0.0 0.0 0.0 0.0 0.0 0.0 7.80821e-06 0.0 0.0 0.0 0.0 1.60933e-05 0.0 0.0 0.0 0.0 0.99996 0.0 0.0 8.9407e-08 0.0 0.0 0.0 0.0 0.0 0.0 0.0 0.0 0.0 0.0 0.0 0.0 0.0 0.0
0.0 0.0 1.49012e-07 0.0 0.0 0.0 0.0 0.0 0.0 0.0 0.0 8.9407e-08 0.0 0.0 0.0 0.0 0.0 0.0 0.0 5.63264e-06 0.00188851 0.0 0.0 0.0 0.0 0.0 5.96046e-08 0.0 2.38419e-07 0.000118196 0.603445 0.0 0.0 0.0 0.0 0.0 0.0 0.0 0.0 0.950376 0.00291973 0.0 0.0 0.0 0.0 0.0 0.0 0.962351 0.0 0.0 0.0 0.0 0.0 0.00010097 0.0 0.0 0.0 0.0 0.0 0.0 0.0 0.0 0.0 0.0
0.0 0.0 0.0 0.0 0.0 1.78814e-07 0.000244856 0.0 0.00524983 0.0 0.0 0.0 5.81443e-05 0.0 0.0 0.0 1.51694e-05 1.78814e-07 0.0 0.000314832 0.147879 0.0 0.0 0.0 0.0 0.0 0.0 2.98023e-07 0.160974 0.0 0.0 0.0 0.0 0.0 0.0 0.0 0.0 0.0 0.0 0.0131378 1.88649e-05 0.0 0.0 0.0 0.0 0.0 0.0 3.45707e-06 0.0 1.90735e-06 0.0 0.000106603 0.0 0.265715 0.0 1.78814e-07 1.40071e-06 4.21703e-05 0.00667384 0.0 0.0 0.0 0.0 0.0
0.0 0.0 0.0 0.0 0.0 0.0 0.0 0.0 0.0 0.0 0.0 0.0 0.0 0.011622 0.0 0.0 0.0 0.0 0.0 0.0 0.0 6.85453e-07 0.0 0.0 0.0 0.0 0.0 0.0 0.0 0.0 0.0 0.0 0.0 0.0 0.0 0.0 0.0 0.998684 0.0 0.0 0.0 0.0 0.0 0.0 0.0 1.19209e-07 0.0 0.0 8.9407e-08 0.0 0.0 0.0 0.0 0.0 0.0 0.0 0.0 0.0 0.0 0.0 0.0 0.0 0.0 0.0
0.0 0.0 0.0 0.0 0.0 0.682335 0.0439286 0.0 0.174635 0.00819382 8.9407e-08 0.0 9.98974e-05 0.0 0.0 0.0 4.39584e-05 0.0952769 0.0 0.0 0.0 0.0 0.0 0.0 0.683354 0.0 0.0 0.999523 8.46386e-06 0.0 0.0 0.0 0.0 0.0 0.0 0.0 1.2517e-06 0.0 0.0 0.0 0.0 0.0 0.0 0.0 0.0 0.0 2.08616e-07 0.0 0.0 0.0353544 0.889397 0.00188804 0.0 5.66244e-07 0.0 1.66893e-06 0.913087 0.0 0.000989825 0.0 2.98023e-08 0.0 0.0 8.9407e-08
0.0 0.0 0.0 0.0 0.0 1.78814e-07 6.10948e-06 0.0 0.00115535 0.0 0.0 0.0 8.34465e-07 0.0 0.0 0.0 3.27826e-06 0.0 0.0 0.0 2.39611e-05 0.0 0.0 0.0 0.0 0.0 0.0 8.9407e-08 0.0745139 0.0 0.0 0.0 0.0 0.0 0.0 0.0 0.0 0.0 0.0 8.34763e-05 0.0 0.0 0.0 0.0 0.0 0.0 0.0 0.0 0.0 0.0 2.08616e-07 0.0368263 0.0 0.000417918 0.0 0.0 7.59959e-06 0.0 0.999405 0.0 0.0 0.0 0.0 4.47035e-07
0.0 0.131583 0.0 0.0 0.0 0.00154269 0.997323 0.0 0.00319779 0.000641614 2.98023e-08 2.36034e-05 0.0153039 0.0 0.0 0.0 0.00041765 1.76132e-05 0.0 3.57628e-07 0.0 0.0 0.0 0.0 4.42863e-05 0.0 0.0 0.391231 1.51992e-06 0.0 0.0 0.0 0.0 0.0 0.0 0.0 8.64267e-07 0.0 0.0 0.0 0.0 0.0 0.0 0.0 0.0 0.0 0.0 0.0 0.0 0.999995 0.995327 2.6077e-05 0.0 0.00470185 0.0 0.867516 0.0384522 0.0 6.80983e-05 0.0 2.98023e-08 0.0 0.0 0.0
0.0 8.9407e-08 0.0 0.0 0.0 0.000375926 9.08971e-06 0.0 2.68221e-07 0.0 0.0 0.0 4.89652e-05 0.0 0.0 0.0 0.000162303 1.74344e-05 2.38419e-07 0.999892 1.19209e-07 0.0 0.0 8.13603e-06 0.0 2.68221e-07 1.10567e-05 1.49012e-07 0.0461115 0.0 2.5928e-06 0.0 0.0 1.00732e-05 0.0 0.0 0.0 0.0 0.0 0.000475585 0.0 0.0 0.0 0.0 0.0 0.0 0.0 3.66569e-06 0.0 8.9407e-08 0.0 0.0 6.22869e-06 0.824543 0.0 0.0 0.0 0.191069 0.0 0.0 6.25849e-07 0.0 0.0 0.0
0.0 0.0 0.0 0.999518 0.0 0.0 0.0 0.0 0.0 0.0 0.0 0.0 0.0 0.0 0.0 0.0 0.0 0.0 0.0 0.0 0.0 0.0 0.0 0.0 0.0 3.57628e-07 0.0 0.0 0.0 0.0 0.0 0.0 0.0 0.0 0.0 0.0 0.0 0.0 0.0 0.0 0.0 0.0 0.0 0.0 0.0 0.0 0.0 0.0 0.0 0.0 0.0 0.0 0.0 0.0 0.0 0.0 0.0 0.0 0.0 0.0 0.0 0.0 0.0 0.0
0.0 0.983406 0.0 0.0 0.0 0.000476509 0.999992 0.0 0.000285327 4.76837e-07 0.0 1.16527e-05 0.999076 0.0 0.0 0.0 0.993989 3.12924e-06 0.0 0.111956 0.0 0.0 0.0 4.47035e-07 5.1856e-06 0.000986785 0.0 0.000713468 3.23355e-05 0.0 8.9407e-08 0.0 0.0 7.02441e-05 0.0 0.0 0.0 0.0 0.0 8.9407e-08 0.0 0.0 0.0 0.0 0.0 0.0 0.0 8.9407e-08 0.0 0.26402 0.000789881 1.19209e-07 2.98023e-07 0.940389 0.0 0.881824 4.35114e-05 0.000236601 2.83122e-06 0.0 2.68221e-07 0.0 0.0 8.9407e-08
0.0 0.0 0.0 0.0 0.0 4.47035e-07 2.98023e-08 0.0 1.0 0.0119083 0.0 0.0 0.0 0.0 0.0 0.0 0.0 0.0 0.0 0.0 0.0 0.0 0.0 0.0 0.00749913 0.0 0.0 0.00361675 1.02222e-05 0.0 0.0 0.0 0.0 0.0 0.0 0.0 0.0 0.0 0.0 0.0 0.0 0.628611 0.0 0.0 1.19209e-07 0.0 1.19209e-07 0.0 0.0 0.0 0.0 6.10948e-06 0.0 2.98023e-07 0.0 0.0 0.000502288 0.0 0.0152084 0.0 0.0 0.0 0.0 7.00355e-06
0.0 0.0 0.0 0.0 0.0 0.0 0.0 0.0 0.0 0.0 0.0 0.0 0.0 0.0 0.0 0.0 0.0 0.0 0.0 0.0 0.0 0.0 0.0 0.0 0.0 0.0 0.0 0.0 0.0 0.0 0.0 0.0 0.0 0.0 0.997834 0.0 0.0 0.0 0.0 0.0 0.0 0.0 0.0 0.0 0.0 0.0 0.0 0.0 0.0 0.0 0.0 0.0 0.0 0.0 0.0 0.0 0.0 0.0 0.0 0.0 0.0 0.0 0.0 0.0
0.0 0.0 0.0 0.0 0.0 0.0 0.0 0.0 0.0360329 8.9407e-08 0.0 0.0 0.0 0.0 0.0 0.0 0.0 2.98023e-08 0.0 0.0 0.0 0.0 0.0 0.0 6.92904e-05 0.0 0.0 0.0012179 0.0 0.0 0.0 0.0 0.0 0.0 0.0 0.0 0.0 0.0 0.0 0.0 0.0 8.9407e-08 0.0 0.0 0.0 0.0 0.0 0.0 0.0 2.98023e-08 1.19209e-07 8.9407e-08 0.0 0.0 0.0 0.0 1.19209e-07 0.0 0.0 0.0 0.0 0.0 0.0 0.0
0.0 0.0 0.0 0.0 0.0 0.0 0.0 0.0 0.0 0.0 0.0 0.0 0.0 0.0 0.0 0.0 0.0 0.0 2.98023e-08 0.0 0.0 0.0 0.0 0.0 0.0 0.0 0.0 0.0 0.0 0.0 0.0 0.0 0.0 0.0 0.0 0.0 0.0 0.0 0.0 0.0 0.0 0.0 0.0 1.01328e-06 0.0 0.0 0.0 0.0 0.0 0.0 0.0 0.0 0.0 0.0 0.0 0.0 0.0 0.0 0.0 0.999577 0.0 0.0 0.0 0.0
0.0 1.93715e-06 0.0 0.0 0.0 0.234089 0.0162072 0.0 0.914827 0.999966 4.39584e-05 0.0 1.508e-05 0.0 0.0 0.0 1.16229e-05 0.200476 0.0 0.0 0.0 0.0 0.0 0.0 0.68306 0.0 0.0 0.999801 0.0 0.0 0.0 0.0 0.0 0.0 0.0 0.0 0.0001598 0.0 0.0 0.0 0.0 7.15256e-07 0.0 0.0 0.0 0.0 0.000300199 0.0 0.0 0.0651603 0.00577554 0.0 0.0 5.96046e-08 0.0 7.26283e-05 0.187693 0.0 1.93715e-06 0.0 2.98023e-08 0.0 0.0 0.0
0.0 0.0 0.0 0.0 0.0 0.0 1.84774e-06 0.0 0.0 0.0 0.0 0.0 1.04308e-06 0.0 0.0 0.0 0.0 0.0 0.00450864 9.13143e-05 0.0 0.0 0.0 0.0132359 0.0 0.88601 0.0 0.0 0.0 0.0 0.0 0.0 0.0 0.993659 0.0 0.0 0.0 0.0 0.0 1.72853e-06 0.0 0.0 0.0 0.0 0.0 0.0 0.0 0.0 0.0 0.0 0.0 0.0 0.0414432 0.522535 0.0 0.0 0.0 0.000704825 0.0 0.0 1.29044e-05 0.0 1.49012e-07 0.0
0.0 0.0 0.0 0.0 0.0 0.0 0.0 0.0 0.0 0.0 0.0 0.0 0.0 0.0 0.0 0.0 0.0 0.0 0.000102431 0.0 0.0 0.0 0.11756 0.0 0.0 0.0 0.0 0.0 0.0 0.0 0.0 0.0 0.0 0.0 0.0 0.0 0.0 0.0 0.0 0.0 0.0 0.0 2.44379e-06 0.999715 0.0 0.0 0.0 0.0 0.0 0.0 0.0 0.0 0.0 5.27501e-06 0.0 0.0 0.0 0.0 0.0 0.0 0.0 0.0 0.0 0.0
0.0 0.0 0.0 0.0 0.0 6.30617e-05 0.00386137 0.0 0.594439 0.15292 0.0 0.0 1.19209e-07 0.0 0.0 0.0 2.98023e-07 0.00148538 0.0 0.0 0.0 0.0 0.0 0.0 0.999895 0.0 0.0 0.998262 8.9407e-08 0.0 0.0 0.0 0.0 0.0 0.0 0.0 0.0 0.0 0.0 0.0 0.0 0.0 0.0 0.0 0.0 0.0 0.0 0.0 0.0 5.30779e-05 2.5034e-06 3.51667e-06 0.0 1.19209e-07 0.0 6.25849e-07 0.00546044 0.0 4.38094e-06 0.0 0.0 0.0 0.0 0.0
0.0 0.0 0.0 0.0 0.0 0.0 0.0 0.003093 0.0 0.0 0.0 0.0 0.0 0.0 0.0 0.0 0.0 0.0 0.0 0.0 0.0 0.00311151 0.0 0.0 0.0 0.0 0.0 0.0 0.0 0.0 0.0 0.0 0.0 0.0 0.0 0.0 0.0 8.9407e-08 0.0 0.0 0.0 0.0 0.0 0.0 0.0 0.0 0.0 0.0 0.0 0.0 0.0 0.0 0.0 0.0 0.0 0.0 0.0 0.0 0.0 0.0 0.0 0.0 0.0 0.0
0.0 0.0 0.996893 0.0 0.0 0.0 0.0 0.0 0.0 0.0 0.0 0.0 0.0 0.0 0.0 0.0 0.0 0.0 0.0 0.0 0.0 0.0 0.0 0.0 0.0 0.0 0.000415176 0.0 0.0 0.0 5.64158e-05 0.0 0.0 0.0 0.0 0.0 0.0 0.0 0.0 0.00107518 0.0 0.0 0.0 0.0 0.0 0.0 0.0 1.78814e-07 0.0 0.0 0.0 0.0 0.0 0.000205815 0.0 0.0 0.0 0.0 0.0 0.0 0.0 0.0 0.0 0.0
0.0 0.0 0.0 0.0 0.0 0.0 0.0 0.0 0.0 0.0 0.0 0.0 0.0 0.0 0.0 0.0 0.0 0.0 0.0 0.0 2.38419e-07 0.0 0.0 0.0 0.0 0.0 0.0 0.0 0.0 1.04606e-05 0.0 0.0 0.0 0.0 0.0 0.0 0.0 0.0 0.0 0.999943 2.08616e-07 0.0 0.0 0.0 0.0 0.0 0.0 1.0 0.0 0.0 0.0 0.0 0.0 0.0 0.0 0.0 0.0 0.0 0.0 0.0 0.0 0.0 0.0 0.0
0.0 0.0 0.0 0.0 0.0 0.0 0.0 0.0 0.0 0.0 0.0 0.0 0.0 0.0 0.0 0.0 0.0 0.0 0.0 0.0 0.0 0.0 0.0 0.0 0.0 0.0 0.0 0.0 0.0 0.999326 0.0 0.0 0.0 0.0 0.0 0.0 0.0 0.0 0.0 3.57628e-07 8.9407e-08 0.0 0.0 0.0 0.0 0.0 0.0 0.0625545 0.0 0.0 0.0 0.0 0.0 0.0 0.0 0.0 0.0 0.0 0.0 0.0 0.0 0.0 0.0 0.0
0.0 0.0 0.0 0.0 0.0 0.0 0.0 0.0 0.0 0.0 0.0 0.0 0.0 0.0 0.0 0.0 0.0 0.0 0.0 0.0 0.0 0.0 8.9407e-08 0.0 0.0 0.0 0.0 0.0 0.0 0.0 0.0 0.0 0.0 0.0 0.0 0.0 0.0 0.0 0.0 0.0 0.0 0.0 0.999983 2.98023e-07 0.0 0.0 0.0 0.0 0.0 0.0 0.0 0.0 0.0 0.0 0.0 0.0 0.0 0.0 0.0 0.0 0.0 0.0 0.0 0.0
0.0 0.0 0.0 0.0 0.0 0.0 0.0 0.0 0.0 0.0 0.0 0.0 0.0 0.0 0.0 0.0 0.0 0.0 0.0 0.0 0.0 0.0 0.0 0.0 0.0 0.0 0.0 0.0 0.0 0.0 0.0 0.0 0.0 0.0 0.0 0.0 0.0 0.0 0.999987 0.0 0.0 0.0 0.0 0.0 0.0 0.0 0.0 0.0 0.0 0.0 0.0 0.0 0.0 0.0 0.0 0.0 0.0 0.0 0.0 0.0 0.0 0.0 0.0 0.0
0.0 0.0 0.0 0.0 0.0 0.0 0.0 0.0 0.0 0.0 0.0 0.0 0.0 0.0 0.0 0.0 0.0 0.0 0.0 0.0 0.0 0.0 0.0 0.0 0.0 0.0 0.0 0.0 0.0 0.0 0.0 0.0 0.0 0.0 0.0 0.0 0.0 0.0 0.0 0.0 0.0 0.0 0.0 0.0 0.936206 0.0 0.0 0.0 0.0 0.0 0.0 0.0 0.0 0.0 0.0 0.0 0.0 0.0 0.0 0.0 0.0 0.0 0.0 0.0
0.0 0.0 0.0 0.0 0.0 0.00229117 0.0 0.0 0.00206777 2.5034e-06 0.0 0.0 4.32134e-06 0.0 0.0 0.0 0.0 0.995771 0.0 2.89381e-05 8.9407e-08 0.0 0.0 0.0 0.000346363 0.0 0.0 0.0430174 8.64267e-07 0.0 0.0 0.0 0.0 0.0 0.0 0.0 0.0 0.0 0.0 4.76837e-07 0.0 0.0 0.0 0.0 0.0 0.0 2.08616e-07 0.0 0.0 0.0 8.9407e-08 0.0 0.0 2.20537e-06 0.0 0.0 4.47035e-07 1.78814e-07 0.0 0.0 4.17233e-07 0.0 0.0 0.0
0.0 0.0 0.0 0.0 0.0 0.0 0.0 0.0 0.000634134 0.0 0.999983 0.0 0.0 0.0 0.0 0.0 0.0 0.0 0.0 0.0 0.0 0.0 0.0 0.0 0.0 0.0 0.0 0.0 0.0 0.0 0.0 0.0 0.0 0.0 0.0 0.0 0.930449 0.0 0.0 0.0 0.0 0.0 0.0 0.0 0.0 0.0 0.0201862 0.0 0.0 2.98023e-08 0.0 0.0 0.0 0.0 0.0 0.0 0.0 0.0 0.0 0.0 0.0 0.0 0.0 0.0
0.0 0.0 0.0 0.0 0.0 0.0 0.0 0.0 0.0 0.0 0.0 0.0 0.0 0.0 1.93715e-06 0.0 0.0 0.0 0.0 0.0 0.0 0.0 0.0 0.0 0.0 0.0 0.0 0.0 0.0 0.0 0.0 0.0 0.0 0.0 0.0 0.999746 0.0 0.0 0.0 0.0 0.0 0.0 0.0 0.0 0.0 0.0 0.0 0.0 0.0 0.0 0.0 0.0 0.0 0.0 0.0 0.0 0.0 0.0 0.0 0.0 0.0 0.0 0.0 0.0
0.0 0.0 0.0 0.0 0.0 0.0 0.0 0.0 0.999952 0.000234693 5.96046e-08 0.0 0.0 0.0 0.0 0.0 0.0 0.0 0.0 0.0 0.0 0.0 0.0 0.0 1.56462e-05 0.0 0.0 6.88434e-06 0.0 0.0 0.0 0.0 0.0 0.0 0.0 0.0 0.0 0.0 0.0 0.0 0.0 0.999943 0.0 0.0 0.0 0.0 0.000234872 0.0 0.0 6.25849e-07 0.0 0.0 0.0 0.0 0.0 0.0 1.49012e-07 0.0 0.0 0.0 0.0 0.0 0.0 0.0
0.0 0.0 0.0 0.0 1.0 0.0 0.0 0.0 0.0 0.0 0.0 0.0 0.0 0.0 0.0 0.0 0.0 0.0 0.0 0.0 0.0 0.0 0.0 0.0 0.0 0.0 0.0 0.0 0.0 0.0 0.0 0.0 0.0 0.0 0.0 0.0 0.0 0.0 0.0 0.0 0.0 0.0 0.0 0.0 0.0 0.0 0.0 0.0 0.0 0.0 0.0 0.0 0.0 0.0 0.0 0.0 0.0 0.0 0.0 0.0 0.0 0.0 0.0 0.0
0.0 0.0 3.24845e-05 0.0 0.0 0.0 0.0 0.0 0.0 0.0 0.0 0.0 0.0 0.0 0.0 0.0 0.0 0.0 0.0 0.408388 0.0 0.0 0.0 0.0 0.0 0.0 0.997225 0.0 0.0 0.0 0.000157505 0.0 0.0 0.0 0.0 0.0 0.0 0.0 0.0 0.0 0.0 0.0 0.0 0.0 0.0 0.0 0.0 0.00147632 0.0 0.0 0.0 0.0 0.0 0.120143 0.0 0.0 0.0 0.0 0.0 0.0 0.0 0.0 0.0 0.0
0.0 0.0 0.0 0.0 0.0 0.0 0.0 0.0 4.47035e-07 0.0 0.0 0.0 0.0 0.0 0.97507 1.77026e-05 0.0 0.0 0.0 0.0 0.0 0.0 0.0 0.0 0.0 0.0 0.0 0.0 0.0 0.0 0.0 0.0 6.85453e-07 0.0 0.0 0.00394955 0.0 0.0 0.0 0.0 0.0 0.0 0.0 0.0 0.0 0.0 0.0 0.0 0.0 0.0 0.0 0.0 0.0 0.0 0.0 0.0 0.0 0.0 0.0 0.0 0.0 0.0 0.0 0.0
1.49012e-07 0.0 0.0 0.0 0.0 0.0 0.0 0.0 0.0 0.0 0.0 0.0 0.0 0.0 0.0 0.0 0.0 0.0 1.31726e-05 0.0 0.0 0.0 0.999731 0.0 0.0 0.0 0.0 0.0 0.0 0.0 0.0 0.0 0.0 0.0 0.0 0.0 0.0 0.0 0.0 0.0 0.0 0.0 0.0 3.09348e-05 0.0 0.0 0.0 0.0 0.0 0.0 0.0 0.0 0.0 1.3411e-06 0.0 0.0 0.0 0.0 0.0 0.0 0.0 0.0 0.0 0.0
0.0 5.96046e-08 0.0 0.0 0.0 0.0100935 0.0871603 0.0 0.0459276 7.15256e-07 3.33786e-06 0.0 3.63588e-06 0.0 0.0 0.0 5.42402e-06 3.8743e-07 0.0 0.0 0.0 0.0 0.0 0.0 1.19209e-07 4.67896e-06 0.0 0.00167811 0.0 0.0 0.0 0.0 0.0 5.96046e-08 0.0 0.0 5.1558e-06 0.0 0.0 0.0 0.0 0.0 0.0 0.0 0.0 0.0 0.0 0.0 0.0 0.0102452 0.00292674 1.19209e-07 0.0 0.994005 0.0 1.40667e-05 4.3869e-05 1.2517e-06 4.76837e-07 0.0 0.000133842 0.0 0.0 0.0
0.0 0.0 0.0 0.0 0.0 0.0 0.0 0.0 0.0 0.0 0.0 0.0 0.0 0.0 0.0 0.0 0.0 0.0 0.0 0.0 0.999953 0.0 0.0 0.0 0.0 0.0 0.0 0.0 3.8743e-07 0.0 0.0 0.0 0.0 0.0 0.0 0.0 0.0 0.0 0.0 0.980442 0.000173539 0.0 0.0 0.0 0.0 0.0 0.0 0.00279498 0.0 0.0 0.0 0.0 0.0 0.0 0.0 0.0 0.0 0.0 1.49012e-07 0.0 0.0 0.0 0.0 0.0
0.0 0.0 0.0 0.0 0.0 0.0 0.0 0.0 0.0 0.0 0.0 0.0 0.0 0.0 1.01328e-06 0.999972 0.0 0.0 0.0 0.0 0.0 0.0 0.0 0.0 0.0 0.0 0.0 0.0 0.0 0.0 0.0 0.0 7.42376e-05 0.0 0.0 3.27826e-07 0.0 0.0 0.0 0.0 0.0 0.0 0.0 0.0 0.0 0.0 0.0 0.0 0.0 0.0 0.0 0.0 0.0 0.0 0.0 0.0 0.0 0.0 0.0 0.0 0.0 0.0 0.0 0.0
0.0 0.0 0.0 0.0 0.0 0.00205541 0.000640452 0.0 0.000921398 2.11895e-05 0.0 0.0 4.76837e-07 0.0 0.0 0.0 6.25849e-07 3.016e-05 0.0 0.0 0.0 0.0 0.0 0.0 3.39746e-06 0.0 0.0 0.345911 6.70552e-06 0.0 0.0 0.0 0.0 0.0 0.0 0.0 0.0 0.0 0.0 0.0 0.0 0.0 0.0 0.0 0.0 0.0 0.0 0.0 0.0 0.0011439 0.000519454 0.000224829 0.0 1.19209e-07 0.0 2.98023e-07 0.998357 0.0 0.000103861 0.0 0.0 0.0 0.0 0.0
0.0 0.0 0.0 0.0 0.0 1.19209e-07 1.84774e-06 0.0 5.96046e-08 0.0 0.0 0.0 0.0 0.0 0.0 0.0 0.0 6.22869e-06 8.9407e-08 1.78814e-06 0.0 0.0 0.0 1.78814e-07 0.0 2.06828e-05 0.0 2.98023e-08 0.0 0.0 0.0 0.0 0.0 6.91414e-06 0.0 0.0 0.0 0.0 0.0 4.32134e-06 0.0 0.0 0.0 0.0 0.0 0.0 0.0 0.0 0.0 0.0 0.0 0.0 4.17233e-07 4.02033e-05 0.0 0.0 0.0 3.42727e-06 0.0 0.0 0.999992 0.0 0.0 0.0
0.0 0.0 0.0 0.0 0.0 0.0 0.0 0.0 0.0 0.0 0.0 0.0 0.0 0.988665 0.0 0.0 0.0 0.0 0.0 0.0 0.0 3.33786e-06 0.0 0.0 0.0 0.0 0.0 0.0 0.0 0.0 0.0 0.0 0.0 0.0 0.0 0.0 0.0 0.0567339 0.0 0.0 0.0 0.0 0.0 0.0 0.0 0.0 0.0 0.0 9.28342e-05 0.0 0.0 0.0 0.0 0.0 0.0 0.0 0.0 0.0 0.0 0.0 0.0 0.0 0.0 0.0
0.0 7.7188e-06 0.0 0.0 0.0 0.000963151 0.0294741 0.0 0.0635012 0.0094851 0.0 2.61962e-05 7.7486e-07 0.0 0.0 0.0 0.000413686 4.55976e-06 0.0 0.0 0.0 0.0 0.0 0.0 0.145369 0.0 0.0 0.48808 2.37525e-05 0.0 0.0 0.0 0.0 0.0 0.0 0.0 0.0 0.0 0.0 0.0 0.0 0.0 0.0 0.0 0.0 0.0 0.0 0.0 0.0 0.918109 0.936945 0.000760049 0.0 2.01762e-05 0.0 3.8743e-05 0.484417 0.0 0.00049302 0.0 0.0 0.0 0.0 9.26852e-06
0.0 0.903698 0.0 0.0 0.0 2.98321e-05 0.999786 0.0 0.00087899 1.42157e-05 0.0 0.00219953 0.0831732 0.0 0.0 0.0 0.00253415 1.10269e-06 0.0 0.0 0.0 0.0 0.0 0.0 0.00236541 0.0 0.0 0.187572 0.0 0.0 0.0 0.0 0.0 0.0 0.0 0.0 0.0 0.0 0.0 0.0 0.0 0.0 0.0 0.0 0.0 0.0 0.0 0.0 0.0 0.992028 0.114922 7.15256e-07 0.0 5.73397e-05 0.0 0.999718 0.000705868 0.0 8.9407e-08 0.0 0.0 0.0 0.0 1.15931e-05
0.0 0.00638661 0.0 0.0 0.0 1.07288e-06 0.930278 0.0 0.000367701 1.19209e-07 0.0 1.01328e-06 0.204131 0.0 0.0 0.0 0.999048 0.0 0.0 0.00523528 0.0 0.0 0.0 0.0 0.0 0.0 0.0 2.04146e-05 4.47035e-07 0.0 0.0 0.0 0.0 0.0 0.0 0.0 0.0 0.0 0.0 0.0 0.0 0.0 0.0 0.0 0.0 0.0 0.0 0.0 0.0 0.00107646 1.49012e-06 0.0 0.0 0.744611 0.0 0.00341606 9.80496e-06 1.19209e-07 2.68221e-07 0.0 0.0 0.0 0.0 0.0
0.0 0.0 0.0 0.0 0.0 0.0 0.0 0.0 0.0 0.0 0.0 0.0 0.0 0.0 0.0 0.0 0.0 0.0 0.00147769 3.64184e-05 0.0 0.0 0.0 0.987444 0.0 3.8594e-05 0.0 0.0 0.0 0.0 0.0 0.0 0.0 0.00692028 0.0 0.0 0.0 0.0 0.0 1.19209e-07 0.0 0.0 0.0 0.0 0.0 0.0 0.0 5.06639e-07 0.0 0.0 0.0 0.0 0.975508 0.406252 0.0 0.0 0.0 0.000159502 0.0 0.0 2.98023e-07 0.0 2.68221e-07 0.0
1.0 0.994505 1.0 0.0 0.0 0.998895 0.999754 0.999444 1.0 0.126815 0.00245738 0.983983 0.999989 3.8445e-06 0.0 0.0 0.999999 0.999884 1.0 1.0 1.0 0.83298 1.0 0.999994 0.994581 0.907374 1.0 0.922697 1.0 1.0 1.0 1.81794e-06 0.0 0.99981 0.958236 0.0 0.00956437 1.49012e-07 0.0 1.0 1.0 0.358902 0.0 0.999903 0.0028896 0.0 0.00169748 1.0 0.0 0.90768 0.714667 0.999983 0.99999 1.0 0.0 0.669964 0.991026 1.0 1.0 2.08616e-06 0.999951 0.967848 0.00029996 0.999999
0.999427 0.0 0.0 0.0 0.0 0.0 0.0 0.0 0.0 0.0 0.0 0.0 0.0 0.0 0.0 0.0 0.0 0.0 0.0 0.0 0.0 0.0 0.0 0.0 0.0 0.0 0.0 0.0 0.0 0.0 0.0 0.0 0.0 0.0 0.0 0.0 0.0 0.0 0.0 0.258017 0.0 0.0 0.0 0.0 0.0 0.0 0.0 8.9407e-08 0.0 0.0 0.0 0.0 0.0 1.34706e-05 0.0 0.0 0.0 0.0 0.0 0.0 0.0 0.0 0.0 0.0
0.0 4.17233e-06 0.0 0.0 0.0 0.0 0.0 0.0 0.0 0.0 0.0 0.596925 0.0 0.0 0.0 0.0 0.0 0.0 0.0 0.0 0.0 0.0 0.0 0.0 0.0 0.0 0.0 0.0 0.0 0.0 0.0 0.0 0.0 0.0 0.0 0.0 0.0 0.0 0.0 0.0 0.0 0.0 0.0 0.0 0.0 0.0 0.0 0.0 0.0 1.23084e-05 0.0 0.0 0.0 2.68221e-07 0.0 0.0 0.0 0.0 0.0 0.0 0.0 0.0 0.0 2.98023e-08
0.0 0.0 0.0 0.0 0.0 0.998191 0.000311494 0.0 0.0290351 2.563e-06 3.57628e-07 0.0 1.49012e-07 0.0 0.0 0.0 5.96046e-08 0.00488868 0.0 5.96046e-08 0.0 0.0 0.0 0.0 6.91414e-05 0.0 0.0 0.308463 0.0 0.0 0.0 0.0 0.0 0.0 0.0 0.0 1.95205e-05 0.0 0.0 0.0 0.0 0.0 0.0 0.0 0.0 0.0 8.9407e-08 0.0 0.0 2.17557e-06 1.68383e-05 0.0 0.0 0.0 0.0 0.0 2.92659e-05 0.0 3.8743e-07 0.0 1.01328e-06 0.0 0.0 0.0
0.0 2.98023e-08 1.10865e-05 0.0 0.0 0.0 0.0 0.0 5.96046e-08 0.0 0.0 8.9407e-08 1.99676e-06 0.0 0.0 0.0 5.96046e-07 0.0 0.0 0.116234 0.0 0.0 0.0 0.0 0.0 0.0 0.000530273 0.0 0.000129342 0.0 0.992457 0.0 0.0 0.0 0.0 0.0 0.0 0.0 0.0 0.946201 7.15256e-07 0.0 0.0 0.0 0.0 0.0 0.0 0.0105006 0.0 0.0 0.0 0.0 0.0 0.80585 0.0 0.0 0.0 1.81794e-06 5.96046e-08 0.0 0.0 0.0 0.0 0.0
0.0 0.0 0.0 0.0 0.0 0.0 0.0 0.0 0.0 0.0 0.0 0.0 0.0 0.0 0.0 0.0 0.0 0.0 0.999696 1.78814e-07 0.0 0.0 7.84397e-05 0.000184923 0.0 3.33786e-06 0.0 0.0 0.0 0.0 0.0 0.0 0.0 1.43051e-06 0.0 0.0 0.0 0.0 0.0 5.66244e-07 0.0 0.0 0.0 1.76728e-05 0.0 0.0 0.0 0.0 0.0 0.0 0.0 0.0 0.000285119 0.0493638 0.0 0.0 0.0 1.5229e-05 0.0 2.98023e-08 2.98023e-08 0.0 3.15905e-06 0.0
0.0 0.0 0.0 0.0 0.0 1.49012e-07 2.563e-06 0.0 0.000134468 0.0 0.0 0.0 0.0 0.0 0.0 0.0 0.0 0.0 0.0 0.0 0.000169188 0.0 0.0 0.0 1.78814e-07 0.0 0.0 8.34465e-07 0.000704885 0.0 0.0 0.0 0.0 0.0 0.0 0.0 0.0 0.0 0.0 2.98023e-07 0.0 0.0 0.0 0.0 0.0 0.0 0.0 0.0 0.0 1.81794e-06 1.10865e-05 0.998481 0.0 1.04308e-06 0.0 0.0 0.000221014 0.0 0.232602 0.0 0.0 0.0 0.0 1.16229e-06
0.0 0.0 0.0 0.0 0.0 0.0 4.76837e-07 0.0 4.8697e-05 0.0 0.0 0.0 2.68221e-07 0.0 0.0 0.0 1.17421e-05 0.0 0.0 0.000136167 2.47359e-06 0.0 0.0 0.0 0.0 0.0 0.0 0.0 0.999555 0.0 1.49012e-07 0.0 0.0 0.0 0.0 0.0 0.0 0.0 0.0 4.825e-05 0.0 0.0 0.0 0.0 0.0 0.0 0.0 1.19209e-07 0.0 0.0 0.0 2.35438e-06 0.0 0.721636 0.0 0.0 5.96046e-08 2.98023e-08 0.000145048 0.0 0.0 0.0 0.0 0.0
0.0 0.0 0.0 0.0 0.0 0.0 0.0 0.969779 0.0 0.0 0.0 0.0 0.0 1.78814e-07 0.0 0.0 0.0 0.0 0.0 0.0 0.0 0.999941 0.0 0.0 0.0 0.0 0.0 0.0 0.0 0.0 0.0 0.0 0.0 0.0 0.0 0.0 0.0 2.98023e-08 0.0 0.0 0.0 0.0 0.0 0.0 0.0 0.0 0.0 0.0 0.0 0.0 0.0 0.0 0.0 0.0 0.0 0.0 0.0 0.0 0.0 0.0 0.0 0.0 0.0 0.0
0.0 0.0 0.0 0.0 0.0 0.0 0.0 0.982636 0.0 0.0 0.0 0.0 0.0 0.0 0.0 0.0 0.0 0.0 0.0 0.0 0.0 0.348299 0.0 0.0 0.0 0.0 0.0 0.0 0.0 0.0 0.0 0.0 0.0 0.0 0.0 0.0 0.0 0.0 0.0 0.0 0.0 0.0 0.0 0.0 0.0 0.0 0.0 0.0 0.0 0.0 0.0 0.0 0.0 0.0 0.0 0.0 0.0 0.0 0.0 0.0 0.0 0.0 0.0 0.0
0.0 2.70605e-05 0.0 0.0 0.0 7.15256e-07 9.08673e-05 0.0 0.000634909 1.3113e-06 0.0 1.01328e-06 0.000778764 0.0 0.0 0.0 0.000506252 5.48363e-06 0.0 1.78814e-07 0.00384685 0.0 0.0 0.0 2.95043e-06 0.0 0.0 0.00565547 0.0185348 0.0 0.0 0.0 0.0 0.0 0.0 0.0 0.0 0.0 0.0 1.19209e-07 0.0 0.0 0.0 0.0 0.0 0.0 0.0 0.0 0.0 0.000112742 2.38419e-07 6.55651e-06 0.0 0.000443488 0.0 4.47035e-07 0.00489751 0.0 1.37091e-05 0.0 0.0 0.0 0.0 0.0
25 31 45 54 61 48 36 52 33 29 15 0 21 13 10 23 38 2 58 62 34 37 46 59 41 57 18 7 44 35 56 51 14 30 3 53 20 17 5 16 27 47 32 39 8 19 40 49 24 60 42 4 1 6 26 50 9 28 22 12 11 63 43 55
