8
0.0 0.256346 0.0 0.0 0.0 0.0 0.0 0.0 0.0 0.0 2.98023e-08 0.0 1.19209e-07 2.98023e-08 0.989406 0.0 0.0 0.000221401 0.0 0.0 0.141444 0.0 0.0 6.85453e-07 0.0 0.0 0.0 0.0 6.07967e-06 0.0 0.0 0.0 0.00113869 0.0 0.0 0.0195978 1.19209e-07 3.57628e-06 0.0 9.53674e-07 0.0455143 0.0 0.0 0.0 0.0 0.0 0.0 0.0136372 0.0 0.0 0.0 0.000316709 0.0 1.49012e-07 0.0 6.25849e-07 0.0 0.0 0.0 0.0042018 0.0144031 3.56734e-05 0.0 0.0
5.26309e-05 2.05636e-06 0.0 0.000287294 0.0 0.0 0.0 0.0 0.0 0.0 6.55651e-07 0.0 5.96046e-08 0.00732186 0.00315458 0.0 0.000251621 0.278491 0.0 0.0 2.98023e-08 0.0 0.0 0.000359893 0.0 3.27826e-06 0.0 0.0 0.0 0.0 0.0 0.0 0.0293685 0.0 1.78814e-07 3.01003e-05 0.0 5.47469e-05 0.0 5.19454e-05 4.47035e-07 0.0 4.41074e-06 0.0 0.0 3.8743e-07 0.0 3.27826e-07 0.0 0.0 0.0 0.02156 0.0 7.45058e-07 0.0 0.0 1.78814e-07 0.0 0.0 0.000133902 0.996084 0.00924924 0.0 7.36117e-06
0.0 0.0 0.0 0.0 0.0 0.0 0.0 0.0 0.0 0.0 0.0 0.0 0.0 0.0 0.0 0.0 0.0 0.0 0.0 0.0 0.0 0.0 0.0 0.0 0.0 0.0 0.0 0.0 0.0 0.0 0.0 0.0 0.0 0.0 0.0 0.0 0.0 0.0 0.0 0.0 0.0 0.0 0.0 0.0 0.982864 0.0 0.0 0.0 0.0 0.0 0.0 0.0 0.0 0.0 0.0 0.0 0.0 0.0 0.0 0.0 0.0 0.0 0.0 0.0
0.0199851 0.0 8.04961e-05 9.68277e-05 0.882541 0.0 0.0 5.96046e-08 0.0 0.0 0.0 0.0 0.0 0.000209481 0.0 0.0 0.0506093 0.000157148 0.000169009 6.47306e-05 0.0 0.0 0.0 0.0 0.0 0.028832 0.0 0.0 0.0 3.60608e-06 0.0 0.821885 0.0 0.0 0.0946897 0.0 0.0 0.0 0.0 2.98023e-08 0.0 0.0 0.391133 0.991669 0.0 0.0 1.19209e-07 0.0 0.0 0.0 0.0 0.0 0.0 0.0 0.0 0.0 0.0 0.0 0.0 0.0 0.0 0.000157237 0.0 0.000142068
0.000132322 0.0 0.0 0.000523567 0.000466406 0.0 0.0 0.0 0.0 0.0 0.0 0.0 0.0 5.33462e-06 0.0 0.0 2.14875e-05 0.570131 0.0 0.99572 0.0 0.0 0.0 0.0 0.0 0.000498593 0.0 0.0 0.0 0.00021413 0.0 1.78814e-07 1.19209e-07 0.0 0.0569289 0.0 0.0 0.0 0.0 1.78814e-07 0.0 0.0 0.0028905 1.78814e-07 0.0 0.0 0.0 0.0 0.0 0.0 0.0 0.000706494 0.0 0.0 0.0 0.0 2.6226e-06 0.0 0.0 8.9407e-08 1.14441e-05 0.96491 1.16229e-06 0.033612
0.0 0.0 0.0 0.0 0.0 0.0 0.0 0.0 0.0 0.0 0.0 0.0 0.0 0.0 0.0 0.0 0.0 0.0 0.0 0.0 0.0 0.0 0.0 0.0 0.0 0.0 0.0 0.0 0.0 0.0 0.0 0.0 0.0 0.0 0.0 0.0 0.0 0.0 0.0 0.0 0.0 0.0 0.0 0.0 0.0 0.0 0.0945689 0.0 0.0 0.0 0.0 0.0 0.0 0.0 0.999969 0.0 0.0 0.0 0.0 0.0 0.0 0.0 0.0 0.0
0.0 0.0 0.0 0.0 0.0 0.0 0.0 0.0 0.0 5.06639e-07 0.0 0.0 0.0 0.0 0.0 0.0 0.0 0.0 0.0 0.0 0.0 0.00100297 0.0 0.0 0.0 0.0 0.0 0.0 0.0 0.0 0.0 0.0 0.0 0.0 0.0 0.0 0.0 0.0 0.0 0.0 0.0 0.0 0.0 0.0 0.0 0.0 0.0 0.0 0.000908762 0.0 0.0 0.0 0.0 0.0 0.0 0.0 0.0 0.0 0.0 0.0 0.0 0.0 0.0 0.0
0.0 0.0 0.0 0.0 0.0 0.0 0.0 0.0 0.0 0.0 0.0 0.0 0.0 0.0 0.0 0.0 0.0 0.0 0.0 0.0 0.0 0.0 0.136519 0.0 0.0 0.0 0.0 0.0 0.0 0.0 0.0 0.0 0.0 0.0 0.0 0.0 0.0 0.0 0.0 0.0 0.0 0.0 0.0 0.0 0.0 0.0 0.0 0.0 0.0 0.0 0.0 0.0 0.152033 0.0 0.0 0.0 0.0 0.0 0.0 0.0 0.0 0.0 0.0 0.0
0.99984 0.0 0.0 0.00222993 0.00142902 0.0 0.0 0.0 0.0 0.0 0.0 0.0 0.0 0.10742 0.0 0.0 0.236697 0.00971797 0.0 1.70171e-05 0.0 0.0 0.0 5.06639e-07 0.0 0.0216433 0.0 0.0 0.0 0.00140908 0.0 0.0070852 4.88758e-06 0.0 0.032035 0.0 0.0 0.0 0.0 1.83582e-05 0.0 0.0 0.577498 0.00242481 0.0 0.0 0.0 0.0 0.0 0.0 0.0 2.08616e-07 0.0 0.0 0.0 0.0 1.2517e-06 0.0 0.0 1.07288e-06 3.39746e-06 6.85453e-06 1.38879e-05 0.00677109
0.0 0.0 0.0 0.0 0.0 0.0 0.0 0.0 0.0 0.0 0.0 0.0 0.0 0.0 0.0 0.0 0.0 0.0 0.0 0.0 0.0 0.999949 0.0 0.0 0.0 0.0 0.0 0.0 0.0 0.0 0.0 0.0 0.0 0.0 0.0 0.0 0.0 0.0 0.0 0.0 0.0 0.0 0.0 0.0 0.0 0.0 0.0 0.0 0.0 0.0 0.0 0.0 0.0 0.0 0.0 0.0 0.0 0.0 0.0 0.0 0.0 0.0 0.0 0.0
0.0 0.0 0.0 0.0 0.0 0.0 0.793747 0.0 0.0 0.0 0.915336 0.0 0.000117064 0.0 0.0 0.0 0.0 0.0 0.0 0.0 0.0 0.0 0.0 0.0 0.0 0.0 0.0 0.0 0.0 0.0 0.0 0.0 0.0 0.0 0.0 0.0 0.0130342 3.26633e-05 0.0 0.0 2.98023e-07 0.0 0.0 0.0 0.0 0.969854 0.0 0.0 0.0 0.0 0.0 0.0 0.0 8.9407e-08 0.0 0.0 0.0 1.2517e-06 0.0 0.0 0.0 0.0 0.0 0.0
0.0 1.20401e-05 0.0 0.0 0.0 0.0 0.0 0.0 1.78814e-06 0.0 0.0 0.0 0.0 0.0 0.0 0.0 0.0 0.0 0.0 0.0 7.15256e-07 0.0 0.0 0.0 0.0 0.0 0.0 0.0 0.0 0.0 0.0 0.0 0.0 0.0 0.0 0.0 8.85129e-06 0.0 0.984463 0.0 0.000679761 0.0 0.0 0.0 0.0 0.0 0.0 3.57628e-07 0.0 0.724023 0.0 0.0 0.0 0.0 0.0 1.49012e-06 0.0 0.00770804 0.0 0.0 0.0 0.0 0.0 0.0
8.29995e-05 0.0 0.0 0.000781626 0.000102192 0.0 0.0 0.0 0.0 0.0 0.0 0.0 0.0 8.9407e-08 0.0 0.0 0.00339147 2.76268e-05 0.0 0.000103086 0.0 0.0 0.0 3.57628e-05 0.0 1.01328e-06 0.0 0.0 0.0 0.00432348 0.0 1.19209e-07 1.10269e-06 0.0 0.000103533 0.0 0.0 0.0 0.0 0.00451228 0.0 0.0 0.00102586 1.49012e-07 0.0 0.0 0.0 0.0 0.0 0.0 0.0 3.66569e-06 0.0 8.9407e-08 0.0 0.0 0.869019 0.0 0.0 8.64267e-07 5.06639e-07 0.000109762 0.0817193 6.85453e-07
0.966143 0.0 4.17233e-07 0.0312125 0.00157422 4.23193e-06 0.0 0.0 0.0 0.0 0.0 0.0 0.0 0.863319 0.0 0.0 0.426549 0.986196 1.54972e-06 0.000134349 0.0 0.0 0.0 2.5332e-06 0.0 0.976349 0.0 0.0 1.19209e-07 0.000128508 0.0 0.166998 0.0250271 0.0 0.00202566 1.78814e-07 0.0 0.0 0.0 0.00215089 0.0 0.0 0.200397 0.361374 0.0 0.0 0.00633666 0.0 0.0 0.0 0.0 3.36468e-05 0.0 0.0 0.00305539 0.0 2.98023e-08 0.0 0.0 0.000579953 0.00256824 0.00542733 0.0 0.00865421
0.000975817 2.80142e-06 0.0 0.00270712 0.0 0.0 0.0 0.0 0.0 0.0 0.0 0.0 0.0 0.11383 1.12951e-05 0.0 0.0126505 0.181689 0.0 0.0 8.9407e-08 0.0 0.0 0.32282 0.0 1.19209e-06 0.0 0.0 0.000498861 3.8743e-06 0.0 0.0 0.996157 0.0 4.82798e-06 0.307439 0.0 0.0 0.0 0.506906 2.98023e-08 0.0 7.689e-06 0.0 0.0 0.0 0.0 1.78814e-07 0.0 0.0 0.0 0.0197042 0.0 0.0 0.0 0.0 1.56164e-05 0.0 0.0 0.910323 0.268379 0.000263184 3.21865e-06 8.67248e-06
0.0 0.0 0.0 0.0 0.0 0.0 0.0 0.0 0.0 0.0 0.0 0.148839 0.0 0.0 0.0 0.0121957 0.0 0.0 0.0 0.0 0.0 0.0 0.0 0.0 0.0 0.0 0.0 0.0 0.0 0.0 0.991747 0.0 0.0 0.0 0.0 0.0 0.0 0.0 0.0 0.0 0.0 0.0 0.0 0.0 0.0 0.0 0.0 0.0 0.0 0.0 0.0 0.0 0.0 0.0 0.0 0.0 0.0 0.0 0.0 0.0 0.0 0.0 0.0 0.0
3.5882e-05 0.0 0.0307285 0.0 6.24657e-05 0.0 0.0 0.0117047 0.0 0.0 0.0 0.0 0.0 1.78814e-07 0.0 0.0 3.33786e-06 0.0 0.000724196 2.98023e-08 0.0 0.0 0.0 0.0 0.0 0.00127545 0.0 5.27501e-06 0.0 1.49012e-07 0.0 0.99783 0.0 0.0 1.2815e-06 0.0 0.0 0.0 0.0 0.0 0.0 5.48363e-06 9.07481e-05 0.00610578 0.0 0.0 9.29832e-06 0.0 0.0 0.0 0.0 0.0 0.0 0.0 1.01328e-06 0.0 0.0 0.0 0.0 0.0 0.0 0.0 0.0 0.0
0.0 0.0 0.179119 0.0 0.0 0.0 0.0 0.123272 0.0 0.0 0.0 0.0 0.0 0.0 0.0 0.0 0.0 0.0 0.479685 0.0 0.0 0.0 0.0 0.0 0.0 0.0 0.0 0.997336 0.0 0.0 0.0 1.70171e-05 0.0 0.0 0.0 0.0 0.0 0.0 0.0 0.0 0.0 0.989983 0.0 0.0 0.0 0.0 0.0 0.0 0.0 0.0 0.0 0.0 0.0 0.0 0.0 0.0 0.0 0.0 0.0 0.0 0.0 0.0 0.0 0.0
0.0 0.99611 0.0 0.0 0.0 0.0 0.0 0.0 1.75834e-06 0.0 3.63588e-06 0.0 2.98023e-08 0.0 0.000728965 0.0 0.0 2.08616e-07 0.0 0.0 0.103537 0.0 0.0 0.00013274 0.0 0.0 0.0 0.0 8.97348e-05 0.0 0.0 0.0 1.54078e-05 0.0 0.0 0.25145 1.51098e-05 6.47306e-05 0.0 3.60608e-06 0.0101303 0.0 0.0 0.0 0.0 1.78814e-07 0.0 0.703417 0.0 3.30806e-06 0.0 9.29832e-06 0.0 1.04308e-06 0.0 1.65105e-05 0.0 0.0 0.0 0.000310183 2.5332e-06 5.96046e-08 0.0 0.0
0.0 0.674279 0.0 0.0 0.0 0.0 0.0 0.0 1.19209e-07 0.0 8.9407e-08 0.0 0.0 0.0 0.00151971 0.0 0.0 8.9407e-08 0.0 0.0 0.822988 0.0 0.0 1.70469e-05 0.0 0.0 0.0 0.0 0.00149617 0.0 0.0 0.0 1.2517e-05 0.0 0.0 0.0402434 9.11951e-06 3.8445e-06 0.0 4.76837e-07 0.057835 0.0 0.0 0.0 0.0 0.0 0.0 0.981571 0.0 1.54972e-06 0.0 3.57628e-07 0.0 6.25849e-07 0.0 2.39313e-05 0.0 0.0 0.0 2.83122e-05 2.29478e-06 0.0 0.0 0.0
2.98023e-08 6.57439e-05 0.0 0.0 0.0 0.0 0.0 0.0 0.0 0.0 0.0 0.0 0.0 5.96046e-08 1.16229e-06 0.0 1.49012e-07 1.78814e-07 0.0 0.0 0.00169852 0.0 0.0 0.0467772 0.0 0.0 0.0 0.0 0.999319 0.0 0.0 0.0 0.00384966 0.0 0.0 0.427152 0.0 0.0 0.0 0.0317593 0.00019294 0.0 0.0 0.0 0.0 0.0 0.0 0.000660866 0.0 0.0 0.0 2.68221e-07 0.0 0.0 0.0 8.9407e-08 2.98023e-08 0.0 0.0 0.0834018 2.38419e-07 1.19209e-07 1.15633e-05 0.0
0.0 0.0432285 0.0 0.0 0.0 0.0 0.0 0.0 0.0 0.0 8.9407e-08 0.0 1.19209e-07 0.0 0.0308295 0.0 0.0 0.0 0.0 0.0 0.17096 0.0 0.0 5.96046e-08 0.0 0.0 0.0 0.0 3.72529e-06 0.0 0.0 0.0 5.96046e-08 0.0 0.0 7.53105e-05 8.34465e-07 1.01328e-06 2.98023e-08 0.0 0.999899 0.0 0.0 0.0 0.0 0.0 0.0 0.00547022 0.0 3.5733e-05 0.0 0.0 0.0 1.19209e-07 0.0 1.3411e-06 0.0 0.0 0.0 5.96046e-07 8.9407e-08 0.0 0.0 0.0
0.0 0.0 0.0 0.0 0.0 0.0 0.0 0.0 0.0 0.0 0.0 0.0 0.0 0.0 0.0 0.0 0.0 0.0 0.0 0.0 0.0 0.0 0.0 0.0 0.0 0.0 0.0 0.0 0.0 0.0 0.0 0.0 0.0 0.0 0.0 0.0 0.0 0.0 0.0 0.0 0.0 0.0 0.0 0.0 0.0 0.0 0.0 0.0 1.19209e-07 0.0 0.997876 0.0 0.0 0.0 0.0 0.0 0.0 0.0 0.0 0.0 0.0 0.0 0.0 0.0
0.0350983 0.0 0.0 0.932556 8.9407e-06 0.0 0.0 0.0 0.0 0.0 0.0 0.0 0.0 0.000216395 0.0 0.0 0.00331324 0.0313133 0.0 1.15931e-05 0.0 0.0 0.0 4.00543e-05 0.0 0.000127465 0.0 0.0 0.0 0.000116289 0.0 0.0 2.47359e-05 0.0 0.0539551 7.15256e-07 0.0 0.0 0.0 0.0125341 0.0 0.0 0.00403297 2.14577e-06 0.0 0.0 0.0 0.0 0.0 0.0 0.0 0.0154271 0.0 5.96046e-08 0.0 0.0 1.69575e-05 0.0 0.0 7.45058e-06 0.00127348 0.0833596 3.16501e-05 0.00265038
0.0 0.0 0.0 0.0 0.0 1.19209e-07 0.0 0.0 0.0 0.0 0.0 0.0 0.0 0.0 0.0 0.0 0.0 0.0 0.0 0.0 0.0 0.0 0.0 0.0 0.00477201 0.0 0.0 0.0 0.0 0.0 0.0 0.0 0.0 0.999981 0.0 0.0 0.0 0.0 0.0 0.0 0.0 0.0 0.0 0.0 0.0 0.0 0.0 0.0 0.0 0.0 0.0 0.0 0.0 0.0 0.0 0.0 0.0 0.0 0.0 0.0 0.0 0.0 0.0 0.0
0.000556648 1.19209e-07 0.0 5.93662e-05 0.0 0.0 0.0 0.0 0.0 0.0 3.27826e-07 0.0 0.0 0.0015071 0.0 0.0 0.21492 0.000175536 0.0 0.0 2.98023e-08 0.0 0.0 0.998286 0.0 8.9407e-08 0.0 0.0 0.0100741 0.000138193 0.0 0.0 0.0320225 0.0 1.51992e-06 0.0304576 8.9407e-08 1.78814e-07 0.0 0.989072 5.96046e-08 0.0 4.47035e-07 0.0 0.0 0.0 0.0 1.78814e-07 0.0 0.0 0.0 7.65622e-05 0.0 0.0 0.0 0.0 0.00466269 0.0 0.0 0.821192 0.00298628 1.32918e-05 0.00371575 8.9407e-08
0.0 0.0 0.0 0.0 0.0 0.0 0.0 0.0 0.0 0.0 0.0 0.999997 0.0 0.0 0.0 8.9407e-08 0.0 0.0 0.0 0.0 0.0 0.0 0.0 0.0 0.0 0.0 0.0 0.0 0.0 0.0 2.80142e-06 0.0 0.0 0.0 0.0 0.0 0.0 0.0 0.0 0.0 0.0 0.0 0.0 0.0 0.0 0.0 0.0 0.0 0.0 0.0 0.0 0.0 0.0 0.0 0.0 0.0 0.0 0.0 0.0 0.0 0.0 0.0 0.0 0.0
0.0 0.0 0.0 0.0 0.0 0.0 0.0 0.0 0.0 0.0109013 0.0 0.0 0.0 0.0 0.0 0.0 0.0 0.0 0.0 0.0 0.0 0.0 1.75834e-05 0.0 0.0 0.0 0.0 0.0 0.0 0.0 0.0 0.0 0.0 0.0 0.0 0.0 0.0 0.0 0.0 0.0 0.0 0.0 0.0 0.0 0.0 0.0 0.0 0.0 5.31375e-05 0.0 0.0 0.0 5.66244e-07 0.0 0.0 0.0 0.0 0.0 0.0 0.0 0.0 0.0 0.0 0.0
0.502487 0.0 0.0 0.0445098 1.49012e-07 0.0 0.0 0.0 0.0 0.0 0.0 0.0 0.0 9.62913e-05 0.0 0.0 0.875832 0.00421086 0.0 1.78814e-07 0.0 0.0 0.0 0.00343397 0.0 2.14577e-06 0.0 0.0 4.76837e-07 0.964154 0.0 2.98023e-08 1.24276e-05 0.0 0.00849038 3.57628e-07 0.0 0.0 0.0 0.200404 0.0 0.0 3.74615e-05 2.38419e-07 0.0 0.0 0.0 0.0 0.0 0.0 0.0 0.0023568 0.0 0.0 0.0 0.0 0.000138223 0.0 0.0 0.000638217 6.88434e-06 0.020138 0.000146121 6.03199e-05
0.0 0.0984342 0.0 1.78814e-07 0.0 0.0 0.0 0.0 0.0 0.0 2.98023e-06 0.0 0.0 9.23872e-07 4.33326e-05 0.0 1.19209e-07 6.64592e-06 0.0 0.0 0.000301331 0.0 0.0 0.00696975 0.0 0.0 0.0 0.0 0.0176858 0.0 0.0 0.0 0.0382645 0.0 0.0 0.987409 1.10269e-06 3.48687e-06 0.0 0.00474349 3.98755e-05 0.0 0.0 0.0 0.0 1.19209e-07 0.0 0.00128752 0.0 0.0 0.0 5.33164e-05 0.0 1.19209e-07 0.0 4.76837e-07 0.0 0.0 0.0 0.102146 4.02629e-05 1.78814e-06 2.98023e-08 0.0
0.0 0.0 0.0 0.0 0.0 0.0 0.0 0.0 0.0 0.0 0.0 0.0 0.0 0.0 0.0 1.51992e-06 0.0 0.0 0.0 0.0 0.0 0.0 0.0 0.0 0.901498 0.0 0.0 0.0 0.0 0.0 0.0 0.0 0.0 1.78814e-07 0.0 0.0 0.0 0.0 0.0 0.0 0.0 0.0 0.0 0.0 0.0 0.0 0.0 0.0 0.0 0.0 0.0 0.0 0.0 0.0 0.0 0.0 0.0 0.0 0.999941 0.0 0.0 0.0 0.0 0.0
0.0 8.04663e-07 0.0 1.2219e-06 0.0 0.0 3.57628e-07 0.0 0.0 0.0 3.24845e-06 0.0 0.0818378 0.0 3.12924e-06 0.0 0.0 9.83477e-07 0.0 0.0 2.98023e-08 0.0 0.0 0.0 0.0 0.0 0.0 0.0 0.0 0.0 0.0 0.0 0.0 0.0 8.9407e-08 0.0 0.0 0.00101072 0.0 2.98023e-08 1.93715e-06 0.0 0.0 0.0 0.0 8.34465e-07 0.0 1.78814e-07 0.0 0.0 0.0 6.89924e-05 0.0 0.969547 0.0 0.0 0.0 0.0 0.0 0.0 1.19209e-07 0.00121078 5.96046e-08 0.0
0.0143115 5.96046e-08 0.0 0.184354 0.0 0.0 0.0 0.0 0.0 0.0 0.0 0.0 0.0 0.00776353 7.15256e-07 0.0 0.0238222 0.358206 0.0 1.78814e-07 3.27826e-07 0.0 0.0 0.175533 0.0 2.05636e-06 0.0 0.0 0.00917986 0.000169069 0.0 0.0 0.446612 0.0 5.00381e-05 0.0230451 0.0 0.0 0.0 0.999097 0.0 0.0 5.23031e-05 0.0 0.0 0.0 0.0 7.15256e-07 0.0 0.0 0.0 0.214883 0.0 5.96046e-08 0.0 0.0 0.00081867 0.0 0.0 0.779539 0.245448 0.00952804 0.00103521 4.83096e-05
0.0 0.0 0.0 0.0 0.0 0.999976 0.0 0.0 0.0 0.0 0.0 0.0 0.0 0.0 0.0 0.0 0.0 0.0 0.0 0.0 0.0 0.0 0.0 0.0 0.0 0.0 0.0 0.0 0.0 0.0 0.0 0.0 0.0 0.0 0.0 0.0 0.0 0.0 0.0 0.0 0.0 0.0 0.0 0.0 0.0 0.0 0.0 0.0 0.0 0.0 0.0 0.0 0.0 0.0 8.9407e-08 0.0 0.0 0.0 0.0 0.0 0.0 0.0 0.0 0.0
0.0 0.0 0.702303 0.0 0.0 0.0 0.0 0.694054 0.0 0.0 0.0 0.0 0.0 0.0 0.0 0.0 0.0 0.0 0.879418 0.0 0.0 0.0 0.0 0.0 0.0 0.0 0.0 0.884031 0.0 0.0 0.0 8.67248e-05 0.0 0.0 0.0 0.0 0.0 0.0 0.0 0.0 0.0 0.955095 0.0 5.96046e-08 0.0 0.0 5.96046e-08 0.0 0.0 0.0 0.0 0.0 0.0 0.0 0.0 0.0 0.0 0.0 0.0 0.0 0.0 0.0 0.0 0.0
0.000503391 9.65595e-06 0.0 0.000789016 0.0 2.98023e-08 0.0 0.0 0.0 0.0 0.0 0.0 0.0 0.274991 2.08616e-06 0.0 0.00918958 0.051594 0.0 0.0 2.08616e-07 0.0 0.0 0.920737 0.0 6.25849e-07 0.0 0.0 0.000157028 6.55651e-07 0.0 0.0 0.936039 0.0 1.54972e-06 0.785722 0.0 0.0 0.0 0.551343 1.49012e-07 0.0 1.04308e-05 0.0 0.0 0.0 0.0 1.37091e-06 0.0 0.0 0.0 0.00171953 0.0 0.0 0.0 0.0 1.55568e-05 0.0 0.0 0.999556 0.48926 6.91414e-05 5.69224e-06 3.75509e-06
0.0 0.0 0.0 0.0 0.0 0.0 0.0333022 0.0 0.0 0.0 0.994284 0.0 0.000781 0.0 0.0 0.0 0.0 0.0 0.0 0.0 0.0 0.0 0.0 0.0 0.0 0.0 0.0 0.0 0.0 0.0 0.0 0.0 0.0 0.0 0.0 0.0 0.00226203 2.3365e-05 2.98023e-08 0.0 2.68221e-06 0.0 0.0 0.0 0.0 0.0893124 0.0 0.0 0.0 0.0 0.0 0.0 0.0 2.98023e-08 0.0 0.0 0.0 1.95205e-05 0.0 0.0 0.0 0.0 0.0 0.0
1.56462e-05 0.0 0.0 0.0389763 0.0 0.0 0.0 0.0 0.0 0.0 0.0 0.0 2.98023e-07 0.0 1.10865e-05 0.0 0.000196457 0.0839374 0.0 1.75834e-06 0.0 0.0 0.0 1.49012e-07 0.0 2.95043e-06 0.0 0.0 0.0 7.18832e-05 0.0 0.0 4.17233e-07 0.0 0.00037089 4.76837e-07 0.0 4.47035e-07 0.0 0.00012061 0.0 0.0 1.78814e-06 0.0 0.0 0.0 0.0 0.0 0.0 0.0 0.0 0.931447 0.0 0.00051713 0.0 0.0 2.38419e-07 0.0 0.0 3.27826e-07 9.75728e-05 0.839503 1.40071e-06 0.000448197
0.0 0.000871837 0.0 0.0 0.0 0.0 0.0 0.0 1.3411e-06 0.0 2.08616e-07 0.0 0.0 0.0 2.08616e-07 0.0 0.0 0.0 0.0 0.0 0.000349939 0.0 0.0 0.0 0.0 0.0 0.0 0.0 0.0 0.0 0.0 0.0 0.0 0.0 0.0 0.0 0.0017097 0.0 0.674611 0.0 0.21121 0.0 0.0 0.0 0.0 1.19209e-07 0.0 0.000123501 0.0 0.994261 0.0 0.0 0.0 0.0 0.0 2.14577e-06 0.0 2.44081e-05 0.0 0.0 0.0 0.0 0.0 0.0
0.1364 0.0 1.19209e-07 0.0436866 0.0206727 0.0 0.0 0.0 0.0 0.0 0.0 0.0 0.0 0.486756 0.0 0.0 0.735555 0.964508 1.49012e-07 0.000695705 0.0 0.0 0.0 2.11596e-05 0.0 0.706368 0.0 0.0 0.0 0.00079006 0.0 0.0235757 9.12845e-05 0.0 0.00485039 0.0 0.0 0.0 0.0 0.000444412 0.0 0.0 0.967995 0.0171656 0.0 0.0 0.0 0.0 0.0 0.0 0.0 1.54674e-05 0.0 0.0 5.96046e-08 0.0 7.45058e-06 0.0 0.0 5.54323e-06 0.00141749 0.495185 2.08616e-07 0.0040935
0.28913 0.0 0.0 0.0427754 0.000240624 0.0 0.0 0.0 0.0 0.0 0.0 0.0 0.0 0.000875413 0.0 0.0 0.000554174 0.239525 0.0 0.000640482 0.0 0.0 0.0 2.98023e-08 0.0 0.0294552 0.0 0.0 0.0 3.8743e-06 0.0 1.49012e-07 6.88434e-06 0.0 0.0390759 5.96046e-08 0.0 0.0 0.0 4.05312e-06 0.0 0.0 0.00679708 4.35114e-06 0.0 0.0 0.0 0.0 0.0 0.0 0.0 0.000718862 0.0 0.0 0.0 0.0 5.96046e-08 0.0 0.0 4.76837e-07 1.83284e-05 0.0119131 3.9041e-06 0.983809
0.0 0.0 0.0 0.0 0.0 0.0 0.0 0.0 0.0 0.00130334 0.0 0.0 0.0 0.0 0.0 0.0 0.0 0.0 0.0 0.0 0.0 0.0 0.0 0.0 0.0 0.0 0.0 0.0 0.0 0.0 0.0 0.0 0.0 0.0 0.0 0.0 0.0 0.0 0.0 0.0 0.0 0.0 0.0 0.0 5.96046e-08 0.0 0.0 0.0 0.998583 0.0 0.0 0.0 0.0 0.0 0.0 0.0 0.0 0.0 0.0 0.0 0.0 0.0 0.0 0.0
0.0 0.0 0.0629594 0.0 0.0 0.0 0.0 0.702353 0.0 0.0 0.0 0.0 0.0 0.0 0.0 0.0 0.0 0.0 0.306191 0.0 0.0 0.0 0.0 0.0 0.0 0.0 0.0 0.934925 0.0 0.0 0.0 3.39746e-06 0.0 0.0 0.0 0.0 0.0 0.0 0.0 0.0 0.0 0.995608 0.0 0.0 0.0 0.0 0.0 0.0 0.0 0.0 0.0 0.0 0.0 0.0 0.0 0.0 0.0 0.0 0.0 0.0 0.0 0.0 0.0 0.0
0.0 0.0 0.987076 0.0 3.18885e-06 0.0 0.0 0.000492066 0.0 0.0 0.0 0.0 0.0 0.0 0.0 0.0 0.0 0.0 0.622864 0.0 0.0 0.0 0.0 0.0 0.0 2.17557e-06 0.0 0.0155895 0.0 0.0 0.0 0.0591173 0.0 0.0 0.0 0.0 0.0 0.0 0.0 0.0 0.0 0.00294057 0.0 4.26173e-06 0.0 0.0 0.0 0.0 0.0 0.0 0.0 0.0 0.0 0.0 0.0 0.0 0.0 0.0 0.0 0.0 0.0 0.0 0.0 0.0
0.0 0.0 0.0 0.0 0.0 0.0 0.0 0.0 0.0 0.990692 0.0 0.0 0.0 0.0 0.0 0.0 0.0 0.0 0.0 0.0 0.0 0.0 0.0 0.0 0.0 0.0 0.0 0.0 0.0 0.0 0.0 0.0 0.0 0.0 0.0 0.0 0.0 0.0 0.0 0.0 0.0 0.0 0.0 0.0 0.0 0.0 0.0 0.0 0.143678 0.0 0.0 0.0 0.0 0.0 0.0 0.0 0.0 0.0 0.0 0.0 0.0 0.0 0.0 0.0
0.0 0.0 0.0 0.0 0.0 0.0 0.990124 0.0 0.0 0.0 0.751446 0.0 0.00078252 0.0 0.0 0.0 0.0 0.0 0.0 0.0 0.0 0.0 0.0 0.0 0.0 0.0 0.0 0.0 0.0 0.0 0.0 0.0 0.0 0.0 0.0 0.0 9.53376e-05 2.43485e-05 0.0 0.0 0.0 0.0 0.0 0.0 0.0 0.567176 0.0 0.0 0.0 0.0 0.0 0.0 0.0 3.57628e-07 0.0 0.0 0.0 2.98023e-08 0.0 0.0 0.0 0.0 0.0 0.0
0.0 0.0 0.0 0.0 0.0 0.0 0.0 0.0 0.0 0.0 0.0 0.0 0.0 0.0 0.0 0.0 0.0 0.0 0.0 0.0 0.0 0.0 3.15905e-06 0.0 0.0 0.0 0.0 0.0 0.0 0.0 0.0 0.0 0.0 0.0 0.0 0.0 0.0 0.0 0.0 0.0 0.0 0.0 0.0 0.0 0.0 0.0 0.0 0.0 0.0 0.0 0.0 0.0 3.57628e-07 0.0 0.0 0.0 0.0 0.0 0.0 0.0 0.0 0.0 0.0 0.0
0.0 0.0 0.0 0.0 0.0 0.0 0.0 0.0 0.0 0.0 0.0 0.0 0.0 0.0 0.0 0.0 0.0 0.0 0.0 0.0 0.0 5.36442e-07 0.0 0.0 0.0 0.0 0.0 0.0 0.0 0.0 0.0 0.0 0.0 0.0 0.0 0.0 0.0 0.0 0.0 0.0 0.0 0.0 0.0 0.0 0.00358808 0.0 0.0 0.0 2.77162e-05 0.0 0.0 0.0 0.0 0.0 0.0 0.0 0.0 0.0 0.0 0.0 0.0 0.0 0.0 0.0
0.0 0.0 0.0 0.0 0.0 0.0 0.0 0.0 0.0 0.0 0.0 0.0 0.0 0.0 0.0 0.0 0.0 0.0 0.0 0.0 0.0 0.0 0.983818 0.0 0.0 0.0 0.0 0.0 0.0 0.0 0.0 0.0 0.0 0.0 0.0 0.0 0.0 0.0 0.0 0.0 0.0 0.0 0.0 0.0 0.0 0.0 0.0 0.0 0.0 0.0 0.0 0.0 2.38419e-06 0.0 0.0 0.0 0.0 0.0 0.0 0.0 0.0 0.0 0.0 0.0
0.0 4.61936e-06 0.0 0.0 0.0 0.0 0.00375545 0.0 0.0 0.0 0.194487 0.0 3.1054e-05 0.0 0.0 0.0 0.0 0.0 0.0 0.0 1.19209e-07 0.0 0.0 0.0 0.0 0.0 0.0 0.0 0.0 0.0 0.0 0.0 0.0 0.0 0.0 0.0 0.989495 2.08616e-07 4.05312e-06 0.0 0.00271335 0.0 0.0 0.0 0.0 0.0234372 0.0 1.43051e-06 0.0 0.00023824 0.0 0.0 0.0 2.98023e-08 0.0 0.0 0.0 5.78165e-06 0.0 0.0 0.0 0.0 0.0 0.0
0.0 0.0 0.0 0.0 0.0 0.0 0.0 0.0 0.0 0.0 0.0 0.0 0.0 0.0 0.0 0.0 0.0 0.0 0.0 0.0 0.0 0.0 2.26498e-06 0.0 0.0 0.0 0.0 0.0 0.0 0.0 0.0 0.0 0.0 0.0 0.0 0.0 0.0 0.0 0.0 0.0 0.0 0.0 0.0 0.0 0.0 0.0 0.0 0.0 0.0 0.0 0.0 0.0 0.995691 0.0 0.0 0.0 0.0 0.0 0.0 0.0 0.0 0.0 0.0 0.0
0.0 0.0 0.993887 0.0 4.24981e-05 0.0 0.0 0.176711 0.0 0.0 0.0 0.0 0.0 0.0 0.0 0.0 0.0 0.0 0.999533 5.96046e-08 0.0 0.0 0.0 0.0 0.0 1.07884e-05 0.0 0.869162 0.0 0.0 0.0 0.0103537 0.0 0.0 0.0 0.0 0.0 0.0 0.0 0.0 0.0 0.489419 8.9407e-08 4.97997e-05 0.0 0.0 6.88434e-06 0.0 0.0 0.0 0.0 0.0 0.0 0.0 0.0 0.0 0.0 0.0 0.0 0.0 0.0 0.0 0.0 0.0
1.01328e-06 0.0 0.0 4.52995e-06 8.9407e-08 0.0 0.0 0.0 2.98023e-08 0.0 0.0 0.0 1.49012e-07 0.0 0.0 0.0 1.19209e-06 2.98023e-08 0.0 0.0 0.0 0.0 0.0 3.43621e-05 0.0 0.0 0.0 0.0 2.33054e-05 3.20077e-05 0.0 0.0 0.0 0.0 0.00272393 2.08616e-07 0.0 1.49012e-07 0.0 2.08318e-05 0.0 0.0 4.73857e-06 0.0 0.0 0.0 0.0 0.0 0.0 0.0 0.0 0.0 0.0 2.86102e-06 0.0 8.9407e-08 3.27229e-05 0.0 0.0 7.45058e-07 0.0 1.57952e-06 0.991153 2.98023e-08
0.0 0.0 0.0 0.0 0.0 0.0 0.0 0.0 0.0 0.0 0.0 0.0 0.0 0.0 0.0 0.0 0.0 0.0 0.0 0.0 0.0 0.0 0.0 0.0 0.0 0.0 0.0 0.0 0.0 0.0 0.0 0.0 0.0 0.0 0.0 0.0 0.0 0.0 0.0 0.0 0.0 0.0 0.0 0.0 0.0107545 0.0 0.0 0.0 2.98023e-08 0.0 0.0 0.0 0.0 0.0 0.0 0.0 0.0 0.0 0.0 0.0 0.0 0.0 0.0 0.0
0.0 0.0 0.0 0.0 0.0 0.0 0.0 0.0 0.0 0.0 0.0 0.0 0.0 0.0 0.0 0.0 0.0 0.0 0.0 0.0 0.0 0.0 0.0 0.0 0.0 2.98023e-08 0.0 0.0 0.0 0.0 0.0 1.43051e-06 0.0 0.0 0.0 0.0 0.0 0.0 0.0 0.0 0.0 0.0 0.0 0.0 0.0 0.0 0.999991 0.0 0.0 0.0 0.0 0.0 0.0 0.0 0.466504 0.0 0.0 0.0 0.0 0.0 0.0 0.0 0.0 0.0
0.0 0.000706047 0.0 0.0 0.0 0.0 0.0 0.0 0.99361 0.0 0.0 0.0 0.0 0.0 0.0 0.0 0.0 0.0 0.0 0.0 0.00138295 0.0 0.0 0.0 0.0 0.0 0.0 0.0 1.2815e-06 0.0 0.0 0.0 0.0 0.0 0.0 1.78814e-07 0.0 0.0 6.73532e-06 0.0 5.72205e-06 0.0 0.0 0.0 0.0 0.0 0.0 0.000131994 0.0 2.41995e-05 0.0 0.0 0.0 0.0 0.0 9.23872e-07 0.0 0.0 0.0 0.0 0.0 0.0 0.0 0.0
0.0126775 0.0 1.3113e-06 0.000290364 0.0880073 0.0 0.0 0.0 0.0 0.0 0.0 0.0 0.0 0.0131572 0.0 0.0 0.00476873 0.44479 7.06315e-06 0.000278383 0.0 0.0 0.0 6.85453e-07 0.0 0.999649 0.0 0.0 0.0 5.06639e-07 0.0 0.266628 4.82798e-06 0.0 0.00120726 0.0 0.0 0.0 0.0 3.57628e-07 0.0 0.0 0.0387353 0.667727 0.0 0.0 5.66244e-07 0.0 0.0 0.0 0.0 1.49012e-07 0.0 0.0 3.54648e-06 0.0 0.0 0.0 0.0 0.0 2.92063e-06 0.00286561 0.0 0.0213546
0.0 0.0 0.0 0.0 0.0 0.0 0.0113854 0.0 0.0 0.0 0.16536 0.0 0.995134 0.0 1.19209e-07 0.0 0.0 0.0 0.0 0.0 0.0 0.0 0.0 0.0 0.0 0.0 0.0 0.0 0.0 0.0 0.0 0.0 0.0 0.0 0.0 0.0 0.00100237 0.000168443 0.0 0.0 2.85506e-05 0.0 0.0 0.0 0.0 0.0385499 0.0 0.0 0.0 0.0 0.0 8.9407e-08 0.0 0.264471 0.0 0.0 0.0 0.0 0.0 0.0 0.0 2.65241e-06 0.0 0.0
0.0 0.0 0.0 0.0 0.0 0.0 0.0 0.0 0.0 0.0 0.0 0.0 0.0 0.0 0.0 1.78814e-07 0.0 0.0 0.0 0.0 0.0 0.0 0.0 0.0 0.999999 0.0 0.0 0.0 0.0 0.0 0.0 0.0 0.0 0.00329891 0.0 0.0 0.0 0.0 0.0 0.0 0.0 0.0 0.0 0.0 0.0 0.0 0.0 0.0 0.0 0.0 0.0 0.0 0.0 0.0 0.0 0.0 0.0 0.0 0.0922298 0.0 0.0 0.0 0.0 0.0
0.000529915 0.0 0.0 0.126172 9.23872e-07 0.0 0.0 0.0 0.0 0.0 1.78814e-07 0.0 5.90086e-05 2.5332e-06 5.34356e-05 0.0 0.00336474 0.988359 0.0 0.000200093 0.0 0.0 0.0 1.19209e-07 0.0 6.64592e-06 0.0 0.0 0.0 4.71473e-05 0.0 0.0 2.05636e-06 0.0 0.0473039 8.9407e-08 0.0 1.13249e-06 0.0 1.06096e-05 0.0 0.0 0.000203729 8.9407e-08 0.0 0.0 0.0 0.0 0.0 0.0 0.0 0.151262 0.0 0.000568479 0.0 0.0 8.9407e-08 0.0 0.0 9.53674e-07 0.225437 0.99886 9.53674e-07 0.0337217
0.886611 0.0 0.0 0.00816995 6.2108e-05 0.0 0.0 0.0 0.0 0.0 0.0 0.0 0.0 0.999982 0.0 0.0 0.988125 0.254489 0.0 2.68221e-07 0.0 0.0 0.0 0.0540852 0.0 0.000302464 0.0 0.0 0.0 1.98781e-05 0.0 6.87242e-05 0.0837027 0.0 0.000157654 1.46329e-05 0.0 0.0 0.0 0.0170763 0.0 0.0 0.923829 0.00120324 0.0 0.0 0.0 0.0 0.0 0.0 0.0 3.18587e-05 0.0 0.0 0.0 0.0 5.45382e-06 0.0 0.0 0.0271032 0.497321 0.000335038 1.49012e-07 0.000259131
0.0166599 0.0 0.0 0.966101 0.578566 0.0 0.0 0.0 0.0 0.0 0.0 0.0 2.98023e-08 0.000100642 0.0 0.0 0.175693 0.617135 0.0 0.0209278 0.0 0.0 0.0 2.33948e-05 0.0 9.26256e-05 0.0 0.0 0.0 0.17384 0.0 3.12924e-06 1.11461e-05 0.0 0.983384 1.19209e-07 0.0 8.9407e-08 0.0 0.00259018 0.0 0.0 0.539788 0.000136286 0.0 0.0 0.0 0.0 0.0 0.0 0.0 0.00368011 0.0 1.16229e-06 0.0 0.0 0.00930375 0.0 0.0 1.54972e-06 0.000464499 0.917769 0.0504799 0.00437328
0.991387 0.0 8.9407e-08 0.00524849 0.00210825 0.0 0.0 0.0 0.0 0.0 0.0 0.0 0.0 0.0239711 0.0 0.0 0.993702 0.0126062 1.49012e-07 5.99027e-06 0.0 0.0 0.0 1.87755e-06 0.0 0.000172377 0.0 0.0 0.0 0.0776632 0.0 0.0466458 8.64267e-07 0.0 0.00204921 0.0 0.0 0.0 0.0 4.8697e-05 0.0 0.0 0.642304 0.486505 0.0 0.0 0.0 0.0 0.0 0.0 0.0 2.86102e-06 0.0 0.0 0.0 0.0 4.05312e-06 0.0 0.0 5.66244e-07 7.18832e-05 0.00045988 1.01328e-06 0.000151277
0.00875407 0.0 1.43051e-06 0.000131935 0.993731 0.0 0.0 0.0 0.0 0.0 0.0 0.0 0.0 0.00112501 0.0 0.0 0.00499907 0.00553691 1.28448e-05 0.00349104 0.0 0.0 0.0 0.0 0.0 0.00432882 0.0 0.0 0.0 3.45707e-06 0.0 0.00106019 3.57628e-07 0.0 0.121965 0.0 0.0 0.0 0.0 5.96046e-08 0.0 0.0 0.965565 0.00679231 0.0 0.0 0.0 0.0 0.0 0.0 0.0 0.0 0.0 0.0 0.0 0.0 1.57952e-06 0.0 0.0 0.0 1.87755e-06 0.000119507 2.80142e-06 0.00121459
2.87294e-05 0.071795 0.0 0.000102878 0.453362 5.95152e-05 0.0 0.0 1.49012e-07 0.0 0.0 0.0 0.0 0.174003 0.000155896 0.0 0.0 0.0 0.999525 0.628971 0.014448 0.0 0.0 1.71363e-05 0.130204 0.0 0.0 0.0 0.0368036 0.00139192 1.19209e-07 4.76837e-07 0.000430465 0.000185281 0.0 0.466464 0.0 1.66893e-06 0.0 9.23872e-07 0.0173316 0.0 0.0 0.0 0.0 0.0 0.0 0.0 0.0 0.0 0.0 0.0304169 0.0 0.0 0.0 0.000178486 0.0 0.0 0.184971 0.00234026 0.987146 0.074968 7.15256e-07 0.832445
0.000164866 0.636964 0.0 0.000530511 0.497101 2.08616e-07 0.0 0.0 0.0 0.0 0.0 0.0 0.0 0.0859366 0.00130603 1.84774e-06 0.0 0.0 0.12343 0.43199 0.0108852 1.19209e-07 0.0 2.44379e-06 0.996362 0.0 0.0 0.0 6.57737e-05 0.774495 0.00222099 0.0 0.551971 0.0278577 0.0 0.999677 0.0 3.27826e-07 0.0 0.0 0.441568 0.0 0.0 0.0 0.0 0.0 0.0 0.0 0.0 0.0 0.0 0.423908 0.0 0.0 0.0 1.31726e-05 0.0 0.0 0.963589 0.977376 0.612963 0.013621 0.0 0.936726
0.0 0.0 0.0 0.0 0.0 0.0 0.0 0.0 0.0 0.0 0.0 0.0 0.0 0.0 0.0 0.0 0.0 0.0 0.0 0.0 0.0 0.0 0.0 0.0 0.0 0.0 0.0 5.96046e-08 0.0 0.0 0.0 0.0 0.0 0.0 0.0 0.0 0.0 0.0 0.0 0.0 0.0 0.985863 0.0 0.0 0.0 0.0 0.0 0.0 0.0 0.0 0.0 0.0 0.0 0.0 0.0 0.0 0.0 0.0 0.0 0.0 0.0 0.0 0.0 0.0
8.31485e-06 0.0 0.0 0.0244359 0.0 0.0677919 0.0 0.0 0.00090909 0.0 0.0 0.0 0.0 0.0021767 0.0 0.0 6.08265e-05 0.00907245 2.88486e-05 5.96046e-08 9.98378e-06 0.0 0.0 0.643602 0.0 0.00626013 0.0 0.0 6.85453e-07 0.0 0.0 0.0 0.0 1.39177e-05 0.000139356 0.0 0.0 0.0 0.0 0.99822 0.0 0.0 3.48389e-05 8.70526e-05 0.0 0.0 0.0 0.0 0.0 0.0 0.0 0.0 0.000126928 0.0 0.0 0.0373244 0.0 0.0 0.0 0.0 0.000747621 8.9407e-06 0.000109762 0.0
0.0 0.0 0.0 5.66244e-07 0.0 1.60933e-06 0.0 0.0 3.17693e-05 0.0 0.0 0.0 0.0 0.0 0.0 0.0 0.99697 0.566619 0.0 0.0 0.0 0.0 0.0 2.18451e-05 0.0 0.000292718 0.0 0.0 0.0 0.0 0.0 0.0 0.0 0.0 1.65701e-05 0.0 0.0 0.0 0.0 2.51234e-05 0.0 0.0 0.0439231 0.0042747 0.0 0.0 0.0 0.0 0.0 0.0 0.0 0.0 8.9407e-08 0.0 0.000942826 0.0 0.0 0.0 0.0 0.0 0.0 0.0 2.41399e-06 0.0
0.0 0.0 0.0 0.0 0.0 0.0 0.0 0.0 0.0 0.0 0.0 0.0 0.0 0.0 0.0 0.0 0.0 0.0 0.0 0.0 0.0 0.0 0.0 0.0 0.0 0.0 0.0 0.0 0.0 0.0 0.0 0.0 0.0 0.0 0.0 0.0 0.0 0.0 0.0 0.0 0.0 0.0 0.0 0.0 0.0 0.0 0.0 0.0 0.0 0.0 0.0 0.0 0.0 0.0 0.0 0.0 0.0 0.0 0.0 0.0 0.0 0.0 0.0 0.0
0.0 0.0 0.0 0.0 0.0 0.0 0.0 0.0 0.0 0.0 0.0 0.0 0.0 0.0 0.0 0.0 0.0 0.0 0.0 0.0 0.0 0.0 0.0 0.0 0.0 0.0 0.0 0.0 0.0 0.0 0.0 0.0 0.0 0.0 0.0 0.0 0.0 0.0 0.0 0.0 0.0 0.0 0.0 0.0 0.0 0.0 0.0 0.986174 0.0 0.0 0.0 0.0 0.0 0.00373808 0.0 0.0 0.0 0.0 0.0 0.0 0.0 0.0 0.0 0.0
2.98023e-08 0.0 0.0 0.0 8.34465e-07 0.0 0.0 0.00155377 0.0 0.0 0.0 0.0 0.0 0.0 0.0 0.0 0.0 0.0 0.0 0.0 0.0 0.0 0.0 0.0 0.0 0.0 0.0 1.19209e-07 0.0 0.0 0.0 0.0 0.0 0.0 0.0 0.0 0.0 0.0 0.0 0.0 0.0 0.0 0.0 0.0 0.0 0.0 0.988101 0.0 0.0 0.0 0.0 0.0 0.0 0.0 0.0 0.0 0.0 0.0 0.0 0.0 2.98023e-08 0.0 0.0 0.0
1.14441e-05 0.390204 0.0 0.000292897 0.0019787 2.08616e-07 0.0 0.0 0.0 0.0 0.0 0.0 0.0 0.0560845 1.99676e-06 0.0 0.0 0.0 0.0345305 0.218392 6.32107e-05 0.0 0.0 0.0 0.237959 0.0 0.0 0.0 6.70552e-06 0.000314265 5.24521e-06 0.0 0.000403017 0.00470263 0.0 0.594449 0.0 0.0 0.0 0.0 0.00704807 0.0 0.0 0.0 0.0 0.0 0.0 0.0 0.0 0.0 0.0 0.993798 0.0 0.0 0.0 3.40044e-05 0.0 0.0 0.131761 0.185506 0.694094 0.000750214 0.0 0.119777
0.0 0.0 0.0 0.0 0.0 0.0 0.0 0.0 0.0 0.0 0.0 0.0 0.0 0.0 0.0 0.0 0.0 0.0 0.0 0.0 0.0 0.0 0.991859 0.0 0.0 0.0 0.0 0.0 0.0 0.0 0.0 0.0 0.0 0.0 0.0 0.0 0.0 0.0 0.0 0.0 0.0 0.0 0.0 0.0 0.0 0.0 0.0 0.0 0.0 0.0 0.0 0.0 0.0 0.0 0.0 0.0 0.0 0.0 0.0 0.0 0.0 0.0 0.0 0.0
0.00292853 1.82092e-05 0.0 0.000299722 0.997214 1.49012e-07 0.0 0.0 0.0 0.0 0.0 0.0 0.0 0.0024735 0.000165462 0.0 0.0 0.0 0.302668 0.32441 0.00544754 0.0 0.0 1.43051e-06 0.689375 0.0 0.0 0.0 0.0132718 0.0119602 0.0 1.19209e-07 0.00394309 0.00250736 0.0 0.0182444 0.0 8.9407e-08 0.0 0.0 0.00486222 0.0 0.0 0.0 0.0 0.0 2.98023e-08 0.0 0.0 0.0 0.0 0.00407711 0.0 0.0 0.0 7.39098e-06 0.0 0.0 0.166131 0.0460318 0.685048 0.000605285 0.0 0.582743
0.0 0.0 0.0 0.0 0.0 0.0 0.0 0.0 0.0 0.999909 1.19209e-07 0.0 0.0 0.0 0.0 0.0 0.0 0.0 0.0 0.0 0.0 0.0 0.0 0.0 0.0 0.0 0.0 0.0 0.0 0.0 0.0 0.0 0.0 0.0 0.0 0.0 1.3113e-06 0.0 0.0 0.0 0.0 0.0 0.0 0.0 0.0 2.08616e-07 0.0 0.0 0.0 0.0 0.0 0.0 0.0 0.0 0.0 0.0 0.0 0.0 0.0 0.0 0.0 0.0 0.0 0.0
7.26581e-05 0.0 0.0 0.0731508 0.0 0.30239 0.0 0.0 0.988816 0.0 0.0 0.0 0.0 0.00394258 0.0 0.0 0.000111371 0.0741657 1.78814e-06 0.0 1.90437e-05 0.0 0.0 0.00121263 0.0 6.4075e-06 0.0 0.0 9.23872e-07 0.0 0.0 2.08616e-07 0.0 5.06639e-07 0.230786 0.0 0.0 0.0 0.0 2.81036e-05 0.0 0.0 0.00437477 0.000661105 0.0 0.0 0.0 0.0 0.0 0.0 0.0 0.0 0.0 0.0 0.0 0.000107199 0.0 0.0 0.0 0.0 1.75834e-06 5.96046e-08 0.1504 0.0
3.27826e-06 0.00830263 0.0 4.02331e-05 0.000619769 1.75834e-05 0.0 0.0 8.9407e-08 0.0 0.0 0.0 0.0 0.157788 1.19209e-07 0.0 0.0 0.0 0.814075 0.126552 0.00942382 0.0 0.0 0.000846684 0.272347 0.0 0.0 0.0 0.000273973 0.000646591 1.19209e-07 1.19209e-07 0.0674453 0.0124665 0.0 0.00960696 0.0 2.98023e-08 0.0 4.05312e-06 0.00189048 0.0 0.0 0.0 0.0 0.0 0.0 0.0 0.0 0.0 0.0 0.00652358 0.0 0.0 0.0 4.9144e-05 1.19209e-07 0.0 0.132823 0.0382905 0.917425 0.999121 5.96046e-08 0.202612
1.20103e-05 0.996248 0.0 1.10269e-06 0.00342858 0.0 0.0 0.0 0.0 0.0 0.0 0.0 2.08616e-07 0.000892729 0.00967047 0.00150052 0.0 0.0 0.169771 0.016444 6.4373e-06 0.00106812 0.0 0.0 0.5965 0.0 0.0 0.0 2.41399e-06 0.288288 0.00529119 0.0 0.0240439 5.34058e-05 0.0 0.995542 0.0 1.2964e-05 0.0 0.0 0.0447409 0.0 0.0 0.0 0.0 0.0 0.0 0.0 0.0 0.0 0.0 0.31916 0.0 0.0 0.0 2.98023e-08 4.76837e-07 0.0 0.242765 0.565308 0.710671 0.0033035 0.0 0.541245
0.0 0.0 0.0 0.0 0.0 0.0 0.0 0.0 0.0 0.0 0.0 0.0 0.0 0.0 0.0 0.0 0.0 0.0 0.0 0.0 0.0 0.0 0.0 0.0 0.0 0.0 0.0 0.0 0.0 0.0 0.0 0.0 0.0 0.0 0.0 0.0 0.0 0.0 0.0 0.0 0.0 0.0 0.0 0.0 0.0 0.0 0.0 0.0 0.0 0.0 0.0 0.0 0.0 0.0 0.0 0.0 0.0 0.0 0.0 0.0 0.0 0.0 0.0 0.0
0.00269663 0.0164507 0.0 0.996135 0.0715939 0.0273753 0.0 0.0 0.000875473 0.0 0.0 0.0 0.0 0.981247 4.97699e-06 0.0 0.0 8.64267e-07 0.496958 0.397123 0.535726 0.0 0.0 0.00499743 0.0240609 8.49366e-06 0.0 0.0 0.20014 0.000416636 1.78814e-07 1.19209e-07 0.000121474 0.8313 0.000330746 0.0725786 0.0 0.0 0.0 0.000960767 8.1718e-05 0.0 8.9407e-08 2.68221e-07 0.0 0.0 0.0 0.0 0.0 0.0 0.0 0.232147 0.0 0.0 0.0 0.160621 5.96046e-08 0.0 0.0129391 0.0288839 0.998909 0.00187802 0.040046 0.0578731
6.64592e-06 0.0 0.0 0.397048 0.0 0.195984 0.0 0.0 0.213142 0.0 0.0 0.0 0.0 0.00100696 0.0 0.0 0.000258625 0.0761198 1.19209e-07 0.0 4.50015e-06 0.0 0.0 0.000375003 0.0 4.04716e-05 0.0 0.0 0.0 0.0 0.0 0.0 0.0 3.27826e-07 0.997683 0.0 0.0 0.0 0.0 0.000808358 0.0 0.0 0.0525858 0.00226298 0.0 0.0 0.0 0.0 0.0 0.0 0.0 0.0 0.0 0.0 5.96046e-08 0.000123441 0.0 0.0 0.0 0.0 3.8743e-07 5.96046e-08 0.0181783 0.0
0.000673592 0.00521681 0.0 5.96046e-08 0.0762378 0.0 0.0 0.0 0.0 0.0 0.0 0.0 0.0 9.68575e-06 2.61068e-05 2.68221e-07 0.0 0.0 0.00971699 0.000175446 3.21865e-06 0.0 0.0 2.68221e-07 0.0448131 0.0 0.0 0.0 0.000111848 0.986633 5.96046e-08 1.51992e-06 0.000229567 7.15256e-07 0.0 0.028927 0.0 0.0 0.0 0.0 0.0581653 0.0 0.0 0.0 0.0 0.0 2.98023e-08 0.0 0.0 0.0 0.0 1.20997e-05 0.0 0.0 0.0 0.0 0.0 0.0 0.147731 8.16286e-05 0.000462204 1.62423e-05 0.0 0.00489005
5.21243e-05 0.0 0.0 6.25849e-07 2.11596e-06 0.0 0.0 0.0 5.36442e-07 0.0 0.0 0.0 0.0 6.85453e-07 0.0 0.0 0.0 0.0 4.49419e-05 0.0 5.28991e-05 0.0 0.0 0.000107646 0.0 0.0 0.0 0.0 0.000616074 0.0 0.0 0.976282 0.0 5.96046e-08 0.0 0.0 0.0 0.0 0.0 0.0 0.0 0.0 0.0 2.98023e-08 0.0 0.0 0.0 0.0 0.0 0.0 0.0 0.0 0.0 0.0 0.0 1.19209e-07 0.0 0.0 0.0 0.0 0.000868559 3.60608e-06 4.76837e-07 1.78814e-07
0.0 0.00447047 0.0 0.0 4.17233e-07 0.0 0.0 0.0 0.0 0.0 0.0 0.0 0.000679493 0.0 0.542327 0.990567 0.0 0.0 0.0 0.0 0.0 0.459086 0.0 0.0 6.91414e-06 0.0 0.0 0.0 0.0 0.000483215 0.0 0.0 6.31809e-06 0.0 0.0 0.00104785 0.0 0.0 0.0 0.0 3.06964e-06 0.0 0.0 0.0 0.0 0.0 0.0 0.0 0.0 0.0 0.0 8.9407e-08 0.0 0.0 0.0 0.0 0.0 0.0 0.000176311 8.04663e-07 2.68221e-07 0.0 0.0 1.49012e-07
0.0 0.0 0.0 0.0 0.0 0.0 0.0 0.0 0.0 0.0 0.0 0.0 0.0 0.0 0.0 0.0 0.0 0.0 0.0 0.0 0.0 0.0 0.0 0.0 0.0 0.0 0.0 0.0 0.0 0.0 0.0 0.0 0.0 0.0 0.0 0.0 0.0 0.0 0.0 0.0 0.0 0.0 0.0 0.0 0.0 0.0 0.0 0.0 0.0 0.0 0.998772 0.0 0.0 0.0 0.0 0.0 0.0 0.0 0.0 0.0 0.0 0.0 0.0 0.0
0.0 2.98023e-08 0.0 0.0 0.0 0.0 0.0 0.0 0.0 0.0 0.0 0.0 0.993489 0.0 0.00952682 0.0068599 0.0 0.0 0.0 0.0 0.0 0.0512558 0.0 0.0 0.0 0.0 0.0 0.0 0.0 0.0 0.0 0.0 0.0 0.0 0.0 5.96046e-08 0.0 0.0 0.0 0.0 0.0 0.0 0.0 0.0 0.0 0.0 0.0 0.0 0.0 0.0 0.0 0.0 0.0 0.0 0.0 0.0 0.0 0.0 0.0 0.0 0.0 0.0 0.0 0.0
0.0246561 0.000770211 0.0 0.0101613 0.0672307 4.35114e-06 0.0 0.0 8.9407e-08 0.0 0.0 0.0 0.0 0.199246 2.52724e-05 0.0 0.0 0.0 0.102675 0.433464 0.0546594 0.0 0.0 0.000122517 0.986262 0.0 0.0 0.0 0.000770539 0.207768 4.17233e-07 1.49012e-07 0.996911 0.921213 0.0 0.358282 0.0 0.0 0.0 2.98023e-08 0.0105948 0.0 0.0 0.0 0.0 0.0 0.0 0.0 0.0 0.0 0.0 0.0182005 0.0 0.0 0.0 0.000105619 0.0 0.0 0.6374 0.517997 0.216982 0.0123151 1.43051e-06 0.0634936
0.0 0.0 0.0 0.0 0.0 0.0 0.0 0.0 0.0 0.0 0.0 0.0 0.0 0.0 0.0 0.0 0.0 0.0 0.0 0.0 0.0 0.0 0.0 0.0 0.0 0.0 0.0 0.0 0.0 0.0 0.0 0.0 0.0 0.0 0.0 0.0 0.0 0.0 0.0 0.0 0.0 0.0 0.0 0.0 0.0 0.0 0.0 0.0 0.0 0.0 0.0 0.0 0.0 0.0 0.0 0.0 0.0 0.0 0.0 0.0 0.0 0.0 0.0 0.0
0.0 0.000606745 0.0 0.0 5.96046e-08 0.0 0.0 0.0 0.0 0.0 0.0 0.0 0.0700457 0.0 0.997921 0.0733656 0.0 0.0 0.0 0.0 0.0 0.077595 0.0 0.0 1.3411e-06 0.0 0.0 0.0 0.0 2.65241e-06 9.23872e-07 0.0 4.64916e-06 0.0 0.0 0.016355 0.0 0.0 0.0 0.0 5.96046e-08 0.0 0.0 0.0 0.0 0.0 0.0 0.0 0.0 0.0 0.0 0.0 0.0 0.0 0.0 0.0 0.0 0.0 1.01328e-06 5.06639e-07 1.49012e-07 0.0 0.0 5.96046e-08
0.0 0.0 0.0 0.0 0.0 0.0 0.0 0.0 0.0 0.0 0.0 0.0 0.0 0.0 0.0 0.0 0.0 0.0 0.0 0.0 0.0 0.0 0.0 0.0 0.0 0.0 0.0 0.0 0.0 0.0 0.0 0.0 0.0 0.0 0.0 0.0 0.0 0.0 0.0 0.0 0.0 0.0 0.0 0.0 0.996156 0.0 0.0 0.0 0.0 0.0 0.0 0.0 0.0 0.0 0.0 0.0 0.0 0.0 0.0 0.0 0.0 0.0 0.0 0.0
0.0 0.0 0.0 0.0 0.0 0.0 0.0 0.97547 0.0 0.0 0.0 0.0 0.0 0.0 0.0 0.0 0.0 0.0 0.0 0.0 0.0 0.0 0.0 0.0 0.0 0.0 0.0 0.0116831 0.0 0.0 0.0 0.0 0.0 0.0 0.0 0.0 0.0 0.0 0.0 0.0 0.0 0.0 0.0 0.0 0.0 0.0 0.00286594 0.0 0.0 0.0 0.0 0.0 0.0 0.0 0.0 0.0 0.0 0.0 0.0 0.0 0.0 0.0 0.0 0.0
0.0 0.012587 0.0 0.0 0.0 0.0 0.0 0.0 0.0 0.0 0.0 0.0 0.0 0.0 2.98023e-07 0.0 0.0 0.0 5.96046e-08 5.96046e-08 0.0 2.98023e-08 0.0 0.0 1.38879e-05 0.0 0.0 0.0 0.0 1.51992e-06 0.998886 0.0 8.43406e-06 1.19209e-07 0.0 0.00220346 0.0 0.0 0.0 0.0 1.29938e-05 0.0 0.0 0.0 0.0 0.0 0.0 0.0 0.0 0.0 0.0 5.03659e-06 0.0 0.0 0.0 0.0 0.0 0.0 8.78572e-05 1.8239e-05 2.95043e-06 1.19209e-07 0.0 2.26498e-06
3.45707e-06 0.0713348 0.0 3.18885e-06 0.070729 0.0 0.0 0.0 0.0 0.0 0.0 0.0 0.0 0.000179112 0.0012812 0.000165671 0.0 0.0 0.0092898 0.0131336 1.75834e-05 7.7188e-06 0.0 1.19209e-07 0.951226 0.0 0.0 0.0 5.93066e-06 0.893541 7.21812e-05 0.0 0.0604009 0.0108365 0.0 0.72528 0.0 8.9407e-08 0.0 0.0 0.899482 0.0 0.0 0.0 0.0 0.0 0.0 0.0 0.0 0.0 0.0 0.0488078 0.0 0.0 0.0 1.78814e-07 0.0 0.0 0.999515 0.273677 0.0121858 0.000724673 0.0 0.0863447
0.0 0.0 0.0 0.0 0.0 0.0 0.0 0.0 0.0 0.0 0.0 0.0 0.0 0.0 0.0 0.0 0.0 0.0 0.0 0.0 0.0 0.0 0.0 0.0 0.0 0.0 0.0 0.0 0.0 0.0 0.0 0.0 0.0 0.0 0.0 0.0 0.0 0.0 0.0 0.0 0.0 0.0 0.0 0.0 0.0 0.0 0.0 0.0 0.0 0.0 0.0 0.0 0.0 0.0 0.0 0.0 0.0 0.0 0.0 0.0 0.0 0.0 0.0 0.0
5.96046e-08 0.0 0.0 1.07586e-05 0.0 2.17557e-05 0.0 0.0 3.07262e-05 0.0 0.0 0.0 0.0 0.0 0.0 0.0 0.00195172 0.00152558 0.0 0.0 0.0 0.0 0.0 5.24521e-06 0.0 1.87755e-06 0.0 0.0 0.0 0.0 0.0 0.0 0.0 0.0 1.70469e-05 0.0 0.0 0.0 0.0 1.12653e-05 0.0 0.0 3.22759e-05 0.978895 0.0 0.0 0.0 0.0 0.0 0.0 0.0 0.0 0.0 0.0 2.38419e-07 8.9407e-08 0.0 0.0 0.0 0.0 0.0 0.0 0.000167549 0.0
0.00215006 0.0233806 0.0 0.97121 0.0185939 0.000549406 0.0 0.0 3.54648e-05 0.0 0.0 0.0 0.0 0.726375 2.47359e-06 0.0 0.0 1.19209e-07 0.370861 0.235399 0.911749 0.0 0.0 0.156006 0.0149522 6.61016e-05 0.0 0.0 0.0628576 2.262e-05 2.92063e-06 7.7486e-07 0.00173265 0.505235 6.72042e-05 0.0277554 0.0 0.0 0.0 0.00244069 8.10623e-06 0.0 0.0 5.96046e-08 0.0 0.0 0.0 0.0 0.0 0.0 0.0 0.0115273 2.77162e-06 0.0 0.0 0.0144839 2.6226e-06 0.0 0.00059405 0.220539 0.999736 0.0330847 0.000782609 0.2187
0.0 0.0 0.0 0.0 0.0 0.0 0.0 0.0 0.0 0.0 0.0 0.0 0.0 0.0 0.0 0.0 0.0 0.0 0.0 0.0 0.0 0.0 0.0 0.0 0.0 0.0 0.0 0.0 0.0 0.0 0.0 0.0 0.0 0.0 0.0 0.0 0.0 0.0 0.0 0.0 0.0 0.0 0.0 0.0 0.0 0.0 0.0 0.0 0.0 0.0 0.0 0.0 0.0 0.0 0.0 0.0 0.0 0.0 0.0 0.0 0.0 0.0 0.0 0.0
0.0 0.0 0.0 0.0 0.0 0.0 0.0 0.0 0.0 0.0 0.0 0.0 0.0 0.0 0.0 0.0 0.000110924 2.08616e-07 0.0 0.0 0.0 0.0 0.0 0.0 0.0 0.0 0.0 0.0 0.0 0.0 0.0 0.0 0.0 0.0 0.0 0.0 0.0 0.0 0.0 0.0 0.0 0.0 3.8743e-07 2.98023e-08 0.0 0.0 0.0 0.0 0.0 0.0 0.0 0.0 0.0 0.0 0.994512 0.0 0.0 0.0 0.0 0.0 0.0 0.0 0.0 0.0
0.0660036 0.313492 0.0 0.000505716 0.321588 6.85453e-07 0.0 0.0 0.0 0.0 0.0 0.0 0.0 0.0298923 0.00211009 4.79817e-06 0.0 0.0 0.608896 0.668825 0.00914562 2.08616e-07 0.0 2.20537e-06 0.999888 0.0 0.0 0.0 0.000821829 0.999061 0.000231117 0.0 0.956434 0.123207 0.0 0.99303 0.0 0.0 0.0 0.0 0.875582 0.0 0.0 0.0 0.0 0.0 0.0 0.0 0.0 0.0 0.0 0.361571 0.0 0.0 0.0 2.62558e-05 0.0 0.0 0.98937 0.983484 0.518402 0.00333512 1.49012e-07 0.517838
1.82092e-05 0.00681737 0.0 0.000117034 0.460569 1.49012e-07 0.0 0.0 0.0 0.0 0.0 0.0 0.0 0.0614851 1.27256e-05 0.0 0.0 0.0 0.760221 0.754083 0.00675842 0.0 0.0 3.57628e-07 0.662232 0.0 0.0 0.0 0.00218144 0.00437617 5.96046e-08 2.98023e-08 0.0310798 0.00210705 0.0 0.382445 0.0 8.9407e-08 0.0 0.0 0.00807968 0.0 0.0 0.0 0.0 0.0 0.0 0.0 0.0 0.0 0.0 0.0398828 0.0 0.0 0.0 2.14577e-06 0.0 0.0 0.146128 0.102393 0.944067 0.0421125 0.0 0.99118
0.0389778 8.34465e-07 0.0 0.606124 0.0113789 0.000269294 0.0 0.0 3.45111e-05 0.0 0.0 0.0 0.0 0.620383 0.0 0.0 0.0 2.98023e-08 0.0498493 0.0409003 0.992029 0.0 0.0 0.00582024 0.00228193 1.19209e-07 0.0 0.0 0.0922475 5.1558e-06 0.0 3.66569e-06 5.02169e-05 0.0643408 1.41263e-05 5.0813e-05 0.0 0.0 0.0 5.126e-06 1.19209e-07 0.0 0.0 0.0 0.0 0.0 0.0 0.0 0.0 0.0 0.0 2.3067e-05 0.0 0.0 0.0 0.000586361 2.98023e-08 0.0 2.88785e-05 0.0156536 0.83273 0.00285989 0.00026387 0.00396743
0.0 0.000491291 0.0 0.0 8.9407e-08 0.0 0.0 0.0 0.0 0.0 0.0 0.0 0.0272107 0.0 0.455728 0.68132 0.0 0.0 0.0 0.0 0.0 0.98826 0.0 0.0 1.78814e-07 0.0 0.0 0.0 0.0 5.08428e-05 2.98023e-08 0.0 4.17233e-07 0.0 0.0 0.000257611 0.0 0.0 0.0 0.0 1.78814e-07 0.0 0.0 0.0 0.0 0.0 0.0 0.0 0.0 0.0 0.0 0.0 0.0 0.0 0.0 0.0 0.0 0.0 8.70228e-06 0.0 2.98023e-08 0.0 0.0 0.0
9.99868e-05 0.000514686 0.0 0.888358 4.56274e-05 0.905714 0.0 0.0 0.0050734 0.0 0.0 0.0 0.0 0.99858 0.0 0.0 0.0 6.07967e-06 0.252681 0.0372305 0.016716 0.0 0.0 0.000125647 0.00188616 1.32918e-05 0.0 0.0 2.92063e-05 4.02331e-06 5.96046e-08 0.0 0.000329792 0.0290449 0.00148082 0.000666827 0.0 0.0 0.0 0.00368705 2.83122e-06 0.0 5.96046e-08 5.66244e-07 0.0 0.0 0.0 0.0 0.0 0.0 0.0 0.00564805 2.98023e-08 0.0 0.0 0.730254 2.92659e-05 0.0 0.000242859 0.00275096 0.191041 0.0323411 0.0110233 0.000623643
0.0 0.0 0.0 0.0 0.0 0.0 0.0 0.0 0.0 0.0 0.0 0.0 0.0 0.0 0.0 0.0 0.0 0.0 0.0 0.0 0.0 0.0 0.0 5.96046e-08 0.0 3.09944e-06 0.0 0.0 0.0 0.0 0.0 0.0 0.0 0.0 0.0 0.0 0.0 0.0 0.0 2.38419e-07 0.0 0.0 0.0 0.0 0.0 0.0 0.0 0.0 0.0 0.0 0.0 0.0 0.999949 0.0 0.0 0.0 0.0 0.0 0.0 0.0 0.0 0.0 0.0 0.0
0.0 0.0 0.0 0.0 0.0 0.0 0.0 0.0907247 0.0 0.0 0.0 0.0 0.0 0.0 0.0 0.0 0.0 0.0 0.0 0.0 0.0 0.0 0.0 0.0 0.0 0.0 0.0 0.988534 0.0 0.0 0.0 0.0 0.0 0.0 0.0 0.0 0.0 0.0 0.0 0.0 0.0 2.98023e-08 0.0 0.0 0.0 0.0 5.06639e-07 0.0 0.0 0.0 0.0 0.0 0.0 0.0 0.0 0.0 0.0 0.0 0.0 0.0 0.0 0.0 0.0 0.0
1.37091e-06 0.0 0.0 0.00120398 0.0 0.0202309 0.0 0.0 0.405774 0.0 0.0 0.0 0.0 2.68221e-07 0.0 0.0 0.487131 0.997485 0.0 0.0 0.0 0.0 0.0 0.00988591 0.0 0.00185865 0.0 0.0 0.0 0.0 0.0 0.0 0.0 0.0 0.125815 0.0 0.0 0.0 0.0 0.00816935 0.0 0.0 0.905742 0.11185 0.0 0.0 0.0 0.0 0.0 0.0 0.0 0.0 0.0 0.0 8.25524e-06 1.99676e-06 0.0 0.0 0.0 0.0 0.0 0.0 0.000838339 0.0
8.9407e-08 0.0 0.0 2.67923e-05 0.0 0.000835687 0.0 0.0 0.011557 0.0 0.0 0.0 0.0 0.0 0.0 0.0 0.089481 0.96088 0.0 0.0 0.0 0.0 0.0 0.000207037 0.0 0.00128746 0.0 0.0 0.0 0.0 0.0 0.0 0.0 0.0 0.0291091 0.0 0.0 0.0 0.0 0.000149518 0.0 0.0 0.992182 0.00101405 0.0 0.0 0.0 0.0 0.0 0.0 0.0 0.0 0.0 0.0 4.67896e-06 5.96046e-08 0.0 0.0 0.0 0.0 0.0 0.0 5.54323e-06 0.0
0.0 0.0 0.0 0.0 0.0 0.0 0.0 0.0 0.0 0.0 3.16501e-05 2.98023e-08 0.0 0.0 0.0 0.0 0.0 0.0 0.0 0.0 0.0 0.0 0.0 0.0 0.0 0.0 0.0 0.0 0.0 0.0 0.0 0.0 0.0 0.0 0.0 0.0 2.68817e-05 0.0 1.0848e-05 0.0 0.0 0.0 0.0 0.0 0.0 1.19209e-06 0.0 0.0 0.999136 5.66244e-07 0.0 0.0 0.0 0.0 0.0 0.0 0.0 0.0 0.0 0.0 0.0 0.0 0.0 0.0
0.000295043 0.00731027 0.0 0.00158 0.0939161 2.44379e-06 0.0 0.0 0.0 0.0 0.0 0.0 0.0 0.373901 6.85453e-07 0.0 0.0 0.0 0.750453 0.986284 0.0359948 0.0 0.0 9.53674e-07 0.766353 0.0 0.0 0.0 0.00686187 0.0026136 1.19209e-07 0.0 0.0053975 0.0166916 0.0 0.26036 0.0 0.0 0.0 8.9407e-08 0.00416127 0.0 0.0 0.0 0.0 0.0 0.0 0.0 0.0 0.0 0.0 0.54996 0.0 0.0 0.0 9.66191e-05 0.0 0.0 0.139018 0.319651 0.958605 0.0298839 1.19209e-07 0.84875
0.0 0.0 0.0 0.0 0.0 0.0 0.0 0.0 0.0 0.0 0.0 0.0 0.0 0.0 0.0 0.0 0.0 0.0 0.0 0.0 0.0 0.0 2.15173e-05 0.0 0.0 0.0 0.0 0.0 0.0 0.0 0.0 0.0 0.0 0.0 0.0 0.0 0.0 0.0 0.0 0.0 0.0 0.0 0.0 0.0 1.2517e-06 0.0 0.0 0.0 0.0 0.0 0.0 0.0 0.0 0.0 0.0 0.0 0.0 0.0 0.0 0.0 0.0 0.0 0.0 0.0
0.0 0.0 1.78814e-07 0.0 0.0 0.0 0.0 0.0 0.0 0.0 0.0 0.0 0.0 0.0 0.0 0.0 0.0 0.0 0.0 0.0 0.0 0.0 0.0 0.0 0.0 0.0 0.0 0.0 0.0 0.0 0.0 0.0 0.0 0.0 0.0 0.0 0.0 0.0 0.0 0.0 0.0 0.0 0.0 0.0 0.0 0.0 0.0 0.00125912 0.0 0.0 0.0 0.0 0.0 0.985761 0.0 0.0 0.0 0.0 0.0 0.0 0.0 0.0 0.0 0.0
0.0 0.0 0.0 0.0 0.0 0.0 0.0 0.0 0.0 0.0 0.0 0.000184745 0.0 0.0 0.0 0.0 0.0 0.0 0.0 0.0 0.0 0.0 0.0 0.0 0.0 0.0 0.0 0.0 0.0 0.0 0.0 0.0 0.0 0.0 0.0 0.0 1.78814e-07 0.0 2.27392e-05 0.0 0.0 0.0 0.0 0.0 0.0 1.49012e-07 0.0 0.0 0.0 2.36332e-05 0.0 0.0 0.0 0.0 0.0 0.0 0.0 0.997238 0.0 0.0 0.0 0.0 0.0 0.0
7.53999e-06 0.0477885 0.0 2.98023e-08 0.0133633 0.0 0.0 0.0 0.0 0.0 0.0 0.0 0.0 3.01003e-06 9.20892e-06 5.06639e-07 0.0 0.0 0.137193 0.00304058 3.8743e-07 2.98023e-08 0.0 0.0 0.609796 0.0 0.0 0.0 2.07424e-05 0.815371 3.17991e-05 0.0 0.00274763 8.87513e-05 0.0 0.194285 0.0 0.0 0.0 0.0 0.992256 0.0 0.0 0.0 0.0 0.0 0.0 0.0 0.0 0.0 0.0 0.0255903 0.0 0.0 0.0 5.96046e-08 0.0 0.0 0.98813 0.00109774 0.0180054 0.000126481 0.0 0.0102385
0.0 2.08616e-07 0.0 0.0 0.0 0.0 0.0 0.0 0.0 0.0 0.0 0.0 0.0 1.57952e-06 0.0 0.0 0.0 0.0 2.98023e-08 0.0 0.0 0.0 0.0 0.0 0.0 0.0 0.0 0.0 0.0 0.0 1.19209e-07 0.0 0.0 0.0 0.0 0.0 0.0 0.0 0.0 0.0 0.0 0.0 0.0 0.0 0.0 0.0 0.0 0.0 0.0 0.0 0.0 0.0 0.0 0.0 0.0 0.0 0.997599 0.0 0.0 0.0 1.49012e-07 2.38419e-07 0.0 0.0
0.028762 1.19209e-07 0.0 0.0106581 0.013644 1.2219e-06 0.0 0.0 5.0962e-06 0.0 0.0 0.0 0.0 0.00196901 0.0 0.0 0.0 0.0 0.215663 0.00194919 0.169416 0.0 0.0 0.00661576 3.59714e-05 0.0 0.0 0.0 0.998989 1.96099e-05 0.0 5.32866e-05 1.49012e-07 0.000302136 5.96046e-08 3.03984e-06 0.0 0.0 0.0 6.25849e-07 1.2517e-06 0.0 0.0 0.0 0.0 0.0 0.0 0.0 0.0 0.0 0.0 1.51992e-06 0.0 0.0 0.0 1.42753e-05 0.0 0.0 1.19507e-05 1.72257e-05 0.969709 3.76701e-05 0.000128746 0.000902891
2.98023e-08 0.0 0.0 0.00406057 0.0 0.000257552 0.0 0.0 0.000246406 0.0 0.0 0.0 0.0 2.89083e-06 0.0 0.0 0.0405368 0.0432274 0.0 0.0 8.9407e-08 0.0 0.0 0.00259772 0.0 0.999931 0.0 0.0 0.0 0.0 0.0 0.0 0.0 0.0 0.000137448 0.0 0.0 0.0 0.0 0.00917408 0.0 0.0 0.00387418 0.000340909 0.0 0.0 0.0 0.0 0.0 0.0 0.0 0.0 0.000505805 0.0 2.68221e-07 2.08616e-07 0.0 0.0 0.0 0.0 2.98023e-08 0.0 1.84774e-06 0.0
0.0 0.0 0.991843 0.0 0.0 0.0 0.0 0.0 0.0 0.0 0.0 0.0 0.0 0.0 0.0 0.0 0.0 0.0 0.0 0.0 0.0 0.0 0.0 0.0 0.0 0.0 0.0 0.0 0.0 0.0 0.0 0.0 0.0 0.0 0.0 0.0 0.0 0.0 0.0 0.0 0.0 0.0 0.0 0.0 0.0 0.0 0.0 0.0 0.0 0.0 0.0 0.0 0.0 8.9407e-08 0.0 0.0 0.0 0.0 0.0 0.0 0.0 0.0 0.0 0.0
0.0 0.0 0.0 0.0 0.0 0.0 0.0 0.0 0.0 0.0 0.0 0.0 0.0 0.0 0.0 0.0 0.0 0.0 0.0 0.0 0.0 0.0 1.78814e-07 0.0 0.0 0.0 0.0 0.0 0.0 0.0 0.0 0.0 0.0 0.0 0.0 0.0 0.0 0.0 0.0 0.0 0.0 0.0 0.0 0.0 0.0 0.0 0.0 0.0 0.0 0.0 0.0 0.0 0.0 0.0 0.0 0.0 0.0 0.0 0.0 0.0 0.0 0.0 0.0 0.0
0.0 0.0 0.0 0.0 0.0 0.0 2.98023e-08 0.0 0.0 0.0 0.0 0.0 0.0 0.0 8.9407e-08 0.0 0.0 0.0 0.0 0.0 0.0 0.0 0.0 0.0 0.0 0.0 0.0 0.0 0.0 0.0 0.0 0.0 0.0 0.0 0.0 0.0 0.0 0.999996 0.0 0.0 0.0 0.0 0.0 0.0 0.0 0.0 0.0 0.0 0.0 0.0 0.0 0.0 0.0 0.0 0.0 0.0 0.0 0.0 0.0 0.0 0.0 0.0 0.0 2.98023e-08
0.998952 0.0 0.0 0.0248269 1.2517e-05 2.29478e-06 0.0 0.0 2.45869e-05 0.0 0.0 0.0 0.0 6.84261e-05 0.0 0.0 5.96046e-08 8.04663e-07 8.49366e-06 5.06639e-07 0.00048846 0.0 0.0 0.000172853 3.48389e-05 0.0 0.0 0.0 0.000324905 8.78572e-05 0.0 3.18885e-06 1.19209e-06 6.74129e-05 1.19209e-07 1.49012e-07 0.0 0.0 0.0 1.78814e-07 0.0 0.0 0.0 1.57952e-06 0.0 0.0 0.0 0.0 0.0 0.0 0.0 0.0 0.0 0.0 0.0 1.00434e-05 0.0 0.0 0.0 0.000280529 5.68032e-05 5.96046e-08 0.000438869 8.9407e-08
0.00148097 6.25849e-07 0.0 0.907851 2.77162e-05 0.357355 0.0 0.0 0.000777721 0.0 0.0 0.0 0.0 0.806024 0.0 0.0 1.78814e-07 7.20024e-05 0.00470215 0.00104707 0.00196558 0.0 0.0 0.0132413 4.41372e-05 6.11544e-05 0.0 0.0 3.3468e-05 1.60933e-06 0.0 0.0 4.80115e-05 0.0336948 0.000371903 4.79817e-06 0.0 0.0 0.0 0.377536 1.19209e-07 0.0 5.06639e-07 5.48363e-06 0.0 0.0 0.0 0.0 0.0 0.0 0.0 8.0049e-05 0.0 0.0 0.0 0.998989 5.96046e-08 0.0 1.60933e-06 0.000645489 0.0353406 6.06775e-05 0.0272278 7.09295e-06
0.0 0.0 0.0 0.0 0.0 0.0 0.0 0.0 0.0 0.0 0.0 0.0 0.0 0.0 0.0 0.0 0.0 0.0 0.0 0.0 0.0 0.0 0.0 0.0 0.0 0.0 0.0 0.0 0.0 0.0 0.0 0.0 0.0 0.0 0.0 0.0 0.0 0.0 0.0 0.0 0.0 0.0 0.0 0.0 0.0 0.0 0.0 0.0 0.0 0.0 0.0 0.0 0.0 0.0 0.0 0.0 0.0 0.0 0.0 0.0 0.0 0.0 0.0 0.0
0.000665784 0.000157893 0.0 0.351477 0.000896692 0.000377059 0.0 0.0 4.35114e-06 0.0 0.0 0.0 0.0 0.882925 4.17233e-07 0.0 0.0 0.0 0.00449514 0.099451 0.016552 0.0 0.0 0.000101626 0.0428944 1.78814e-07 0.0 0.0 3.84152e-05 5.06639e-05 1.78814e-07 0.0 0.278417 0.997358 5.06639e-07 0.017002 0.0 0.0 0.0 1.27256e-05 1.7494e-05 0.0 0.0 0.0 0.0 0.0 0.0 0.0 0.0 0.0 0.0 0.0131232 0.0 0.0 0.0 0.0530868 5.96046e-08 0.0 0.00579092 0.0793313 0.284677 0.00155064 2.0653e-05 0.00435427
0.00920159 0.0968724 0.0 0.0576112 0.0456619 4.49419e-05 0.0 0.0 0.0 0.0 0.0 0.0 0.0 0.429668 0.00095129 1.49012e-07 0.0 0.0 0.0512698 0.246965 0.0807416 8.9407e-08 0.0 0.00016728 0.960891 1.49012e-07 0.0 0.0 0.000122428 0.0114222 0.00275803 0.0 0.840792 0.16146 8.9407e-08 0.854518 0.0 8.9407e-07 0.0 2.5332e-06 0.00123417 0.0 0.0 0.0 0.0 0.0 0.0 0.0 0.0 0.0 0.0 0.273631 0.0 0.0 0.0 0.00141829 7.62939e-06 0.0 0.0634985 0.999747 0.899245 0.264873 1.2517e-06 0.743258
0.00148684 0.0 0.0 0.849536 6.25849e-07 0.998903 0.0 0.0 0.801844 0.0 0.0 0.0 0.0 0.252449 0.0 0.0 0.000128776 0.196488 0.000311017 4.17233e-07 0.000428319 0.0 0.0 0.0171341 0.0 0.000196993 0.0 0.0 5.99027e-06 0.0 0.0 0.0 0.0 3.74913e-05 0.420485 0.0 0.0 0.0 0.0 0.0385517 0.0 0.0 0.00351435 0.00445774 0.0 0.0 0.0 0.0 0.0 0.0 0.0 0.0 2.98023e-08 0.0 0.0 0.348424 8.9407e-08 0.0 0.0 8.9407e-08 0.000108004 1.57952e-06 0.548794 2.98023e-08
0.000498503 0.0 0.0 0.147347 1.49012e-07 0.00110999 0.0 0.0 0.0551468 0.0 0.0 0.0 0.0 0.00889832 0.0 0.0 0.000160694 0.0072298 3.51071e-05 1.78814e-07 0.000465572 0.0 0.0 0.999366 2.98023e-08 0.0061807 0.0 0.0 0.000229955 0.0 0.0 0.0 8.9407e-08 5.25415e-05 6.58631e-05 0.0 0.0 0.0 0.0 0.564513 0.0 0.0 8.60393e-05 0.000223756 0.0 0.0 0.0 0.0 0.0 0.0 0.0 0.0 1.68681e-05 0.0 0.0 0.0108681 0.0 0.0 0.0 1.49012e-07 0.00274414 3.54648e-06 0.00455931 0.0
0.0295892 0.0 0.0 0.866759 0.0 0.0345159 0.0 0.0 0.374373 0.0 0.0 0.0 0.0 0.0138875 0.0 0.0 0.000351131 0.00656939 1.16229e-06 0.0 0.000147045 0.0 0.0 0.00664511 0.0 8.22544e-06 0.0 0.0 3.50475e-05 0.0 0.0 8.34465e-07 0.0 4.11272e-06 0.0149459 0.0 0.0 0.0 0.0 0.000314206 0.0 0.0 0.000131339 0.134733 0.0 0.0 0.0 0.0 0.0 0.0 0.0 0.0 0.0 0.0 0.0 0.00311759 0.0 0.0 0.0 0.0 1.69575e-05 0.0 0.979673 0.0
26 11 38 49 36 10 45 6 44 9 21 40 63 4 19 47 48 22 50 52 62 16 31 53 57 12 56 25 23 3 43 2 55 8 0 14 32 39 42 41 37 51 18 1 60 13 17 27 20 28 29 35 59 61 34 7 15 30 58 24 33 5 54 46
