8
0.0 0.0 0.0 0.0 1.69575e-05 6.09756e-05 0.0 0.0 0.0 0.0 0.0 0.0 0.0 0.0 0.0 8.9407e-08 0.0 0.0 0.995776 0.0 0.0 0.0 0.0 0.0 0.0 0.0 0.639509 0.0 5.36442e-07 7.44462e-05 0.0 0.0 0.0 0.0 0.0 2.95639e-05 0.0 0.0 0.0 0.0 0.0 0.0 0.0 0.00055939 2.65241e-06 0.0 0.0 1.19209e-07 0.0 0.0 1.78814e-07 0.0 0.0 0.0903338 2.02656e-05 2.25902e-05 0.998577 0.0 0.000264436 0.0 2.98023e-07 8.9407e-08 0.0 0.0
0.0 0.0 0.0 0.0 0.0 0.0226737 0.0 0.0 0.0 0.0 0.0 0.0 0.0 0.0 0.0 0.0 0.0 0.0 0.00220135 0.0 0.0 0.0 0.0 0.0 1.37687e-05 0.0 0.000154465 0.0 0.0 0.999931 0.0 0.0 0.0 0.0 0.0 0.000164032 0.0 0.0 0.0 0.0 0.0 0.0 0.0 0.0193893 5.93066e-06 0.0 0.0 8.9407e-08 0.0 0.0 8.9407e-08 0.0 0.0 0.0576317 0.325339 6.181e-05 0.00566152 0.0 0.000120223 0.0 0.0 0.0 0.0 0.0
0.0 0.0 0.0 0.0 0.0 0.0 0.0 0.0 0.0 0.0 0.0 0.0 4.53591e-05 0.0 0.0 0.0 0.0 0.0 0.0 0.0 0.0 0.0 0.0 0.0 0.0 0.0 0.0 0.0 0.00101599 0.0 0.0 0.0 0.0 0.0 0.0 0.0 0.993337 0.0 0.0 0.0 1.19209e-07 0.0 0.0 0.0 0.0 0.0 0.0 0.0 0.0 0.0 0.0 0.0 0.0 0.0 0.0 0.0 0.0 0.0 0.0 1.84774e-05 2.14577e-06 0.0 0.0 0.0
5.78165e-06 0.0 0.0 0.00636303 0.0 0.0 0.0 0.0 0.0 0.0 5.84722e-05 0.311026 0.0 0.0 0.186943 0.0 0.0 0.0 0.0 7.92742e-05 0.0 0.0 0.0 0.0 0.0 0.0 0.0 0.0 0.0 0.0 0.00725663 0.0 0.0 0.0 0.0 0.0 0.0 0.0 0.0 6.19888e-06 0.0 0.0 8.64267e-07 0.0 0.0 0.0 0.0 0.0 0.995823 0.0 0.0 0.0 0.0 0.0 0.0 0.0 0.0 0.0 0.0 0.0 0.0 0.0 0.0001975 0.00012517
0.0 0.0 0.0 0.0 0.0 0.0 0.0 0.0 0.0 0.0 0.0 0.0 0.996404 0.0 0.0 0.0 0.0 0.0 0.0 0.0 0.0 0.0 0.0 0.0 0.0 0.0 0.0 0.0 0.0 0.0 0.0 0.0 0.0 0.0 0.0 0.0 7.21216e-06 0.0 0.0 0.0 0.0 0.137114 0.0 0.0 0.0 0.0 0.0 0.0 0.0 0.0 1.19209e-07 0.0 0.0 0.0 0.0 0.0 0.0 0.0 0.0 8.9407e-08 8.34465e-07 0.0 0.0 0.0
0.0 0.0 0.0 0.0 0.0 0.0 0.0 0.0 0.0 1.49012e-07 0.0 2.98023e-06 0.0 0.0 0.0 0.0638647 0.0 0.0 0.00268313 0.0 0.0 0.0 0.0 5.67734e-05 0.0 0.0 0.000457436 0.0 0.0 0.00284165 0.0 5.10812e-05 0.0 0.0 0.0 0.994161 0.0 0.0 2.6226e-06 0.0 0.0 0.0 2.08616e-07 0.999996 0.0 0.0 8.34465e-07 6.85453e-07 0.0 0.0 0.0 0.0 4.8697e-05 0.998031 0.201336 5.99623e-05 0.126829 3.51667e-06 1.72853e-05 0.0 0.0 4.76837e-07 0.0 0.0
0.0 0.0 0.0 0.0 0.0 0.0 0.0 0.0 0.0 0.0 0.0 0.0 0.0 0.0 0.0 0.0 0.0 0.0 4.47035e-07 0.0 0.0 0.0 0.0 0.0 0.0 0.0 0.0 0.0 0.999928 0.0 0.0 0.0 0.0 0.0 2.68221e-06 0.0 0.00139934 0.0 0.0 0.0 3.99947e-05 0.0 0.0 0.0 0.0 1.19209e-07 0.0 0.0 0.0 0.0 0.0 0.0 0.0 0.0 0.0 0.0 2.08616e-07 0.0 0.0 1.19209e-06 1.49012e-07 0.0 0.0 0.0
0.0 0.0 0.0 0.0 0.0 0.0 0.0 0.0 0.0 0.0 0.0 0.0 0.0 0.0 0.0 0.0 0.0 0.0 0.0 0.0 0.0 0.976547 0.0 0.0 0.0 0.0 0.0 0.0 0.0 0.0 0.0 0.0 0.0 0.0 0.0 0.0 0.0 0.0 0.0 0.0 0.0 0.0 0.0 0.0 0.0 0.0 0.0 0.0 0.0 0.0 0.0 0.0 0.0 0.0 0.0 0.0 0.0 0.0 0.0 0.0 0.0 0.0 0.0 0.0
0.0 4.60744e-05 0.0 0.999913 0.0 0.0 0.0 0.0 0.0 0.0 0.0 0.00079456 0.0 0.0 0.000154108 0.0 2.95043e-06 0.0 0.0 0.0 0.0 0.0 1.43051e-06 0.0 0.0 0.0 0.0 0.0 0.0 0.0 0.0 0.0 0.0 0.0 0.0 0.0 0.0 0.0 0.0 0.0 0.0 0.0 0.0 0.0 0.0 0.0 0.0 0.0 7.7486e-07 0.0 0.0 0.0 0.0 0.0 0.0 0.0 0.0 0.0 0.0 0.0 0.0 0.0 0.0 0.0
0.0 0.0 0.0 0.0 1.49012e-07 0.000382781 0.0 0.0 0.0 0.0 0.0 0.0 0.0 2.98023e-08 0.0 0.0 0.0 0.0 0.978272 0.0 0.0 0.0 0.0 0.0 8.9407e-08 0.0 0.776997 0.0 0.0 4.02927e-05 0.0 0.0 0.0 0.0 0.0 3.57628e-07 0.0 0.0 0.0 0.0 0.0 0.0 0.0 1.04308e-06 0.000124872 0.0 0.0 0.0 0.0 0.0 0.000308692 0.0 0.0 0.000135779 0.000317723 0.0179766 0.0140142 0.0 0.000133157 0.0 3.72529e-05 3.8743e-07 0.0 0.0
0.0 0.0 1.78814e-07 0.0 0.0 0.0 0.0 0.0 0.0 1.19209e-07 0.0 0.00218487 0.0 0.0 0.0 0.994065 0.0 0.0 2.98023e-08 0.0 0.0 0.0 0.0 0.999908 0.0 0.0 1.19209e-07 0.0 0.0 1.96695e-06 2.98023e-08 0.000255018 0.0 0.0 0.0 0.503202 0.0 0.0 0.0 0.0 0.0 0.0 0.0440213 0.0360263 0.0 0.0 2.42591e-05 0.124334 0.0 0.0 0.0 0.0 6.4671e-06 0.0025858 0.000641823 1.10269e-06 3.27826e-07 2.38419e-07 0.0 0.0 0.0 0.0 0.0 1.2815e-06
0.0 0.0 0.0 0.0 0.0 0.0 0.0 0.0 0.0 0.0 0.0 0.000647902 0.0 0.0 0.0 0.035764 0.0 0.0 0.000501841 0.0 0.0 0.0 0.0 3.07858e-05 2.98023e-08 0.0 7.43866e-05 8.9407e-08 0.0 0.0999647 8.9407e-08 0.000392169 0.0 0.0 0.0 0.999756 0.0 0.0 0.00038147 0.0 0.0 0.0 2.18749e-05 0.97086 0.0 0.0 3.0458e-05 3.89516e-05 0.0 0.0 0.0 0.0 0.00117362 0.00378752 0.0103476 8.9407e-08 0.0389431 1.06692e-05 1.01328e-06 0.0 0.0 5.66244e-07 0.0 6.25849e-07
0.0 0.0 0.0 0.0 1.93119e-05 0.0334434 0.0 0.0 0.0 0.0 0.0 0.0 0.0 0.0 0.0 0.0 0.0 0.0 0.998093 0.0 0.0 0.0 0.0 0.0 4.76837e-07 0.0 0.877242 0.0 0.0 0.00163579 0.0 0.0 0.0 0.0 0.0 1.23382e-05 0.0 0.0 0.0 0.0 0.0 0.0 0.0 0.000288725 0.000793755 0.0 0.0 1.19209e-07 0.0 0.0 3.39448e-05 0.0 0.0 0.0190529 0.0211785 0.0276527 0.401909 0.0 0.0680368 0.0 0.000118047 1.10269e-06 0.0 0.0
0.0 0.0 0.0 0.0 1.16229e-06 0.0632938 0.0 0.0 0.0 0.0 0.0 0.0 0.0 0.0 0.0 0.0 0.0 0.0 2.08616e-07 0.0 0.0 0.0 0.0 0.0 0.983581 0.0 0.0 0.0 0.0 0.00353304 0.0 0.0 0.0 0.0 0.0 0.0 0.0 0.0 0.0 0.0 0.0 2.45273e-05 0.0 0.0 0.00120068 0.0 0.0 0.0 0.0 0.0 0.00927892 0.0 0.0 0.0 8.9407e-08 2.98023e-08 4.17233e-07 0.0 0.000146151 0.0 6.34789e-06 0.0 0.0 0.0
0.981075 0.0 0.993406 0.0 0.0 0.0 3.57628e-07 1.0 0.0 0.0 0.0 1.0 0.0 0.0 0.561121 0.0976446 0.0 0.0 0.0 0.0 0.0 0.0 0.0 1.49012e-07 0.0 0.0 0.0 0.985868 0.0 0.0 0.999732 1.90437e-05 0.0 9.95398e-06 0.0 0.000913352 0.0 2.08616e-07 0.0 0.992967 0.0 0.0 0.999833 3.27826e-07 0.0 0.0 0.00231269 4.23491e-05 0.0 0.0 0.0 0.0 1.36197e-05 0.0 0.0 0.0 0.0 1.78814e-07 0.0 0.0 0.0 0.0 0.573148 1.0
0.938484 0.0 0.00258705 0.0 0.0 0.0 0.0 0.928275 0.0 0.0 0.0 1.0 0.0 0.0 0.000773668 1.14143e-05 0.0 0.0 0.0 0.0 0.0 0.0 0.0 0.0 0.0 0.0 0.0 0.000105411 0.0 0.0 0.798609 0.0 0.0 0.0 0.0 0.0 0.0 0.0 0.0 0.0919372 0.0 0.0 0.975513 0.0 0.0 0.0 3.27826e-07 8.9407e-08 0.0 0.0 0.0 0.0 0.0 0.0 0.0 0.0 0.0 0.0 0.0 0.0 0.0 0.0 0.00378835 0.999728
0.0 0.0 0.0 0.0 0.000230372 6.67572e-06 0.0 0.0 0.0 0.0 0.0 0.0 2.11596e-06 0.0 0.0 0.0 0.0 0.0 1.78814e-07 0.0 0.0 0.0 0.0 0.0 2.98023e-08 0.0 0.0 0.0 0.0 0.0 0.0 0.0 0.0 0.0 0.0 0.0 0.0 0.0 0.0 0.0 0.0 0.00113446 0.0 0.0 9.41455e-05 0.0 0.0 0.0 0.0 0.0 0.0256285 0.0 0.0 0.0 0.0 2.98023e-07 0.0 0.0 3.30806e-06 2.08616e-07 0.995474 0.0 0.0 0.0
0.0 0.0 0.0 0.0 0.0 0.0 1.19209e-07 0.00698876 0.0 0.0 0.0 0.963335 0.0 0.0 2.05636e-06 0.0 0.0 0.0 0.0 0.0 0.0 0.0 0.0 0.0 0.0 3.8743e-07 0.0 0.000122637 0.0 0.0 0.000504732 0.0 0.0 1.85966e-05 0.0 0.0 0.0 0.0 0.0 0.0521899 0.0 0.0 0.000105321 0.0 0.0 0.0 0.0 0.0 0.0 0.0 0.0 0.0 0.0 0.0 0.0 0.0 0.0 0.0 0.0 0.0 0.0 0.0 0.999772 0.582125
0.0 0.0 0.0 0.0 0.0 3.21865e-06 0.0 0.0 0.0 0.0 0.0 0.0 0.0 2.98023e-08 0.0 5.58496e-05 0.0 0.0 0.781662 0.0 0.0 0.0 0.0 8.9407e-08 0.0 0.0 0.9894 0.0 0.0 0.000279874 0.0 0.0 0.0 0.0 0.0 0.00277033 0.0 0.0 0.0 0.0 0.0 0.0 0.0 0.00584206 8.34465e-07 0.0 5.66244e-07 7.9006e-05 0.0 0.0 0.0 0.0 0.0 0.127421 3.50475e-05 6.07967e-06 0.999792 2.26498e-06 1.25766e-05 0.0 0.0 0.000246346 0.0 0.0
0.0 0.0 0.0 0.0 4.67896e-06 3.57628e-07 0.0 0.0 0.0 0.0 0.0 0.0 0.000684291 0.0 0.0 0.0 0.0 0.0 0.0 0.0 0.0 0.0 0.0 0.0 6.25849e-07 0.0 0.0 0.0 0.0 0.0 0.0 0.0 0.0 0.0 0.0 0.0 0.0 0.0 0.0 0.0 0.0 0.987927 0.0 0.0 1.0848e-05 0.0 0.0 0.0 0.0 0.0 0.000751078 0.0 0.0 0.0 0.0 0.0 0.0 0.0 0.0 0.0 3.6478e-05 0.0 0.0 0.0
0.0 0.0 0.0 0.0 0.0 0.0 1.73151e-05 0.0 0.0 0.0 0.0 0.0 0.0 0.0 0.00331941 0.0 0.0 3.57628e-07 0.0 0.0 3.57628e-07 0.0 0.0 0.0 0.0 8.9407e-08 0.0 0.0 0.0 0.0 0.0 0.0 0.0 1.0 0.0 0.0 0.0 1.54972e-06 0.0 0.0 0.0 0.0 0.0 0.0 0.0 0.0 0.0 0.0 0.0 0.0 0.0 0.0 0.0 0.0 0.0 0.0 0.0 0.0 0.0 0.0 0.0 0.0 0.0 0.0
0.0 0.0 0.0 0.0 0.0 0.0 0.0 0.0 0.0 0.0 0.0 0.0 0.0 0.0 0.00162926 0.0 0.0 2.41399e-05 0.0 0.0 0.0 0.0 0.0 0.0 0.0 0.997959 0.0 0.0 0.0 0.0 0.0 0.0 0.0 5.40912e-05 0.0 0.0 0.0 1.49012e-07 0.0 0.0 0.0 0.0 0.0 0.0 0.0 0.0 0.0 0.0 0.0 0.0 0.0 1.19209e-07 0.0 0.0 0.0 0.0 0.0 0.0 0.0 0.0 0.0 0.0 1.43647e-05 0.0
0.0 0.0 0.0 0.0 0.0 0.0 0.0 0.0 0.0 0.0 0.0 1.19209e-07 0.0 0.0 0.0 0.000413001 0.0 0.0 0.0 0.0 0.0 0.0 0.0 0.0 0.0 0.0 2.98023e-08 0.0 0.0 0.0 0.0 0.0 0.0 0.0 0.0 5.68926e-05 0.0 0.0 0.0 0.0 0.0 0.0 1.78814e-07 1.78814e-07 0.0 0.0 5.82337e-05 0.999999 0.0 0.0 0.0 0.0 0.0 2.68221e-07 0.0 0.0 1.78814e-07 0.0 0.0 0.0 0.0 0.0 0.0 0.0
0.0 0.0 0.0 0.0 3.70741e-05 0.00256178 0.0 0.0 0.0 0.0 0.0 0.0 5.66244e-07 0.0 0.0 0.0 0.0 0.0 2.65241e-06 0.0 0.0 0.0 0.0 0.0 0.000267655 0.0 8.9407e-08 0.0 0.0 2.38419e-07 0.0 0.0 0.0 0.0 0.0 0.0 0.0 0.0 0.0 0.0 0.0 0.0019097 0.0 0.0 0.004547 0.0 0.0 0.0 0.0 0.0 0.998644 0.0 0.0 0.0 0.0 3.24845e-06 0.0 0.0 8.85129e-06 0.0 0.0558626 0.0 0.0 0.0
0.0 0.0 0.0 0.0 0.0 0.0 0.0 0.0 0.0 0.0 0.0 0.0 0.0 0.0 0.0 0.0 0.0 0.0 0.0 0.0 0.0 0.0 0.0 0.0 0.0 0.0 0.0 0.0 4.88758e-06 0.0 0.0 0.0 0.0 0.0 3.57628e-07 0.0 1.01328e-06 0.0 0.0 0.0 0.992075 0.0 0.0 0.0 0.0 0.0 0.0 0.0 0.0 0.0 0.0 0.0 0.0 0.0 0.0 0.0 0.0 0.0 0.0 0.0 0.0 0.0 0.0 0.0
0.0 0.0 0.0 0.0 0.0 0.0 0.0 0.0 7.11679e-05 0.0 0.0 0.0 0.0 0.0 0.0 0.0 0.0 1.0699e-05 0.0 0.0 0.998627 0.0 0.0 0.0 0.0 0.0 0.0 0.0 0.0 0.0 0.0 0.0 0.0 2.38419e-06 0.0 0.0 0.0 0.0 0.0 0.0 0.0 0.0 0.0 0.0 0.0 0.0 0.0 0.0 0.0 1.57952e-06 0.0 0.000165433 0.0 0.0 0.0 0.0 0.0 0.0 0.0 0.0 0.0 0.0 0.0 0.0
0.0 0.0 0.0 0.0 0.0 0.998818 0.0 0.0 0.0 0.0 0.0 0.0 0.0 0.0 0.0 0.0 0.0 0.0 0.00298843 0.0 0.0 0.0 0.0 0.0 0.0148568 0.0 0.000858486 0.0 0.0 0.241949 0.0 0.0 0.0 0.0 0.0 0.0 0.0 0.0 0.0 0.0 0.0 0.0 0.0 2.08616e-07 0.189043 0.0 0.0 0.0 0.0 0.0 0.00619987 0.0 0.0 1.55568e-05 3.78788e-05 0.00759539 0.000104606 0.0 0.000522822 0.0 6.94394e-06 0.0 0.0 0.0
0.0 0.0 0.0 0.0 0.000794351 0.0 0.0 0.0 0.0 0.0 0.0 0.0 0.0 0.0 0.0 0.0 0.0 0.0 0.0 0.0 0.0 0.0 0.0 0.0 0.0 0.0 0.0 0.0 1.49012e-07 0.0 0.0 0.0 0.0 0.0 2.98023e-08 0.0 1.46031e-05 0.0 0.0 0.0 0.0 0.0 0.0 0.0 0.0 0.0 0.0 0.0 0.0 0.0 0.0 0.0 0.0 0.0 0.0 0.0 0.0 0.0 0.0 0.999964 8.9407e-08 0.0 0.0 0.0
0.00188199 0.0 0.999819 0.0 0.0 0.0 0.0 0.0132936 0.0 0.0 0.0 0.993628 0.0 0.0 0.0 0.00239828 0.0 0.0 0.0 0.0 0.0 0.0 0.0 2.98023e-08 0.0 0.0 0.0 0.00149015 0.0 0.0 0.942666 0.0 0.0 0.0 0.0 0.0 0.0 0.0 0.0 0.0331114 0.0 0.0 0.99978 8.9407e-08 0.0 0.0 2.78056e-05 0.0 0.0 0.0 0.0 0.0 3.01003e-06 0.0 0.0 0.0 0.0 1.19209e-07 0.0 0.0 0.0 0.0 2.89083e-06 0.999332
0.000434518 0.0 1.78814e-07 0.0 0.0 0.0 0.0 0.262923 0.0 0.0 0.0 0.860124 0.0 0.0 2.83122e-06 0.0 0.0 0.0 0.0 0.0 0.0 0.0 0.0 0.0 0.0 0.0 0.0 0.0366913 0.0 0.0 0.966456 0.0 0.0 1.57952e-06 0.0 0.0 0.0 0.0 0.0 0.999992 0.0 0.0 0.00960317 0.0 0.0 0.0 0.0 0.0 0.0 0.0 0.0 0.0 0.0 0.0 0.0 0.0 0.0 0.0 0.0 0.0 0.0 0.0 1.07288e-05 0.996236
0.0 0.0 0.0 0.0 0.0 0.0 3.8296e-05 0.0 0.0 0.0 0.0 0.0 0.0 0.0 1.19209e-07 0.0 0.0 0.0 0.0 0.0 0.0 0.0 0.0 0.0 0.0 0.0 0.0 0.0 0.0 0.0 0.0 0.0 0.995823 0.302021 0.0 0.0 0.0 0.0 0.0 2.38419e-07 0.0 0.0 0.0 0.0 0.0 0.0 0.0 0.0 0.0 0.0 0.0 0.0 0.0 0.0 0.0 0.0 0.0 0.0 0.0 0.0 0.0 0.0 0.0 0.0
0.0 1.63615e-05 0.0 0.0 0.0 0.0 0.0 0.0 0.0 2.38419e-07 0.0 0.0 0.0 0.999989 0.0 0.0 0.0 0.0 2.98023e-08 0.0 0.0 0.0 0.0 0.0 0.0 0.0 0.0 0.0 0.0 0.0 0.0 0.0 0.0 0.0 8.9407e-08 0.0 0.0 0.0 0.0 0.0 0.0 0.0 0.0 0.0 0.0 0.0 2.98023e-08 0.0 0.0 0.0 0.0 0.0 0.0 0.0 0.0 0.0 1.19209e-07 3.9041e-06 0.0 0.0 0.0 0.00467238 0.0 0.0
0.0 0.0 0.0 0.0 0.0 0.0 0.0 0.0 0.0114074 0.0 0.0 0.0 0.0 0.0 3.78489e-06 0.0 0.0 2.6077e-05 0.0 0.0 0.000200927 0.0 0.0 0.0 0.0 1.19209e-07 0.0 0.0 0.0 0.0 0.0 0.0 0.0 3.27826e-07 0.0 0.0 0.0 0.0 0.0 0.0 0.0 0.0 0.0 0.0 0.0 0.0 0.0 0.0 0.0 0.0 0.0 0.99942 0.0 0.0 0.0 0.0 0.0 0.0 0.0 0.0 0.0 0.0 0.0 0.0
0.0 0.0 0.0 1.10269e-06 0.0 0.0 0.0 0.0 0.0 0.0 0.999908 2.93255e-05 0.0 0.0 0.0802822 0.0 0.0 0.0 0.0 0.000163138 0.0 0.0 0.0 0.0 0.0 0.0 0.0 0.0 0.0 0.0 0.000309795 0.0 0.0 2.68221e-07 0.0 0.0 0.0 0.00354689 0.0 2.55108e-05 0.0 0.0 0.0 0.0 0.0 0.0 0.0 0.0 0.000929832 0.0 0.0 0.0 0.0 0.0 0.0 0.0 0.0 0.0 0.0 0.0 0.0 0.0 6.70552e-05 2.2918e-05
0.0 0.0 0.0 0.0 0.0 0.000277311 0.0 0.0 0.0 0.0 0.0 0.0 0.0 0.0 0.0 0.0 0.0 0.0 0.0199662 0.0 0.0 0.0 0.0 1.49012e-07 0.0 0.0 0.00562119 0.0 0.0 2.30074e-05 0.0 1.49012e-07 0.0 0.0 0.0 8.64267e-07 0.0 0.0 0.0 0.0 0.0 0.0 0.0 0.00161484 3.8743e-07 0.0 0.0 2.68221e-07 0.0 0.0 1.78814e-07 0.0 0.0 0.220921 0.000645548 0.999842 9.86457e-06 0.0 3.51667e-05 0.0 5.06639e-07 0.0 0.0 0.0
0.0 0.0 0.0 0.0 0.0 0.0 0.0 0.0 0.0 0.0 0.0 0.0 0.0 0.0 0.0 0.0 0.0 0.0 0.0 0.0 0.0 0.0 0.0 0.0 0.0 0.0 0.0 0.0 0.0 0.0 0.0 0.0 0.0 0.0 0.0 0.0 0.0 0.0 0.999863 0.0 0.0 0.0 0.0 0.0 0.0 0.0 0.0 0.0 0.0 0.0 0.0 0.0 0.0 0.0 0.0 0.0 0.0 0.0 0.0 0.0 0.0 0.0 0.0 0.0
0.0 0.0 0.0 0.0 5.96046e-08 0.0 0.0 0.0 0.0 0.0 0.0 0.0 0.0 3.03984e-06 0.0 0.0 0.0 0.0 2.98023e-08 0.0 0.0 0.0 0.0 0.0 0.0 0.0 0.0 0.0 2.28286e-05 0.0 0.0 0.0 0.0 0.0 0.993556 0.0 0.0 0.0 0.0 0.0 1.03712e-05 0.0 0.0 0.0 0.0 0.0 0.0 0.0 0.0 0.0 0.0 0.0 0.0 0.0 0.0 0.0 5.0962e-06 0.0 0.0 2.68221e-07 0.0 0.0 0.0 0.0
0.0 0.000205398 0.0 5.96046e-08 0.0 0.0 0.0 0.0 0.0 0.0 0.0 8.40425e-06 0.0 1.19209e-07 8.9407e-08 0.0 0.00107285 0.0 0.0 0.0 0.0 0.0 0.998633 0.0 0.0 0.0 0.0 0.0 0.0 0.0 0.0 0.0 0.0 0.0 0.0 0.0 0.0 0.0 0.0 0.0 0.0 0.0 0.0 0.0 0.0 0.0 0.0 0.0 0.0 0.0 0.0 0.0 0.0 0.0 0.0 0.0 0.0 0.0 0.0 0.0 0.0 0.0 0.0 0.0
0.0 0.0 0.0 0.0 0.0 0.0 0.0 0.0 2.98023e-08 0.0 0.0 0.0 0.0 0.0 1.19209e-07 0.0 0.0 0.998022 0.0 0.0 4.35114e-06 0.0 0.0 0.0 0.0 0.000210941 0.0 0.0 0.0 0.0 0.0 0.0 0.0 2.03252e-05 0.0 0.0 0.0 0.0 0.0 0.0 0.0 0.0 0.0 0.0 0.0 0.0 0.0 0.0 0.0 0.0 0.0 3.03984e-06 0.0 0.0 0.0 0.0 0.0 0.0 0.0 0.0 0.0 0.0 0.0 0.0
0.0 0.0 0.0 0.0 1.55568e-05 0.0142431 0.0 0.0 0.0 0.0 0.0 0.0 0.0 0.0 0.0 0.0 0.0 0.0 0.000173301 0.0 0.0 0.0 0.0 0.0 3.03984e-06 0.0 1.49012e-07 0.0 0.0 7.84695e-05 0.0 0.0 0.0 0.0 0.0 0.0 0.0 0.0 0.0 0.0 0.0 0.0 0.0 7.7486e-07 0.00236663 0.0 0.0 0.0 0.0 0.0 2.95639e-05 0.0 0.0 6.04987e-06 0.000178605 3.21567e-05 1.10269e-06 0.0 0.79419 0.0 0.000771463 0.0 0.0 0.0
0.0 0.0 0.0 1.78814e-07 0.0 0.0 0.0 0.0 0.0 0.0 8.37445e-06 0.0 0.0 0.0 7.02441e-05 0.0 0.0 0.0 0.0 0.999903 0.0 0.0 0.0 0.0 0.0 0.0 0.0 0.0 0.0 0.0 5.24521e-06 0.0 0.0 0.0 0.0 0.0 0.0 0.0 0.0 0.0 0.0 0.0 0.0 0.0 0.0 0.0 0.0 0.0 0.00497973 0.0 0.0 0.0 0.0 0.0 0.0 0.0 0.0 0.0 0.0 0.0 0.0 0.0 0.0 0.0
0.0 0.0 0.0 0.0 0.000614524 2.44379e-06 0.0 0.0 0.0 0.0 0.0 0.0 0.0 0.0 0.0 0.0 0.0 0.0 0.304411 0.0 0.0 0.0 0.0 0.0 0.0 0.0 1.26362e-05 0.0 1.40071e-06 1.49012e-07 0.0 0.0 0.0 0.0 0.0 8.9407e-08 0.0 0.0 0.0 0.0 0.0 0.0 0.0 5.96046e-08 3.57628e-07 0.0 0.0 0.0 0.0 0.0 2.48551e-05 0.0 0.0 5.27501e-06 1.19209e-07 0.000925153 2.13683e-05 0.0 0.000173837 0.0 0.000183254 0.0 0.0 0.0
0.0 0.0 0.0 0.0 0.0 0.0 0.0 0.0 0.994318 0.0 0.0 0.0 0.0 0.0 0.0 0.0 0.0 0.0 0.0 0.0 0.000420898 0.0 0.0 0.0 0.0 0.0 0.0 0.0 0.0 0.0 0.0 0.0 0.0 0.0 0.0 0.0 0.0 0.0 0.0 0.0 0.0 0.0 0.0 0.0 0.0 0.0 0.0 0.0 0.0 0.0 0.0 0.000329286 0.0 0.0 0.0 0.0 0.0 0.0 0.0 0.0 0.0 0.0 0.0 0.0
0.0 0.0 0.0 0.0 0.0 2.64347e-05 0.0 0.0 0.0 1.04308e-06 0.0 0.0 0.0 0.0 0.0 0.000153303 0.0 0.0 0.0524742 0.0 0.0 0.0 0.0 2.79248e-05 0.0 0.0 0.0246061 0.0 0.0 0.00770268 0.0 7.58767e-05 0.0 0.0 0.0 0.0970762 0.0 0.0 0.0 0.0 0.0 0.0 0.0 0.993025 0.0 0.0 0.0 2.68221e-07 0.0 0.0 0.0 0.0 1.2815e-06 0.999937 0.3178 0.677607 0.00349641 5.96046e-08 0.0752946 0.0 0.0 1.19209e-07 0.0 0.0
0.0 0.0 0.0 0.0 1.19209e-07 0.00082165 0.0 0.0 0.0 0.0 0.0 0.0 0.0 5.96046e-08 0.0 0.0 0.0 0.0 0.970048 0.0 0.0 0.0 0.0 0.0 5.96046e-08 0.0 0.999213 0.0 0.0 8.06451e-05 0.0 0.0 0.0 0.0 0.0 0.000166506 0.0 0.0 0.0 0.0 0.0 0.0 0.0 0.000637233 0.000103503 0.0 0.0 3.01003e-06 0.0 0.0 0.0 0.0 0.0 0.10807 8.6844e-05 0.00232688 0.954483 0.0 6.48797e-05 0.0 8.9407e-08 3.63588e-05 0.0 0.0
0.0 0.0 0.0 0.0 0.0 9.53674e-06 0.0 0.0 0.0 0.0 0.0 0.0 0.0 0.0 0.0 7.77841e-06 0.0 0.0 0.000943154 0.0 0.0 0.0 0.0 1.06394e-05 0.0 0.0 0.000506848 0.0 0.0 0.456829 0.0 4.85778e-06 0.0 0.0 0.0 0.0266324 0.0 0.0 0.0 0.0 0.0 0.0 0.0 0.997091 0.0 0.0 5.96046e-08 2.98023e-06 0.0 0.0 0.0 0.0 3.27826e-07 0.950728 0.999238 0.00901237 0.000485122 0.0 0.0238648 0.0 0.0 0.0 0.0 0.0
0.0 1.19209e-06 0.0 0.0 5.96046e-08 0.0 0.0 0.0 0.0 0.000315517 0.0 1.69873e-06 0.0 0.0011771 0.0 0.000105292 0.0 0.0 0.000387788 0.0 0.0 0.0 0.0 0.0 0.0 0.0 0.00428686 0.0 0.0 0.0 0.0 0.0 0.0 0.0 0.0 0.0389065 0.0 0.0 0.0 0.0 0.0 0.0 3.8743e-07 0.00141239 0.0 0.0 0.0213486 0.000100076 0.0 0.0 0.0 0.0 0.0 0.00281906 0.0 1.3411e-06 0.202241 0.973595 0.0 0.0 0.0 0.471593 0.0 0.0
0.0 2.68221e-07 0.0 0.0 1.78814e-07 0.0 0.0 0.0 0.0 2.24113e-05 0.0 0.0 0.0 0.0082891 0.0 0.0 0.0 0.0 9.50694e-06 0.0 0.0 0.0 0.0 0.0 0.0 0.0 4.5985e-05 0.0 0.0 0.0 0.0 0.0 0.0 0.0 0.0 1.90735e-06 0.0 0.0 0.0 0.0 0.0 0.0 0.0 5.53727e-05 0.0 0.0 5.09024e-05 3.24845e-06 0.0 0.0 0.0 0.0 0.0 4.04119e-05 0.0 3.8743e-06 0.000377625 0.0332335 0.0 0.0 0.0 0.989956 0.0 0.0
8.9407e-08 6.25849e-07 7.7486e-07 0.0 0.0 0.0 0.0 1.66297e-05 0.0 1.13249e-05 0.0 0.000953555 0.0 4.20213e-06 0.0 0.00319657 0.0 0.0 0.0 0.0 0.0 0.0 0.0 0.0 0.0 0.0 0.0 6.85453e-07 0.0 0.0 2.11596e-06 0.0 0.0 0.0 0.0 0.000337839 0.0 0.0 0.0 0.0 0.0 0.0 0.0239234 0.00715294 0.0 0.0 0.999983 0.0132058 0.0 0.0 0.0 0.0 0.0 1.49012e-06 0.0 0.0 2.98023e-07 0.0892209 0.0 0.0 0.0 0.00063628 0.0 0.000145584
0.0 0.0 0.0 0.0 0.0 0.0 7.7486e-07 0.0 0.0 0.0 0.00437972 5.96046e-08 0.0 0.0 0.0432344 0.0 0.0 0.0 0.0 0.0 0.0 0.0 0.0 0.0 0.0 1.49012e-07 0.0 0.0 0.0 0.0 0.0 0.0 0.0 4.30942e-05 0.0 0.0 0.0 0.995541 0.0 1.49012e-07 0.0 0.0 0.0 0.0 0.0 0.0 0.0 0.0 0.0 0.0 0.0 0.0 0.0 0.0 0.0 0.0 0.0 0.0 0.0 0.0 0.0 0.0 2.98023e-08 0.0
0.430537 0.0 0.105877 7.62939e-06 0.0 0.0 0.0 0.00596723 0.0 8.9407e-08 0.0 0.999984 0.0 0.0 3.8743e-07 0.126481 0.0 0.0 0.0 0.0 0.0 0.0 0.0 2.08616e-07 0.0 0.0 0.0 5.66244e-07 0.0 0.0 0.024396 0.0 0.0 0.0 0.0 1.2815e-06 0.0 0.0 0.0 2.43485e-05 0.0 0.0 0.999722 3.72529e-06 0.0 0.0 0.0036096 9.23872e-07 0.0 0.0 0.0 0.0 0.0 0.0 0.0 0.0 0.0 3.8743e-07 0.0 0.0 0.0 0.0 4.05312e-06 0.665152
0.0 0.0 0.0 0.0 0.0 0.0 0.0 0.0 0.0 0.0 0.0 0.0 0.0 0.0 0.0 0.0 0.0 0.0 0.0 0.0 1.63317e-05 0.0 0.0 0.0 0.0 0.0 0.0 0.0 0.0 0.0 0.0 0.0 0.0 0.0 0.0 0.0 0.0 0.0 0.0 0.0 0.0 0.0 0.0 0.0 0.0 0.0 0.0 0.0 0.0 0.991276 0.0 0.0 0.0 0.0 0.0 0.0 0.0 0.0 0.0 0.0 0.0 0.0 0.0 0.0
1.78814e-07 0.0 0.000151664 0.0 0.0 0.0 0.0 5.0962e-06 0.0 5.96046e-08 0.0 0.724723 0.0 0.0 0.0 0.999875 0.0 0.0 0.0 0.0 0.0 0.0 0.0 0.564941 0.0 0.0 0.0 2.98023e-08 0.0 0.0 2.95043e-06 4.28557e-05 0.0 0.0 0.0 0.0312199 0.0 0.0 0.0 8.9407e-08 0.0 0.0 0.998583 0.366423 0.0 0.0 0.00200975 0.0261603 0.0 0.0 0.0 0.0 0.00750265 0.00178677 1.2815e-06 0.0 1.78814e-07 1.3113e-06 0.0 0.0 0.0 0.0 0.0 0.00102338
0.999998 0.0 0.0239013 0.0 0.0 0.0 0.0 0.754231 0.0 0.0 0.0 0.999995 0.0 0.0 0.0010224 5.66244e-06 0.0 0.0 0.0 0.0 0.0 0.0 0.0 0.0 0.0 0.0 0.0 0.000624537 0.0 0.0 0.999983 0.0 0.0 0.0 0.0 8.9407e-08 0.0 0.0 0.0 0.916134 0.0 0.0 0.469785 0.0 0.0 0.0 3.57628e-07 2.38419e-07 0.0 0.0 0.0 0.0 0.0 0.0 0.0 0.0 0.0 0.0 0.0 0.0 0.0 0.0 3.30806e-05 0.999769
0.0 6.55651e-07 0.0 0.0 7.12276e-06 0.0 0.0 0.0 0.0 4.46141e-05 0.0 2.98023e-08 0.0 0.0173323 0.0 8.9407e-08 0.0 0.0 0.0109336 0.0 0.0 0.0 0.0 0.0 0.0 0.0 0.000148773 0.0 0.0 0.0 0.0 0.0 0.0 0.0 8.9407e-08 0.000712037 0.0 0.0 0.0 0.0 0.0 0.0 1.49012e-07 0.000356257 0.0 0.0 1.93715e-06 8.9407e-08 0.0 0.0 0.0 0.0 0.0 2.89679e-05 0.0 5.96046e-08 0.0437618 0.0341812 0.0 0.0 0.0 0.841861 0.0 0.0
0.0 0.0 0.0 0.0 0.0 0.0 0.0 0.0 0.0 0.999964 0.0 2.68221e-06 0.0 1.78814e-07 0.0 0.0182514 0.0 0.0 0.0 0.0 0.0 0.0 0.0 0.0 0.0 0.0 0.0 0.0 0.0 0.0 0.0 0.0 0.0 0.0 0.0 0.000151724 0.0 0.0 0.0 0.0 0.0 0.0 1.33812e-05 0.00638786 0.0 0.0 2.98023e-07 0.0 0.0 0.0 0.0 0.0 0.0 1.59442e-05 0.0 1.19209e-07 2.08616e-07 7.86185e-05 0.0 0.0 0.0 0.0 0.0 0.0
0.0 0.0 0.0 0.0 5.02765e-05 0.841691 0.0 0.0 0.0 0.0 0.0 0.0 1.78814e-07 0.0 0.0 0.0 0.0 0.0 0.000431389 0.0 0.0 0.0 0.0 0.0 0.0263499 0.0 1.63317e-05 0.0 1.19209e-07 0.000163078 0.0 0.0 0.0 0.0 0.0 0.0 0.0 0.0 0.0 0.0 0.0 0.00017485 0.0 0.0 0.996437 0.0 0.0 0.0 0.0 0.0 0.861252 0.0 0.0 8.9407e-08 2.68221e-07 2.01166e-05 3.46303e-05 0.0 0.00176817 0.0 0.0643621 0.0 0.0 0.0
0.0 0.0 0.0 0.0 0.0 0.0 0.0 0.0 0.0 0.0 0.0 0.0 0.0 0.0 0.0 0.0 0.0 0.0 0.0 0.0 0.0 0.0 0.0 0.0 0.0 0.0 2.29478e-06 0.0 0.000162572 0.0 0.0 0.0 0.0 0.0 0.0 0.0 0.0 0.0 0.0 0.0 4.47035e-07 0.0 0.0 0.0 7.03335e-06 0.999917 0.0 0.0 0.0 0.0 0.0 0.0 0.0 0.0 0.0 2.98023e-08 0.0 0.0 0.0 0.0 0.0 0.0 0.0 0.0
0.0 0.910937 0.0 4.17233e-07 0.0 0.0 0.0 0.0 0.0 0.0 0.0 0.0 0.0 1.19209e-07 0.0 0.0 0.999999 0.0 0.0 8.9407e-08 0.0 0.0 0.336602 0.0 0.0 0.0 0.0 0.0 0.0 0.0 0.0 0.0 0.0 0.0 0.0 0.0 0.0 0.0 0.0 0.0 0.0 0.0 0.0 0.0 0.0 0.0 0.0 0.0 0.0 0.0 0.0 0.0 0.0 0.0 0.0 0.0 0.0 0.0 0.0 0.0 0.0 0.0 0.0 0.0
0.0 0.0 0.0 0.0 0.0 0.0 0.0 0.0 0.0 0.0 0.0 4.06206e-05 0.0 0.0 0.0 7.59959e-05 0.0 0.0 0.0 0.0 0.0 0.0 0.0 3.33786e-06 0.0 0.0 0.0 0.0 0.0 0.0 0.0 0.999113 0.0 0.0 0.0 0.0136983 0.0 0.0 4.76837e-07 0.0 0.0 0.0 0.0 0.00181487 0.0 0.0 0.0 1.49012e-07 0.0 0.0 0.0 0.0 0.0 7.56979e-06 5.96046e-08 0.0 0.0 0.0 0.0 0.0 0.0 0.0 0.0 0.0
0.0 0.0 0.0 0.0 0.99313 0.0 0.0 0.0 0.0 0.0 0.0 0.0 0.0 0.0 0.0 0.0 0.0 0.0 9.80496e-06 0.0 0.0 0.0 0.0 0.0 0.0 0.0 0.0 0.0 0.0 0.0 0.0 0.0 0.0 0.0 0.0 0.0 0.0 0.0 0.0 0.0 0.0 0.0 0.0 0.0 0.0 0.0 0.0 0.0 0.0 0.0 1.78814e-07 0.0 0.0 0.0 0.0 0.0 5.66244e-07 0.0 4.05312e-06 1.33216e-05 4.20213e-06 0.0 0.0 0.0
1.19209e-06 0.0 0.0 0.0 0.0 0.0 0.0 4.85778e-06 0.0 0.0 0.0 0.000216752 0.0 0.0 0.0 0.0 0.0 0.0 0.0 0.0 0.0 0.0 0.0 0.0 0.0 0.0 0.0 0.000803083 0.0 0.0 0.943017 0.0 0.0 0.0 0.0 7.7486e-07 0.0 0.0 0.0 0.0618206 0.0 0.0 6.25849e-07 0.0 0.0 0.0 0.0 0.0 0.0 0.0 0.0 0.0 5.06639e-07 0.0 0.0 0.0 0.0 0.0 0.0 0.0 0.0 3.57628e-07 0.0 0.00389385
0.0 0.0 2.08616e-07 0.0 0.0 0.0 0.0 0.0 0.0 0.0 0.0 0.002399 0.0 0.0 0.0 0.55348 0.0 0.0 0.0 0.0 0.0 0.0 0.0 1.46031e-06 0.0 0.0 0.0 0.000929296 0.0 0.0 5.82635e-05 5.06639e-07 0.0 0.0 0.0 0.00402656 0.0 0.0 2.02656e-06 2.98023e-07 0.0 0.0 0.0262906 6.10948e-05 0.0 0.0 0.0 8.61287e-06 0.0 0.0 0.0 0.0 0.999996 6.85453e-07 0.0 0.0 0.0 0.0 0.0 0.0 0.0 0.0 1.2219e-06 2.5481e-05
0.0 0.0 0.0 0.0 0.0 0.0 0.99973 7.7486e-07 0.0 0.0 0.0 4.11272e-06 0.0 0.0 0.00353545 0.0 0.0 0.0 0.0 0.0 0.0 0.0 0.0 0.0 0.0 0.0 0.0 0.0 0.0 0.0 6.07371e-05 0.0 8.9407e-08 0.221628 0.0 0.0 0.0 2.98023e-08 0.0 1.09971e-05 0.0 0.0 0.0 0.0 0.0 0.0 0.0 0.0 0.0 0.0 0.0 0.0 0.0 0.0 0.0 0.0 0.0 0.0 0.0 0.0 0.0 0.0 0.0 7.15256e-07
2.71201e-06 2.98023e-08 0.0 0.0 0.0 0.0 0.0 0.0 0.0 0.0 0.0 4.17233e-07 0.0 0.0 0.0 0.0 0.0 0.0 0.0 0.0 0.0 0.0 0.0 0.0 0.0 0.0 0.0 0.0 0.0 0.0 0.0 0.0 0.0 0.0 0.0 0.0 0.0 0.0 0.0 0.999817 0.0 0.0 0.0 0.0 0.0 0.0 0.0 0.0 0.0 0.0 0.0 0.0 0.0 0.0 0.0 0.0 0.0 0.0 0.0 0.0 0.0 0.0 0.0 0.0
0.0 0.0 0.0 0.0 0.0 0.0 0.0 0.0 0.0 0.0 0.0 0.0 0.0 0.0 0.0 0.0 0.0 0.0 0.0 0.0 0.0 0.0 0.0 0.0 0.0 0.0 0.0 0.998868 0.0 0.0 0.0 0.0 0.0 0.0 0.0 0.0 0.0 0.0 0.0 0.0 0.0 0.0 0.0 0.0 0.0 0.0 0.0 0.0 0.0 0.0 0.0 0.0 0.0 0.0 0.0 0.0 0.0 0.0 0.0 0.0 0.0 0.0 0.0 0.0
0.0 0.0 0.0 0.321872 0.0 0.8556 0.0 0.0 0.0 0.0 0.0 1.10269e-06 0.0 0.0 5.84126e-06 2.08616e-07 0.0 0.0 0.145427 0.0 0.0 0.0 1.2517e-06 0.0 0.0 0.0 0.00336218 0.0 2.98023e-08 0.0 0.0 0.0 0.0 0.195509 2.38419e-07 0.0 0.0 0.0 0.0 0.0 0.0 0.0 0.0 8.9407e-08 0.00562584 0.0 0.0358091 0.0436336 0.993864 0.0 0.0 0.0 5.96046e-08 0.0157411 0.0 0.0 0.0167584 0.0 8.97348e-05 1.78814e-07 0.0 1.49012e-07 0.0 0.0
0.0 0.0 0.0 0.0 0.0 0.0 0.0 0.0 0.0 0.0 0.0 0.0 0.0 0.0 0.0 0.0 0.0 0.0 0.0 0.0 0.0 0.0 0.0 0.0 0.0 0.990787 0.0 0.0 0.0 0.0 8.9407e-08 0.0 0.0 0.0 0.0 0.0 0.0 0.0 0.0 0.0 0.0 0.0 0.0 0.0 0.0 0.0 0.0 0.0 0.0 0.0 0.0 0.0 0.0 0.0 0.0 0.0 0.0 0.0 0.0 0.0 0.0 0.0 0.0 0.0
0.0 0.0 0.0 0.0 0.0 0.0 5.66244e-07 0.0 0.0 0.0 0.0 3.54648e-06 0.0 0.0 1.44243e-05 0.0 0.0 0.0 0.0 0.998583 0.0 0.0 0.0 0.0 0.0 0.0 0.0 0.0 0.0 0.0 5.96046e-08 9.20892e-06 0.0 0.0 0.0 0.0 0.0 0.0 0.0 0.0 0.0 0.0 0.0 0.0 0.0 0.0 0.0 2.98023e-08 0.0 0.0 0.0 0.0 0.0 0.0 0.0 0.0 0.0 0.0 0.0 0.0 0.0 0.0 0.0 0.0
0.0 0.0 0.0 0.0 0.0 0.0 0.0 0.0 0.0 0.0 0.0 0.0 0.999644 0.0 0.0 0.0 0.0 0.0 0.0 0.0 0.0 0.0 0.0 0.0 0.0 0.0 0.0 0.0 0.0 3.27826e-07 0.0 0.0 0.0 0.0 0.0 0.0 0.0 0.0 0.0 0.0 0.000937104 0.0 0.0 0.0 0.0 1.69873e-06 0.0 0.0 0.0 0.0 0.0 0.0 0.0 0.0 0.0 0.0 0.0 0.0 0.0 0.0 0.0 3.16501e-05 0.0 0.0
0.0 0.0 0.0 0.0 0.0 0.0 0.0 0.0 0.999416 0.0 0.0 0.0 0.0 0.0 0.0 0.0 0.0 1.81794e-06 0.0 0.0 0.0 0.0 0.0 0.0 0.0 0.0 0.0 0.0 0.0 0.0 0.0 0.0 0.0 0.0 0.0 0.0 0.0 1.19209e-07 0.0 0.0 0.0 0.0 0.0 0.0 0.0 0.0 0.0 0.0 0.0 0.0 0.0 0.0 0.0 0.0 0.0 0.0 0.0 0.0 0.0 0.0 0.0 0.0 7.01547e-05 0.0
0.0 0.0 0.0 0.0 0.0 0.0 0.0 0.11099 0.0 0.0 0.0 0.0 0.0 0.0 0.00586456 8.9407e-08 0.0 0.0 0.0 0.0 0.0 0.0 0.0 0.0 0.0 0.0 0.0 0.0 0.0 0.0 0.999487 0.0 0.0 0.0 8.40425e-06 0.0 0.0 0.0 0.0 0.0 0.0 0.0 1.82092e-05 0.0 0.0 0.0 0.0 0.0 0.0 0.0 0.0 0.0 8.9407e-08 0.0 0.0 0.0 0.0 0.0 0.0 0.0 0.0 0.0 0.0 1.19209e-07
0.0 0.0 0.0 0.0 0.0 0.0 0.0 0.0 0.0 0.0 0.0 0.0 0.0 0.0 0.0 0.0 0.0 0.0 0.0 0.0 0.773902 0.999723 0.0 0.0 0.0 0.0 0.0 0.0 0.0 0.0 0.0 0.0 0.0 0.0 0.0 0.0 0.0 0.0 0.000803232 0.0 0.0 0.0 0.0 0.0 0.0 0.0 0.0 0.0 0.0 9.23872e-07 0.0 0.000167459 0.0 0.0 0.0 0.0 0.0 0.0 0.0 0.0 0.0 0.0 0.0 0.0
0.0 2.68221e-06 9.0003e-06 0.0 0.0 0.0 0.0 0.0 0.0 0.0 0.0 0.0 0.0 0.0 0.0 0.0 1.46031e-06 0.0 0.0 0.0 0.0 0.0 0.0 2.11596e-06 0.0 0.0 0.0 0.0 0.0 0.0 0.0 0.0 0.0 0.0 0.0 0.0 0.0 0.0 0.0 0.0 0.0 0.0 0.0 0.0 0.0 0.0 0.0 0.0 0.0 0.0 0.0 0.0 0.0 0.0 0.995442 0.0 0.0 2.47359e-06 0.0 0.0 0.0 0.0 0.0 0.0
0.0 0.0 0.0 0.0 0.0 3.8743e-07 0.0 0.0 0.0 0.0 0.0 0.00653189 0.0 0.0 6.71744e-05 0.00291789 0.0 0.0 0.0 0.0 0.0 0.0 0.999999 0.0 0.0 0.0 0.0 0.0 0.0 0.0 5.46873e-05 0.0 0.0 7.03335e-06 0.0 0.0 0.0 0.0 0.0 0.0 0.0 0.0 0.0 0.0 0.0 0.0 5.96046e-08 0.0 0.0 0.0 0.0 0.0 0.0 0.0 0.0 0.0 0.0 0.0 0.0 0.0 0.0 0.0 0.0 0.0
0.0 0.0 0.0 1.3113e-06 0.0 0.00384143 3.09944e-06 1.49012e-07 0.0 0.0 0.0 0.999496 0.0 0.0 0.0868275 0.0518071 0.0 0.0 5.69224e-06 0.0 0.0 0.0 0.753706 0.0 0.0 0.0 0.0 0.0 0.0 0.0 0.329818 0.0 0.0 0.0928513 0.0 0.0 0.0 0.0 0.0 0.0 0.0 0.0 0.0 0.0 1.78814e-07 0.0 0.000861079 1.13249e-06 0.00010851 0.0 0.0 0.0 0.0123283 1.19209e-07 0.0 0.0 5.48363e-06 0.0 0.0 0.0 0.0 0.0 0.0 0.0
0.0 1.19209e-07 0.0 0.0 0.0 0.0 0.0 0.0 0.0 0.0108838 0.0 0.0 0.0 0.00654694 0.0 0.0 0.0 0.0 0.0 0.0 0.0 0.0 0.0 3.21865e-06 0.0 0.0 0.0 0.0 0.0 0.0 0.0 0.0 0.0 0.0 0.0 0.0 0.0 0.0 0.0 0.0 0.0 0.97394 0.0 0.0 0.0 0.0 0.0 0.0 0.0 0.0 0.000148445 0.0 0.0 0.0 0.0 0.0 0.0 3.8743e-07 0.0 0.0 0.0 0.0 0.0 0.0
0.0 0.0 0.997024 0.0 2.24113e-05 0.0 0.0 0.0 0.0 0.0 0.0 0.0 0.0 0.0 0.0 0.0 0.0 0.0 0.0 0.0 0.0 0.0 0.0 0.013477 0.0 0.0 0.0 0.0 0.0 0.0 0.0 0.0 0.0 0.0 0.0 0.0 0.0 0.0 0.0 0.0 0.0 0.0 0.0 0.0 0.0 0.0 0.0 0.0 0.0 0.0 0.0 0.0 0.0 0.0 3.41237e-05 0.0 0.0 2.32458e-06 0.0 0.0 0.0 0.0 0.0 0.0
0.0 0.0 0.0 0.0 0.0 0.0 0.0 0.0 0.102004 0.0 0.0 0.301245 0.0 0.0 0.000114262 6.634e-05 0.0 0.0 0.0 0.0 7.7486e-07 0.0 5.00679e-06 0.0 0.0 4.05312e-06 0.0 0.0 0.0 0.0 0.00859916 0.0 0.0 0.0 0.0 0.0 0.0 1.78814e-07 0.0 0.0 0.0 0.0 0.0 0.0 0.0 0.0 0.0 0.0 0.0 0.0 0.0 0.0 0.00703603 0.0 0.0 0.0 0.0 0.0 0.0 0.0 0.0 0.0 0.000214934 0.0
0.0 0.0 0.0 0.0 0.0 1.86265e-05 0.0 0.0 0.0 0.0 2.27094e-05 8.9407e-08 0.0 0.0 0.475483 0.00104094 0.0 0.0 0.0 0.0 0.0 0.0 2.08616e-07 0.0 0.0 0.0 0.0 0.0 1.68979e-05 0.0 0.000113904 0.0 0.0 0.0 0.0 0.0 0.0 0.0 0.0 0.0 0.0 0.0 0.0 0.0 0.0 0.0 8.10027e-05 0.0 1.75834e-06 0.0 0.0 0.0 0.000955492 0.0 0.0 0.0 2.08616e-07 0.0 0.0 0.0 0.0 0.0 0.0 0.0
0.0 0.0 0.0 0.0 0.0 0.0 0.0 0.0 0.0 0.0 0.0 2.98023e-07 0.0 0.0 0.0 0.0 0.0 0.0 0.0 0.0 0.0 0.0 2.68221e-07 0.0 0.999963 0.0 0.0 0.0 0.0 0.0 0.0 0.0 0.0 0.0 0.0 0.0 0.0 0.0 0.0 0.0 0.0 0.0 0.0 0.0 0.0 0.0 0.0 0.0 0.0 0.0 0.0 0.0 0.0 0.0 0.0 0.0 0.0 0.0 0.0 0.0 0.0 0.0 0.0 0.0
0.0 0.0 0.0 3.9041e-06 0.0 0.00366756 1.19209e-07 0.0 0.0 0.0 0.0 4.35114e-06 0.0 0.0 0.00110441 5.96046e-08 0.0 0.0 0.000477791 1.70469e-05 0.0 0.0 2.68221e-07 0.0 0.0 0.0 3.76999e-05 0.0 0.0 0.0 5.36442e-07 0.0 0.0 0.00206193 0.0 0.0 0.0 0.0 0.0 0.0 0.0 0.0 0.0 0.0 1.78814e-05 0.0 0.00024724 0.00733346 0.00214657 0.0 0.0 0.0 2.98917e-05 0.00012663 0.0 0.0 3.19183e-05 0.0 2.98023e-07 5.66244e-07 0.0 0.0 0.0 0.0
5.66244e-07 0.512792 0.0 1.5229e-05 0.0 8.9407e-08 2.98023e-08 0.0 0.0 0.0 0.0 0.0 0.0 0.0 0.0 0.0 0.000618756 0.0 1.52588e-05 0.0 0.0 0.0 0.0 0.0 0.0 0.0 0.00432843 0.0 0.0 1.78814e-07 0.0 0.0 0.0 1.01328e-06 0.0 0.0 0.0 0.0 0.0 2.98023e-08 0.0 0.0 0.0 0.0646533 0.00143963 0.000192851 0.0 0.000349015 0.0 0.0 0.0 0.0 0.0 0.00354591 0.0 3.42727e-06 1.8239e-05 0.0 0.91987 0.0 0.000174642 0.00270846 0.0 0.0
0.0 2.38419e-06 0.0 8.9407e-08 0.0 0.0 1.93715e-06 0.0 0.0 0.0 0.0 0.0 0.0 0.0 0.0 0.0 0.00085786 0.0 2.98023e-08 0.0 0.0 0.0 0.0 0.0 0.0 0.0 3.8743e-06 0.0 0.0 0.0 0.0 0.0 0.0 5.96046e-08 0.0 0.0 0.0 0.0 0.0 0.0 0.0 0.0 0.0 0.0261884 3.03984e-06 0.0 0.0 2.63155e-05 0.0 0.0 0.0 0.0 0.0 3.18885e-06 8.9407e-08 0.999899 0.0 4.83096e-05 5.06639e-06 0.0 2.20537e-06 2.98023e-08 0.0 0.0
0.0 0.0 0.0 0.0 0.0 0.0 0.0 0.0 0.0 0.0 0.0 0.0 0.0 0.0 0.0 0.0 0.0 0.0 0.0 0.0 3.13818e-05 0.000825614 0.0 0.0 0.0 0.0 0.0 0.0 0.0 0.0 0.0 0.0 0.0 0.0 0.0 0.0 0.0 0.0 9.26852e-06 0.0 0.0 0.0 0.0 0.0 0.0 0.0 0.0 0.0 0.0 0.999775 0.0 3.00109e-05 0.0 0.0 0.0 0.0 0.0 0.0 0.0 0.0 0.0 0.0 0.0 0.0
0.0 0.0 0.0 0.0 0.0 0.0 0.0 0.0 0.0 0.0 0.0 0.0 0.0 0.0 0.0 0.0 0.0 0.0 0.0 0.0 0.0 0.0 0.0 0.0 0.0 0.0 0.0 0.0 0.0 0.0 0.0 0.0 0.997996 0.0 0.0 0.0 0.0 0.0 0.0 0.0 0.0 0.0 0.0 0.0 0.0 0.0 0.0 0.0 0.0 0.0 0.0 0.0 0.0 0.0 0.0 0.0 0.0 0.0 0.0 0.0 0.0 0.0 0.0 0.0
0.0 0.0 0.0 0.0 0.0 0.0 0.0 0.0 9.01222e-05 0.0 8.9407e-08 0.0 0.0 0.0 1.40071e-06 0.0 0.0 0.0 0.0 0.0 0.0 0.0 0.0 0.0 0.0 0.0 0.0 0.0 0.0 0.0 1.01328e-06 0.0 0.0 0.0 0.0 0.0 0.0 0.0 0.0 0.0 0.0 0.0 0.0 0.0 0.0 0.0 0.0 0.0 0.0 0.0 0.0 0.0 0.0 0.0 0.0 0.0 0.0 0.0 0.0 0.0 0.0 0.0 0.998771 0.0
4.79817e-06 0.00156197 0.0 0.452616 0.0 0.0303591 5.24521e-06 0.0 0.0 0.0 0.0 1.3411e-06 0.0 0.0 6.85453e-07 0.0 1.49012e-07 0.0 0.0649733 5.06639e-07 0.0 0.0 2.98023e-08 0.0 0.0 0.0 0.984295 0.0 5.06639e-07 5.96046e-08 0.0 0.0 0.0 0.0431377 8.9407e-08 0.0 0.0 0.0 0.0 0.0 0.0 0.0 0.0 0.000847906 0.119001 4.70877e-06 0.00126097 0.999977 0.118063 0.0 0.0 0.0 0.0 0.986752 0.0 2.43485e-05 0.000858217 0.0 0.0666236 4.11272e-06 1.10269e-06 0.00015226 0.0 0.0
0.0 0.0 0.0 0.0 0.0 0.0 0.0 0.0 0.0 7.92146e-05 0.0 0.0 0.0 0.0 0.0 0.0 0.0 0.0 0.0 0.0 0.0 0.0 0.0 0.0 0.0 0.0 0.0 0.0 0.0 0.0 0.0 0.0 0.0 0.0 0.0 0.0 0.999785 0.0 0.0 0.0 0.0 0.0 0.0 0.0 0.0 0.0 0.0 0.0 0.0 0.0 0.0 0.0 0.0 0.0 0.0 0.0 0.0 0.0 0.0 0.0 0.0 0.0 0.0 0.0
0.0 0.0 0.0 0.0 0.0 0.0 0.0 0.0 0.0 0.0 0.0 0.0 0.0 0.0 0.0 0.0 0.0 0.0 0.0 0.0 0.0013625 8.64267e-07 0.0 0.0 0.0 0.0 0.0 0.0 0.0 0.0 0.0 0.0 0.0 0.0 0.0 1.37091e-06 0.0 0.0 0.00618249 0.0 0.0 0.0 0.0 0.0 0.0 0.0 0.0 0.0 0.0 2.98023e-08 0.0 0.999994 0.0 0.0 0.0 0.0 0.0 0.0 0.0 0.0 0.0 0.0 0.0 0.0
0.0 4.55976e-06 5.9247e-05 0.0 0.988024 0.0 0.0 0.0 0.0 0.0 0.0 0.0 0.0 0.0 0.0 0.0 0.0 0.0 0.0 0.0 0.0 0.0 0.0 0.674109 0.0 0.0 0.0 0.0 0.0 0.0 0.0 0.0 0.0 0.0 0.0 0.0 0.0 0.0 0.0 0.0 0.0 0.0 0.0 0.0 0.0 0.0 0.0 0.0 0.0 0.0 0.0 0.0 0.0 0.0 2.98023e-08 0.0 0.0 0.732908 0.0 0.0 0.0 0.0 0.0 0.0
0.0 0.0 0.0 0.0 0.0 0.0 0.0 0.0 0.0 0.0 0.0334232 0.0 0.0 0.0 1.19209e-07 0.0 0.0 0.0 0.0 0.0 0.0 0.0 0.0 0.0 0.0 0.0 0.0 0.0 0.0 0.0 0.0 0.0 0.0 0.0 0.0 0.0 0.0 0.0 0.0 0.0 0.0 0.0 0.0 0.0 0.0 0.0 0.0 0.0 0.0 0.0 0.0 0.0 0.0 0.0 0.0 0.0 0.0 0.0 0.0 0.0 0.0 0.0 0.0 0.99998
0.0 2.98023e-07 0.0 0.998494 0.0 0.0166848 0.0 0.0 0.0 0.0 0.0 7.45058e-07 0.0 0.0 0.0 0.0 0.0 0.0 0.0148615 0.0 0.0 0.0 0.0 0.0 0.0 0.0 0.883687 0.0 5.96046e-08 0.0 0.0 0.0 0.0 0.00749281 0.0 0.0 0.0 0.0 0.0 0.0 0.0 0.0 0.0 1.49012e-07 4.61042e-05 0.0 0.000141442 0.0287533 0.0677059 0.0 0.0 0.0 0.0 0.90104 0.0 1.19209e-07 0.000378281 0.0 0.00215793 0.0 0.0 2.3365e-05 0.0 0.0
0.0 0.0 0.0 0.0 0.0 2.71201e-06 0.0 0.0 0.0 0.0 0.0 0.0 0.0 0.0 1.19209e-07 8.9407e-08 0.0 0.0 1.19209e-06 0.0 0.0 0.0 0.0 0.0 0.0 0.0 1.49012e-07 0.0 0.0 0.0 0.0 0.0 0.0 9.23872e-07 0.0 0.0 0.0 0.0 0.0 0.0 0.0 0.0 0.0 0.0 0.0 2.98023e-08 1.04308e-06 2.68221e-07 1.49012e-07 0.0 0.0 0.0 0.0 2.05636e-06 0.0 0.0 0.0 0.0 0.0 0.998256 0.0 0.0 0.0 0.0
0.0 0.0 0.0 0.0 0.0 2.68221e-07 0.0 2.98023e-08 2.08616e-07 0.0 0.0 0.999296 0.0 0.0 0.999972 0.741114 0.0 0.0 0.0 2.98023e-08 0.0 0.0 0.468922 0.0 0.0 1.49012e-05 0.0 0.0 0.0 0.0 0.999549 2.98023e-07 0.0 2.68221e-07 0.0 0.0 0.0 0.0 0.0 0.0 0.0 0.0 0.0 0.0 0.0 0.0 2.08616e-07 0.0 0.0 0.0 0.0 0.0 0.000176489 0.0 0.0 0.0 0.0 0.0 0.0 0.0 0.0 0.0 1.69873e-06 0.0
0.0 0.0 0.0 2.68221e-07 0.0 0.0 0.0 0.0 0.0 0.0 0.0 0.0 0.0 0.0 5.96046e-08 3.8743e-07 0.0 0.0 0.0 0.0 0.0 0.0 0.0 0.0 0.0 0.0 1.19209e-07 0.0 0.997429 0.0 0.0 0.0 0.0 0.0 0.0 0.0 0.0 0.0 0.0 0.0 0.0 0.0 0.0 0.0 0.0 0.0 1.78814e-07 0.0 8.9407e-08 0.0 0.0 0.0 0.0 4.47035e-07 0.0 0.0 1.19209e-07 0.0 0.0 0.0 0.0 0.0 0.0 2.98023e-08
0.0 0.0 0.0 2.08616e-07 0.0 0.00151005 0.0021328 0.0 0.0 0.0 0.0 0.999918 0.0 0.0 6.70552e-06 0.00120825 0.0 0.0 5.1558e-06 0.0 0.0 0.0 0.0125701 0.0 0.0 0.0 0.0 0.0 0.0 0.0 2.44379e-06 0.0 0.0 0.00123358 8.9407e-08 0.0 0.0 0.0 0.0 2.38419e-07 0.0 0.0 0.0 0.0 4.82798e-06 0.0 5.65052e-05 2.08616e-07 5.66244e-07 0.0 0.0 0.0 0.0 0.0 0.0 0.0 0.000414252 0.0 1.51992e-06 0.0 0.0 0.0 0.0 0.0
0.0 0.0 0.0 0.0 0.0 0.0 0.0 0.0 1.78814e-07 0.0 0.0 0.0 0.0 0.0 0.0 0.0 0.0 0.0 0.0 0.0 0.0 0.0 0.0 0.0 0.0 0.0 0.0 0.0 0.0 0.0 0.0 0.0 0.0 0.0 0.0 0.0 0.0 0.999966 0.0 0.0 0.0 0.0 0.0 0.0 0.0 0.0 0.0 0.0 0.0 0.0 0.0 0.0 0.0 0.0 0.0 0.0 0.0 0.0 0.0 0.0 0.0 0.0 0.0 0.0
0.0 0.00440577 5.07236e-05 0.0 0.66604 0.0 0.0 0.0 0.0 0.0 0.0 0.0 0.0 0.0 0.0 0.0 1.96695e-06 0.0 0.0 0.0 0.0 0.0 0.0 0.0424367 0.0 0.0 0.0 0.0 0.0 0.0 0.0 0.0 0.0 0.0 0.0 0.0 0.0 0.0 0.0 0.0 0.0 5.96046e-08 0.0 1.19209e-07 0.0 0.0 0.0 0.0 0.0 0.0 0.0 0.0 0.0 0.0 4.11272e-06 4.05312e-06 0.0 0.999838 0.0 0.0 0.0 0.0 0.0 0.0
4.17233e-07 2.58088e-05 0.0 0.000466615 0.0 0.0181988 0.0265102 0.0 0.0 0.0 0.0 1.51396e-05 0.0 0.0 8.9407e-08 0.0 0.000896186 0.0 0.087501 0.000317395 0.0 0.0 0.0 0.0 0.0 0.0 0.0776663 0.0 0.0 4.26173e-06 0.0 0.0 0.0 0.0228 8.64267e-07 0.0 0.0 0.0 0.0 0.0 0.0 0.0 0.0 0.0741571 0.761884 2.98023e-08 0.000130445 0.910958 0.000294447 0.0 0.0 0.0 0.0 0.0920029 0.0 0.00404495 0.0176369 0.0 0.0891626 0.0 2.5928e-06 1.49012e-06 0.0 0.0
0.0 0.0 0.0 0.000619352 0.0 0.997313 0.0 0.0 0.0 0.0 0.0 3.30508e-05 0.0 0.0 3.43621e-05 3.84152e-05 0.0 0.0 0.495776 0.0 0.0 0.0 3.42727e-06 0.0 0.0 0.0 4.61936e-06 0.0 0.0 2.98023e-08 0.0 0.0 0.0 0.00472984 1.4782e-05 0.0 0.0 0.0 0.0 0.0 0.0 0.0 0.0 0.0 0.00207824 0.0 0.99484 0.00454989 0.0277895 0.0 0.0 0.0 1.19209e-07 8.49366e-05 0.0 0.0 0.352191 0.0 2.74181e-06 1.84774e-06 0.0 0.0 0.0 0.0
0.0 0.0 0.0 0.0 0.0 0.0 0.0 0.0 0.0023953 0.0 0.0 0.0 0.0 0.0 0.0 0.0 0.0 0.999251 0.0 0.0 1.19209e-07 0.0 0.0 0.0 0.0 0.0 0.0 0.0 0.0 0.0 0.0 0.0 0.0 0.0 0.0 1.78814e-07 0.0 0.0 6.73532e-06 0.0 0.0 0.0 0.0 0.0 0.0 0.0 0.0 0.0 0.0 0.0 0.0 1.2815e-06 0.0 0.0 0.0 0.0 0.0 0.0 0.0 0.0 0.0 0.0 1.19209e-07 0.0
1.49012e-07 0.30037 0.0 1.60933e-06 0.0 5.96046e-08 0.0 0.0 0.0 1.49012e-07 0.0 0.0 4.47035e-07 2.68221e-07 0.0 0.0 0.00174132 0.0 1.63913e-06 0.0 0.0 0.0 0.0 0.0 0.0 0.0 0.000307649 0.0 0.0 8.9705e-06 0.0 0.0 0.0 0.0 0.0 0.0 0.0 0.0 0.0 0.0 0.0 0.0 0.0 0.05293 0.000269413 0.00419897 0.0 9.29832e-05 0.0 0.0 5.06639e-07 0.0 0.0 0.000343174 0.0 4.58956e-06 1.02818e-05 8.9407e-08 0.0440107 0.0 0.0045968 0.00355479 0.0 0.0
0.0 0.0 0.0 0.0 0.0 0.0 0.0 0.0 0.0 0.0 0.0 2.06232e-05 0.0 0.0 0.0 0.0 0.0 0.0 0.0 2.08616e-07 0.0 0.0 0.0 0.0 0.0 0.0 0.0 0.0 0.0 0.0 0.0 0.999912 0.0 0.0 0.0 0.0 0.0 0.0 0.0 0.0 0.0 0.0 0.0 0.0 0.0 0.0 0.0 0.0 0.0 0.0 0.0 0.0 0.0 0.0 0.0 0.0 0.0 0.0 0.0 0.0 0.0 0.0 0.0 0.0
0.0 0.0 0.0 0.0 0.0 7.7486e-07 0.0 0.0 0.0 0.0 0.0 0.0 0.0 0.0 1.69873e-06 0.0 0.0 0.0 1.19209e-07 0.0 0.0 0.0 0.0 0.0 0.0 0.0 0.0 0.0 0.0 0.000657618 2.98023e-08 0.0 0.0 0.0 0.999916 0.0 0.0 0.0 0.0 0.0 0.0 0.0 0.0 0.0 0.0 0.0 8.9407e-08 0.0 0.0 0.0 0.0 0.0 0.0 0.0 0.0 0.0 6.55651e-07 0.0 0.0 0.0 0.0 0.0 0.0 0.0
2.3067e-05 2.41399e-06 0.0 0.0 2.98023e-08 0.0 0.0 0.0 0.0 0.999736 0.0 0.0 5.96046e-08 0.00180206 0.0 0.0 6.55651e-07 0.0 0.0 0.0 0.0 0.0 0.0 1.78814e-07 0.0 0.0 8.9407e-08 0.0 0.0 0.0 0.0 0.0 0.0 0.0 0.0 0.0 0.0154179 0.0 0.0 0.0 0.0 0.301664 0.0 2.08616e-07 0.0 1.54972e-06 0.0 0.0 0.0 0.0 6.29425e-05 0.0 0.0 0.0 0.0 1.99676e-06 0.0 3.8743e-07 0.0 0.0 0.0304725 0.000331432 0.0 0.0
0.0 0.0 0.0 0.0 0.0 0.0 0.0 0.890666 0.0 0.0 0.0 0.0 0.0 0.0 3.57628e-07 0.0 0.0 0.0 0.0 0.0 0.0 0.0 0.0 0.0 0.0 0.0 0.0 0.0 0.0 0.0 0.000136614 0.0 0.0 0.0 0.0 0.0 0.0 0.0 0.0 0.0 0.0 0.0 0.042222 0.0 0.0 0.0 0.0 0.0 0.0 0.0 0.0 0.0 0.0 0.0 0.0 0.0 0.0 0.0 0.0 0.0 0.0 0.0 0.0 0.0
1.82986e-05 0.288171 0.0 0.0 2.98023e-08 0.0 0.0 0.0 0.0 3.99351e-06 0.0 0.0 8.31485e-06 0.83969 0.0 0.0 0.0 0.0 0.0 0.0 0.0 0.0 0.0 1.49012e-07 0.0 0.0 0.0 0.0 0.0 0.0 0.0 0.0 0.0 0.0 0.0 0.0 0.0 0.0 0.0 2.98023e-08 6.25849e-07 1.54972e-06 0.0 0.0 0.0 1.04308e-06 0.0 0.0 0.0 0.0 0.201694 0.0 0.0 0.0 0.0 0.0 0.0 1.19209e-07 0.0 0.0 2.11596e-06 8.49366e-06 0.0 0.0
1.78814e-07 0.0033783 0.0 0.0 0.0 0.0 0.0 0.0 0.0 0.000197083 0.0 0.0 1.87755e-06 4.28557e-05 0.0 0.0 2.98023e-07 0.0 0.0 0.0 0.0 0.0 0.0 0.0 0.0 0.0 5.66244e-07 0.0 0.0 0.0 0.0 0.0 0.0 0.0 0.0 0.0 0.0 0.0 0.0 0.0 0.0 2.98023e-08 0.0 3.63588e-06 0.0 0.00334844 0.0 0.0 0.0 0.0 1.3113e-05 0.0 0.0 5.66244e-07 0.0 4.47035e-07 0.0 0.0 6.25849e-07 0.0 0.991839 0.0605487 0.0 0.0
0.0 1.2517e-06 0.000886858 0.0 0.392472 0.0 0.0 0.0 0.0 0.0 0.0 0.0 0.0 1.49012e-07 0.0 0.0 0.0 0.0 0.0 0.0 0.0 0.0 0.0 0.999202 0.0 0.0 0.0 0.0 0.0 0.0 0.0 0.0 0.0 0.0 0.0 0.0 0.0 0.0 0.0 0.0 0.0 1.19209e-07 0.0 0.0 0.0 0.0 0.0 0.0 0.0 0.0 0.0 0.0 0.0 0.0 5.36442e-07 0.0 0.0 0.0226404 0.0 0.0 0.0 0.0 0.0 0.0
0.0 0.0 0.0 0.00155836 0.0 0.00712204 0.000290006 0.0 0.0 0.0 0.0 2.41399e-06 0.0 0.0 3.72529e-06 5.90086e-06 0.0 0.0 0.00969663 0.0 0.0 0.0 1.43349e-05 0.0 0.0 0.0 0.00320533 0.0 0.0 0.0 5.96046e-08 0.0 0.0 0.99996 0.0 0.0 0.0 0.0 0.0 0.0 0.0 0.0 0.0 3.57628e-07 1.33514e-05 0.0 8.70228e-05 0.00830421 0.0907818 0.0 0.0 0.0 0.0 0.0196916 0.0 0.0 4.79817e-06 0.0 1.14143e-05 0.0 0.0 0.0 0.0 0.0
0.0 0.0 0.0 0.0 0.0 0.0 0.0 0.0 0.00119287 0.0 5.36442e-07 0.0017553 0.0 0.0 0.00177675 6.25849e-07 0.0 0.0 0.0 2.68221e-07 0.0 0.0 0.000142455 0.0 0.0 0.0 0.0 0.0 5.96046e-08 0.0 2.14577e-06 0.0 0.0 0.0 0.0 0.0 0.0 8.9407e-08 0.0 0.0 0.0 0.0 0.0 0.0 0.0 0.0 0.0 0.0 0.0 0.0 0.0 0.0 0.999986 0.0 0.0 0.0 0.0 0.0 0.0 0.0 0.0 0.0 8.58009e-05 5.126e-06
0.0 0.0 0.0 0.0 0.0 0.0 0.0 0.0 0.0 0.0 0.0 0.0 0.0 0.0 0.0 0.0 0.0 0.0 0.0 0.0 0.997188 9.74536e-06 0.0 0.0 0.0 0.0 0.0 0.0 0.0 0.0 0.0 0.0 0.0 0.0 0.0 0.0 0.0 0.0 5.66244e-07 0.0 0.0 0.0 0.0 0.0 0.0 0.0 0.0 0.0 0.0 0.0 0.0 0.000612378 0.0 0.0 0.0 0.0 0.0 0.0 0.0 0.0 0.0 0.0 0.0 0.0
0.0 0.0 0.0 0.0 0.0 0.0 0.0 0.0 0.0 0.0 0.0 0.0 0.0 0.0 0.0 0.0 0.0 0.000161201 0.0 0.0 8.21352e-05 0.000150055 0.0 0.0 0.0 0.0 0.0 0.0 0.0 0.0 0.0 0.0 0.0 0.0 0.0 0.000349313 0.0 0.0 0.995031 0.0 0.0 0.0 0.0 0.0 0.0 0.0 0.0 0.0 0.0 0.0 0.0 0.0147786 0.0 0.0 0.0 0.0 0.0 0.0 0.0 0.0 0.0 0.0 0.0 0.0
0.0 4.26173e-06 0.0 3.12924e-06 0.0 2.80142e-06 0.0 0.0 0.0 0.0 0.0 0.0 0.00412291 0.0 0.0 0.0 0.0 0.0 3.66569e-06 0.0 0.0 0.0 0.0 0.0 0.0 0.0 2.51532e-05 0.0 0.0 4.17233e-07 0.0 0.0 0.0 0.0 0.0 0.0 0.0 0.0 0.0 0.0 0.0 0.0 0.0 0.0 4.91738e-06 0.872036 5.96046e-08 2.89083e-06 0.0 0.0 0.0 0.0 0.0 3.08752e-05 0.0 0.0 0.000370681 0.0 5.78761e-05 1.19209e-07 0.000180155 0.996229 0.0 0.0
0.0 0.0 0.0 0.0 0.0 0.0 0.0 0.0 0.0 0.0 0.0 0.0 0.0 0.0 0.0 0.0 0.0 4.47035e-07 0.0 0.0 0.0 0.0 0.0 0.0 0.0 0.0 0.0 0.0 0.0 0.0 0.0 0.0 0.0 0.0 0.0 0.999794 0.0 0.0 0.00131717 0.0 0.0 0.0 0.0 0.0 0.0 0.0 0.0 0.0 0.0 0.0 0.0 1.49012e-06 0.0 0.0 0.0 0.0 0.0 0.0 0.0 0.0 0.0 0.0 0.0 0.0
0.0 0.0 0.0 1.9908e-05 0.0 0.666333 4.17233e-07 0.0 0.0 0.0 0.0 0.264609 0.0 0.0 3.93391e-06 2.41399e-05 0.0 0.0 0.0075089 0.0 0.0 0.0 0.00111645 0.0 0.0 0.0 8.9407e-08 0.0 0.0 0.0 2.98023e-08 0.0 0.0 1.73748e-05 2.45869e-05 0.0 0.0 0.0 0.0 0.0 0.0 0.0 0.0 1.78814e-07 0.0050081 0.0 0.049976 1.11461e-05 0.000103533 0.0 0.0 0.0 3.63588e-06 2.08616e-07 0.0 0.0 0.551431 0.0 0.000125259 0.0 0.0 6.25849e-07 0.0 0.0
0.0 0.0 0.0 0.0 0.0 2.71201e-06 0.0 0.0 0.0 0.0 0.0 0.0 2.08616e-07 0.0 3.30806e-06 8.9407e-08 0.0 0.0 8.64267e-07 0.0 0.0 0.0 0.0 0.0 0.0 0.0 0.0 0.0 0.0 0.999481 0.0 0.0 0.0 0.0 0.00196904 0.0 0.0 0.0 0.0 0.0 0.0 0.0 0.0 0.0 7.15256e-07 0.0 1.49012e-07 0.0 0.0 0.0 0.0 0.0 0.0 0.0 0.0 0.0 6.99162e-05 0.0 8.9407e-08 0.0 0.0 0.0 0.0 0.0
0.0160128 0.99375 0.0 0.0 1.25468e-05 0.0 0.0 0.0 0.0 0.00334993 0.0 0.0 0.0969498 0.999548 0.0 0.0 2.98023e-08 0.0 0.0 0.0 0.0 0.0 0.0 0.000238985 0.0 0.0 1.78814e-07 0.0 0.0 0.0 0.0 0.0 0.0 0.0 0.0 0.0 1.19209e-07 0.0 0.0 0.00243887 0.0126444 0.0113465 0.0 1.2219e-06 5.96046e-08 0.205128 0.0 8.9407e-08 0.0 0.0 0.999921 0.0 0.0 8.9407e-08 0.0 0.0 0.0 3.32296e-05 4.08292e-06 0.0 0.021667 0.21618 0.0 0.0
0.0 0.000318557 0.0 0.0 0.0 0.0 0.0 0.0 0.0 8.9407e-08 0.0 0.0 0.00361106 5.96046e-08 0.0 0.0 0.0 0.0 2.98023e-08 0.0 0.0 0.0 0.0 0.0 0.0 0.0 1.78814e-07 0.0 0.0 0.0 0.0 0.0 0.0 0.0 0.0 0.0 0.0 0.0 0.0 0.0 0.0 0.0 0.0 0.0 2.08616e-07 0.988334 0.0 0.0 0.0 0.0 5.66244e-07 0.0 0.0 2.38419e-07 0.0 0.0 1.78814e-07 0.0 2.88188e-05 0.0 0.000194252 0.902186 0.0 0.0
0.0 0.0090417 0.0 0.0 1.78814e-07 0.0 0.0 0.0 0.0 9.0301e-06 0.0 0.0 0.0 0.0 0.0 0.0 0.981302 0.0 0.0 0.0 0.0 0.0 0.0 5.66244e-07 0.0 0.0 5.96046e-08 0.0 0.0 0.0 0.0 0.0 0.0 0.0 0.0 0.0 0.0 0.0 0.0 0.0 0.0 0.0 0.0 0.177966 1.78814e-07 0.0 0.0 2.68221e-07 0.0 0.0 0.0 0.0 0.0 8.9407e-08 2.65241e-06 0.0044533 0.0 0.000259876 1.65403e-05 0.0 1.12057e-05 0.0 0.0 0.0
0.0 0.0 0.0 0.0 0.0 0.0 0.0 0.0 0.0 0.0 0.99988 0.0 0.0 0.0 5.90682e-05 0.0 0.0 0.0 0.0 0.0 0.0 0.0 0.0 0.0 0.0 0.0 0.0 0.0 0.0 0.0 0.0 0.0 0.0 0.0 0.0 0.0 0.0 0.0 0.0 0.0 0.0 0.0 0.0 0.0 0.0 0.0 0.0 0.0 0.0 0.0 0.0 0.0 0.0 0.0 0.0 0.0 0.0 0.0 0.0 0.0 0.0 0.0 0.0 0.031166
1.49012e-06 0.0012351 0.0 0.0 1.49012e-07 0.0 0.0 0.0 0.0 0.0382032 0.0 0.0 1.01328e-06 0.977714 0.0 0.0 0.0 0.0 0.0 0.0 0.0 0.0 0.0 7.15256e-07 0.0 0.0 0.0 0.0 0.0 0.0 0.0 0.0 0.0 0.0 0.0 0.0 1.49012e-07 0.0 0.0 0.0 1.19209e-07 0.0330844 0.0 0.0 0.0 5.96046e-08 0.0 0.0 0.0 0.0 0.00780517 0.0 0.0 0.0 0.0 0.0 0.0 1.43051e-06 0.0 0.0 2.54512e-05 1.78814e-07 0.0 0.0
0.0 0.0 0.0 0.0 0.0 1.25468e-05 0.999417 0.0 0.0 0.0 0.0 0.000146478 0.0 0.0 0.0 0.0 0.0 0.0 8.49366e-06 0.0 0.0 0.0 0.0 0.0 0.0 0.0 4.47035e-07 0.0 0.0 0.0 0.0 0.0 0.0 0.0137502 0.0 0.0 0.0 0.0 0.0 0.0 0.0 0.0 0.0 1.78814e-07 8.34465e-07 0.0 1.19209e-07 4.58956e-06 0.0 0.0 0.0 0.0 0.0 7.7486e-07 0.0 3.06964e-06 1.46031e-06 0.0 1.19209e-07 0.0 0.0 0.0 0.0 0.0
0.0 0.0 0.0 0.0 0.0 0.0 0.0 0.0 0.0 0.0 0.0 0.0 0.00183457 0.0 0.0 0.0 0.0 0.0 0.0 0.0 0.0 0.0 0.0 0.0 0.0 0.0 0.0 0.0 0.0 0.0 0.0 0.0 0.0 0.0 0.0 0.0 0.0 0.0 0.0 0.0 0.998358 0.0 0.0 0.0 0.0 0.0 0.0 0.0 0.0 0.0 0.0 0.0 0.0 0.0 0.0 0.0 0.0 0.0 0.0 0.0 0.0 0.0 0.0 0.0
0.0 0.0 0.0 9.69172e-05 0.0 0.118251 1.49012e-07 8.9407e-08 0.0 0.0 0.00507757 3.22461e-05 0.0 0.0 0.968136 0.999987 0.0 0.0 0.000869274 0.0 0.0 0.0 0.0119618 0.0 0.0 0.0 2.98023e-07 0.0 0.00454551 1.46925e-05 0.00537425 0.0 0.0 0.130155 5.76079e-05 0.0 0.0 0.0 0.0 0.0 0.0 0.0 1.49012e-07 0.0 7.7486e-07 0.0 0.836212 3.06666e-05 0.0090394 0.0 0.0 0.0 0.000402302 1.84774e-06 0.0 0.0 0.00011465 0.0 0.0 2.68221e-06 0.0 0.0 0.0 5.96046e-07
0.0 0.000106156 0.0 0.237248 0.0 0.207726 3.8743e-07 0.0 0.0 0.0 0.0 1.3113e-06 5.36442e-07 0.0 2.77162e-06 8.9407e-08 4.17233e-07 0.0 0.70609 1.2815e-06 0.0 0.0 5.96046e-08 0.0 0.0 0.0 0.887387 0.0 1.52886e-05 0.0731829 0.0 0.0 0.0 0.00876206 1.75834e-06 0.0 0.0 0.0 0.0 0.0 0.0 0.0 0.0 0.000801831 0.612522 0.00230727 0.00184396 0.106019 0.00931075 0.0 0.0 0.0 0.0 0.763976 0.0 2.68221e-07 0.603321 0.0 0.0817364 9.98378e-06 8.82149e-06 0.00296611 0.0 0.0
0.0 0.0 0.0 0.0 0.0 0.0 0.0 0.0 0.0 0.0 0.0 0.0 0.0 0.0 0.0 0.0 0.0 0.0 0.0 0.0 0.0 0.0 0.0 0.0 0.0 0.0 0.0 0.0 0.0 0.0 0.0 0.0 0.0 0.0 0.0 0.0 0.0 0.0 0.0 0.0 0.0 0.0 0.999854 0.0 0.0 0.0 0.0 0.0 0.0 0.0 0.0 0.0 0.0 0.0 0.0 0.0 0.0 0.0 0.0 0.0 0.0 0.0 0.0 0.0
43 53 0 18 56 44 26 5 1 29 39 58 16 60 4 12 27 59 31 13 24 40 19 41 63 6 28 2 36 34 55 9 42 8 3 48 46 57 45 54 7 21 25 20 33 10 23 50 30 32 51 49 37 22 47 61 14 11 35 38 17 62 52 15
