8
0.0 3.69549e-06 0.0 0.0 0.0 0.0 0.0 0.0 0.0 0.0 0.0 0.0 2.82824e-05 0.0 0.0 0.0 0.0 0.0 2.02656e-06 0.0 2.68221e-07 0.0 0.0 0.0 0.0 1.49012e-07 0.0 0.42294 0.0 0.0 0.0 3.39746e-06 0.0 0.0 0.0 0.0 0.0 0.0 0.0 0.996516 0.0 0.0 0.0 0.0 0.0 0.0 0.0 0.0 0.0 0.0 0.0 0.0 0.0 0.0 0.0 0.0 0.0 0.0120973 0.0 0.0 0.0 0.0 0.0 0.0
0.0 3.27826e-07 0.0 0.0 0.0 0.0 0.0 0.0 0.0 0.000892192 0.0 0.0 0.000101507 0.0231027 0.0 0.0 0.0 0.0 0.00878081 1.90735e-06 0.0 0.0555727 0.0 0.00671956 0.0 1.13249e-06 8.91685e-05 1.19209e-07 0.000705004 0.0 5.84126e-06 1.78814e-07 0.0 0.0 0.0 0.0 0.999964 5.96046e-08 0.0 0.931834 0.0 0.0 3.09944e-06 0.0 0.0 1.19209e-07 0.0 0.0 5.63264e-06 3.27826e-07 0.0 0.0 1.78814e-07 1.19209e-07 0.0 0.0 1.19209e-07 0.0 0.0 2.26498e-06 0.0 0.0 0.0 0.0
0.0 0.000691742 0.000322491 0.0 4.20213e-06 0.0 0.0 0.0 0.0 0.0 0.0 0.0 1.94311e-05 0.0 0.00293261 0.0 0.0 0.000420779 0.340862 0.00578094 0.0 3.27826e-07 8.9407e-08 0.625946 0.0 0.00300413 5.96046e-08 0.0 0.999993 0.0 1.0848e-05 0.000281423 0.0 0.0 0.0 0.0 0.0 0.0 0.0 0.132615 0.0 0.0 0.00220677 0.0 0.0 0.000160962 0.0 0.0 2.38419e-07 4.17233e-07 0.0 0.0 0.000728071 0.0 0.0 0.0 2.27988e-05 2.98023e-08 0.0 0.000328749 3.27826e-06 0.000140309 0.0 0.0
0.0 0.0 0.0 0.0 0.0 0.0 0.0 0.0 0.0 0.0 0.0 0.0 0.0 0.0 0.0 0.0 0.0 0.0 0.0 0.0 0.0 0.0 0.0 0.0 0.0 0.0 0.0 0.0 0.0 0.0 0.0 0.0 0.0 0.0 0.0 0.0 0.0 0.0 0.0 0.0 0.0 0.999089 0.0 0.0 0.0 0.0 0.0 0.0 0.0 0.0 0.0 0.0 0.0 0.0 0.0 0.0 0.0 0.0 0.0 0.0 0.0 0.0 0.0 0.0
0.0 0.999487 0.0 0.0 0.00029251 0.0 0.0 0.0 8.9407e-08 0.0 0.0 0.0 0.988632 0.0 2.11596e-06 0.0 0.0 0.00425041 0.933062 2.85208e-05 0.0 0.0 0.0 3.67463e-05 0.0 0.850774 0.0 1.00136e-05 0.964873 0.0 0.00927341 0.0509597 0.0 8.9407e-08 0.0 0.0 0.0 0.0 0.0 1.0 0.0 0.0 0.00706476 0.0 0.0 0.0166256 0.0 0.0 1.19209e-07 0.0189722 0.0 6.55651e-07 2.5034e-06 0.0 0.0 0.0 1.3411e-06 0.00012973 0.0 8.9407e-08 3.54648e-06 0.0352147 0.0 0.0
0.0 0.0 0.0 0.0 0.0 0.0 0.0 0.0 0.0 0.0 0.0 0.0 0.0 0.0 0.0 0.0 0.0 0.0 0.0 0.0 0.0 0.0 0.0 0.0 0.0 0.0 0.0 1.5676e-05 0.0 0.0 0.0 0.0 0.0 0.0 0.0 0.0 0.0 0.0 0.0 0.0096038 0.0 0.0 0.0 0.0 0.0 0.0 0.0 0.0 0.0 0.0 0.0 0.0 0.0 0.0 0.0 0.0 0.0 0.0 0.0 0.0 0.0 0.0 0.0 0.0
0.0 1.78814e-07 0.00348842 0.0 0.0 0.0580415 0.0134464 0.0 1.49012e-07 8.85129e-06 0.999221 0.0 0.000220776 0.0 1.90437e-05 0.0 0.0 1.3113e-06 0.999962 1.19209e-07 0.0 0.712372 0.758907 0.72761 0.0 0.000420421 0.080193 0.0 0.000130028 0.250574 0.0206404 1.19209e-07 0.000524938 8.9407e-08 0.0 4.83096e-05 8.9407e-08 8.64267e-07 0.0 0.834588 0.0 0.0 0.0369185 0.0 1.3113e-06 0.364058 0.0 0.0 0.938626 2.67625e-05 0.0 0.0 6.72936e-05 3.27826e-07 0.0 0.000149548 0.99989 0.0 0.0 0.998003 0.998237 0.118644 0.0 0.0
0.0797883 0.0 0.0 0.0 0.0 0.0 0.0 8.9407e-08 0.0 0.0 0.0 0.0 0.0 0.0 0.0 0.0 0.0 0.0 0.0 0.0 0.0 0.0 0.0 0.0 0.0 0.0 0.0 0.0 0.0 0.0 0.0 0.0 0.0 0.0 0.0 0.0 0.0 0.0 0.0 0.0 0.0044637 0.0 0.0 0.0 0.0 0.0 0.0 0.0 0.0 0.0 0.0 0.0 0.0 0.0 0.0 0.0 0.0 0.0 0.0 0.0 0.0 0.0 0.0 8.9407e-08
0.0 9.73642e-05 0.0 0.0 2.02656e-06 0.0 0.0 0.0 3.50475e-05 0.0 3.57628e-07 0.0 0.0463136 5.60284e-06 7.86781e-06 0.0 0.0 0.000886202 0.999981 5.06639e-07 0.0 0.0026018 0.0 0.00290838 0.0 0.99978 8.9407e-08 0.0 0.000200719 0.0 0.603437 7.56979e-06 0.0 0.0 0.0 0.0 6.04987e-06 0.0 0.0 0.999989 0.0 0.0 0.0006859 4.17233e-07 0.0 0.402545 0.0 0.0 0.664142 0.0328943 7.77841e-06 0.0 0.0 0.0 0.0 0.0 0.00586554 0.0 0.0 1.73151e-05 3.56138e-05 0.000303298 0.0 0.0
0.0 0.0 2.98023e-08 0.0 0.0 0.0400573 0.0 0.0 0.0 0.0 0.0 0.0 0.0 0.0 0.0 0.0 0.0 0.0 0.0 0.0 0.0 2.23517e-05 2.98023e-08 1.78814e-07 0.0 0.0 1.12355e-05 0.0 0.0 0.0125811 0.0 0.0 0.000178993 0.0 0.0 0.99996 0.0 2.98023e-07 0.0 0.0 0.0 0.0 0.0 0.0 0.0 0.0 0.0 0.0 0.0 0.0 0.0 0.0 1.54972e-06 0.0 0.0 0.0 9.53674e-07 0.0 0.0 0.994971 0.0 0.0 0.0 0.0
0.0 0.0 0.0 0.0 0.0 0.0 0.0 0.0 0.0 0.0 0.0 0.0 0.0 0.0 0.0 0.0 0.0 0.0 0.0 0.0 0.0 3.08752e-05 0.0 1.06096e-05 1.0 0.0 0.0 0.0 0.0 0.0 0.0 0.0 0.0 0.0 0.0 0.0 0.0 0.0 0.0 0.0 0.0 0.0 0.0 0.0 0.0 0.0 0.0 0.0 0.0 0.0 0.0 0.0 0.0 0.0 0.0 0.0 0.0 0.0 0.0 5.96046e-08 0.0 0.0 0.0 0.0
0.0 0.0 0.0 0.0 0.0 0.0 0.0 0.0 0.0 0.0 0.0 1.04308e-06 0.0 0.0 8.9407e-08 0.0 0.997523 5.96046e-08 0.0 0.0 0.0 0.0 0.0 0.0 0.0 0.0 0.0 0.0 0.0 0.0 3.62396e-05 0.0 0.0 1.40071e-06 0.0 0.0 0.0 0.0 0.0 0.0 0.0 0.0 0.0 0.0 0.0 0.0 0.0 0.0 0.0 0.0 0.0 0.0 0.0 0.0 0.0 0.0 0.0 0.0 0.0 0.0 0.0 0.0 0.00266349 0.0
0.0 1.10269e-06 0.999996 0.0 2.98023e-07 2.19941e-05 1.07288e-06 0.0 0.0 2.08616e-07 1.78814e-07 0.0 4.35114e-06 0.0 0.00923309 0.0 0.0 7.39098e-06 0.134035 0.0430197 0.0 0.000842571 0.529912 0.47774 0.0 5.33462e-06 0.0102634 0.0 0.997263 0.00737798 0.000129193 0.000157982 0.000507295 0.0 0.0 2.26498e-06 0.0 3.27826e-05 0.0 0.0107534 0.0 0.0 0.0298406 0.0 0.0 0.000175446 0.0 0.0 4.61638e-05 1.73151e-05 0.0 0.0 0.779952 0.0 0.0 0.0 0.00239944 0.0 0.0 0.941575 3.42727e-05 0.000147521 0.0 0.0
0.0 0.0 0.0943769 0.0 0.0 7.45952e-05 2.08616e-07 0.0 0.0 0.0 2.68221e-07 0.0 2.98023e-08 0.0 0.0 0.0 0.0 0.0 0.0132057 2.08616e-07 0.0 0.0109289 0.999084 0.00773475 0.0 0.0 0.4954 0.0 0.00028044 0.262532 2.98023e-06 0.0 0.027786 0.0 0.0 3.84748e-05 0.0 5.54323e-06 0.0 0.00090003 0.0 0.0 0.00987303 0.0 0.0 1.81794e-06 0.0 0.0 0.000329018 5.06639e-07 0.0 0.0 0.00123423 0.0 0.0 0.0 0.00644979 0.0 0.0 0.999113 1.86265e-05 1.19209e-07 0.0 0.0
0.0 0.0 1.78814e-07 0.0 0.0 0.0013186 0.00338042 0.0 0.0 1.60933e-06 1.46329e-05 0.0 0.00140724 1.63913e-06 0.0 8.9407e-08 3.54648e-06 5.96046e-08 0.999177 1.49012e-07 0.0 0.999994 0.00225574 0.0476169 0.0 3.09944e-06 0.64092 0.0 4.76837e-07 6.12736e-05 0.00332654 0.0 0.978866 4.32134e-06 0.0 0.0124919 6.61612e-06 2.38419e-07 0.0 0.607472 0.0 0.0 0.00790381 1.12057e-05 0.0 0.000424266 0.0 0.0 0.979879 2.89083e-06 0.921401 0.0 5.48363e-06 0.0 1.32322e-05 0.726518 0.999532 0.0 0.0 0.990884 0.995861 5.68628e-05 4.47035e-07 0.0
0.0 6.88434e-06 0.0 0.0 0.0 0.0 0.0 0.0 0.000892192 0.0 0.0 0.0 0.902598 0.0 0.0 0.0 0.0 0.0 0.0609679 0.0 1.05798e-05 0.0 0.0 0.0 0.0 2.40505e-05 0.0 0.0401314 0.0 0.0 1.19209e-07 2.95043e-06 0.0 0.0 0.0 0.0 2.98023e-08 0.0 0.0 1.0 0.0 0.0 0.0 0.000930309 0.0 7.15256e-07 0.0 0.0840538 0.0 0.000141293 0.0 0.00211936 0.0 0.0 1.72853e-06 0.0 0.0 0.528204 0.0 0.0 0.0 0.0 0.0 0.0
0.0 0.0 0.0 0.0 0.0 0.0 0.0 0.0 0.0 0.0 0.0 5.57899e-05 0.0 0.0 1.66893e-06 0.0 8.9407e-08 0.0 0.0 0.0 0.0 0.0 0.0 0.0 0.0 0.0 0.0 0.0 0.0 0.0 0.0 0.0 0.0 0.0 0.0 0.0 0.0 0.0 0.0 0.0 0.0 0.0 0.0 0.0 0.0 0.0 0.0 0.0 0.0 0.0 1.78814e-07 0.0 0.0 0.0 0.0 0.0 0.0 0.0 0.0 0.0 0.0 0.0 1.0 0.0
0.0 0.982777 1.78814e-07 0.0 0.000409633 0.0 0.0 0.0 4.11272e-06 3.11136e-05 0.0 0.0 0.999997 0.00210854 1.78814e-07 0.0 0.0 7.45058e-07 0.995371 0.00129443 5.96046e-08 0.260573 1.04904e-05 0.0112079 0.0 0.677809 0.00039494 0.822097 0.788113 0.0 0.24087 0.910646 5.66244e-07 8.64267e-07 0.0 0.0 0.454479 0.0 2.08616e-07 1.0 0.0 0.0 0.744821 0.0521618 0.0 0.0173298 0.0 1.44541e-05 0.0014025 0.998593 7.15256e-07 3.59714e-05 0.000289261 0.0 8.9407e-08 0.0 7.33435e-05 0.309019 0.0 3.16799e-05 0.000395775 8.84235e-05 0.0 0.0
0.0 0.0 0.0 0.0 0.0 0.0 0.0 0.0 8.9407e-08 0.0 0.0 0.0 1.43647e-05 0.0 0.0 0.0 0.0 0.0 8.58307e-06 0.0 0.0 0.0 0.0 0.0 0.0 0.0 0.0 0.0 0.0 0.0 0.0 0.0 0.0 0.0 0.0 0.0 0.0 0.0 0.0 0.999692 0.0 0.0 0.0 0.0 0.0 0.0 0.0 0.0756114 0.0 0.0 0.0 0.00132039 0.0 0.0 0.0 0.0 0.0 3.30806e-06 0.0 0.0 0.0 0.0 0.0 0.0
0.0 0.0 0.0 0.0 0.0 0.0 0.0 0.0 0.0 0.0 0.0 0.0 0.0 0.0 0.0 0.0 0.0 0.0 0.0 0.0 0.0 0.0 0.0 0.0 0.0 0.0 0.0 0.0 0.0 0.0 0.0 0.0 0.0 0.0 0.0 0.0 0.0 0.0 0.0 0.0 0.00106061 0.0 0.0 0.0 0.0 0.0 1.0 0.0 0.0 0.0 0.0 0.0 0.0 0.0 0.0 0.0 0.0 0.0 0.0 0.0 0.0 0.0 0.0 0.0
0.0 0.0 0.0 0.0 0.0 0.0 0.0 0.0 2.68221e-07 0.0 0.0 0.0 3.8743e-07 0.0 0.0 0.0 0.0 4.76837e-07 0.990632 0.0 0.0 0.0 0.0 2.08616e-07 0.0 5.45382e-06 0.0 0.0 0.0 0.0 0.0 0.0 0.0 0.0 0.0 0.0 0.0 0.0 0.0 0.999939 0.0 0.0 0.0 0.0 1.0 1.37091e-05 0.0 1.45435e-05 2.5034e-06 0.0 0.0 6.1512e-05 0.0 0.00461227 0.0 1.07586e-05 1.96695e-06 0.0 0.0 0.0 4.12166e-05 0.924577 0.0 0.0
0.0 9.23872e-06 0.0 0.0 0.0 0.0 0.0 0.0 0.0 0.0 0.0 0.0 0.0761918 0.0 0.0 0.0 0.0 0.0 0.164662 0.0 0.0 0.790476 0.0 1.38283e-05 0.0 2.98023e-08 0.000146627 1.51992e-06 2.05636e-06 0.0 0.0386471 0.000148326 5.34058e-05 1.19209e-07 0.0 0.0 1.04308e-06 0.0 0.0 0.99697 0.0 0.0 0.00608039 1.19209e-07 0.0 0.0107263 0.0 8.9407e-08 5.06639e-07 0.000334442 0.0 0.0 0.00341523 0.0 0.0 0.0 0.00128755 0.0 0.0 0.000346094 0.0 0.0 0.0 0.0
2.35438e-06 0.0 0.0 0.0 0.0 0.0 0.0 0.985053 0.0 0.0 0.0 0.0 0.0 0.0 0.0 0.0 0.0 0.0 0.0 0.0 0.0 0.0 0.0 0.0 0.0 0.0 0.0 0.0 0.0 0.0 0.0 0.0 0.0 0.0 0.0 0.0 0.0 0.0 0.0 0.0 0.0 0.0 0.0 0.0 0.0 0.0 0.0 0.0 0.0 0.0 0.0 0.0 0.0 0.0 0.0 0.0 0.0 0.0 0.0 0.0 0.0 0.0 0.0 2.91765e-05
0.0 0.000146568 9.77516e-06 0.0 3.57628e-07 0.0 0.0 0.0 0.0 0.0 0.0 0.0 6.04987e-05 2.98023e-08 1.2517e-06 0.0 0.0 1.46031e-06 3.31402e-05 0.0110568 0.0 0.0 0.0 3.8743e-07 0.0 0.000342548 0.0 5.96046e-08 0.941923 0.0 0.00068289 0.0790751 0.0 0.0 0.0 0.0 0.0 0.0 0.000250399 0.0813617 0.0 0.0 0.00180033 0.0 0.0 0.000192791 0.0 0.0 0.0 0.000828832 0.0 0.0 2.44379e-06 0.0 0.0 0.0 0.0 8.9407e-08 0.0 7.98702e-06 0.0 8.9407e-08 0.0 0.0
0.0 0.0 0.0 0.0 0.0 0.0 0.0 0.0 8.34465e-07 0.0 0.0 0.0 0.155722 1.78814e-07 0.0 0.0 0.0 0.0 0.16089 0.0 0.0 9.92417e-06 0.0 8.9407e-08 0.0 2.20537e-06 0.0 1.51992e-06 0.0 0.0 0.000763565 1.78814e-07 1.49012e-07 0.00775206 0.0 0.0 1.04308e-06 0.0 0.0 0.968652 0.0 0.0 7.24792e-05 1.0 0.0 5.30481e-06 0.0 3.68059e-05 8.08239e-05 3.06964e-05 0.0147417 0.0 0.0 0.0 0.996616 2.40207e-05 1.60933e-06 7.7486e-07 0.000709414 0.0 3.09944e-06 0.0 0.0 0.0
0.0 0.00207937 0.0 0.0 0.988879 0.0 5.66244e-07 0.0 5.06639e-06 0.0 0.0 1.49012e-07 0.332887 0.0 0.368079 0.0 0.0 0.160969 0.999998 5.8502e-05 0.0 5.59688e-05 0.0 0.00110579 0.0 0.0192528 0.0 1.49012e-07 0.0581096 0.0 1.0 0.998868 0.0 0.0030742 0.0 0.0 1.78814e-07 0.0 2.38419e-07 1.0 0.0 0.0 0.114343 1.84774e-06 0.0 0.996006 0.0 0.0 0.0389383 0.00148043 5.96046e-08 0.0 2.98023e-07 0.0 0.0 2.68221e-07 0.961052 0.0 0.0 2.0057e-05 0.045469 2.17557e-06 0.0 0.0
0.0 2.97427e-05 0.00260633 0.0 0.000105172 1.19209e-06 0.0025031 0.0 0.00418273 0.0 3.54648e-06 0.00225964 0.00105751 0.0 0.999994 0.0 0.0 1.0 0.868953 2.47359e-06 0.0 0.0 7.15256e-07 0.0029861 0.0 0.912301 0.0 0.0 0.413809 0.0 0.0166143 6.07073e-05 0.0 2.98023e-08 0.0 0.0 0.0 0.0 0.0 0.502839 0.0 0.0 3.25739e-05 0.0 1.99676e-06 0.000199795 0.0 0.0 0.647496 5.1558e-06 0.0 0.0 0.0 0.0 0.0 0.0 0.117286 2.98023e-08 0.0 2.64347e-05 0.103273 0.897695 0.0 0.0
0.0 0.000106603 0.0 0.0 0.0 0.0 0.0 0.0 0.0197165 0.0 0.0 0.0 0.716221 0.0 0.0 0.0 0.0 0.0 0.0144052 0.0 1.78814e-07 0.0 0.0 0.0 0.0 4.5687e-05 0.0 0.00335225 1.49012e-07 0.0 1.19209e-07 0.000807703 0.0 0.0 0.0 0.0 0.0 0.0 0.0 0.999999 0.0 0.0 0.0 0.00438654 0.0 3.51667e-06 0.0 0.000460982 0.0 3.72529e-06 0.0 0.019412 0.0 0.0 0.0 0.0 0.0 0.999994 0.0 0.0 0.0 4.35114e-06 0.0 0.0
0.0 0.0 2.17557e-06 0.0 0.0 0.00231987 7.95722e-06 0.0 0.0 0.0 0.0 0.0 0.0 0.0 0.0 0.999831 0.0 0.0 0.0 0.0 0.0 0.0 0.0 0.0 0.0 0.0 0.0 0.0 0.0 3.27826e-07 0.0 0.0 0.0 0.0 0.0 0.00169063 0.0 0.0 0.0 0.0 0.0 0.0 0.0 0.0 0.0 0.0 0.0 0.0 0.0 0.0 0.0 0.0 0.0 0.0 0.0 0.0 0.0 0.0 0.0 5.66244e-07 0.0 0.0 6.25849e-07 0.0
0.0 5.96046e-08 0.0 0.0 0.0 0.0 0.0 0.0 0.0 0.0 0.0 0.0 7.83801e-06 0.999763 0.0 0.0 0.0 0.0 0.000142664 0.0 0.0 0.00139686 0.0 4.17233e-07 0.0 1.90437e-05 0.0 0.0 0.0 0.0 3.03984e-06 0.0 0.0 0.0 0.0 0.0 0.0061422 0.0 0.0 0.702683 0.0 0.0 0.0 0.0 0.0 4.32134e-06 0.0 0.0 0.0 5.54323e-06 0.0 0.0 0.0 0.0 0.0 0.0 0.0 0.0 0.0 0.0 0.0 0.0 0.0 0.0
0.0 3.27826e-06 2.08616e-07 0.0 0.0 0.0 0.0 0.0 0.0 0.0 0.0 0.0 0.0 0.0 2.68221e-07 0.0 0.0 0.0 4.47035e-07 1.0 0.0 0.0 0.0 1.74046e-05 0.0 1.19209e-07 0.0 0.0 0.999214 0.0 2.98023e-08 0.000852287 0.0 0.0 0.0 0.0 1.19209e-07 0.0 0.186064 0.000540227 0.0 0.0 0.000152946 0.0 0.0 0.0 0.0 0.0 0.0 2.68221e-07 0.0 0.0 3.8743e-07 0.0 0.0 0.0 0.0 0.0 0.0 4.94719e-06 0.0 0.0 0.0 0.0
0.0 0.0 0.0 0.0 0.0 0.0 0.0 0.0 0.0 0.0 0.0 0.0 0.0 0.0 0.0 0.0 0.0 0.0 0.0 0.0 0.0 3.27826e-07 0.0 0.0 0.0 0.0 1.49012e-07 0.0 0.0 8.9407e-08 0.0 0.0 0.0 0.0 0.0 0.0 0.0 0.374577 0.0 0.0 0.0 0.0 0.0 0.0 0.0 0.0 0.0 0.0 0.0 0.0 0.0 0.0 0.0 0.0 0.0 0.0 0.0 0.0 0.0 7.15256e-07 0.0 0.0 0.0 0.0
0.0 0.0 0.0 0.0 0.0 0.0 0.0 0.0 0.0 0.0 0.0 0.0 0.0 2.08616e-07 0.0 0.0 0.0 0.0 0.0 0.00889027 0.0 0.0 0.0 0.0 0.0 0.0 0.0 0.0 0.0494809 0.0 9.53674e-07 0.000613481 0.0 0.0 0.0 0.0 0.0 0.0 0.999992 3.8743e-07 0.0 0.0 0.0 0.0 0.0 0.0 0.0 0.0 0.0 0.0 0.0 0.0 0.0 0.0 0.0 0.0 0.0 0.0 0.0 0.0 0.0 0.0 0.0 0.0
0.0 0.0 0.0 0.0 0.0 3.27826e-07 2.08616e-07 0.0 0.0 0.0 0.0 1.0 0.0 0.0 0.0136923 0.0 0.0 5.96046e-08 1.39773e-05 1.78814e-07 0.0 0.0 0.0 0.0 0.0 0.0 1.43051e-06 0.0 1.04308e-06 0.0 8.55327e-06 0.0 0.0 0.0 0.0 0.0 0.0 0.0 0.0 2.65241e-06 0.0 0.0 1.36495e-05 0.0 0.0 0.0 0.0 0.0 0.0732474 0.0 0.0 0.0 0.0 0.0 0.0 0.0 0.000107616 0.0 0.0 9.56655e-06 0.0 0.0 0.000453919 0.0
0.0 0.0 1.93715e-06 0.0 0.0 0.000728935 0.0 0.0 0.0 0.0 0.0 0.0 0.0 0.0 0.0 0.0 0.0 0.0 0.0 0.0 0.0 0.00075686 3.18885e-06 0.0 0.0 0.0 0.00580594 0.0 0.0 0.999965 0.0 0.0 2.75373e-05 0.0 0.0 0.00903487 0.0 2.70009e-05 0.0 0.0 0.0 0.0 2.68221e-07 0.0 0.0 0.0 0.0 0.0 0.0 0.0 0.0 0.0 6.67572e-06 0.0 0.0 0.0 1.19209e-07 0.0 0.0 0.871415 0.0 0.0 0.0 0.0
0.0 0.0 0.0 0.0 0.0 0.0 0.0 0.0 0.0 0.0 0.0 0.0 0.0 0.0 0.0 2.47359e-06 0.0 0.0 0.0 0.0 0.0 0.0 0.0 0.0 0.0 0.0 0.0 0.0 0.0 0.0 0.0 0.0 0.0 0.0 0.0 0.0 0.0 0.0 0.0 0.0 0.316944 0.0 0.0 0.0 0.0 0.0 0.0 0.0 0.0 0.0 0.0 0.0 0.0 0.0 0.0 0.0 0.0 0.0 0.0 0.0 0.0 0.0 2.98023e-08 0.99993
0.0 0.0 0.0 0.0 0.0 0.0 0.0 0.0 0.0 5.96046e-08 0.0 0.0 0.0 0.0 0.0 0.0 0.0 0.0 0.999109 0.0 0.0 4.47035e-07 0.0 0.00176704 0.0 0.0 2.98023e-08 0.0 0.0 0.0 1.19209e-07 0.0 2.98023e-08 0.0 0.0 0.0 0.0 0.0 0.0 0.00393316 0.0 0.0 5.96046e-08 0.0 0.0 1.54972e-05 0.0 0.0 0.000173628 0.0 8.42214e-05 0.0 0.0 0.0 1.2815e-06 0.999999 0.621445 0.0 0.0 0.0 0.00432795 0.0 0.0 0.0
0.0 0.0 0.0 0.0 0.0 0.0 0.0 0.0 0.0 1.78814e-07 0.928415 0.0 0.0 0.0 0.0 0.0 0.0 0.0 0.927688 0.0 0.0 1.49012e-07 0.0 0.00983122 5.06639e-07 2.08616e-07 0.0 0.0 0.0 0.0 5.96046e-08 0.0 0.0 0.0 0.0 0.0 0.0 0.0 0.0 0.198142 0.0 0.0 0.0 0.0 0.0 0.0498483 0.0 0.0 2.38419e-07 0.0 0.0 0.0 0.0 2.08616e-07 0.0 5.96046e-08 0.0127639 0.0 0.0 2.95043e-05 0.000106007 0.000577241 0.0 0.0
0.0 0.0 0.0 0.0 0.0 0.0 0.0 0.0 0.0 0.999991 0.0 0.0 1.49012e-07 0.0 0.0 0.0 0.0 0.0 0.0461333 0.0 0.0 5.74887e-05 0.0 0.882594 4.32134e-06 0.0 2.68221e-06 0.0 5.96046e-08 0.0 0.0 0.0 0.0 0.0 0.0 0.0 1.07884e-05 1.49012e-07 0.0 0.102984 0.0 0.0 0.0 0.0 0.0 7.6592e-06 0.0 0.0 0.0 0.0 0.0 0.0 2.68221e-07 0.0110152 0.0 5.96046e-08 0.000101805 0.0 0.0 1.76132e-05 1.49012e-07 0.0 0.0 0.0
0.0 9.29832e-06 0.000155061 0.0 5.96046e-08 2.84016e-05 0.370046 0.0 7.7486e-07 4.28259e-05 0.0222348 4.85778e-06 0.000733048 0.0 0.00354633 0.0 0.0 0.00010246 1.0 3.09944e-06 0.0 0.757054 0.300334 0.971416 0.0 7.11381e-05 0.0375257 0.0 0.00123698 9.59635e-06 0.157363 7.45058e-06 0.00762525 4.38094e-06 0.0 2.17557e-06 0.0 5.66244e-07 0.0 0.990759 0.0 0.0 0.110534 0.0 0.0 0.928193 0.0 0.0 0.999742 1.4782e-05 3.9041e-06 0.0 0.000437856 0.0 0.0 0.0792787 1.0 0.0 0.0 0.965047 0.999969 0.0508533 0.0 0.0
0.0 0.179962 2.63453e-05 0.0 0.000103593 0.0 0.0 0.0 2.08616e-07 4.91738e-06 5.71311e-05 0.0 0.972417 0.0 2.08616e-07 0.0 0.0 0.000139505 0.999997 6.13928e-06 0.0 0.723341 7.89165e-05 0.997525 6.88434e-06 0.365645 6.03497e-05 7.7337e-05 0.0196282 0.0 0.658205 0.0865509 6.80983e-05 3.57628e-07 0.0 0.0 8.64267e-07 5.96046e-08 0.0 1.0 0.0 0.0 0.00284386 1.19209e-06 0.0 0.999999 0.0 0.0 0.000411749 0.00402066 0.0 2.11596e-06 0.0473177 0.0 0.0 9.83477e-07 0.995844 4.31836e-05 0.0 0.310375 0.0319766 0.0148335 0.0 0.0
0.0 0.0 0.0 0.0 0.0 5.96046e-08 0.0 0.0 0.0 0.0 0.0 0.0 0.0 0.0 0.0 0.0 0.0 0.0 0.0 0.0 0.0 0.0 0.0 0.0 0.0 0.0 0.0 0.0 0.0 0.0 0.0 0.0 0.0 0.0 0.997796 0.0 0.0 0.0 0.0 0.0 0.0 0.0 0.0 0.0 0.0 0.0 0.0 0.0 0.0 0.0 0.0 0.0 0.0 0.0 0.0 0.0 0.0 0.0 0.0 0.0 0.0 0.0 0.0 0.0
0.0 0.0263691 0.0 0.0 1.39475e-05 0.0 0.0 0.0 4.17233e-06 0.0 0.0 0.0 0.862267 1.09971e-05 7.10785e-05 0.0 0.0 2.95043e-06 0.532273 0.000153422 0.0 0.000208229 7.89762e-06 8.9407e-08 0.0 0.177424 1.49012e-07 7.06315e-06 0.0620692 0.0 0.297714 0.0804646 0.0 5.96046e-08 0.0 0.0 4.04119e-05 0.0 2.98023e-08 0.999999 0.0 0.0 0.697161 1.63913e-06 0.0 0.000481069 0.0 0.0 7.60853e-05 0.99998 0.0 9.53674e-07 2.98023e-08 0.0 0.0 0.0 3.51667e-06 1.51992e-06 0.0 4.64022e-05 6.85453e-07 1.07288e-06 0.0 0.0
0.0 5.04851e-05 0.0 0.0 0.0 0.0 0.0 0.0 0.000160187 9.0301e-06 0.000653505 0.0 0.170156 5.63264e-06 8.40425e-06 0.0 0.0 0.351865 0.99978 1.49012e-07 0.0 0.805835 4.17233e-07 0.145009 1.19209e-07 0.938069 0.000188053 6.04987e-06 0.00227022 0.0 2.98023e-06 0.0 0.0 0.0 0.0 0.0 7.45058e-07 0.0 0.0 0.996183 0.0 0.0 0.000823349 0.0 0.0 0.622816 0.0 0.0 0.00347182 8.52644e-05 0.0 0.0 1.78814e-07 0.0 0.0 2.71201e-06 0.813292 5.06639e-07 0.0 0.000296623 0.17553 0.0544766 0.0 0.0
0.0 0.0 0.316813 0.0 0.0 0.671022 0.00061968 0.0 0.0 2.32458e-06 2.22921e-05 2.98023e-08 4.23193e-06 0.0 0.0 0.0 0.0 0.0 0.00427213 1.78814e-07 0.0 0.999539 0.995096 0.00193015 0.0 0.0 0.999985 0.0 0.000160068 0.996992 2.02954e-05 0.0 0.916 0.0 0.0 0.0300007 7.42078e-06 0.0661658 0.0 0.000615925 0.0 0.0 0.109474 0.0 0.0 1.43051e-06 0.0 0.0 0.00836891 5.96046e-07 0.0 0.0 0.0948359 0.0 0.0 0.0 0.205853 0.0 0.0 0.999993 0.00136712 0.0 0.0 0.0
0.0 0.00166973 0.0 0.0 1.78814e-07 0.0 0.0 0.0 6.10948e-06 0.0 0.0 0.0 0.00248066 0.0 8.67248e-06 0.0 0.0 0.945903 0.964007 0.0 8.9407e-08 0.0 0.0 2.65837e-05 0.0 0.73806 0.0 2.08616e-07 0.00425601 0.0 7.12276e-05 2.32458e-06 0.0 0.0 0.0 0.0 0.0 0.0 0.0 0.998984 0.0 0.0 3.30806e-06 0.0 0.000152797 0.0396078 0.0 0.0 1.78814e-07 6.55651e-07 0.0 0.000211507 0.0 0.0 0.0 0.0 2.66731e-05 5.51343e-06 0.0 5.96046e-08 1.02222e-05 1.0 0.0 0.0
0.0 0.0 0.0 0.0 0.0 0.0 0.0 0.0 6.25849e-07 0.0 0.0 0.0 2.98023e-08 0.0 0.0 0.0 0.0 0.0 0.0 0.0 0.0 0.0 0.0 0.0 0.0 0.0 0.0 0.0 0.0 0.0 0.0 0.0 0.0 3.96371e-05 0.0 0.0 0.0 0.0 0.0 0.000210434 0.0 0.0 0.0 3.99351e-06 0.0 0.0 0.0 0.0 0.0 0.0 1.19209e-07 0.0 0.0 0.0 1.3113e-06 0.0 0.0 0.0 0.999998 0.0 0.0 0.0 0.0 0.0
0.0 0.0 0.0 0.0 0.0 0.0 0.0 0.0 5.96046e-08 0.0 0.0 0.0 5.66244e-07 0.0 0.0 0.0 0.0 0.0 0.00319979 0.0 0.0 0.0 0.0 0.0 0.0 0.0 0.0 0.0 0.0 0.0 2.38419e-07 0.0 0.0 1.5825e-05 0.0 0.0 0.0 0.0 0.0 0.890114 0.0 0.0 0.0 0.816971 0.0 2.08616e-07 0.0 1.78814e-07 0.0 0.0 3.78489e-06 0.0 0.0 0.0 1.0 1.54972e-06 0.0 1.49012e-07 3.93391e-06 0.0 0.0 0.0 0.0 0.0
0.0 6.25849e-07 0.0 0.0 0.0 0.0 0.0 0.0 0.0 0.0 0.0 0.0 0.0 0.0 0.0 0.0 0.0 0.0 8.9407e-08 0.00590116 0.0 0.000756532 0.0 6.22869e-06 0.0 8.9407e-08 2.08616e-07 3.8743e-07 0.298272 0.0 5.96046e-08 6.25849e-07 0.0 0.0 0.0 0.0 3.57628e-07 5.96046e-08 2.08616e-07 0.000164598 0.0 0.0 3.18885e-06 0.0 0.0 7.7486e-07 0.0 0.0 0.0 4.05312e-06 0.0 0.0 0.000240207 0.0 0.0 0.0 0.0 0.0 0.0 0.000492007 0.0 0.0 0.0 0.0
0.0 0.000397354 0.0 0.0 0.00379756 0.0 0.0 0.0 0.000250578 0.0 0.0 0.0 0.250497 0.0 5.96046e-06 0.0 0.0 0.00197288 0.998638 0.0 0.0 0.0 0.0 2.68221e-07 0.0 0.0168552 0.0 0.0 0.00013414 0.0 0.0255276 0.000257313 0.0 0.0 0.0 0.0 0.0 0.0 0.0 1.0 0.0 0.0 0.000722766 7.7486e-07 1.2368e-05 0.000888616 0.0 0.155055 8.9407e-08 7.73072e-05 0.0 0.995025 0.0 0.0 0.0 0.0 0.000146925 0.000251114 0.0 0.0 0.000135958 0.956569 0.0 0.0
0.0 8.9407e-08 0.0 0.0 3.39746e-06 0.0 0.0 0.0 5.96046e-08 0.0 0.0 0.0 4.44353e-05 0.0 5.96046e-08 0.0 8.28505e-06 1.16527e-05 0.102039 0.0 0.0 0.0 0.0 0.0 0.0 1.46031e-06 0.0 0.0 1.78814e-07 0.0 0.139745 1.48118e-05 0.0 0.999994 0.0 0.0 0.0 0.0 0.0 0.619722 0.0 0.0 1.78814e-07 0.0 0.0 4.79519e-05 0.0 0.0 1.19209e-07 0.0 5.69224e-06 0.0 0.0 0.0 0.0 8.9407e-07 5.83231e-05 0.0 1.78814e-07 0.0 9.11951e-06 0.0 0.0 0.0
0.0 4.01437e-05 0.000299394 0.0 3.57628e-07 0.0228281 0.00767717 0.0 0.005573 0.0 2.22623e-05 0.944432 0.009123 0.0 0.999955 2.98023e-08 0.0 0.629494 0.999896 0.00439578 0.0 0.000295132 0.0063695 0.000508606 0.0 0.148214 0.00345469 0.0 0.976925 0.00396389 0.00809658 7.15256e-07 6.25849e-07 4.86076e-05 0.0 1.3411e-05 0.0 0.0 0.0 0.995119 0.0 0.0 0.967808 0.0 6.3777e-06 0.000361383 0.0 0.0 0.999299 4.95911e-05 3.33786e-06 0.0 1.09375e-05 0.0 0.0 2.06232e-05 0.999569 0.0 0.0 0.365854 0.996689 0.41163 8.22544e-06 0.0
0.0 5.96046e-08 0.0 0.0 0.0 0.0 0.0 0.0 0.0 0.0398267 0.0 0.0 3.96073e-05 7.15256e-07 0.0 0.0 0.0 0.0 0.691282 0.0 0.0 0.13992 0.0 0.282383 0.000599116 1.19209e-07 0.00279564 1.19209e-07 5.96046e-08 0.0 6.82473e-06 0.0 0.0 0.0 0.0 0.0 0.000162065 2.68221e-07 0.0 0.931962 0.0 0.0 8.9407e-08 0.0 0.0 0.344356 0.0 0.0 0.0 0.0 0.0 0.0 1.78814e-07 2.11596e-06 0.0 5.0962e-06 0.0122892 0.0 0.0 4.32134e-06 2.98023e-08 0.0 0.0 0.0
0.0 0.0 0.0 0.0 0.0 0.0 0.0 0.0 0.0 0.0 0.0 0.0 0.0 0.0 0.0 0.0 0.0 0.0 2.68221e-07 0.0 0.0 0.702469 6.15418e-05 8.9407e-08 0.0 0.0 0.0127485 0.0 0.0 5.06639e-07 0.0 0.0 0.999999 0.0 0.0 1.01328e-06 0.0 0.0 0.0 8.9407e-08 0.0 0.0 2.37525e-05 0.0 0.0 0.0 0.0 0.0 0.0 0.0 0.0 0.0 0.00831228 0.0 0.0 0.0 0.000161231 0.0 0.0 0.300966 5.36442e-07 0.0 0.0 0.0
0.0 0.0 0.0 0.0 0.0 0.0 0.0 0.0 1.2219e-06 0.0 0.0 0.0 0.000709504 0.0 0.0 0.0 0.0 0.0 0.902382 0.0 0.0 0.000290453 0.0 0.0 0.0 5.00977e-05 2.38419e-07 0.0 2.98023e-08 0.0 4.77731e-05 0.0 5.96046e-08 0.000504047 0.0 0.0 0.0 0.0 0.0 0.511416 0.0 0.0 0.000164062 3.75509e-06 0.0 1.19805e-05 0.0 0.0 0.0119284 2.08616e-07 0.999999 0.0 0.0 0.0 0.0029842 0.0125278 0.267589 0.0 1.04308e-06 4.17233e-07 0.0120764 0.0 0.0 0.0
0.00248352 0.0 0.0 0.0 0.0 0.0 0.0 0.0 0.0 0.0 0.0 0.0 0.0 0.0 0.0 0.0 0.0 0.0 0.0 0.0 0.0 0.0 0.0 0.0 0.0 0.0 0.0 0.0 0.0 0.0 0.0 0.0 0.0 0.0 0.0 0.0 0.0 0.0 0.0 0.0 0.999999 0.0 0.0 0.0 0.0 0.0 0.00056836 0.0 0.0 0.0 0.0 0.0 0.0 0.0 0.0 0.0 0.0 0.0 0.0 0.0 0.0 0.0 0.0 4.47035e-07
0.0 1.41859e-05 0.0 0.0 1.19209e-07 0.0 0.0 0.0 6.85453e-07 0.0 0.0 0.0 0.740429 0.0 2.50638e-05 0.0 0.0 0.00143248 1.0 0.0 0.0 6.09159e-05 0.0 0.000282168 0.0 0.0146876 5.96046e-08 0.0 0.000178993 0.0 0.014985 1.49012e-07 0.0 0.000434935 0.0 0.0 0.0 0.0 0.0 0.999975 0.0 0.0 0.330502 0.0 8.9407e-08 0.00345084 0.0 0.0 0.608674 1.49012e-07 5.23031e-05 0.0 1.19209e-07 0.0 0.0 0.000535101 0.997878 0.0 0.0 6.73532e-06 0.999979 0.0388273 0.0 0.0
0.0 0.0 0.0 0.0 0.0 0.0 0.0 0.0 0.0 0.555899 0.0 0.0 9.53674e-07 0.0 0.0 0.0 0.0 0.0 0.00883588 0.0 0.0 0.0 0.0 0.00295937 0.0 0.0 0.0 1.49012e-07 1.49012e-07 0.0 0.0 0.0 0.0 0.0 0.0 0.0 2.98023e-08 0.0 0.0 0.275136 0.0 0.0 0.0 0.0 0.0 1.78814e-07 0.0 0.0 0.0 0.0 0.0 0.0 0.0 0.999936 0.0 0.0 1.19209e-07 0.0 0.0 0.0 3.01003e-06 4.17233e-06 0.0 0.0
0.0 0.0 9.91225e-05 0.0 0.0 0.175022 0.996074 0.0 0.0 0.0 0.0 0.000102609 0.0 0.0 0.00038743 2.44379e-06 0.0 9.53674e-07 4.83394e-05 0.0 0.0 5.37038e-05 3.8445e-06 5.20349e-05 0.0 0.0 3.26633e-05 0.0 0.0 6.85453e-07 0.00019899 0.0 1.54376e-05 0.0 0.0 0.000248641 0.0 0.0 0.0 0.0 0.0 0.0 5.96046e-08 0.0 0.0 2.563e-06 0.0 0.0 0.00292987 0.0 0.0 0.0 2.73883e-05 0.0 0.0 0.0 0.727938 0.0 0.0 0.160692 3.57628e-07 0.0 0.0 0.0
0.0 2.47359e-05 0.000285715 0.0 5.1856e-05 0.0 5.96046e-08 0.0 0.0 3.27826e-07 0.0 0.0 2.23517e-06 5.96046e-08 0.000128716 0.0 0.0 0.00299898 0.899913 0.02808 0.0 4.94719e-06 0.0 0.999969 0.0 0.000782609 0.0 5.96046e-08 0.992733 0.0 0.0540295 0.373553 8.9407e-08 0.0 0.0 0.0 6.16014e-05 0.0 7.21216e-06 0.539552 0.0 0.0 4.17233e-06 0.0 5.96046e-08 0.0181651 0.0 0.0 0.0214137 1.10269e-06 0.0 0.0 3.65078e-05 0.0 0.0 5.96046e-08 0.0339378 1.78814e-07 0.0 0.186922 5.72205e-06 0.082722 0.0 0.0
0.0 0.00039801 0.0 0.0 3.18885e-05 0.0 0.0 0.0 0.0 0.0 0.0 0.0 0.368687 0.0 2.78652e-05 0.0 0.0 1.49012e-07 0.94208 0.000185281 0.0 2.0355e-05 1.01328e-05 5.96046e-08 0.0 9.59337e-05 1.19209e-06 0.0 0.750557 0.0 0.180121 0.000427991 0.0 2.89083e-06 0.0 0.0 0.0 0.0 0.0 0.999992 0.0 0.0 0.999992 0.0 0.0 9.08971e-06 0.0 0.0 1.16527e-05 0.00261879 0.0 0.0 6.6787e-05 0.0 0.0 0.0 0.000210226 0.0 0.0 2.57194e-05 0.000148833 0.0 0.0 0.0
0.0 9.23872e-07 0.0 0.0 0.0157343 0.0 0.0 0.0 0.0219103 0.0 0.0 2.08616e-07 0.528571 0.0 0.0190996 0.0 0.0 0.964993 0.999427 0.0 0.0 0.0 0.0 3.57628e-07 0.0 0.00924844 0.0 0.0 4.52995e-06 0.0 0.903809 0.000902712 0.0 0.988915 0.0 0.0 0.0 0.0 0.0 0.999998 0.0 0.0 0.00108552 0.000311822 7.15256e-07 0.00342369 0.0 0.00578254 0.000640929 0.0 0.0174572 1.11163e-05 0.0 0.0 0.0169184 0.0148355 0.168666 8.9407e-08 0.0149783 0.0 0.248998 0.000121504 0.0 0.0
0.0 0.0 1.89245e-05 0.0 0.0 2.98023e-07 0.0 0.0 0.0 8.22544e-06 0.0 0.0 0.0 0.0 0.0 0.0 0.0 0.0 2.38419e-07 0.0 0.0 0.0031026 6.04987e-06 0.00475538 1.49012e-06 0.0 9.82285e-05 0.0 0.00149834 1.23978e-05 1.19209e-07 0.0 0.0132962 0.0 0.0 0.000128746 0.0 3.69549e-06 0.0 4.17233e-07 0.0 0.0 1.51992e-06 0.0 0.0 0.0 0.0 0.0 0.0 0.0 0.0 0.0 0.999994 0.0 0.0 0.0 1.10269e-05 0.0 0.0 0.993606 2.98023e-08 0.0 0.0 0.0
0.0 0.0999925 0.0 0.0 3.27826e-07 0.0 0.0 0.0 0.00147372 0.0 0.0 0.0 0.986016 0.0 0.0 0.0 0.0 2.89083e-06 0.104852 0.0 1.2666e-05 0.0 0.0 8.9407e-08 0.0 0.00687873 0.0 0.00221249 9.0003e-06 0.0 3.63588e-06 0.00439385 0.0 8.9407e-08 0.0 0.0 0.0 0.0 0.0 0.999999 0.0 0.0 8.9407e-08 2.05636e-06 0.0 0.00029099 0.0 5.72503e-05 0.0 0.000647992 0.0 0.00445199 0.0 0.0 0.0 0.0 0.0 0.283638 0.0 0.0 0.0 0.0138914 0.0 0.0
0.0 0.0 0.0 0.0 0.0 0.0 0.0 0.0 3.78489e-06 0.0 0.0 0.0 0.0 0.0 0.0 0.0 0.0 0.0 0.0 0.0 0.0 0.0 0.0 0.0 0.0 1.78814e-07 2.38419e-07 0.0 0.0 0.0 0.0 0.0 0.0 8.9407e-08 0.0 0.0 0.0 0.0 0.0 0.0 0.0 0.0 0.0 1.19209e-06 0.0 0.0 0.0 0.0 0.0 0.0 0.0 0.0 1.0 0.0 0.0 0.0 0.0 0.0 0.0 0.0 0.0 0.0 0.0 0.0
0.0 0.0110294 0.0373588 0.0 2.98023e-08 0.0 0.0003061 0.0 0.00220326 0.0 0.000594348 0.0 8.65757e-05 0.00255567 9.74536e-06 3.27826e-07 0.0 0.000932693 0.0 0.0 0.000109196 0.0 0.0 2.55406e-05 0.0855848 0.99948 0.000105619 6.15418e-05 0.00355184 7.45058e-07 0.711084 0.00208262 0.0 0.987934 0.0 0.0 0.00788987 0.000411123 0.0 6.02603e-05 0.0 0.0 0.022827 0.000189483 0.000326335 0.0265994 0.0 0.0 0.0 0.693964 0.0 4.17233e-07 0.000267506 0.00774738 0.0 0.0 8.34167e-05 7.45058e-07 2.98023e-08 0.00695014 0.000227958 0.0 0.0 0.0
0.0 0.0 6.22869e-05 0.0 0.000383168 0.0 6.88434e-06 0.0 5.69224e-06 0.0 0.0 8.56817e-05 2.38419e-07 0.0 0.0152185 3.18885e-06 0.0 0.0 0.0 0.0 0.0 0.00330704 0.0 5.126e-06 0.0 0.0 0.0 0.0 0.0 0.0 0.0 1.19209e-07 0.000145316 0.0 1.19209e-07 0.0 2.68221e-07 0.0 0.0 1.54972e-05 0.0 0.0 0.0 4.12762e-05 2.32458e-06 0.0 1.15931e-05 0.0 7.1466e-05 0.0 0.0 0.0 0.0 0.0 0.0 1.19209e-07 2.68221e-07 2.98023e-07 9.53674e-07 0.0 0.0 0.00296366 0.0 0.0
0.0 0.0 0.0 0.0 0.0 4.47035e-07 0.0 0.0 0.0 0.0 0.0 0.0 0.0 0.0 0.0 0.0 2.80142e-06 0.0 0.0 0.0233092 0.0 0.0 3.57628e-05 0.0 0.0 0.0 0.0 0.0 0.0 0.0 0.0 0.0 0.202921 0.0 3.27826e-07 0.0272207 0.0 0.0 0.0 0.0 0.0 0.0 0.0 0.0 0.0 0.0 0.0 1.0 0.0 0.0 0.0 0.0 0.0 0.0 0.0 2.83122e-06 0.0 0.0 0.0 0.0 0.0 0.0 0.0 0.0
0.0 0.000133187 0.00151235 0.0 4.76837e-06 0.0 0.0 0.0 0.999967 0.0 0.0 0.0 8.9854e-05 8.9407e-08 1.19209e-07 0.000778586 0.0 0.0 0.0 0.0 0.0 0.0 0.0 0.0309933 1.19209e-07 7.83503e-05 1.3411e-05 0.0 0.0 0.0 9.53674e-07 0.00100648 5.06639e-07 4.97997e-05 0.0 0.0 6.55651e-06 0.0 0.0 8.13603e-06 0.0 0.0 0.0 0.704905 3.68059e-05 1.49012e-06 0.0 0.0 9.23872e-07 0.0 0.0 0.0 1.99676e-05 6.25849e-07 0.0 0.0 3.78489e-06 5.66244e-07 5.06639e-07 1.49012e-07 5.33462e-06 2.38419e-07 0.0 4.23193e-06
0.0 0.0 0.0 0.0 0.0 0.0 0.0 0.0 2.38419e-07 0.0 0.0 0.0 0.0 0.0 1.49012e-07 5.96046e-08 0.0 0.0 1.78814e-07 0.0 0.0 0.0 0.0 1.87457e-05 0.0 0.0 0.0 0.0 0.0 0.0 0.0 0.0 0.00230783 0.0 0.0 0.0 0.0 0.0 0.0 0.0 0.0 0.0 0.0 5.03659e-06 2.19643e-05 0.0 0.0 0.0 0.227852 0.0 0.0 0.0 0.0 0.0 0.0 0.0 0.0 0.0 4.17233e-07 0.0 0.0 0.0 0.0 0.99934
0.0 0.0 0.0 0.0 0.0 0.0 0.0 2.98023e-08 0.0 0.0 0.0 0.0 0.0 0.0 0.0 0.0 0.0 0.0 0.0 7.89762e-06 0.0 0.0 0.000403851 0.0 0.0 0.0 0.0 0.0 0.0 0.0 0.0 0.0 2.08616e-07 0.0 2.68221e-07 0.999973 0.0 0.0 0.0 0.0 0.0 0.0 0.0 0.0 0.0 0.0 0.0 0.996274 0.0 0.0 0.0 0.0 0.0 0.0 0.0 3.01003e-06 0.0 0.0 0.0 0.0 0.0 0.0 0.0 0.0
0.0 0.0 0.0 0.0 0.0 0.0 0.0 0.0 0.0 0.0 0.0 0.0 0.0 0.0 0.0 0.0 0.0 0.0 0.0 0.0 0.0 0.0 0.0 0.0 0.0 0.0 0.0 0.0 0.0 0.0 0.0 0.0 0.0 0.0 0.0 0.0 0.0 0.0 0.0 0.0 0.0 0.0 0.0 0.0 0.0 0.0 0.0 0.0 0.0 0.0 0.000111073 0.0 0.0 0.0 0.0 0.0 0.0 0.0 0.0 0.0 0.0 0.0 0.999527 0.0
0.0 1.19209e-07 2.11596e-06 0.0 0.0 0.0 2.5034e-06 0.0 0.0 0.0 8.9407e-08 0.0 0.0 0.000306308 0.0 0.0 0.0 8.04663e-07 0.0 0.0 0.0 0.0 0.0 0.0 7.25985e-05 0.0684933 0.0 0.999975 8.9407e-08 5.66244e-07 0.00431982 2.98023e-08 0.0 0.014905 0.0 0.0 5.96046e-08 0.0 0.0 5.96046e-08 0.0 0.0 3.9041e-06 0.0 0.0 2.65241e-06 0.0 0.0 0.0 0.000900745 0.0 0.000252575 0.0 0.0 0.0 0.0 0.0 0.0 0.0 3.15905e-06 3.57628e-07 0.0 0.0 0.0
0.0 0.0 0.0 0.0 0.0 0.0 0.0 0.0 0.0 0.0 0.0 0.0780819 0.0 0.0 0.0 0.0 0.0 0.0 8.9407e-08 2.98023e-08 0.0 0.0 0.99972 0.0 0.0 0.0 0.0 0.0 0.0 0.0 0.0 0.0 0.000428706 0.0 0.00233728 0.00475219 0.0 0.0 0.0 0.0 0.0 0.0 0.0 0.0 0.0 0.0 0.0 3.99351e-06 8.34465e-07 0.0 0.0 0.0 0.0 0.0 0.0 0.168034 0.0 0.0 0.0 0.0 0.0 0.0 0.0 0.0
0.0 0.0 0.0 0.0 0.0 0.0 0.0 0.0 0.0 0.0 0.0 0.0 0.0 0.0 0.0 0.0 0.0 0.0 0.0 0.0 0.0 0.0 0.0 0.0 0.0 0.0 0.0 0.0 0.0 0.0 0.0 0.0 0.0 0.0 0.0 0.0 0.0 0.0 0.0 0.0 0.999129 0.0 0.0 0.0 0.0 0.0 0.0 0.0 0.0 0.0 0.0 0.0 0.0 0.0 0.0 0.0 0.0 0.0 0.0 0.0 0.0 0.0 0.0 0.0
0.0 2.5928e-06 0.00693372 0.0 0.000335008 0.0 0.0 0.0 2.44379e-06 0.0 0.0 0.0 0.999966 0.0 3.01301e-05 1.19209e-07 0.0 0.00068453 0.0 0.0 7.9602e-05 0.0 0.0 1.92821e-05 8.9407e-08 3.27826e-07 1.16527e-05 0.0 0.0 0.0 3.41833e-05 0.000153214 0.0 2.63155e-05 0.0 0.0 0.0001342 0.0 0.0 0.0285263 0.0 0.0 0.000531822 0.0 2.38419e-07 0.000427812 0.0 0.0 0.0 2.38419e-07 0.0 0.0 0.0 0.000620812 0.0 0.0 0.0368877 0.000320047 2.44081e-05 0.018401 0.00214538 1.04904e-05 0.0 0.0
0.0 2.34842e-05 0.0230396 0.0 0.702965 0.0 0.0130383 0.0 7.7486e-07 0.0 1.78814e-07 0.0 0.000963748 2.58982e-05 0.492772 2.74777e-05 0.0 4.26173e-06 0.0 0.0 2.98023e-08 5.96046e-08 0.0 0.000172079 1.01328e-06 0.0 5.6684e-05 0.0 0.0 0.0 2.65241e-06 0.000414878 0.0 4.69387e-05 0.0 0.0 0.00185362 0.0 0.0 0.0102086 0.0 0.0 6.55651e-07 1.57952e-06 4.73857e-06 2.34544e-05 0.0 0.0 1.63913e-06 5.06639e-07 0.0 1.2517e-06 0.0 1.2219e-06 0.0 0.0 0.00183594 0.455681 1.52886e-05 3.54648e-05 0.00211653 7.42972e-05 0.0 0.0
0.0 0.0 2.68221e-07 0.0 1.49012e-07 0.0 2.38419e-07 0.0 0.0 0.0 0.0 0.998212 0.0 0.0 7.34925e-05 5.66244e-07 0.0 0.0 4.20213e-05 0.0 0.0 3.78489e-06 0.000123829 0.0 0.0 0.0 0.0 0.0 0.0 0.0 0.0 0.0 0.000107825 0.0 0.00484574 0.0 0.0 0.0 0.0 0.0 0.0 0.0 0.0 2.86102e-06 4.82798e-06 0.0 0.0 0.0 7.48038e-06 0.0 0.0 0.0 0.0 0.0 0.0 9.30429e-05 0.0 0.0 0.0 0.0 0.0 1.79708e-05 0.0 0.0
0.0 2.20537e-05 0.000223309 0.0 0.0 0.0 2.33948e-05 0.0 0.732108 0.0 1.43051e-06 0.0 5.96046e-08 3.37958e-05 3.57628e-07 2.08616e-06 0.0 0.0 0.0 0.0 0.0 0.0 0.0 8.34465e-07 0.00437748 6.39558e-05 0.00226185 0.0 1.78814e-07 0.0 4.67896e-06 1.2219e-06 0.0 0.00094083 0.0 0.0 1.57952e-05 0.0 0.0 1.49012e-07 0.0 0.0 0.0 0.999999 0.000193685 1.49012e-06 0.0 0.0 2.68221e-07 2.08616e-07 0.0 0.0 2.08616e-07 0.0 0.0 0.0 2.98023e-08 4.17233e-07 0.0 1.19209e-07 8.9407e-08 0.0 0.0 8.64267e-07
0.0 0.0 0.0 0.0 0.0 0.0 0.0 0.0 0.0 0.0 0.0 0.0 0.0 0.0 0.0 0.0 0.0 0.0 0.0 0.0 0.0 0.0 0.0 0.0 0.0 0.0 0.0 0.0 0.0 0.0 0.0 0.0 0.0 0.0 0.0 0.0 0.0 0.0 0.0 0.0 0.0 0.0 0.0 0.0 0.0 0.0 5.96046e-08 0.0 0.0 0.0 0.0 0.0 0.0 0.0 0.0 0.0 5.96046e-08 0.0 7.45058e-06 0.0 0.0 0.0 0.0 0.0
0.0 0.259969 0.999967 0.0 0.575449 0.0 0.402935 0.0 0.000507832 0.0 2.08616e-07 5.96046e-08 0.0045509 0.0121339 0.954532 0.0011642 0.0 9.11951e-06 8.9407e-08 0.0 0.0 8.9407e-08 0.0 0.00710219 0.000535846 0.000197619 1.49012e-07 0.0 1.78814e-07 8.9407e-08 4.92632e-05 0.601035 0.0 0.00265291 0.0 0.0 0.741535 0.0 0.0 0.263273 0.0 0.0 1.49012e-07 1.63019e-05 0.0292844 0.278187 0.0 0.0 9.26852e-06 3.17693e-05 0.0 0.0 0.0 4.3571e-05 0.0 0.0 0.000994086 0.00398555 0.000232995 2.0355e-05 0.0183633 6.67572e-05 0.0 0.0
0.0 8.9407e-08 0.00332057 0.0 0.085197 0.0 0.000269026 0.0 0.0 0.0 0.0 1.63913e-06 1.2517e-06 2.92063e-06 0.966192 7.45952e-05 0.0 0.0 7.7486e-07 0.0 0.0 0.000119984 0.0 6.4075e-06 0.0 0.0 0.0 0.0 0.0 0.0 0.0 3.72529e-06 1.19209e-07 8.04663e-07 8.85129e-06 0.0 1.37389e-05 0.0 0.0 0.00522205 0.0 0.0 0.0 1.78814e-07 0.0108732 5.06639e-07 0.0 0.0 5.09322e-05 0.0 0.0 0.0 0.0 0.0 0.0 0.0 0.0033516 1.2815e-06 0.00212777 5.96046e-08 0.000263542 0.000777096 0.0 0.0
0.0 0.0 0.0 0.0 0.0 0.999249 0.0 0.0 0.0 0.0 0.0 0.0 0.0 0.0 0.0 0.0 0.0 0.0 0.0 0.0 0.0 0.0 0.0 0.0 0.0 0.0 0.0 0.0 0.0 0.0 0.0 0.0 0.00542331 0.0 0.0 0.0 0.0 0.0 0.0 0.0 0.0 0.0 0.0 0.0 0.0 0.0 0.0 0.0 0.0 0.0 0.0 0.0 0.0 0.0 0.0 0.0 0.0 0.0 0.0 0.0 0.0 0.0 0.0 0.0
0.0 0.0 0.0 0.0 0.0 0.00304326 0.0 0.0 0.0 0.0 0.0 0.0 0.0 0.0 0.0 1.84774e-06 0.0 0.0 0.0 0.0 0.0 0.0 0.0 5.66244e-07 0.0 0.0 0.0 0.0 0.0 0.0 0.0 0.0 1.0 0.0 0.0 0.0 0.0 0.0 0.0 0.0 0.0 0.0 0.0 8.9407e-08 0.0 0.0 0.0 0.0 3.63588e-06 0.0 0.0 0.0 2.68221e-07 0.0 0.0 0.0 0.0 0.0 0.0 0.0 0.0 0.0 0.0 3.89516e-05
0.0 1.49012e-07 6.44326e-05 0.0 3.57628e-07 0.0 0.261642 0.0 0.0 0.0 8.37445e-06 0.0 4.24087e-05 7.19726e-05 0.00485995 0.0 0.0 0.11635 0.0 0.0 0.000247419 0.0 0.0 0.0 0.0118832 3.01003e-06 0.0 0.0 0.0 0.0 0.0278511 2.98023e-08 0.0 0.652933 0.0 0.0 2.08914e-05 4.61936e-05 8.43406e-06 7.57873e-05 0.0 0.0 0.970386 0.0 1.16229e-06 0.000116259 0.0 0.0 0.0 0.00343037 0.0 0.00341365 0.0 2.64347e-05 0.0 0.0 2.08616e-07 9.65595e-06 0.0 0.0190327 0.000110716 0.0 0.0 0.0
0.0 0.0 3.27826e-07 0.0 0.0 0.0 5.96046e-08 0.0 0.0 0.0 0.0 0.000728071 0.0 0.0 1.49012e-07 0.0 0.0 0.0 0.998372 0.0 0.0 1.01328e-06 0.0 0.0 0.0 0.0 0.0 0.0 0.0 0.0 0.0 0.0 0.0 0.0 0.733656 0.0 0.0 0.0 0.0 2.98023e-07 0.0 0.0 0.0 0.0 0.0 0.0 0.0 0.0 0.0404696 0.0 0.0 0.0 0.0 0.0 0.0 0.0 0.0 0.0 0.0 0.0 0.0 5.87106e-06 0.0 5.66244e-07
0.0 0.0 0.0 0.0 0.0 0.0 0.0 0.0 0.0 0.0 0.0 0.0 0.0 0.0 0.0 0.0 0.999383 0.0 0.0 0.0 0.0 0.0 0.0 0.0 0.0 0.0 0.0 0.0 0.0 0.0 0.0 0.0 0.0 0.0 0.0 0.0 0.0 0.0 0.0 0.0 0.0 0.0 0.0 0.0 0.0 0.0 0.0 0.000333339 0.0 0.0 0.0 0.0 0.0 0.0 0.0 0.0 0.0 0.0 0.0 0.0 0.0 0.0 0.0 0.0
0.0 0.996279 0.275527 0.0 0.00223428 0.0 4.92036e-05 0.0 0.00152901 0.0 0.000209361 0.0 0.000101507 1.93715e-05 0.00502092 0.000173241 0.0 4.11272e-06 0.0 0.0 0.0 0.0 0.0 0.0364983 0.000126809 0.00488332 5.0962e-06 0.0 2.12491e-05 1.19209e-07 0.000979275 0.895939 0.0 0.0575746 0.0 0.0 0.0357686 0.0 0.0 0.0011211 0.0 0.0 1.19209e-07 0.000102818 0.0263296 0.000495046 0.0 0.0 3.57628e-07 0.000292808 0.0 0.0 0.0 0.000114441 0.0 0.0 9.59039e-05 0.000251949 0.000144631 2.22921e-05 0.00548288 5.96046e-08 0.0 1.01328e-06
0.0 0.000435174 0.895597 0.0 0.000240028 0.0 3.47495e-05 0.0 6.33895e-05 0.0 3.57628e-07 0.0 0.0691666 0.00382921 0.00082022 2.11596e-06 0.0 0.00160095 0.0 0.0 8.67248e-06 0.0 0.0 1.84774e-06 9.62615e-06 0.00733364 2.0802e-05 1.19209e-07 8.04663e-06 8.9407e-08 0.0587533 0.000176519 0.0 0.00645918 0.0 0.0 0.12477 0.0 0.0 0.647664 0.0 0.0 1.39475e-05 5.66244e-07 8.22246e-05 0.999598 0.0 0.0 0.0 0.000174195 0.0 1.2517e-06 0.0 0.0027447 0.0 0.0 0.319403 0.000900656 1.78814e-07 0.0473405 0.0778625 0.000190794 0.0 0.0
0.0 0.000200063 0.17997 0.0 0.0200766 0.0 0.00014022 0.0 1.72853e-06 0.0 5.14984e-05 0.0 0.0104439 8.07047e-05 0.0022378 2.87592e-05 0.0 4.17233e-06 0.0 0.0 1.3113e-06 0.0 0.0 5.72205e-06 0.000199556 1.19209e-06 0.00012213 0.0 0.0 0.0 5.26309e-05 0.000647485 0.0 0.00539735 0.0 0.0 0.252177 0.0 0.0 0.169459 0.0 0.0 2.80142e-06 1.2517e-06 5.90086e-06 0.00109938 0.0 0.0 0.0 1.03116e-05 0.0 6.73532e-06 0.0 7.43866e-05 0.0 0.0 0.0371891 0.99978 5.96046e-08 0.00284997 0.00900558 5.90682e-05 0.0 0.0
0.0 0.0 0.0 0.0 2.98023e-08 0.0 0.0 0.0 2.26498e-06 0.0 0.0 5.96046e-08 0.0 0.0 2.29478e-06 0.0 0.0 0.0 0.0 0.0 0.0 8.9407e-08 0.0 0.0 0.0 0.0 0.0 0.0 0.0 0.0 0.0 0.0 0.000147313 0.0 0.0 0.0 0.0 0.0 0.0 0.0 0.0 0.0 0.0 3.69847e-05 4.47035e-07 0.0 5.06639e-07 0.0 0.00396028 0.0 0.0 0.0 0.0 0.0 0.0 0.0 0.0 0.0 1.19209e-07 0.0 0.0 4.76837e-07 0.0 1.16229e-06
0.0 0.0 0.0 0.999857 0.0 0.0 0.0 0.0 0.0 0.0 0.0 0.0 0.0 0.0 0.0 0.0 0.0 0.0 0.0 0.0 0.0 0.0 0.0 0.0 0.0 0.0 0.0 0.0 0.0 0.0 0.0 0.0 0.0 0.0 0.0 0.0 0.0 0.0 0.0 0.0 0.0 0.0 0.0 0.0 0.0 0.0 0.0 0.0 0.0 0.0 0.0 0.0 0.0 0.0 0.0 0.0 0.0 0.0 0.0 0.0 0.0 0.0 0.0 0.0
0.0 1.78814e-07 0.000444442 0.0 0.00171772 0.0 0.00637192 0.0 0.0 0.0 0.0 0.0 5.96046e-08 2.08616e-07 0.700537 1.10269e-06 0.0 0.0 0.0 0.0 0.0 0.0 0.0 3.57628e-07 2.98023e-08 0.0 0.0 0.0 0.0 1.19209e-07 0.0 2.38419e-07 6.85453e-07 1.19209e-07 0.0 0.0 8.64267e-07 0.0 0.0 1.78814e-07 0.0 0.0 0.0 3.57628e-07 1.99676e-06 1.78814e-07 0.0 0.0 5.36442e-07 0.0 0.0 0.0 0.0 0.0 0.0 0.0 2.98023e-08 0.0 6.6638e-05 5.96046e-08 1.49012e-07 0.0 0.0 0.0
1.49012e-07 0.0073255 0.0139309 0.0 7.77841e-06 0.0 0.0258095 0.0 0.00148723 1.78814e-07 0.0220079 0.0 0.000127614 0.000652403 0.0010753 3.09348e-05 0.0 0.270855 0.0 0.0 0.000714839 0.0 0.0 1.19209e-06 0.0142848 0.731338 0.000200361 6.35386e-05 0.010114 3.06964e-06 0.960018 0.000283152 0.0 0.995971 0.0 0.0 0.0233173 5.0962e-06 0.0 0.981301 0.0 0.0 0.049075 0.0171742 0.0241769 0.118535 0.0 0.0 2.38419e-07 0.676788 0.0 0.000400931 0.0 0.979709 0.0 0.0 0.00467065 0.000321776 0.0 0.932625 0.312676 0.00107417 0.0 1.78814e-07
0.0 0.000108063 0.000115007 0.0 4.17233e-07 0.0 0.0001885 0.0 8.9407e-08 0.0 1.38581e-05 0.0 0.0027402 1.49012e-07 8.20756e-05 2.98023e-08 0.0 5.82337e-05 0.0 0.0 0.0126386 0.0 0.0 7.7486e-07 1.01328e-06 0.00869906 1.38283e-05 0.0 0.00234273 7.21216e-06 0.0270754 0.000160426 0.0 0.322805 0.0 0.0 0.000378013 7.21216e-06 0.0 0.100956 0.0 0.0 0.017522 8.9407e-08 9.77516e-06 0.000740469 0.0 0.0 0.0 0.0141255 0.0 1.78814e-07 0.0 1.0 0.0 0.0 4.08888e-05 4.96805e-05 0.0 0.0475028 0.00408158 8.9407e-08 0.0 0.0
0.0 0.167903 0.999526 0.0 0.0131094 0.0 0.0933305 0.0 0.000145912 0.0 5.126e-06 0.0 0.00630766 0.0131617 0.470019 1.39177e-05 0.0 1.83582e-05 0.0 0.0 2.98023e-07 0.0 0.0 4.19617e-05 0.000244647 0.00144732 8.9407e-08 0.0 5.66244e-07 0.0 0.000154197 0.0278672 0.0 0.00999668 0.0 0.0 0.999278 0.0 0.0 0.0218305 0.0 0.0 2.68221e-07 9.98378e-06 0.0142857 0.108202 0.0 0.0 2.38419e-07 0.000316232 0.0 2.98023e-08 0.0 0.000703782 0.0 0.0 0.0017772 0.147531 2.08616e-07 0.00202838 0.0120203 4.14252e-06 0.0 0.0
0.0 2.26498e-06 1.19209e-07 0.0 5.96046e-08 0.0 0.0 0.0 0.0 0.0 0.0 0.0 2.6226e-06 0.0 0.0 6.02007e-05 0.0 0.0 0.0 0.0 0.0 0.0 0.0 3.68357e-05 0.0 7.7486e-07 0.000409812 0.0 1.72555e-05 0.999071 4.38094e-06 1.95205e-05 0.0 5.45382e-06 0.0 0.0 0.0 0.0 0.0 3.15905e-06 0.0 0.0 0.0 0.0 0.0 2.98023e-08 0.0 0.0 0.0 2.39909e-05 0.0 0.0 0.0 0.000956595 0.0 0.0 0.0 0.0 8.9407e-08 0.0 0.0 0.0 0.0 0.0
0.0 0.00108692 0.0856998 0.0 1.54972e-05 0.0 0.000375271 0.0 1.63913e-06 0.0 0.000954688 0.0 0.00308841 0.000512242 0.0152471 0.0 0.0 0.998031 0.0 0.0 0.00253415 0.0 0.0 0.0 0.0418638 0.03579 2.47359e-06 2.83122e-06 6.64294e-05 0.0 0.537278 0.000352055 0.0 0.987356 0.0 0.0 0.0103079 7.30753e-05 0.0 0.0010615 0.0 0.0 0.369786 8.9407e-08 0.00715753 0.108634 0.0 0.0 0.0 0.612939 0.0 5.78761e-05 0.0 0.00101119 0.0 0.0 0.000599712 0.00019455 0.0 0.961651 0.501774 0.0 0.0 0.0
0.0 0.0 0.0 0.0 0.0 0.0 0.0 0.0 0.0 0.0 0.0 0.0 0.0 0.0 0.0 0.0 0.0 0.0 0.0 0.0 0.0 0.0 0.0 0.0 0.0 0.0 0.0 0.0 0.0 0.0 0.0 0.0 0.0 0.0 0.0 0.0 0.0 0.0 0.0 0.0 0.0 0.0 0.0 0.0 0.0 0.0 0.0 0.0 0.0 0.0 0.999922 0.0 0.0 0.0 0.000353873 0.0 0.0 0.0 0.0 0.0 0.0 0.0 1.04308e-06 0.0
0.0 0.0 0.0 0.0 0.0 0.0 0.0 0.996301 0.0 0.0 0.0 0.0 0.0 0.0 0.0 0.0 0.0 0.0 0.0 0.0 0.0 0.0 0.0 0.0 0.0 0.0 0.0 0.0 0.0 0.0 0.0 0.0 0.0 0.0 0.0 0.0 0.0 0.0 0.0 0.0 0.0 0.0 0.0 0.0 0.0 0.0 0.0 0.0 0.0 0.0 0.0 0.0 0.0 0.0 0.0 0.0 0.0 0.0 0.0 0.0 0.0 0.0 0.0 0.0
0.0 0.00038594 0.00167084 0.0 1.78814e-06 0.0 2.98023e-08 0.0 0.00102916 0.0 2.17557e-06 0.0 0.0050312 7.15256e-07 8.34465e-07 1.85072e-05 0.0 5.81145e-06 0.0 0.0 0.0 0.0 0.0 0.000153959 3.8743e-07 0.00146505 0.376899 5.96046e-08 0.000283837 1.01328e-06 0.315352 0.00416595 0.0 0.0137083 0.0 0.0 6.70552e-05 3.27826e-07 0.0 0.000928134 0.0 0.0 1.3113e-06 3.01003e-06 5.03659e-06 0.00350299 0.0 0.0 0.0 0.0790796 0.0 0.0 1.19209e-07 0.000311494 0.0 0.0 3.39746e-05 4.58956e-06 1.19209e-07 1.42753e-05 0.000923097 7.7486e-07 0.0 0.0
0.0 0.0 0.0 0.0 0.0 0.0 0.0 0.0 0.0 0.0 0.0 7.36117e-06 0.0 0.0 0.0 0.0 0.0 0.0 0.0 0.0 0.0 1.49012e-07 0.620664 0.0 0.0 0.0 0.0 0.0 0.0 0.0 0.0 0.0 3.06964e-06 0.0 0.0 3.65973e-05 0.0 0.0 0.0 0.0 0.0 0.0 0.0 0.0 0.0 0.0 2.68221e-07 1.2517e-06 0.0 0.0 0.0 0.0 0.0 0.0 0.0 1.0 0.0 0.0 0.0 0.0 0.0 0.0 0.0 0.0
0.0 0.000170559 0.20094 0.0 0.00047794 0.0 0.606087 0.0 1.37091e-06 0.0 3.09944e-06 0.0 0.00124708 0.999816 0.096725 0.0 0.0 0.0046258 0.0 0.0 8.30591e-05 0.0 0.0 1.19209e-07 0.0595269 0.00536767 1.3113e-05 7.48038e-06 1.19209e-06 0.0 0.259961 0.00128698 0.0 0.402486 0.0 0.0 0.180093 1.19209e-07 0.0 0.000193983 0.0 0.0 0.00549871 1.46031e-06 0.00772586 0.0704471 0.0 0.0 0.0 0.00292391 0.0 0.45233 2.68221e-07 3.12626e-05 0.0 0.0 0.00808108 0.00331312 4.47035e-07 0.0520085 0.56603 1.78814e-07 0.0 0.0
0.0 0.000141799 0.0224693 0.0 0.000169724 0.0 0.00333863 0.0 8.9407e-08 0.0 0.000409275 0.0 0.0692315 5.11706e-05 0.0255905 0.0 0.0 0.709848 0.0 0.0 0.167517 0.0 0.0 0.0 0.00277835 0.00566939 1.0252e-05 1.78814e-07 5.48363e-06 0.0 0.283145 9.79304e-05 0.0 0.814413 0.0 0.0 0.131649 2.57194e-05 0.0 0.0206642 0.0 0.0 0.825854 2.98023e-08 0.000111431 0.100121 0.0 0.0 0.0 0.0761813 0.0 0.00492182 0.0 0.0478356 0.0 0.0 0.00158176 0.021914 0.0 0.999961 0.198745 5.66244e-07 0.0 0.0
0.0 0.0 2.98023e-08 0.0 0.0 0.0 0.0 0.0 0.0 0.0 0.0 0.0 0.0 0.0 0.0 0.0 0.0 0.0 0.0 0.0 0.0 0.0 0.0 0.0 0.0 0.0 0.0 0.0 0.0 0.0 0.0 0.0 0.0 0.0 0.0 0.0 0.0 0.0 0.0 0.0 0.0 0.0 0.0 0.0 0.0 0.0 0.993188 0.0 0.0 0.0 0.0 0.0 0.0 0.0 0.0 5.96046e-08 0.0 0.0 0.0 0.0 0.0 0.0 0.0 0.0
0.0 0.0 0.0 0.0 0.0 0.0 0.0 0.0 0.0 0.0 0.0 0.0 0.0 0.0 0.0 0.0 0.0 0.0 0.0 0.0 0.0 0.0 0.0 0.0 0.0 0.0 0.0 0.0 0.0 0.0 0.0 0.0 0.0 0.0 0.0 0.0 0.0 0.0 0.0 0.0 0.0 0.0 0.0 0.0 0.0 0.0 0.0 0.0 0.0 0.0 0.00162581 0.0 0.0 0.0 0.999989 0.0 0.0 0.0 0.0 0.0 0.0 0.0 1.49012e-07 0.0
0.0 1.19209e-07 0.0 0.0 0.0 0.0 2.98023e-08 0.0 0.0 0.0 0.00424907 0.0 4.08292e-06 0.0 5.96046e-08 0.0 0.0 0.00363544 0.0 0.0 4.97997e-05 0.0 0.0 0.0 0.00151682 0.00545254 0.000674039 2.98023e-08 0.0 0.0 0.52292 2.98023e-08 0.0 0.986408 0.0 0.0 5.96046e-08 0.999579 8.9407e-08 0.0 0.0 0.0 0.929359 0.0 0.0 2.68221e-07 0.0 0.0 0.0 0.212162 0.0 8.64267e-07 0.0 5.96941e-05 0.0 0.0 0.0 0.0 0.0 0.00192425 1.19209e-07 0.0 0.0 0.0
0.0 0.0 2.06232e-05 0.0 0.00110164 0.0 2.98023e-08 0.0 0.0 0.0 0.0 2.98023e-07 5.78165e-06 2.98023e-08 2.78652e-05 7.56979e-06 0.0 0.0 1.2815e-06 0.0 0.0 1.78516e-05 0.0 1.19209e-07 0.0 0.0 0.0 0.0 0.0 0.0 0.0 0.0 0.0 0.0 4.76837e-07 0.0 2.68221e-07 0.0 0.0 0.0191396 0.0 0.0 0.0 0.0 0.0 5.06639e-07 0.0 0.0 6.55651e-07 0.0 0.0 0.0 0.0 0.0 0.0 0.0 2.89381e-05 3.63588e-06 2.98023e-07 0.0 2.08616e-07 0.999984 0.0 0.0
0.0 0.0 4.47035e-07 0.0 9.83477e-06 0.0 2.98023e-07 0.0 6.02007e-06 0.0 0.0 3.09944e-06 2.08616e-07 0.0 2.5034e-05 0.000294536 0.0 0.0 0.0 0.0 0.0 0.0 5.66244e-07 0.00028336 0.0 0.0 0.0 0.0 0.0 0.0 0.0 8.64267e-07 0.0199581 0.0 0.0 0.0 0.0 0.0 0.0 0.0 0.0 0.0 0.0 2.08616e-07 2.98023e-08 0.0 0.0 0.0 1.18911e-05 0.0 0.0 0.0 0.0 0.0 0.0 1.60933e-06 0.0 0.0 2.05636e-06 0.0 0.0 5.96046e-08 0.0 2.74181e-06
0.0 3.51667e-06 7.21812e-05 0.0 0.573691 0.0 2.26498e-06 0.0 0.0 0.0 0.0 0.0 0.000169337 5.96046e-08 0.961782 3.57628e-06 0.0 0.0 0.0 0.0 0.0 0.0 0.0 0.0444112 0.0 0.0 0.0 0.0 0.0 0.0 0.0 0.00155017 5.96046e-08 0.0 0.0 0.0 1.78814e-07 0.0 0.0 8.04663e-06 0.0 0.0 0.0 0.0 2.8044e-05 2.98023e-08 0.0 0.0 0.000300467 0.0 0.0 0.0 0.0 0.0 0.0 0.0 0.000112891 2.08616e-07 0.999897 0.0 4.79817e-05 5.66244e-07 0.0 8.9407e-08
0.0 0.0 0.0 0.0 0.0 0.0 0.0 0.0 0.0 0.0 0.0 0.0 0.0 0.0 0.0 0.0 0.0 0.0 0.0 0.0 0.157861 0.0 0.0 0.0 0.0 0.0 0.0 0.0 0.0 0.0 0.0 0.0 0.0 8.64267e-06 0.0 0.0 0.0 1.78814e-07 0.999159 0.0 0.0 0.0 1.77622e-05 0.0 0.0 0.0 0.0 0.0 0.0 0.0 0.0 4.08292e-06 0.0 0.0 0.0 0.0 0.0 0.0 0.0 1.01924e-05 0.0 0.0 0.0 0.0
0.0 0.0 0.0 0.0 0.0 0.0 0.0 0.0 0.0 0.0 0.0 0.0 2.35438e-06 0.0 0.0 0.0 0.0 6.58631e-06 0.0 0.0 1.0 0.0 0.0 0.0 8.9407e-08 0.0 0.0 0.0 0.0 0.0 1.49012e-07 0.0 0.0 0.000267714 0.0 0.0 0.0 1.46031e-06 9.23872e-07 0.0 0.0 0.0 9.12249e-05 0.0 0.0 2.38419e-07 0.0 0.0 0.0 2.38419e-07 0.0 2.74181e-06 0.0 6.70552e-05 0.0 0.0 0.0 0.0 0.0 0.0180693 0.0 0.0 0.0 0.0
0.0 0.0 1.53482e-05 0.0 0.000124216 0.0 5.96046e-08 0.0 0.0 0.0 0.0 0.0 8.9407e-08 0.0 0.000125557 0.0 0.0 0.0 3.57628e-07 0.0 0.0 0.999337 0.0 8.9407e-08 0.0 0.0 0.0 0.0 0.0 0.0 0.0 0.0 0.0 0.0 1.12355e-05 0.0 0.0 0.0 0.0 6.25849e-07 0.0 0.0 0.0 0.0 2.6226e-06 0.0 0.0 0.0 0.0 0.0 0.0 0.0 0.0 0.0 0.0 0.0 1.2517e-06 2.98023e-08 8.64267e-07 0.0 0.0 0.000290513 0.0 0.0
0.0 0.00381041 1.22488e-05 0.0 2.08616e-07 0.0 0.000701249 0.0 2.08616e-07 0.0 0.999996 0.0 1.78814e-07 2.86102e-06 0.000262529 0.0 0.0 0.000831515 0.0 0.0 2.54512e-05 0.0 0.0 0.0 0.469862 0.00131834 2.02656e-06 0.0 2.10106e-05 0.0 0.0252497 0.000107527 0.0 0.999984 0.0 0.0 0.000220597 0.00218648 0.0 3.27826e-06 0.0 0.0 0.00124443 4.73857e-06 0.00124589 4.08292e-06 0.0 0.0 0.0 0.890579 0.0 3.57628e-07 0.0 0.000506133 0.0 0.0 7.15256e-07 0.000835508 0.0 0.00724873 0.0019362 0.0 0.0 0.0
0.0 2.27392e-05 1.01328e-06 0.0 0.0 0.0 0.0 0.0 0.000608683 0.0 1.16229e-06 0.0 6.95884e-05 0.0 0.0 7.15256e-07 0.0 1.46031e-06 0.0 0.0 0.0 0.0 0.0 8.82149e-06 5.71609e-05 0.000249922 0.999777 0.0 9.23872e-07 0.0 0.0885235 3.08752e-05 0.0 0.00810057 0.0 0.0 1.60933e-06 4.94719e-06 0.0 1.01328e-06 0.0 0.0 2.26796e-05 0.00174677 0.0 8.9407e-06 0.0 0.0 0.0 0.00114673 0.0 0.0 2.98023e-08 7.7486e-07 0.0 0.0 2.08616e-07 5.69224e-06 0.0 3.69549e-06 4.47035e-07 0.0 0.0 0.0
0.0 0.0241608 0.0806808 0.0 4.17233e-07 0.0 0.0493639 0.0 0.000860393 0.0 0.113041 0.0 1.93417e-05 0.0971006 0.000414789 1.78814e-07 0.0 0.00541401 0.0 0.0 1.37091e-06 0.0 0.0 1.19209e-06 0.999998 0.372258 0.00141463 8.64267e-07 2.17557e-06 0.0 0.200111 0.00420254 0.0 0.999851 0.0 0.0 0.0966847 1.97887e-05 0.0 1.01328e-06 0.0 0.0 0.0401576 0.00503302 0.000463575 0.0011968 0.0 0.0 0.0 0.452657 0.0 0.000154316 0.0 2.47359e-06 0.0 0.0 1.49012e-07 0.00269747 1.19209e-07 0.00213119 3.60608e-05 0.0 0.0 0.0
0.0 2.61366e-05 8.29399e-05 0.0 5.53727e-05 0.0 0.0 0.0 5.78165e-05 0.0 8.9407e-08 0.0 1.99676e-06 0.0 5.36442e-07 0.999928 0.0 0.0 0.0 0.0 0.0 0.0 0.0 0.00676906 0.0 2.98023e-08 3.18885e-06 0.0 0.0 4.61936e-06 0.0 5.75781e-05 4.34518e-05 1.10269e-06 0.0 0.0 2.98023e-07 0.0 0.0 5.56409e-05 0.0 0.0 0.0 1.0252e-05 2.98023e-08 0.0 0.0 0.0 8.9407e-08 5.96046e-08 0.0 0.0 0.0 0.0 0.0 0.0 8.34465e-07 1.51992e-06 3.8743e-07 0.0 2.68221e-07 5.66244e-07 0.0 1.19209e-07
0.0 0.0 2.05636e-06 0.0 8.9407e-08 0.0 8.9407e-08 0.0 0.0 0.00195649 0.0 0.00130138 2.98023e-08 0.0 8.9407e-07 0.0 0.0 0.0 0.0963373 0.0 0.0 6.39856e-05 1.77026e-05 0.0 0.0 0.0 0.0 0.0 0.0 0.0 0.0 0.0 0.0 8.9407e-08 1.0 0.0 1.78814e-07 0.0 0.0 0.000189513 0.0 0.0 0.0 0.0 1.19209e-07 1.66893e-06 0.0 0.0 8.9407e-08 0.0 0.0 0.0 0.0 3.72529e-06 0.0 0.0 1.19209e-06 0.0 0.0 0.0 0.0 0.00224921 0.0 0.0
0.0 0.000862956 0.0625112 0.0 0.000183076 0.0 0.0235291 0.0 2.35438e-06 0.0 0.0 1.60933e-06 1.54972e-06 1.13845e-05 0.858255 7.15256e-07 0.0 1.2517e-06 0.0 0.0 0.0 5.96046e-08 0.0 0.000160426 2.38419e-07 8.34465e-07 0.0 0.0 9.53674e-07 0.0 1.07288e-06 0.0198783 0.0 0.000432581 0.0 0.0 7.4476e-05 0.0 0.0 1.90735e-05 0.0 0.0 0.0 5.33462e-06 0.999997 3.68953e-05 0.0 0.0 0.000865459 2.38419e-06 0.0 0.0 0.0 4.32134e-06 0.0 0.0 6.55651e-07 2.08616e-07 7.21216e-06 5.96046e-08 0.00474668 8.9407e-08 0.0 6.73532e-06
0.0 0.0 0.0 0.0 0.0 0.0 0.0 0.0 0.0 0.0 0.0 0.0 0.0 0.0 0.0 0.0 5.36442e-07 0.0 0.0 1.0 0.0 0.0 0.00235367 0.0 0.0 0.0 0.0 0.0 0.0 0.0 0.0 0.0 0.0 0.0 1.49012e-07 0.00508216 0.0 0.0 0.0 0.0 0.0 0.0 0.0 0.0 0.0 0.0 0.0 0.896286 0.0 0.0 0.0 0.0 0.0 0.0 0.0 0.00114381 0.0 0.0 0.0 0.0 0.0 0.0 0.0 0.0
0.0 0.000259131 0.000726461 0.0 0.0195948 0.0 0.0 0.0 0.000140727 0.0 0.0 0.0 4.83096e-05 0.0 0.000406146 0.000490874 0.0 0.0 0.0 0.0 0.0 0.0 0.0 0.999524 0.0 0.0 2.98023e-08 0.0 0.0 1.78814e-07 0.0 0.0781234 2.98023e-08 2.68221e-07 0.0 0.0 2.38419e-07 0.0 0.0 7.62939e-06 0.0 0.0 0.0 2.68221e-07 4.36008e-05 0.0 0.0 0.0 2.68817e-05 0.0 0.0 0.0 0.0 8.9407e-08 0.0 0.0 7.27177e-06 1.78814e-07 0.099603 0.0 6.28829e-06 5.96046e-08 0.0 7.45058e-07
0.0 0.0 0.0 0.0 0.0 0.0 0.0 0.0 0.0 0.0 0.0 0.0 0.0 0.0 0.0 0.0 0.0 0.0 0.0 0.0 0.0 0.0 0.0 0.0 0.0 0.0 0.0 0.0 0.0 0.0 0.0 0.0 0.0 0.0 0.0 0.0 0.0 0.0 0.0 0.0 0.0 0.99992 0.0 0.0 0.0 0.0 0.0 0.0 0.0 0.0 0.0 0.0 0.0 0.0 0.0 0.0 0.0 0.0 0.0 0.0 0.0 0.0 0.0 0.0
0.0 0.0 0.0 0.0 0.0 0.0 2.98023e-08 0.0 0.0 0.999889 0.0 0.0 0.0 2.08616e-07 0.0 0.0 0.0 0.0 0.0 0.0 0.0 0.0 1.78814e-07 0.0 0.0 0.0 0.0 0.0 0.0 0.0 0.0 0.0 0.0 0.0 2.47359e-06 0.0 0.0 0.0 0.0 0.0 0.0 0.0 0.0 0.0 0.0 0.0 0.0 0.0 0.0 0.0 0.0 0.0 0.0 0.0 0.0 0.0 0.0 0.0 0.0 0.0 0.0 0.0 0.0 0.0
0.0 4.54187e-05 0.193203 0.0 0.999944 0.0 0.000163347 0.0 2.98023e-08 0.0 0.0 0.0 0.000508368 1.46031e-06 0.998115 0.000268102 0.0 0.0 0.0 0.0 0.0 4.67896e-06 0.0 0.0184277 0.0 0.0 0.0 0.0 0.0 0.0 0.0 0.00567731 0.0 1.19209e-07 0.0 0.0 0.000203401 0.0 0.0 0.0455023 0.0 0.0 0.0 0.0 3.26335e-05 3.57628e-06 0.0 0.0 2.11895e-05 0.0 0.0 0.0 0.0 8.9407e-08 0.0 0.0 0.00155917 0.00297311 0.162351 1.2219e-06 0.00700134 0.00155449 0.0 0.0
0.0 0.645038 0.0884466 0.0 0.323432 0.0 0.000199407 0.0 4.05908e-05 0.0 1.69575e-05 0.0 0.000258297 3.01003e-06 0.685647 0.00194222 0.0 2.74181e-06 0.0 0.0 0.0 0.0 0.0 0.140004 6.25849e-06 4.67896e-06 1.49012e-07 0.0 1.16229e-06 1.78814e-07 3.46601e-05 0.999428 0.0 0.0118296 0.0 0.0 0.000801653 0.0 0.0 0.000754476 0.0 0.0 5.06639e-07 7.45058e-07 0.0419576 9.92417e-06 0.0 0.0 2.08616e-07 7.4923e-05 0.0 0.0 0.0 1.19209e-05 0.0 0.0 2.64645e-05 0.000255197 0.0109617 1.03712e-05 0.0600498 8.9407e-08 0.0 2.98023e-08
0.0 7.6592e-06 0.0451874 0.0 3.43323e-05 0.0 1.0 0.0 0.0 3.8743e-07 1.19209e-07 0.0 0.0 0.027261 0.738658 0.0 0.0 8.9407e-08 0.0 0.0 2.68221e-07 0.0 0.0 0.0 2.11895e-05 5.60284e-06 0.0 0.0 0.0 0.0 0.000819266 1.31726e-05 0.0 0.010379 0.0 0.0 0.00107512 0.0 0.0 2.01762e-05 0.0 0.0 5.66244e-06 8.9407e-08 0.0418831 0.000180572 0.0 0.0 3.27826e-07 0.000208944 0.0 1.54674e-05 0.0 8.32975e-05 0.0 0.0 2.98023e-08 1.8388e-05 0.0 3.57628e-07 5.21243e-05 0.0 0.0 0.0
0.0 0.0 0.0 0.0 0.0 0.0 0.0 0.0 0.0 0.0 0.0 0.0 0.0 0.0 0.0 0.0 0.0 0.0 0.0 0.0 8.9407e-08 0.0 0.0 0.0 0.0 1.19209e-07 0.0 0.0 0.999962 0.0 2.98023e-08 0.0 0.0 1.78814e-07 0.0 0.0 0.0 0.0 0.0 0.0 0.0 0.0 0.0 0.0 0.0 0.0 0.0 0.0 0.0 1.19209e-07 0.0 0.0 0.0 1.7941e-05 0.0 0.0 0.0 0.0 0.0 0.0 0.0 0.0 0.0 0.0
0.999835 0.0 0.0 0.0 0.0 0.0 0.0 0.0 0.0 0.0 0.0 0.0 0.0 0.0 0.0 0.0 0.0 0.0 0.0 0.0 0.0 0.0 0.0 0.0 0.0 0.0 0.0 0.0 0.0 0.0 0.0 0.0 0.0 0.0 0.0 0.0 0.0 0.0 0.0 0.0 0.0 0.0 0.0 0.0 0.0 0.0 0.0 0.0 0.0 0.0 0.0 0.0 0.0 5.96046e-08 0.0 0.0 0.0 0.0 0.0 0.0 0.0 0.0 0.0 0.0
39 56 60 42 49 51 14 48 59 23 31 37 10 24 43 21 4 1 36 55 40 45 61 18 8 25 30 19 46 58 6 5 27 57 53 32 38 9 35 63 3 41 34 29 13 22 7 0 47 54 50 33 11 16 62 52 20 44 26 17 12 2 28 15
