8
2.95043e-06 0.0 0.0 0.0 0.000422835 0.0 0.0 0.996379 0.0 0.0 0.0 0.0 0.0 0.0 0.0 0.0 0.0 1.0 1.78814e-07 2.98023e-08 0.0 0.0 0.995045 0.0 0.0 0.0 0.0 0.0 0.0 0.0 1.0 0.0 0.0 0.0 0.0 0.0 0.0 0.0 0.0 0.0 0.0 0.0 0.992749 0.0 0.000309199 0.0 0.0 0.0 0.0 0.0 0.0 1.0 0.0 0.0 0.0 1.0 1.0 0.0 0.0 0.0 0.0 0.0 0.0 0.0
0.0 0.0 0.0 0.0 0.0 0.0 0.0 0.0 0.0 0.0 0.0 0.0 0.0 0.0 0.0 0.0 0.0 0.0 0.0 0.0 0.0 0.0 0.0 0.0 0.972701 0.0 0.0 0.0 0.0 0.0 0.0 0.0 0.0 0.0 0.0 0.0 0.0 0.0 0.0 0.0 0.0 0.0 0.0 0.0 0.0 0.0 0.0 0.0 0.0 0.0 0.0 0.0 0.999845 0.0 0.0 0.0 0.0 0.0 0.0 0.0 0.0 0.0 0.0 0.0
0.0 0.0 0.982366 0.983591 0.0 0.982162 0.0 0.0 0.0 0.982409 0.0 0.523558 0.0 0.0 0.00342724 0.0 0.951975 0.0 0.0 0.0 0.0 0.0 0.0 0.982368 0.0 0.0 0.98238 1.2517e-06 0.0 0.984987 0.0 0.860981 0.0 0.0 0.0 0.0 0.984243 0.0 0.555865 0.0 0.0 0.99465 0.0 0.0 0.0 0.945179 0.984757 0.983399 0.0 0.0 0.0 0.0 0.0 0.0 0.969844 0.0 0.0 0.982447 0.0 2.30372e-05 0.983412 0.987472 0.0 0.0
0.0 0.0 0.970819 0.973711 0.0 0.985359 0.0 0.0 0.0 0.970565 0.0 0.771072 0.0 0.0 0.00367734 0.0 0.967526 0.0 0.0 0.0 0.0 0.0 0.0 0.97082 0.0 0.0 0.97084 1.50502e-05 0.0 0.982296 0.0 0.954561 0.0 0.0 0.0 0.0 0.974986 0.0 0.887501 0.0 0.0 0.993963 0.0 0.0 0.0 0.949365 0.979258 0.97527 0.0 0.0 0.0 0.0 0.0 0.0 0.979747 0.0 0.0 0.970796 0.0 0.000373125 0.975681 0.980836 0.0 0.0
0.0 0.0 0.0 0.0 0.0 0.0 0.0 0.0 0.0 0.0 0.0 0.0 0.0 0.0 0.0 0.0 0.0 0.0 0.0 0.0 0.0 0.0 0.0 0.0 0.0 0.0 0.0 0.0 0.0 0.0 0.0 0.0 0.0 0.0 0.0 0.0 0.0 0.0 0.0 0.0 0.0 0.0 0.0 0.0 0.0 0.0 0.0 0.0 0.0 0.0 0.988945 0.0 0.0 0.0 0.0 0.0 0.0 0.0 0.0 0.0 0.0 0.0 0.0 0.0
0.0 0.0 0.0 0.0 0.0 0.0 0.0 0.0 0.0 0.0 0.0 0.0 0.0 0.0 0.0 0.0 0.0 0.00988483 0.0 0.0 0.0 0.0 0.0 0.0 0.0 0.0 0.0 0.0 0.0 0.0 0.0136126 0.0 0.0 0.0 0.0 0.0 0.0 0.0 0.0 0.0 0.0 0.0 0.0 0.0 0.0 0.0 0.0 0.0 0.0 0.0 0.0 0.000344038 0.0 0.0 0.0 0.999011 3.57628e-07 0.0 0.0 0.0 0.0 0.0 0.0 0.0
0.0 0.0 0.0 0.0 0.0 0.0 1.0 0.0 0.0 0.0 0.0 0.0 0.0 1.0 0.0 0.0 0.0 0.0 0.335301 1.0 0.0 0.0 2.98023e-08 0.0 0.0 0.0 0.0 0.0 0.0 0.0 0.0 0.0 0.0 0.0 0.0 0.0 0.0 1.0 0.0 0.0 0.0 0.0 0.0 0.0 3.77297e-05 0.0 0.0 0.0 0.0 0.0 0.0 2.98023e-07 0.0 0.0 0.0 0.0 9.23872e-07 0.0 0.0 0.0 0.0 0.0 0.0 0.0
0.000480175 0.0 0.0 0.0 0.0340179 0.0 0.999999 0.999917 0.0 0.0 0.0 0.0 0.0 1.0 0.0 0.0 0.0 1.0 1.0 1.0 0.0 0.0 1.0 0.0 2.08616e-07 0.0 0.0 0.0 0.0 0.0 1.0 0.0 0.0 0.0 0.0 0.0 0.0 1.0 0.0 0.0 0.0 0.0 0.999995 0.0 1.0 0.0 0.0 0.0 0.0 0.0 0.0 1.0 1.19209e-07 0.0 0.0 1.0 1.0 0.0 0.0 0.0 0.0 0.0 0.0 0.0
0.0 0.0 0.0 0.0 0.0 0.0 0.0 0.0 0.0 0.0 0.0 0.0 0.0 0.0 0.0 0.0 0.0 0.0 0.0 0.0 0.0 0.0 0.0 0.0 0.0 0.0 0.0 0.0 0.999328 0.0 0.0 0.0 0.0 0.0 0.0 0.0 0.0 0.0 0.0 0.0 0.0 0.0 0.0 0.0 0.0 0.0 0.0 0.0 0.0 0.0 0.0 0.0 0.0 0.0 0.0 0.0 0.0 0.0 0.0 0.0 0.0 0.0 0.0 0.0
0.0 0.0 0.982442 0.983651 0.0 0.982053 0.0 0.0 0.0 0.982426 0.0 0.523658 0.0 0.0 0.0033873 0.0 0.95221 0.0 0.0 0.0 0.0 0.0 0.0 0.982445 0.0 0.0 0.982456 1.16229e-06 0.0 0.985085 0.0 0.860955 0.0 0.0 0.0 0.0 0.984296 0.0 0.552084 0.0 0.0 0.99468 0.0 0.0 0.0 0.94474 0.984764 0.983442 0.0 0.0 0.0 0.0 0.0 0.0 0.96969 0.0 0.0 0.982523 0.0 2.23517e-05 0.983368 0.987424 0.0 0.0
0.0 0.0 0.0 0.0 0.0 0.0 0.0 0.0 0.0 0.0 0.0 0.0 0.0 0.0 0.0 0.0 0.0 0.0 0.0 0.0 0.0 0.0 0.0 0.0 0.0 0.976203 0.0 0.0 0.0 0.0 0.0 0.0 0.0 0.0 0.0 0.0 0.0 0.0 0.0 0.0 0.0 0.0 0.0 0.0 0.0 0.0 0.0 0.0 0.00843465 0.0 0.0 0.0 0.0 0.0 0.0 0.0 0.0 0.0 0.0 0.0 0.0 0.0 0.296393 0.0
0.0 0.0 0.947256 0.951511 0.0 0.976899 0.0 0.0 0.0 0.949781 0.0 0.814609 0.0 0.0 0.00814146 0.0 0.928942 0.0 0.0 0.0 0.0 0.0 0.0 0.947287 0.0 0.0 0.947325 7.99298e-05 0.0 0.968723 0.0 0.958149 0.0 0.0 0.0 0.0 0.951569 0.0 0.960605 0.0 0.0 0.99001 0.0 0.0 0.0 0.969782 0.963339 0.955244 0.0 0.0 0.0 0.0 0.0 0.0 0.983903 0.0 0.0 0.947519 0.0 0.00312236 0.95765 0.979991 0.0 0.0
0.0 0.0 0.0 0.0 0.0 0.0 0.0 0.0 0.0 0.0 0.0 0.0 0.000199288 0.0 0.0 0.0 0.0 0.0 0.0 0.0 0.0 0.0 0.0 0.0 0.0 0.0 0.0 0.0 0.0 0.0 0.0 0.0 4.17233e-06 0.0 0.0 0.0 0.0 0.0 0.0 0.0 0.0 0.0 0.0 0.992433 0.0 0.0 0.0 0.0 0.0 0.0 0.0 0.0 0.0 0.0 0.0 0.0 0.0 0.0 0.0 0.0 0.0 0.0 0.0 0.0
0.0 0.0 0.0 0.0 0.0 0.0 0.0 0.0 0.0 0.0 0.0 0.0 0.0 0.149848 0.0 0.0 0.0 0.0 0.0 0.327486 0.0 0.0 0.0 0.0 0.0 0.0 0.0 0.0 0.0 0.0 0.0 0.0 0.0 0.0 0.0 0.0 0.0 0.999998 0.0 0.0 0.0 0.0 0.0 0.0 0.0 0.0 0.0 0.0 0.0 0.0 0.0 0.0 0.0 0.0 0.0 0.0 0.0 0.0 0.0 0.0 0.0 0.0 0.0 0.0
0.0 0.0 0.875186 0.8829 0.0 0.919979 0.0 0.0 0.0 0.877466 0.0 0.562731 0.0 0.0 0.032443 0.0 0.712199 0.0 0.0 0.0 0.0 0.0 0.0 0.875201 0.0 0.0 0.875275 0.00294837 0.0 0.89477 0.0 0.739245 0.0 0.0 0.0 0.0 0.885709 0.0 0.934772 0.0 0.0 0.959615 0.0 0.0 0.0 0.921263 0.893217 0.891646 0.0 0.0 0.0 0.0 0.0 0.0 0.954099 0.0 0.0 0.875698 0.0 0.000485957 0.894017 0.964669 0.0 0.0
0.000584811 1.0 0.0 0.0 0.0 0.0 0.0 0.0 0.0 0.0 0.0 0.0 0.0 0.0 0.0 0.996209 0.0 0.0 0.0 0.0 0.658864 0.0 0.0 0.0 2.98023e-07 0.0 0.0 0.0 0.0 0.0 6.93798e-05 0.0 0.0 3.47495e-05 0.0 0.0 0.0 0.0 0.0 0.0 0.0001522 0.0 0.0 0.0 0.0 0.0 0.0 0.0 0.0 0.0 0.0 1.78814e-07 0.0 0.0 0.0 0.0 0.0 0.0 0.0 0.0 0.0 0.0 0.0 0.0
0.0 0.0 0.82382 0.832799 0.0 0.972509 0.0 0.0 0.0 0.827408 0.0 0.931719 0.0 0.0 0.00126034 0.0 0.955198 0.0 0.0 0.0 0.0 2.68221e-07 0.0 0.823942 0.0 0.0 0.824063 0.0050413 0.0 0.913755 0.0 0.992917 0.0 0.0 0.0 0.0 0.835911 0.0 0.986705 0.0 0.0 0.979628 0.0 0.0 0.0 0.876982 0.890999 0.849967 0.0 0.0 0.0 0.0 0.0 0.0 0.974424 0.0 0.0 0.824241 0.0 0.155677 0.854319 0.906217 0.0 0.0
0.0 0.0 0.0 0.0 6.22869e-06 0.0 0.0 0.999032 0.0 0.0 0.0 0.0 0.0 0.0 0.0 0.0 0.0 0.0 0.0 0.0 0.0 0.0 0.0 0.0 0.0 0.0 0.0 0.0 0.0 0.0 0.0 0.0 0.0 0.0 0.0 0.0 0.0 0.0 0.0 0.0 0.0 0.0 0.0 0.0 0.0 0.0 0.0 0.0 0.0 0.0 0.0 0.0 0.0 0.0 0.0 0.0 0.0 0.0 0.0 0.0 0.0 0.0 0.0 0.0
0.0 0.0 0.0 0.0 0.0 0.0 0.0 0.0 0.0 0.0 0.0 0.0 0.0 0.0 0.0 0.0 0.0 0.0 0.0 0.0 0.0 0.0 0.0 0.0 0.0 0.0 0.0 0.0 0.0 0.0 0.0 0.0 0.0 0.0 0.0 0.0 0.0 0.0 0.0 0.0 0.0 0.0 0.0 0.0 0.999976 0.0 0.0 0.0 0.0 0.0 0.0 0.0 0.0 0.0 0.0 0.0 0.0 0.0 0.0 0.0 0.0 0.0 0.0 0.0
0.0 0.0 0.825682 0.836729 0.0 0.952903 0.0 0.0 0.0 0.832924 0.0 0.99343 0.0 0.0 0.000674993 0.0 0.943385 0.0 0.0 0.0 0.0 2.08616e-07 0.0 0.825866 0.0 0.0 0.825986 0.00925571 0.0 0.923465 0.0 0.990653 0.0 0.0 0.0 0.0 0.849667 0.0 0.9822 0.0 0.0 0.994935 0.0 0.0 0.0 0.939273 0.896818 0.840121 0.0 0.0 0.0 0.0 0.0 0.0 0.982384 0.0 0.0 0.824151 0.0 0.293855 0.867951 0.901409 0.0 0.0
0.0 0.0 0.888379 0.897286 0.0 0.946768 0.0 0.0 0.0 0.89271 0.0 0.951208 0.0 0.0 0.00100753 0.0 0.933119 0.0 0.0 0.0 0.0 0.0 0.0 0.888506 0.0 0.0 0.888588 0.00042814 0.0 0.946176 0.0 0.969339 0.0 0.0 0.0 0.0 0.902521 0.0 0.964383 0.0 0.0 0.991763 0.0 0.0 0.0 0.921732 0.930358 0.897832 0.0 0.0 0.0 0.0 0.0 0.0 0.96686 0.0 0.0 0.888113 0.0 0.0163596 0.908438 0.920624 0.0 0.0
0.0 0.0 0.982376 0.98358 0.0 0.981918 0.0 0.0 0.0 0.982419 0.0 0.521582 0.0 0.0 0.00342715 0.0 0.951556 0.0 0.0 0.0 0.0 0.0 0.0 0.982379 0.0 0.0 0.98239 1.2219e-06 0.0 0.984909 0.0 0.859615 0.0 0.0 0.0 0.0 0.984233 0.0 0.552903 0.0 0.0 0.994636 0.0 0.0 0.0 0.944826 0.984652 0.983398 0.0 0.0 0.0 0.0 0.0 0.0 0.969576 0.0 0.0 0.982457 0.0 2.23219e-05 0.98328 0.987449 0.0 0.0
0.0 0.0 0.0 0.0 0.0 0.0 0.0 0.0 0.0 0.0 0.0 0.0 0.0 0.0 0.0 0.0 0.0 0.0 0.999993 0.0 0.0 0.0 0.0 0.0 0.0 0.0 0.0 0.0 0.0 0.0 0.0 0.0 0.0 0.0 0.0 0.0 0.0 0.0 0.0 0.0 0.0 0.0 0.0 0.0 0.0 0.0 0.0 0.0 0.0 0.0 0.0 0.0 0.0 0.0 0.0 0.0 0.0 0.0 0.0 0.0 0.0 0.0 0.0 0.0
0.0 0.0 0.979983 0.98117 0.0 0.983132 0.0 0.0 0.0 0.980058 0.0 0.580889 0.0 0.0 0.00297749 0.0 0.956992 0.0 0.0 0.0 0.0 0.0 0.0 0.979984 0.0 0.0 0.979999 1.96695e-06 0.0 0.985459 0.0 0.895092 0.0 0.0 0.0 0.0 0.982084 0.0 0.632965 0.0 0.0 0.993703 0.0 0.0 0.0 0.942502 0.983537 0.981173 0.0 0.0 0.0 0.0 0.0 0.0 0.970455 0.0 0.0 0.980059 0.0 3.53456e-05 0.981639 0.98558 0.0 0.0
0.0 0.0 0.905277 0.909528 0.0 0.972086 0.0 0.0 0.0 0.909231 0.0 0.898119 0.0 0.0 0.0486994 0.0 0.892751 0.0 0.0 0.0 0.0 5.96046e-08 0.0 0.905324 0.0 0.0 0.905395 0.00124919 0.0 0.949553 0.0 0.95007 0.0 0.0 0.0 0.0 0.916196 0.0 0.964665 0.0 0.0 0.977889 0.0 0.0 0.0 0.989313 0.935411 0.918411 0.0 0.0 0.0 0.0 0.0 0.0 0.98018 0.0 0.0 0.905667 0.0 0.0147518 0.926115 0.971967 0.0 0.0
0.0 0.0 0.0 0.0 0.0 0.0 0.0 0.0 1.78814e-07 0.0 0.0 0.0 0.0 0.0 0.0 0.0 0.0 0.0 0.0 0.0 5.96046e-08 0.0 0.0 0.0 0.0 0.0349069 0.0 0.0 0.0 0.0 0.0 0.0 0.0 0.0 0.0 0.0 0.0 0.0 0.0 0.0 0.0 0.0 0.0 0.0 0.0 0.0 0.0 0.0 0.993006 0.0 0.0 0.0 0.0 0.0 0.0 0.0 0.0 0.0 0.0 0.0 0.0 0.0 0.568931 0.0
0.0 0.0 0.979112 0.980794 0.0 0.979667 0.0 0.0 0.0 0.979238 0.0 0.617978 0.0 0.0 0.00287637 0.0 0.953768 0.0 0.0 0.0 0.0 0.0 0.0 0.979115 0.0 0.0 0.979128 1.84774e-06 0.0 0.984758 0.0 0.879407 0.0 0.0 0.0 0.0 0.981975 0.0 0.626121 0.0 0.0 0.994445 0.0 0.0 0.0 0.947379 0.983641 0.980719 0.0 0.0 0.0 0.0 0.0 0.0 0.96951 0.0 0.0 0.979174 0.0 3.65973e-05 0.982166 0.985594 0.0 0.0
0.0 0.0 0.749611 0.757026 0.0 0.942061 0.0 0.0 0.0 0.749932 0.0 0.575889 0.0 0.0 0.000259489 0.0 0.933606 0.0 0.0 0.0 0.0 0.0 0.0 0.749718 0.0 0.0 0.749874 7.25389e-05 0.0 0.854123 0.0 0.950212 0.0 0.0 0.0 0.0 0.772327 0.0 0.753839 0.0 0.0 0.915546 0.0 0.0 0.0 0.603832 0.813693 0.769755 0.0 0.0 0.0 0.0 0.0 0.0 0.830101 0.0 0.0 0.749775 0.0 0.00217444 0.784113 0.804268 0.0 0.0
0.0 0.0 0.990581 0.991227 0.0 0.997701 0.0 0.0 0.0 0.991003 0.0 0.962664 0.0 0.0 0.0211615 0.0 0.994042 0.0 0.0 0.0 0.0 0.0 0.0 0.990588 0.0 0.0 0.990594 0.000546843 0.0 0.995241 0.0 0.997069 0.0 0.0 0.0 0.0 0.991579 0.0 0.992296 0.0 0.0 0.998281 0.0 0.0 0.0 0.987927 0.99381 0.991222 0.0 0.0 0.0 0.0 0.0 0.0 0.997625 0.0 0.0 0.990594 0.0 0.0207025 0.992051 0.995 0.0 0.0
0.0 0.0 0.982223 0.983446 0.0 0.981975 0.0 0.0 0.0 0.982266 0.0 0.523026 0.0 0.0 0.00339913 0.0 0.951626 0.0 0.0 0.0 0.0 0.0 0.0 0.982225 0.0 0.0 0.982237 1.2219e-06 0.0 0.984911 0.0 0.860486 0.0 0.0 0.0 0.0 0.984099 0.0 0.555001 0.0 0.0 0.994612 0.0 0.0 0.0 0.944763 0.984595 0.983264 0.0 0.0 0.0 0.0 0.0 0.0 0.969585 0.0 0.0 0.982304 0.0 2.27094e-05 0.98323 0.987357 0.0 0.0
0.0 0.0 0.926244 0.929435 0.0 0.976362 0.0 0.0 0.0 0.929681 0.0 0.825834 0.0 0.0 0.00230381 0.0 0.946734 0.0 0.0 0.0 0.0 0.0 0.0 0.926282 0.0 0.0 0.926339 7.44164e-05 0.0 0.963882 0.0 0.973598 0.0 0.0 0.0 0.0 0.935444 0.0 0.942948 0.0 0.0 0.986691 0.0 0.0 0.0 0.917293 0.951833 0.936293 0.0 0.0 0.0 0.0 0.0 0.0 0.97764 0.0 0.0 0.926213 0.0 0.00153548 0.94204 0.961477 0.0 0.0
0.0 0.0 0.982203 0.983428 0.0 0.981954 0.0 0.0 0.0 0.982247 0.0 0.522842 0.0 0.0 0.00339648 0.0 0.951574 0.0 0.0 0.0 0.0 0.0 0.0 0.982206 0.0 0.0 0.982217 1.19209e-06 0.0 0.984894 0.0 0.860417 0.0 0.0 0.0 0.0 0.984082 0.0 0.554828 0.0 0.0 0.994607 0.0 0.0 0.0 0.944719 0.984579 0.983245 0.0 0.0 0.0 0.0 0.0 0.0 0.969558 0.0 0.0 0.982285 0.0 2.262e-05 0.983212 0.987343 0.0 0.0
0.0 0.0 0.0 0.0 0.0 0.0 0.0 0.0 0.0 0.0 0.0 0.0 0.999516 0.0 0.0 0.0 0.0 0.0 0.0 0.0 0.0 0.0 0.0 0.0 0.0 0.0 0.0 0.0 0.0 0.0 0.0 0.0 0.0 0.0 0.0 0.0 0.0 0.0 0.0 0.0 0.0 0.0 0.0 3.26633e-05 0.0 0.0 0.0 0.0 0.0 0.0 0.0 0.0 0.0 0.0 0.0 0.0 0.0 0.0 0.0 0.0 0.0 0.0 0.0 0.0
0.0 0.0 0.0 0.0 0.0 0.0 0.0 0.0 0.0 0.0 0.0 0.0 0.0 0.0 0.0 0.999998 0.0 0.0 0.0 0.0 8.9407e-08 0.0 0.0 0.0 0.0 0.0 0.0 0.0 0.0 0.0 0.0 0.0 0.0 0.0 0.0 0.0 0.0 0.0 0.0 0.0 0.0 0.0 0.0 0.0 0.0 0.0 0.0 0.0 0.0 0.0 0.0 0.0 0.0 0.0 0.0 0.0 0.0 0.0 0.0 0.0 0.0 0.0 0.0 0.0
0.0 0.0 0.0 0.0 0.0 0.0 0.0 0.0 0.00198138 0.0 0.0 0.0 0.0 0.0 0.0 0.0 0.0 0.0 0.0 0.0 0.000609398 0.0 0.0 0.0 0.0 0.0 0.0 0.0 0.0 0.0 0.0 0.0 0.0 0.0 0.0 0.999612 0.0 0.0 0.0 0.0 0.0 0.0 0.0 0.0 0.0 0.0 0.0 0.0 0.0 0.0 0.0 0.0 0.0 0.0 0.0 0.0 0.0 0.0 0.0 0.0 0.0 0.0 0.0 0.616263
0.0 0.0 0.0 0.0 0.0 0.0 0.0 0.0 9.80794e-05 0.0 0.0 0.0 0.0 0.0 0.0 0.0 0.0 0.0 0.0 0.0 2.49743e-05 0.0 0.0 0.0 0.0 0.0 0.0 0.0 0.0 0.0 0.0 0.0 0.0 0.0 0.0 0.97417 0.0 0.0 0.0 0.0 0.0 0.0 0.0 0.0 0.0 0.0 0.0 0.0 0.0 0.0 0.0 0.0 0.0 0.0 0.0 0.0 0.0 0.0 0.0 0.0 0.0 0.0 0.0 0.998296
0.0 0.0 0.0 0.0 0.0 0.0 0.0 0.0 0.0 0.0 0.0 0.0 0.0 0.0 0.0 0.0 0.0 0.0 0.0 0.0 0.0 0.0 0.0 0.0 0.0 0.0 0.0 0.0 0.0 0.0 0.0 0.0 0.0 0.999656 0.0 0.0 0.0 0.0 0.0 0.0 0.0 0.0 0.0 0.0 0.0 0.0 0.0 0.0 0.0 0.0 0.0 0.0 0.0 0.0 0.0 0.0 0.0 0.0 0.0 0.0 0.0 0.0 0.0 0.0
0.0 0.0 0.0 0.0 0.0 0.0 0.0 0.0 0.0 0.0 0.0 0.0 0.0 0.000268638 0.0 0.0 0.0 0.0 5.30481e-06 1.0 0.0 0.0 0.0 0.0 0.0 0.0 0.0 0.0 0.0 0.0 0.0 0.0 0.0 0.0 0.0 0.0 0.0 0.906696 0.0 0.0 0.0 0.0 0.0 0.0 0.0 0.0 0.0 0.0 0.0 0.0 0.0 0.0 0.0 0.0 0.0 0.0 0.0 0.0 0.0 0.0 0.0 0.0 0.0 0.0
0.0 0.0 0.643308 0.674866 0.0 0.85273 0.0 0.0 0.0 0.660469 0.0 0.968432 0.0 0.0 0.000905335 0.0 0.753301 0.0 0.0 0.0 0.0 8.9407e-08 0.0 0.643594 0.0 0.0 0.643769 0.00596127 0.0 0.796972 0.0 0.935027 0.0 0.0 0.0 0.0 0.684653 0.0 0.982646 0.0 0.0 0.978855 0.0 0.0 0.0 0.873683 0.75689 0.655105 0.0 0.0 0.0 0.0 0.0 0.0 0.9549 0.0 0.0 0.642222 0.0 0.0153258 0.725992 0.84968 0.0 0.0
0.0 0.0 0.0 0.0 0.0 0.0 0.0 0.0 0.0 0.0 0.0 0.0 2.5034e-06 0.0 0.0 0.0 0.0 0.0 0.0 0.0 0.0 0.0 0.0 0.0 0.0 0.0 0.0 0.0 0.0 0.0 0.0 0.0 0.99284 0.0 0.0 0.0 0.0 0.0 0.0 1.78814e-07 0.0 0.0 0.0 7.45058e-07 0.0 0.0 0.0 0.0 0.0 0.0 0.0 0.0 0.0 0.0 0.0 0.0 0.0 0.0 0.0 0.0 0.0 0.0 0.0 0.0
0.0 0.0 0.0 0.0 0.0 0.0 0.0 0.0 0.0 0.0 0.0 0.0 0.0 0.0 0.0 0.0 0.0 0.0 0.0 0.0 0.0 0.0 0.0 0.0 0.0 0.0 0.0 0.0 0.0 0.0 0.0 0.0 0.0 0.0 0.0 0.0 0.0 0.0 0.0 0.0 0.0 0.0 0.998975 0.0 0.0 0.0 0.0 0.0 0.0 0.0 0.0 0.0 0.0 0.0 0.0 0.0 0.0 0.0 0.0 0.0 0.0 0.0 0.0 0.0
0.0 0.0 0.0 0.0 0.0 0.0 0.0 0.0 0.0 0.0 0.0 0.0 0.0 0.0 0.0 0.0 0.0 0.0 0.0 0.0 0.0 0.0 0.0 0.0 0.0 0.0 0.0 0.0 0.0 0.0 0.0 0.0 0.0 0.0 0.0 0.0 0.0 0.0 0.0 0.0 0.999777 0.0 0.0 0.0 0.0 0.0 0.0 0.0 0.0 0.0 0.0 0.0 0.0 0.0 0.0 0.0 0.0 0.0 0.0 0.0 0.0 0.0 0.0 0.0
0.0 0.0 0.0 0.0 0.994974 0.0 0.0 0.000271738 0.0 0.0 0.0 0.0 0.0 0.0 0.0 0.0 0.0 0.0 0.0 0.0 0.0 0.0 0.0 0.0 0.0 0.0 0.0 0.0 0.0 0.0 0.0 0.0 0.0 0.0 0.0 0.0 0.0 0.0 0.0 0.0 0.0 0.0 0.0 0.0 0.0 0.0 0.0 0.0 0.0 0.0 0.0 0.0 0.0 8.9407e-08 0.0 0.0 0.0 0.0 0.0 0.0 0.0 0.0 0.0 0.0
0.0 0.0 0.982245 0.983469 0.0 0.982024 0.0 0.0 0.0 0.982289 0.0 0.523395 0.0 0.0 0.00340447 0.0 0.951735 0.0 0.0 0.0 0.0 0.0 0.0 0.982248 0.0 0.0 0.98226 1.19209e-06 0.0 0.984928 0.0 0.860916 0.0 0.0 0.0 0.0 0.984124 0.0 0.555679 0.0 0.0 0.994621 0.0 0.0 0.0 0.944813 0.984608 0.983285 0.0 0.0 0.0 0.0 0.0 0.0 0.969645 0.0 0.0 0.982327 0.0 2.27392e-05 0.983254 0.987373 0.0 0.0
0.0 0.0 0.96436 0.967236 0.0 0.985315 0.0 0.0 0.0 0.965854 0.0 0.785414 0.0 0.0 0.011868 0.0 0.93678 0.0 0.0 0.0 0.0 0.0 0.0 0.964377 0.0 0.0 0.964403 3.0607e-05 0.0 0.977007 0.0 0.942541 0.0 0.0 0.0 0.0 0.9685 0.0 0.922246 0.0 0.0 0.991507 0.0 0.0 0.0 0.977612 0.973888 0.969249 0.0 0.0 0.0 0.0 0.0 0.0 0.986517 0.0 0.0 0.964486 0.0 0.000665992 0.970728 0.986755 0.0 0.0
0.0 0.0 0.0 0.0 0.0 0.0 0.0 0.0 0.0 0.0 0.939568 0.0 0.0 0.0 0.0 0.0 0.0 0.0 0.0 0.0 0.0 0.0 0.0 0.0 0.0 0.0 0.0 0.0 0.0 0.0 0.0 0.0 0.0 0.0 0.654505 0.0 0.0 0.0 0.0 0.0 0.0 0.0 0.0 0.0 0.0 0.0 0.0 0.0 0.0 0.0 0.0 0.0 0.0 0.0 0.0 0.0 0.0 0.0 0.0 0.0 0.0 0.0 0.0 0.0
0.0 0.0 0.980009 0.981337 0.0 0.979501 0.0 0.0 0.0 0.980067 0.0 0.570093 0.0 0.0 0.00303134 0.0 0.954276 0.0 0.0 0.0 0.0 0.0 0.0 0.980021 0.0 0.0 0.980034 1.72853e-06 0.0 0.984513 0.0 0.877025 0.0 0.0 0.0 0.0 0.982337 0.0 0.594141 0.0 0.0 0.994331 0.0 0.0 0.0 0.945784 0.983469 0.981226 0.0 0.0 0.0 0.0 0.0 0.0 0.968305 0.0 0.0 0.980148 0.0 3.13818e-05 0.98197 0.985763 0.0 0.0
0.0 0.0 0.969448 0.972645 0.0 0.978064 0.0 0.0 0.0 0.97053 0.0 0.863114 0.0 0.0 0.00743157 0.0 0.942757 0.0 0.0 0.0 0.0 0.0 0.0 0.969475 0.0 0.0 0.969489 4.49419e-05 0.0 0.980123 0.0 0.94499 0.0 0.0 0.0 0.0 0.973731 0.0 0.943481 0.0 0.0 0.99493 0.0 0.0 0.0 0.966491 0.978189 0.971883 0.0 0.0 0.0 0.0 0.0 0.0 0.984179 0.0 0.0 0.969476 0.0 0.000995874 0.975099 0.985909 0.0 0.0
0.0 0.0 0.0 0.0 0.0 0.0 0.0 0.0 2.08616e-07 0.0 0.0 0.0 0.0 0.0 0.0 0.0 0.0 0.0 0.0 0.0 0.0 0.0 0.0 0.0 0.0 0.23508 0.0 0.0 0.0 0.0 0.0 0.0 0.0 0.0 0.0 0.0 0.0 0.0 0.0 0.0 0.0 0.0 0.0 0.0 0.0 0.0 0.0 0.0 0.339375 0.0 0.0 0.0 0.0 0.0 0.0 0.0 0.0 0.0 0.0 0.0 0.0 0.0 0.981665 0.0
0.0 0.0 0.0 0.0 0.0 0.0 0.0 0.0 0.0 0.0 0.0 0.0 0.0 0.0 0.0 0.0 0.0 0.0 0.0 0.0 0.0 0.0 0.0 0.0 0.0 0.0 0.0 0.0 0.0 0.0 0.0 0.0 3.27826e-07 0.0 0.0 0.0 0.0 0.0 0.0 0.997069 0.0 0.0 0.0 0.0 0.0 0.0 0.0 0.0 0.0 8.9407e-08 0.0 0.0 0.0 0.0 0.0 0.0 0.0 0.0 0.0 0.0 0.0 0.0 0.0 0.0
0.0 0.0 0.0 0.0 4.02629e-05 0.0 0.0 0.0 0.0 0.0 0.0 0.0 0.0 0.0 0.0 0.0 0.0 0.0 0.0 0.0 0.0 0.0 0.0 0.0 0.0 0.0 0.0 0.0 0.0 0.0 0.0 0.0 0.0 0.0 0.0 0.0 0.0 0.0 0.0 0.0 0.0 0.0 0.0 0.0 0.0 0.0 0.0 0.0 0.0 0.0 0.0 0.0 0.0 0.999522 0.0 0.0 0.0 0.0 0.0 0.0 0.0 0.0 0.0 0.0
0.0 0.0 0.0 0.0 0.0 0.0 0.0 0.0 0.0 0.0 0.0 0.0 0.0 0.0 0.0 0.0 0.0 0.0 5.81145e-06 0.0 0.0 0.0 0.988844 0.0 0.0 0.0 0.0 0.0 0.0 0.0 1.19209e-07 0.0 0.0 0.0 0.0 0.0 0.0 0.0 0.0 0.0 0.0 0.0 0.0 0.0 0.0 0.0 0.0 0.0 0.0 0.0 0.0 0.0514322 0.0 0.0 0.0 0.0 0.999819 0.0 0.0 0.0 0.0 0.0 0.0 0.0
0.0 0.0 0.0 0.0 0.0 0.0 0.0 0.0 0.0 0.0 0.0 0.0 0.0 0.0 0.0 0.0 0.0 0.0 0.0 0.0 0.0 0.0 0.0 0.0 0.999988 0.0 0.0 0.0 0.0 0.0 0.0 0.0 0.0 0.0 0.0 0.0 0.0 0.0 0.0 0.0 0.0 0.0 0.0 0.0 0.0 0.0 0.0 0.0 0.0 0.0 0.0 0.0 0.827415 0.0 0.0 0.0 0.0 0.0 0.0 0.0 0.0 0.0 0.0 0.0
0.0 0.0 0.118823 0.126806 0.0 0.294509 0.0 0.0 0.0 0.122102 0.0 0.0703307 0.0 0.0 0.999939 0.0 0.0557219 0.0 0.0 0.0 0.0 3.27826e-07 0.0 0.118805 0.0 0.0 0.118872 0.000676453 0.0 0.158389 0.0 0.0781956 0.0 0.0 0.0 0.0 0.127417 0.0 0.0986418 0.0 0.0 0.202827 0.0 0.0 0.0 0.8191 0.150578 0.12398 0.0 0.0 0.0 0.0 0.0 0.0 0.509612 0.0 0.0 0.119397 0.0 0.00357723 0.127909 0.306505 0.0 0.0
0.0 0.0 0.0 0.0 0.0 0.0 0.0 0.0 0.0 0.0 0.0 0.0 0.0 0.0 0.0 0.0 0.0 0.0 0.0 0.0 0.0 0.0 0.0 0.0 0.0 0.0 0.0 0.0 0.0 0.0 0.0 0.0 0.0 0.0 0.0 0.0 0.0 0.0 0.0 0.0 0.0 0.0 0.0 0.0 0.0 0.0 0.0 0.0 0.0 0.0 0.0 0.0 0.0 0.0 0.0 0.0 0.0 0.0 1.0 0.0 0.0 0.0 0.0 0.0
0.999995 0.0 0.0 0.0 0.0 0.0 0.0 0.0 0.0 0.0 0.0 0.0 0.0 0.0 0.0 0.0 0.0 0.0 0.0 0.0 0.0 0.0 0.0 0.0 0.0 0.0 0.0 0.0 0.0 0.0 0.0 0.0 0.0 0.0 0.0 0.0 0.0 0.0 0.0 0.0 0.0 0.0 0.0 0.0 0.0 0.0 0.0 0.0 0.0 0.0 0.0 0.0 0.0 0.0 0.0 0.0 0.0 0.0 0.0 0.0 0.0 0.0 0.0 0.0
0.0 0.0 0.0 0.0 0.0 0.0 0.0 0.0 0.0 0.0 0.0 0.0 0.0 0.0 0.0 0.0 0.0 0.0168017 0.0 0.0 0.0 0.0 4.76837e-07 0.0 0.0 0.0 0.0 0.0 0.0 0.0 1.0 0.0 0.0 0.0 0.0 0.0 0.0 0.0 0.0 0.0 0.0 0.0 0.0 0.0 0.0 0.0 0.0 0.0 0.0 0.0 0.0 0.775219 0.0 0.0 0.0 0.000961751 8.38339e-05 0.0 0.0 0.0 0.0 0.0 0.0 0.0
0.0 0.0 0.0 0.0 0.0 0.0 0.0 0.0 0.0 0.0 0.0 0.0 0.0 0.0 0.0 0.0 0.0 0.0 0.0 0.0 0.0 0.0 0.0 0.0 0.0 0.0 0.0 0.0 0.0 0.0 0.0 0.0 0.0 0.0 0.0 0.0 0.0 0.0 0.0 9.35793e-06 0.0 0.0 0.0 0.0 0.0 0.0 0.0 0.0 0.0 0.999974 0.0 0.0 0.0 0.0 0.0 0.0 0.0 0.0 0.0 0.0 0.0 0.0 0.0 0.0
0.0 0.0 0.0 0.0 0.0 0.0 0.999982 0.0 0.0 0.0 0.0 0.0 0.0 0.00249481 0.0 0.0 0.0 0.0 0.0 0.0 0.0 0.0 0.0 0.0 0.0 0.0 0.0 0.0 0.0 0.0 0.0 0.0 0.0 0.0 0.0 0.0 0.0 0.0 0.0 0.0 0.0 0.0 0.0 0.0 0.0 0.0 0.0 0.0 0.0 0.0 0.0 0.0 0.0 0.0 0.0 0.0 0.0 0.0 0.0 0.0 0.0 0.0 0.0 0.0
0.0 0.0 0.980983 0.98256 0.0 0.980746 0.0 0.0 0.0 0.981029 0.0 0.58383 0.0 0.0 0.00324196 0.0 0.953799 0.0 0.0 0.0 0.0 0.0 0.0 0.980986 0.0 0.0 0.980998 1.63913e-06 0.0 0.985214 0.0 0.872158 0.0 0.0 0.0 0.0 0.983612 0.0 0.614807 0.0 0.0 0.994767 0.0 0.0 0.0 0.947533 0.984251 0.982087 0.0 0.0 0.0 0.0 0.0 0.0 0.971349 0.0 0.0 0.981011 0.0 2.98619e-05 0.983348 0.986477 0.0 0.0
0.0 0.0 0.0 0.0 0.0 0.0 0.0 0.0 0.0 0.0 0.0 0.0 0.0 0.0 0.0 0.0 0.0 0.999768 0.0 0.0 0.0 0.0 0.0 0.0 0.0 0.0 0.0 0.0 0.0 0.0 0.00348035 0.0 0.0 0.0 0.0 0.0 0.0 0.0 0.0 0.0 0.0 0.0 0.0 0.0 0.0 0.0 0.0 0.0 0.0 0.0 0.0 9.77516e-06 0.0 0.0 0.0 0.00134543 0.0 0.0 0.0 0.0 0.0 0.0 0.0 0.0
0.0 0.0 0.0 0.0 0.0 0.0 0.0 0.0 0.0 0.0 0.731064 0.0 0.0 0.0 0.0 0.0 0.0 0.0 0.0 0.0 0.0 0.0 0.0 0.0 0.0 0.0 0.0 0.0 0.0 0.0 0.0 0.0 0.0 0.0 0.996029 0.0 0.0 0.0 0.0 0.0 0.0 0.0 0.0 0.0 0.0 0.0 0.0 0.0 0.0 0.0 0.0 0.0 0.0 0.0 0.0 0.0 0.0 0.0 0.0 0.0 0.0 0.0 0.0 0.0
0.0 0.0 0.0 0.0 0.0 0.0 0.0 0.0 0.0 0.0 0.0 0.0 0.0 0.0 0.0 2.05636e-06 0.0 0.0 0.0 0.0 0.997092 0.0 0.0 0.0 0.0 0.0 0.0 0.0 0.0 0.0 0.0 0.0 0.0 0.0 0.0 0.0 0.0 0.0 0.0 0.0 0.0 0.0 0.0 0.0 0.0 0.0 0.0 0.0 0.0 0.0 0.0 0.0 0.0 0.0 0.0 0.0 0.0 0.0 0.0 0.0 0.0 0.0 0.0 0.0
0.0 0.0 0.0 0.0 0.0 0.0 0.0 0.0 0.999926 0.0 0.0 0.0 0.0 0.0 0.0 0.0 0.0 0.0 0.0 0.0 0.000354737 0.0 0.0 0.0 0.0 0.0 0.0 0.0 0.0 0.0 0.0 0.0 0.0 0.0 0.0 2.16365e-05 0.0 0.0 0.0 0.0 0.0 0.0 0.0 0.0 0.0 0.0 0.0 0.0 0.0 0.0 0.0 0.0 0.0 0.0 0.0 0.0 0.0 0.0 0.0 0.0 0.0 0.0 0.0 6.94394e-05
0.0 0.0 0.0 0.0 0.0 0.0 1.0 0.00164995 0.0 0.0 0.0 0.0 0.0 0.0 0.0 0.0 0.0 0.0 0.0 0.0 0.0 0.0 0.0 0.0 0.0 0.0 0.0 0.0 0.0 0.0 0.0 0.0 0.0 0.0 0.0 0.0 0.0 0.0 0.0 0.0 0.0 0.0 0.0 0.0 0.0 0.0 0.0 0.0 0.0 0.0 0.0 0.0 0.0 0.0 0.0 0.0 0.0 0.0 0.0 0.0 0.0 0.0 0.0 0.0
0.0 0.0 0.0 0.0 0.0 0.0 0.0 0.0 0.0 0.0 0.0 0.0 0.0 0.0 0.0 0.0 0.0 0.0 0.0 0.0 0.0 0.0 0.999947 0.0 0.0 0.0 0.0 0.0 0.0 0.0 0.0 0.0 0.0 0.0 0.0 0.0 0.0 0.0 0.0 0.0 0.0 0.0 0.0 0.0 0.0 0.0 0.0 0.0 0.0 0.0 0.0 0.0 0.0 0.0 0.0 0.0 0.0 0.0 0.0 0.0 0.0 0.0 0.0 0.0
0.0 0.0 0.98053 0.98217 0.0 0.0 0.0 0.0 0.0 0.0 0.0 0.165569 0.0 0.0 0.00137848 6.02007e-06 0.0593389 0.0 0.0 0.0 0.0 0.0 0.0 0.981628 0.999994 0.0 0.980542 0.0 0.0 0.978016 0.0 0.000154346 0.0 0.941652 0.0 0.0 0.980772 0.0 0.0 0.0 2.98023e-08 0.98053 0.0 0.0 0.0 0.0 0.980534 0.983494 0.0 0.0 0.0 0.0 0.0 0.0 0.0 0.0 0.0 0.0 0.0 0.0 0.0 0.0 0.0 0.0
0.0 0.0 0.033269 0.0340606 0.0 0.0 0.0 0.0 0.0 4.44055e-06 0.0 0.296404 0.0 0.0 6.35982e-05 7.19428e-05 0.98092 0.0 0.0 0.0 0.0 0.0 0.0 0.0363082 0.993237 0.0 0.0332542 0.0 0.0 0.0859405 0.0 0.0267918 0.0 0.0814332 0.0 0.0 0.0333029 0.0 0.0 0.0 0.0 0.033269 0.0 0.0 0.0 0.0 0.0332597 0.0734896 0.0 0.0 0.0 0.0 0.0 0.0 0.0 0.0 0.0 0.0 0.0 0.0 0.0 0.0 0.0 0.0
0.0 0.0 0.0 0.0 0.0 0.0 0.0 0.0 0.0 0.0 0.0 0.0 0.0 0.0 0.0 0.0 0.0 0.0 0.0 0.0 2.98023e-08 0.0 0.0 0.0 0.0 0.0 0.0 0.0 0.0 0.0 0.0 0.0 0.0 0.0 0.0 0.0 0.0 0.0 0.0 0.0 0.0 0.0 0.0 0.0 0.0 0.0 0.0 0.0 0.0 0.000203401 0.0 0.0 0.000169069 0.0 0.0 0.0 0.0 0.0 0.0 2.98023e-08 0.0 0.0 0.0 0.0
0.0 0.0 0.0 0.0 0.0 0.0 0.0 0.0 0.0 0.0 0.0 0.0 0.0 0.0 0.0 0.0 0.0 0.0 0.0 0.0 0.0 0.0 0.0 0.0 0.0 0.0 0.0 0.0 0.0 0.0 0.0 0.0 0.0 0.0 0.0 0.0 0.0 0.0 0.0 0.0 0.0 0.0 0.0 0.0 0.0 0.0 0.0 0.0 0.0 0.0 0.0 0.0 0.0 0.0 0.999159 0.0 0.0 0.0 0.0 0.0 5.03659e-06 0.0 0.0 0.0
0.0 0.0 0.0 0.0 0.0 0.0 0.0 0.0 0.0 0.0 0.997551 0.0 1.3411e-06 0.0 0.0 0.0 0.0 0.0 0.0 0.0 0.0 0.0 0.0 0.0 0.0 0.990988 0.0 0.0 0.0 0.0 0.0 0.0 0.945077 0.0 0.0495836 5.52237e-05 0.0 0.0 0.0 0.0778813 0.0 0.0 0.0 0.0 0.0 0.0 0.0 0.0 0.0912648 0.0 0.0 0.0 0.0 0.0 0.0 0.0 0.0 0.0 0.0 0.0 0.0 0.0 0.604262 6.06179e-05
1.0 0.0 0.0 0.0 0.0 0.0 0.0 0.0 0.0 0.0 0.0 0.0 0.0 0.0 0.0 0.0 0.0 0.0 0.0 0.0 0.0 0.0 0.0 0.0 0.0 0.0 0.0 0.0 0.0 0.0 0.0 0.0 0.0 0.0 0.0 0.0 0.0 0.0 0.0 0.0 0.0 0.0 0.0 0.0 0.0 0.0 0.0 0.0 0.0 0.0 0.0 0.0 0.0 0.0 0.0 0.0 0.0 0.0 0.0 0.0 0.0 0.0 0.0 0.0
0.0 0.0 0.0 0.0 0.0 0.0 0.0 0.0 0.0 0.0 0.0 0.0 0.0 0.0 0.0 0.0 0.0 0.0 0.0 0.0 0.0 0.0 0.0 0.0 0.0 0.0 0.0 0.0 0.0 0.0 0.0 0.0 0.0 0.0 0.0 0.0 0.0 0.0 0.0 0.0 0.0 0.0 0.0 0.0 0.0 0.0 0.0 0.0 0.0 0.0 0.0 0.0 0.0 0.99999 0.0 0.0 0.0 0.0 0.0 0.0 0.0 0.0 0.0 0.0
0.0 0.0 0.982235 0.983104 0.0 0.0 0.0 0.0 0.0 0.0 0.0 0.1365 0.0 0.0 0.00130937 4.61936e-06 0.0557652 0.0 0.0 0.0 0.0 0.0 0.0 0.982632 0.999994 0.0 0.982208 0.0 0.0 0.977568 0.0 0.000119418 0.0 0.940298 0.0 0.0 0.982448 0.0 0.0 0.0 1.19209e-07 0.982235 0.0 0.0 0.0 0.0 0.982227 0.984257 0.0 0.0 0.0 0.0 0.0 0.0 0.0 0.0 0.0 0.0 0.0 0.0 0.0 0.0 0.0 0.0
0.0 0.0 0.0 0.0 0.0 0.0 0.0 0.0 0.0 0.0 0.0892265 0.0 0.0 0.0 0.0 0.0 0.0 0.0 0.0 0.0 0.0 0.0 0.0 0.0 0.0 0.383097 0.0 0.0 0.0 0.0 0.0 0.0 8.9407e-08 0.0 0.967569 0.0 0.0 0.0 0.0 0.265164 0.0 0.0 0.0 0.0 0.0 0.0 0.0 0.0 0.0 0.0 0.0 0.0 0.0 0.0 0.0 0.0 0.0 0.0 0.0 0.0 0.0 0.0 5.96046e-08 0.0
0.0 0.0 0.98105 0.982227 0.0 0.0 0.0 0.0 0.0 0.0 0.0 0.438407 0.0 0.0 0.00345999 5.84424e-05 0.0951277 0.0 0.0 0.0 0.0 0.0 0.0 0.981741 0.999995 0.0 0.981065 0.0 0.0 0.985226 0.0 0.000985831 0.0 0.967177 0.0 0.0 0.981082 0.0 0.0 0.0 1.49012e-07 0.98105 0.0 0.0 0.0 0.0 0.981046 0.989048 0.0 0.0 0.0 0.0 0.0 0.0 0.0 0.0 0.0 0.0 0.0 0.0 0.0 0.0 0.0 0.0
0.0 0.000120908 0.0 0.0 0.0 0.0 0.0 0.0 0.0 8.9407e-08 0.0 0.0 0.0 0.0 0.0 5.96046e-08 0.0 0.0 0.0 0.0 3.74317e-05 0.000128329 0.0 0.0 0.0 0.0 0.0 8.50856e-05 0.0 0.0 0.0 1.19209e-07 0.0 0.0 0.0 0.0 0.0 0.0 3.57628e-07 0.0 0.0 0.0 0.0 0.00216898 0.0 0.0 0.0 0.0 0.0 5.18262e-05 0.0 0.0 0.994942 0.0 0.0 0.0 0.0 0.0 0.0 0.000334859 0.0 0.0 0.0 0.0
0.0 0.0 0.0 0.0 0.0 0.0 0.0 0.0 0.0 0.0 0.191432 0.0 8.64267e-07 0.0 0.0 0.0 0.0 0.0 0.0 0.0 0.0 0.0 0.0 0.0 0.0 0.900616 0.0 0.0 0.0 0.0 0.0 0.0 0.913983 0.0 4.91738e-06 0.00529584 0.0 0.0 0.0 2.05636e-06 0.0 0.0 0.0 0.0 0.0 0.0 0.0 0.0 0.961095 0.0 0.0 0.0 0.0 0.0 0.0 0.0 0.0 0.0 0.0 0.0 0.0 0.0 0.963947 0.00637874
0.0 0.0 0.982235 0.983104 0.0 0.0 0.0 0.0 0.0 0.0 0.0 0.1365 0.0 0.0 0.00130937 4.61936e-06 0.0557652 0.0 0.0 0.0 0.0 0.0 0.0 0.982632 0.999994 0.0 0.982208 0.0 0.0 0.977568 0.0 0.000119418 0.0 0.940298 0.0 0.0 0.982448 0.0 0.0 0.0 1.19209e-07 0.982235 0.0 0.0 0.0 0.0 0.982227 0.984257 0.0 0.0 0.0 0.0 0.0 0.0 0.0 0.0 0.0 0.0 0.0 0.0 0.0 0.0 0.0 0.0
8.9407e-08 0.0 0.0 0.0 0.0 0.0 0.00625628 0.999967 0.0 0.0 0.0 0.0 0.0 0.0 0.0 0.0 0.0 0.0 0.0 0.0 0.0 0.0 0.0 0.0 0.0 0.0 0.0 0.0 0.0 0.0 0.0 0.0 0.0 0.0 0.0 0.0 0.0 0.0 0.0 0.0 0.0 0.0 0.0 0.0 0.0 0.0 0.0 0.0 0.0 0.0 0.0 0.0 0.0 0.0 0.0 0.0 0.0 0.0 0.0 0.0 0.0 0.0 0.0 0.0
0.0 0.0 0.550855 0.559885 0.0 0.0 0.0 0.0 0.0 2.98023e-08 0.0 0.954629 0.0 0.0 0.000891745 0.00660166 0.0225209 0.0 0.0 0.0 0.0 0.0 0.0 0.569498 0.999959 0.0 0.551071 0.0 0.0 0.827507 0.0 0.0177347 0.0 0.634741 0.0 0.0 0.548402 0.0 0.0 0.0 0.0 0.55085 0.0 1.19209e-07 0.0 0.0 0.551078 0.821204 0.0 0.0 0.0 0.0 0.0 0.0 0.0 0.0 0.0 0.0 0.0 0.0 0.0 0.0 0.0 0.0
0.0 0.0 0.0 0.0 0.0 0.0 0.0 0.0 0.0 0.0 0.0 0.0 0.0 0.0 0.0 0.0 0.0 0.0 0.0 0.0 0.0 0.0 0.0 0.0 0.0 0.0 0.0 0.0 0.0 0.0 0.0 0.0 0.0 0.0 0.0 0.0 0.0 0.0 0.0 0.0 0.0 0.0 0.0 0.0 0.0 0.0 0.0 0.0 0.0 0.0 0.0 0.0 0.0 0.0 0.0 0.99996 0.0 0.0 0.0 0.0 0.0 0.0 0.0 0.0
0.0 0.0 0.0 0.0 0.0 0.0 0.0 0.0 0.0 0.0 0.0 0.0 0.0 0.0 0.0 0.0 0.0 0.0 0.0 0.0 0.0 0.0 0.0 0.0 0.0 0.0 0.0 0.0 0.0 0.0 0.0 0.0 0.0 0.0 0.0 0.0 0.0 0.0 0.0 0.0 0.0 0.0 0.0 0.0 0.0 0.0 0.0 0.0 0.0 0.0 0.0 0.0 0.0 0.0 0.0 0.0 0.999999 0.0 0.0 0.0 0.0 0.0 0.0 0.0
0.0 0.99967 1.3113e-06 1.19209e-06 0.0 0.0 0.0 0.0 0.0 0.436914 0.0 0.0114916 0.00739852 0.0 0.000207573 0.999028 7.33137e-06 0.0 0.0 0.0 1.0 0.948701 0.0 1.37091e-06 0.000105917 2.38419e-06 1.2517e-06 0.987601 0.0 5.22733e-05 0.0 0.885631 0.0 0.000180632 0.0 0.0 1.19209e-06 0.0 0.408965 0.0 5.96046e-08 1.3113e-06 0.0 0.999752 0.0 0.053698 1.2815e-06 9.56655e-06 0.0 1.0 0.0 0.0 1.0 0.0 0.0 0.0 0.0 0.0 0.0 0.997202 0.0 0.0698461 0.0 0.0
0.0 0.0 0.0 0.0 0.0 0.0 0.0 0.0 0.0 0.0 0.0 0.0 0.0 0.0 0.0 0.0 0.0 0.0 0.0 0.0 0.0 0.0 0.0 0.0 0.0 0.0 0.0 0.0 0.999941 0.0 0.0 0.0 0.0 0.0 0.0 0.0 0.0 0.0 0.0 0.0 0.0 0.0 0.0 0.0 0.0 0.0 0.0 0.0 0.0 0.0 0.0 0.0 0.0 0.0 0.0 0.0 0.0 0.0 0.0 0.0 0.0 0.0 0.0 0.0
0.0 0.000145137 0.0 0.0 0.0 0.0 0.0 0.0 0.0 0.0 0.0 0.0 0.0 0.0 0.0 0.0 0.0 0.0 0.0 0.0 0.0 0.00423312 0.0 0.0 0.0 0.0 0.0 0.965817 0.0 0.0 0.0 0.0 0.0 0.0 0.0 0.0 0.0 0.0 0.955194 0.0 0.0 0.0 0.0 0.0 0.0 0.0 0.0 0.0 0.0 0.0 0.0 0.0 0.000750393 0.0 0.0 0.0 0.0 0.0 0.0 1.63913e-06 0.0 0.0 0.0 0.0
0.0 0.0 0.0 0.0 1.49012e-07 0.0 0.0 0.0 0.0 0.0 0.0 0.0 0.0 0.0 0.0 0.0 0.0 0.0 0.0 0.0 0.0 0.0 0.0 0.0 0.0 0.0 0.0 0.0 0.0 0.0 0.0 0.0 0.0 0.0 0.0 0.0 0.0 0.0 0.0 0.0 0.0 0.0 0.0 0.0 0.0 0.0 0.0 0.0 0.0 0.0 6.25849e-07 0.999988 0.0 0.0 0.0 0.0 0.0 0.0 0.0 0.0 0.0 0.0 0.0 0.0
0.0 0.0 0.981135 0.982697 0.0 0.0 0.0 0.0 0.0 0.0 0.0 0.155561 0.0 0.0 0.0015125 5.99027e-06 0.0617081 0.0 0.0 0.0 0.0 0.0 0.0 0.982094 0.999994 0.0 0.981148 0.0 0.0 0.977832 0.0 0.000139594 0.0 0.948081 0.0 0.0 0.981434 0.0 0.0 0.0 2.98023e-08 0.981135 0.0 0.0 0.0 0.0 0.981137 0.984755 0.0 0.0 0.0 0.0 0.0 0.0 0.0 0.0 0.0 0.0 0.0 0.0 0.0 0.0 0.0 0.0
0.0 0.0 0.0 0.0 0.0 0.0 0.0 0.0 0.0 0.0 0.0 0.0 0.0 0.0 0.0 0.0 0.0 0.0 0.0 0.0 0.0 0.0 0.0 0.0 0.0 0.0 0.0 0.0 0.0 0.0 0.0 0.0 0.0 0.0 0.0 0.0 0.0 0.0 0.0 0.0 0.0 0.0 0.0 0.0 0.999986 0.0 0.0 0.0 0.0 0.0 0.0 0.0 0.0 0.0 0.0 0.0 0.0 0.0 0.0 0.0 0.0 0.0 0.0 0.0
0.0 0.0 0.0 0.0 0.0 0.0 0.0 0.0 0.0 0.0 6.73532e-06 0.0 0.0 0.0 0.0 0.0 0.0 0.0 0.0 0.0 0.0 0.0 0.0 0.0 0.0 0.00053665 0.0 0.0 0.0 0.0 0.0 0.0 0.00106117 0.0 0.0 0.977553 0.0 0.0 0.0 0.0 0.0 0.0 0.0 0.0 0.0 0.0 0.0 0.0 0.116091 0.0 0.0 0.0 0.0 0.0 0.0 0.0 0.0 0.0 0.0 0.0 0.0 0.0 0.270127 0.977101
0.0 0.0 0.981734 0.982916 0.0 0.0 0.0 0.0 0.0 0.0 0.0 0.147282 0.0 0.0 0.00150466 5.84126e-06 0.0569553 0.0 0.0 0.0 0.0 0.0 0.0 0.982737 0.999994 0.0 0.981755 0.0 0.0 0.976983 0.0 0.000128537 0.0 0.946197 0.0 0.0 0.981953 0.0 0.0 0.0 0.0 0.981735 0.0 0.0 0.0 0.0 0.981728 0.984449 0.0 0.0 0.0 0.0 0.0 0.0 0.0 0.0 0.0 0.0 0.0 0.0 0.0 0.0 0.0 0.0
0.0 0.00328943 0.0 0.0 0.0 0.0 0.0 0.0 0.0 2.68221e-07 0.0 0.0 0.0 0.0 0.0 0.0 0.0 0.0 0.0 0.0 0.0 0.0613753 0.0 0.0 0.0 0.0 0.0 0.161083 0.0 0.0 0.0 0.0 0.0 0.0 0.0 0.0 0.0 0.0 0.98115 0.0 0.0 0.0 0.0 0.0 0.0 0.0 0.0 0.0 0.0 0.0 0.0 0.0 0.000662357 0.0 0.0 0.0 0.0 0.0 0.0 0.000353307 0.0 0.0 0.0 0.0
0.0 8.9407e-08 5.3674e-05 5.40316e-05 0.0 0.0 0.0 0.0 0.0 1.66893e-06 0.0 2.16365e-05 0.0 0.0 0.982184 0.425196 0.000320941 0.0 0.0 0.0 0.0 0.0 0.0 5.67734e-05 0.120107 0.0 5.4121e-05 0.0 0.0 0.000855744 0.0 0.00522414 0.0 0.00601509 0.0 0.0 5.25415e-05 0.0 0.0 0.0 0.0358094 5.3674e-05 0.0 0.0 0.0 0.00978932 5.37634e-05 0.000291049 0.0 0.0 0.0 0.0 0.0 0.0 0.0 0.0 0.0 0.0 0.0 0.0 0.0 0.0479004 0.0 0.0
0.0 1.19209e-07 4.16338e-05 3.96967e-05 0.0 0.0 0.0 0.0 0.0 0.0146661 0.0 0.165822 0.0 0.0 6.73532e-06 0.131214 0.000509411 0.0 0.0 0.0 0.0 1.19209e-07 0.0 4.44055e-05 0.379196 0.0 4.15742e-05 0.0 0.0 0.00187609 0.0 0.986351 0.0 0.000117898 0.0 0.0 4.06206e-05 0.0 0.0 0.0 0.0 4.16338e-05 0.0 1.43051e-06 0.0 8.13603e-06 4.16338e-05 0.000260592 0.0 0.0 0.0 0.0 1.97589e-05 0.0 0.0 0.0 0.0 0.0 0.0 0.0196567 0.0 1.51992e-05 0.0 0.0
0.0 0.0 0.0 0.0 0.0 0.0 0.0 0.0 0.0 0.0 0.0 0.0 0.0 0.0 0.0 0.0 0.0 0.0 0.0 0.999981 0.0 0.0 0.0 0.0 0.0 0.0 0.0 0.0 0.0 0.0 0.0 0.0 0.0 0.0 0.0 0.0 0.0 0.0 0.0 0.0 0.0 0.0 0.0 0.0 0.0 0.0 0.0 0.0 0.0 0.0 0.0 0.0 0.0 0.0 0.0 0.0 0.0 0.0 0.0 0.0 0.0 0.0 0.0 0.0
0.0 0.128177 0.0 0.0 0.0 0.0 0.0 0.0 0.0 0.310375 0.0 8.9407e-08 0.0 0.0 0.0 4.92632e-05 0.0 0.0 0.0 0.0 0.0 0.857631 0.0 0.0 0.0 0.0 0.0 0.00269169 0.0 0.0 0.0 8.77976e-05 0.0 0.0 0.0 0.0 0.0 0.0 0.000574291 0.0 0.0 0.0 0.0 0.0 0.0 1.34706e-05 0.0 0.0 0.0 0.0 0.0 0.0 0.760793 0.0 0.0 0.0 0.0 0.0 0.0 0.993434 0.0 5.36442e-07 0.0 0.0
0.0 0.999539 0.0 0.0 0.0 0.0 0.0 0.0 0.0 1.72853e-06 0.0 0.0 0.0 0.0 0.0 7.80821e-06 0.0 0.0 0.0 0.0 0.0 0.00405291 0.0 0.0 0.0 0.0 0.0 1.18315e-05 0.0 0.0 0.0 0.0 0.0 0.0 0.0 0.0 0.0 0.0 6.21974e-05 0.0 0.0 0.0 0.0 0.0 0.0 0.0538493 0.0 0.0 0.0 0.00463566 0.0 0.0 0.0322461 0.0 0.0 0.0 0.0 0.0 0.0 0.000365525 0.0 1.03116e-05 0.0 0.0
0.0 0.0 0.0 0.0 1.19209e-07 0.0 0.0 0.0 0.0 0.0 0.0 0.0 0.0 0.0 0.0 0.0 0.0 0.998778 0.0 0.0 0.0 0.0 0.0 0.0 0.0 0.0 0.0 0.0 0.0 0.0 0.0 0.0 0.0 0.0 0.0 0.0 0.0 0.0 0.0 0.0 0.0 0.0 0.0 0.0 0.0 0.0 0.0 0.0 0.0 0.0 3.8743e-07 0.0 0.0 0.0 0.0 0.0 0.0 0.0 0.0 0.0 0.0 0.0 0.0 0.0
0.0 0.0 0.0 0.0 0.0 0.0 0.0 0.0 0.0 0.0 0.0 0.0 0.0 0.0 0.0 0.0 0.0 0.0 0.0 0.0 0.0 0.0 0.0 0.0 0.0 0.0 0.0 0.0 0.0 0.0 0.0 0.0 0.0 0.0 0.0 0.0 0.0 0.0 0.0 0.0 0.0 0.0 0.998566 0.0 0.0 0.0 0.0 0.0 0.0 0.0 0.0 0.0 0.0 0.0 0.0 0.0 0.0 0.0 0.0 0.0 0.0 0.0 0.0 0.0
0.0 0.0 0.0 0.0 0.986185 0.0 0.0 0.0 0.0 0.0 0.0 0.0 0.0 0.0 0.0 0.0 0.0 1.01328e-06 0.0 0.0 0.0 0.0 0.0 0.0 0.0 0.0 0.0 0.0 0.0 0.0 0.0 0.0 0.0 0.0 0.0 0.0 0.0 0.0 0.0 0.0 0.0 0.0 0.0 0.0 0.0 0.0 0.0 0.0 0.0 0.0 0.0639945 3.06666e-05 0.0 0.0 0.0 0.0 0.0 0.0 0.0 0.0 0.0 0.0 0.0 0.0
0.0 0.0 0.0 0.0 0.0 0.996796 0.0 0.0 0.0 0.0 0.0 0.0 0.0 0.0 0.0 0.0 0.0 0.0 0.0 0.0 0.0 0.0 0.0 0.0 0.0 0.0 0.0 0.0 0.0 0.0 0.0 0.0 0.0 0.0 0.0 0.0 0.0 0.0 0.0 0.0 0.0 0.0 0.0 0.0 0.0 0.0 0.0 0.0 0.0 0.0 0.0 0.0 0.0 0.0 0.0 0.0 0.0 0.0 0.0 0.0 1.0 0.0 0.0 0.0
0.0 0.0 0.0 0.0 0.0 0.0 0.0 0.0 0.0 0.0 0.99998 0.0 0.332346 0.0 0.0 0.0 0.0 0.0 0.0 0.0 0.0 0.0 0.0 0.0 0.0 1.0 0.0 0.0 0.0 0.0 0.0 0.0 1.0 0.0 0.167971 0.999997 0.0 0.0 0.0 0.795012 0.0 0.0 0.0 0.0 0.0 0.0 0.0 0.0 1.0 0.0 0.0 0.0 0.0 0.0 0.0 0.0 0.0 0.0 0.0 0.0 0.0 0.0 1.0 0.999998
0.0 0.000988126 0.0 0.0 0.0 0.0 0.0 0.0 0.0 0.649575 0.0 6.04987e-06 0.0 0.0 0.0 0.00477886 1.19209e-07 0.0 0.0 0.0 0.0 0.00452703 0.0 0.0 3.45707e-06 0.0 0.0 1.93715e-06 0.0 8.9407e-08 0.0 0.0100756 0.0 0.0 0.0 0.0 0.0 0.0 3.8743e-07 0.0 0.0 0.0 0.0 0.0 0.0 0.000274003 0.0 0.0 0.0 0.0 0.0 0.0 0.0182669 0.0 0.0 0.0 0.0 0.0 0.0 0.676325 0.0 5.63264e-06 0.0 0.0
0.0 6.97374e-06 1.78814e-06 1.72853e-06 0.0 0.0 0.0 0.0 0.0 9.0301e-06 0.0 0.00067991 0.0 0.0 0.349365 0.997767 9.83477e-07 0.0 0.0 0.0 0.0 0.0 0.0 1.87755e-06 0.0430806 0.0 1.81794e-06 0.0 0.0 0.000103086 0.0 0.100887 0.0 0.000801355 0.0 0.0 1.69873e-06 0.0 0.0 0.0 2.30372e-05 1.78814e-06 0.0 0.0 0.0 0.00116387 1.72853e-06 1.68681e-05 0.0 0.0 0.0 0.0 2.98023e-08 0.0 0.0 0.0 0.0 0.0 0.0 2.08616e-07 0.0 0.0592555 0.0 0.0
0.0 0.0 0.0 0.0 0.0 0.0 0.0 0.0 0.0 0.0 0.0 0.0 0.0 0.0 0.0 0.0 0.0 0.0 0.0 0.0 0.0 0.0 0.0 0.0 0.0 1.49012e-07 0.0 0.0 0.0 0.0 0.0 0.0 0.0 0.0 0.0 7.7486e-07 0.0 0.0 0.0 0.0 0.0 0.0 0.0 0.0 0.0 0.0 0.0 0.0 2.98023e-08 0.0 0.0 0.0 0.0 0.0 0.0 0.0 0.0 0.0 0.0 0.0 0.0 0.0 8.64267e-07 3.8743e-07
0.0 0.0 0.0 0.0 0.0 0.0 0.0 0.0 0.0 0.0 0.0 0.0 0.0 0.0 0.0 0.0 0.0 0.0 0.0 0.0 0.0 0.0 0.0 0.0 0.0 0.0 0.0 0.0 0.0 0.0 0.0 0.0 0.0 0.0 0.0 0.0 0.0 0.0 0.0 0.0 0.0 0.0 0.0 0.0 0.0 0.0 0.0 0.0 0.0 0.0 0.0 0.0 0.0 0.0 0.0 0.0 0.0 0.0 0.0 0.0 0.0 0.0 0.0 0.0
0.0 0.0 0.0 0.0 0.0 0.0 0.0 0.0 0.0 0.0 0.00088647 0.0 0.0 0.0 0.0 0.0 0.0 0.0 0.0 0.0 0.0 0.0 0.0 0.0 0.0 0.218693 0.0 0.0 0.0 0.0 0.0 0.0 0.000125527 0.0 2.38419e-07 0.000212044 0.0 0.0 0.0 5.96046e-08 0.0 0.0 0.0 0.0 0.0 0.0 0.0 0.0 3.36766e-06 0.0 0.0 0.0 0.0 0.0 0.0 0.0 0.0 0.0 0.0 0.0 0.0 0.0 2.58386e-05 8.57413e-05
0.0 0.0 0.955561 0.958188 0.0 0.0 0.0 0.0 0.0 0.0 0.0 0.378102 0.0 0.0 0.0016773 6.36578e-05 0.0444163 0.0 0.0 0.0 0.0 0.0 0.0 0.958207 0.999996 0.0 0.955595 0.0 0.0 0.972572 0.0 0.000641465 0.0 0.910558 0.0 0.0 0.955857 0.0 0.0 0.0 2.98023e-08 0.955563 0.0 0.0 0.0 0.0 0.955604 0.978091 0.0 0.0 0.0 0.0 0.0 0.0 0.0 0.0 0.0 0.0 0.0 0.0 0.0 0.0 0.0 0.0
0.0 0.0 0.0 0.0 0.0 0.0 0.0 0.0 0.0 0.0 0.0 0.0 0.0 0.0 0.0 0.0 0.0 0.0 0.0 0.0 0.0 0.0 0.0 0.0 0.0 0.0 0.0 0.0 0.0 0.0 0.999999 0.0 0.0 0.0 0.0 0.0 0.0 0.0 0.0 0.0 0.0 0.0 0.0 0.0 0.0 0.0 0.0 0.0 0.0 0.0 0.0 0.0 0.0 0.0 0.0 0.0 0.0 0.0 0.0 0.0 0.0 0.0 0.0 0.0
0.0 0.00489658 0.0 0.0 0.0 0.0 0.0 0.0 0.0 0.000554204 0.0 2.38419e-07 0.0 0.0 0.00282392 0.881985 0.0 0.0 0.0 0.0 0.0 0.0 0.0 0.0 1.00434e-05 0.0 0.0 0.0 0.0 0.0 0.0 0.00718531 0.0 3.57628e-07 0.0 0.0 0.0 0.0 0.0 0.0 0.000130594 0.0 0.0 0.0 0.0 0.481315 0.0 0.0 0.0 5.96046e-08 0.0 0.0 0.0 0.0 0.0 0.0 0.0 0.0 0.0 2.75075e-05 0.0 0.981084 0.0 0.0
0.0 0.0679603 0.0 0.0 0.0 0.0 0.0 0.0 0.0 0.28094 0.0 1.19209e-07 0.0 0.0 0.0 0.00185204 0.0 0.0 0.0 0.0 0.0 0.00119299 0.0 0.0 1.78814e-07 0.0 0.0 4.76837e-07 0.0 0.0 0.0 0.000779063 0.0 0.0 0.0 0.0 0.0 0.0 2.29478e-06 0.0 0.0 0.0 0.0 0.0 0.0 0.00503534 0.0 0.0 0.0 0.0 0.0 0.0 0.000413567 0.0 0.0 0.0 0.0 0.0 0.0 0.138049 0.0 4.05014e-05 0.0 0.0
0.0 0.0 0.982254 0.983123 0.0 0.0 0.0 0.0 0.0 0.0 0.0 0.136655 0.0 0.0 0.00131166 4.61936e-06 0.0558345 0.0 0.0 0.0 0.0 0.0 0.0 0.982652 0.999994 0.0 0.982228 0.0 0.0 0.977597 0.0 0.000119567 0.0 0.940372 0.0 0.0 0.982468 0.0 0.0 0.0 0.0 0.982255 0.0 0.0 0.0 0.0 0.982247 0.984278 0.0 0.0 0.0 0.0 0.0 0.0 0.0 0.0 0.0 0.0 0.0 0.0 0.0 0.0 0.0 0.0
0.0 0.0 0.0 0.0 0.0 0.0 0.0 0.0 0.0 0.0 2.60174e-05 0.0 0.0 0.0 0.0 0.0 0.0 0.0 0.0 0.0 0.0 0.0 0.0 0.0 0.0 0.00595403 0.0 0.0 0.0 0.0 0.0 0.0 0.00479299 0.0 0.0 0.974968 0.0 0.0 0.0 0.0 0.0 0.0 0.0 0.0 0.0 0.0 0.0 0.0 0.367095 0.0 0.0 0.0 0.0 0.0 0.0 0.0 0.0 0.0 0.0 0.0 0.0 0.0 0.298732 0.984535
0.0 0.0 0.928809 0.93218 0.0 0.0 0.0 0.0 0.0 0.0 0.0 0.135023 0.0 0.0 0.0204037 0.000204086 0.0293376 0.0 0.0 0.0 0.0 0.0 0.0 0.933016 0.999983 0.0 0.929137 0.0 0.0 0.961908 0.0 0.000199646 0.0 0.988912 0.0 0.0 0.928818 0.0 0.0 0.0 2.98023e-07 0.928808 0.0 0.0 0.0 0.0 0.928814 0.974687 0.0 0.0 0.0 0.0 0.0 0.0 0.0 0.0 0.0 0.0 0.0 0.0 0.0 0.0 0.0 0.0
0.0 0.0 0.630422 0.634115 0.0 0.0 0.0 0.0 0.0 5.96046e-08 0.0 0.0813726 0.0 0.0 0.682696 0.465539 0.0819975 0.0 0.0 0.0 0.0 0.0 0.0 0.636289 0.999935 0.0 0.631922 0.0 0.0 0.902262 0.0 0.0331058 0.0 0.996834 0.0 0.0 0.629739 0.0 0.0 0.0 1.84774e-05 0.630422 0.0 0.0 0.0 0.0 0.630435 0.903282 0.0 0.0 0.0 0.0 0.0 0.0 0.0 0.0 0.0 0.0 0.0 0.0 0.0 3.99351e-06 0.0 0.0
0.0 0.0 0.0 0.0 0.0 0.0 0.0 0.0 0.0 0.0 0.0 0.0 0.0 0.999985 0.0 0.0 0.0 0.0 0.0 0.0 0.0 0.0 0.0 0.0 0.0 0.0 0.0 0.0 0.0 0.0 0.0 0.0 0.0 0.0 0.0 0.0 0.0 1.49012e-07 0.0 0.0 0.0 0.0 0.0 0.0 0.0 0.0 0.0 0.0 0.0 0.0 0.0 0.0 0.0 0.0 0.0 0.0 0.0 0.0 0.0 0.0 0.0 0.0 0.0 0.0
0.0 0.0 0.0 0.0 0.0 0.0 0.0 0.0 0.0 0.0 0.0 0.0 0.0 0.0 0.0 0.0 0.0 0.0 0.924038 0.0 0.0 0.0 0.0 0.0 0.0 0.0 0.0 0.0 0.0 0.0 0.0 0.0 0.0 0.0 0.0 0.0 0.0 0.0 0.0 0.0 0.0 0.0 0.0 0.0 0.0 0.0 0.0 0.0 0.0 0.0 0.0 0.0 0.0 0.0 0.0 0.0 0.0 0.0 0.0 0.0 0.0 0.0 0.0 0.0
0.0 2.5928e-06 0.00152209 0.0015099 0.0 0.0 0.0 0.0 0.0 0.000278175 0.0 0.00374743 0.0 0.0 9.39965e-05 0.635233 0.000175625 0.0 0.0 0.0 0.0 7.7486e-07 0.0 0.00153655 0.898069 0.0 0.00152194 0.0 0.0 0.0206041 0.0 0.367101 0.0 0.0053378 0.0 0.0 0.00149444 0.0 0.0 0.0 7.62939e-06 0.00152209 0.0 0.0 0.0 0.000284553 0.00152284 0.00615019 0.0 0.0 0.0 0.0 2.65241e-05 0.0 0.0 0.0 0.0 0.0 0.0 0.000741035 0.0 0.000193357 0.0 0.0
0.0 0.705186 0.0 0.0 0.0 0.0 0.0 0.0 0.0 0.00079006 0.0 0.0 0.0 0.0 2.38419e-07 0.00112072 0.0 0.0 0.0 0.0 0.0 5.96046e-08 0.0 0.0 0.0 0.0 0.0 0.0 0.0 0.0 0.0 1.19209e-07 0.0 0.0 0.0 0.0 0.0 0.0 0.0 0.0 2.32458e-06 0.0 0.0 0.0 0.0 0.996355 0.0 0.0 0.0 0.0 0.0 0.0 6.25849e-07 0.0 0.0 0.0 0.0 0.0 0.0 5.10812e-05 0.0 0.0011296 0.0 0.0
0.0 0.0 0.0 0.0 0.0 0.0 0.0 0.0 0.0 0.0 0.0 0.0 0.0 0.0 0.0 0.0 0.0 0.0 0.0 0.0 0.0 0.0 0.0 0.0 0.0 0.0 0.0 0.0 0.0 0.0 0.0 0.0 0.0 0.0 0.0 0.0 0.0 0.0 0.0 0.0 0.0 0.0 0.0 0.0 0.0 0.0 0.0 0.0 0.0 0.0 0.0 0.0 0.0 0.0 0.0 0.0 0.0 0.0 0.99998 0.0 0.0 0.0 0.0 0.0
0.0 0.0 0.0 0.0 0.0 0.0 0.0 0.0 0.0 0.0 0.0 0.0 0.0 2.98023e-08 0.0 0.0 0.0 0.0 0.0 0.0 0.0 0.0 0.0 0.0 0.0 0.0 0.0 0.0 0.0 0.0 0.0 0.0 0.0 0.0 0.0 0.0 0.0 0.998886 0.0 0.0 0.0 0.0 0.0 0.0 0.0 0.0 0.0 0.0 0.0 0.0 0.0 0.0 0.0 0.0 0.0 0.0 0.0 0.0 0.0 0.0 0.0 0.0 0.0 0.0
0.0 0.0 0.982869 0.98368 0.0 0.0 0.0 0.0 0.0 0.0 0.0 0.156267 0.0 0.0 0.00137669 5.48363e-06 0.0558491 0.0 0.0 0.0 0.0 0.0 0.0 0.983237 0.999994 0.0 0.982849 0.0 0.0 0.977118 0.0 0.000154644 0.0 0.94128 0.0 0.0 0.983203 0.0 0.0 0.0 2.98023e-08 0.98287 0.0 0.0 0.0 0.0 0.982869 0.984263 0.0 0.0 0.0 0.0 0.0 0.0 0.0 0.0 0.0 0.0 0.0 0.0 0.0 0.0 0.0 0.0
0.0 0.0 0.0 0.0 0.0 0.0 0.0 0.0 0.0 0.0 0.997641 0.0 0.00930613 0.0 0.0 0.0 0.0 0.0 0.0 0.0 0.0 0.0 0.0 0.0 0.0 0.999125 0.0 0.0 0.0 0.0 0.0 0.0 0.987349 0.0 0.11982 5.34654e-05 0.0 0.0 0.0 0.0758352 0.0 0.0 0.0 0.0 0.0 0.0 0.0 0.0 0.247583 0.0 0.0 0.0 0.0 0.0 0.0 0.0 0.0 0.0 0.0 0.0 0.0 0.0 0.876727 4.84288e-05
0.0 0.169802 0.0 0.0 0.0 0.0 0.0 0.0 0.0 0.0014382 0.0 0.0 0.0 0.0 0.0 3.03984e-06 0.0 0.0 0.0 0.0 0.0 0.916834 0.0 0.0 0.0 0.0 0.0 0.0161634 0.0 0.0 0.0 4.44055e-06 0.0 0.0 0.0 0.0 0.0 0.0 0.000714093 0.0 0.0 0.0 0.0 4.47035e-07 0.0 1.19209e-07 0.0 0.0 0.0 1.49012e-07 0.0 0.0 0.934828 0.0 0.0 0.0 0.0 0.0 0.0 0.945416 0.0 0.0 0.0 0.0
0.0 0.0 0.0 0.0 0.0 0.999975 0.0 0.0 0.0 0.0 0.0 0.0 0.0 0.0 0.0 0.0 0.0 0.0 0.0 0.0 0.0 0.0 0.0 0.0 0.0 0.0 0.0 0.0 0.0 0.0 0.0 0.0 0.0 0.0 0.0 0.0 0.0 0.0 0.0 0.0 0.0 0.0 0.0 0.0 0.0 0.0 0.0 0.0 0.0 0.0 0.0 0.0 0.0 0.0 0.0 0.0 0.0 0.0 0.0 0.0 0.990151 0.0 0.0 0.0
0.0 0.0 5.96046e-08 5.96046e-08 0.0 0.0 0.0 0.0 0.0 0.0 0.0 0.0 0.0 0.0 0.00454003 0.000430942 0.0 0.0 0.0 0.0 0.0 0.0 0.0 0.0 1.17719e-05 0.0 2.98023e-08 0.0 0.0 1.19209e-07 0.0 0.0 0.0 5.66244e-07 0.0 0.0 5.96046e-08 0.0 0.0 0.0 0.996381 5.96046e-08 0.0 0.0 0.0 5.20945e-05 2.98023e-08 0.0 0.0 0.0 0.0 0.0 0.0 0.0 0.0 0.0 0.0 0.0 0.0 0.0 0.0 1.98483e-05 0.0 0.0
0.0 0.0 0.0 0.0 0.0 0.0 0.0 0.0 0.998226 0.0 0.0 0.0 0.0 0.0 0.0 0.0 0.0 0.0 0.0 0.0 0.0 0.0 0.0 0.0 0.0 0.0 0.0 0.0 0.0 0.0 0.0 0.0 0.0 0.0 0.0 0.0 0.0 0.0 0.0 0.0 0.0 0.0 0.0 0.0 0.0 0.0 0.0 0.0 0.0 0.0 0.0 0.0 0.0 0.0 0.0 0.0 0.0 0.0 0.0 0.0 0.0 0.0 0.0 0.0
0.0 0.0 0.0 0.0 0.0637865 0.0 0.0 0.0 0.0 0.0 0.0 0.0 0.0 0.0 0.0 0.0 0.0 6.55651e-06 0.0 0.0 0.0 0.0 0.0 0.0 0.0 0.0 0.0 0.0 0.0 0.0 0.0 0.0 0.0 0.0 0.0 0.0 0.0 0.0 0.0 0.0 0.0 0.0 0.0 0.0 0.0 0.0 0.0 0.0 0.0 0.0 0.985529 1.74642e-05 0.0 0.0 0.0 0.0 0.0 0.0 0.0 0.0 0.0 0.0 0.0 0.0
29 2 57 49 39 32 12 43 31 26 36 33 15 1 52 24 59 23 60 17 7 22 18 44 21 3 5 55 0 51 56 30 27 16 54 58 6 13 37 19 38 11 45 10 25 48 62 20 9 47 61 34 35 63 8 28 46 41 40 42 4 50 53 14
