8
0.00145528 0.0 6.85453e-07 0.0 0.0 0.0 0.0 0.0 0.0 0.0 4.17233e-07 0.0 0.0 0.0 0.0 0.0 0.0 0.0 0.0 2.98023e-07 0.0 0.0 0.0 0.0 0.0 0.0 0.0 0.0 0.0 0.0 0.0 0.0 0.0 0.0 0.0 0.0 0.0 0.0 0.0 0.0 0.0 0.0 0.0 0.0 0.0 0.999002 0.0 0.0 0.0 0.0 0.0 0.0 0.0 0.0 0.0 0.0 1.19209e-07 0.0 0.0 0.0 0.0 0.0 0.0 0.0
0.00023067 8.34465e-07 0.99932 0.0 0.0 0.0 0.0011735 0.0 0.0 0.0 0.0 0.0 0.0 0.0 0.0 0.0 3.8743e-07 0.0 0.0 0.000429422 0.0 0.0 0.0 0.0 0.0 0.0 0.0 0.0 4.82798e-06 0.0 0.0 0.0 0.0 0.0 0.0 0.0 1.78814e-07 0.0 2.0802e-05 0.0 0.0 0.0 0.0 0.0 1.14143e-05 2.38419e-07 0.0 0.0 0.000822693 0.0 0.0 0.0 0.0 0.0 0.0 0.0 1.17123e-05 0.0 0.0 0.0 0.0 0.0 0.0 0.0
0.00292566 4.39584e-05 0.953022 0.0 0.0 0.0 2.68221e-07 0.0 0.0 2.98023e-08 0.0 0.0 0.0 0.0 0.0 0.0 5.06639e-07 0.0 0.0 0.995856 0.0 0.0 0.0 2.98023e-08 0.0 0.0 0.0 0.0 0.002599 0.0 0.0 0.0 0.0 0.0 0.0 0.0 0.0 0.0 3.27826e-07 0.0 0.0 0.0 0.0 0.0 0.0 1.04308e-05 0.0 0.0 6.55651e-07 0.0 0.0 0.0 0.0 0.0 0.0 0.0 0.000210673 0.0 0.0 0.0 0.0 0.0 0.0 0.0
0.0 0.0 0.0 0.0 0.0 0.999953 0.0 0.0 0.0 0.0 0.0 0.0 0.0 0.0 0.0 0.0 0.0 0.0 0.0 0.0 0.0 0.0 0.0 0.0 0.0 0.0 0.0 0.0 0.0 0.0 0.0 0.0 0.0 0.0 0.0 0.0 0.0 0.0 0.0 0.0 0.0 0.0 0.0 0.0 0.0 0.0 0.0 0.0 0.0 0.0 0.0 0.0 0.0 0.0 0.0 0.0 0.0 0.0 0.0 0.0 0.0 0.0 0.0 0.0
8.9407e-08 0.0 0.0 0.0 0.0 0.0 0.0 0.0 0.0 0.0 8.34465e-07 0.0 0.0 0.0 0.0 0.0 0.0 6.25849e-07 0.0 1.78814e-07 0.0 0.0 0.0 5.66244e-07 0.0 0.0 0.0 0.0 0.0 0.0 0.0 0.0 0.0 0.0 0.0 0.0 0.0 0.0 0.0 0.0 0.0 0.0 0.0 0.0 0.0 0.0 0.0 0.0 0.0 0.0 0.0 0.0 0.0 0.0 0.0 0.0 0.998173 0.0 0.0 0.0 0.0 0.0 0.0 0.0
0.0 0.0 0.0 0.0 0.0 0.0 0.0 0.0 0.0 0.0 0.0 0.0 0.0 0.0 0.0 0.0 0.0 0.0 0.0 0.0 0.0 0.0 0.0 0.0 0.0 0.0 0.0 0.999981 0.0 0.0 0.0 0.0 0.0 0.0 0.0 0.0 0.0 0.0 0.0 2.98023e-08 1.75834e-06 0.0 0.0 0.0 0.0 0.0 0.0 0.0 0.0 0.0 0.0 0.0 0.0 0.0 0.0 0.0 0.0 0.0 0.0 0.0 0.0 0.0 0.0 0.0
0.0 0.00678375 0.0 0.0 0.0 0.0 0.0 0.0 0.0 0.0 0.0 0.0 0.0 0.0 0.0 0.0 0.0 0.0 0.0 0.0 0.0 0.0 0.991877 0.0 0.0 0.0 0.0 0.0 0.0 0.0 0.0 0.0 0.0 0.0 0.0 0.0 0.0 0.0 0.0 0.0 0.0 0.0 0.0 0.0 0.0 0.0 0.0 0.0 0.0 0.0 0.0 0.0 0.0 0.0 0.0 0.0 0.0 0.0 0.0 0.0 0.0 0.0 0.0 0.0
0.0 4.17233e-07 1.71959e-05 0.0 0.0 0.0 0.0 0.0 0.0 0.0 0.0 0.0 0.0 0.0 2.68221e-07 0.0 0.997163 0.0 0.0 0.0 0.0 0.0 0.0 0.0 0.0 0.000678062 0.0 0.0 0.0 0.0 0.0 0.0 0.0 0.0 0.0 0.0 2.98023e-07 0.0 0.00485206 0.0 0.0 0.0 0.0 0.0 1.78814e-07 0.0 0.0 0.0 5.1856e-06 0.0 0.0 0.0 0.0 0.0 0.0 0.0 0.0 0.0 0.0 3.03984e-06 0.0 0.0 0.0 0.0
0.0 0.0 0.0 0.0 0.0 0.0 0.0 0.0 0.0 0.0 0.0 0.0 0.996789 0.0 0.0 0.0 0.0 0.0 0.0 0.0 0.0 0.0 0.0 0.0 0.0 0.0 0.0 0.0 0.0 0.0 0.0 0.0 0.0 0.0 0.0 0.0 0.0 0.0 0.0 0.0 0.0 0.0 0.0 0.0 0.0 0.0 0.0 0.0 0.0 0.0 0.0 0.0 0.0 0.0 0.0 2.08616e-07 0.0 0.0 0.0 0.0 0.0 0.0 0.0 0.0
0.0 0.0 0.0 0.0 0.0 0.0 0.0 0.0 0.0 0.0 0.0 0.0 0.0 0.0 0.0 0.0 0.0 1.0 0.0 0.0 0.0 0.0 0.0 0.0 0.0 0.0 0.0 0.0 0.0 0.0 0.0 0.0 0.0 0.0 0.0 0.00137672 0.0 0.0 0.0 0.0 2.98023e-08 0.0 0.0 0.0 0.0 0.0 0.0 0.0 0.0 0.0 0.0 0.0 0.0 0.0 0.0 0.0 0.0 0.0 0.0 0.0 0.0 0.0 0.0 0.0
0.0 0.0 0.0 0.0 0.0 0.0 0.0 0.0 0.0 0.0 8.04663e-07 0.0 0.0 0.0 0.0 0.0 0.0 0.0 0.0 0.0 0.0 0.0 0.0 0.0 0.0 0.0 0.0 0.0 0.0 5.96046e-08 0.0 0.0 0.0 0.0 0.0 0.0 0.0 0.999822 0.0 0.0 0.0 0.0 0.0 0.0 0.0 0.0 0.0 0.0 0.0 0.0 0.0 0.0 0.0 0.0 0.0 0.0 0.0 0.0 0.0 0.0 0.0 0.0 0.0 0.0
0.0 0.0 0.0 0.0 0.000326663 0.0 2.98023e-08 0.0 0.0 0.0 0.0 0.000126153 0.0 0.0868338 0.0 0.0 0.0 0.0 0.0 0.0 0.0 0.0 0.0 0.0 0.0 0.0 0.0 0.0 0.0 0.0 0.0 0.0 6.25849e-07 0.0 0.0 0.0 0.000126123 0.0 0.0 0.0 0.0 0.0 0.0 0.0 0.0 0.0 0.0 0.0 0.0 0.99061 0.0 0.0 0.0 0.0 0.0 0.0 0.0 0.0 0.0 0.0 0.0 5.96046e-08 0.0 0.0
0.0 0.0 0.0 0.0 0.0 0.0 0.0 0.0 0.0 1.0 0.0 0.0 0.0 0.0 0.0 0.0 0.0 0.0 0.0 2.38419e-07 0.0 0.0 0.0 0.0 0.0 0.0 0.0 0.0 0.0 0.0 0.0 0.0 0.0 0.0 0.0 0.0 0.0 0.0 0.0 0.0 0.0 0.0 0.0 0.0 0.0 0.0 0.0 0.0 0.0 0.0 0.0 0.0 0.0 0.0 0.0 0.0 0.0 0.0 0.0 0.0 0.0 0.0 0.0 0.0
0.0 0.0 0.0 1.19209e-07 0.0 0.0 7.21216e-06 0.0 0.0 0.0 0.0 0.0 0.0 0.000134796 0.0 0.0 0.0 0.0 0.0 0.0 0.0 0.0 0.0 0.0 0.0 0.0 0.0 0.0 0.0 0.0 0.0 0.0 0.996287 0.0 0.0 0.0 0.00687054 0.0 0.0 0.0 0.0 0.0 0.0 0.0 0.0 0.0 0.0 0.0 0.0 7.51019e-06 0.0 0.0 0.0 0.0 0.0 0.0 0.0 0.0105767 0.0 0.0 0.0 3.36766e-06 0.0 0.0
0.0 0.0 0.0 0.0 0.0 0.0 1.49012e-07 0.0 0.0 0.0 0.0 0.0 0.0 0.0 0.194716 0.0 1.78814e-07 0.0 0.00550976 0.0 0.0 0.0 0.0 0.0 0.0 1.19209e-07 0.0 0.0 0.0 0.0 0.0 0.0 0.0 0.0 0.0705584 0.0 0.0548668 0.0 8.9407e-08 0.0 0.0 0.0 9.79304e-05 0.0 1.2815e-06 0.0 0.00102696 0.0 0.0 0.0 0.0 0.0 0.00385436 0.000126004 0.0 0.0 0.0 0.0 0.0 0.994949 2.98023e-07 0.0 0.0 0.0
0.0 0.0 0.0 1.01328e-06 0.0 0.0 0.0 0.0 5.06639e-07 0.0 0.0 0.0 0.0 8.64267e-07 0.0 0.0 0.0 0.0 0.00355995 0.0 0.0 0.0 0.0 0.0 0.0 0.0 1.3411e-06 0.0 0.0 0.0 9.17912e-06 0.0 0.0 0.0 0.0 0.0 0.00654307 0.0 0.0 0.0 0.0 0.0 4.47035e-07 3.57628e-07 0.0 0.0 8.9407e-08 0.0 0.0 0.0 0.0 0.0 8.9407e-08 0.00034669 0.203341 0.0 0.0 0.0 0.0 0.0 2.37525e-05 7.45058e-07 0.0 9.23872e-07
2.26498e-06 9.53674e-07 0.605651 0.0 0.0 0.0 1.47521e-05 0.0 0.0 0.0 1.49012e-07 0.0 0.0 0.0 0.0 0.0 1.3113e-06 0.0 0.0 0.0178062 0.0 0.0 0.0 2.98023e-08 0.0 0.0 0.0 0.0 2.47061e-05 0.0 0.0 0.0 0.0 0.0 0.0 0.0 0.0 0.0 1.8239e-05 0.0 0.0 0.0 0.0 0.0 0.0 1.49012e-07 0.0 0.0 0.000174195 0.0 0.0 0.0 0.0 0.0 0.0 0.0 3.13222e-05 0.0 0.0 0.0 0.0 0.0 0.0 0.0
0.0 0.0 0.0 0.0 0.0 0.0 0.0 0.0 0.0 0.0 0.0 0.0 0.0 0.0 0.0 0.0 0.0 0.00747588 0.0 0.0 0.0 0.0 0.0 0.0 0.0 0.0 0.0 0.0 0.0 0.0 0.0 0.0 0.0 0.0 0.0 0.999997 0.0 0.0 0.0 0.0 2.38419e-07 0.0 0.0 0.0 0.0 0.0 0.0 0.0 0.0 0.0 0.0 0.0 0.0 0.0 0.0 0.0 0.0 0.0 0.0 0.0 0.0 0.0 0.0 0.0
0.0 0.0 0.0 0.0 0.0 0.0 4.20213e-06 0.0 0.0 0.0 0.0 0.0 0.0 0.0 0.115734 0.0 0.0 0.0 0.354568 0.0 0.0 0.0 0.0 0.0 0.0 0.0 0.0 0.0 0.0 0.0 0.0 0.0 0.0 0.0 0.981737 0.0 0.925079 0.0 0.0 0.0 0.0 0.0 0.0247317 0.0 0.000178307 0.0 0.621897 0.0 0.0 0.0 0.0 0.0 0.879408 0.000112236 0.0 0.0 0.0 0.0 0.0 0.0173541 0.00629798 0.0 0.0 0.0
1.19209e-07 1.2219e-06 0.227906 0.0 0.0 0.0 0.000289738 0.0 0.0 0.0 2.98023e-08 0.0 0.0 0.0 0.0 0.0 2.86102e-06 0.0 0.0 3.21865e-06 0.0 0.0 1.19209e-07 0.0 0.0 0.0 0.0 0.0 3.27826e-07 0.0 0.0 0.0 0.0 0.0 0.0 0.0 2.98023e-08 0.0 0.000544637 0.0 0.0 0.0 0.0 0.0 3.69847e-05 0.0 0.0 0.0 0.0164245 0.0 0.0 0.0 0.0 0.0 0.0 0.0 2.02656e-06 0.0 0.0 0.0 0.0 0.0 0.0 0.0
0.0 0.0 0.0 0.0 0.0 0.0 0.0 0.0 0.0 0.0 0.0 0.0 0.0 0.0 0.0 0.0 0.0 0.0 0.0 0.0 0.0 0.0 0.0 0.0 0.0 0.0 0.0 0.0 0.0 0.0 0.0 0.0 0.0 0.0 0.0 0.0 0.0 0.0 0.0 0.0 0.0 0.0 0.0 0.0 0.0 0.0 0.0 0.0 0.0 0.0 0.0 0.0 0.0 0.0 0.0 0.0 0.0 0.0 0.0 0.0 0.0 0.0 0.0 0.0
0.0 0.0 0.0 0.0 0.0 0.0 0.0 0.0 0.0 0.0 0.0 0.0 0.0 0.0 0.0 0.0 0.0 0.0 0.0 0.0 0.0 0.0 0.0 0.0 0.0 0.0 0.0 1.10567e-05 0.0 0.0 0.0 0.0 0.0 0.0 0.0 0.0 0.0 0.0 0.0 3.17395e-05 0.986119 0.0 0.0 0.0 0.0 0.0 0.0 0.0 0.0 0.0 0.0 0.0 0.0 0.0 0.0 0.0 0.0 0.0 0.0 0.0 0.0 0.0 0.0 0.0
4.47035e-07 0.0 0.0110326 0.0 0.0 0.0 0.0840343 0.0 0.0 0.0 0.0 0.0 0.0 0.0 1.19209e-07 0.0 1.2666e-05 0.0 0.0 0.0 0.0 0.0 0.0 0.0 0.0 0.0 0.0 0.0 0.0 0.0 0.0 0.0 0.0 0.0 0.0 0.0 0.000376135 0.0 0.0564243 0.0 0.0 0.0 0.0 0.0 0.16612 0.0 0.0 0.0 0.996379 0.0 0.0 0.0 0.0 0.0 0.0 0.0 0.0 0.0 0.0 0.0 0.0 0.0 0.0 0.0
0.0 3.27826e-07 0.0 0.0 0.0 0.0 0.0 0.999327 0.0 4.47035e-07 0.0 0.0 0.0 0.0 0.0 0.0 0.0 0.0 0.0 0.0 0.0 0.0 0.0 0.0 0.0 0.0 0.0 0.0 0.0 0.0 0.0 0.0 0.0 0.0 0.0 0.0 0.0 0.0 0.0 0.0 0.0 0.0 0.0 0.0 0.0 0.0 0.0 0.0 0.0 0.0 0.0 0.0 0.0 0.0 0.0 0.0 0.0 0.0 0.0 0.0 0.0 0.0 0.0 0.0
0.0 0.0 0.0 0.0 7.03335e-06 0.0 0.0 0.0 1.2517e-06 0.0 0.0 0.0 0.0 0.0 0.0 0.0 0.0 0.0 0.0 0.0 0.0 0.0 0.0 0.0 0.0 0.0 6.46412e-05 0.0 0.0 0.0 0.0107714 0.0 0.0 0.0 0.0 0.0 0.0 0.0 0.0 0.0 0.0 0.0 0.0 5.84126e-06 0.0 0.0 0.0 0.0 0.0 0.0 0.0 0.0 0.0 0.0 0.0 0.0 0.0 0.0 0.0 0.0 0.0 0.0 0.0 0.993648
0.0 0.0 0.0 0.0 0.0 0.0 0.0 0.0 0.0 0.0 0.0 0.0 0.0 0.0 0.0 0.0 0.0 0.0 0.0 0.0 0.0 2.33054e-05 0.0 0.908955 0.0 0.0 0.0 0.0 0.0 0.0 0.0 0.0 0.0 0.0 0.0 0.0 0.0 0.0 0.0 0.0 0.0 0.0 0.0 0.0 0.0 0.0 0.0 0.0 0.0 0.0 0.0 0.0 0.0 0.0 0.0 0.0 0.0 0.0 0.0 0.0 0.0 0.0 0.0 0.0
0.0 0.0 0.0 0.999075 0.0 0.0 0.000340879 0.0 0.0 0.0 0.0 0.0 0.0 6.83069e-05 0.0 0.0 0.0 0.0 0.0 0.0 0.0 0.0 0.0 0.0 0.0 0.0 0.0 0.0 0.0 0.0 0.0 0.0 2.98023e-08 0.0 0.0 0.0 0.131807 0.0 0.0 0.0 0.0 0.0 1.01328e-06 0.0 3.99351e-06 0.0 0.0 0.0 0.0 3.27826e-07 0.0 0.0 0.0 0.0 0.0 0.0 0.0 1.19209e-07 0.0 0.0 0.0 0.00119594 0.0 0.0
0.0 0.0 0.0 0.0 0.0 0.0 0.0 0.0 0.0 0.0 0.0 0.0 0.0 0.0 0.0 0.0 0.0 0.0 0.0 0.0 0.99678 0.0 0.0 0.0 0.0 0.0 0.0 0.0 0.0 0.0 0.0 0.0 0.0 0.0 0.0 0.0 0.0 0.0 0.0 0.0 0.0 0.0 0.0 0.0 0.0 0.0 0.0 0.0 0.0 0.0 0.0 0.0 0.0 0.0 0.0 0.0 0.0 0.0 0.0 0.0 0.0 0.0 0.0 0.0
0.994569 0.0 8.9407e-08 0.0 0.0 0.0 0.0 0.0 0.0 0.0 0.0 0.0 0.0 0.0 0.0 0.0 0.0 0.0 0.0 0.0 0.0 0.0 0.0 0.0 0.0 0.0 0.0 0.0 1.44839e-05 0.0 0.0 0.0 0.0 0.0 0.0 0.0 0.0 0.0 0.0 0.0 0.0 0.0 0.0 0.0 0.0 9.23872e-06 0.0 0.0 0.0 0.0 0.0 0.0 0.0 0.0 0.0 0.0 1.44541e-05 0.0 0.0 0.0 0.0 0.0 0.0 0.0
0.0 0.0 0.0 0.0 0.0 0.0 0.0 0.0 0.0 0.0 0.0 0.0 0.0 0.0 0.0 0.0 0.0 0.0 0.0 0.0 0.0 0.0 0.0 0.0 0.0 0.0 0.0 0.0 0.0 0.0 0.0 0.0 0.0 0.0 0.0 0.0 0.0 0.0 0.0 0.0 0.0 1.0 0.0 0.0 0.0 0.0 0.0 0.0 0.0 0.0 0.0 0.0 0.0 0.0 0.0 0.0 0.0 0.0 0.0 0.0 0.0 0.0 0.0 0.0
0.0 0.0 0.00036788 2.98023e-07 0.0 0.0 0.988164 0.0 0.0 1.19209e-07 0.0 0.0 0.0 1.10269e-06 2.05636e-06 0.0 0.0 0.0 0.0 0.0 0.0 0.0 0.0 0.0 0.0 0.0 0.0 0.0 0.0 0.0 0.0 0.0 0.0 0.0 2.08616e-06 0.0 0.196248 0.0 1.49012e-06 0.0 0.0 0.0 1.19209e-07 0.0 0.999387 0.0 8.9407e-08 0.0 0.000566185 0.0 0.0 0.0 0.0 0.0 0.0 0.0 0.0 0.0 0.0 1.49012e-07 0.0 5.96046e-08 0.0 0.0
0.0 0.0 0.0 7.15256e-07 0.0 0.0 0.0 0.0 0.0 0.0 0.0 0.0 0.0 0.0 0.0 0.0 0.0 0.0 3.8445e-06 0.0 0.0 0.0 0.0 0.0 0.0 0.0 0.0 0.0 0.0 0.0 0.0 0.0 0.0 0.0 0.0 0.0 0.0015738 0.0 0.0 0.0 0.0 0.0 0.0 0.0 0.0 0.0 0.0 0.0 0.0 0.0 0.0 0.0 0.0 5.81145e-06 1.0 0.0 0.0 0.0 0.0 0.0 2.08616e-07 0.0 0.0 0.0
0.0 0.0 0.0 0.0 0.0 0.0 1.78814e-06 0.0 0.0 0.0 0.0 0.0 0.0 0.0 0.0 0.0 0.0 0.0 0.0 0.0 0.0 3.57628e-07 0.0 0.0 0.0 0.0 0.0 0.0 0.0 0.0 0.0 0.0 0.00134349 0.0 0.0 0.0 3.50177e-05 0.0 0.0 0.0 0.0 0.0 5.96046e-08 0.0 0.0 0.0 0.0 0.0 0.0 0.0 0.0 0.0 0.0 0.0 0.0 0.0 0.0 0.990751 0.0 0.0 0.0 0.0 0.0 0.0
0.0 0.0 0.0 1.31428e-05 0.0 0.0 7.46548e-05 0.0 0.0 0.0 0.0 0.0 0.0 0.0 6.44326e-05 0.0 0.0 0.0 0.0388314 0.0 0.0 0.0 0.0 0.0 0.0 0.0 0.0 0.0 0.0 0.0 0.0 0.0 0.0 0.0 0.173292 0.0 0.996201 0.0 0.0 0.0 0.0 0.0 0.999308 0.0 0.000283122 0.0 0.000256449 0.0 2.98023e-08 0.0 0.0 0.0 0.00466803 2.68221e-06 0.0 0.0 0.0 0.0 0.0 0.000365317 0.000515223 0.00011605 0.0 0.0
0.0 0.0 0.0 0.0 1.78814e-07 0.0 0.0 0.0 0.0 0.0 0.0 2.08616e-07 0.0 0.0 0.102842 0.0 0.0 0.0 0.233838 0.0 0.0 0.0 0.0 0.0 0.0 0.0 0.0 0.0 0.0 0.0 2.08616e-07 0.0 0.0 0.0 0.852579 0.0 0.248316 0.0 0.0 0.0 0.0 0.0 0.00144529 0.0 2.08616e-07 0.0 0.691389 8.9407e-08 0.0 0.0 0.0 0.0 0.997107 0.00861478 0.0 0.0 0.0 0.0 0.0 0.0052239 0.0125812 0.0 0.0 0.0
5.96046e-08 1.3411e-06 0.00120315 0.0 0.0 0.0 9.35793e-06 0.0 0.0 0.0 0.0 0.0 0.0 0.0 0.0 0.0 0.0129715 0.0 0.0 0.0 0.0 0.0 0.0 0.0 0.0 1.19209e-06 0.0 0.0 0.0 0.0 0.0 0.0 0.0 0.0 0.0 0.0 4.47035e-06 0.0 0.986001 0.0 0.0 0.0 1.19209e-07 0.0 5.69522e-05 0.0 0.0 0.0 0.0441843 0.0 0.0 0.0 0.0 0.0 0.0 0.0 2.38419e-07 0.0 0.0 4.17233e-07 0.0 0.0 0.0 0.0
0.0 0.0 0.0 5.96046e-08 0.0 0.0 1.78814e-07 0.0 0.0 0.0 0.0 0.0 0.0 2.98023e-08 1.01328e-06 0.0 0.0 0.0 0.000905901 0.0 0.0 0.0 0.0 0.0 0.0 0.0 0.0 0.0 0.0 0.0 0.0 0.0 0.0 0.0 0.0139899 0.0 0.968853 0.0 0.0 0.0 0.0 0.0 0.0104006 0.0 1.06394e-05 0.0 1.23084e-05 0.0 0.0 0.0 0.0 0.0 8.91089e-05 2.20537e-06 0.0 0.0 0.0 0.0 0.0 1.04308e-06 0.993148 0.000122488 0.0 0.0
0.0 0.0 0.0 0.0 0.0 0.0 0.0 0.0 0.0 0.0 0.0 0.0 0.0 0.0 0.0 0.0 0.0 0.0 0.0 0.0 0.0 0.0 0.0 0.0 0.0 0.0 0.0 0.0 0.0 0.999998 0.0 0.0 0.0 0.0 0.0 0.0 0.0 0.0 0.0 0.0 0.0 0.0 0.0 0.0 0.0 0.0 0.0 0.0 0.0 0.0 0.0 0.0 0.0 0.0 0.0 0.0 0.0 0.0 0.0 0.0 0.0 0.0 0.0 0.0
9.20892e-06 1.49012e-06 0.134634 0.0 0.0 0.0 1.19209e-07 0.0 0.0 2.38419e-07 1.78814e-07 0.0 0.0 0.0 0.0 0.0 8.9407e-08 0.0 0.0 0.353074 0.0 0.0 0.0 0.0 0.0 0.0 0.0 0.0 0.000472665 0.0 0.0 0.0 0.0 0.0 0.0 0.0 0.0 0.0 0.0 0.0 0.0 0.0 0.0 0.0 0.0 2.68221e-07 0.0 0.0 1.78814e-07 0.0 0.0 0.0 0.0 0.0 0.0 0.0 0.000105858 0.0 0.0 0.0 0.0 0.0 0.0 0.0
0.0 0.0 0.0 0.0 0.0 0.0 0.0 0.0 0.0 0.0 0.0 0.0 0.0 0.0 0.0 0.0 0.0 1.78814e-07 0.0 0.0 0.0 0.0 0.0 0.0 0.0 0.0 0.0 0.0 0.0 0.0 0.0 0.0 0.0 0.0 0.0 0.0 0.0 0.0 0.0 0.0 0.0 0.0 0.0 0.0 0.0 0.0 0.0 0.0 0.0 0.0 0.0 0.0 0.0 0.0 0.0 0.0 0.0 0.0 0.0 0.0 0.0 0.0 0.0 0.0
0.0 0.0 0.0 0.0 0.0 0.0 0.0 2.98023e-08 0.0 0.0 0.0 0.0 0.0 0.0 0.0 0.0 0.0 0.0 0.0 0.0 0.0 0.0 2.98023e-08 0.0 0.0 0.0 0.0 0.0 0.0 0.0 0.0 0.0 0.0 0.0 0.0 0.0 0.0 0.0 0.0 0.0 0.0 0.0 0.0 0.0 0.0 0.0 0.0 0.0 0.0 0.0 0.0 0.0 0.0 0.0 0.0 0.0 0.0 0.0 0.0 0.0 0.0 0.0 0.0 0.0
0.0 0.0 0.0 0.0 0.0 0.0 0.0 0.0 0.0 0.0 0.0 0.0 0.0 0.0 0.0 0.0 0.0 0.0 0.0 0.0 0.0 0.0 0.0 0.0 0.0 0.0 0.0 0.0 0.0 0.0 0.0 0.0 0.0 0.0 0.0 0.0 0.0 0.0 0.0 0.0 0.0 0.0 0.0 0.0 0.0 0.0 0.0 0.0 0.0 0.0 0.999901 0.0 0.0 0.0 0.0 0.0 0.0 0.0 0.0 0.0 0.0 0.0 0.0 0.0
0.0 0.0 0.0 0.0 0.909158 0.0 0.0 0.0 0.0 0.0 0.0 0.0 0.0 0.0 0.0 0.0 0.0 0.0 0.0 0.0 0.0 0.0 0.0 0.0 0.0 0.0 0.0 0.0 0.0 0.0 0.0 0.0 0.0 0.0 0.0 0.0 0.0 0.0 0.0 0.0 0.0 0.0 0.0 0.0 0.0 0.0 0.0 0.0 0.0 0.0 0.0 0.0 0.0 0.0 0.0 0.195615 0.0 0.0 0.0 0.0 0.0 0.0 0.0 0.0
0.0 0.0 0.0 0.00120163 4.20213e-06 0.0 0.000254005 0.0 0.0 0.0 0.0 1.78814e-07 0.0 5.66244e-06 0.0 0.0 0.0 0.0 1.19209e-07 0.0 0.0 0.0 0.0 0.0 0.0 0.0 0.0 0.0 0.0 0.0 0.0 0.0 0.0 0.0 1.40071e-06 0.0 0.927404 0.0 0.0 0.0 0.0 0.0 0.032072 0.0 2.5928e-06 0.0 5.96046e-08 0.0 0.0 0.0 0.0 0.0 2.08616e-07 0.0 0.0 0.0 0.0 0.0 0.0 0.0 4.12464e-05 0.955688 0.0 0.0
3.24845e-06 0.0 0.0410293 0.0 0.0 0.0 0.995719 0.0 0.0 3.27826e-07 0.0 0.0 0.0 1.78814e-07 0.0 0.0 0.0 0.0 0.0 5.06639e-07 0.0 0.0 0.0 0.0 0.0 0.0 0.0 0.0 0.0 0.0 0.0 0.0 0.0 0.0 0.0 0.0 0.00723606 0.0 6.85453e-07 0.0 0.0 0.0 0.0 0.0 0.597826 0.0 0.0 0.0 0.00275496 0.0 0.0 0.0 0.0 0.0 0.0 0.0 5.96046e-08 4.17233e-07 0.0 0.0 0.0 0.0 0.0 0.0
0.0 0.0 0.0 0.0 0.0 0.0 0.0 0.0 0.0 0.0 0.999648 0.0 0.0 0.0 0.0 0.0 0.0 0.0 0.0 0.0 0.0 0.0 0.0 1.19209e-07 0.0 0.0 0.0 0.0 0.0 0.0 0.0 0.0 0.0 0.0 0.0 0.0 0.0 8.9407e-08 0.0 0.0 0.0 0.0 0.0 0.0 0.0 7.7188e-06 0.0 0.0 0.0 0.0 0.0 0.0 0.0 0.0 0.0 0.0 5.96046e-08 0.0 0.0 0.0 0.0 0.0 0.0 0.0
0.0 0.0 0.0 0.0 0.0 0.0 7.83801e-06 0.0 0.0 0.0 0.0 0.0 0.0 0.0 0.997258 0.0 0.0 0.0 0.0095199 0.0 0.0 0.0 0.0 0.0 0.0 0.0 0.0 0.0 0.0 0.0 8.9407e-08 0.0 0.0 0.0 0.071114 0.0 0.393097 0.0 0.0 0.0 0.0 0.0 0.000461578 0.0 0.000125289 0.0 0.223231 0.0 0.0 0.0 0.0 0.0 0.391958 4.44055e-06 0.0 0.0 0.0 0.0 0.0 0.0139205 4.16934e-05 0.0 0.0 0.0
0.0 0.0 0.0 0.0 0.0857035 0.0 0.0 0.0 0.0 0.0 0.0 0.997314 0.0 4.89354e-05 0.0 0.0 0.0 0.0 0.0 0.0 0.0 0.0 0.0 0.0 0.0 0.0 0.0 0.0 0.0 0.0 0.0 0.0 8.64267e-07 0.0 0.0 0.0 4.23193e-06 0.0 0.0 0.0 0.0 0.0 0.0 0.0 0.0 0.0 0.0 7.27177e-06 0.0 9.87053e-05 0.0 0.0 0.0 0.0 0.0 0.0 0.0 0.0 0.0 0.0 5.96046e-08 1.19209e-07 0.0 0.0
9.53674e-07 2.41995e-05 0.348521 0.0 0.0 0.0 0.000120282 0.0 0.0 0.0 2.98023e-08 0.0 0.0 0.0 0.0 0.0 0.000107855 0.0 0.0 0.000396043 0.0 0.0 0.0 0.0 0.0 8.9407e-08 0.0 0.0 1.9908e-05 0.0 0.0 0.0 0.0 0.0 0.0 0.0 0.0 0.0 0.000620693 0.0 0.0 0.0 0.0 0.0 2.71201e-06 0.0 0.0 0.0 0.00784719 0.0 0.0 0.0 0.0 0.0 0.0 0.0 0.00013563 0.0 0.0 0.0 0.0 0.0 0.0 0.0
0.0 0.0 0.0 5.06639e-07 2.08616e-07 0.0 9.80496e-05 0.0 0.0 0.0 0.0 1.57356e-05 0.0 0.976514 0.0 0.0 0.0 0.0 0.0 0.0 0.0 0.0 0.0 0.0 0.0 0.0 0.0 0.0 0.0 0.0 0.0 0.0 9.36091e-05 0.0 0.0 0.0 0.140795 0.0 0.0 0.0 0.0 0.0 0.0 0.0 1.78814e-07 0.0 0.0 0.0 0.0 0.0345033 0.0 0.0 0.0 0.0 0.0 0.0 0.0 4.76837e-07 0.0 0.0 0.0 1.12355e-05 0.0 0.0
0.0 0.0 0.0 0.0 0.0 0.0 0.0 0.0 0.0 0.0 0.0 0.0 0.0 0.0 0.0 0.0 0.0 0.0 0.0 0.0 0.0 0.0 0.0 0.0 0.0 0.0 0.0 0.0 2.14577e-06 0.0 0.0 0.0 0.0 0.0 0.0 0.0 0.0 0.0 0.0 0.0 0.0 0.0 0.0 0.0 0.0 0.0 0.0 0.0 0.0 0.0 0.0 0.0 0.0 0.0 0.0 0.0 0.0 0.0 0.0 0.0 0.0 0.0 0.0 0.0
0.0 0.0 0.0 0.0 0.0 0.0 0.0 0.0 0.0 0.0 0.0 0.0 0.0 0.0 0.0 0.0 0.0 0.0 0.0 0.0 0.0 0.0 0.0 0.0 0.0 0.0 0.0 4.18425e-05 0.0 0.0 0.0 0.0 0.0 0.0 0.0 0.0 0.0 0.0 0.0 0.983222 0.00171834 0.0 0.0 0.0 0.0 0.0 0.0 0.0 0.0 0.0 0.0 0.0 0.0 0.0 0.0 0.0 0.0 0.0 0.0 0.0 0.0 0.0 0.0 0.0
0.0 0.0 0.0 0.0 4.26173e-06 0.0 5.22137e-05 0.0 0.0 0.0 0.0 5.96046e-08 0.0 0.0 0.0202388 0.0 0.0 0.0 0.000608385 0.0 0.0 0.0 0.0 0.0 0.0 0.0 0.0 0.0 0.0 0.0 2.98023e-08 0.0 0.0 0.0 0.23323 0.0 0.983559 0.0 0.0 0.0 0.0 0.0 0.0063538 0.0 0.00026536 0.0 0.974743 2.68221e-07 0.0 0.0 0.0 0.0 0.620739 6.97374e-06 0.0 0.0 0.0 0.0 0.0 0.000604421 0.071518 8.9407e-08 0.0 0.0
0.0 0.0 0.0 0.0 0.0 0.0 0.0 0.0 0.0 0.0 0.0 0.0 0.0 0.0 0.0 0.0 0.0 0.0 0.0 0.0 0.0 0.0 0.0 0.0 0.0 0.0 0.0 0.0 0.0 0.0 0.0 0.0 0.0 0.0 0.0 0.0 0.0 0.0 0.0 0.0 0.0 0.0 0.0 0.0 0.0 0.0 0.0 0.0 0.0 0.0 0.0 0.0 0.0 0.0 0.0 0.0 0.0 0.0 6.26743e-05 0.0 0.0 0.0 0.999177 0.0
0.0 5.96046e-08 0.0 0.0 0.0 0.0 0.0 0.0 0.0 0.0 0.0 0.0 0.0 0.0 0.0 0.0 0.00124699 0.0 0.0 0.0 0.0 0.0 0.0 0.0 0.0 0.999997 0.0 0.0 0.0 0.0 0.0 0.0 0.0 0.0 0.0 0.0 0.0 0.0 1.63913e-06 0.0 0.0 0.0 0.0 0.0 0.0 0.0 0.0 0.0 0.0 0.0 0.0 0.0 0.0 0.0 0.0 0.0 0.0 0.0 0.0 0.0 0.0 0.0 0.0 0.0
0.0 0.0 0.0 0.0 1.0 0.0 0.0 0.0 0.0 0.0 0.0 2.84314e-05 0.0 0.0 0.0 0.0 0.0 0.0 0.0 0.0 0.0 0.0 0.0 0.0 0.0 0.0 0.0 0.0 0.0 0.0 0.0 0.0 0.0 0.0 0.0 0.0 0.0 0.0 0.0 0.0 0.0 0.0 0.0 0.0 0.0 0.0 0.0 0.00484154 0.0 0.0 0.0 0.0 0.0 0.0 0.0 2.08914e-05 0.0 0.0 0.0 0.0 0.0 0.0 0.0 0.0
1.78814e-07 0.999994 2.98023e-07 0.0 0.0 0.0 0.0 0.0 0.0 5.96046e-08 0.0 0.0 0.0 0.0 0.0 0.0 9.53674e-07 0.0 0.0 1.78814e-07 0.0 0.0 0.00179294 0.0 0.0 0.0 0.0 0.0 5.06639e-07 0.0 0.0 0.0 0.0 0.0 0.0 0.0 0.0 0.0 8.9407e-08 0.0 0.0 0.0 0.0 0.0 0.0 0.0 0.0 0.0 0.0 0.0 0.0 0.0 0.0 0.0 0.0 0.0 0.0 0.0 0.0 0.0 0.0 0.0 0.0 0.0
0.0 0.0 0.0 0.0 0.0 0.0 0.0 0.0 0.0 0.0 0.0 0.0 0.0 0.0 0.0 0.0 0.0 0.0 0.0 0.0 0.0 0.990149 0.0 5.96046e-07 0.0 0.0 0.0 0.0 0.0 0.0 0.0 0.0 0.0 0.0 0.0 0.0 0.0 0.0 0.0 0.0 0.0 0.0 0.0 0.0 0.0 0.0 0.0 0.0 0.0 0.0 0.0 0.0 0.0 0.0 0.0 0.0 0.0 5.96046e-08 0.0 0.0 0.0 0.0 0.0 0.0
0.0 0.0 0.0 0.0 0.0 0.0 0.0 0.0 0.0 0.0 0.0 0.0 0.0 0.0 1.10269e-06 0.0 0.0 0.0 0.161904 0.0 0.0 0.0 0.0 0.0 0.0 0.0 0.0 0.0 0.0 0.0 5.96046e-08 0.0 0.0 0.0 5.69224e-06 0.0 1.78814e-07 0.0 0.0 0.0 0.0 0.0 0.0 0.0 0.0 0.0 2.08616e-07 0.0 0.0 0.0 0.0 0.0 3.00407e-05 0.994016 0.0 0.0 0.0 0.0 0.0 6.85453e-07 2.98023e-07 0.0 0.0 0.0
0.0 0.0 0.0 0.0 0.0 0.0 0.0 0.0 0.0 0.0 0.0 0.0 0.0 0.0 0.0 0.0 0.0 0.0 0.0 0.0 0.0 0.0 0.0 0.0 0.0 0.0 0.0 0.0 0.0 0.0 0.0 0.0 0.0 0.0 0.0 0.0 0.0 0.0 0.0 0.0 0.0 0.0 0.0 0.0 0.0 0.0 0.0 0.0 0.0 0.0 0.0 0.986499 0.0 0.0 0.0 0.0 0.0 0.0 0.0 0.0 0.0 0.0 0.0 0.0
0.0 0.0 0.0 0.0 1.3411e-06 0.0 0.0 0.0 1.04308e-06 0.0 0.0 0.0 0.0 0.0 0.0 0.0 0.0 0.0 0.0 0.0 0.0 0.0 0.0 0.0 0.0 0.0 0.997724 0.0 0.0 0.0 1.58846e-05 0.0 0.0 0.0 0.0 0.0 0.0 0.0 0.0 0.0 0.0 0.0 0.0 0.790202 0.0 0.0 0.0 0.0 0.0 0.0 0.0 0.0 0.0 5.96046e-08 0.0 3.63588e-06 0.0 0.0 0.0 0.0 0.0 0.0 0.0 9.07481e-05
0.0 0.0 0.0 0.0 0.0 0.0 0.0 0.0 0.0 0.0 0.0 0.0 0.0 0.0 0.0 0.0 0.0 0.0 0.0 0.0 0.0 0.0 0.0 0.0 0.0 0.0 0.0 0.0 0.0 0.0 0.0 0.999649 0.0 0.0 0.0 0.0 0.0 0.0 0.0 0.0 0.0 0.0 0.0 0.0 0.0 0.0 0.0 0.0 0.0 0.0 0.0 0.0 0.0 0.0 2.98023e-08 0.0 0.0 0.0 2.66433e-05 0.0 0.0 0.0 8.9407e-08 0.0
0.0 0.0 0.0 0.0 0.0 0.0 0.0 0.0 1.78516e-05 0.0 0.0 0.0 0.0 0.0 0.0 0.0 0.0 0.0 0.0 0.0 0.0 0.0 0.0 0.0 0.0 0.0 0.0 0.0 0.0 0.0 0.957912 0.0 0.0 0.0 0.0 0.0 0.0 0.0 0.0 0.0 0.0 0.0 0.0 0.0 0.0 0.0 0.0 0.0 0.0 0.0 0.0 0.0 0.0 0.0 0.0 0.0 0.0 0.0 0.0 0.0 0.0 0.0 0.0 3.57628e-07
0.0 0.0 0.0 0.0 4.76837e-07 0.0 0.0 0.0 0.943308 0.0 0.0 0.0 0.0 0.0 0.0 0.0 0.0 0.0 0.0 0.0 0.0 0.0 0.0 0.0 0.0 0.0 5.96046e-08 0.0 0.0 0.0 6.49691e-06 0.0 0.0 0.0 0.0 0.0 0.0 0.0 0.0 0.0 0.0 0.0 0.0 8.9407e-08 0.0 0.0 0.0 0.0 0.0 0.0 0.0 0.0 0.0 0.0 0.0 0.0 0.0 0.0 0.0 0.0 0.0 0.0 0.0 1.07288e-06
0.0 0.00360104 0.00626603 0.0 0.0 0.0 0.0884381 4.76837e-07 0.0 8.9407e-08 0.0 0.99942 0.0 0.789828 0.0 0.0 1.28746e-05 0.0 0.0 0.00283518 0.993646 0.0 0.0 0.000555664 0.0 0.0 0.0 0.0 0.0496979 0.0 0.0 0.0 0.998083 0.00399736 0.0 0.0 0.0 0.0 1.19209e-07 8.9407e-08 0.0 0.0 0.0 0.0 0.0 0.0 0.0 0.0172888 5.96046e-08 0.999951 0.0 0.0 0.0 0.0 0.0 0.0 1.95205e-05 0.0807126 0.0 0.0 0.0 0.0 0.0 0.0
0.0 0.0 0.0 0.0 0.0 0.0 0.0 0.0 0.0 0.0 0.0 1.21593e-05 0.0 0.00013274 0.0 0.0 0.0 8.58307e-05 0.0 0.0 0.000507593 0.0 0.0 0.999993 0.0 0.0 0.0 0.0 0.937311 0.0 0.0 0.0 8.34465e-06 0.0 0.0 0.0 0.0 0.0 0.0 8.9407e-08 0.0 0.0 0.0 0.0 0.0 0.0 0.0 1.75238e-05 0.0 0.00374603 0.0 0.0 0.0 0.0 0.0 0.0 0.0 6.25849e-07 0.0 0.0 0.0 0.0 0.0 0.0
0.0 1.07288e-06 2.24113e-05 0.0 0.0 0.0 3.27826e-07 0.992615 0.0 1.13249e-06 0.0 8.9407e-08 0.0 0.0 0.0 0.0 1.78814e-07 0.0 0.0 6.80685e-05 0.999891 0.0 0.0 0.0 0.0 0.0 0.0 0.0 0.0 0.0 0.0 0.0 0.0 0.0 0.0 0.0 0.0 0.0 0.00139239 0.0 0.0 0.0 0.0 0.0 0.0 0.0 0.0 0.0 1.62423e-05 5.96046e-08 0.0 0.0 0.0 0.0 0.0 0.0 0.0 0.0 0.0 0.0 0.0 0.0 0.0 0.0
0.0 0.0 0.0 0.0 0.0 0.0 0.0 0.0 0.0 0.0 0.0 0.0 0.0 0.0 7.03335e-06 0.0 0.0 0.0 5.66244e-07 0.0 0.0 0.0 0.0 0.0 0.0 0.0 8.40425e-06 0.0 0.0 0.0 0.0 5.57005e-05 0.0 0.0 0.00364196 0.0 0.0 0.996115 0.0 0.0 0.0 0.0 0.0 0.0 0.0 0.0 0.000129491 0.0 0.0 0.0 0.0 0.0 5.24521e-06 0.0 0.0 0.0 0.0 0.0 0.0 7.7486e-07 0.0 0.0 0.0 0.0
0.0 0.0 5.96046e-08 0.0 0.0 0.0 0.0 0.0 0.0 8.85129e-06 0.0 0.0 1.7345e-05 0.0 0.0 0.0 5.66244e-07 0.0 0.0 0.0 0.901308 0.0 0.0 0.0 0.0 5.48363e-06 0.0 0.0 0.0 0.0 0.00017637 0.0 0.0 6.4671e-06 0.0 0.0 0.0 0.0 8.9407e-08 0.0 0.0 0.0 0.0 0.0 0.0 0.0 0.0 0.0 0.0 0.0 0.0 0.0 8.9407e-08 0.0 0.993922 0.0 0.0 0.0 0.0 5.96046e-08 0.0 0.0 0.0 0.0
0.0 0.0 0.0 0.0 0.0 0.0 0.0 0.0 0.0 0.0 0.0 0.0 0.0 0.0 0.0 0.0 0.0 0.0 0.0 0.0 0.0 0.0 0.0 0.0 0.0 0.000147671 0.0 0.0 0.0 0.999666 5.96046e-08 0.0 0.0 0.0 0.0 0.0 0.0 0.0 0.0 0.0 0.0 0.0 0.0 0.0 0.0 0.0 0.0 0.0 0.0 0.0 0.0 0.0 0.0 0.0 0.0 0.0 0.0 0.0 0.0 0.0 0.0 0.0 0.0 0.0
0.0 0.0 0.0 3.48985e-05 0.0 0.00681326 0.0 0.0 0.0 0.0 0.0 0.0 0.0 0.0 0.0 0.0 0.0 0.999949 0.0 0.0 3.8743e-07 0.0 0.0 0.659407 0.0 0.0 0.0 0.0 0.0150329 0.0 0.0 0.0 0.0 0.0 0.0 0.0 0.0 0.0 0.0 0.0 0.0 0.0 0.0 0.0 0.0 0.0 0.0 0.0 0.0 0.0 0.0 0.0 0.0 0.0 0.0 0.0 0.0 0.0 0.0 0.0 0.0 0.0 0.0 0.0
5.96046e-08 4.32134e-06 0.0 0.0 2.98023e-08 0.0 0.0 0.0 0.0 0.0 0.0 5.96046e-08 0.0 0.0 0.0 0.0 5.66244e-07 0.0 0.0 0.0 0.450884 0.0 0.999997 0.0 0.0 0.0 0.0 0.0 5.96046e-08 0.0 0.0 0.0 2.98023e-08 1.43051e-06 0.0 0.0 0.0 0.0 0.0 0.0 0.0 0.0 0.0 0.0 0.0 0.0 0.0 1.57952e-06 0.0 2.83122e-06 0.0 0.0 0.0 0.0 0.0 0.0 0.0 3.85046e-05 0.0 0.0 0.0 0.0 0.0 0.0
0.0 0.0 0.0 0.0 0.0 0.0 0.0 0.0 0.0 0.0 0.0 0.0 0.0 0.0 0.0 0.0 0.0 0.0 0.0 0.0 0.0 0.0 0.0 0.0 0.0 0.0 0.0 0.0 0.0 0.0 0.0 0.0 0.0 0.0 0.0 0.0 0.0 0.0 0.0 0.0 0.0 0.0 0.0 0.0 0.0 0.0 0.0 0.0 0.0 0.0 0.0 0.0 0.0 0.000670105 0.0 0.0 0.0 0.0 0.000157237 0.0 0.99986 0.0 0.0 0.0
0.0 0.0 0.0 0.999986 0.0 0.0 0.0 0.0 0.0 0.0 0.0 0.0 0.0 0.0 0.0 0.0 0.0 5.96046e-08 0.0 0.0 0.0 0.0 0.0 0.0 0.0 0.0 0.0 0.0 0.0 0.0 0.0 0.0 0.0 0.0 0.0 0.0 0.0 0.0 0.0 0.0 0.0 0.0 0.0 0.0 0.0 0.0 0.0 0.0 0.0 0.0 0.0 0.0 0.0 0.0 0.0 0.0 0.0 0.0 0.0 0.0 0.0 0.0 0.0 0.0
0.0 0.00284085 1.16229e-06 0.0 0.0 0.0 0.00642222 1.19209e-07 0.0 0.0 0.0 0.744368 0.0 0.988431 0.0 0.0 2.98023e-08 0.0 0.0 2.46465e-05 0.845062 0.0 0.0 1.37091e-06 0.0 0.0 0.0 0.0 0.16695 0.0 0.0 0.0 0.205408 1.78814e-07 0.0 0.0 0.0 0.0 0.0 0.0 0.0 0.0 0.0 0.0 0.0 0.0 0.0 0.000440359 0.0 0.994315 0.0 0.0 0.0 0.0 0.0 0.0 0.000287682 0.0282438 0.0 0.0 0.0 0.0 0.0 0.0
0.0 0.0 0.0 0.0 0.0 0.0 0.0 0.0 0.0 0.0 0.0 0.0 0.0 0.0 0.530368 0.0 0.0 0.0 0.574629 0.0 0.0 0.0 0.0 0.0 0.0 0.0 0.000579327 0.0 0.0 0.0 0.0 0.000441939 0.0 0.0 0.990855 0.0 0.0 1.19209e-07 0.0 0.0 0.0 0.0 0.0 0.0 0.0 0.0 0.261887 0.0 0.0 0.0 0.0 0.0 0.00181895 0.0 0.0 0.0 0.0 0.0 0.0 0.00191894 0.0 0.0 0.0 0.0
0.0 0.0 0.0 0.0 0.0 0.0 0.0 0.0 0.0 0.0 0.0 0.0 0.0 0.0 6.04987e-06 0.0 0.0 0.0 4.67896e-06 0.0 0.0 0.0 0.0 0.0 0.0 0.0 0.772487 0.0 0.0 0.0 0.0 3.05176e-05 0.0 0.0 0.00617316 0.0 0.0 0.0 0.0 0.0 0.0 0.0 0.0 0.0 0.0 0.0 3.76105e-05 0.0 0.0 0.0 0.0 0.0 0.00232059 0.0 0.0 0.0 0.0 0.0 0.0 7.7486e-07 0.0 0.0 0.0 0.0
0.0 0.0 0.0 0.0 0.0 0.0 0.0 0.0 0.0 0.0 0.0 0.0 0.0 0.0 0.858063 0.0 0.0 0.0 0.0230915 0.0 1.78814e-07 0.0 0.0 0.0 0.0 0.0 0.00169027 0.0 0.0 0.0 0.0 2.68519e-05 0.0 0.0 0.278075 0.0 0.0 7.7486e-07 0.0 0.0 0.0 0.0 0.0 2.98023e-08 0.0 0.0 0.990848 0.0 0.0 0.0 0.0 0.0 0.543716 0.0 0.0 0.0 0.0 0.0 0.0 0.10332 0.0 0.0 0.0 0.0
0.0 8.9407e-08 6.85453e-07 0.0 0.0 0.0 0.0 1.63913e-06 0.0 0.000482291 0.0 0.0 0.0 0.0 0.0 0.0 8.76188e-06 0.0 0.0 0.0 0.996364 0.0 0.0 0.0 0.0 8.9407e-08 0.0 0.0 0.0 0.0 0.0 0.0 0.0 1.84774e-06 0.0 0.0 0.0 0.0 0.000485003 0.0 0.0 0.0 0.0 0.0 0.0 0.0 0.0 0.0 8.88705e-05 0.0 0.0 0.0 2.98023e-08 0.0 1.78814e-07 0.0 0.0 0.0 0.0 3.62992e-05 0.0 0.0 0.0 0.0
0.00491068 5.06639e-07 0.0 0.0 0.0 0.0 2.38419e-07 0.0 0.0 0.0 0.0 1.62721e-05 0.0 0.554107 0.0 0.0 0.0 0.00157908 0.0 0.0 0.782413 0.0 0.0 0.734195 0.0 0.0 0.0 0.0 0.999999 0.0 0.0 0.0 0.000617445 0.0 0.0 2.98023e-08 0.0 0.0 0.0 5.96046e-08 0.0 0.0 0.0 0.0 0.0 0.0 0.0 0.0116159 0.0 0.536395 0.0 0.0 0.0 0.0 0.0 0.0 2.83122e-06 0.00253859 0.0 0.0 0.0 0.0 0.0 0.0
0.0 0.184749 0.00422955 0.0 0.0 0.0 0.000130564 2.19345e-05 0.0 0.00122973 0.0 7.58469e-05 0.0 0.0 0.0 0.0 0.744262 0.0 0.0 1.33216e-05 0.999985 0.0 2.98023e-07 0.0 0.0 0.0 0.0 0.0 0.0 0.0 0.0 0.0 5.96046e-08 0.00330085 0.0 0.0 0.0 0.0 0.364259 0.0 0.0 0.0 0.0 0.0 0.0 0.0 0.0 0.0 0.992918 5.36442e-07 0.0 0.0 0.0 0.0 0.0 0.0 0.0 2.98023e-08 0.0 0.0 0.0 0.0 0.0 0.0
0.0 0.0 0.0 0.0 0.0 0.999594 0.0 0.0 0.0 0.0 0.0 0.0 0.0 0.0 0.0 0.0 0.0 0.0149327 0.0 0.0 0.0 0.0 0.0 3.69549e-06 0.0 0.0 0.0 0.0 0.0 0.0 0.0 0.0 0.0 0.0 0.0 0.0 0.0 0.0 0.0 0.0 0.0 0.0 0.0 0.0 0.0 0.0 0.0 0.0 0.0 0.0 0.0 0.0 0.0 0.0 0.0 0.0 0.0 0.0 0.0 0.0 0.0 0.0 0.0 0.0
0.0 0.0 0.0 0.0 0.0 0.0 0.0 0.0 0.0 7.06613e-05 0.0 0.0 0.0 0.0 0.000599593 0.0 0.0 0.0 6.85453e-07 0.0 0.0388553 0.0 0.0 0.0 0.0 0.0 8.9407e-08 0.0 0.0 0.0 0.0 0.0 0.0 0.0 2.98023e-07 0.0 0.0 0.0 0.0 0.0 0.0 0.0 0.0 8.9407e-08 0.0 0.0 0.000433981 0.0 0.0 0.0 0.0 0.0 0.0531009 0.0 1.04308e-06 0.0 0.0 0.0 0.0 0.16035 0.0 0.0 0.0 0.0
0.0 0.0277891 0.104797 0.0 0.0 0.0 0.00046289 1.0252e-05 0.0 5.126e-05 0.0 0.00225607 0.0 0.0 0.0 0.0 0.999327 0.0 0.0 0.00243071 0.999995 0.0 1.49012e-07 0.0 0.0 0.0 0.0 0.0 0.0 0.0 0.0 0.0 4.17233e-07 0.00931764 0.0 0.0 0.0 0.0 0.385799 0.0 0.0 0.0 0.0 0.0 0.0 0.0 0.0 5.96046e-08 0.546858 1.51098e-05 0.0 0.0 0.0 0.0 0.0 0.0 2.98023e-07 3.06964e-06 0.0 0.0 0.0 0.0 0.0 0.0
0.0 0.0 0.0 0.0 0.0 0.0 0.0 0.0 0.0 0.0 0.0 0.0 0.0 0.0 0.0 0.0 0.0 0.0 0.0 0.0 0.0 0.0 0.0 0.0 0.0 0.0 0.0 0.0 0.0 0.0 0.0 0.0 0.0 0.0 0.0 0.0 0.0 0.0 0.0 0.0 0.0 0.0 0.0 0.0 0.0 0.0 0.0 0.0 0.0 0.0 0.999537 0.0 0.0 0.0 0.0 0.0 0.0 0.0 0.0 0.0 0.0 0.0 0.0 0.0
0.0 0.0 0.0 0.0 0.0 0.0 0.0 0.0 0.0 0.0 0.0 0.0 0.0 0.0 0.0 0.0 0.0 0.0 0.0 0.0 0.0 8.9407e-08 0.0 0.0 0.0 0.0 0.0 0.0 0.0 0.0 0.0 0.0 0.0 0.0 0.0 0.0 0.0 0.0 0.0 0.0 0.0 0.0 0.0 0.0 0.0 0.0 0.0 0.0 0.0 0.0 0.0 0.997231 0.0 0.0 0.0 0.0 0.0 0.0 0.0 0.0 0.0 0.0 0.0 0.0
0.0 0.0 0.0 0.0 0.0 0.0 0.0 0.0 0.0 0.0 0.0 0.0 0.0 0.0 0.0 0.0 0.0 0.0 0.0 0.0 0.00316858 0.0 0.0 0.0 0.0 0.0 0.0 0.0 6.55651e-07 0.0 0.0 0.0 0.0 0.0 0.0 0.999866 0.0 0.0 0.0 0.0 0.0 0.0 0.0 0.0 0.0 0.0 0.0 0.0 0.0 0.0 0.0 0.0 0.0 0.0 0.0 0.0 0.0 0.0 0.0 0.0 0.0 0.0 0.0 0.0
0.0 0.0167489 0.0028992 0.0 0.0 0.0 0.999925 6.10948e-06 0.0 0.000100613 0.0 0.958636 0.0 1.81496e-05 0.0 0.0 0.000996828 0.0 0.0 0.000513911 0.999999 0.0 0.0 0.0 0.0 0.0 0.0 0.0 3.94583e-05 0.0 0.0 0.0 0.0232867 1.29044e-05 0.0 0.0 0.0 0.0 2.77162e-06 1.19209e-07 0.0 0.0 0.0 0.0 0.0 0.0 0.0 6.85453e-07 0.000549823 0.748533 0.0 0.0 0.0 0.0 0.0 0.0 1.92225e-05 0.000313312 0.0 0.0 0.0 0.0 0.0 0.0
0.0 0.0 0.0 0.0 0.0 0.0 0.0 0.0 0.0 0.0 0.0 0.0 0.0 0.0 0.0 0.987687 0.0 0.0 0.0 0.0 0.0 0.0 0.0 0.0 0.0 0.0 0.0 0.0 0.0 0.0 0.0 0.0 0.0 0.0 0.0 0.0 0.0 0.0 0.0 0.0 0.0 0.0 0.0 0.0 0.0 0.0 0.0 0.0 0.0 0.0 0.0 0.0 0.0 0.0 0.0 0.0 0.0 0.0 0.0 0.0 0.0 0.0 0.0 0.0
0.0 0.0 0.0 0.0 0.0 0.0 0.0 0.0 0.0 0.0 0.0 0.0 0.0 0.0 0.0 0.0 0.0 0.0 0.0 0.0 1.84178e-05 0.0 0.0 0.0 0.0 0.0 0.0 0.0 0.0 0.0 0.0 0.0 0.0 0.0 0.0 0.0 0.0 0.0 0.0 0.0 0.0 0.0 0.0 0.0 0.999997 0.0 0.0 0.0 0.0 0.0 0.0 0.0 0.0 0.0 0.0 0.0 0.0 0.0 0.0 0.0 0.0 0.0 0.0 0.0
0.0 0.0 0.0 0.0 0.0 0.0 0.0 0.0 0.0 0.0 0.999941 0.0 0.0 0.0 0.0 0.0 0.0 0.0 0.0 0.0 0.0 0.0 0.0 0.0 0.0 0.0 0.0 0.0 0.0 0.0 0.0 0.0 0.0 0.0 0.0 0.0 1.93119e-05 0.0 0.0 0.0 0.0 0.0 0.0 0.0 0.0 0.00499639 0.0 0.0 0.0 0.0 0.0 0.0 0.0 0.0 0.0 0.0 0.0 0.0 0.0 0.0 0.0 0.0 2.80142e-06 0.000137359
0.0 0.0 0.0 0.0 0.0 0.0 0.0 0.0 0.0 0.0 0.0 0.0 0.0 0.0 0.0 0.0 0.0 0.0 0.0 0.0 0.0 0.0 0.0 0.0 0.0 0.0 0.0 0.0 0.0 0.0 0.0 0.0 0.0 0.0 0.0 0.0 0.0 0.0 0.0 0.0 0.0 1.0 0.0 0.0 0.0 0.0 0.0 0.0 0.0 0.0 0.0 0.0 0.0 0.0 0.0 0.0 0.0 0.0 0.0 0.0 0.0 0.0 0.0 0.0
9.83477e-06 0.000519544 5.67734e-05 0.0 0.0 0.0 0.000510663 9.23872e-07 0.0 0.0 0.0 0.163609 0.0 0.151224 0.0 0.0 1.56164e-05 0.0 0.0 2.98321e-05 0.99805 0.0 4.64916e-06 0.000258982 0.0 0.0 0.0 0.0 0.574222 0.0 0.0 0.0 0.979206 0.00133896 0.0 0.0 0.0 0.0 0.0 0.0 0.0 0.0 0.0 0.0 0.0 0.0 0.0 0.999734 8.9407e-08 0.999779 0.0 0.0 0.0 0.0 0.0 0.0 1.49012e-07 0.283452 0.0 0.0 0.0 0.0 0.0 0.0
0.0 0.489326 0.411461 0.0 0.0 0.0 0.95923 2.12789e-05 0.0 8.04663e-07 0.0 0.999674 0.0 0.0253994 0.0 0.0 0.0691828 0.0 0.0 0.00855285 0.999998 0.0 2.29478e-06 1.61231e-05 0.0 0.0 0.0 0.0 0.0188214 0.0 0.0 0.0 0.997251 0.0171323 0.0 0.0 0.0 0.0 3.22461e-05 4.16636e-05 0.0 0.0 0.0 0.0 0.0 0.0 0.0 0.108236 0.000415593 0.999683 0.0 0.0 0.0 0.0 0.0 0.0 5.76973e-05 0.992663 0.0 0.0 0.0 0.0 0.0 0.0
0.0 0.0 1.19209e-07 0.0 0.0 0.0 0.0 0.0 0.0 0.0 0.0 0.0 0.999991 0.0 0.0 0.0 9.23872e-07 0.0 0.0 0.0 0.0442207 0.0 0.0 0.0 0.0 3.8743e-07 0.0 0.0 0.0 0.0 5.33462e-06 0.0 0.0 5.06639e-07 0.0 0.0 0.0 0.0 1.78814e-07 0.0 0.0 0.0 0.0 0.0 0.0 0.0 0.0 0.0 5.96046e-08 0.0 0.0 0.0 0.0 0.0 0.000238031 0.0 0.0 0.0 0.0 0.0 0.0 0.0 0.0 0.0
0.0 0.0 0.0 0.0 0.0 0.0 0.0 0.0 0.0 0.0 8.9407e-08 0.0 0.0 0.0 0.0 0.0 0.0 0.0 0.0 0.0 0.0 0.0 0.0 0.0 0.0 0.0 0.0 0.0 0.0 0.0 0.0 0.0 0.0 0.0 0.0 0.0 0.0 0.0 0.0 0.0 0.0 0.0 0.0 0.0 0.0 0.00175068 0.0 0.0 0.0 0.0 0.0 0.0 0.0 0.0 0.0 0.0 0.0 0.0 2.98023e-08 0.0 0.0 0.0 0.946603 0.0
0.0 0.0 0.0 0.0 0.0 0.0 0.0 0.0 0.0 0.0 0.0 0.0 0.0 0.0 0.967167 0.0 0.0 0.0 0.226571 0.0 0.0 0.0 0.0 0.0 0.0 0.0 0.000763953 0.0 0.0 0.0 0.0 0.000538737 0.0 0.0 0.922581 0.0 0.0 2.38419e-07 0.0 0.0 0.0 0.0 0.0 2.98023e-08 0.0 0.0 0.918601 0.0 0.0 0.0 0.0 0.0 0.326618 0.0 0.0 0.0 0.0 0.0 0.0 0.118058 0.0 0.0 0.0 0.0
0.0 0.0 0.0 0.0 0.0 0.0 0.0 0.0 0.0 0.0 0.0 0.0 0.0 0.0 5.96046e-08 0.0 0.0 0.0 0.0 0.0 1.07884e-05 0.0 0.0 0.0 0.0 0.0 0.0 0.0 0.0 0.0 0.0 0.0 0.0 0.0 0.0 0.0 0.0 0.0 0.0 0.0 0.0 0.0 0.0 0.999999 0.0 0.0 2.98023e-08 0.0 0.0 0.0 0.0 0.0 2.68221e-07 0.0 0.0 0.0 0.0 0.0 0.0 6.25849e-07 0.0 0.0 0.0 0.0
0.0 0.0 0.0 0.0 0.0 0.0 0.0 0.0 0.0 0.000918508 0.0 0.0 0.0 0.0 0.00254241 0.0 0.0 0.0 5.48363e-06 0.0 0.188518 0.0 0.0 0.0 0.0 0.0 0.0 0.0 0.0 0.0 0.0 0.0 0.0 0.0 8.9407e-08 0.0 0.0 0.0 0.0 0.0 0.0 0.0 5.96046e-08 5.06639e-07 0.0 0.0 0.00577557 0.0 0.0 0.0 0.0 0.0 0.00183627 0.0 0.0 0.0 0.0 0.0 0.0 0.12002 0.0 0.0 0.0 0.0
0.0 0.0 0.0 0.0 0.0 0.0 0.0 0.0 0.0 0.0 0.0 0.0 0.0 0.0 0.0 0.0 0.0 0.0 0.0 0.0 0.0 0.0 0.0 0.0 0.0 0.0 0.0 0.992486 0.0 0.0 0.0 0.0 0.0 0.0 0.0 0.0 0.0 0.0 0.0 0.0 0.0 0.0 0.0 0.0 0.0 0.0 0.0 0.0 0.0 0.0 0.0 0.0 0.0 0.0 0.0 0.0 0.0 0.0 0.0 0.0 0.0 0.0 0.0 0.0
0.999964 0.000270516 5.66244e-07 0.0 0.0 0.0 5.66244e-07 1.07288e-06 0.0 5.96046e-08 0.0 2.77162e-06 0.0 2.98023e-08 0.0 0.0 7.12276e-06 0.0 0.0 1.19209e-07 0.999626 0.0 2.32458e-06 6.58631e-06 0.0 0.0 0.0 0.0 0.000287831 0.0 0.0 0.0 4.76837e-07 1.2815e-06 0.0 1.3113e-06 0.0 0.0 0.0 8.9407e-08 0.0 0.0 0.0 0.0 0.0 0.0 0.0 1.3113e-06 9.83477e-07 2.89083e-05 0.0 0.0 0.0 0.0 0.0 0.0 0.0 1.2219e-06 0.0 0.0 0.0 0.0 0.0 0.0
0.0 0.0415787 0.0418457 0.0 0.0 0.0 0.216567 6.25849e-07 0.0 5.96046e-08 0.0 0.993641 0.0 0.297805 0.0 0.0 0.000149369 0.0 0.0 0.00229615 0.997898 0.0 2.98023e-08 8.58307e-06 0.0 0.0 0.0 0.0 0.0142841 0.0 0.0 0.0 0.99967 0.00755093 0.0 0.0 0.0 0.0 4.76837e-07 8.9407e-08 0.0 0.0 0.0 0.0 0.0 0.0 0.0 0.0252971 1.2219e-06 0.999869 0.0 0.0 0.0 0.0 0.0 0.0 3.26037e-05 0.556236 0.0 0.0 0.0 0.0 0.0 0.0
0.0 5.63264e-05 0.126487 0.0 0.0 0.0 9.08375e-05 3.29316e-05 0.0 1.15037e-05 0.0 2.66731e-05 0.0 0.0 0.0 0.0 0.0542801 0.0 0.0 0.000500649 0.999996 0.0 0.0 0.0 0.0 5.96046e-08 0.0 0.0 0.0 0.0 0.0 0.0 0.0 0.000123978 0.0 0.0 0.0 0.0 0.147188 0.0 0.0 0.0 0.0 0.0 0.0 0.0 0.0 0.0 0.0106089 2.08616e-07 0.0 0.0 0.0 0.0 2.83122e-06 0.0 0.0 0.0 0.0 0.0 0.0 0.0 0.0 0.0
0.0 0.0 0.0 0.0 0.0 0.0 5.96046e-08 0.0 0.0 0.0 0.0 5.6088e-05 0.0 1.66893e-06 0.0 0.0 0.0 0.0 0.0 0.0 0.00373885 0.0 0.0 0.0253347 0.0 0.0 0.0 0.0 0.0171893 0.0 0.0 0.0 0.000433534 0.0 0.0 0.0 0.0 0.0 0.0 1.72853e-06 0.0 0.0 0.0 0.0 0.0 0.0 0.0 0.0 0.0 0.00677806 0.0 0.0 0.0 0.0 0.0 0.0 0.0 1.49012e-07 0.0 0.0 0.0 0.0 0.0 0.0
0.0 0.0 0.0 0.0 0.0 0.0 0.0 0.0 0.0 0.0 0.0 3.27826e-07 0.0 0.0 0.0 0.0 0.0 0.0 0.0 0.0 0.563024 0.0 0.0 0.0 0.0 0.0 0.0 0.0 3.65973e-05 0.0 0.0 0.0 0.0 0.0 0.0 0.0 0.0 0.0 0.0 0.99984 0.0 0.0 0.0 0.0 0.0 0.0 0.0 0.0 0.0 0.0 0.0 0.0 0.0 0.0 0.0 0.0 0.0 0.0 0.0 0.0 0.0 0.0 0.0 0.0
0.0 0.0 0.0 0.0 0.0 0.0 0.0 0.0 0.0 0.0 0.0 0.0 0.0 0.0 0.0 0.0 0.0 0.0 0.0 0.0 0.0 0.996183 0.0 0.0 0.0 0.0 0.0 0.0 0.0 0.0 0.0 0.0 0.0 0.0 0.0 0.0 0.0 0.0 0.0 0.0 0.0 0.0 0.0 0.0 0.0 0.0 0.0 0.0 0.0 0.0 0.0 5.06639e-07 0.0 0.0 0.0 0.0 0.0 0.0 0.0 0.0 0.0 0.0 0.0 0.0
0.0 0.0 0.0 0.0 0.0 0.0 0.0 0.0 0.0 0.0 0.0 0.0 0.0 0.0 0.0 0.0 0.0 0.0 7.15256e-07 0.0 0.0 0.0 0.0 0.0 0.0 0.0 0.0 0.0 0.0 0.0 0.0 0.0 0.0 0.0 5.96046e-08 0.0 0.0 0.0 0.0 0.0 0.0 0.0 0.0 0.0 0.0 0.0 0.0 0.0 0.0 0.0 0.0 0.0 0.0 0.0 0.0 0.0 0.0 0.0 0.0 0.0 0.0 0.998964 0.0 0.0
0.0 0.0 0.0 0.0 0.0 0.0 0.0 0.0 0.0 0.0 0.0 0.0 0.0 0.0 0.0 0.0 0.0 0.0 0.0 0.0 0.0 0.0 0.0 0.0 0.0 0.0 0.0 0.0 0.0 0.0 0.0 0.0 0.0 0.0 0.0 0.0 0.0 0.0 0.0 0.0 0.0 0.0 0.0 0.0 0.0 0.0 0.0 0.0 0.0 0.0 0.0 0.0 0.0 2.71201e-06 0.0 0.0 0.0 0.0 0.99995 0.0 7.71284e-05 0.0 0.0 0.0
0.0 3.5733e-05 2.98023e-08 0.0 0.0 0.0 2.08616e-07 1.2219e-06 0.0 0.999991 0.0 1.49012e-07 0.0 0.0 2.08616e-07 0.0 3.8445e-06 0.0 0.0 0.0 0.999863 0.0 0.0 0.0 0.0 0.0 0.0 0.0 0.0 0.0 0.0 0.0 0.0 0.0001477 0.0 0.0 0.0 0.0 4.26769e-05 0.0 0.0 0.0 0.0 0.0 0.0 0.0 2.98023e-08 0.0 0.00210577 0.0 0.0 0.0 1.10269e-06 0.0 0.0 0.0 0.0 0.0 0.0 2.33054e-05 0.0 0.0 0.0 0.0
2.98023e-08 7.53999e-06 3.82364e-05 0.0 0.0 0.0 0.00183314 2.35438e-06 0.0 0.0 0.0 0.0049184 0.0 0.192172 0.0 0.0 2.41399e-06 0.0 0.0 0.00130603 0.920458 0.0 0.0 8.67248e-06 0.0 0.0 0.0 0.0 0.0919708 0.0 0.0 0.0 0.908673 0.000288844 0.0 0.0 0.0 0.0 0.0 0.0 0.0 0.0 0.0 0.0 0.0 0.0 0.0 0.994393 0.0 0.999654 0.0 0.0 0.0 0.0 0.0 0.0 5.96046e-08 0.00773749 0.0 0.0 0.0 0.0 0.0 0.0
0.0 0.0 0.0 0.0 0.0 0.0 0.0 0.0 0.0 0.00186855 0.0 0.0 0.0 0.0 0.000525326 0.0 0.0 0.0 5.96046e-08 0.0 0.444623 0.0 0.0 0.0 0.0 0.0 4.17233e-07 0.0 0.0 0.0 1.40071e-06 0.0 0.0 1.19209e-07 8.9407e-08 0.0 0.0 0.0 0.0 0.0 0.0 0.0 0.0 0.0 0.0 0.0 0.000607073 0.0 0.0 0.0 0.0 0.0 0.0338936 0.0 0.000281721 0.0 0.0 0.0 0.0 0.232715 0.0 0.0 0.0 0.0
0.0 0.0 0.0 0.0 0.0 0.0 0.0 0.0 0.0 0.0 0.0 0.0 0.0 0.0 0.134229 0.0 0.0 0.0 0.990119 0.0 0.0 0.0 0.0 0.0 0.0 0.0 1.60038e-05 0.0 0.0 0.0 0.0 1.95205e-05 0.0 0.0 0.217133 0.0 0.0 4.47035e-07 0.0 0.0 0.0 0.0 0.0 0.0 0.0 0.0 0.0644078 0.0 0.0 0.0 0.0 0.0 0.000638455 0.0 0.0 0.0 0.0 0.0 0.0 0.00113529 0.0 8.34465e-07 0.0 0.0
0.0 0.000407666 0.0372531 0.0 0.0 0.0 5.36442e-07 0.000353456 0.0 1.055e-05 0.0 6.79493e-06 0.0 0.0 0.0 0.0 0.134548 0.0 0.0 0.000117958 0.999979 0.0 0.0 0.0 0.0 0.0 0.0 0.0 0.0 0.0 0.0 0.0 0.0 0.000727445 0.0 0.0 0.0 0.0 0.988932 0.0 0.0 0.0 0.0 0.0 0.0 0.0 0.0 0.0 0.0452537 2.08616e-07 0.0 0.0 0.0 0.0 0.0 0.0 0.0 0.0 0.0 0.0 0.0 0.0 0.0 0.0
0.0 0.0 0.0 0.0 0.0 0.0 0.0 0.0 0.0 0.0 0.0 0.0 0.0 0.0 0.0318918 0.0 0.0 0.0 0.000185311 0.0 2.47359e-06 0.0 0.0 0.0 0.0 0.0 0.000996619 0.0 0.0 0.0 0.0 7.36117e-06 0.0 0.0 0.000449896 0.0 0.0 0.0 0.0 0.0 0.0 0.0 0.0 5.06639e-07 0.0 0.0 0.620249 0.0 0.0 0.0 0.0 0.0 0.993045 0.0 0.0 0.0 0.0 0.0 0.0 0.064887 0.0 0.0 0.0 0.0
0.0 0.0 0.0 0.0 0.0 0.0 0.0 0.0 0.0 0.0 0.0 0.0 0.0 0.0 0.0 0.0 0.0 0.0 0.0 0.0 0.0 0.0 0.0 0.0 0.0 0.0 0.0 0.0 0.0 0.0 0.0 0.0 0.0 0.0 0.0 0.0 0.0 0.0 0.0 0.0 0.999848 0.0 0.0 0.0 0.0 0.0 0.0 0.0 0.0 0.0 0.0 0.0 0.0 0.0 0.0 0.0 0.0 0.0 0.0 0.0 0.0 0.0 0.0 0.0
0.0 0.0 0.0 0.0 0.0 0.0 0.0 0.0 0.0 0.0 0.0 0.0 0.0 0.0 0.0 0.0 0.0 0.0 0.0 0.0 0.0 3.54648e-06 0.0 0.0 0.0 0.0 0.0 0.401469 0.0 0.0 0.0 0.0 0.0 0.0 0.0 0.0 0.0 0.0 0.0 0.0 0.0 0.0 0.0 0.0 0.0 0.0 0.0 0.0 0.0 0.0 0.0 0.0 0.0 0.0 0.0 0.0 0.0 0.0 0.0 0.0 0.0 0.0 0.0 0.0
0.0 0.0 0.0 0.0 0.0 0.0 0.0 0.0 0.0 4.17233e-07 0.0 0.0 0.0 0.0 0.123152 0.0 0.0 0.0 0.00204498 0.0 1.26362e-05 0.0 0.0 0.0 0.0 0.0 4.17233e-07 0.0 0.0 0.0 0.0 2.08616e-07 0.0 0.0 0.000619799 0.0 0.0 5.96046e-08 0.0 0.0 0.0 0.0 0.0 8.9407e-08 0.0 0.0 0.200566 0.0 0.0 0.0 0.0 0.0 0.00423381 0.0 0.0 0.0 0.0 0.0 0.0 0.221354 0.0 0.0 0.0 0.0
0.0 0.0 0.0 0.0 0.0 0.0 0.0 0.0 0.0 0.0 1.06394e-05 0.0 0.0 0.0 0.0 0.0 0.0 0.0 0.0 0.0 0.0 0.0 0.0 0.0 0.0 0.0 0.0 0.0 0.0 0.0 0.0 0.0 0.0 0.0 0.0 0.0 3.8743e-07 0.0 0.0 0.0 0.0 0.0 0.0 0.0 0.0 0.0 0.0 0.0 0.0 0.0 0.0 0.0 0.0 0.0 0.0 0.0 0.0 0.0 0.0 0.0 0.0 0.0 0.0 0.999956
0.0 0.0 0.0 0.0 0.0 0.0 0.0 0.0 0.0 0.0 0.0 0.0 0.0 0.0 0.0 0.0 0.0 0.0 0.0 0.0 3.27826e-07 0.0 0.0 0.0 0.0 0.0 0.0 0.0 0.0 0.0 0.999772 0.0 0.0 0.0 0.0 0.0 0.0 0.0 0.0 0.0 0.0 0.0 0.0 0.0 0.0 0.0 0.0 0.0 0.0 0.0 0.0 0.0 0.0 0.0 7.98702e-06 0.0 0.0 0.0 0.0 0.0 0.0 0.0 0.0 0.0
0.0 0.0 0.0 0.0 0.0 0.0 0.0 0.0 0.0 0.0 0.0 0.0 0.0 0.0 7.03335e-06 0.0 0.0 0.0 3.96967e-05 0.0 0.0 0.0 0.0 0.0 0.0 0.0 0.000336051 0.0 0.0 0.0 0.0 0.999597 0.0 0.0 0.0140567 0.0 0.0 1.49012e-07 0.0 0.0 0.0 0.0 0.0 0.0 0.0 0.0 5.84126e-05 0.0 0.0 0.0 0.0 0.0 3.60906e-05 0.0 0.0 0.0 0.0 0.0 5.36442e-07 0.0 0.0 0.0 0.0 0.0
0.0 2.08616e-07 0.0 0.0 0.0 0.0 0.0 0.0 0.0 0.0 0.0 0.0 0.0 0.0 0.0 0.0 0.0 0.0 0.0 0.0 0.00115317 0.0 0.0 0.0 0.0 0.999912 0.0 0.0 0.0 1.78814e-07 1.49012e-07 0.0 0.0 0.0 0.0 0.0 0.0 0.0 0.0 0.0 0.0 0.0 0.0 0.0 0.0 0.0 0.0 0.0 0.0 0.0 0.0 0.0 0.0 0.0 0.0 0.0 0.0 0.0 0.0 0.0 0.0 0.0 0.0 0.0
0.0 0.0 0.0 0.0 0.0 0.0 0.0 0.0 0.0 4.11272e-06 0.0 0.0 0.0 0.0 0.285578 0.0 0.0 0.0 0.000738323 0.0 0.000156701 0.0 0.0 0.0 0.0 0.0 3.33786e-06 0.0 0.0 0.0 0.0 0.0 0.0 0.0 2.72691e-05 0.0 0.0 0.0 0.0 0.0 0.0 0.0 0.0 8.9407e-08 0.0 0.0 0.0808034 0.0 0.0 0.0 0.0 0.0 0.408706 0.0 0.0 0.0 0.0 0.0 0.0 0.996173 0.0 0.0 0.0 0.0
0.0 0.0 0.0 0.0 0.0 0.0 0.0 0.0 0.0 0.0 0.0 0.0 6.31809e-06 0.0 0.0 0.0 0.0 0.0 0.0 0.0 2.98023e-08 0.0 0.0 0.0 0.992672 0.0 0.0 0.0 0.0 0.0 0.0 0.0 0.0 0.0 0.0 0.0 0.0 0.0 0.0 0.0 0.0 0.0 0.0 0.0 0.0 0.0 0.0 0.0 0.0 0.0 0.0 0.0 2.08616e-07 0.0 0.0 0.0 0.0 0.0 0.0 0.0 0.0 0.0 0.0 0.0
0.0 0.0 8.9407e-07 0.0 0.0 0.0 0.0 0.0 0.0 0.0 0.0 1.96695e-06 0.0 0.0 0.0 0.0 0.0 0.0 0.0 0.0 0.028599 0.0 0.0 0.0 0.0 0.0 0.0 0.0 0.0 0.0 0.0 0.0 0.0 0.0 0.0 0.0 0.0 0.0 0.0 0.0 0.0 0.0 0.0 0.0 0.0 0.0 0.0 0.0 0.0 0.0 0.0 0.0 0.0 0.0 0.0 2.68221e-07 0.0 0.0 0.0 0.0 0.0 0.0 0.0 0.0
0.0 0.0 0.0 0.0 0.0 0.0 0.0 0.0 0.0 0.0 0.000409693 0.0 0.0 0.0 0.0 0.0 0.0 0.0 0.0 0.0 0.0 0.0 0.0 0.0 0.0 0.0 0.0 0.0 0.0 0.0 0.0 0.0 0.0 0.0 0.0 0.0 5.96046e-08 0.0 0.0 0.0 0.0 0.0 0.0 0.0 0.0 0.838956 0.0 0.0 0.0 0.0 0.0 0.0 0.0 0.0 0.0 0.0 0.0 0.0 0.0 0.0 0.0 0.0 0.000972629 8.9407e-08
0.0 0.0 0.0 0.0 0.0 0.0 0.0 0.0 0.0 0.0 0.0 0.0 0.0 0.0 0.0 0.0 0.0 0.0 0.0 0.0 0.0 0.0 0.0 0.0 0.0 0.0 0.0 0.0 0.0 0.0 0.0 0.0 0.0 0.0 0.0 0.0 0.0 0.0 0.0 0.0 0.0 0.0 0.0 0.0 0.0 0.0 0.0 0.0 0.0 0.0 0.0 0.0 0.0 0.999006 0.0 0.0 0.0 0.0 8.40425e-06 0.0 0.00027734 0.0 0.0 0.0
0.0 0.0 0.0 0.0 0.0 0.0 0.0 0.0 0.937131 0.0 0.0 0.0 0.0 0.0 0.0 0.0 0.0 0.0 0.0 0.0 0.0 0.0 0.0 0.0 0.0 0.0 0.0 0.0 0.0 0.0 0.0 0.0 0.0 0.0 0.0 0.0 0.0 0.0 0.0 0.0 0.0 0.0 0.0 0.0 0.0 0.0 0.0 0.0 0.0 0.0 0.0 0.0 0.0 0.0 0.0 0.0 0.0 0.0 0.0 0.0 0.0 0.0 0.0 0.0
0.0 0.0 0.0 0.0 0.0 0.0 0.0 0.0 0.0 0.0 2.53618e-05 0.0 0.0 0.0 0.0 0.0 0.0 0.0 0.0 0.0 0.0 0.0 0.0 0.0 0.0 0.0 0.0 0.0 0.0 0.0 0.0 0.0 0.0 0.0 0.0 0.0 0.999826 0.0 0.0 0.0 0.0 0.0 0.0 0.0 0.0 1.78814e-07 0.0 0.0 0.0 0.0 0.0 0.0 0.0 0.0 0.0 0.0 0.0 0.0 0.0 0.0 0.0 0.0 4.76837e-07 6.16908e-06
33 42 55 4 56 1 2 19 43 61 31 54 25 23 7 16 58 53 62 30 44 6 22 48 24 63 8 12 9 17 35 38 15 36 60 26 3 5 27 20 28 0 45 10 37 29 41 50 47 11 49 13 32 57 21 40 18 34 52 46 14 59 51 39
