8
0.0 0.0 0.0 0.0 0.0 0.0 0.0 0.0 0.0 0.983617 0.0 0.0 0.0 0.0 0.0 0.0 0.0 0.0 0.0 0.0 0.0 0.0 0.0 0.0 0.0 0.0 0.0 0.0 0.0 0.0 0.0 5.66244e-07 0.125462 0.0 0.0 0.0 0.0 0.0 0.0 0.0 0.0 0.0 0.0 0.0 0.0 0.0 0.41752 0.0 0.0 0.0 0.0 0.0 0.0 0.0 0.0 0.0 0.0 0.0 0.0 0.0 0.0 0.0 0.0 1.49012e-06
0.0 0.0 0.0 0.0 0.0 0.0 0.0 0.0 0.0 0.0 0.0 0.0 0.0 0.0 0.0 0.997385 0.0 0.0 0.0 0.0 0.0 0.0 0.0 0.0 0.0 0.0 0.0 0.0 0.0 0.0 0.0 0.0 0.0 0.0 0.0 0.0 0.0 0.0 0.0 0.0 0.0 0.0 0.0 0.0 0.0 0.0 0.0 0.0 0.0 0.0 0.0 0.0 0.0 0.0 0.0 0.0 0.0 0.0 0.0 0.0 0.0 0.0 0.0 0.0
0.551737 0.0 0.0 0.0 0.0 0.0 0.0 0.0 0.0 0.0 0.0 0.0 0.0 0.0 0.0 0.0 0.0 0.0 0.0 0.0 0.0 0.0 0.0 0.0 0.0 0.0 5.96046e-08 0.0 0.0 0.0 0.0 0.0 0.0 0.0 7.15256e-07 0.0 0.0 0.0 0.0 0.0 0.0 0.0 0.0274453 0.644694 0.0 0.0 0.0 0.0 0.000500411 0.0 0.0 0.9967 0.0 2.98023e-08 0.0 0.0 0.0 0.0127187 0.0 0.0 0.0 0.0 0.0 0.0
0.0 0.0 0.0 0.0 0.0 1.01328e-06 0.0 0.00286633 0.0 0.0 6.55651e-07 0.0020574 0.0 0.0 0.0 0.0 3.8743e-07 0.0 0.0 2.71201e-06 0.0 0.631111 2.98023e-08 0.0 5.96046e-08 8.9407e-08 0.0 1.96099e-05 0.790608 0.85878 0.0 0.0 0.0 0.0 0.0 7.15256e-07 0.0190287 0.0 0.0 0.150885 2.98023e-08 0.0 0.0 0.0 2.08616e-07 0.0 0.0 0.0 0.0 0.0511369 0.000289112 0.0 0.0 0.0 0.0017103 0.0 2.89083e-06 0.0 0.982401 0.0 0.0455919 0.0 2.98023e-07 0.0
0.0 0.0 0.0 0.0 0.0 1.51992e-06 0.0 0.0439005 0.0 0.0 0.0 0.990796 0.0 0.0 0.0 0.0 0.000205785 0.0 0.0 0.0 0.0 0.0329273 0.0 0.0 0.0 0.00168541 0.0 1.78814e-06 0.0437677 0.0236841 0.0 0.0 0.0 0.0 0.0 0.285329 0.0014489 0.0 0.0 0.00540283 0.0 0.0 0.0 0.0 0.0 0.0 0.0 0.0 0.0 0.799006 7.689e-06 0.0 0.0 0.0 2.08616e-07 0.0 1.10269e-06 0.0 0.00176725 0.0 0.000498384 2.98023e-08 0.000100344 0.0
0.0 0.0 0.0 0.0 0.0 0.0 0.0 0.0 0.0 0.0 5.66244e-06 0.0 0.0 1.01328e-06 7.18236e-06 0.0 0.0 0.0 0.0 1.51992e-06 3.39746e-06 0.0 5.93066e-06 0.0 0.0 0.0 0.0 0.0 0.0 0.0 0.0 0.0 0.0 0.0 2.98023e-08 0.0 0.0 0.0 0.0 0.0 0.0 0.0 0.0 0.0 0.0 1.57952e-06 0.0 5.96046e-08 0.0 0.0 0.0 0.0 0.999908 0.0 0.0 2.08616e-07 0.0 0.0 0.0 0.0 0.0 0.0 0.0 0.0
8.9407e-08 0.0 0.0 0.0 0.0 0.0 2.98023e-08 0.0 0.0 0.0 0.0 0.0 0.0 0.0013839 0.0 0.0 0.0 0.0 1.40071e-06 0.0 0.0 0.0 0.0 0.0 0.0 0.0 0.0 0.0 0.0 0.0 0.0 0.0 0.0 0.0 0.985653 0.0 0.0 0.0 0.0 0.0 0.0 0.0 0.324545 7.7486e-07 0.0 0.0 0.0 0.0 1.04308e-06 0.0 0.0 8.9407e-08 0.0 2.47061e-05 0.0 8.9407e-07 0.0 6.04987e-06 0.0 5.96046e-08 0.0 0.0 0.0 0.0
0.0 0.0 0.0 0.0 0.0 0.0 0.0 0.0 0.0 0.0 2.01464e-05 0.0 0.0 2.38419e-07 0.46811 0.0 0.0 0.0 0.0 0.000971556 1.3411e-06 0.0 0.0 0.0 0.0 0.0 0.0 0.0 0.0 0.0 0.0 0.0 0.0 0.0 0.0 0.0 0.0 0.0 0.0 0.0 0.0 0.0 0.0 0.0 0.0 5.06639e-07 0.0 0.989931 0.0 0.0 0.0 0.0 0.0 0.0 0.0 1.13249e-05 0.0 0.0 0.0 0.0 0.0 0.0 0.0 0.0
0.0 0.0 0.0 0.0 0.00766316 0.0 0.0 0.0 0.0 0.0 0.0 0.0 0.0 0.0 0.0 0.0 0.0 0.0 0.0 0.0 0.0 0.0 0.0 0.0 0.0 0.0 0.0 0.0 0.0 0.0 0.0 0.0 0.0 0.0 0.0 0.0 0.0 0.0 0.98634 0.0 0.0 2.08616e-07 0.0 0.0 0.0 0.0 0.0 0.0 0.0 0.0 0.0 0.0 0.0 0.0 0.0 0.0 0.0 0.0 0.0 0.0 0.0 0.0 0.0 0.0
7.15256e-07 0.0 0.0 0.0 0.0 0.0 5.96046e-07 0.0 0.0 0.0 0.0 0.0 0.0 0.0 0.0 0.0 0.0 0.00715822 0.0 0.0 0.0 0.0 0.0 0.0 0.0 0.0 0.997167 0.0 0.0 0.0 0.0 2.98023e-08 2.68221e-07 0.0 0.0 0.0 0.0 0.0 0.0 0.0 0.0 0.0 1.78814e-07 3.30806e-06 0.0 0.0 0.0 0.0 0.000245154 0.0 0.0 2.17557e-06 0.0 0.0 0.0 0.0 0.0 8.9407e-08 0.0 0.0 0.0 0.0 0.0 0.0
0.0 0.0 0.0 0.0 0.0 0.0 8.9407e-08 0.0 0.0 0.0 1.43051e-06 0.0 0.0 0.983537 5.66244e-07 0.0 0.0 0.0 1.20699e-05 8.9407e-08 3.15905e-06 0.0 4.33922e-05 0.0 0.0 0.0 0.0 0.0 0.0 0.0 4.17233e-07 0.0 0.0 0.0 0.000372797 0.0 0.0 0.0 0.0 0.0 0.0 0.0 8.9407e-08 0.0 0.0 6.29127e-05 0.0 1.49012e-06 0.0 0.0 0.0 0.0 1.19209e-07 5.36442e-07 0.0 8.04663e-07 0.0 0.0 0.0 0.0 0.0 0.0 0.0 0.0
0.0 0.0 0.0 0.0 0.0 8.04663e-07 0.0 0.060258 0.0 0.0 0.0 0.728607 0.0 0.0 0.0 0.0 1.96695e-06 0.0 0.0 0.0 0.0 0.00304416 0.0 0.0 0.0 4.07696e-05 0.0 3.18587e-05 0.81528 0.0086579 0.0 0.0 0.0 0.0 0.0 0.00266516 0.000100374 0.0 0.0 0.000403494 0.0 0.0 0.0 0.0 0.0 0.0 0.0 0.0 0.0 0.978844 2.98023e-07 0.0 0.0 0.0 4.22895e-05 0.0 1.19209e-07 0.0 0.0630229 0.0 2.01762e-05 0.0 2.08616e-06 0.0
0.0 0.0 0.0 0.0 0.0 0.0 0.0 0.0 0.0 0.0 0.0 0.0 0.000139028 0.0 0.0 0.0 0.0 0.0 0.0 0.0 0.0 0.0 1.78814e-07 0.0 0.0 0.0 0.0 0.0 0.0 0.0 6.07967e-06 0.0 0.0 0.0 1.19209e-07 0.0 0.0 0.0 0.0 0.0 0.0 0.0 1.78814e-07 0.0 0.0 0.0 0.0 0.0 0.0 0.0 0.0 0.0 0.0 0.0 0.0 0.0 0.0 0.0 0.0 0.990565 0.0 0.0 0.0 0.0
0.0 0.0 0.0 0.0 0.0 0.0 0.0 0.0601215 0.0 0.0 0.00186372 1.37091e-06 0.0 0.0 8.9407e-08 0.0 0.0 0.0 0.0 1.15633e-05 8.16882e-05 1.93417e-05 0.000264078 0.0 8.9407e-08 0.0 0.0 0.000147671 0.0162863 7.69794e-05 2.98023e-08 0.0 0.0 2.98023e-07 0.0 0.0 3.99351e-06 0.0 0.0 1.13249e-06 8.9407e-08 0.0 0.0 0.0 0.0 6.4671e-06 0.0 0.0 0.0 0.000166327 0.0 0.0 0.0 0.0 0.983611 0.0 0.0 0.0 0.0060997 0.0 2.08616e-07 0.0 0.0 0.0
0.0 0.0 0.0 0.0 0.0 0.0 0.0 0.0 0.0 0.0 0.0 0.0 0.0 1.78814e-07 5.58794e-05 0.0 0.0 0.0 0.0 0.0 0.0 0.0 0.0 0.0 0.0 0.0 0.0 0.0 0.0 0.0 0.0 0.0 0.0 0.0 8.9407e-08 0.0 0.0 0.0 0.0 0.0 0.0 0.0 0.0 0.0 0.0 0.0 0.0 0.000500679 0.0 0.0 0.0 0.0 0.0 0.0 0.0 0.983547 0.0 0.0 0.0 0.0 0.0 0.0 0.0 0.0
0.0 0.0 0.0 0.0 0.0 0.000214159 0.0 5.96046e-08 0.0 0.0 0.0 4.00841e-05 0.0 0.0 0.0 0.0 2.72393e-05 0.0 0.0 0.0 0.0 4.79817e-06 0.0 0.0 0.0 0.802482 0.0 0.0 2.98023e-07 2.38419e-06 0.0 0.0 0.0 0.0 0.0 0.0323552 3.25143e-05 0.0 0.0 3.54648e-06 0.0 0.0 0.0 0.0 0.0 0.0 0.0 0.0 0.0 9.23872e-07 0.0 0.0 0.0 0.0 0.0 0.0 1.19209e-07 0.0 1.19209e-07 0.0 1.21295e-05 0.0 0.988185 0.0
0.0 0.0 0.0 0.0 0.0 2.14577e-06 0.0 0.0 0.0 0.0 0.0 3.72529e-06 0.0 0.0 0.0 0.0 1.19209e-07 0.0 0.0 0.0 0.0 0.0 0.0 0.0 0.0 0.0244774 0.0 0.0 0.0 0.0 0.0 0.0 0.0 0.0 0.0 0.192925 0.0 5.36442e-07 0.0 0.0 0.0 0.0 0.0 0.0 0.0 0.0 0.0 0.0 0.0 0.0 0.0 0.0 0.0 0.0 0.0 0.0 0.0 0.0 0.0 0.0 0.0 6.24955e-05 0.00240839 0.0
0.0 0.0 0.0 0.0 0.0 0.0 0.0 0.0 0.0 0.0 1.49012e-07 0.0 6.85453e-07 1.00136e-05 0.0 0.0 0.0 0.0 0.997978 0.0 5.96046e-08 0.0 0.0 0.0 0.0 0.0 0.0 0.0 0.0 0.0 0.0 0.0 0.0 0.0 1.49012e-07 0.0 0.0 0.0 0.0 0.0 0.0 0.0 0.0 0.0 0.0 1.19209e-07 0.0 0.0 0.0 0.0 0.0 0.0 0.0 0.000160486 0.0 0.0 0.0 0.0 0.0 0.0 0.0 0.0 0.0 0.0
0.0 0.0 0.0 0.005092 0.0 0.0 0.0 0.0 0.0 0.0 0.0 0.0 0.0 0.0 0.0 0.0 0.0 0.0 0.0 0.0 0.0 0.0 0.0 0.995682 0.0 0.0 0.0 0.0 0.0 0.0 0.0 0.0 0.0 0.0 0.0 0.0 0.0 4.85778e-06 0.0 0.0 0.0 0.0 0.0 0.0 0.0 0.0 0.0 0.0 0.0 0.0 0.0 0.0 0.0 0.0 0.0 0.0 0.0 0.0 0.0 0.0 0.0 0.000589013 0.0 0.0
0.0 0.0 0.0 0.0 0.0 2.08616e-07 0.0 0.00105536 0.0 0.0 0.00112787 9.0301e-06 0.0 0.0 1.19209e-07 0.0 8.9407e-08 0.0 0.0 0.00382331 1.38879e-05 0.038826 3.8743e-07 0.0 8.9407e-08 0.0 0.0 1.17719e-05 0.149725 0.101016 0.0 0.0 0.0 0.0 0.0 0.0 0.0369366 0.0 0.0 0.040399 8.04663e-07 0.0 0.0 0.0 1.3113e-06 4.17233e-07 0.0 0.0 0.0 0.000853151 0.000336438 0.0 0.0 0.0 0.00251392 0.0 1.11461e-05 0.0 0.692439 0.0 0.011465 0.0 0.0 0.0
0.0 0.0 0.0 0.0 0.0 1.78814e-07 0.0 0.194799 0.0 0.0 2.65241e-06 0.0012801 0.0 0.0 0.0 0.0 2.98023e-08 0.0 0.0 1.18911e-05 1.19209e-07 0.0440875 2.38419e-07 0.0 0.0 2.98023e-08 0.0 0.000475556 0.969473 0.156973 0.0 0.0 0.0 0.0 0.0 2.98023e-07 0.00255975 0.0 0.0 0.00290987 0.0 0.0 0.0 0.0 0.0 0.0 0.0 0.0 0.0 0.140953 4.94719e-06 0.0 0.0 0.0 0.31952 0.0 5.66244e-07 0.0 0.945567 0.0 0.000276685 0.0 8.9407e-08 0.0
0.0 0.0 0.0 0.0 0.0 3.99351e-06 0.0 0.0390114 0.0 0.0 5.96046e-08 0.0388952 0.0 0.0 0.0 0.0 5.66244e-07 0.0 0.0 1.78814e-07 0.0 0.194995 0.0 0.0 2.98023e-08 2.05636e-06 0.0 2.46167e-05 0.98614 0.473734 0.0 0.0 0.0 0.0 0.0 1.78516e-05 0.00399992 0.0 0.0 0.0166721 0.0 0.0 0.0 0.0 0.0 0.0 0.0 0.0 0.0 0.719467 1.85072e-05 0.0 0.0 0.0 0.0113252 0.0 1.87755e-06 0.0 0.922473 0.0 0.00160599 0.0 2.26498e-06 0.0
0.0 0.0 0.0 0.0 0.0 0.000120431 0.0 0.000133067 0.0 0.0 0.0 0.00908086 0.0 0.0 0.0 0.0 0.000409484 0.0 0.0 8.9407e-08 0.0 0.948518 0.0 0.0 2.38419e-07 3.15905e-06 0.0 0.0 0.0202133 0.878112 0.0 0.0 0.0 0.0 0.0 3.59714e-05 0.863616 0.0 0.0 0.970623 0.0 0.0 0.0 0.0 0.0 0.0 0.0 0.0 0.0 0.00146174 0.0150717 0.0 0.0 0.0 1.3411e-06 0.0 0.000410587 0.0 0.133099 0.0 0.906536 0.0 1.30534e-05 0.0
0.0 0.0 0.0 0.0 0.0 0.0 0.0 2.08616e-07 0.0 0.0 0.0 0.0 0.0 0.0 0.0 0.0 0.0 0.0 0.0 0.0 0.0 0.0 0.0 0.0 1.78814e-07 0.0 0.0 0.0 0.0 0.0 0.0 0.0 0.0 0.988349 0.0 0.0 0.0 0.0 0.0 0.0 0.0 0.0 0.0 0.0 0.0 0.0 0.0 0.0 0.0 0.0 0.0 0.0 0.0 0.0 1.78814e-07 0.0 0.0 0.0 0.0 0.0 0.0 0.0 0.0 0.0
0.0 0.0 0.0 0.0 0.0 0.0 0.0 0.0 0.0 0.0 8.9407e-08 0.0 0.0 0.0 0.0 0.0 0.0 0.0 0.0 0.0 8.9407e-08 0.0 1.09375e-05 0.0 0.0416985 0.0 0.0 0.0 0.0 0.0 0.0 0.0 0.0 0.0 0.0 0.0 0.0 0.0 0.0 0.0 0.999776 0.0 0.0 0.0 0.0 8.9407e-08 0.0 0.0 0.0 0.0 0.0 0.0 0.0 0.0 0.0 0.0 0.0 0.0 0.0 0.0 0.0 0.0 0.0 0.0
0.0 0.0 0.0 0.0 0.0 2.0355e-05 0.0 7.94828e-05 0.0 0.0 0.0 0.0026944 0.0 0.0 0.0 0.0 0.000139594 0.0 0.0 0.0 0.0 0.893418 0.0 0.0 8.9407e-08 9.0003e-06 0.0 0.0 0.0119574 0.777203 0.0 0.0 0.0 0.0 0.0 4.60744e-05 0.735595 0.0 0.0 0.976153 0.0 0.0 0.0 0.0 0.0 0.0 0.0 0.0 0.0 0.000585347 0.0135153 0.0 0.0 0.0 1.40071e-06 0.0 0.000128776 0.0 0.11423 0.0 0.950954 0.0 3.70145e-05 0.0
0.0 0.0 0.0 0.0 0.0 0.0 0.0 0.0123374 0.0 0.0 3.93391e-05 1.99676e-06 0.0 0.0 3.57628e-07 0.0 0.0 0.0 0.0 5.71311e-05 2.71201e-06 1.19209e-07 2.6226e-06 0.0 0.0 0.0 0.0 0.983743 8.80659e-05 3.57628e-07 0.0 0.0 0.0 0.0 0.0 2.98023e-08 1.19209e-07 0.0 0.0 0.0 0.0 0.0 0.0 0.0 0.0 1.49012e-07 0.0 2.98023e-08 0.0 8.70824e-05 0.0 0.0 0.0 0.0 0.000368655 0.0 0.0 0.0 3.91901e-05 0.0 0.0 0.0 0.0 0.0
0.0 0.0 0.0 0.0 0.0 7.96616e-05 0.0 6.85453e-06 0.0 0.0 0.0 0.102897 0.0 0.0 0.0 0.0 0.00138268 0.0 0.0 0.0 0.0 7.98702e-06 0.0 1.78814e-07 0.0 0.353616 0.0 0.0 1.66893e-06 4.79817e-06 0.0 0.0 0.0 0.0 0.0 0.99784 1.05202e-05 4.76837e-07 0.0 6.07967e-06 0.0 0.0 0.0 0.0 0.0 0.0 0.0 0.0 0.0 0.000611156 0.0 0.0 0.0 0.0 0.0 0.0 8.9407e-08 0.0 8.9407e-08 0.0 6.4671e-06 0.000169337 0.0787049 0.0
0.0 0.0 0.0 0.0 0.0 2.20537e-06 0.0 0.000312388 0.0 0.0 0.0 0.858485 0.0 0.0 0.0 0.0 0.00188556 0.0 0.0 0.0 0.0 0.0006378 0.0 0.0 0.0 0.0073953 0.0 1.19209e-07 0.000193208 0.000499785 0.0 0.0 0.0 0.0 0.0 0.819752 0.000118941 0.0 0.0 0.000156075 0.0 0.0 0.0 0.0 0.0 0.0 0.0 0.0 0.0 0.0622432 2.68221e-07 0.0 0.0 0.0 0.0 0.0 4.76837e-07 0.0 8.52346e-06 0.0 1.84476e-05 7.7486e-07 0.000372797 0.0
0.0 0.0 0.0 0.0 0.0 0.000224799 0.0 1.36793e-05 0.0 0.0 0.0 0.0151152 0.0 0.0 0.0 0.0 0.00243783 0.0 0.0 0.0 0.0 0.000280946 0.0 0.0 0.0 0.783351 0.0 0.0 4.01735e-05 0.000153661 0.0 0.0 0.0 0.0 0.0 0.634308 0.000509143 0.0 0.0 0.000225663 0.0 0.0 0.0 0.0 0.0 0.0 0.0 0.0 0.0 0.000525832 5.96046e-08 0.0 0.0 0.0 0.0 0.0 5.66244e-07 0.0 2.38419e-06 0.0 0.000499547 0.0 0.59276 0.0
0.0 0.0 0.0 0.0 0.0 0.0 0.0 6.61612e-06 0.0 0.0 0.988465 0.0 0.0 1.04308e-06 0.00073114 0.0 0.0 0.0 0.0 0.183577 0.98493 0.0 0.00473246 0.0 0.0 0.0 0.0 6.34789e-06 0.0 0.0 3.39746e-06 0.0 0.0 0.0 0.0 0.0 5.96046e-08 0.0 0.0 0.0 2.5332e-06 0.0 0.0 0.0 0.0 0.960141 0.0 9.0003e-06 0.0 0.0 0.0 0.0 5.96046e-08 0.0 0.000553966 0.0 0.0 0.0 1.49012e-07 0.0 0.0 0.0 0.0 0.0
0.0 0.0 0.0 0.0 0.0 0.0 0.0 0.0 0.0 0.563693 0.0 0.0 0.0 0.0 0.0 0.0 0.0 0.0 0.0 0.0 0.0 0.0 0.0 0.0 0.0 0.0 0.0 0.0 0.0 0.0 0.0 0.0 0.000386059 0.0 0.0 0.0 0.0 0.0 0.0 0.0 0.0 0.0 0.0 0.0 0.0 0.0 0.983804 0.0 0.0 0.0 0.0 0.0 0.0 0.0 0.0 0.0 0.0 0.0 0.0 0.0 0.0 0.0 0.0 3.8743e-07
0.0 0.0 0.0 0.00187922 0.0 2.98023e-08 0.0 0.0 0.0 0.0 0.0 2.38419e-07 0.0 0.0 0.0 0.0 0.0 0.0 0.0 0.0 0.0 0.0 0.0 1.81794e-05 0.0 2.98023e-08 0.0 0.0 0.0 0.0 0.0 0.0 0.0 0.0 0.0 0.000130624 0.0 0.0183435 0.0 0.0 0.0 0.0 0.0 0.0 0.0 0.0 0.0 0.0 0.0 5.96046e-08 0.0 0.0 0.0 0.0 0.0 0.0 0.0 0.0 0.0 0.0 0.0 0.981232 0.0 0.0
0.0 0.0 0.0 0.0 0.0 1.31428e-05 0.0 0.00144848 0.0 0.0 2.98023e-08 0.0177189 0.0 0.0 0.0 0.0 2.13981e-05 0.0 0.0 1.49012e-07 0.0 0.97057 0.0 0.0 2.98023e-08 1.90735e-06 0.0 9.23872e-07 0.204969 0.977663 0.0 0.0 0.0 0.0 0.0 2.48551e-05 0.572905 0.0 0.0 0.862298 0.0 0.0 0.0 0.0 0.0 0.0 0.0 0.0 0.0 0.0084039 0.0124145 0.0 0.0 0.0 5.90682e-05 0.0 0.000187218 0.0 0.817158 0.0 0.621559 0.0 7.62939e-06 0.0
0.0 0.0 0.0 0.0 0.0 0.0 0.0 0.0 0.0 0.0 0.0 0.0 0.0 0.0 0.0 0.0 0.0 0.996374 0.0 0.0 0.0 0.0 0.0 0.0 0.0 0.0 0.285159 0.0 0.0 0.0 0.0 4.76837e-07 0.0 0.0 0.0 0.0 0.0 0.0 0.0 0.0 0.0 0.0 0.0 0.0 0.0 0.0 0.0 0.0 4.76837e-07 0.0 0.0 0.0 0.0 0.0 0.0 0.0 0.0 0.0 0.0 0.0 0.0 0.0 0.0 0.0
0.0 0.0 0.0 0.0 0.0 0.0 0.0 8.9407e-08 0.0 0.0 0.00319421 0.0 0.0 3.93391e-06 0.0 0.0 0.0 0.0 0.0 3.99351e-06 0.00519431 0.0 0.999597 0.0 2.98023e-08 0.0 0.0 5.66244e-07 0.0 0.0 1.19209e-07 0.0 0.0 0.0 0.0 0.0 0.0 0.0 0.0 0.0 1.37985e-05 0.0 0.0 0.0 0.0 0.00361383 0.0 0.0 0.0 0.0 0.0 0.0 1.19209e-07 0.0 4.61042e-05 0.0 0.0 0.0 0.0 0.0 0.0 0.0 0.0 0.0
0.0 0.0 0.0 0.0 0.0 0.0 0.0 5.96046e-08 0.0 0.0 2.44379e-06 0.0 5.84424e-05 0.0 0.0 0.0 0.0 0.0 0.0 0.0 2.11596e-06 0.0 1.19209e-07 0.0 0.0 0.0 0.0 0.0 0.0 0.0 0.989522 0.0 0.0 0.0 0.0 0.0 0.0 0.0 0.0 0.0 0.0 0.0 0.0 0.0 0.0 1.01328e-06 0.0 0.0 0.0 0.0 0.0 0.0 0.0 0.0 2.68221e-07 0.0 0.0 0.0 0.0 1.26958e-05 0.0 0.0 0.0 0.0
0.0 0.0 0.0 0.0 0.0 0.0 0.0 0.0 0.97879 0.0 0.0 0.0 0.0 0.0 0.0 0.0 0.0 0.0 0.0 0.0 0.0 0.0 0.0 0.0 0.0 0.0 0.0 0.0 0.0 0.0 0.0 0.0 0.0 0.0 0.0 0.0 0.0 0.0 0.0 0.0 0.0 0.0 0.0 0.0 0.0 0.0 0.0 0.0 0.0 0.0 0.0 0.0 0.0 0.0 0.0 0.0 0.0 0.0 0.0 0.0 0.0 0.0 0.0 0.0
0.0 4.67896e-06 0.998084 0.0 0.0 0.0 0.0 0.0 0.0 0.0 0.0 0.0 0.0 0.0 0.0 0.0 0.0 0.0 0.0 0.0 0.0 0.0 0.0 0.0 0.0 0.0 0.0 0.0 0.0 0.0 0.0 0.0 0.0 0.0 0.0 0.0 0.0 0.0 0.0 0.0 0.0 0.0 0.0 1.49012e-07 0.0 0.0 0.0 0.0 0.0 0.0 0.0 0.0 0.0 0.0 0.0 0.0 0.0 0.0 0.0 0.0 0.0 0.0 0.0 0.0
0.0 0.0 0.0 0.0 0.0 0.0 0.0 1.72853e-06 0.0 0.0 0.307407 0.0 0.0 0.0 0.0233458 0.0 0.0 0.0 0.0 0.967621 0.00709447 2.08616e-07 9.29832e-06 0.0 0.0 0.0 0.0 2.09212e-05 1.49012e-06 4.47035e-07 0.0 0.0 0.0 0.0 0.0 0.0 5.33462e-06 0.0 0.0 2.08616e-07 1.49012e-07 0.0 0.0 0.0 2.98023e-08 0.00104123 0.0 0.000359803 0.0 0.0 1.19209e-07 0.0 1.49012e-07 0.0 2.7746e-05 0.0 7.45058e-07 0.0 1.37091e-05 0.0 5.96046e-08 0.0 0.0 0.0
0.0 0.0 0.0 0.991915 0.0 0.0 0.0 0.0 0.0 0.0 0.0 0.0 0.0 0.0 0.0 0.0 0.0 0.0 0.0 0.0 0.0 0.0 0.0 0.000197917 0.0 0.0 0.0 0.0 0.0 0.0 0.0 0.0 0.0 0.0 0.0 0.0 0.0 0.000651002 0.0 0.0 0.0 0.0 0.0 0.0 0.0 0.0 0.0 0.0 0.0 0.0 0.0 0.0 0.0 0.0 0.0 0.0 0.0 0.0 0.0 0.0 0.0 0.00857157 0.0 0.0
0.0 0.0 0.0 0.0 0.0 0.0 0.0 0.0 0.0 0.0 0.0 0.0 0.0 0.0 0.0 0.0 0.00196308 0.0 0.0 0.0 0.0 4.92632e-05 0.0 0.0 0.0 0.0 0.0 0.0 0.0 1.71661e-05 0.0 0.0 0.0 0.0 0.0 0.0 4.63128e-05 0.0 0.0 0.000184059 0.0 0.0 0.0 0.0 3.27826e-07 0.0 0.0 0.0 0.0 0.0 0.993582 0.0 0.0 0.0 0.0 0.0 0.00211149 0.0 2.08616e-07 0.0 0.000232607 0.0 0.0 0.0
0.000228524 0.0 0.0 0.0 0.0 0.0 5.6982e-05 0.0 0.0 0.0 0.0 0.0 0.0 0.0 0.0 0.0 0.0 0.0 0.0 0.0 0.0 0.0 0.0 0.0 0.0 0.0 4.69685e-05 0.0 0.0 0.0 0.0 0.0 0.0 0.0 2.39611e-05 0.0 0.0 0.0 0.0 0.0 0.0 0.0 0.317526 0.00014922 0.0 0.0 0.0 0.0 0.994233 0.0 0.0 0.000376105 0.0 0.0 0.0 0.0 0.0 0.000398576 0.0 0.0 0.0 0.0 0.0 0.0
0.0 0.990886 1.10865e-05 0.0 0.0 0.0 0.0 0.0 0.0 0.0 0.0 0.0 0.0 0.0 0.0 0.0 0.0 0.0 0.0 0.0 0.0 0.0 0.0 0.0 0.0 0.0 0.0 0.0 0.0 0.0 0.0 0.0 0.0 0.0 0.0 0.0 0.0 0.0 0.0 0.0 0.0 0.0 0.0 1.19209e-07 0.0 0.0 0.0 0.0 0.0 0.0 0.0 0.0 0.0 0.0 0.0 0.0 0.0 1.19209e-07 0.0 0.0 0.0 0.0 0.0 0.0
0.0 0.0 0.0 0.0 0.0 5.05745e-05 0.0 0.0 0.0 0.0 0.0 3.72529e-06 0.0 0.0 0.0 0.0 0.994807 0.0 0.0 0.0 0.0 2.58088e-05 0.0 0.0 0.0 1.07288e-06 0.0 0.0 8.9407e-08 8.58307e-06 0.0 0.0 0.0 0.0 0.0 9.0301e-06 0.0001176 0.0 0.0 8.23736e-05 0.0 0.0 0.0 0.0 0.0 0.0 0.0 0.0 0.0 1.49012e-07 0.00197989 0.0 0.0 0.0 0.0 0.0 0.0535099 0.0 0.0 0.0 1.39475e-05 0.0 6.70552e-06 0.0
0.0 0.0 0.0 0.0 7.10785e-05 0.0 0.0 0.0 0.0 0.0 0.0 0.0 0.0 0.0 0.0 0.0 0.0 0.0 0.0 0.0 0.0 0.0 0.0 0.0 0.0 0.0 0.0 0.0 0.0 0.0 0.0 0.0 0.0 0.0 0.0 0.0 2.98023e-07 0.0 8.9407e-08 0.0 0.0 0.981832 0.0 0.0 0.0 0.0 0.0 0.0 0.0 0.0 0.0 0.0 0.0 0.0 0.0 0.0 0.0 0.0 0.0 0.0 0.0 0.0 0.0 0.0
0.0 0.0 0.0 0.0 0.0 0.982694 0.0 3.57628e-07 0.0 0.0 0.0 4.35114e-06 0.0 0.0 0.0 0.0 0.000119627 0.0 0.0 0.0 0.0 1.19805e-05 0.0 0.0 0.0 0.000894129 0.0 0.0 1.16229e-06 8.10623e-06 0.0 0.0 0.0 0.0 0.0 0.00022307 5.68926e-05 0.0 0.0 5.33462e-06 0.0 0.0 0.0 0.0 0.0 0.0 0.0 0.0 0.0 1.99676e-06 0.0 0.0 0.0 0.0 0.0 0.0 2.26498e-06 0.0 1.49012e-07 0.0 2.38419e-06 2.98023e-07 0.00466102 0.0
0.0 0.0 0.0 0.0 0.0 0.000293851 0.0 2.83122e-06 0.0 0.0 0.0 0.0034852 0.0 0.0 0.0 0.0 0.00014028 0.0 0.0 0.0 0.0 6.29425e-05 0.0 0.0 0.0 0.966419 0.0 0.0 8.76188e-06 3.44813e-05 0.0 0.0 0.0 0.0 0.0 0.520441 0.000240564 0.0 0.0 5.29885e-05 0.0 0.0 0.0 0.0 0.0 0.0 0.0 0.0 0.0 0.000195891 2.98023e-08 0.0 0.0 0.0 0.0 0.0 2.68221e-07 0.0 4.47035e-07 0.0 0.000162572 0.0 0.704439 0.0
0.0 0.0 0.0 0.0 0.0 0.0 0.0 0.0 0.0 0.184805 0.0 0.0 0.0 0.0 0.0 0.0 0.0 0.0 0.0 0.0 0.0 0.0 0.0 0.0 0.0 0.0 2.08616e-06 0.0 0.0 0.0 0.0 0.000628382 0.985484 0.0 0.0 0.0 0.0 0.0 0.0 0.0 0.0 0.0 0.0 0.0 0.0 0.0 0.000183672 0.0 0.0 0.0 0.0 0.0 0.0 0.0 0.0 0.0 0.0 0.0 0.0 0.0 0.0 0.0 0.0 0.0
0.0 0.0 0.0 0.0 0.0 1.10567e-05 0.0 7.15256e-07 0.0 0.0 0.0 0.00814095 0.0 0.0 0.0 0.0 0.000229865 0.0 0.0 0.0 0.0 9.23872e-07 0.0 0.0 0.0 0.185044 0.0 0.0 2.08616e-07 5.06639e-07 0.0 0.0 0.0 0.0 0.0 0.948141 3.03984e-06 0.0 0.0 7.7486e-07 0.0 0.0 0.0 0.0 0.0 0.0 0.0 0.0 0.0 4.48525e-05 0.0 0.0 0.0 0.0 0.0 0.0 0.0 0.0 0.0 0.0 1.54972e-06 3.51667e-06 0.0264682 0.0
0.0 0.0 0.0 0.0 0.0 0.0 0.0 0.0 0.0 0.0 0.0 0.0 0.0 0.0 0.0 0.0 0.0 0.0 0.0 0.0 0.0 0.0 0.0 0.0 0.0 0.0 0.0 0.0 0.0 0.0 0.0 0.0 0.0 0.0 0.0 0.0 0.0 0.0 0.0 0.0 0.0 0.0 0.0 0.0 0.993206 0.0 0.0 0.0 0.0 0.0 2.68221e-07 0.0 0.0 0.0 0.0 0.0 0.0 0.0 0.0 0.0 0.0 0.0 0.0 0.0
1.51396e-05 0.0 0.0 0.0 0.0 0.0 0.0 0.0 0.0 0.0 0.0 0.0 0.0 0.0 0.0 0.0 0.0 0.0 0.0 0.0 0.0 0.0 0.0 0.0 0.0 0.0 0.0 0.0 0.0 0.0 0.0 0.0 0.0 0.0 1.94609e-05 0.0 0.0 0.0 0.0 0.0 0.0 0.0 0.0041382 0.00732446 0.0 0.0 0.0 0.0 4.20213e-05 0.0 0.0 0.00189197 0.0 0.0 0.0 0.0 0.0 0.997302 0.0 0.0 0.0 0.0 0.0 0.0
0.0 0.0 0.0 0.0 0.0 5.62668e-05 0.0 0.000546217 0.0 0.0 8.9407e-08 0.00093472 0.0 0.0 0.0 0.0 0.00138065 0.0 0.0 5.66244e-07 0.0 0.151204 0.0 0.0 0.0 2.08616e-06 0.0 0.0 0.000133127 0.0287596 0.0 0.0 0.0 0.0 0.0 3.52859e-05 0.997171 0.0 0.0 0.241343 0.0 0.0 0.0 0.0 0.0 0.0 0.0 0.0 0.0 3.05474e-05 0.00101906 0.0 0.0 0.0 8.9407e-08 0.0 0.00809464 0.0 0.000527263 0.0 0.158864 0.0 9.83477e-06 0.0
0.0 0.0 0.0 0.0 0.0 0.0 0.0 0.0 0.0 0.0 0.0 0.0 0.0 0.0 0.0 0.0 0.0 0.0 0.0 0.0 0.0 0.0 1.78814e-07 0.0 0.999247 0.0 0.0 0.0 0.0 0.0 0.0 0.0 0.0 0.0 0.0 0.0 0.0 0.0 0.0 0.0 0.256218 0.0 0.0 0.0 0.0 0.0 0.0 0.0 0.0 0.0 0.0 0.0 0.0 0.0 0.0 0.0 0.0 0.0 0.0 0.0 0.0 0.0 0.0 0.0
0.0 0.0 0.0 0.0 0.0 0.0 0.0 1.10269e-06 0.0 0.0 0.955179 0.0 0.0 4.64916e-06 5.11408e-05 0.0 0.0 0.0 2.98023e-08 0.0245394 0.960238 0.0 0.0356907 0.0 0.0 0.0 0.0 2.32458e-06 0.0 0.0 6.64592e-06 0.0 0.0 0.0 0.0 0.0 0.0 0.0 0.0 0.0 1.23978e-05 0.0 0.0 0.0 0.0 0.981311 0.0 1.2815e-06 0.0 0.0 0.0 0.0 0.0 0.0 0.000188589 0.0 0.0 0.0 0.0 0.0 0.0 0.0 0.0 0.0
5.66244e-07 0.0 0.0 0.0 0.0 0.0 1.10269e-06 0.0 0.0 0.0 0.0 0.0 0.0 3.27826e-07 5.96046e-08 0.0 0.0 0.0 0.000474095 0.0 0.0 0.0 0.0 0.0 0.0 0.0 0.0 0.0 0.0 0.0 0.0 0.0 0.0 0.0 6.31809e-06 0.0 0.0 0.0 0.0 0.0 0.0 0.0 5.78761e-05 8.9407e-08 0.0 0.0 0.0 0.0 0.0 0.0 0.0 5.96046e-08 0.0 0.995486 0.0 0.0 0.0 0.0 0.0 0.0 0.0 0.0 0.0 0.0
0.0 0.0 0.0 0.0 0.991387 0.0 0.0 0.0 0.0 0.0 0.0 0.0 0.0 0.0 0.0 0.0 0.0 0.0 0.0 0.0 0.0 0.0 0.0 0.0 0.0 0.0 0.0 0.0 0.0 0.0 0.0 0.0 0.0 0.0 0.0 0.0 0.0 0.0 0.00785315 0.0 0.0 7.4178e-05 0.0 0.0 0.0 0.0 0.0 0.0 0.0 0.0 0.0 0.0 0.0 0.0 0.0 0.0 0.0 0.0 0.0 0.0 0.0 0.0 0.0 0.0
0.0 0.0 0.0 0.0 0.0 0.0 0.0 0.0 0.0 0.0 0.0 0.0 0.998535 0.0 0.0 0.0 0.0 0.0 2.08616e-06 0.0 0.0 0.0 0.0 0.0 0.0 0.0 0.0 0.0 0.0 0.0 8.55327e-06 0.0 0.0 0.0 0.0 0.0 0.0 0.0 0.0 0.0 0.0 0.0 0.0 0.0 0.0 0.0 0.0 0.0 0.0 0.0 0.0 0.0 0.0 2.98023e-08 0.0 0.0 0.0 0.0 0.0 9.0301e-05 0.0 0.0 0.0 0.0
0.0 0.0 0.0 0.0 0.0 4.71771e-05 0.0 0.000517726 0.0 0.0 0.0 0.00918064 0.0 0.0 0.0 0.0 3.47793e-05 0.0 0.0 5.96046e-08 0.0 0.970848 0.0 0.0 1.78814e-07 1.60933e-06 0.0 2.38419e-07 0.208194 0.982209 0.0 0.0 0.0 0.0 0.0 2.03252e-05 0.549048 0.0 0.0 0.853914 0.0 0.0 0.0 0.0 0.0 0.0 0.0 0.0 0.0 0.0122765 0.00855219 0.0 0.0 0.0 2.83718e-05 0.0 0.000293583 0.0 0.764477 0.0 0.618487 0.0 7.30157e-06 0.0
0.0 0.0 0.0 0.0 0.0 0.0 0.0 1.19209e-07 0.0 0.0 0.0 3.57628e-07 0.0 0.0 0.0 0.0 0.0 0.0 0.0 0.0 0.0 1.63913e-05 0.0 0.0 0.0 6.25849e-07 0.0 0.0 1.96695e-06 1.15335e-05 0.0 0.0 0.0 0.0 0.0 0.0 2.73883e-05 0.0 0.0 6.22869e-06 0.0 0.0 0.0 0.0 0.0 0.0 0.0 0.0 0.0 8.9407e-08 8.9407e-08 0.0 0.0 0.0 0.0 0.0 0.0 0.0 1.01328e-05 0.0 5.59092e-05 0.0 9.68575e-06 0.0
0.0 0.0 0.0 0.0 0.0 9.86457e-06 0.0 2.57194e-05 0.0 0.0 0.0 0.000660777 0.0 0.0 0.0 0.0 9.89139e-05 0.0 0.0 2.98023e-08 0.0 0.912817 0.0 0.0 5.96046e-08 5.84126e-06 0.0 0.0 0.00137302 0.794161 0.0 0.0 0.0 0.0 0.0 3.38852e-05 0.839378 0.0 0.0 0.943045 8.9407e-08 0.0 0.0 0.0 0.0 0.0 0.0 0.0 0.0 4.77731e-05 0.0449906 0.0 0.0 0.0 8.64267e-07 0.0 0.000337571 0.0 0.0471615 0.0 0.971204 0.0 2.37226e-05 0.0
0.0 0.0 0.0 0.0 0.0 4.20213e-06 0.0 5.96046e-08 0.0 0.0 0.0 6.25849e-07 0.0 0.0 0.0 0.0 0.00629464 0.0 0.0 2.08616e-07 0.0 0.000466377 0.0 0.0 0.0 0.0 0.0 0.0 1.3113e-06 0.000442207 0.0 0.0 0.0 0.0 0.0 2.98023e-08 0.051176 0.0 0.0 0.00046289 0.0 0.0 0.0 0.0 0.0 0.0 0.0 0.0 0.0 1.49012e-07 0.0135147 0.0 0.0 0.0 0.0 0.0 0.996914 0.0 1.01626e-05 0.0 6.45518e-05 0.0 8.9407e-08 0.0
0.0 0.0 0.0 0.0 0.0 6.85453e-07 0.0 0.999787 0.0 0.0 7.62939e-05 0.010219 0.0 0.0 0.0 0.0 1.78814e-07 0.0 0.0 1.14143e-05 4.32134e-06 0.00184488 4.35114e-06 0.0 0.0 7.15256e-07 0.0 0.00162739 0.217082 0.00293997 2.98023e-08 0.0 0.0 3.03686e-05 0.0 6.23167e-05 0.00199777 0.0 0.0 0.000151277 0.0 0.0 0.0 0.0 0.0 8.04663e-07 0.0 0.0 0.0 0.0446005 2.08616e-07 0.0 0.0 0.0 0.402869 0.0 1.10269e-06 0.0 0.0201538 0.0 1.87457e-05 0.0 5.06639e-07 0.0
0.0 0.0 0.0 0.0 0.0 0.0 0.0 0.0 0.0 2.38419e-06 0.0 0.0 0.0 0.0 0.0 0.0 0.0 1.90735e-06 0.0 0.0 0.0 0.0 0.0 0.0 0.0 0.0 5.63264e-06 0.0 0.0 0.0 0.0 0.990089 0.0015687 0.0 0.0 0.0 0.0 0.0 0.0 0.0 0.0 0.0 0.0 0.0 0.0 0.0 0.0 0.0 0.0 0.0 0.0 0.0 0.0 0.0 0.0 0.0 0.0 0.0 0.0 0.0 0.0 0.0 0.0 3.57628e-07
0.0 2.8491e-05 0.00190684 0.0 0.0 0.0 0.0 0.0 0.0 0.0 0.0 0.0 0.0 0.0 4.26173e-06 0.0 0.0 0.0 0.0 0.0 0.0 0.0 0.0 0.0 0.0 0.0 0.0 0.0 0.0 0.0 0.0 3.57628e-07 0.0 0.0 0.0 0.0 0.0 0.0 0.000395119 0.0 0.0 0.00280482 0.0 0.995115 0.262265 0.0 0.0 0.0 0.0 0.0 2.05636e-06 0.000342995 0.0 0.0 0.0 0.000544339 0.0 0.0 0.0 0.0 0.0 0.0 0.0 0.0
2.98023e-08 0.0 0.0 0.0 0.0 0.0 2.08616e-07 0.0 0.000959039 0.0 0.0 0.0 0.0 0.0 2.89083e-06 0.0 0.0526462 6.13928e-06 0.0 0.0 0.0 0.0 0.0 0.0 0.0 0.0 0.0 0.0 0.0 0.0 0.0 0.0 0.0 0.0 1.60933e-06 0.0 0.0 0.0 0.0 0.0 0.0 0.0 0.0 0.0 0.0 0.0 0.0 0.0 0.996739 0.0 0.0 0.0 0.0 0.0 0.0 0.0 0.0 0.0 0.0 0.0 0.0 0.0 0.0 1.49012e-07
0.0 0.0 0.0 1.12355e-05 1.19209e-07 0.0 0.0 0.0 0.0 0.0 0.0 6.93798e-05 0.0 0.0 0.0 0.0 0.0 0.0 0.0 0.0 0.0 0.0 0.0 0.203584 0.0 0.0 3.5584e-05 0.0171592 1.49012e-07 0.0 0.0 0.0 0.0 0.0 0.0 0.000600994 0.0 0.0 0.0 0.0 0.0 0.0 0.0 0.0 0.0 0.0 0.0 0.0 0.0 0.000161409 0.0 0.0 0.0 0.0 0.0 0.0 0.0 0.0 0.0 4.47035e-07 0.0 0.0 0.0 0.0
0.0 0.0 0.0 0.0 0.0 0.0 0.0 0.0 0.0 0.0 0.0 0.0 0.0 1.3113e-06 0.0 0.0 0.0 0.0 0.0 4.08292e-06 2.38419e-07 8.9407e-08 0.0 0.0 0.0 0.0 0.0 0.0 0.0 0.0 0.0 0.0 0.0 0.0 0.0 0.0 0.576543 0.0 0.0 0.0 0.0 0.0 0.0 0.0 0.0 0.0 0.0 2.98023e-08 0.0 0.0 0.0 0.0 0.0 0.0 0.0 0.0 0.0 0.9909 0.0 0.0 3.74913e-05 0.0 2.08616e-07 0.0
0.0 0.0 0.0 0.965677 0.0 0.0 0.0 0.0 0.0 0.0 0.0 0.0 0.0 0.0 0.0 0.0 0.0 0.0 0.0 0.0 0.0 0.0 0.0 0.000829607 0.0 0.0 0.0 0.0 0.0 0.0 0.0 0.0 0.0 0.0 0.0 0.0 0.0 0.0 0.0 0.0 0.0 0.0 0.0 0.0 0.0 0.0 0.0 0.0 0.0 0.0 0.0 0.0 0.0 0.0 0.0 0.0 0.0 0.0 0.0 0.0 0.0 0.0 0.0 0.0
0.0 0.0 0.0 0.0 0.0 0.0 0.0 0.0 0.0 0.0 0.0 0.239661 0.0 0.0 0.0 0.0 0.0 0.0 0.0 0.0 0.0 0.0 0.0 2.08616e-07 0.0 0.0 4.17233e-07 0.967545 0.00365975 1.93715e-06 0.0 0.0 0.0 0.0 0.0 0.00113225 0.0 0.0 0.0 0.0 0.0 0.0 0.0 0.0 0.0 0.0 0.0 0.0 0.0 0.484962 0.0 0.0 0.0 0.0 0.0 0.0 0.0 0.0 0.0 0.00384095 0.0 0.0 0.0 0.0
0.0 0.0 0.0 0.0 0.0 0.0 0.0 0.0 0.0 0.0 0.0 0.0 0.0 0.0 1.49012e-07 0.0 2.98023e-08 0.0 0.0 0.0 0.0 0.0 0.0 0.0 0.0 0.0 0.0 0.0 0.0 0.0 0.0 0.0 0.0 0.0 0.0 0.0 0.0 0.0 2.98023e-08 0.0 0.0 0.0 0.0 0.0 0.0 0.0 0.0 0.0 0.0 0.0 0.0 0.0 0.0 0.0 0.0 2.08616e-07 0.0 0.0 0.0 0.0 0.0 0.0 0.0 0.999228
0.0 0.0 0.0 0.0 0.0 0.0 2.58684e-05 0.0 0.0 0.0 0.00288981 0.0 2.38419e-07 1.19507e-05 0.0 0.0 8.9407e-08 2.40505e-05 0.0 0.00127849 7.62939e-06 8.9407e-08 3.8147e-06 0.0 1.19209e-07 3.51667e-06 0.0 0.0 0.0 0.0 0.00379887 0.0 0.0 0.0 0.0 0.0 6.85453e-07 1.0103e-05 0.0 0.0128771 3.34382e-05 0.0 0.0 0.0 0.0 0.0411254 0.0 0.0 0.0 0.0 0.0 0.0 2.64347e-05 0.0 6.29425e-05 0.0 0.995658 0.0 4.05312e-06 0.0 2.10404e-05 0.0 0.0 0.0
0.0 0.0 0.0 6.4522e-05 0.0 0.0 0.0 0.0 0.0 0.0 0.0 4.17233e-07 0.0 0.0 0.0 0.0 0.0 0.0 0.0 0.0 0.0 0.0 0.0 0.0165332 0.0 0.0 5.96046e-08 0.0251113 0.0 0.0 0.0 0.0 0.0 0.0 0.0 5.66244e-07 0.0 0.0 0.0 0.0 0.0 0.0 0.0 0.0 0.0 0.0 0.0 0.0 0.0 2.563e-06 0.0 0.0 0.0 0.0 0.0 0.0 0.0 0.0 0.0 8.9407e-08 0.0 0.0 0.0 0.0
0.0 0.98539 1.90437e-05 0.0 0.0 0.0 0.0 0.0 0.0 0.0 0.0 0.0 0.0 0.0 0.0 0.0 0.0 0.0 0.0 0.0 0.0 0.0 0.0 0.0 0.0 0.0 0.0 0.0 0.0 0.0 0.0 0.0332084 0.0 0.0 0.0 0.0 0.0 0.0 2.98023e-08 0.0 0.0 0.996152 0.0 6.23167e-05 9.76026e-05 0.0 0.0 0.0 0.0 0.0 0.00328794 3.8743e-07 0.0 0.0 0.0 5.66244e-07 0.0 0.0 0.0 0.0 0.0 0.0 0.0 0.0
0.0 0.0 0.0 0.0 0.0 0.0 0.981448 0.0 8.04663e-07 0.0 0.583063 0.0 0.0 5.96046e-08 0.0 0.0 0.000165373 0.0810104 0.0 1.01328e-06 0.0 0.0 6.85453e-07 0.0 0.0 0.0 0.0 0.0 0.0 0.0 1.2517e-06 0.0 0.0 0.0 0.0 0.0 0.0 4.17233e-07 0.0 0.00269249 0.0 0.0 0.0 0.0 0.0 0.103889 0.0 0.0 1.49012e-07 0.0 0.0 0.0 0.00191203 0.0 0.0 0.0 3.42727e-05 0.0 0.0 0.0 0.0 0.0 0.0 0.0
0.0 0.0 0.0 0.0 0.0 0.0 0.0 0.0 0.0 0.0 0.0 0.0 0.925643 1.19209e-07 0.0 0.0 0.0 0.0 0.0 0.00657335 0.713306 0.574935 8.9407e-08 0.0 0.383835 0.835982 0.0 0.0 0.0 0.000319719 0.0246904 0.0 0.0 0.713459 0.0 0.0 6.85453e-07 5.31673e-05 0.0 6.82473e-06 0.0 0.0 0.0 0.0 0.0 2.08616e-07 0.0 0.0 0.0 0.0 0.0 0.0 0.0 0.0 0.612196 0.0 8.9407e-08 0.0 0.980171 0.0 0.030144 0.0 0.0 0.0
0.0 8.9407e-07 0.00391865 0.0 0.0 0.0 0.0 0.0 0.0 0.0 0.0 0.0 0.0 0.0 5.56409e-05 0.0 0.0 0.0 0.0 0.0 0.0 0.0 0.0 0.0 0.0 0.0 0.0 0.0 0.0 0.0 0.0 2.98023e-07 0.0 0.0 2.08616e-07 0.0 0.0 0.0 0.00304085 0.0 0.0 2.08616e-07 0.0 0.00211695 0.193682 0.0 0.0 0.0 0.0 0.0 0.0 0.373819 0.0 0.000430524 0.0 0.193493 0.0 0.0 0.0 0.0 0.0 0.0 0.0 6.25849e-07
0.0 0.0 0.0 0.0 0.0 0.0 0.0 0.0 0.000688314 0.0 0.0 0.0 0.0 0.0 7.62939e-06 0.0 0.000598609 0.0 0.0 0.0 0.0 0.0 0.0 0.0 0.0 0.0 0.0 0.0 0.0 0.0 0.0 0.0 0.0 0.0 0.994339 0.0 0.0 0.0 5.06639e-07 0.0 0.0 0.0 1.19209e-07 0.0 0.0 0.0 0.0 0.0 4.26173e-06 0.0 0.0 0.0 0.0 5.96046e-08 0.0 0.0 0.0 0.0 0.0 0.0 0.0 0.0 0.0 0.0
0.0 0.0 0.0 0.0 0.0 0.0 1.19209e-07 0.0 0.0 0.0 0.00191972 0.0 0.000212699 0.0 0.0 0.0 0.0 0.0 0.0 1.17719e-05 2.76566e-05 1.43051e-06 0.000143886 0.0 5.63264e-05 0.0346587 0.0 0.0 0.0 0.0 0.416368 0.0 0.0 1.46329e-05 0.0 0.0 0.0 0.987167 0.0 0.27626 0.0 0.0 0.0 0.0 0.0 0.00308308 0.0 0.0 0.0 0.0 0.0 0.0 2.99811e-05 0.0 0.430905 0.0 1.63913e-06 0.0 0.000688881 0.0 1.3411e-06 2.98023e-08 0.0 0.0
0.0 0.0 0.0 0.0 0.0 0.0 0.0 0.0 0.0 0.0 0.0 0.0 0.0 0.0 0.0 0.0 0.0 0.0 0.0 0.0 0.0 0.0 0.0 0.0 0.0 0.0 0.0 0.0 0.0 0.0 0.0 0.0 0.996051 0.0 0.0 0.0 0.0 0.0 0.0 0.0 0.0 0.0 0.0 0.0 0.0 0.0 0.0 0.0 0.0 0.0 0.0 0.0 0.0 0.0 0.0 0.0 0.0 0.0 0.0 0.0 0.0 0.0 0.0 0.0
0.0 0.0 0.0 0.0 5.96046e-08 0.0 0.0 0.0 0.0 0.0 0.0 0.319539 1.19209e-07 0.0 0.0 2.38419e-07 0.0 0.0 0.0 0.0 0.0 1.60933e-06 0.0 0.0 8.9407e-08 0.0 5.96046e-08 0.00158352 0.978979 0.154745 0.0 0.0 0.0 6.49691e-06 0.0 0.00237855 0.0 0.0 0.0 0.0 0.0 0.0 0.0 0.0 0.0 0.0 0.0 3.97265e-05 0.0 0.425043 0.0 0.0 0.0 0.0 0.0 0.0 0.0 0.0 0.0 0.969016 0.0 0.0 0.0 0.0
0.0 0.0 0.0 0.0 0.0 0.0 0.0 0.0 0.0 0.0 0.0 0.0 0.0 0.0 0.0 0.0 0.0 2.98023e-08 0.0 0.0 0.0 0.0 0.0 0.0 0.0 0.0 0.0 0.0 0.0 0.0 0.0 0.0 0.0 0.0 0.0 0.0 0.0 0.0 0.0 0.0 0.0 0.0 0.0 0.0 0.0 0.0 0.996807 0.0 0.0 0.0 0.0 0.0 0.0 1.49012e-07 0.0 0.0 0.0 0.0 0.0 0.0 0.0 0.0 0.0 0.0
0.0 0.0 0.0 0.0 0.0 0.997406 0.0 0.0 0.0 0.0 0.0 0.0 0.0 0.0 0.0 0.0 0.0 0.0 0.0 0.0 0.0 0.0 0.0 0.0 0.0 0.0 0.0 0.0 0.0 0.0 0.0 0.0 0.0 0.0 0.0 0.0 0.0 0.0 0.0 0.0 0.0 0.0 2.08616e-07 0.0 0.0 0.0 0.0 0.0 0.0 0.0 0.0 0.0 0.0 2.08616e-07 0.0 0.0 0.0 0.0 0.0 0.0 0.0 0.0 0.0 0.0
0.0 0.0 0.0 0.0 0.0 0.0 0.0 0.0 0.0 0.0 5.66244e-07 0.0 0.0994638 9.23872e-07 0.0 0.0 0.0 0.0 0.0 0.627418 0.828472 0.114036 0.0 0.0 0.00373554 0.00160435 0.0 0.0 0.0 1.61231e-05 0.00166243 0.0 0.0 0.00547516 0.0 0.0 0.00334847 2.68221e-07 0.0 5.15878e-05 1.19209e-07 0.0 0.0 0.0 0.0 1.12951e-05 0.0 0.0 0.0 0.0 0.0 0.0 0.0 0.0 0.00040102 0.0 5.06639e-07 3.60608e-06 0.101469 0.0 0.979348 0.0 0.0 0.0
0.0 0.0 0.0 0.0 0.0 0.0 1.19209e-07 0.0 0.0 0.0 3.01301e-05 0.0 0.00232008 0.000128925 0.0 0.0 0.0 0.0 0.0 0.981303 0.152408 0.000588655 2.98023e-08 0.0 0.00064379 0.000953913 0.0 0.0 0.0 8.9407e-08 0.0061391 0.0 0.0 7.22706e-05 0.0 0.0 0.00696987 1.2517e-06 0.0 0.000516415 9.83477e-07 0.0 0.0 0.0 0.0 0.003894 0.0 0.0 0.0 0.0 0.0 0.0 0.0 0.0 0.000769019 0.0 4.22597e-05 2.6226e-06 0.0078091 0.0 0.680239 0.0 0.0 0.0
0.0 0.0 0.0 0.0 0.0 0.0 2.08616e-07 0.0 0.0 0.0 0.00284246 0.0 0.00163585 7.48038e-06 0.0 0.0 0.0 0.0 0.0 0.0513723 0.023537 0.000201315 6.88434e-06 0.0 0.000427365 0.0331339 0.0 0.0 0.0 5.96046e-08 0.966436 0.0 0.0 0.000107169 0.0 0.0 2.08616e-07 0.0192482 0.0 0.427945 0.0 0.0 0.0 0.0 0.0 0.0320503 0.0 0.0 0.0 0.0 0.0 0.0 3.57628e-07 0.0 0.476236 0.0 0.000191778 0.0 0.0245151 0.0 0.00785825 0.0 0.0 0.0
0.0 0.0 0.0 0.0 1.78814e-07 0.0 0.0 0.0 0.0 0.0 0.0 2.98023e-07 0.0 2.98023e-08 0.0 0.00529483 0.0 0.0 0.0 0.0 8.9407e-08 5.96046e-07 0.0 0.0 0.0 0.0 0.0 0.0 4.58956e-06 0.000334084 0.0 0.0 0.0 2.98023e-08 0.0 0.0 0.0 0.0 0.0 0.0 0.0 0.0 0.0 0.0 0.0 0.0 0.0 0.998268 0.0 1.49012e-07 0.0 0.0 0.0 0.0 0.0 0.0 0.0 0.0 0.0 5.03659e-06 0.0 0.0 0.0 0.0
0.0 0.0 0.0 0.0 0.0 0.0 0.0012522 0.0 4.17233e-07 0.0 0.00103474 0.0 0.0 0.0 0.0 0.0 9.43244e-05 8.73208e-06 0.0 0.0 0.0 0.0 0.0 0.0 0.0 0.0 0.0 0.0 0.0 0.0 1.2517e-06 0.0 0.0 0.0 0.0 0.0 0.0 5.21541e-06 0.0 3.02196e-05 0.0 0.0 0.0 0.0 0.0 4.61936e-06 0.0 0.0 2.98023e-08 0.0 0.0 0.0 0.997424 0.0 1.78814e-07 0.0 1.10269e-05 0.0 0.0 0.0 0.0 0.0 0.0 0.0
0.0 9.26852e-06 0.997129 0.0 0.0 0.0 0.0 0.0 0.0 0.0 0.0 0.0 0.0 0.0 5.63264e-06 0.0 0.0 0.0 0.0 0.0 0.0 0.0 0.0 0.0 0.0 0.0 0.0 0.0 0.0 0.0 0.0 0.0 0.0 0.0 0.0 0.0 0.0 0.0 2.99215e-05 0.0 0.0 9.69172e-05 0.0 0.00146449 0.260581 0.0 0.0 0.0 0.0 0.0 7.7337e-05 0.0190657 0.0 8.9407e-08 0.0 0.226618 0.0 0.0 0.0 0.0 0.0 0.0 0.0 3.8743e-07
0.0 0.0 0.0 0.0 0.0 0.0 0.0 0.0 0.0 0.0 0.0 0.982312 0.0 0.0 0.0 1.72853e-06 0.0 0.0 0.0 0.0 0.0 1.78814e-07 0.0 0.0 1.19209e-07 0.0 7.53999e-06 0.0305277 0.376277 0.0132978 0.0 0.0 0.0 6.25849e-07 0.0 0.171083 0.0 0.0 0.0 0.0 0.0 0.0 0.0 0.0 0.0 0.0 0.0 1.15037e-05 0.0 0.97439 0.0 0.0 0.0 0.0 0.0 0.0 0.0 0.0 0.0 0.185263 0.0 0.0 0.0 0.0
0.0 0.0 0.0 0.0 3.18885e-06 0.0 0.0 0.0 0.0 0.0 0.0 0.0 0.0 0.0 0.0 0.999671 0.0 0.0 0.0 0.0 0.0 0.0 0.0 0.0 0.0 0.0 0.0 0.0 0.0 5.96046e-08 0.0 0.0 0.0 0.0 0.0 0.0 0.0 0.0 0.0 0.0 0.0 0.0 0.0 0.0 0.0 0.0 0.0 0.0164498 0.0 0.0 0.0 0.0 0.0 0.0 0.0 0.0 0.0 0.0 0.0 5.96046e-08 0.0 0.0 0.0 0.0
0.0 0.0 0.0 0.0 0.0 0.0 0.0 0.0 0.0 0.0 0.0 0.0 0.0 0.0 0.0 0.0 0.0 0.0 0.0 0.0 0.0 0.0 0.0 0.0 0.0 0.0 0.0 0.0 0.0 0.0 0.0 0.0 0.0 0.0 0.0 0.0 0.0 0.0 0.0 0.0 0.0 0.0 0.0 0.0 0.0 0.0 0.0 0.0 0.0 0.0 0.0 0.0 0.0 0.0 0.0 0.0 0.0 0.0 0.0 0.0 0.0 0.0 1.0 0.0
0.0 0.0 0.0 0.0 0.0 0.0 0.0 0.0 0.0 0.0 5.96046e-08 0.0 0.713641 8.37445e-06 0.0 0.0 0.0 0.0 0.0 0.118567 0.982898 0.561024 0.0 0.0 0.150077 0.089962 0.0 0.0 0.0 0.000119567 0.00973162 0.0 0.0 0.036593 0.0 0.0 2.68817e-05 2.29478e-06 0.0 3.90112e-05 0.0 0.0 0.0 0.0 0.0 5.06639e-07 0.0 2.98023e-08 0.0 0.0 0.0 0.0 0.0 0.0 0.0276757 0.0 5.96046e-08 2.98023e-08 0.669827 0.0 0.565648 0.0 0.0 0.0
0.0 0.0 0.0 0.0 5.96046e-08 0.0 0.0 0.0 0.0 0.0 0.0 0.182734 1.19209e-07 0.0 0.0 6.25849e-07 0.0 0.0 0.0 0.0 0.0 8.64267e-07 0.0 0.0 2.98023e-08 0.0 2.98023e-07 0.00226226 0.960847 0.104803 0.0 0.0 0.0 2.02656e-06 0.0 0.00224212 0.0 0.0 0.0 0.0 0.0 0.0 0.0 0.0 0.0 0.0 0.0 1.89245e-05 0.0 0.294591 0.0 0.0 0.0 0.0 0.0 0.0 0.0 0.0 0.0 0.977818 0.0 0.0 0.0 0.0
0.0 0.0 0.0 0.0 0.0 0.0 0.00199628 0.0 0.0 0.0 0.909245 0.0 6.25849e-07 1.2219e-06 0.0 0.0 0.0 6.4373e-06 0.0 0.00231287 4.08292e-05 1.78814e-07 0.000510186 0.0 3.27826e-07 1.25468e-05 0.0 0.0 0.0 0.0 0.21834 0.0 0.0 8.9407e-08 0.0 0.0 8.9407e-08 0.035867 0.0 0.976754 0.0 0.0 0.0 0.0 0.0 0.888951 0.0 0.0 0.0 0.0 0.0 0.0 5.62668e-05 0.0 0.000872135 0.0 0.00122347 0.0 1.03712e-05 0.0 9.59635e-05 0.0 0.0 0.0
0.0 1.78814e-07 2.98023e-08 0.0 0.0 0.0 0.0 0.0 0.0 0.989424 0.0 0.0 0.0 0.0 0.0 0.0 0.0 0.0 0.0 0.0 0.0 0.0 0.0 0.0 0.0 0.0 0.0 0.0 0.0 0.0 0.0 0.0 0.0 0.0 0.0 0.0 0.0 0.0 0.0 0.0 0.0 0.00789583 0.0 0.0 0.0 0.0 0.0 0.0 0.0 0.0 0.0167049 0.0 0.0 0.0 0.0 0.0 0.0 0.0 0.0 0.0 0.0 0.0 0.0 0.0
0.0 0.0 0.0 0.0 0.0 2.98023e-07 0.0 0.0 1.49012e-07 0.0 0.0 0.0 0.0 0.0 4.17233e-07 0.0 5.66244e-07 0.0 0.0 0.0 0.0 0.0 0.0 0.0 0.0 0.0 0.0 0.0 0.0 0.0 0.0 0.0 0.0 0.0 3.99351e-06 0.0 0.0 0.0 8.04663e-07 0.0 0.0 0.0 3.95775e-05 0.0 0.0 0.0 3.27826e-07 0.0 0.0 0.0 0.0 3.96073e-05 0.0 0.987295 0.0 2.98023e-08 0.0 0.0 0.0 0.0 0.0 0.0 0.0 0.0
0.0 0.0 0.0 0.0 0.0 0.0 0.0 0.0 0.0 0.0 0.0 0.0 1.81794e-06 2.13683e-05 0.0 0.0 0.0 0.0 0.0 0.00825694 0.000135928 2.92063e-06 0.0 0.0 1.49012e-07 0.0 0.0 0.0 0.0 0.0 2.98023e-08 0.0 0.0 8.9407e-08 0.0 0.0 0.995497 0.0 0.0 0.0 0.0 0.0 0.0 0.0 0.0 2.5034e-06 0.0 0.0 0.0 0.0 0.0 0.0 0.0 0.0 0.0 0.0 3.57628e-07 0.265266 1.01328e-06 0.0 0.0093393 0.0 2.98023e-08 0.0
0.0 0.0106165 0.0 0.0 0.0 0.0 0.0 0.0 0.0 0.0 0.0 0.0 0.0 0.0 0.0 0.0 0.0 0.0 0.0 0.0 0.0 0.0 0.0 0.0 0.0 0.0 0.0 0.0 0.0 0.0 0.0 0.986 0.0 0.0 0.0 0.0 0.0 0.0 1.2517e-06 0.0 0.0 0.419336 0.0 2.98023e-07 1.49012e-07 0.0 0.0 0.0 0.0 0.0 2.38419e-07 0.0 0.0 0.0 0.0 0.0 0.0 0.0 0.0 0.0 0.0 0.0 0.0 0.0
0.0 0.0 0.0 0.0 0.0 0.0 0.0 0.999999 0.0 0.0 0.0 0.0 0.0 0.0 0.0 0.0 0.0 0.0 0.0 0.0 0.0 0.0 0.0 0.0 0.0 0.0 0.0 0.0 0.0 0.0 0.0 0.0 0.0 0.0 0.0 0.0 0.0 0.0 0.0 0.0 0.0 0.0 0.0 0.0 0.0 0.0 0.0 0.0 0.0 0.0 0.0 0.0 0.0 0.0 0.0 0.0 0.0 0.0 0.0 0.0 0.0 0.0 0.0 0.0
0.0 0.0 0.0 0.0 0.0 0.0 2.98023e-08 0.0 0.0 0.0 4.76837e-06 0.0 0.0 1.01328e-06 0.0 0.0 0.0 0.0 0.0 5.96046e-08 0.0 0.0 0.999056 0.0 8.76188e-06 2.68221e-07 0.0 0.0 0.0 0.0 7.09295e-06 0.0 0.0 2.98023e-08 0.0 0.0 0.0 8.79169e-06 0.0 0.000152975 0.0 0.0 0.0 0.0 0.0 2.23517e-06 0.0 0.0 0.0 0.0 0.0 0.0 0.0 0.0 2.14279e-05 0.0 8.9407e-08 0.0 1.49012e-07 0.0 0.0 0.0 0.0 0.0
0.0 0.0 0.0 0.0 1.19209e-07 0.0 0.0 0.0 0.0 0.0 0.0 0.0 0.0 2.98023e-08 0.0 0.0 0.0 0.0 3.36766e-06 0.0 0.0 0.0 0.0 0.0 0.0 0.0 0.0 0.0 1.49012e-07 0.0 0.0 0.0 7.7486e-07 0.0 0.0 0.0 2.98023e-08 0.0 0.0 0.0 0.0 0.0 0.0 0.0 0.0 0.0 0.0 0.000147998 0.0 0.0 0.0 0.0 0.0 0.0 0.0 0.0 0.0 2.08616e-07 0.0 2.08616e-07 0.0 0.0 0.0 0.0
0.0 0.0 0.0 0.000341505 0.0 0.0 0.0 0.0 0.0 0.0 0.0 1.19209e-07 0.0 0.0 0.0 0.0 0.0 0.0 0.0 0.0 0.0 0.0 0.0 0.0461504 0.0 0.0 5.96046e-08 0.00499874 0.0 0.0 0.0 0.0 0.0 0.0 0.0 8.9407e-08 0.0 0.0 0.0 0.0 0.0 0.0 0.0 0.0 0.0 0.0 0.0 0.0 0.0 4.47035e-07 0.0 0.0 0.0 0.0 0.0 0.0 0.0 0.0 0.0 0.0 0.0 0.0 0.0 0.0
0.0 0.0 0.0 0.0 0.0 0.0 0.0 0.0 0.0 0.0 0.0 0.0 0.690657 0.0 0.0 0.0 0.0 0.0 0.0 0.000471503 0.0461701 0.0215631 8.9407e-07 0.0 0.417816 0.978449 2.98023e-08 0.0 2.08616e-07 2.02358e-05 0.0123449 0.0 0.0 0.406084 0.0 2.98023e-08 5.96046e-08 0.00371614 0.0 3.03984e-06 0.0 0.0 0.0 0.0 0.0 0.0 0.0 0.0 0.0 0.0 0.0 0.0 0.0 0.0 0.947046 0.0 0.0 0.0 0.828957 0.0 0.000268072 2.98023e-08 0.0 0.0
0.0 5.96046e-08 0.000397533 0.0 0.0 0.0 0.0 0.0 0.0 0.0 0.0 0.0 0.0 0.0 0.0 0.0 0.0 0.0 0.0 0.0 0.0 0.0 0.0 0.0 0.0 0.0 0.0 0.0 0.0 0.0 0.0 0.0 0.0 0.0 0.0 0.0 0.0 0.0 1.01328e-06 0.0 0.0 8.9407e-08 0.0 8.43406e-06 0.00346914 0.0 0.0 0.0 0.0 0.0 0.0 0.985501 0.0 0.000690609 0.0 0.114351 0.0 0.0 0.0 0.0 0.0 0.0 0.0 0.0
0.0 0.0 0.0 0.000213832 0.0 0.0 0.0 0.0 0.0 0.0 0.0 2.08616e-07 0.0 0.0 0.0 0.0 0.0 0.0 0.0 0.0 0.0 0.0 0.0 0.972974 0.0 0.0 2.98023e-07 5.94258e-05 0.0 0.0 0.0 0.0 0.0 0.0 0.0 7.15256e-07 0.0 0.0 0.0 0.0 0.0 0.0 0.0 0.0 0.0 0.0 0.0 0.0 0.0 4.47035e-07 0.0 0.0 0.0 0.0 0.0 0.0 0.0 0.0 0.0 0.0 0.0 0.0 0.0 0.0
0.0 0.0 8.9407e-08 0.0 0.0 0.0 0.0 0.0 2.08616e-07 0.0 0.0 0.0 0.0 0.0 0.982173 0.0 3.8743e-07 0.0 0.0 0.0 0.0 0.0 0.0 0.0 0.0 0.0 0.0 0.0 0.0 0.0 0.0 0.0 0.0 0.0 5.25713e-05 0.0 0.0 0.0 0.432479 0.0 0.0 0.0 0.0 8.9407e-08 0.0 0.0 0.0 0.0 4.75049e-05 0.0 0.0 0.0 0.0 1.49012e-07 0.0 0.0 0.0 0.0 0.0 0.0 0.0 0.0 0.0 2.05636e-06
0.0 0.0 0.0 0.0 0.0 1.49012e-07 8.9407e-08 0.0 0.00022158 0.0 0.0 0.0 0.0 0.0 8.9407e-08 0.0 4.02331e-06 0.000291198 0.0 0.0 0.0 0.0 0.0 0.0 0.0 0.0 0.0 0.0 0.0 0.0 0.0 0.0 0.0 0.0 5.96046e-08 0.0 0.0 0.0 0.0 0.0 0.0 0.0 0.990822 0.0 0.0 1.49012e-07 1.19209e-07 0.0 1.78814e-07 0.0 0.0 0.0 0.0 3.45707e-06 0.0 0.0 6.85453e-07 0.0 0.0 0.0 0.0 0.0 0.0 0.0
0.0 0.0 0.0 0.0 0.0 0.0 0.0 0.0 0.0 0.0 0.0 6.85453e-07 0.812601 2.08616e-07 0.0 0.0 0.0 0.0 0.0 0.000104368 0.607081 0.97606 0.0 0.0 0.0755105 0.0145201 1.19209e-07 0.0 7.59959e-06 0.0775966 5.29289e-05 0.0 0.0 0.775104 0.0 5.96046e-08 7.7486e-07 1.49012e-07 0.0 8.9407e-08 0.0 0.0 0.0 0.0 0.0 0.0 0.0 1.04308e-06 0.0 3.27826e-07 0.0 0.0 0.0 0.0 0.00356063 0.0 0.0 0.0 0.643894 3.06964e-06 0.0324147 0.0 0.0 0.0
0.0 0.0 0.0 0.0 0.00274369 0.0 0.0 0.0 0.0 0.0 0.0 0.0 0.0 0.0 0.0 0.0 0.0 0.0 0.977367 0.0 0.0 0.0 0.0 0.0 0.0 0.0 0.0 0.0 0.0 0.0 0.0 0.0 0.0 0.0 0.0 0.0 0.0 0.0 0.0 0.0 0.0 0.0 0.0 0.0 0.0 0.0 0.0 0.0 0.0 0.0 0.0 0.0 0.0 0.0 0.0 0.0 0.0 0.0 0.0 2.38419e-07 0.0 0.0 0.0 0.0
0.0 0.0 0.0 0.0 0.0 0.0 0.0 0.0 0.0 0.0 0.0 6.25849e-07 0.0 0.0 0.0 1.19209e-07 0.0 0.0 0.0 0.0 0.0 0.0 0.0 0.0 0.0 0.0 0.992996 0.0 0.0 0.0 0.0 0.0 0.0 0.0 0.0 1.22488e-05 0.0 0.0 0.0 0.0 0.0 0.0 0.0 0.0 0.0 0.0 0.0 0.0 0.0 1.16229e-06 0.0 0.0 0.0 0.0 0.0 0.0 0.0 0.0 0.0 0.0 0.0 0.0 0.0 0.0
0.0 0.0 0.0 0.0 0.993995 0.0 0.0 0.0 0.0 0.0 0.0 0.0 0.0 0.0 0.0 4.38094e-06 0.0 0.0 0.00143346 0.0 0.0 0.0 0.0 0.0 0.0 0.0 8.9407e-08 0.0 0.0 0.0 0.0 0.0 0.0 0.0 0.0 0.0 0.0 0.0 0.0 0.0 0.0 0.0 0.0 0.0 0.0 0.0 0.0 1.49012e-07 0.0 0.0 0.0 0.0 0.0 0.0 0.0 0.0 0.0 0.0 0.0 3.57628e-07 0.0 0.0 0.0 0.0
0.0 9.23872e-07 0.0635584 0.0 0.0 0.0 0.0 0.0 0.0 0.0 0.0 0.0 0.0 0.0 0.0 0.0 0.0 0.0 0.0 0.0 0.0 0.0 0.0 0.0 0.0 0.0 0.0 0.0 0.0 0.0 0.0 0.0 0.0 0.0 0.0 0.0 0.0 0.0 7.86781e-06 0.0 0.0 1.60933e-06 0.0 0.000501782 0.16602 0.0 0.0 0.0 0.0 0.0 3.96371e-06 0.637727 0.0 1.49012e-07 0.0 0.986335 0.0 0.0 0.0 0.0 0.0 0.0 0.0 1.2815e-06
0.0 0.0 0.0 0.0 0.0 0.0 0.0 0.0 0.0 0.0 0.0 0.0137404 0.000532389 0.0 0.0 2.68221e-06 0.0 0.0 0.0 0.0 5.87702e-05 0.0491918 0.0 0.0 0.000152588 2.68221e-06 3.57628e-07 1.57952e-06 0.107631 0.986314 0.0 0.0 0.0 0.019708 0.0 5.55217e-05 0.0 0.0 0.0 0.0 0.0 0.0 0.0 0.0 0.0 0.0 0.0 0.000566661 0.0 0.00685868 0.0 0.0 0.0 0.0 5.36442e-07 0.0 0.0 0.0 0.000129551 0.0543253 2.14577e-06 0.0 0.0 0.0
0.0 0.0 0.0 0.0 0.0 0.0 0.0 0.0 0.0 0.0 0.0 9.23872e-07 0.84126 0.0 0.0 0.0 0.0 0.0 0.0 5.01275e-05 0.101217 0.747792 0.0 0.0 0.238645 0.288075 2.98023e-07 0.0 8.73208e-06 0.0137907 9.53078e-05 0.0 0.0 0.96602 0.0 6.85453e-07 1.49012e-07 1.69873e-06 0.0 5.96046e-08 0.0 0.0 0.0 0.0 0.0 0.0 0.0 1.49012e-07 0.0 4.17233e-07 0.0 0.0 0.0 0.0 0.0711584 0.0 0.0 0.0 0.864689 2.32458e-06 0.00375035 0.0 0.0 0.0
0.0 1.64211e-05 2.38419e-07 0.0 0.0 0.0 0.0 0.0 0.0 0.0 0.0 0.0 0.0 0.0 4.47035e-07 0.0 0.0 0.0 0.0 0.0 0.0 0.0 0.0 0.0 0.0 0.0 0.0 0.0 0.0 0.0 0.0 4.97699e-06 0.0 0.0 0.0 0.0 0.0 0.0 6.38962e-05 0.0 0.0 0.000269324 0.0 0.0186758 0.0121724 0.0 0.0 0.0 0.0 0.0 2.98023e-07 4.55976e-06 0.0 0.0 0.0 4.29153e-06 0.0 0.0 0.0 0.0 0.0 0.0 0.0 0.0
0.0 0.0 0.0 0.0 0.0 0.0 0.0 0.0 0.0 0.0 0.0 0.155663 5.96046e-08 0.0 0.0 1.10269e-06 0.0 0.0 0.0 0.0 0.0 2.38419e-07 0.0 0.0 4.17233e-07 2.98023e-08 0.00204498 0.000319391 0.00395185 0.000126332 0.0 0.0 0.0 1.43945e-05 0.0 0.967315 0.0 0.0 0.0 0.0 0.0 0.0 0.0 0.0 0.0 0.0 0.0 1.19209e-07 0.0 0.101142 0.0 0.0 0.0 0.0 0.0 0.0 0.0 0.0 8.9407e-08 0.00491887 0.0 0.0 0.0 0.0
0.0 0.0 1.78814e-07 0.0 0.0 0.0 0.0 0.0 0.0 0.0 0.0 0.0 0.0 0.0 0.530231 0.0 2.98023e-08 0.0 0.0 0.0 0.0 0.0 0.0 0.0 0.0 0.0 0.0 0.0 0.0 0.0 0.0 2.98023e-07 0.0 0.0 1.5676e-05 0.0 0.0 0.0 0.983857 0.0 0.0 0.0 0.0 2.2471e-05 8.10623e-05 0.0 0.0 0.0 2.98023e-08 0.0 0.0 1.2517e-06 0.0 6.25849e-07 0.0 1.10269e-06 0.0 0.0 0.0 0.0 0.0 0.0 0.0 1.49012e-06
0.0 0.0 0.0 0.0 0.0 0.0 0.141185 0.0 8.58307e-05 0.0 0.0293499 0.0 0.0 1.19209e-07 0.0 0.0 0.00021556 0.983153 0.0 2.98023e-08 0.0 0.0 5.96046e-08 0.0 0.0 0.0 0.0 0.0 0.0 0.0 0.0 0.0 0.0 0.0 0.0 0.0 2.98023e-08 0.0 0.0 6.39558e-05 0.0 0.0 2.85208e-05 0.0 0.0 0.00986138 8.9407e-08 0.0 8.82149e-06 0.0 0.0 0.0 3.06368e-05 0.0 0.0 0.0 0.000947237 0.0 0.0 0.0 0.0 0.0 0.0 0.0
0.0 0.0 0.0 0.0 0.0 0.0 3.3468e-05 0.0 0.981073 0.0 2.98023e-08 0.0 0.0 0.0 0.0 0.0 0.331581 0.00386921 0.0 0.0 0.0 0.0 0.0 0.0 0.0 0.0 0.0 0.0 0.0 0.0 0.0 0.0 0.0 0.0 0.000106275 0.0 0.0 0.0 0.0 0.0 0.0 0.0 0.000127763 0.0 0.0 0.0 0.0 0.0 0.00611383 0.0 0.0 0.0 1.46031e-06 0.0 0.0 0.0 0.0 0.0 0.0 0.0 0.0 0.0 0.0 0.0
0.0 0.0 0.0 0.0 0.0 0.0 0.0 0.0 0.0 0.0 8.9407e-08 0.0 0.0 0.0 0.0 0.0 0.0 0.0 0.0 2.68221e-07 5.96046e-08 0.0 0.0 0.0 0.0 0.0 0.0 0.0 0.0 0.0 0.0 0.0 0.0 0.0 0.0 0.0 0.0 0.0 0.0 5.96046e-08 0.991914 0.0 0.0 0.0 0.0 1.49012e-07 0.0 0.0 0.0 0.0 0.0 0.0 0.0 0.0 0.0 0.0 1.11163e-05 0.0 0.0 0.0 3.57628e-07 0.0 0.0 0.0
0.0 0.0 0.0 0.0 0.0 0.0 0.0 0.0 0.0258256 0.0 0.0 0.0 0.0 0.0 3.8594e-05 0.0 7.92742e-05 5.66244e-07 0.0 0.0 0.0 0.0 0.0 0.0 0.0 0.0 0.0 0.0 0.0 0.0 0.0 0.0 0.0 0.0 2.44379e-06 0.0 0.0 0.0 5.75185e-06 0.0 0.0 0.0 0.0062938 0.0 0.0 0.0 0.0 0.0 7.15256e-07 0.0 0.0 0.0 0.0 5.03659e-06 0.0 0.0 0.0 0.0 0.0 0.0 0.0 0.0 0.0 0.0
0.0 0.0 0.0 0.0 0.0 0.0 0.0 0.0 0.0 0.0 0.0 1.78814e-07 0.98002 1.19209e-07 0.0 0.0 0.0 0.0 0.0 0.00165853 0.77753 0.836501 0.0 0.0 0.544132 0.672325 5.96046e-08 0.0 1.04308e-06 0.00204408 0.00166804 0.0 0.0 0.79111 0.0 0.0 1.10269e-06 1.83582e-05 0.0 4.17233e-07 0.0 0.0 0.0 0.0 0.0 0.0 0.0 0.0 0.0 1.49012e-07 0.0 0.0 0.0 0.0 0.250443 0.0 0.0 0.0 0.942796 2.68221e-07 0.037677 0.0 0.0 0.0
0.0 0.0 0.0 0.0 4.02033e-05 0.0 0.0 0.0 0.0 0.0 0.0 0.0 0.0 0.0 0.0 0.0 0.0 0.0 1.78814e-05 0.0 0.0 0.0 0.0 0.0 0.0 0.0 0.0 0.0 0.0 0.0 0.0 0.0 0.0 0.0 0.0 0.0 0.0 0.0 0.0 0.0 0.0 0.0 0.0 0.0 0.0 0.0 0.0 0.0 0.0 0.0 0.0 0.0 0.0 0.0 0.0 0.0 0.0 0.0 0.0 0.0 0.0 0.0 0.0 0.0
0.0 0.0 0.0 0.0 0.0 0.0 0.0 0.0 0.0 0.0 0.0 0.976488 0.0 0.0 0.0 3.99351e-06 0.0 0.0 0.0 0.0 0.0 8.9407e-08 0.0 5.96046e-08 8.9407e-08 0.0 5.71609e-05 0.0602796 0.272581 0.00551951 0.0 0.0 0.0 2.68221e-07 0.0 0.127235 0.0 0.0 0.0 0.0 0.0 0.0 0.0 0.0 0.0 0.0 0.0 3.15905e-06 0.0 0.980875 0.0 0.0 0.0 0.0 0.0 0.0 0.0 0.0 0.0 0.141518 0.0 0.0 0.0 0.0
0.0 0.0 0.0 0.0 0.0 0.0 0.0 0.0 0.0 0.0 0.0 4.17233e-07 0.181814 8.9407e-08 0.0 0.0 0.0 0.0 0.0 7.17342e-05 0.0204582 0.0136176 6.22869e-06 0.0 0.988181 0.0968025 6.25849e-07 0.0 3.8743e-07 0.000100613 5.9247e-05 0.0 0.0 0.112539 0.0 1.19209e-07 5.96046e-08 2.86102e-06 0.0 8.9407e-08 0.0 0.0 0.0 0.0 0.0 0.0 0.0 0.0 0.0 2.68221e-07 0.0 0.0 0.0 0.0 0.0333515 0.0 0.0 0.0 0.123825 1.49012e-07 0.00016728 0.0 0.0 0.0
0.0 0.0 0.0 0.0 0.0 0.0 0.0 0.0 0.0 0.0 0.0 0.0 0.0 0.0 0.0 0.0 0.0 0.0 0.0 0.0 0.0 0.0 0.0 0.0 0.0 0.0 0.0 0.0 0.0 0.0 0.0 0.0 0.0 0.0 0.0 0.0 0.0 0.0 0.0 0.0 0.0 0.0 0.0 0.0 0.0 0.0 0.0 0.0 0.0 0.0 0.0 0.0 0.0 0.0 0.0 0.0 0.0 0.0 0.0 0.0 0.0 0.996877 0.0 0.0
0.99852 0.0 0.0 0.0 0.0 0.0 0.0 0.0 0.0 0.0 0.0 0.0 0.0 0.0 0.0 0.0 8.9407e-08 0.0 0.0 0.0 0.0 0.0 0.0 0.0 0.0 0.0 0.0 0.0 0.0 0.0 0.0 0.0 0.0 0.0 0.0 0.0 0.0 0.0 0.0 0.0 0.0 0.0 0.0 0.0 0.0 0.0 0.0 0.0 1.49012e-07 0.0 0.0 0.0 0.0 0.0 0.0 0.0 0.0 0.0 0.0 0.0 0.0 0.0 0.0 0.0
10 13 54 45 41 50 44 16 6 34 17 18 23 33 21 28 63 31 46 5 52 36 30 20 0 9 26 27 35 22 39 19 43 1 15 62 7 47 25 60 42 48 32 61 56 4 11 49 14 55 53 24 40 3 58 29 37 8 38 2 51 57 12 59
