8
0.0 0.0 0.0 0.0 0.0 0.0 0.0 0.0 0.0 0.0 0.0 0.0 0.0 0.0 0.0 0.0 0.0 0.0 0.0 0.0 0.0 0.0 0.0 0.0 0.0 0.0 0.0 0.0 0.0 0.0 0.0 0.0 0.0 0.0 0.0 0.0 0.0 0.0 0.0 0.0 0.0 0.0 0.0 0.0 0.0 0.0 0.0 0.0 0.0 0.0 0.0 0.0 0.0 0.0 0.0 0.0 0.0 0.0 0.0 0.0 0.0 1.0 0.0 0.0
0.0 2.92361e-05 8.64267e-07 0.0 0.0064536 0.0 0.0 9.07183e-05 1.07586e-05 2.98023e-08 0.0 0.000187933 0.0 0.0 0.0 0.349553 0.0 0.0 0.0 0.0 0.0 8.9407e-08 0.0 0.0 0.0 0.0 7.33137e-05 0.0 0.0213874 0.0 0.00209883 0.0 0.0 0.0 0.00100252 0.0 0.0 0.0 0.00241178 0.0 0.0 7.45058e-07 0.0 0.465026 0.00502515 0.0 0.0 0.000121206 0.999996 0.0 1.78814e-07 0.00236759 0.0 0.0 0.0 0.0 0.0 0.0 0.0 3.94285e-05 0.0 0.0 0.0 0.0
0.0 0.00234652 5.3972e-05 0.0 0.0040549 6.85453e-07 0.0 0.479082 0.765125 0.000168532 0.0 0.0898026 0.0 0.0 0.0 2.53916e-05 0.0 0.0 0.0 0.0 0.0 0.999998 0.0 0.07042 0.0 0.0 0.727242 0.0 0.00332889 0.0 0.0 0.0 0.0 0.0 0.000540227 0.0 0.0 0.0 2.02656e-06 2.38419e-07 0.0 7.42078e-06 0.0 0.611937 1.98483e-05 0.0 0.0 0.965669 0.00586298 9.23872e-07 2.95043e-06 0.0277494 0.0 0.0 0.0 0.0 0.0 0.0 0.0 0.00701869 0.0 0.0 0.0 0.0
0.0 0.0 0.0 0.0 0.0 0.0 0.0 0.0 0.0 0.0 0.0 0.0 0.0 0.0 0.0 0.0 0.0 0.0 0.0 0.0 0.0 0.0 0.0 0.0 0.0 0.0 0.0 0.0 0.0 0.0 0.0 0.0 0.00028494 0.0 0.0 0.0 0.0 0.0 0.0 0.0 0.0 0.0 0.0 0.0 0.0 0.0 0.0 0.0 0.0 0.0 0.0 0.0 0.0 0.0 0.999996 0.0 0.0 0.0 0.0 0.0 6.85453e-07 0.0 0.0 0.0
0.0 0.0 0.0 0.0 0.0 0.0 0.0 0.0 0.0 0.0 0.0 0.0 0.0 0.0 0.0 0.0 0.219828 0.0 0.0 0.309846 0.0 0.0 0.0 0.0 0.0 0.0 0.0 0.0137182 0.0 0.0 0.0 0.0 0.0 0.0 0.0 0.0 0.0 0.0 0.0 0.0 0.0 0.0 0.0 0.0 0.0 0.273209 0.0 0.0 0.0 0.0 0.0 0.0 0.0 0.0 0.0 0.0 1.01328e-06 0.0 0.0 0.0 0.0 0.0 0.0 0.0
0.0 0.0 0.0 0.999876 0.0 0.0 0.0 0.0 0.0 0.0 0.0 0.0 0.0 0.0 0.0 0.0 0.0 0.0 0.0 0.0 0.0 0.0 0.0 0.0 0.0 0.0 0.0 0.0 0.0 0.0 0.0 0.0 0.0 0.0 0.0 0.0 0.0 0.0 0.0 0.0 0.0 0.0 0.0 0.0 0.0 0.0 0.0 0.0 0.0 0.0 0.0 0.0 0.0 0.0 0.0 0.0 0.0 0.0 0.0 0.0 0.0 0.0 0.0 0.0
0.0 0.0 0.0 0.0 0.0 0.0 0.0 0.0 0.0 0.0 0.0 0.0 0.0 0.0 0.0 0.0 0.0 0.0 5.57303e-06 0.0 0.0 0.0 0.0 0.0 0.0 0.0 0.0 0.0 0.0 0.0 0.0 0.0 0.0 0.0 0.0 0.0 0.0 0.0 0.0 0.0 0.998154 0.0 1.49012e-07 0.0 0.0 0.0 0.0 0.0 0.0 0.0 0.0 0.0 0.000824034 0.0 0.0 0.0 0.0 0.0 0.0 0.0 0.0 0.0 0.0 0.0
0.0 6.13928e-06 0.260202 0.0 5.1856e-06 0.0 0.0 0.118987 0.000621289 0.0 0.0 1.16229e-06 0.0 0.0 0.0 0.999997 0.0 0.0 0.0 0.0 0.0 4.09186e-05 0.0 0.0 0.0 0.0 0.673133 0.0 0.016367 0.0 0.00669751 0.0 0.0 0.0 0.000102222 0.0 0.0 0.0 0.631154 0.0 0.0 0.0 0.0 0.00189525 2.18451e-05 0.0 0.0 1.96695e-06 0.0136382 0.0 0.0 0.00807428 0.0 0.0 0.0 0.0 0.0 0.0 0.0 1.19209e-07 0.0 0.0 0.0 0.0
0.0 0.00108007 0.0 0.0 0.473156 0.00425386 0.0 0.0 0.956714 0.2117 0.0 0.967645 1.19209e-07 0.0 0.0 9.53674e-07 0.0 0.0 0.0 0.0 0.0 3.96073e-05 0.0 0.0670469 0.0 0.0 0.0598969 0.0 0.10673 0.0 0.0 0.0 0.0 0.0 0.0 8.9407e-08 0.0 9.53674e-07 0.0 4.47035e-07 0.0 1.2219e-06 0.0 0.812928 2.98023e-08 0.0 0.0 0.628403 0.00028947 0.00184643 0.00460282 0.00241062 0.0 2.98023e-08 0.0 0.0 0.0 1.49012e-07 0.0 0.999463 0.0 0.0 0.0 0.0
0.0 0.0 0.0 0.0 0.0 0.0 0.0 0.0 0.0 0.0 0.0 0.0 0.0 0.0 0.0 0.0 5.00679e-06 0.0 0.0 0.0 0.0 0.0 0.0 0.0 0.000679851 0.0 0.0 0.0026865 0.0 0.0 0.0 0.0 0.0 0.0 0.0 0.0 0.0 0.0 0.0 0.0 0.0 0.0 0.0 0.0 0.0 0.0 0.0 0.0 0.0 0.0 0.0 0.0 0.0 0.0 0.0 8.9407e-08 0.0 0.0 0.0 0.0 0.0 0.0 0.0 0.0
0.0 0.0 0.0 0.0 0.0 0.0 0.0 0.0 0.0 0.0 0.0 0.0 0.0 0.0 0.0 0.0 0.0 0.0 0.0 0.0 0.0 0.0 0.0 0.0 0.0 0.0 0.0 0.0 0.0 0.0 0.0 0.0 1.0 0.0 0.0 0.0 0.0 0.0 0.0 0.0 0.0 0.0 0.0 0.0 0.0 0.0 0.0 0.0 0.0 0.0 0.0 0.0 0.0 0.0 0.00279531 0.0 0.0 0.0 0.0 0.0 0.0 0.0 0.0 0.0
0.0 0.0 0.0 0.0 0.0 2.98023e-08 0.0 0.0 0.0 0.0 1.51992e-06 0.0 0.0 0.99655 0.240103 0.0 0.0 0.0 0.0 0.0 1.49012e-07 0.0 9.23872e-07 0.0 1.19209e-07 0.0 0.0 0.0 0.0 1.87755e-06 0.0 0.0 0.0 0.0 0.0 4.29153e-06 0.000731766 0.0 0.0 0.0 0.0 0.0 0.0 0.0 0.0 0.0 0.0 0.0 0.0 0.0 0.0 0.0 0.0 2.98023e-08 0.0 0.0 0.0 3.36766e-06 0.0 0.0 0.0 0.0 0.0 0.0
0.0 0.0 0.0 0.0 0.0 0.0 0.0 0.0 0.0 0.0 0.0 0.0 0.0 0.0 0.0 0.0 0.0 0.0 0.0 0.0 0.0 0.0 0.0 0.0 0.0 0.0 0.0 0.0 0.0 0.0 0.0 0.0 0.0 0.0 0.0 0.0 0.0 0.0 0.0 0.0 0.0 0.0 1.0 0.0 0.0 0.0 0.0 0.0 0.0 0.0 0.0 0.0 0.0 0.0 0.0 0.0 0.0 0.0 0.0 0.0 0.0 0.0 0.0 0.0
0.0 0.0 0.0 0.0 0.0 0.0 0.0 0.0 0.0 0.0 0.0 0.0 0.0 0.00316283 0.00038147 0.0 5.96046e-08 0.0 0.0 1.49012e-07 0.0 0.0 3.54648e-06 0.0 7.7486e-07 0.0 0.0 3.27826e-07 0.0 0.0 0.0 0.0 0.0 0.0 0.0 0.0 0.00586188 0.0 0.0 0.0 0.0 0.0 0.0 0.0 0.0 1.19209e-07 0.0 0.0 0.0 0.0 0.0 0.0 0.0 0.0 0.0 0.0 0.00140253 0.0 0.0 0.0 0.0 0.0 0.0 0.0
0.0 0.0 0.0 0.0 0.000507385 1.81794e-06 0.0 0.0 7.37309e-05 2.64347e-05 3.0905e-05 1.78814e-07 0.0 2.38419e-07 1.26362e-05 0.0 0.0 0.0 0.0 0.0 0.0 0.0 0.0 4.60148e-05 0.0 0.0 2.98023e-08 0.0 0.0 8.37147e-05 0.0 0.0 0.0 0.000132084 0.0 0.998617 3.57628e-07 4.44651e-05 0.0 0.0 0.0 6.25849e-07 0.0 1.49012e-07 0.0 0.0 0.0 2.98023e-08 0.0 0.00516534 0.0 0.0 0.0 2.20537e-06 0.0 0.0 0.0 0.978678 0.0 0.0 0.0 0.0 0.0 0.0
0.0 1.49012e-07 0.0 0.0 0.0 0.0 0.0 0.0 0.0 0.0 0.0 0.0 0.0 0.0 0.0 1.19209e-07 0.0 0.0 0.0 0.0 0.0 0.0 0.0 0.0 0.0 0.0 0.0 0.0 8.64267e-07 0.0 2.22325e-05 0.0 0.0 0.0 0.0 0.0 0.0 0.0 1.0 0.0 0.0 0.0 0.0 0.0 0.0 0.0 0.0 0.0 1.43051e-06 0.0 0.0 1.99974e-05 0.0 0.0 0.0 0.0 0.0 0.0 0.0 0.0 0.0 0.0 0.0 0.0
0.0 0.0 0.0 0.0 0.0 0.0 0.0 0.0 0.0 0.0 0.0 0.0 0.0 0.0 0.0 0.0 0.0522459 0.0 0.0 4.64916e-06 0.0 0.0 0.0 0.0 1.78814e-06 0.0 0.0 0.906058 0.0 0.0 0.0 0.0 0.0 0.0 0.0 0.0 0.0 0.0 0.0 0.0 0.0 0.0 0.0 0.0 0.0 4.76837e-06 0.0 0.0 0.0 0.0 0.0 0.0 0.0 0.0 0.0 0.0 2.98023e-08 0.0 0.0 0.0 0.0 0.0 0.0 0.0
0.0 0.0 0.0 0.0 0.0 0.0 0.0 0.0 0.0 0.0 0.0 0.0 0.0 0.0 0.0 0.0 0.060241 0.0 0.0 0.977922 0.0 0.0 0.0 0.0 0.0 0.0 0.0 8.73208e-06 0.0 0.0 0.0 0.0 0.0 0.0 0.0 0.0 0.0 0.0 0.0 0.0 0.0 0.0 0.0 0.0 0.0 0.974005 0.0 0.0 0.0 0.0 0.0 0.0 0.0 0.0 0.0 0.0 1.06394e-05 0.0 0.0 0.0 0.0 0.0 0.0 0.0
0.0 0.0 0.0 0.0 0.0 0.0 0.0 0.0 0.0 0.0 0.0 0.0 0.0 0.0 0.0 0.0 0.0 0.0 0.0 0.0 0.0 0.0 0.0 0.0 0.0 0.0 0.0 0.0 0.0 0.0 0.0 0.0 0.0 0.0 0.0 0.0 0.0 0.0 0.0 0.0 0.0 0.0 0.0 0.0 0.0 0.0 0.0 0.0 0.0 0.0 0.0 0.0 0.0 0.0 0.0 0.0 0.0 0.0 0.0 0.0 0.0 0.0 1.0 0.0
0.0 0.0 0.0 0.0 0.0 0.0 0.0 0.0 0.0 0.0 0.0 0.0 0.0 0.0 0.0 0.0 0.0563299 0.0 0.0 0.886034 0.0 0.0 0.0 0.0 0.0 0.0 0.0 1.7941e-05 0.0 0.0 0.0 0.0 0.0 0.0 0.0 0.0 0.0 0.0 0.0 0.0 0.0 0.0 0.0 0.0 0.0 0.869488 0.0 0.0 0.0 0.0 0.0 0.0 0.0 0.0 0.0 0.0 8.34465e-06 0.0 0.0 0.0 0.0 0.0 0.0 0.0
0.0 2.41399e-06 0.0 0.0 0.999998 1.19209e-07 0.0 8.9407e-08 0.860209 0.000195235 0.0 0.00517565 0.0 0.0 0.0 1.19209e-06 0.0 0.0 0.0 0.0 0.0 8.34465e-07 0.0 2.37525e-05 0.0 2.98023e-08 0.0471998 0.0 0.0152566 0.0 0.0 0.0 0.0 0.0 0.0 1.78814e-07 0.0 0.00124246 0.0 0.0 0.0 3.69549e-06 0.0 0.493595 9.23872e-07 0.0 0.0 0.00476301 0.00114855 0.00112006 0.0 2.08318e-05 0.0 0.0 0.0 0.0 0.0 0.00426543 0.0 0.00087291 0.0 0.0 0.0 0.0
0.0 0.0134623 4.45247e-05 0.0 0.000858277 0.0 0.0 0.0 0.437171 2.89083e-06 0.0 1.7345e-05 0.0 0.0 0.0 0.234785 0.0 0.0 0.0 0.0 0.0 5.30481e-06 0.0 6.88136e-05 0.0 0.0 0.0115091 0.0 0.99993 0.0 0.000524461 0.0 0.0 0.0 1.53482e-05 0.0 0.0 2.98023e-08 0.82541 0.0 0.0 0.0 0.0 9.32813e-05 2.38419e-07 0.0 0.0 0.00667542 0.00259051 0.0 1.04308e-06 0.979748 0.0 0.0 0.0 0.0 0.0 0.0 0.0 0.00348821 0.0 0.0 0.0 0.0
0.0 0.0 0.0 0.0 0.0 0.0 0.0 0.0 0.0 0.0 0.0 0.0 0.0 4.76837e-07 0.000596881 0.0 0.0 0.0 0.0 0.0 0.0 0.0 3.8743e-07 0.0 0.0 0.0 0.0 0.0 0.0 0.0 0.0 0.0 0.0 0.0 0.0 0.0 0.994256 0.0 0.0 0.0 0.0 0.0 0.0 0.0 0.0 0.0 0.0 0.0 0.0 0.0 0.0 0.0 0.0 0.0 0.0 0.0 0.0 0.0 0.0 0.0 0.0 0.0 0.0 0.0
0.0 0.0 0.0 0.0 4.76837e-07 0.0 0.0 1.12057e-05 0.0 0.0 0.0 0.0 0.0 0.0 0.0 0.0 0.0 0.0 0.0 0.0 0.0 0.0 0.0 0.0 0.0 0.0 0.0 0.0 0.0 0.0 0.0 0.0 0.0 0.0 0.0 0.0 0.0 0.0 0.0 2.98023e-08 0.0 0.0 0.0 2.90573e-05 0.999905 0.0 0.0 0.0 0.0959623 0.0 0.0 0.0 0.0 0.0 0.0 0.0 0.0 0.0 0.0 0.0 0.0 0.0 0.0 0.0
0.0 0.0 0.0 0.0 0.0 0.0 0.0 0.0 0.0 0.0 0.0 0.0 0.0 0.0 5.96046e-08 0.0 1.10865e-05 0.0 0.0 0.0 0.0 0.0 0.0 0.0 0.0 0.0 0.0 0.000522316 0.0 0.0 0.0 0.0 0.0 0.0 0.0 0.0 0.0 0.0 0.0 0.0 0.0 0.0 0.0 0.0 0.0 0.0 0.0 0.0 0.0 0.0 0.0 0.0 0.0 0.0 0.0 0.0 0.0 0.0 0.0 0.0 0.0 0.0 0.0 0.0
0.0 0.0 0.0 0.0 1.19209e-07 0.258193 0.0 0.0 0.149936 1.02818e-05 5.96046e-08 1.19209e-06 1.01626e-05 0.0 0.0 0.0 0.0 0.999526 0.0 0.0 8.04663e-06 0.0 0.0 3.17097e-05 0.0 0.0 3.14116e-05 0.0 0.0 0.0 0.0 0.0 0.0 0.0 0.0 0.0 0.0 1.49012e-07 0.0 1.78814e-07 0.0 0.0 0.0 0.0 0.0 0.0 0.0 0.0 0.0 2.38419e-07 0.0 0.0 0.0 0.658853 0.0 2.5928e-06 0.0 1.78814e-07 0.0 0.0 0.0 0.0 0.0 0.0
0.0 0.0 0.0 0.0 1.19209e-07 0.000222385 0.0 0.0 8.9407e-08 0.0670562 2.08616e-07 0.0797475 1.84774e-06 0.0 0.0 0.0 0.0 0.0 0.0 0.0 0.0 5.96046e-08 0.0 5.9545e-05 0.0 2.98023e-08 0.0487047 0.0 0.0 1.508e-05 0.0 0.0 0.0 6.25849e-07 0.0 1.49012e-07 0.0 1.19209e-07 0.0 0.999984 0.0 0.0363288 0.0 0.000177681 0.0 0.0 0.0 0.000572681 1.54972e-06 0.0102776 2.98023e-08 0.0 0.0 0.0 0.0 0.0 0.0 0.0 0.0 5.45382e-06 0.0 0.0 0.0 0.0
0.0 0.0 0.0 0.0 0.0 0.0 0.0 0.0 0.0 0.0 0.0 0.0 0.0 0.0 0.0 0.0 0.00895539 0.0 0.0 0.870839 0.0 0.0 0.0 0.0 0.0 0.0 0.0 1.72853e-06 0.0 0.0 0.0 0.0 0.0 0.0 0.0 0.0 0.0 0.0 0.0 0.0 0.0 0.0 0.0 0.0 0.0 0.831925 0.0 0.0 0.0 0.0 0.0 0.0 0.0 0.0 0.0 0.0 4.76837e-06 0.0 0.0 0.0 0.0 0.0 0.0 0.0
0.0 0.07479 0.0 0.0 0.682366 2.08616e-07 0.0 0.0026314 0.997915 0.000211626 0.0 0.688229 0.0 0.0 0.0 0.00174433 0.0 0.0 0.0 0.0 0.0 0.104868 0.0 0.000822246 0.0 0.0 0.0237701 0.0 0.232497 0.0 2.08616e-07 0.0 0.0 0.0 2.38419e-07 0.0 0.0 2.98023e-08 6.25849e-07 0.0 0.0 1.67489e-05 0.0 0.999999 7.86781e-05 0.0 0.0 0.775207 0.145524 1.78814e-07 7.42078e-06 0.013014 0.0 0.0 0.0 0.0 0.0 2.98023e-08 0.0 0.434601 0.0 0.0 0.0 0.0
0.0 4.17233e-07 0.0 0.0 0.00973955 2.2918e-05 0.0 5.36442e-07 0.0363283 0.0188 0.0 0.473467 0.0 0.0 0.0 0.0 0.0 0.0 0.0 0.0 0.0 9.11951e-06 0.0 3.8445e-06 0.0 2.98023e-08 0.00323659 0.0 0.0 0.0 0.0 0.0 0.0 0.0 0.0 0.0 0.0 3.8743e-07 0.0 0.0334097 0.0 0.999381 0.0 0.678774 5.66244e-07 0.0 0.0 0.000110954 0.0084247 0.00347233 0.0 2.98023e-08 0.0 0.0 0.0 0.0 0.0 1.19209e-07 0.0 1.12355e-05 0.0 0.0 0.0 0.0
0.0 0.0 0.0 0.0 0.0 0.00538704 0.0 0.0 4.44055e-06 7.689e-06 0.984126 1.19209e-06 0.000147134 3.21865e-06 8.27014e-05 0.0 0.0 0.0 0.0 0.0 0.000777811 0.0 0.0 0.000500292 5.96046e-08 0.0 0.0 0.0 0.0 0.0867059 0.0 0.0 0.0 2.93851e-05 0.0 8.61585e-05 0.0 7.45058e-07 0.0 0.000228614 0.0 0.0 0.0 0.0 0.0 0.0 0.0 0.0 0.0 0.00263304 2.98023e-08 0.0 0.0 7.80821e-05 0.0 1.16825e-05 0.0 0.0144499 0.0 0.0 0.0 0.0 0.0 0.0
0.0 0.0 0.0 0.0 0.0 0.0 0.0 0.0 0.0 0.0 0.0 0.0 0.0 0.0 0.0 0.0 0.856345 0.0 0.0 0.0396259 0.0 0.0 0.0 0.0 0.0 0.0 0.0 0.188958 0.0 0.0 0.0 0.0 0.0 0.0 0.0 0.0 0.0 0.0 0.0 0.0 0.0 0.0 0.0 0.0 0.0 0.0324668 0.0 0.0 0.0 0.0 0.0 0.0 0.0 0.0 0.0 0.0 6.25849e-07 0.0 0.0 0.0 0.0 0.0 0.0 0.0
0.0 0.0 0.0 0.0 0.0 0.0 0.0 0.0 0.0 0.0 0.0 0.0 0.0 0.0 0.0 0.0 0.0 0.0 0.0 0.0 0.0 0.0 0.0 0.0 0.0 0.0 0.0 0.0 0.0 0.0 0.0 0.0 0.0 0.0 0.0 0.0 0.0 0.0 0.0 0.0 0.0 0.0 0.0 0.0 0.0 0.0 0.0 0.0 0.0 0.0 0.0 0.0 0.0 0.0 0.0 0.0 0.0 0.0 0.0 0.0 0.0 0.0 0.0 0.999999
0.0 0.0 0.0 0.0 5.96046e-08 0.982039 0.0 0.0 0.00123683 0.157968 5.01871e-05 0.00126094 0.999975 4.47035e-07 0.0 0.0 0.0 0.00537163 0.0 0.0 0.00265831 0.0 0.0 0.400735 2.98023e-07 0.0 6.12736e-05 0.0 0.0 0.000909686 0.0 0.0 0.0 0.0 0.0 1.49012e-07 0.0 0.0 0.0 0.000226498 0.0 0.0 0.0 2.98023e-07 0.0 0.0 0.0 1.2964e-05 0.0 4.92036e-05 0.057226 1.78814e-07 0.0 0.552227 0.0 0.0012137 0.0 3.57628e-06 0.0 5.06639e-07 0.0 0.0 0.0 0.0
0.0 1.0 8.9407e-08 0.0 0.90326 1.01924e-05 0.0 0.000217795 0.999971 0.00747705 0.0 0.967659 0.0 0.0 0.0 0.00119245 0.0 8.9407e-08 0.0 0.0 0.0 0.564548 0.0 0.282369 0.0 1.16229e-06 0.905984 0.0 0.996957 0.0 3.19481e-05 0.0 0.0 2.98023e-08 0.000109076 1.49012e-07 0.0 1.3411e-06 9.85861e-05 1.92225e-05 0.0 0.0107753 0.0 0.977974 0.000553906 0.0 0.0 0.999461 0.629163 0.000484049 2.80738e-05 0.790733 0.0 3.93391e-06 0.0 0.0 0.0 4.02331e-06 0.0 0.249807 0.0 0.0 0.0 0.0
0.0 0.00120857 0.0 0.0 0.00408515 0.141801 0.0 0.0 0.341285 0.048438 2.98023e-07 1.0 7.03335e-05 0.0 0.0 0.0 0.0 1.49012e-07 0.0 0.0 0.0 6.66082e-05 0.0 0.898087 0.0 0.0 0.00610793 0.0 3.30806e-06 6.97076e-05 0.0 0.0 0.0 1.96695e-06 0.0 4.76837e-07 0.0 4.47035e-07 0.0 0.00505027 0.0 7.62343e-05 0.0 0.243226 1.19209e-07 0.0 0.0 0.999871 0.000113845 0.00327244 0.00020197 6.25849e-07 0.0 4.47035e-07 0.0 0.0 0.0 5.06639e-07 0.0 0.177296 0.0 0.0 0.0 0.0
0.0 0.0 0.0 0.0 0.0 0.0 0.0 0.0 0.0 0.0 0.0 0.0 0.0 0.0 0.0 0.0 0.071775 0.0 0.0 0.812347 0.0 0.0 0.0 0.0 0.0 0.0 0.0 5.59688e-05 0.0 0.0 0.0 0.0 0.0 0.0 0.0 0.0 0.0 0.0 0.0 0.0 0.0 0.0 0.0 0.0 0.0 0.793156 0.0 0.0 0.0 0.0 0.0 0.0 0.0 0.0 0.0 0.0 2.89083e-05 0.0 0.0 0.0 0.0 0.0 0.0 0.0
0.0 0.0 0.0 0.0 0.0 3.57628e-07 0.0 0.0 0.0 0.0 1.0401e-05 0.0 2.98023e-08 0.401804 0.999867 0.0 0.0 0.0 0.0 0.0 0.0 0.0 6.85453e-07 0.0 3.27826e-07 0.0 0.0 0.0 0.0 0.0030677 0.0 0.0 0.0 0.0 0.0 1.40667e-05 0.0039666 0.0 0.0 0.0 0.0 0.0 0.0 0.0 0.0 0.0 0.0 0.0 0.0 0.0 0.0 0.0 0.0 0.0 0.0 0.0 5.96046e-08 0.0 0.0 0.0 0.0 0.0 0.0 0.0
0.0 1.49012e-07 0.999965 0.0 0.0 0.0 0.0 0.0122176 1.66893e-06 0.0 0.0 0.0 0.0 0.0 0.0 0.507844 0.0 0.0 0.0 0.0 0.0 0.000617832 0.0 0.0 0.0 0.0 0.00117135 0.0 0.000207782 0.0 0.00313732 0.0 0.0 0.0 0.101687 0.0 0.0 0.0 0.000246078 0.0 0.0 0.0 0.0 4.20213e-06 5.96046e-08 0.0 0.0 0.0 0.000429571 0.0 0.0 0.00104263 0.0 0.0 0.0 0.0 0.0 0.0 0.0 0.0 0.0 0.0 0.0 0.0
0.0 0.0 0.0 0.0 0.987378 4.61042e-05 0.0 0.0 0.553102 1.51992e-06 8.9407e-08 0.0329803 0.0 0.0 0.0 0.0 0.0 8.9407e-08 0.0 0.0 0.0 0.0 0.0 0.000240862 0.0 5.96046e-08 0.00787342 0.0 1.07288e-06 4.76837e-07 0.0 0.0 0.0 3.49879e-05 0.0 2.17557e-06 0.0 0.999896 0.0 0.0 0.0 0.0 0.0 0.000671685 8.64267e-07 0.0 0.0 1.12057e-05 2.563e-06 0.0277955 0.0 2.98023e-08 0.0 1.19209e-06 0.0 0.0 0.0 0.348687 0.0 3.8743e-07 0.0 0.0 0.0 0.0
0.0 0.0 0.0 0.0 1.2815e-06 0.0 0.0 0.0 1.06692e-05 2.08616e-07 0.0 7.86781e-06 0.0 0.0 0.0 0.0 0.0 0.0 0.0 0.0 0.0 0.0 0.0 0.0 0.0 0.99998 1.66893e-06 0.0 0.0 0.0 0.0 0.0 0.0 0.0 0.0 0.0 0.0 2.98023e-08 0.0 2.68221e-07 0.0 8.91089e-05 0.0 8.64267e-07 0.0 0.0 0.0 0.0 0.0 8.9407e-08 0.0 0.0 0.0 8.9407e-08 0.0 0.0 0.0 3.8743e-07 0.0 0.0 0.0 0.0 0.0 0.0
0.0 0.0 0.0 0.0 0.0 0.0 0.0 0.0 0.0 0.0 0.0 0.0 0.0 0.0 0.0 0.0 0.0001221 0.0 0.0 0.0372431 0.0 0.0 2.08616e-07 0.0 0.0 0.0 0.0 1.3113e-06 0.0 0.0 0.0 0.0 0.0 0.0 0.0 0.0 0.0 0.0 0.0 0.0 0.0 0.0 0.0 0.0 0.0 0.0427387 0.0 0.0 0.0 0.0 0.0 0.0 0.0 0.0 0.0 0.0 0.00338966 0.0 0.0 0.0 0.0 0.0 0.0 0.0
0.0 0.0 0.0 0.0 0.0 0.0 0.0 0.0 0.0 0.0 0.0 0.0 0.0 1.78814e-07 3.01003e-06 0.0 0.0 0.0 0.0 0.0 0.0 0.0 0.992567 0.0 0.0 0.0 0.0 0.0 0.0 0.0 0.0 0.0 0.0 0.0 0.0 0.0 0.00182554 0.0 0.0 0.0 0.0 0.0 0.0 0.0 0.0 0.0 0.0 0.0 0.0 0.0 0.0 0.0 0.0 0.0 0.0 0.0 3.27826e-06 5.96046e-08 0.0 0.0 0.0 0.0 0.0 0.0
0.0 0.0 0.0 0.0 0.0 5.43892e-05 0.0 0.0 0.0 0.0 5.93066e-06 0.0 1.04904e-05 6.55651e-07 2.98023e-08 0.0 0.0 1.49012e-07 0.0 0.0 0.000763088 0.0 0.0 8.9407e-08 0.98944 0.0 0.0 0.0 0.0 0.000229716 0.0 0.0 0.0 0.0 0.0 5.96046e-08 0.0 0.0 0.0 0.0 0.0 0.0 0.0 0.0 0.0 0.0 0.0 0.0 0.0 0.0 0.0 0.0 0.0 5.126e-05 0.0 0.00138578 0.0 8.9407e-08 0.0 0.0 0.0 0.0 0.0 0.0
0.0 0.0 0.0 0.0 0.0 0.0 0.0 0.0 0.0 0.0 0.0 0.0 0.0 0.0 0.0 0.0 0.0 0.0 0.0 0.0 0.0 0.0 0.0 0.0 0.0 0.0 0.0 0.0 0.0 0.0 0.0 0.0 0.0 0.0 0.0 0.0 0.0 0.0 0.0 0.0 0.0 0.0 0.0 0.0 0.0 0.0 0.0 0.0 0.0 0.0 0.0 0.0 8.04663e-07 0.0 0.0 0.0 0.0 0.0 0.999225 0.0 0.0 0.0 0.0 0.0
0.0 0.0 0.0 0.0 0.0 0.0 0.0 0.0 0.0 0.0 0.0 0.0 0.0 8.9407e-08 5.96046e-08 0.0 2.98023e-08 0.0 0.0 8.64267e-07 0.0 0.0 0.00262052 0.0 0.0 0.0 0.0 0.0 0.0 0.0 0.0 0.0 0.0 0.0 0.0 0.0 8.9407e-08 0.0 0.0 0.0 0.0 0.0 0.0 0.0 0.0 9.23872e-07 0.0 0.0 0.0 0.0 0.0 0.0 0.0 0.0 0.0 0.0 0.932034 0.0 0.0 0.0 0.0 0.0 0.0 0.0
0.0 0.0 0.0 0.0 8.9407e-08 0.00797507 0.0 0.0 1.55568e-05 8.79169e-06 0.0145887 8.46386e-05 0.00146148 1.49012e-07 8.28207e-05 0.0 0.0 0.0 0.0 0.0 0.000178963 0.0 0.0 0.0215305 4.17233e-07 0.0 2.68221e-07 0.0 0.0 0.999946 0.0 0.0 0.0 2.92063e-06 0.0 7.18236e-05 0.0 6.85453e-07 0.0 3.42429e-05 0.0 0.0 0.0 0.0 0.0 0.0 0.0 1.78814e-07 0.0 0.00214303 0.0 0.0 0.0 1.10269e-06 0.0 5.34952e-05 0.0 0.000323772 0.0 0.0 0.0 0.0 0.0 0.0
0.0 0.0 0.0 0.0 0.0 0.0 0.0 0.0 0.0 0.0 0.0 0.0 0.0 0.0 0.0 0.0 0.0 0.0 0.0 0.0 0.0 0.0 0.0 0.0 0.0 0.0 0.0 0.0 0.0 0.0 0.0 0.0 0.0 0.0 0.0 0.0 0.0 0.0 0.0 0.0 0.0 0.0 0.0 0.0 0.0 0.0 0.0 0.0 0.0 0.0 0.0 0.0 0.999057 0.0 0.0 0.0 0.0 0.0 3.57628e-06 0.0 0.0 0.0 0.0 0.0
0.995832 0.0 0.0 0.0 0.0 0.0 0.0 0.0 0.0 0.0 0.0 0.0 0.0 0.0 0.0 0.0 0.0 0.0 0.0 0.0 0.0 0.0 0.0 0.0 0.0 0.0 0.0 0.0 0.0 0.0 0.0 0.0 0.0 0.0 0.0 0.0 0.0 0.0 0.0 0.0 0.0 0.0 0.0 0.0 0.0 0.0 0.0 0.0 0.0 0.0 0.0 0.0 0.0 0.0 0.0 0.0 0.0 0.0 0.0 0.0 0.0 0.0 0.0 1.75834e-06
0.0 0.0 0.0 0.0 9.19998e-05 4.17233e-07 0.0 0.0 5.6088e-05 1.19209e-07 4.17233e-07 9.83477e-06 0.0 0.0 0.0 0.0 0.0 0.0 0.0 0.0 0.0 0.0 0.0 0.0248828 0.0 0.0 6.25849e-07 0.0 0.0 2.98023e-07 0.0 0.0 0.0 0.999997 0.0 4.11272e-06 8.04663e-07 0.0217527 0.0 0.0 0.0 0.0 0.0 1.78814e-07 4.76837e-07 0.0 0.0 8.2314e-05 2.98023e-08 0.000495404 0.0 0.0 0.0 0.0 0.0 0.0 0.0 0.000197411 0.0 5.96046e-08 0.0 0.0 0.0 0.0
0.0 0.0 0.0 0.0 0.00028199 0.000162125 0.0 0.0 0.000756264 0.000185728 7.15256e-07 0.00534767 3.27826e-07 0.0 0.0 0.0 0.0 0.0 0.0 0.0 0.0 0.0 0.0 1.37985e-05 0.0 0.0 2.08616e-07 0.0 6.25849e-07 2.08616e-07 0.0 0.0 0.0 1.49012e-07 0.0 1.5676e-05 0.0 0.00210881 0.0 1.2219e-06 0.0 6.25849e-07 0.0 8.64267e-07 0.0 0.0 0.0 6.16908e-06 8.91089e-06 0.99434 0.0 1.19209e-07 0.0 2.47955e-05 0.0 0.0 0.0 0.88275 0.0 7.7188e-06 0.0 0.0 0.0 0.0
0.0 7.30157e-05 3.36766e-06 0.0 0.00313646 0.0 0.0 1.82092e-05 0.00467551 2.52426e-05 0.0 0.00239366 0.0 0.0 0.0 0.00671232 0.0 0.0 0.0 0.0 0.0 0.00395742 0.0 2.08616e-07 0.0 0.0 0.368674 0.0 0.0511776 0.0 7.21216e-06 0.0 0.0 0.0 0.997187 0.0 0.0 0.0 4.12762e-05 0.0 0.0 0.0002352 0.0 0.942127 7.36117e-05 0.0 0.0 0.000409275 0.841603 0.0 2.98023e-08 0.0117406 0.0 0.0 0.0 0.0 0.0 0.0 0.0 0.000781268 0.0 0.0 0.0 0.0
0.0 0.0 0.0 0.0 0.0 0.0 1.0 0.0 0.0 0.0 0.0 0.0 0.0 0.0 0.0 0.0 0.0 0.0 0.0 0.0 0.0 0.0 0.0 0.0 0.0 0.0 0.0 0.0 0.0 0.0 0.0 0.0 0.0 0.0 0.0 0.0 0.0 0.0 0.0 0.0 0.0 0.0 0.0 0.0 0.0 0.0 0.0 0.0 0.0 0.0 0.0 0.0 0.0 0.0 0.0 0.0 0.0 0.0 0.0 0.0 0.0 0.0 0.0 0.0
0.0 0.000313193 5.30481e-06 0.0 0.00109068 0.000193059 0.0 0.00566423 0.544133 0.0296284 0.0 0.0325552 7.15256e-07 0.0 0.0 0.00434747 0.0 0.0 0.0 0.0 0.0 0.00701049 0.0 0.507871 0.0 0.0 1.0 0.0 0.00205335 0.0 8.9407e-08 0.0 0.0 0.0 2.98023e-08 0.0 0.0 1.78814e-07 5.06639e-07 3.17097e-05 0.0 8.9407e-08 0.0 0.0283573 0.0 0.0 0.0 0.144565 1.2517e-06 2.29478e-06 1.78814e-07 0.23072 0.0 0.0 0.0 0.0 0.0 0.0 0.0 0.000454724 0.0 0.0 0.0 0.0
0.0 0.0 0.0 2.5034e-06 0.0 0.0 0.0 0.0 0.0 0.0 0.0 0.0 0.0 0.0 0.0 0.0 0.0 0.0 0.0 0.0 0.0 0.0 0.0 0.0 0.0 0.0 0.0 0.0 0.0 0.0 0.0 0.0 0.0 0.0 0.0 0.0 0.0 0.0 0.0 0.0 0.0 0.0 0.0 0.0 0.0 0.0 1.78814e-07 0.0 0.0 0.0 0.0 0.0 0.0 0.0 0.0 0.0 0.0 0.0 0.0 0.0 1.0 0.0 0.0 0.0
0.0 4.70877e-05 0.0 0.0 0.00652951 0.00220999 0.0 0.0 0.912096 0.999992 0.0 0.601193 0.000302523 0.0 0.0 1.49012e-07 0.0 0.0 0.0 0.0 0.0 0.00047037 0.0 0.756817 0.0 0.0 0.796845 0.0 0.00420383 0.0 0.0 0.0 0.0 0.0 0.0 1.78814e-07 0.0 2.68221e-07 0.0 0.0314323 0.0 0.00752202 0.0 0.805426 1.49012e-07 0.0 0.0 0.797834 8.9407e-06 0.0511558 0.00624487 9.59635e-06 0.0 1.2517e-06 0.0 0.0 0.0 4.17233e-07 0.0 0.275407 0.0 0.0 0.0 0.0
0.0 0.0 0.0 0.0 0.0 0.538723 0.0 0.0 9.83477e-07 2.20537e-06 2.70307e-05 0.0 0.00774726 0.0 0.0 0.0 0.0 4.17233e-06 0.0 0.0 0.000620544 0.0 0.0 0.00350383 1.3411e-05 0.0 5.96046e-08 0.0 0.0 0.000299841 0.0 0.0 0.0 0.0 0.0 1.19209e-07 0.0 0.0 0.0 1.46031e-06 0.0 0.0 0.0 0.0 0.0 0.0 0.0 2.98023e-08 0.0 2.98023e-08 1.71363e-05 0.0 0.0 0.00684434 0.0 0.987743 0.0 8.9407e-08 0.0 0.0 0.0 0.0 0.0 0.0
0.0 0.0 8.9407e-08 0.0 0.0 0.0 0.0 0.0 0.0 0.0 0.0 0.0 0.0 0.0 0.0 1.32024e-05 0.0 0.0 0.0 0.0 0.0 0.0 0.0 0.0 0.0 0.0 1.49012e-07 0.0 0.0 0.0 0.99999 0.0 0.000184119 0.0 0.0 0.0 0.0 0.0 0.000185609 0.0 0.0 0.0 0.0 0.0 0.0 0.0 0.0 0.0 0.0 0.0 0.0 2.72691e-05 0.0 0.0 0.0 0.0 0.0 0.0 0.0 0.0 0.0 0.0 0.0 0.0
0.0 0.0 0.0 0.0 0.0 0.0 0.0 0.0 0.0 0.0 0.0 0.0 0.0 0.0 0.0 0.0 0.0 0.0 1.0 0.0 0.0 0.0 0.0 0.0 0.0 0.0 0.0 0.0 0.0 0.0 0.0 0.0 0.0 0.0 0.0 0.0 0.0 0.0 0.0 0.0 0.0 0.0 0.0 0.0 0.0 0.0 0.0 0.0 0.0 0.0 0.0 0.0 1.78814e-07 0.0 0.0 0.0 0.0 0.0 0.0 0.0 0.0 0.0 0.0 0.0
0.0 0.0751414 0.0 0.0 3.68953e-05 5.96046e-08 0.0 0.0 0.96309 1.40071e-06 0.0 0.102746 0.0 0.0 0.0 1.49012e-07 0.0 0.0 0.0 0.0 0.0 1.10269e-06 0.0 0.0447189 0.0 0.0 0.000230432 0.0 0.000355572 0.0 8.9407e-08 0.0 0.0 0.0 0.0 0.0 0.0 0.0 0.0 0.0 0.0 0.0 0.0 0.000286192 0.0 0.0 0.0 0.999992 2.68221e-07 1.49012e-07 1.78814e-07 0.000124067 0.0 0.0 0.0 0.0 0.0 0.0 0.0 0.000481099 0.0 0.0 0.0 0.0
0.0 0.0 0.0 0.0 0.0 0.0 0.0 0.0 0.0 0.0 0.0 0.0 0.0 0.0 0.0 0.0 0.0818532 0.0 0.0 0.830476 0.0 0.0 0.0 0.0 0.0 0.0 0.0 7.94232e-05 0.0 0.0 0.0 0.0 0.0 0.0 0.0 0.0 0.0 0.0 0.0 0.0 0.0 0.0 0.0 0.0 0.0 0.812961 0.0 0.0 0.0 0.0 0.0 0.0 0.0 0.0 0.0 0.0 4.00245e-05 0.0 0.0 0.0 0.0 0.0 0.0 0.0
0.0 0.0 0.0 0.0 0.0 0.0187288 0.0 0.0 1.99676e-06 5.93066e-06 0.0163744 0.0 0.00510135 1.11759e-05 1.49012e-07 0.0 0.0 1.48714e-05 0.0 0.0 0.992828 0.0 0.0 0.0019286 0.000325948 0.0 0.0 0.0 0.0 0.0962192 0.0 0.0 0.0 1.49012e-07 0.0 2.38419e-06 0.0 8.9407e-08 0.0 1.13249e-06 0.0 0.0 0.0 0.0 0.0 0.0 0.0 0.0 0.0 3.57628e-06 0.0 0.0 0.0 0.0168892 0.0 0.0163708 0.0 0.00035578 0.0 0.0 0.0 0.0 0.0 0.0
0.0 0.0 0.0 0.0 0.0 0.0 0.0 0.0 0.0 0.0 0.0 0.0 0.0 0.0 0.0 0.0 0.0 0.0 0.0 0.0 0.0 0.0 0.0 0.0 0.0 0.0 0.0 0.0 0.0 0.0 0.0 0.0 0.0 0.0 0.0 0.0 0.0 0.0 0.0 0.0 0.0 0.0 0.0 0.0 0.0 0.0 0.999999 0.0 0.0 0.0 0.0 0.0 0.0 0.0 0.0 0.0 0.0 0.0 0.0 0.0 0.000115603 0.0 0.0 0.0
0.0 0.0 0.0 0.0 0.0 0.0 0.0 0.0 0.0 0.0 0.0 0.0 0.0 0.0 0.0 0.0 0.0 0.0 0.0 0.0 0.0 0.0 0.0 0.0 0.0 0.0 0.0 0.0 0.0 0.0 0.0 1.0 0.0 0.0 0.0 0.0 0.0 0.0 0.0 1.49012e-07 0.0 0.0 0.0 0.0 0.0 0.0 0.0 0.0 0.0 0.0 0.0 0.0 0.0 0.0 0.0 0.0 0.0 0.0 0.0 0.0 0.0 0.0 0.0 0.0
0.0 0.0 0.0 1.14739e-05 0.0 0.0 0.999742 0.0 0.0 0.0 0.0 0.0 0.0 0.0 0.0 0.0 0.0 0.0 0.0 0.0 0.0 0.0 0.0 0.0 0.0 0.0 0.0 0.0 0.0 0.0 0.0 0.0 0.0 0.0 0.0 0.0 0.0 0.0 0.0 0.0 0.0 0.0 0.0 0.0 0.0 0.0 0.0 0.0 0.0 0.0 0.0 0.0 0.0 0.0 0.0 0.0 0.0 0.0 0.0 0.0 0.0 0.0 0.0 0.0
0.062958 3.21865e-05 0.000202209 0.0 0.0 0.000138253 0.0 0.0 0.947227 2.08616e-07 5.03659e-05 0.0 0.0 0.0 0.0 0.0105541 0.0 0.0 0.0 0.0 0.0 0.388253 0.0 1.19209e-07 0.0 0.0 2.49147e-05 0.0 7.05421e-05 0.0 0.0 0.0 0.0 8.64267e-07 0.0314011 0.0 0.0 0.0 6.34789e-06 1.49012e-07 0.0 0.0 0.0 3.96371e-06 0.000562906 0.0 0.0 1.0 0.870447 0.000288814 2.80142e-06 0.0 0.0 0.949662 0.0 6.13928e-06 0.0 1.19209e-07 0.0 0.841206 0.0 0.000667334 0.0 0.0
0.0457322 0.000744939 5.81145e-06 0.0 0.0 3.00705e-05 0.0 9.23872e-07 0.403666 0.0 3.36766e-06 0.0 0.0 0.0 0.0 0.855316 0.0 0.0 0.0 0.0 0.0 0.00138268 0.0 5.1558e-06 0.0 0.0 0.0 0.0 4.38094e-05 0.0 0.0 0.0 0.0 0.0 0.0191949 0.0 0.0 0.0 2.13683e-05 0.0 0.0 0.0 0.0 2.68221e-07 0.000975102 0.0 0.0 0.589451 1.0 0.0 5.96046e-08 4.20809e-05 0.0 0.00156876 0.0 0.0 0.0 0.16712 0.0 0.0543705 0.0 0.00455111 0.0 0.0
0.0 0.000205457 0.0 0.0 0.0 0.0 0.0 0.0 0.0 0.0 0.0 0.0 0.0 0.0 0.0 0.0 0.0 0.0 0.0 0.0 0.0 1.78814e-07 0.0 0.0 0.0 0.0 0.0 0.0 0.0 0.0 0.999898 0.0 0.0 0.0 0.0 0.0 0.0 0.0 0.0 0.0 0.0 0.0 0.0 0.0 0.0 0.0 0.0 0.0 0.0 0.0 0.0 0.0 0.0 0.0 0.0 0.0 0.0 0.0 0.0 0.0 0.0 0.0 0.0 0.0
0.0 0.0 0.0 0.0 0.0 1.19209e-07 0.0 0.0 0.0 6.61612e-06 0.0 6.4671e-06 0.0 0.0 0.0 0.0 0.0 0.994042 0.0 0.0 0.0 0.000565231 0.0 0.0 0.0 0.0 6.55651e-07 0.0 0.0 0.0 0.0 0.0 0.0 0.0 0.0 0.0 0.0 0.0 0.0 0.0 0.0 0.000155181 0.0 8.9407e-08 0.0 0.0 0.0 0.0 0.0 8.82149e-06 0.0 0.0 0.0 0.0 0.0 0.0 0.0 0.0 0.0 0.0 0.0 0.0 0.0 0.0
0.0 8.58307e-06 2.38419e-07 0.0 0.0 0.0 0.0 5.126e-06 2.08616e-07 0.0 0.0 0.0 0.0 0.0 0.0 0.0 0.0 0.0 0.0 0.0 0.0 0.0 0.0 0.0 0.0 0.0 0.0 0.0 3.96371e-06 0.0 0.0 0.0 0.0 0.0 2.98023e-07 0.0 0.0 0.0 0.0 0.0 0.0 0.0 0.0 0.0 0.0 0.0 0.0 0.0 2.20537e-06 0.0 0.0 0.0 0.0 0.0 0.0 0.0 0.0 1.0 0.0 0.0 0.0 0.0 0.0 0.0
0.0 0.0 0.0 0.0 0.0 0.0 0.0 0.0 0.0 0.0 0.0 0.0 0.0 0.0 0.0 0.0 0.0 0.0 0.0 0.0 0.0 0.0 0.0 0.0 0.0 0.0 0.0 0.0 0.0 0.0 0.0 0.0 0.0 0.0 0.0 0.0 0.0 0.0 0.0 0.0 0.0 0.0 0.0 0.0 0.0 0.0 0.0 0.0 0.0 0.0 0.0 0.0 0.0 0.0 0.0 0.0 0.0 0.0 0.0 0.0 0.0 0.0 1.0 0.0
0.000157237 0.00397998 0.00472674 0.0 0.0 0.0 0.0 0.0 0.0 0.0 0.0 0.0 0.0 0.0 0.0 0.000754178 0.0 0.0 0.0 0.0 0.0 0.0 0.0 0.0 0.0 0.0 0.0 0.0 0.0 0.0 0.0 0.0 0.0 0.0 0.0158724 0.0 0.0 0.0 0.0 0.0 0.0 0.0 0.0 0.0 0.0 0.0 0.0 0.0 0.00484005 0.0 0.0 0.999998 0.0 9.83477e-07 0.0 0.0 0.0 0.00343433 0.0 0.0 0.0 0.0 0.0 0.0
5.43892e-05 4.58956e-06 3.57628e-07 0.0 0.0 1.75834e-06 0.0 0.0 0.000997722 0.0 8.9407e-08 0.0 0.0 0.0 0.0 1.19209e-07 0.0 0.0 0.0 0.0 0.0 0.00143087 0.0 0.99999 0.0 0.0 0.0 0.0 0.0 0.0 0.0 0.0 0.0 0.0 5.96046e-08 4.47035e-07 0.0 0.0 0.00084585 0.0 0.0 0.0 0.0 8.9407e-08 0.0 0.0 0.0 0.0710162 0.00956589 0.0 2.38419e-07 0.0 0.0 0.00023067 0.0 0.0 0.0 1.49012e-07 0.0 1.93715e-06 0.0 1.78814e-07 0.0 0.0
0.0 0.0 0.0 0.0 5.96046e-08 0.0 0.0 0.0 0.0 0.0 0.0 1.78814e-07 0.0 0.0 6.55651e-07 0.0 0.0 0.0 0.0 0.0 0.0 0.0 0.00133783 0.0 0.0231399 0.0 0.0 0.945125 0.0 0.000163823 0.0 0.0 0.0 0.0 0.0 0.0 0.0 0.0 0.0 0.0 0.0 0.0 0.0 0.0 0.0 0.00610158 0.0 0.0 0.0 0.0 0.0 0.0 0.0 0.0 0.0 0.0 0.0 0.0 0.0 0.0 0.0 0.0 0.0 0.0
0.0 0.0 0.0 0.0 0.0 6.4671e-06 0.0 0.0 0.0151649 0.0 0.00297144 0.0 0.0 0.0 0.0 0.0 0.0 0.0 0.0 0.0 0.0 0.000132233 0.0 8.9407e-08 0.0 0.0 0.0 0.0 2.77162e-06 0.0 0.0 0.0 0.0 0.999993 0.0 0.00311163 0.0 0.0 5.66244e-07 8.9407e-08 0.0 0.0 0.0 1.78814e-07 0.00567454 0.0 0.0 0.3168 0.0 0.0 7.15256e-07 0.0 0.0 0.0 0.0 2.08616e-07 0.0 0.0 0.0 8.9407e-08 0.0 0.0 0.0 0.0
0.0 0.0 0.0 0.0 0.000177413 8.9407e-08 0.0 0.0 0.0 1.49012e-07 0.0 0.00019905 0.0 0.0 6.55651e-07 0.0 0.0 1.23084e-05 0.0 0.0 0.0 5.74291e-05 3.78191e-05 0.0 0.0 0.0 6.4075e-06 2.08616e-07 0.0 8.9407e-08 0.0 0.0 0.0 0.0 0.0 0.0 0.0 0.125636 0.0 0.0 0.0 7.7486e-07 0.0 4.47035e-07 0.0 5.96046e-08 0.0 0.0 0.0 0.0 4.64916e-06 0.0 0.0 0.0 0.0 0.0 0.0 0.0 0.0 0.0 0.0 0.0 0.0 0.0
0.0 0.0 0.0 0.0 0.0 0.0 0.0 0.0 0.0 0.0 0.0 2.68221e-07 0.0 0.0 0.0 0.0 0.0 0.0 0.0 0.0 0.0 0.0 2.5034e-06 0.0 0.0 0.0 0.0 0.0 0.0 0.0 0.0 0.0 0.0 0.0 0.0 0.0 0.0 0.99944 0.0 0.0 0.0 0.0 0.0 0.0 0.0 0.0 0.0 0.0 0.0 0.0 0.0 0.0 0.0 0.0 0.0 0.0 0.0 0.0 0.0 0.0 0.0 0.0 0.0 0.0
0.0 0.0 0.0 0.0 7.76052e-05 0.0 0.0 0.0 0.0 0.0 0.0 1.19209e-07 0.0 0.0 1.19209e-07 0.0 0.0 8.9407e-07 0.0 0.0 0.0 2.48849e-05 1.46031e-06 0.0 1.73151e-05 0.0 1.69873e-06 0.0 0.0 8.9407e-08 0.0 0.0 0.0 0.0 0.0 0.0 0.0 0.0 0.0 5.66244e-07 0.0 0.0 0.0 0.0 0.0 0.0 0.0 0.0 0.0 0.0 0.0 0.0 0.0 0.0 0.0 0.0 0.0 0.0 0.0 0.0 0.0 0.0 0.0 0.0
0.0 0.0 0.0 0.0 0.0 0.000117362 0.0 0.0 1.19209e-06 1.3113e-06 0.0 0.0 0.0 0.0 0.0 0.0 0.000470847 1.40071e-06 0.0 0.0 5.54323e-06 0.00464672 0.0 0.0 5.71311e-05 3.27528e-05 0.000132143 6.94394e-06 0.0 0.000114501 0.0 1.78814e-07 0.0 2.98023e-07 0.0 2.92361e-05 0.0 0.0 6.25849e-07 4.96507e-05 0.0 6.25849e-06 0.0 0.0 0.0 5.96046e-08 0.0 1.78814e-07 0.0 2.43485e-05 0.000295907 0.0 0.0 5.06639e-07 0.0 1.78814e-07 0.0 0.0 0.0 1.49012e-06 0.0 0.0 0.0 0.0
0.00835702 0.000506639 0.954392 0.0 0.0 1.01328e-05 0.0 0.0 3.99351e-06 0.0 0.0 0.0 0.0 0.0 0.0 0.872263 0.0 0.0 0.0 0.0 0.0 0.170216 0.0 0.0 0.0 0.0 0.0 0.0 1.71363e-05 0.0 0.0 0.0 0.0 0.0 1.0 0.0 0.0 0.0 0.0 0.0 0.0 0.0 0.0 7.15256e-07 5.96046e-07 0.0 0.0 0.0037356 0.522895 0.0 2.17557e-06 0.00144893 0.0 0.814327 0.0 1.19209e-07 0.0 0.000609219 0.0 0.103586 0.0 1.60933e-06 0.0 0.0
0.0 0.0 0.0 0.0 0.0 0.0 0.0 0.0 0.0 0.0 0.0 0.0 0.0 0.801023 0.199482 0.0 0.0 0.0 0.0 0.42849 0.0 0.0 0.000152349 0.0 2.89083e-06 0.0 0.0 0.0 0.0 0.0 0.0 0.0 0.0 0.0 0.0 0.0 0.806439 0.0 0.0 0.0 0.0 0.0 0.0 0.0 0.0 2.72393e-05 0.0 0.0 0.0 0.0 0.0 0.0 0.0 0.0 0.0 0.0 0.0 0.0 0.0 0.0 0.0 0.0 0.0 0.00802186
0.0 0.0 0.0 0.0 2.98023e-08 0.0 0.0 0.0 0.0 7.80821e-06 0.0 0.000232518 0.0 0.0 0.0 0.0 2.08616e-07 0.00380239 0.0 0.0 0.0 1.10567e-05 0.0 0.0 0.0 0.0 2.11596e-06 0.0 0.0 0.0 0.0 0.0 0.0 0.0 0.0 0.0 0.0 0.0 0.0 0.0 0.0 0.987377 0.0 0.0 0.0 0.0 0.0 0.0 0.0 1.19209e-07 0.0 0.0 0.0 0.0 0.0 0.0 0.0 0.0 0.0 0.0 0.0 0.0 0.0 0.0
0.0 0.0 0.0 0.0 0.0 0.0 0.0 0.0 0.0 0.0 0.0 0.0 0.0 0.0 0.0 0.0 0.0 0.0 0.0 0.0 0.0 0.0 0.0 0.0 0.0 0.0 0.0 0.0 0.0 0.0 0.0 0.0 0.0 0.0 0.0 0.0 0.0 0.0 0.0 0.0 0.0 0.0 0.0 0.0 0.0 0.0 0.0 0.0 0.0 0.0 0.0 0.0 0.0 0.0 0.0 0.0 0.0 0.0 0.0 0.0 0.999913 0.0 0.0 0.0
0.0 0.0 0.0 0.0 0.0 0.0 0.0 0.0 0.0 0.0 0.0 0.0 0.0 0.809254 0.11592 0.0 0.0 0.0 0.0 0.361563 0.0 0.0 0.0001764 0.0 3.45707e-06 0.0 0.0 0.0 0.0 0.0 0.0 0.0 0.0 0.0 0.0 0.0 0.776559 0.0 0.0 0.0 0.0 0.0 0.0 0.0 0.0 4.39584e-05 0.0 0.0 0.0 0.0 0.0 0.0 0.0 0.0 0.0 0.0 0.0 0.0 0.0 0.0 0.0 0.0 0.0 0.0102424
0.0 0.0 0.0 0.0 0.0 6.38068e-05 0.0 0.0 0.0 0.0 0.0 0.0 0.0 0.0 0.0 0.0 0.0 0.0 0.0 0.0 0.000131547 5.51343e-06 0.0 0.0 0.0 0.999002 9.43244e-05 0.0 0.0 1.49012e-07 0.0 0.0 0.0 0.0 0.0 0.0 0.0 0.0 0.0 0.724281 0.0 0.0 0.0 0.0 0.0 0.0 0.0 0.0 0.0 0.0 0.0 0.0 0.0 0.0 0.0 7.91848e-05 0.0 0.0 0.0 0.0 0.0 0.0 0.0 0.0
0.999291 0.847822 0.00127035 0.0 0.0 0.0 0.0 0.0 1.49012e-06 0.0 0.0 0.0 0.0 0.0 0.0 1.35899e-05 0.0 0.0 0.0 0.0 0.0 1.53184e-05 0.0 0.0 0.0 0.0 0.0 0.0 0.783099 0.0 2.98023e-08 0.0 0.0 0.0 0.00065431 0.0 0.0 0.0 0.0 0.0 0.0 0.0 0.0 0.0 0.0 0.0 0.0 0.00396261 0.00363743 0.0 0.0 0.000203043 0.0 3.51667e-05 0.0 0.0 0.0 1.78814e-07 0.0 1.3411e-06 0.0 0.00207821 0.0 0.0
0.0 0.0 0.0 0.0 0.0 8.64267e-07 0.0 0.0 0.0 0.0 0.0 0.0 0.0 0.0 0.0 0.0 1.18613e-05 0.0 0.0 0.0 2.69115e-05 0.000393808 0.0 8.25524e-06 0.0 1.2219e-06 9.23872e-07 0.0 0.0 6.85453e-07 0.0 0.0 0.0 0.00368273 0.0 1.0 0.0 0.0 2.98023e-08 4.32134e-05 0.0 0.0 0.0 0.0 8.9407e-08 0.0 0.0 1.01328e-06 0.0 0.0 1.0699e-05 0.0 0.0 0.0 0.0 2.98023e-08 0.0 0.0 0.0 0.0 0.0 0.0 0.0 0.0
5.66244e-07 7.53105e-05 2.89977e-05 0.0 0.0 1.0 0.0 0.0 0.00182906 0.0 3.34084e-05 0.0 0.0 0.0 0.0 0.0 0.0 0.0 0.0 0.0 0.0 0.991735 0.0 0.0 0.0 0.0 1.14441e-05 0.0 0.853231 0.0 0.0 0.0 0.0 3.76105e-05 5.81145e-06 0.0 0.0 0.0 0.994956 8.82149e-06 0.0 0.0 0.0 5.96046e-08 0.0015257 0.0 0.0 6.97374e-06 2.68221e-07 5.57303e-06 0.147582 0.0 0.0 1.61827e-05 0.0 0.339784 0.0 0.0 0.0 0.000152022 0.0 2.47359e-05 0.0 0.0
0.0 0.0 0.0 0.0 0.977567 0.0 0.0 0.0 0.0 1.07288e-06 0.0 3.1203e-05 0.0 0.0 0.0 0.0 0.0 1.80304e-05 0.0 0.0 0.0 1.19209e-07 0.0 0.0 0.0 0.0 5.63264e-06 2.98023e-08 0.0 0.0 0.0 0.0 0.0 0.0 0.0 0.0 0.0 5.96046e-08 0.0 0.0 0.0 1.19209e-07 0.0 0.0 0.0 0.0 0.0 0.0 0.0 0.0 0.0 0.0 0.0 0.0 0.0 0.0 0.0 0.0 0.0 0.0 0.0 0.0 0.0 0.0
0.0 0.0 0.0 0.0 0.0 0.0 0.0 0.0 0.0 0.0 0.0 0.0 0.0 0.0 0.0 0.0 0.0 0.0 0.0 0.0 1.2815e-06 0.0 1.49012e-07 0.0 0.00234836 5.06639e-07 0.0 2.5183e-05 0.0 0.997745 0.0 0.0 0.0 0.0 0.0 8.9407e-08 0.0 0.0 0.0 3.27826e-07 0.0 0.0 0.0 0.0 0.0 6.73532e-06 0.0 0.0 0.0 0.0 0.0 0.0 0.0 0.0 0.0 0.0 0.0 0.0 0.0 0.0 0.0 0.0 0.0 0.0
0.0 0.0 0.0 0.0 0.0107423 2.73585e-05 0.0 0.0 0.0 0.000471979 0.0 3.27826e-07 0.0 0.0 0.0 0.0 2.98023e-08 3.20077e-05 0.0 0.0 0.0 0.024347 0.0 0.0 6.10948e-06 2.38121e-05 0.0208008 0.0 0.0 0.0 0.0 0.0 0.0 0.0 0.0 0.0 0.0 0.0 0.0 2.44379e-05 0.0 2.66433e-05 0.0 8.9407e-08 0.0 0.0 0.0 0.0 0.0 1.43051e-06 4.26173e-06 0.0 0.0 1.78814e-07 0.0 0.0 0.0 0.0 0.0 0.0 0.0 0.0 0.0 0.0
0.0 0.0 0.0 0.0 0.0 0.0 0.0 0.0 0.0 0.0 0.0 0.0 0.0 0.410933 0.329394 0.0 0.0 0.0 0.0 0.827408 0.0 0.0 0.000865668 0.0 3.9041e-06 0.0 0.0 1.49012e-07 0.0 0.0 0.0 0.0 0.0 0.0 0.0 0.0 0.447707 0.0 0.0 0.0 0.0 0.0 0.0 0.0 0.0 3.56138e-05 0.0 0.0 0.0 0.0 0.0 0.0 0.0 0.0 0.0 0.0 0.0 0.0 0.0 0.0 0.0 0.0 0.0 0.00186968
0.581068 0.780441 5.96046e-08 0.0 0.0 5.69224e-06 0.0 0.0 0.00050804 0.0 0.0 0.0 0.0 0.0 0.0 1.2815e-06 0.0 0.0 0.0 0.0 0.0 0.035223 0.0 2.08616e-07 0.0 0.0 0.0 0.0 0.00939998 0.0 0.0 0.0 0.0 0.0 5.66244e-07 0.0 0.0 0.0 6.55651e-07 0.0 0.0 0.0 0.0 2.98023e-08 0.0 0.0 0.0 0.032593 0.433847 5.96046e-08 2.41399e-06 0.0 0.0 0.00180426 0.0 0.0 0.0 0.0 0.0 0.00223547 0.0 0.998548 0.0 0.0
3.12924e-06 3.45707e-06 0.000415474 0.0 0.0 0.998585 0.0 0.0 0.0127671 0.0 2.563e-06 0.0 0.0 0.0 0.0 0.0 0.0 0.0 0.0 0.0 0.0 0.952254 0.0 0.0 0.0 0.0 0.000260234 0.0 0.000439674 0.0 0.0 0.0 0.0 5.60582e-05 0.000190347 0.0 0.0 0.0 0.670865 0.0181643 0.0 0.0 0.0 0.0 0.0255264 0.0 0.0 0.00152919 6.59525e-05 6.25849e-07 0.00715202 0.0 0.0 0.000159144 0.0 0.999906 0.0 8.9407e-08 0.0 2.60174e-05 0.0 3.65376e-05 0.0 0.0
0.0 0.0 0.0 0.0 0.0 0.947907 0.0 0.0 0.0 0.00212413 0.0 0.0 0.0 0.0 0.0 0.0 0.0 6.52969e-05 0.0 0.0 0.0 0.999909 0.0 0.0 0.0 0.0 0.71424 0.0 0.0 0.0 0.0 0.0 0.0 0.0 2.98023e-07 0.0 0.0 0.0 5.66244e-07 6.25849e-07 0.0 2.98023e-08 0.0 0.0139416 0.0 0.0 0.0 4.94719e-06 5.96046e-08 0.996916 0.704842 0.0 0.0 2.69711e-05 0.0 5.45382e-05 0.0 0.0 0.0 0.00286552 0.0 3.57628e-07 0.0 0.0
0.0 0.0 0.0 0.0 0.0 0.0 0.0 0.0 0.0 0.0 0.0 1.10269e-06 0.0 2.29478e-06 0.00931567 0.0 0.0 0.0 0.0 4.99785e-05 0.0 0.0 0.998079 0.0 9.44734e-05 0.0 0.0 0.000362784 0.0 5.06639e-07 0.0 0.0 0.0 0.0 0.0 0.0 1.2815e-06 5.37634e-05 0.0 0.0 0.0 0.0 0.0 0.0 0.0 0.00268793 0.0 0.0 0.0 0.0 0.0 0.0 0.0 0.0 0.0 0.0 0.0 0.0 0.0 0.0 0.0 0.0 0.0 2.98023e-08
0.0 0.0 0.0 0.0 0.0 0.0 0.0 0.0 0.0 0.0 0.0 0.0 0.999027 0.0 0.0 0.0 0.0 0.0 0.0 0.0 0.0 0.0 0.0 0.0 0.0 0.0 0.0 0.0 0.0 0.0 0.0 0.0 0.0 0.0 0.0 0.0 0.0 0.0 0.0 0.0 0.0 0.0 0.0 0.0 0.0 0.0 0.0 0.0 0.0 0.0 0.0 0.0 0.0 0.0 0.0 0.0 0.0 0.0 0.0 0.0 0.0 0.0 0.0 0.0
0.0 0.0 8.9407e-07 0.0 0.0 0.0182329 0.0 0.0 0.000156224 0.0 0.0 0.0 0.0 0.0 0.0 0.0 0.0 0.0 0.0 0.0 0.000436336 0.00214648 0.0 0.0 0.0 0.00317362 0.0978622 0.0 0.0 0.0 0.0 0.0 0.0 0.0 3.8743e-07 0.0 0.0 0.0 5.71311e-05 1.0 0.0 0.0 0.0 0.0 0.000280261 0.0 0.0 2.82228e-05 5.66244e-07 0.0 7.7486e-07 0.0 0.0 0.000214577 0.0 0.571322 0.0 0.0 0.0 1.49012e-07 0.0 0.0 0.0 0.0
0.477757 0.0227579 5.66244e-07 0.0 0.0 0.00980717 0.0 0.0 0.00847182 1.16229e-06 1.2815e-06 0.0 0.0 0.0 0.0 0.0875107 0.0 0.0 0.0 0.0 0.0 0.915445 0.0 1.78814e-07 0.0 0.0 2.98023e-07 0.0 0.0087364 0.0 0.0 0.0 0.0 0.0 0.000560671 0.0 0.0 0.0 1.49012e-07 0.0 0.0 0.0 0.0 0.000146389 1.19209e-07 0.0 0.0 0.554377 0.372754 7.12276e-05 8.67248e-06 2.98023e-08 0.0 0.00560355 0.0 3.27826e-07 0.0 0.0 0.0 0.998199 0.0 0.114152 0.0 0.0
0.0 0.0 0.0 0.0 0.0 0.0 0.0 0.0 0.0 0.0 0.0 0.0 0.0 0.0 0.0 0.0 5.96046e-08 0.0 0.0 0.0 1.40071e-06 2.98023e-08 0.0 0.0 7.99596e-05 1.10269e-06 7.18236e-06 7.95126e-05 0.0 1.68979e-05 0.0 0.0 0.0 0.0 0.0 0.0 0.0 0.0 0.0 0.000208616 0.0 2.38419e-07 0.0 0.0 0.0 4.52995e-06 0.0 0.0 0.0 0.0 0.0 0.0 0.0 0.0 0.0 0.0 0.0 0.0 0.0 0.0 0.0 0.0 0.0 0.0
0.0 0.0 0.0 0.0 2.15769e-05 0.0 0.0 0.0 0.0 0.0 0.0 0.999623 0.0 0.0 0.0 0.0 0.0 3.27826e-07 0.0 0.0 0.0 0.0 4.17233e-07 0.0 0.0 0.0 0.0 2.98023e-08 0.0 0.0 0.0 0.0 0.0 0.0 0.0 0.0 0.0 8.64267e-07 0.0 0.0 0.0 8.64267e-06 0.0 0.0 0.0 0.0 0.0 0.0 0.0 0.0 0.0 0.0 0.0 0.0 0.0 0.0 0.0 0.0 0.0 0.0 0.0 0.0 0.0 0.0
0.0 0.0 0.0 0.0 0.00171363 0.0 0.0 0.0 0.0 0.0 0.0 2.45273e-05 0.0 1.49012e-07 9.22382e-05 0.0 0.0 0.0 0.0 4.76837e-07 0.0 0.0 0.214048 0.0 0.578163 5.66244e-07 4.76837e-07 0.0254814 0.0 0.190866 0.0 0.0 0.0 0.0 0.0 0.0 0.0 8.07643e-06 0.0 3.57628e-07 0.0 2.98023e-08 0.0 0.0 0.0 0.327307 0.0 0.0 0.0 0.0 0.0 0.0 0.0 0.0 0.0 0.0 0.0 0.0 0.0 0.0 0.0 0.0 0.0 0.000298589
0.0245988 1.0 1.40965e-05 0.0 0.0 0.000124842 0.0 0.0 0.000199288 0.0 0.0 0.0 0.0 0.0 0.0 0.0 0.0 0.0 0.0 0.0 0.0 0.000446618 0.0 8.64267e-07 0.0 0.0 0.0 0.0 0.767601 0.0 8.9407e-08 0.0 0.0 0.0 6.85453e-07 0.0 0.0 0.0 7.15256e-07 0.0 0.0 0.0 0.0 0.0 0.0 0.0 0.0 1.90735e-06 0.000315964 0.0 1.60933e-06 0.000422835 0.0 2.17557e-06 0.0 0.0 0.0 1.41263e-05 0.0 2.5034e-06 0.0 0.00154948 0.0 0.0
0.0 0.0 0.0 0.0 3.27826e-07 2.26498e-06 0.0 0.0 0.0 0.0 0.0 0.0 0.0 0.0 4.36604e-05 0.0 0.0 0.0 0.0 0.0 0.782774 7.36117e-06 0.000463456 0.0 0.637308 0.00761732 1.19209e-07 0.0193636 0.0 0.891346 0.0 0.0 0.0 5.39422e-06 0.0 0.00497079 0.0 8.9407e-08 1.78814e-07 0.00533724 0.0 0.0 0.0 0.0 0.0 0.0022116 0.0 0.0 0.0 0.0 1.04308e-06 0.0 0.0 0.0 0.0 1.07288e-06 0.0 0.0 0.0 0.0 0.0 0.0 0.0 8.9407e-08
0.0 0.0 0.0 0.0 0.0 0.0 0.0 0.0 0.0 0.0 0.0 0.0 0.0 0.0 0.0 0.0 0.0 0.0 0.0 0.0 0.0 0.0 0.0 0.0 0.0 0.0 0.0 0.0 0.0 0.0 0.0 0.0 0.0 0.0 0.0 0.0 0.0 0.0 0.0 0.0 0.0 0.0 0.0 0.0 0.0 0.0 0.99965 0.0 0.0 0.0 0.0 0.0 0.0 0.0 0.0 0.0 0.0 0.0 0.0 0.0 0.0 0.0 0.0 0.0
0.0 0.0 0.0 0.0 0.0 5.96046e-08 0.0 0.0 0.0 0.999991 0.0 0.0 0.0 0.0 0.0 0.0 0.0 4.17233e-07 0.0 0.0 0.0 0.00176305 0.0 0.0 0.0 0.0 1.0252e-05 0.0 0.0 0.0 0.0 0.0 0.0 0.0 0.0 0.0 0.0 0.0 0.0 0.0 0.0 5.96046e-08 0.0 0.000105292 0.0 0.0 0.0 0.0 0.0 2.55704e-05 2.68221e-07 0.0 0.0 0.0 0.0 0.0 0.0 0.0 0.0 3.36766e-06 0.0 0.0 0.0 0.0
0.0 0.0 0.0 0.0 0.0 0.0 0.0 0.0 0.0 0.0 0.0 0.0 0.0 0.000195086 0.998695 0.0 0.0 0.0 0.0 0.00283706 0.0 0.0 0.0390264 0.0 3.96669e-05 0.0 0.0 2.98023e-07 0.0 2.98023e-08 0.0 0.0 0.0 0.0 0.0 0.0 0.000275344 3.8743e-07 0.0 0.0 0.0 0.0 0.0 0.0 0.0 6.4522e-05 0.0 0.0 0.0 0.0 0.0 0.0 0.0 0.0 0.0 0.0 0.0 0.0 0.0 0.0 0.0 0.0 0.0 1.61231e-05
0.0 0.0 0.0 0.0 0.0 2.83122e-06 0.0 0.0 0.0 0.0 0.0 0.0 0.0 0.0 0.0 0.0 0.0 0.0 0.0 0.0 0.999844 5.96046e-08 0.0 0.0 0.0 0.00119713 0.0 0.0 0.0 5.96046e-08 0.0 0.0 0.0 4.47035e-07 0.0 7.95722e-06 0.0 0.0 3.57628e-07 0.0822564 0.0 0.0 0.0 0.0 0.0 0.0 0.0 0.0 0.0 0.0 0.0 0.0 0.0 0.0 0.0 5.96046e-08 0.0 0.0 0.0 0.0 0.0 0.0 0.0 0.0
0.0 0.0 0.0 0.999201 0.0 0.0 1.19209e-07 0.0 0.0 0.0 0.0 0.0 0.0 0.0 0.0 0.0 0.0 0.0 0.0 0.0 0.0 0.0 0.0 0.0 0.0 0.0 0.0 0.0 0.0 0.0 0.0 0.0 0.0 0.0 0.0 0.0 0.0 0.0 0.0 0.0 0.0 0.0 0.0 0.0 0.0 0.0 0.0 0.0 0.0 0.0 0.0 0.0 0.0 0.0 0.0 0.0 0.0 0.0 0.0 0.0 0.0 0.0 0.0 0.0
0.0 0.0 0.0 0.0 0.0 0.0 0.0 0.0 0.0 0.0 0.0 0.0 0.0 0.00152069 0.00192258 0.0 0.0 0.0 0.0 0.00014025 0.0 0.0 3.57628e-07 0.0 0.00801939 0.0 0.0 0.0 0.0 3.51667e-06 0.0 0.0 0.0 0.0 0.0 0.0 0.00049749 0.0 0.0 0.0 0.0 0.0 0.0 0.0 0.0 5.73397e-05 0.0 0.0 0.0 0.0 0.0 0.0 0.0 0.0 0.0 0.0 0.0 0.0 0.0 0.0 0.0 0.0 0.0 0.964301
0.0 0.0 0.0 0.0 0.0 0.0 0.0 0.0 0.0 0.0 0.0 0.0 0.0 0.0 0.0 0.0 0.0 0.0 0.0 0.0 0.0 0.0 0.0 0.0 0.0 0.0 0.0 0.0 0.0 0.0 0.0 0.0 0.0 0.0 0.0 0.0 0.0 0.0 0.0 0.0 0.0 0.0 0.0 0.0 0.0 0.0 0.0 0.0 0.0 0.0 0.0 0.0 0.0 0.0 0.0 0.0 1.0 0.0 0.0 0.0 0.0 0.0 0.0 0.0
0.0 0.0 0.0 0.0 0.0 0.0 0.0 0.0 0.0 0.0 0.0 0.0 0.0 0.0 0.0 0.0 0.0 0.0 0.0 0.0 0.0 0.0 0.0 0.0 0.0 0.0 0.0 0.0 0.0 0.0 0.0 0.0 0.0 0.0 0.0 0.0 0.0 0.0 0.0 0.0 0.0 0.0 0.0 0.0 0.0 0.0 0.0 0.0 0.0 0.0 0.0 0.0 0.0 0.0 0.0 0.0 0.0 0.0 0.999984 0.0 0.0 0.0 0.0 0.0
0.0 0.0 0.0 0.0 0.0 0.0 0.0 0.0 0.0 0.0 0.0 0.0 0.0 0.0 0.0 0.0 0.0 0.0 0.0 0.0 0.0 0.0 0.0 0.0 0.0 0.0 0.0 0.0 0.0 0.0 0.0 0.0 0.0 0.0 0.0 0.0 0.0 0.0 0.0 0.0 0.0 0.0 0.0 0.0 0.0 0.0 0.0 0.0 0.0 0.0 0.0 0.0 0.999998 0.0 0.0 0.0 0.0 0.0 0.0 0.0 0.0 0.0 0.0 0.0
1.19209e-07 2.44379e-06 0.0 0.0 1.78814e-07 0.331236 0.0 0.0 1.78814e-07 0.0112029 0.0 0.0 0.0 0.0 0.0 1.69873e-06 0.0 1.5676e-05 0.0 0.0 0.0 0.999869 0.0 0.0 0.0 0.0 0.999972 0.0 2.38419e-07 0.0 0.0 0.0 0.0 0.0 1.68085e-05 0.0 0.0 0.0 1.43051e-06 0.000242233 0.0 1.49012e-07 0.0 0.0616158 1.49012e-07 0.0 0.0 0.00367922 1.29044e-05 0.895985 0.817893 0.0 0.0 0.0102109 0.0 0.00669149 0.0 0.0 0.0 0.0307249 0.0 8.56817e-05 0.0 0.0
0.0127598 0.0266677 0.0168735 0.0 0.0 2.98023e-07 0.0 0.0 6.25849e-07 0.0 0.0 0.0 0.0 0.0 0.0 0.000652999 0.0 0.0 0.0 0.0 0.0 0.00106075 0.0 3.51965e-05 0.0 0.0 0.0 0.0 2.98023e-08 0.0 0.0 0.0 0.0 0.0 0.0837288 0.0 0.0 0.0 0.0 0.0 0.0 0.0 0.0 0.0 0.0 0.0 0.0 0.0148756 0.715448 0.0 0.0 0.00249112 0.0 0.99879 0.0 0.0 0.0 3.27826e-07 0.0 0.00214908 0.0 0.000110209 0.0 0.0
1.53482e-05 2.44379e-06 3.57628e-07 0.0 0.0 0.744594 0.0 0.0 0.999997 8.9407e-08 0.995654 0.0 0.0 0.0 0.0 7.7486e-07 0.0 0.0 0.0 0.0 0.0 0.425201 0.0 4.31836e-05 0.0 0.0 0.0 0.0 0.230132 0.0 0.0 0.0 0.0 0.023932 1.43051e-06 2.98023e-08 0.0 0.0 0.999181 8.9407e-08 0.0 0.0 0.0 5.06639e-07 0.430979 0.0 0.0 0.825496 0.00305814 2.74181e-06 0.000105739 0.0 0.0 0.00467122 0.0 2.61366e-05 0.0 7.45058e-07 0.0 0.00516236 0.0 2.46167e-05 0.0 0.0
0.0 0.0 0.0 0.0 0.0 0.0 0.0 0.0 0.0 0.0 0.0 0.0 0.0 0.0 0.0 0.0 0.0 0.0 1.0 0.0 0.0 0.0 0.0 0.0 0.0 0.0 0.0 0.0 0.0 0.0 0.0 0.0 0.0 0.0 0.0 0.0 0.0 0.0 0.0 0.0 0.0 0.0 0.0 0.0 0.0 0.0 0.0 0.0 0.0 0.0 0.0 0.0 0.0 0.0 0.0 0.0 0.0 0.0 0.0 0.0 0.0 0.0 0.0 0.0
0.0 0.0 0.0 0.0 8.9407e-08 0.000683606 0.0 0.0 0.0 1.78814e-07 0.0 2.98023e-07 0.0 0.0 0.0 0.0 5.30481e-06 2.89083e-06 0.0 0.0 0.0112053 0.0456953 7.7486e-07 0.0 0.118925 0.00638011 0.109222 0.000568449 0.0 0.505488 0.0 0.0 0.0 5.96046e-08 0.0 3.59416e-05 0.0 0.0 0.0 0.00369015 0.0 0.000140369 0.0 3.9041e-06 0.0 1.72853e-06 0.0 0.0 0.0 1.30534e-05 6.58929e-05 0.0 0.0 0.0 0.0 0.0 0.0 0.0 0.0 0.0 0.0 0.0 0.0 0.0
8.64267e-07 0.0 5.96046e-08 0.0 0.0 0.00176936 0.0 0.0 0.975616 0.0 0.999998 0.0 0.0 0.0 0.0 5.96046e-08 0.0 0.0 0.0 0.0 0.0 0.0191072 0.0 1.19209e-07 0.0 0.0 0.0 0.0 0.359272 0.0 0.0 0.0 0.0 0.000902116 0.0 0.0 0.0 0.0 0.920168 0.0 0.0 0.0 0.0 5.96046e-08 0.0538098 0.0 0.0 0.981438 0.00036329 4.32134e-06 4.64916e-06 0.0 0.0 1.37389e-05 0.0 1.19209e-06 0.0 0.000266463 0.0 1.97887e-05 0.0 6.25849e-07 0.0 0.0
0.0 0.0 0.0 0.0 0.0 0.0 0.0 0.0 0.0 0.0 0.0 0.0 0.0 0.0 0.0 0.0 0.999964 0.0 0.0 0.0 0.0 0.0 0.0 0.0 0.0 0.0 0.0 0.0 0.0 0.0 0.0 1.19209e-07 0.0 0.0 0.0 9.53674e-07 0.0 0.0 0.0 0.0 0.0 0.0 0.0 0.0 0.0 0.0 0.0 0.0 0.0 0.0 0.0 0.0 0.0 0.0 0.0 0.0 0.0 0.0 0.0 0.0 0.0 0.0 0.0 0.0
0.0 0.0 0.0 0.0 0.0 0.0 0.0 0.0 0.0 0.0 0.0 0.0 0.0 0.0 0.0 5.66244e-07 0.0 0.0 0.0 0.0 0.0 0.0 0.0 0.0 0.0 0.0 0.0 0.0 0.0 0.0 0.0 0.999989 0.0 0.0 0.0 0.0 0.0 0.0 0.0 0.0 0.0 0.0 0.0 0.0 0.0 0.0 0.0 0.0 0.0 0.0 0.0 0.0 0.0 0.0 0.0 0.0 0.0 0.0 0.0 0.0 0.0 0.0 0.0 0.0
3.27826e-07 8.22544e-06 5.27501e-06 0.0 0.0 0.923833 0.0 0.0 2.98023e-07 0.000240535 0.0 0.0 0.0 0.0 0.0 0.0 0.0 4.38094e-06 0.0 0.0 0.0 0.999999 0.0 8.9407e-08 0.0 0.0 0.00786558 0.0 5.06639e-07 0.0 0.0 0.0 0.0 6.25849e-07 0.00015837 8.9407e-08 0.0 0.0 0.00257006 2.68221e-07 0.0 1.19209e-07 0.0 0.23792 0.0 0.0 0.0 1.46329e-05 1.40071e-06 0.0557635 0.999964 0.0 0.0 0.000490576 0.0 7.48038e-06 0.0 0.0 0.0 0.00210381 0.0 1.10269e-06 0.0 0.0
0.0 0.0 0.0 0.0 0.0 0.0 0.0 0.0 0.0 0.0 0.0 0.0 0.0 0.0 0.0 0.0 0.0 0.0 0.0 0.0 0.0 0.0 0.0 0.0 0.0 0.0 0.0 0.0 0.0 0.0 0.0 0.0 0.0 0.0 0.0 0.0 0.0 0.0 0.0 0.0 0.0 0.0 0.0 0.0 0.0 0.0 0.0 0.0 0.0 0.0 0.0 0.0 0.0 0.0 0.991062 0.0 0.0 0.0 0.0 0.0 0.0 0.0 0.0 0.0
8.40425e-06 8.9407e-08 1.2517e-06 0.0 0.0 6.55651e-06 0.0 0.0 0.0120693 0.0 3.57628e-07 0.0 0.0 0.0 0.0 0.0 0.0 0.0 0.0 0.0 0.0 0.00951442 0.0 0.0 0.0 0.0 2.98023e-06 0.0 0.000133276 0.0 0.0 0.0 0.0 0.00079295 2.98023e-08 2.76268e-05 0.0 0.0 6.16908e-06 3.82662e-05 0.0 0.0 0.0 0.0 0.99991 0.0 0.0 0.625208 0.00195301 1.19209e-07 1.78814e-07 0.0 0.0 4.17233e-07 0.0 0.000156164 0.0 1.49012e-07 0.0 2.98023e-07 0.0 3.99351e-06 0.0 0.0
0.0 0.0 0.0 0.0 0.0 0.0 0.0 0.0 0.0 0.0 0.0 0.0 0.0 0.0 0.0 0.0 0.0 0.0 0.0 0.0 0.0 0.0 0.0 0.0 0.0 0.0 0.0 0.0 0.0 0.0 0.0 0.0 0.999997 0.0 0.0 0.0 0.0 0.0 0.0 0.0 0.0 0.0 0.0 0.0 0.0 0.0 0.0 0.0 0.0 0.0 0.0 0.0 0.0 0.0 0.0 0.0 0.0 0.0 0.0 0.0 0.0 0.0 0.0 0.0
0.0 4.17233e-07 0.0 0.0 0.0 0.0 0.0 0.0 0.0 0.0 0.0 0.0 0.0 0.0 0.0 0.0 0.0 0.0 0.0 0.0 0.0 0.0 0.0 0.0 0.0 0.0 0.0 0.0 0.0 0.0 4.32134e-06 0.0 0.0 0.0 0.0 0.0 0.0 0.0 0.0 0.0 0.999974 0.0 0.0 0.0 0.0 0.0 0.0 0.0 0.0 0.0 0.0 0.0 0.0 0.0 0.0 0.0 0.0 0.0 0.0 0.0 0.0 0.0 0.0 0.0
0.0 0.0 0.0 0.0 0.0 0.0 0.0 0.0 0.0 0.0 0.0 0.0 0.0 1.01328e-06 0.00528184 0.0 0.0 0.0 0.0 2.11596e-06 0.0 0.0 0.071585 0.0 0.66765 0.0 0.0 0.0873714 0.0 0.0194938 0.0 0.0 0.0 0.0 0.0 0.0 3.57628e-07 0.0 0.0 0.0 0.0 0.0 0.0 0.0 0.0 0.970773 0.0 0.0 0.0 0.0 0.0 0.0 0.0 0.0 0.0 0.0 0.0 0.0 0.0 0.0 0.0 0.0 0.0 6.72042e-05
0.0 0.0 0.0 0.0 0.0 0.0 0.0 0.0 0.0 0.0 0.0 0.0 0.0 0.0 0.0 0.0 0.0 0.0 0.0 0.0 0.0 0.0 0.0 0.0 0.0 0.0 0.0 0.0 0.0 0.0 0.0 0.0 0.0 0.0 0.0 0.0 0.0 0.0 0.0 0.0 0.0 0.0 1.0 0.0 0.0 0.0 0.0 0.0 0.0 0.0 0.0 0.0 0.0 0.0 0.0 0.0 0.0 0.0 0.0 0.0 0.0 0.0 0.0 0.0
7 15 38 2 21 28 43 24 51 34 1 48 0 61 20 4 8 59 47 52 6 40 25 17 23 44 58 18 62 46 29 41 5 3 54 60 45 56 55 9 57 30 10 32 63 31 16 27 50 49 33 12 42 22 36 19 53 26 39 37 14 35 11 13
