8
1.54972e-06 0.907086 0.0 0.0 2.98023e-08 0.0193942 0.0 0.210549 0.0 0.0 0.0 0.0 0.0 0.0 0.0 0.838762 6.49691e-06 0.0 0.0372096 0.0 0.0 0.0 0.0 0.0 0.979192 0.0 0.0 0.0 0.0 0.0 0.0 0.0 0.0 0.0 0.00141281 2.78056e-05 0.0 0.0 0.0 0.0 0.234786 0.0 0.0 0.0 0.0 0.0 0.0 0.0 0.0 0.0 0.733819 0.5913 0.89205 0.0 0.9678 0.0 0.0 0.0 0.0 0.0 0.0296879 0.0 0.178787 0.0
0.0 0.0 0.0 0.997484 0.0 0.0 0.0 0.0 0.0 0.0 0.0 0.0 0.0 0.0 0.0 0.0 0.0 0.0 0.0 0.0 0.0 0.0 0.0 0.0 0.0 0.0 0.0 0.0 0.0 0.0 8.34465e-07 0.0 0.0 0.0 0.0 0.0 0.0 0.0 0.0 0.0 0.0 0.0 0.0 0.0 0.0 0.0 0.0 0.0 0.0 0.0 0.0 0.0 0.0 0.0 0.0 0.0 0.0 0.000764042 0.0 0.0 0.0 0.0 0.0 0.0
0.0 0.0 0.0 0.0 0.0 3.60608e-06 0.0 0.0 0.0 0.0 0.0 0.0 0.0 0.0 0.0 2.98023e-08 1.19209e-07 0.0 0.999248 0.0 0.0 0.0 0.0 0.0 5.96046e-08 0.0 0.0 0.0 0.0 0.0 0.0 0.0 0.0 2.98023e-07 0.0 8.9407e-08 1.19209e-07 0.0 0.0 0.0 1.34706e-05 0.0 0.0 0.0 0.0 0.986498 0.0 0.0 0.0 0.0 1.49012e-07 0.0 0.0 0.0 2.38419e-07 0.0 0.0 0.0 0.0 0.0 1.84774e-06 1.01328e-06 3.15905e-06 0.0
0.0 0.0 0.0 0.0 0.0 0.0 0.0 0.0 8.7887e-05 0.0 0.0 0.0 0.0 0.000654817 0.0 0.0 0.0 0.0 0.0 0.0 0.0 0.0 0.0 0.0 0.0 0.0 0.0 1.19209e-07 0.0 0.0 0.0 0.0 0.0 0.0 0.0 0.0 0.0 0.0 0.0 0.0 0.0 0.0 0.0 0.0 0.0 0.0 0.0 0.0 0.0 0.0 0.0 0.0 0.0 0.0 0.0 0.0 0.979531 0.0 0.0 0.0 0.0 0.0 0.0 0.0
0.0 0.0 0.0 0.0 0.0 0.0 0.0 0.0 0.0 0.0 0.0 0.0 0.0 0.0 0.0 0.0 0.0 0.0 0.0 0.0 0.0 0.0 0.0 0.0 0.0 0.0 0.0 0.0 0.0 0.0 0.989326 0.0 0.0 0.0 0.0 0.0 0.0 0.0 0.0 0.0 0.0 0.0 0.0 0.0 0.0 0.0 0.0 0.0 0.0 0.0 0.0 0.0 0.0 0.0 0.0 0.0 0.0 6.70552e-06 0.0 0.0 0.0 0.0 0.0 0.0
0.0 0.0 0.0 0.0 0.0 0.0 0.0 0.0 0.0 0.999056 0.0 0.0 0.0 0.0 0.0 0.0 0.0 0.0 0.0 0.0 0.0 0.0 0.0 0.0 0.0 0.0 0.0 0.0 0.0 0.0 0.0 0.0 0.0 0.0 0.0 0.0 0.0 0.0 0.0 0.0 0.0 0.0 0.0 0.0 0.0 0.0 0.0 0.0 0.0 0.0 0.0 0.0 0.0 0.0 0.0 0.0 0.0 0.0 0.0 0.0 0.0 0.0 0.0 0.0
0.0 0.0 0.0 0.0 0.0 0.0 8.9407e-08 0.0 0.0 0.0 0.0 0.0 0.0 0.0 0.0 0.0 0.0 0.0 0.0 0.0 0.0 0.0 0.0 0.0 0.0 0.0 0.0 0.0 0.0 0.0 0.0 0.0 0.0 0.0 0.0 0.0 0.0 0.0 0.0 1.19209e-07 0.0 0.0 0.0 0.0 0.983513 0.0 0.0 0.0 0.0 0.0 0.0 0.0 0.0 0.0 0.0 0.0 0.0 0.0 0.0 0.0 0.0 0.0 0.0 0.0
0.0102056 0.00534499 0.0 0.0 0.0 0.997015 0.0 0.00144953 0.0 0.0 0.0 3.54648e-06 2.78354e-05 0.0 0.0 0.12073 0.375292 0.0 0.998787 0.0 0.0 0.0 0.0 0.0 0.135558 0.0 0.0 0.0 0.0 8.9407e-08 0.0 0.0 0.0 3.02196e-05 0.0272841 0.659925 0.0 3.8743e-07 0.0 0.0 0.989897 0.0 0.0 0.0 0.0 3.9041e-06 0.0 0.0 0.0 0.0 0.0166268 0.000398397 0.0102861 0.0 0.406321 0.00109914 0.0 0.0 0.0 0.0 0.978078 0.0 0.996309 0.0
0.0 0.0 0.0 0.0 0.0 0.0 0.0 0.0 0.0 0.0 0.0 0.0 0.0 0.0 0.0 0.0 0.0 0.0 0.0 0.0 0.0 0.0 0.0 0.0 0.0 0.0 0.0 0.0 0.0 0.0 0.0 0.0 0.0 0.0 0.0 0.0 0.0 0.0 0.0 0.0 0.0 0.0 0.0 0.0 0.0 0.0 0.0 0.0 0.99981 0.0 0.0 0.0 0.0 0.0 0.0 0.0 0.0 0.0 0.0 0.0 0.0 0.0 0.0 0.0
0.0 0.0 0.0 0.0 0.0 2.38419e-06 0.0 0.0 0.0 0.0 0.0 1.74046e-05 0.049414 0.0 0.0 0.0 0.0 0.0 0.233658 0.0 0.0 0.0 0.0 0.0 0.0 0.0 0.0 0.0 0.0 0.940886 0.0 0.0 0.0 0.0 1.78814e-07 0.0 1.40667e-05 2.98023e-08 0.0 0.0 0.0 4.17233e-07 0.0 0.0 0.0 0.0 0.0 0.0 0.0 4.84884e-05 0.0 0.0 0.0 0.0 0.0 1.84774e-06 0.0 0.0 0.0 0.0109753 5.96046e-08 0.0 0.0 3.57628e-07
0.0 0.0 0.0 0.0 0.0 0.0 0.0 0.0 0.0 0.0 0.000174165 0.0 0.0 0.0 0.992888 0.0 0.0 0.000975877 0.0 0.0 0.0 0.0 0.0 0.0 0.0 0.0 0.0 0.0 0.0 0.0 0.0 0.000172645 0.0 0.0 0.0 0.0 0.0 0.0 5.96046e-08 0.0 0.0 0.0 0.0 0.0 0.0 0.0 0.000148118 0.0 0.0 0.0 0.0 0.0 0.0 0.0 0.0 0.0 0.0 0.0 0.0 0.0 0.0 0.0 0.0 0.0
0.0 0.0 0.0 0.0 0.0 0.0 0.0 0.0 0.0 0.0 1.67787e-05 0.0 0.0 0.0 0.0 0.0 0.0 0.000117809 0.0 0.0 0.0 0.0 0.0 0.0 0.0 0.0 0.998149 0.0 0.0 0.0 0.0 0.00158486 0.0 0.0 0.0 0.0 0.0 0.0 9.23872e-07 0.0 0.0 0.0 0.0 0.0 0.0 0.0 2.98023e-08 0.0 0.0 0.0 0.0 0.0 0.0 0.0 0.0 0.0 0.0 0.0 0.0 0.0 0.0 0.0 0.0 0.0
0.0 0.0 0.0 0.0 0.0 0.0 0.0 0.0 0.0 0.0 0.0 5.36442e-07 3.27826e-07 0.0 0.0 0.0 0.0 0.0 0.999999 0.0 0.0 0.0 0.00135651 5.96046e-08 0.0 0.0 0.0 0.0 0.0 0.0 0.0 0.0 0.0 1.05798e-05 0.0 0.0 0.671797 0.000124216 0.0 0.0 0.0 0.0 0.0 0.0 0.0 0.0 0.0 0.0 0.0 0.0 0.0 0.0 0.0 0.0 0.0 2.38419e-07 0.0 0.0 0.0 8.04663e-07 0.0 0.981103 0.0 0.00447521
0.97397 0.0 0.0 0.0 0.0 0.056654 0.0 1.19209e-07 0.0 0.0 0.0 0.000427336 0.000162512 0.0 0.0 5.96046e-08 0.584262 0.0 0.999998 0.0 0.0 0.0 0.0 0.0 7.15256e-07 0.0 0.0 0.0 0.0 0.0 0.0 0.0 0.0 0.475626 4.47035e-07 0.00847137 9.23872e-07 0.00126767 0.0 0.0 5.64456e-05 0.0 0.0 0.0 0.0 1.13249e-06 0.0 0.0 0.0 0.0 0.0 0.0 0.0 0.0 1.19209e-07 1.52886e-05 0.0 0.0 0.0 7.86781e-06 0.000132114 1.2219e-06 0.000160813 0.0
0.0 0.0 0.0 0.0 0.0 0.0 2.98023e-08 0.0 0.0 0.0 7.18236e-06 0.0 0.0 0.0 0.000754178 0.0 0.0 1.96695e-06 0.0 0.0 0.0 0.0 0.0 0.0 0.0 0.0 0.0 0.0 0.0 0.0 0.0 0.000338256 0.0 0.0 0.0 0.0 0.0 0.0 8.9407e-08 0.0 0.0 0.0 0.0 0.0 0.0 0.0 0.996732 0.0 0.0 0.0 0.0 0.0 0.0 0.0 0.0 0.0 0.0 0.0 0.0 0.0 0.0 0.0 0.0 0.0
7.86781e-06 0.90532 0.0 0.0 0.0 0.0173348 0.0 0.0129294 0.0 0.0 0.0 0.0 0.0 0.0 0.0 0.413604 6.91414e-06 0.0 0.0310259 0.0 0.0 0.0 0.0 0.0 0.970236 0.0 0.0 0.0 0.0 0.0 0.0 0.0 0.0 0.0 0.00463483 1.95205e-05 0.0 0.0 0.0 0.0 0.126933 0.0 0.0 0.0 0.0 0.0 0.0 0.0 0.0 0.0 0.398342 0.355213 0.985232 0.0 0.876219 0.0 0.0 0.0 0.0 0.0 0.0672856 0.0 0.108609 0.0
0.0 7.7486e-07 0.0 0.0 0.0 0.0 0.0 5.96046e-08 0.0 0.0 0.0 0.0 0.0 0.0 0.0 0.0 0.0 0.0 0.0 0.0 0.0 0.0 0.0 0.0 0.00039497 0.0 0.0 0.0 0.0 0.0 0.0 0.0 0.0 0.0 0.0 0.0 0.0 0.0 0.0 0.0 0.0 0.0 0.0 0.0 0.0 0.0 0.0 0.0 0.0 0.0 8.9407e-08 4.76837e-07 1.19209e-07 0.0 0.0 0.0 0.0 0.0 0.0 0.0 0.0 0.0 0.0 0.0
0.0 0.0 0.0 0.0 0.0 0.0 0.0 0.0 0.0 0.0 0.0 0.0 0.0 0.0 0.0 0.0 0.0 0.0 0.0 0.0 0.0 0.0 0.0 0.0 0.0 1.2815e-06 0.0 0.0 0.0 0.0 0.0 0.0 0.0 0.0 0.0 0.0 0.0 0.0 0.0 0.0 0.0 0.0 0.0 0.0 0.0 0.0 0.0 0.0 0.0 0.0 0.0 0.0 0.0 0.998304 0.0 0.0 0.0 0.0 0.0 0.0 0.0 0.0 0.0 0.0
0.0 0.0 0.0 0.0 0.0 0.0 0.0 0.0 0.0 0.0 0.0 0.0 0.0 0.964127 0.0 0.0 0.0 0.0 0.0 0.0 0.0 0.0 0.0 0.0 0.0 0.0 0.0 8.37445e-06 0.0 0.0 0.0 0.0 0.0 0.0 0.0 0.0 0.0 0.0 0.0 0.0 0.0 0.0 0.0 0.0 0.0 0.0 0.0 0.0 0.0 0.0 0.0 0.0 0.0 0.0 0.0 0.0 0.000626147 0.0 0.0 0.0 0.0 0.0 0.0 0.0
0.0 0.0 0.0 0.0 0.000787079 1.3411e-06 0.0 0.0 0.0 0.0 0.0 5.96046e-08 5.96046e-08 0.0 0.0 0.0 0.0 0.0 0.000201464 4.17233e-07 0.0 0.0 0.0 0.0 0.0 0.0 0.0 0.0 0.0 3.1352e-05 0.0 0.0 0.0 0.0 6.55651e-07 0.0 0.0 0.0 0.0 0.0 0.0 0.981605 4.67896e-06 0.0 0.0 0.0 0.0 0.0 0.0 1.78814e-07 0.0 0.0 0.0 0.0 0.0 5.96046e-08 0.0 0.0 0.0 2.44379e-06 2.68221e-07 0.0 1.19209e-07 0.0
0.0 0.0 0.999928 0.0 0.0 0.0 0.0 0.0 0.0 0.0 0.0 0.0 0.0 0.0 0.0 0.0 0.0 0.0 0.0 0.0 0.0 0.0 0.0 0.0 0.0 0.0 0.0 0.0 0.0 0.0 0.0 0.0 0.0 0.0 0.0 0.0 0.0 0.0 0.0 0.0 0.0 0.0 0.0 0.0 0.0 0.0 0.0 0.0 0.0 0.0 0.0 0.0 0.0 0.0 0.0 0.0 0.0 0.0 0.0 0.0 0.0 0.0 0.0 0.0
0.0 0.0 0.0 0.0 0.0 0.0 0.0 0.0 0.0 0.0 0.0 0.0 0.0 0.000111818 0.0 0.0 0.0 0.0 0.0 0.0 0.0 0.0 0.0 0.0 0.0 0.0 0.0 0.990044 0.0 0.0 0.0 0.0 0.0 0.0 0.0 0.0 0.0 0.0 0.0 0.0 0.0 0.0 0.0 0.0 0.0 0.0 0.0 0.0 0.0 0.0 0.0 0.0 0.0 0.0 0.0 0.0 8.9407e-08 0.0 0.0 0.0 0.0 0.0 0.0 0.0
0.0 0.0 0.0 0.0 0.0 0.0 0.0 0.0 0.0 0.0 0.0 0.0 0.0 0.0 0.0 0.0 0.0 0.0 0.0 0.0 0.0 0.0 0.0 0.0 0.0 0.999886 0.0 0.0 0.0 0.0 0.0 0.0 2.98023e-08 0.0 0.0 0.0 0.0 0.0 0.0 0.0 0.0 0.0 0.0 0.0 0.0 0.0 0.0 0.0 0.0 0.0 0.0 0.0 0.0 4.73857e-06 0.0 0.0 0.0 0.0 0.0 0.0 0.0 0.0 0.0 0.0
0.0 0.0163185 0.0 0.0 0.000304282 0.0101617 0.0 5.6982e-05 0.0 0.0 0.0 0.0 0.0 0.0 0.0 0.0267359 0.0 0.0 0.166613 0.0 0.0 0.0 0.0 0.0 0.0343314 0.0 0.0 0.0 0.0 8.9407e-08 0.0 0.0 0.0 0.0 0.0138527 1.49012e-07 0.0 0.0 0.0 0.0 0.000529975 0.0 0.0 0.0 0.0 0.0 0.0 0.0 0.0 1.84774e-06 0.883031 0.0820257 0.00922826 0.0 0.0679177 0.0 0.0 0.0 0.0 0.0 0.0112857 0.0 0.000619262 0.0
0.0 0.0 0.0 0.0 1.94907e-05 5.96046e-08 0.0 0.0 0.0 0.0 0.0 0.0 0.0 0.0 0.0 0.0 0.0 0.0 4.47035e-07 0.0 0.0 0.0 0.0 0.0 0.0 0.0 0.0 0.0 0.0 0.0 0.0 0.0 0.0 0.0 2.98023e-08 0.0 0.0 0.0 0.0 0.0 0.0 0.001335 0.999009 0.0 0.0 0.0 0.0 0.0 0.0 0.0 0.0 0.0 0.0 0.0 0.0 0.0 0.0 0.0 0.0 0.0 0.0 0.0 0.0 0.0
0.0 0.0 0.0 0.0 0.0 0.0 0.0 0.0 0.984596 0.0 2.08616e-07 0.0 0.0 0.0 0.0 0.0 0.0 0.0 0.0 0.0 0.0 0.0 0.0 0.0 0.0 0.0 0.0 0.0 0.0 0.0 0.0 0.0 0.0 0.0 0.0 0.0 0.0 0.0 0.0 0.0 0.0 0.0 0.0 0.0 0.0 0.0 0.0 0.0 0.0 0.0 0.0 0.0 0.0 0.0 0.0 0.0 5.1558e-06 0.0 0.0 0.0 0.0 0.0 0.0 0.0
0.0 0.0 0.0 0.0 0.0 0.0 0.0 0.0 0.0 0.0 0.000296265 0.0 0.0 0.0 9.97186e-05 0.0 0.0 0.994869 0.0 0.0 0.0 0.0 0.0 0.0 0.0 0.0 3.86536e-05 0.0 0.0 0.0 0.0 0.0325875 0.0 0.0 0.0 0.0 0.0 0.0 3.91901e-05 0.0 0.0 0.0 0.0 0.0 0.0 0.0 8.9407e-07 0.0 0.0 0.0 0.0 0.0 0.0 0.0 0.0 0.0 0.0 0.0 0.0 0.0 0.0 0.0 0.0 0.0
0.0 0.0 0.0 0.0 0.0 0.0 0.0 0.0 0.0 0.0 0.990746 0.0 0.0 0.0 6.4522e-05 0.0 0.0 0.00231925 0.0 0.0 0.0 0.0 0.0 0.0 0.0 0.0 8.64267e-06 0.0 0.0 0.0 0.0 0.000211269 0.0 0.0 0.0 0.0 0.0 0.0 0.0 0.0 0.0 0.0 0.0 0.0 0.0 0.0 0.000434488 0.0 0.0 0.0 0.0 0.0 0.0 0.0 0.0 0.0 0.0 0.0 0.0 0.0 0.0 0.0 0.0 0.0
0.0 0.0 0.0 0.0 0.0 0.0 0.0 0.0 0.0 0.0 0.0 0.0 0.0 0.0 0.0 0.0 0.0 0.0 0.0 0.0 0.0 0.0 2.08318e-05 0.0 0.0 0.0 0.0 0.0 0.0 0.0 0.0 0.0 0.0 0.0 0.0 0.0 0.0 0.0 0.0 0.0 0.0 0.0 0.0 0.0 0.0 0.0 0.0 0.0 0.0 0.0 0.0 0.0 0.0 0.0 0.0 0.0 0.0 0.0 0.988655 0.0 0.0 0.0 0.0 0.0
1.45137e-05 0.951873 0.0 0.0 0.0 0.0526187 0.0 0.230266 0.0 0.0 0.0 0.0 0.0 0.0 0.0 0.388405 2.31564e-05 0.0 0.0376906 0.0 0.0 0.0 0.0 0.0 0.996683 0.0 0.0 0.0 0.0 0.0 0.0 0.0 0.0 0.0 0.000353396 7.50124e-05 0.0 0.0 0.0 0.0 0.84868 0.0 0.0 0.0 0.0 0.0 0.0 0.0 0.0 0.0 0.0713917 0.00521734 0.734993 0.0 0.943175 8.9407e-08 0.0 0.0 0.0 0.0 0.0510511 0.0 0.211189 0.0
0.0 0.0 0.0 0.0 0.0 0.0 0.0 0.0 0.0 0.0 0.0 0.0 0.0 0.0 0.0 0.0 0.0 0.0 0.0 0.0 0.0 0.0 0.0 0.0 0.0 0.0 0.0 0.0 0.0 0.0 0.0 0.0 0.0 0.0 0.0 0.0 0.0 0.0 0.0 0.0 0.0 0.0 0.0 0.0 0.0 0.0 0.0 0.0 0.0 0.0 0.0 0.0 0.0 0.0 0.0 0.0 0.0 7.12276e-06 0.0 0.0 0.0 0.0 0.0 0.0
0.0 0.0317497 0.0 0.0 1.19209e-07 5.1856e-06 0.0 0.0001975 0.0 0.0 0.0 0.0 0.0 0.0 0.0 0.00298807 0.0 0.0 0.000703871 0.0 0.0 0.0 0.0 0.0 0.134078 0.0 0.0 0.0 0.0 0.0 0.0 0.0 0.0 0.0 1.01626e-05 0.0 0.0 0.0 0.0 0.0 0.000184178 0.0 0.0 0.0 0.0 0.0 0.0 0.0 0.0 0.0 0.596851 0.245063 0.0143535 0.0 0.0242499 0.0 0.0 0.0 0.0 0.0 5.87702e-05 0.0 2.5779e-05 0.0
0.0 0.0 0.0 0.0 0.0 0.0 0.0 0.0 0.0 0.0 0.00142476 0.0 0.0 0.0 0.000726074 0.0 0.0 0.601332 0.0 0.0 0.0 0.0 0.0 0.0 0.0 0.0 0.000460744 0.0 0.0 0.0 0.0 0.999596 0.0 0.0 0.0 0.0 0.0 0.0 0.000321954 2.98023e-08 0.0 0.0 0.0 0.0 0.0 0.0 0.00291443 0.0 0.0 0.0 0.0 0.0 0.0 0.0 0.0 0.0 0.0 0.0 0.0 0.0 0.0 0.0 0.0 0.0
1.12951e-05 0.0 0.0 0.0 0.0 0.767329 0.0 0.0 0.0 0.0 0.0 0.158158 0.852249 0.0 0.0 0.0 0.00722259 0.0 0.999976 0.0 0.0 0.0 0.0 0.00247002 0.0 0.0 0.0 0.0 0.0 0.000263423 0.0 0.0 0.0 0.00255257 0.000122815 0.109287 1.18017e-05 0.0441405 0.0 0.0 1.58846e-05 0.0 0.0 0.0 0.0 0.0 0.0 0.0 0.0 0.0 5.96046e-08 0.0 0.0 0.0 0.0 0.987252 0.0 0.0 0.0 0.00120467 0.000385046 5.96046e-07 4.86672e-05 5.36442e-07
0.0 0.0 0.0 0.0 6.75321e-05 0.0 0.0 0.0 0.0 0.0 0.0 0.0 1.49012e-07 0.0 0.0 0.0 0.0 0.0 5.96046e-08 0.0 0.0 0.0 0.0 0.0 0.0 0.0 0.0 0.0 0.0 9.05097e-05 0.0 0.0 0.0 0.0 0.0 0.0 0.0 0.0 0.0 0.0 0.0 0.0 0.0 0.0 0.0 0.0 0.0 0.0 0.0 0.988076 2.98023e-08 0.0 0.0 0.0 0.0 0.0 0.0 0.0 0.0 8.9407e-08 0.0 0.0 0.0 0.0
0.000327766 0.00288334 0.0 0.0 0.0 0.954553 0.0 0.0281138 0.0 0.0 0.0 1.04308e-06 4.91738e-06 0.0 0.0 0.0092935 0.0978313 0.0 0.985684 0.0 0.0 0.0 0.0 5.96046e-08 0.468727 0.0 0.0 0.0 0.0 0.0 0.0 0.0 0.0 6.73532e-06 0.000246018 0.0714493 0.0 2.38419e-07 0.0 0.0 0.997824 0.0 0.0 0.0 0.0 2.44379e-06 0.0 0.0 0.0 0.0 0.00141042 4.76837e-06 0.000654906 0.0 0.198085 0.000252277 0.0 0.0 0.0 0.0 0.315578 0.0 0.845725 0.0
0.0 0.0 0.0 0.0 0.0 0.0 0.0 0.0 0.0 0.0 0.0 0.000146359 3.51667e-06 0.0 0.0 0.0 0.0 0.0 0.999 0.0 0.0 0.0 0.0224479 1.19209e-07 0.0 0.0 0.0 0.0 0.0 0.0 0.0 0.0 0.0 2.98023e-07 0.0 0.0 0.997288 0.000115335 0.0 0.0 0.0 0.0 0.0 0.0 0.0 0.0 0.0 0.0 0.0 0.0 0.0 0.0 0.0 0.0 0.0 0.0 0.0 0.0 0.0 0.0486214 0.0 0.0010303 0.0 0.983533
0.00719646 0.0 0.0 0.0 0.0 0.00619981 0.0 0.0 0.0 0.0 0.0 0.00740966 0.00315946 0.0 0.0 0.0 0.0416252 0.0 1.0 0.0 0.0 0.0 0.0 1.01328e-06 0.0 0.0 0.0 0.0 0.0 0.0 0.0 0.0 0.0 0.986659 8.9407e-08 0.00176653 0.000736862 0.560025 0.0 0.0 2.38419e-07 0.0 0.0 0.0 0.0 3.9041e-06 0.0 0.0 0.0 0.0 0.0 0.0 0.0 0.0 0.0 0.00194082 0.0 0.0 0.0 0.000287533 2.6226e-06 0.00206265 9.53674e-07 4.62532e-05
0.0 0.0 0.0 0.0 0.0 0.0 0.998969 0.0 0.0 0.0 0.0 0.0 0.0 0.0 0.0 0.0 0.0 0.0 0.0 0.0 0.0 0.0 0.0 0.0 0.0 0.0 0.0 0.0 0.0 0.0 0.0 0.0 1.49012e-07 0.0 0.0 0.0 0.0 0.0 0.0 0.0 0.0 0.0 0.0 0.0 1.78814e-07 0.0 0.0 0.0 0.0 0.0 0.0 0.0 0.0 0.0 0.0 0.0 0.0 0.0 0.0 0.0 0.0 0.0 0.0 0.0
8.13603e-06 0.000366658 0.0 0.0 0.0 2.20537e-05 0.0 0.0140175 0.0 0.0 0.0 0.0 0.0 0.0 0.0 1.19209e-06 7.7486e-07 0.0 0.894897 0.0 0.0 0.0 0.0 0.0 0.267621 0.0 0.0 0.0 0.0 0.0 0.0 0.0 0.0 3.57628e-07 0.0 2.38419e-07 0.0 0.0 0.0 0.0 0.00329244 0.0 0.0 0.0 0.0 0.000482172 0.0 0.0 0.0 0.0 3.57628e-07 2.08616e-07 2.46465e-05 0.0 3.52263e-05 0.0 0.0 0.0 0.0 0.0 8.34465e-07 0.0 6.07967e-06 0.0
0.0 0.0 0.0 0.0 0.0 0.0 0.0 0.0 0.0 0.0 0.0 0.0 0.0 0.0 0.0 0.0 0.0 0.0 0.0 0.0 0.0 0.0 0.0 0.0 0.0 0.0 0.0 0.0 1.78814e-07 0.0 0.0 0.0 0.0 0.0 0.0 0.0 0.0 0.0 0.0 0.998706 0.0 0.0 0.0 0.0 0.0 0.0 0.0 0.0 0.0 0.0 0.0 0.0 0.0 0.0 0.0 0.0 0.0 0.0 0.0 0.0 0.0 0.0 0.0 0.0
0.0 0.0 0.0 0.0 0.0 0.0 0.0 0.0 0.0 0.0 0.0 0.0 0.0 0.0 0.0 0.0 0.0 0.0 0.0 0.0 0.0 0.0 0.0 0.0 0.0 0.0 0.0 0.0 0.0 0.0 0.0 0.0 0.0 0.0 0.0 0.0 0.0 0.0 0.0 0.0 0.0 0.0 0.0 0.0 0.0 0.0 0.0 0.999787 0.0 0.0 0.0 0.0 0.0 0.0 0.0 0.0 0.0 0.0 0.0 0.0 0.0 0.0 0.0 0.0
4.47035e-07 0.0793047 0.0 0.0 2.86102e-06 0.0236697 0.0 0.00011012 0.0 0.0 0.0 0.0 0.0 0.0 0.0 0.703109 2.77162e-06 0.0 0.156793 0.0 0.0 0.0 0.0 0.0 0.0777559 0.0 0.0 0.0 0.0 0.0 0.0 0.0 0.0 0.0 0.105778 7.52211e-05 0.0 0.0 0.0 0.0 0.00165814 0.0 0.0 0.0 0.0 0.0 0.0 0.0 0.0 0.0 0.994207 0.981314 0.624142 0.0 0.264753 0.0 0.0 0.0 0.0 0.0 0.0781954 0.0 0.026028 0.0
0.0 0.0 0.0 0.0 0.0 0.0 0.0 0.0 0.0 0.0 0.0 0.0 0.0 0.0 0.0 0.0 0.0 0.0 0.0 0.0 0.0 0.982452 0.0 0.0 0.0 0.0 0.0 0.0 0.0 0.0 0.0 0.0 0.0 0.0 0.0 0.0 0.0 0.0 0.0 0.0 0.0 0.0 0.0 0.0 0.0 0.0 0.0 0.0 0.0 0.0 0.0 0.0 0.0 0.0 0.0 0.0 0.0 0.0 0.0 0.0 0.0 0.0 0.0 0.0
0.742049 0.0 0.0 0.0 0.0 0.988526 0.0 1.78814e-07 0.0 0.0 0.0 0.00998935 0.0346497 0.0 0.0 5.54323e-06 0.994806 0.0 0.999995 0.0 0.0 0.0 0.0 1.19209e-07 3.15905e-06 0.0 0.0 0.0 0.0 3.8743e-07 0.0 0.0 0.0 0.295751 0.00114986 0.70471 1.49012e-07 0.012063 0.0 0.0 0.0355952 0.0 0.0 0.0 0.0 1.13249e-06 0.0 0.0 0.0 0.0 1.66893e-06 2.98023e-08 1.49012e-07 0.0 1.15931e-05 0.0607384 0.0 0.0 0.0 1.64509e-05 0.279759 2.38419e-07 0.112508 0.0
0.735262 4.02033e-05 0.0 0.0 0.0 0.0475185 0.0 0.00391999 0.0 0.0 0.0 1.43945e-05 5.03659e-06 0.0 0.0 2.98023e-06 0.095413 0.0 0.999742 0.0 0.0 0.0 0.0 0.0 0.0204103 0.0 0.0 0.0 0.0 0.0 0.0 0.0 0.0 0.0118877 2.98023e-08 0.00178257 0.0 1.61827e-05 0.0 0.0 0.0860707 0.0 0.0 0.0 0.0 2.35438e-06 0.0 0.0 0.0 0.0 1.49012e-07 1.19209e-07 5.43892e-05 0.0 5.27203e-05 1.19209e-06 0.0 0.0 0.0 5.96046e-08 0.000509113 0.0 0.00225556 0.0
0.0 0.0 0.0 0.0 0.0 0.0 2.38419e-07 0.0 0.0 0.0 0.0 0.0 0.0 0.0 0.0 0.0 0.0 0.0 0.0 0.0 0.0 0.0 0.0 0.0 0.0 0.0 0.0 0.0 0.0 0.0 0.0 0.0 0.999944 0.0 0.0 0.0 0.0 0.0 0.0 0.0 0.0 0.0 0.0 0.0 0.0 0.0 0.0 0.0 0.0 0.0 0.0 0.0 0.0 0.0 0.0 0.0 0.0 0.0 0.0 0.0 0.0 0.0 0.0 0.0
0.0 0.0 0.0 0.0 0.0 0.0 0.0 0.0 0.0 0.0 0.0 0.0 0.0 0.0 0.0 0.0 0.0 0.0 0.0 0.0 0.995057 0.0 0.0 0.0 0.0 0.0 0.0 0.0 0.0 0.0 0.0 0.0 0.0 0.0 0.0 0.0 0.0 0.0 0.0 0.0 0.0 0.0 0.0 0.0 0.0 0.0 0.0 0.0 0.0 0.0 0.0 0.0 0.0 0.0 0.0 0.0 0.0 0.0 0.0 0.0 0.0 0.0 0.0 0.0
0.0 0.0 0.0 0.0 0.0 0.0 0.0 0.0 0.0 0.0 0.0 0.0 0.0 0.0 2.68221e-07 0.0 0.0 5.77867e-05 0.0 0.0 0.0 0.0 0.0 0.0 0.0 0.0 2.08616e-07 0.0 0.0 0.0 0.0 6.58631e-06 0.0 0.0 0.0 0.0 0.0 0.0 0.995533 0.0 0.0 0.0 0.0 0.0 0.0 0.0 0.0 0.0 0.0 0.0 0.0 0.0 0.0 0.0 0.0 0.0 0.0 0.0 0.0 0.0 0.0 0.0 0.0 0.0
0.0 0.0 0.0 0.0 0.996621 7.98702e-06 0.0 0.0 0.0 0.0 0.0 0.0 0.0 0.0 0.0 2.5034e-06 0.0 0.0 0.000172853 0.0 0.0 0.0 0.0 0.0 0.0 0.0 0.0 0.0 0.0 3.57628e-07 0.0 0.0 0.0 0.0 9.498e-05 0.0 0.0 0.0 0.0 0.0 0.0 0.0118176 4.73857e-06 0.0 0.0 0.0 0.0 0.0 0.0 0.000434339 0.00039646 4.94719e-06 2.08616e-07 0.0 8.9407e-08 0.0 0.0 0.0 0.0 0.0 1.40071e-06 0.0 1.49012e-07 0.0
2.35438e-06 5.1856e-06 0.0 0.0 3.99351e-06 0.943732 0.0 0.0 0.0 0.0 0.0 1.78814e-06 3.24547e-05 0.0 0.0 0.00988784 0.00061059 0.0 0.999082 0.0 0.0 0.0 0.0 8.9407e-08 9.38773e-06 0.0 0.0 0.0 0.0 0.000692457 0.0 0.0 0.0 6.85453e-07 0.986279 0.0198819 0.0 4.76837e-07 0.0 0.0 0.000270098 1.78814e-07 0.0 0.0 0.0 0.0 0.0 0.0 0.0 2.98023e-08 0.0872392 0.000442594 0.000285506 0.0 0.000712693 0.000958949 0.0 0.0 0.0 0.0 0.89472 0.0 0.0653892 0.0
1.78814e-07 0.0743518 0.0 0.0 4.52995e-06 0.504353 0.0 0.000158846 0.0 0.0 0.0 0.0 1.19209e-07 0.0 0.0 0.711948 2.26796e-05 0.0 0.641569 0.0 0.0 0.0 0.0 0.0 0.0663111 0.0 0.0 0.0 0.0 1.13249e-06 0.0 0.0 0.0 0.0 0.61563 0.00042969 0.0 0.0 0.0 0.0 0.0369858 0.0 0.0 0.0 0.0 0.0 0.0 0.0 0.0 0.0 0.980933 0.756343 0.139276 0.0 0.634544 7.15256e-07 0.0 0.0 0.0 0.0 0.56537 0.0 0.28427 0.0
0.000363618 0.000368178 0.0 0.0 8.9407e-08 0.997078 0.0 1.19209e-06 0.0 0.0 0.0 4.41074e-06 9.0301e-05 0.0 0.0 0.145589 0.0775564 0.0 0.999234 0.0 0.0 0.0 0.0 0.0 0.00275657 0.0 0.0 0.0 0.0 1.08182e-05 0.0 0.0 0.0 1.63913e-05 0.810907 0.533906 0.0 1.3113e-06 0.0 0.0 0.407768 1.49012e-07 0.0 0.0 0.0 1.78814e-07 0.0 0.0 0.0 0.0 0.225735 0.000945121 0.00439513 0.0 0.0751458 0.00144875 0.0 0.0 0.0 0.0 0.997843 0.0 0.958262 0.0
0.0 0.0 0.0 0.0 0.0 0.0 0.0 0.0 1.2517e-06 0.0 0.0 0.0 0.0 0.0 0.0 0.0 0.0 5.06639e-07 0.0 0.0 0.0 0.0 0.0 0.0 0.0 0.0 0.0 0.0 0.0 0.0 0.0 0.0 0.0 0.0 0.0 0.0 0.0 0.0 0.0 5.96046e-08 0.0 0.0 0.0 0.0 0.0 0.0 2.98023e-08 0.0 0.0 0.0 0.0 0.0 0.0 0.0 0.0 0.0 0.0 0.0 0.0 0.0 0.0 0.0 0.0 0.0
1.80304e-05 0.0 0.0 0.0 0.0 0.06436 0.0 0.0 0.0 0.0 0.0 0.992946 0.594921 0.0 0.0 0.0 0.000311881 0.0 0.999991 7.15256e-07 0.0 0.0 8.9407e-08 4.52995e-06 0.0 0.0 0.0 0.0 0.0 4.38392e-05 0.0 0.0 0.0 0.00198159 1.78814e-07 0.000448197 0.0117132 0.707189 0.0 0.0 0.0 0.0 0.0 0.0 0.0 0.0 0.0 0.0 0.0 0.0 0.0 0.0 0.0 0.0 0.0 0.0767214 0.0 0.0 0.0 0.589596 8.64267e-07 3.9041e-06 5.96046e-08 0.00219494
0.00162938 0.0 0.0 0.0 0.0 0.998372 0.0 1.19209e-07 0.0 0.0 0.0 0.00469989 0.0318871 0.0 0.0 0.000389636 0.3315 0.0 0.999986 0.0 0.0 0.0 0.0 5.126e-06 3.69549e-06 0.0 0.0 0.0 0.0 1.40071e-06 0.0 0.0 0.0 0.00255498 0.0483997 0.979753 0.0 0.00116962 0.0 0.0 0.0363376 2.98023e-08 0.0 0.0 0.0 1.19209e-07 0.0 0.0 0.0 0.0 9.42647e-05 1.78814e-07 1.78814e-07 0.0 1.75834e-05 0.525222 0.0 0.0 0.0 1.66893e-06 0.660715 0.0 0.308298 0.0
0.0 0.0 0.0 0.0 0.0 0.0 0.0 0.0 0.0 0.0 0.0 0.0 0.0 0.0 0.0 0.0 0.0 0.0 0.0 0.0 0.0 0.0 0.0 0.0 0.0 0.0 0.0 0.0 0.999914 0.0 0.0 0.0 0.0 0.0 0.0 0.0 0.0 0.0 0.0 0.0 0.0 0.0 0.0 0.0 0.0 0.0 0.0 0.0 0.0 0.0 0.0 0.0 0.0 0.0 0.0 0.0 0.0 0.0 0.0 0.0 0.0 0.0 0.0 0.0
0.0 0.0 0.0 0.0 0.0 0.0 0.0 0.0 0.0 0.0 0.0 0.0 5.19454e-05 0.0 0.0 0.0 0.0 0.0 4.26471e-05 0.986279 0.0 0.0 0.000212967 0.0 0.0 0.0 0.0 0.0 0.0 0.0 0.0 0.0 0.0 0.0 0.0 0.0 1.78814e-07 0.0 0.0 0.0 0.0 0.0 0.0 0.0 0.0 0.0 0.0 0.0 0.0 0.0 0.0 0.0 0.0 0.0 0.0 0.0 0.0 0.0 0.0 0.0168509 0.0 0.0 0.0 2.98023e-08
0.0 0.0 0.0 0.0 0.0 0.0 0.0 0.0 0.0 0.0 0.0 0.0 0.0 0.0 0.0 0.0 0.0 0.0 0.000350028 0.0 0.0 0.0 1.78814e-07 0.0 0.0 0.0 0.0 0.0 0.0 0.0 0.0 0.0 0.0 0.0 0.0 0.0 3.17693e-05 0.0 0.0 0.0 0.0 0.0 0.0 0.0 0.0 0.0 0.0 0.0 0.0 0.0 0.0 0.0 0.0 0.0 0.0 0.0 0.0 0.0 0.0 0.0 0.0 0.0 0.0 0.0
0.0 0.0 0.0 4.47035e-06 0.0 0.0 0.0 0.0 0.0 0.0 0.0 0.0 0.0 0.0 0.0 0.0 0.0 0.0 0.0 0.0 0.0 0.0 0.0 0.0 0.0 0.0 0.0 0.0 0.0 0.0 1.78814e-07 0.0 0.0 0.0 0.0 0.0 0.0 0.0 0.0 0.0 0.0 0.0 0.0 0.0 0.0 0.0 0.0 0.0 0.0 0.0 0.0 0.0 0.0 0.0 0.0 0.0 0.0 0.997374 0.0 0.0 0.0 0.0 0.0 0.0
0.0 0.0 0.0 0.0 0.0 5.99027e-06 0.0 0.0 0.0 0.0 0.0 9.53674e-07 0.00447953 0.0 0.0 0.0 0.0 0.0 0.792514 0.0 0.0 0.0 0.0 0.99987 0.0 0.0 0.0 0.0 0.0 6.25849e-07 0.0 0.0 0.0 1.19209e-07 0.0 2.98023e-08 1.21593e-05 1.3113e-06 0.0 0.0 0.0 0.0 0.0 0.0 0.0 0.0 0.0 0.0 0.0 1.19209e-07 0.0 0.0 0.0 0.0 0.0 0.000881612 0.0 0.0 0.0 9.53674e-07 0.0 0.0 0.0 0.0
5.06639e-07 0.0441128 0.0 0.0 0.0 0.00105864 0.0 0.993335 0.0 0.0 0.0 0.0 0.0 0.0 0.0 0.00158334 5.33462e-06 0.0 0.0298533 0.0 0.0 0.0 0.0 0.0 0.972908 0.0 0.0 0.0 0.0 0.0 0.0 0.0 0.0 2.98023e-08 2.98023e-08 1.27256e-05 0.0 0.0 0.0 0.0 0.420989 0.0 0.0 0.0 0.0 0.0 0.0 0.0 0.0 0.0 7.26879e-05 8.49366e-06 0.000393122 0.0 0.0567653 2.98023e-08 0.0 0.0 0.0 0.0 1.0103e-05 0.0 0.000622302 0.0
7.7486e-06 0.063495 0.0 0.0 1.19209e-07 0.726187 0.0 0.001322 0.0 0.0 0.0 0.0 5.96046e-08 0.0 0.0 0.986793 5.36442e-05 0.0 0.786539 0.0 0.0 0.0 0.0 0.0 0.402704 0.0 0.0 0.0 0.0 2.98023e-08 0.0 0.0 0.0 5.96046e-08 0.0803719 0.01009 0.0 0.0 0.0 0.0 0.146685 0.0 0.0 0.0 0.0 0.0 0.0 0.0 0.0 0.0 0.932984 0.112219 0.11895 0.0 0.809434 3.01003e-06 0.0 0.0 0.0 0.0 0.577474 0.0 0.502675 0.0
6.22869e-06 0.0 0.0 0.0 0.0 0.00276399 0.0 0.0 0.0 0.0 0.0 0.657993 0.039124 0.0 0.0 0.0 8.87513e-05 0.0 1.0 0.0 0.0 0.0 2.08616e-07 2.20537e-05 0.0 0.0 0.0 0.0 0.0 1.49012e-07 0.0 0.0 0.0 0.258651 1.19209e-07 2.5779e-05 0.0622603 0.984697 0.0 0.0 0.0 0.0 0.0 0.0 0.0 2.98023e-08 0.0 0.0 0.0 0.0 0.0 0.0 0.0 0.0 0.0 0.0136486 0.0 0.0 0.0 0.0205418 1.19209e-07 0.00200677 0.0 0.00514108
0.944554 0.00519767 0.0 0.0 0.0 0.0 0.0 9.11951e-06 0.0 0.0 0.0 0.0 0.0 0.0 0.0 0.0218962 0.0156026 0.0 0.0 0.0209075 0.0 0.0 0.0 0.0 0.0 0.0 0.0 0.0 0.0 0.980342 0.0 0.892523 0.0 2.16961e-05 0.00268167 0.645504 0.0 0.000238329 0.0 0.996514 0.0 0.0 0.723618 0.0 0.0 0.0 0.0 0.0 0.0 0.236807 0.154022 0.224447 0.0231838 0.0 0.0 0.00456917 0.0 0.0 0.0 0.0 0.0 0.0 2.55108e-05 0.0
0.0 0.0 0.0 0.0 0.0 0.0 0.0 0.0 0.0 0.0 0.0 0.0 0.0 0.0 0.0 0.0 0.0 0.0 0.0 0.0 0.0 0.0 0.0 0.0 0.0 0.0 0.0 0.0 0.0 0.0 0.0 0.0 0.0 0.0 0.0 0.0 0.0 2.98023e-08 0.0 0.0 0.0 0.999794 0.0 0.0 0.0 0.0 0.0 0.0 0.0 0.0 0.0 0.0 0.0 0.0 0.0 0.0 0.0 0.0 0.0 0.0 0.0 0.0 0.0 0.0
0.0 0.0 0.0 0.0 0.0 0.0 0.0 0.0 0.0 0.0 0.0 0.0 0.0 0.0 0.0 0.0 0.0 0.0 0.0 0.0 0.0 0.0 0.0 0.0 0.0 0.0 0.0 0.0 0.0 0.0 0.0 0.0 0.0 0.0 0.0 0.0 0.0 0.0 0.0 0.0 0.0 0.0 0.0 0.0 0.998265 0.0 0.0 0.0 0.0 0.0 0.0 0.0 0.0 0.0 0.0 0.0 0.0 0.0 0.0 0.0 0.0 0.0 0.0 0.0
0.0 0.0 0.0 0.0 0.0 0.0 0.0 0.0 0.0 0.0 0.0 0.0 0.0 0.0 0.0 0.0 0.0 0.0 0.0 0.0 1.00434e-05 0.0 0.0 0.0 0.0 0.0 0.0 0.0 0.0 0.0 0.0 0.0 0.0 0.0 0.0 0.0 0.0 0.0 0.0 0.0 0.0 0.0 0.0 0.0 0.0 0.0 0.0 0.981342 0.0 0.0 0.0 0.0 0.0 0.0 0.0 0.0 0.0 0.0 0.0 0.0 0.0 0.0 0.0 0.0
0.0 0.0 0.0 0.0 0.0 0.0 0.0 0.0 0.0 0.0 0.0 0.0 0.0 0.0 0.0 0.0 0.0 0.99839 0.0 0.0 0.0 0.0 7.15256e-07 0.0 0.0 0.0 0.0 0.0 0.0 0.0 0.0 0.0 0.0 0.0 0.0 0.0 0.0 0.0 0.0 0.0 0.0 0.0 0.0 0.0 0.0 0.0 0.0 0.0 0.0 0.0 0.0 0.0 0.0 0.0 0.0 0.0 0.0 0.0 0.0 0.0 0.0 0.0 0.0 0.0
0.0 0.0 0.0 0.0 1.00732e-05 0.0 0.0 0.0 0.0 0.0 0.0 0.0 0.0117463 0.0 0.0 0.0 0.0 0.0 0.0 0.0 0.0 0.0 0.0 0.0 8.9407e-08 0.0 0.0 0.0 0.0 0.0 8.9407e-08 0.0 0.0 0.0 0.0 0.0 0.0695376 0.0 0.0 0.0 0.0 0.0 0.0 0.0 0.0 0.0035094 0.0 0.0 0.0 0.0 0.0 0.0 0.0 0.0 0.0 0.0 0.0 8.64267e-07 0.0 0.997863 0.0 8.9407e-08 0.0 0.000847727
0.0 0.0 0.0 0.0 0.0 0.0 0.00256744 0.0 0.0 0.0 0.0 0.0 0.0 0.0 3.8147e-06 0.0 0.0 0.0 0.0 0.0 0.0 0.0 0.0 0.0 0.0 0.000120133 0.0 0.0 0.0 0.0 0.0 0.0 0.557459 0.0 0.0 0.0 0.0 0.0 1.19209e-07 0.0 0.0 0.0 0.0 0.0 0.0 0.0 0.95772 0.0 0.0 0.0 0.0 0.0 0.0 0.00104159 0.0 0.0 0.00659278 0.0 0.0 0.0 0.0 0.0 0.0 0.0
0.155093 9.76026e-05 0.0 0.0 0.0 0.0 0.0 8.9407e-08 0.0 0.0 0.0 0.0 0.0 0.0 0.0 0.00411788 0.00224641 0.0 0.0 0.100341 0.0 0.0 0.0 0.0 0.0 0.0 0.0 0.0 0.0 0.597291 0.0 0.769669 0.0 3.27826e-07 0.223894 0.223302 0.0 2.05636e-06 0.0 0.996496 0.0 0.0 0.972411 0.0 0.0 0.0 0.0 0.0 0.0 0.980897 0.0182875 0.9805 0.00673464 0.0 0.0 9.59039e-05 0.0 0.0 0.0 0.0 0.0 0.0 3.27826e-07 0.0
0.0 0.0 0.0 0.0 0.0 0.0 0.0 0.0 0.0 0.0 0.0 0.0 0.0 0.0 0.0 0.0 0.0 0.0 0.0 0.0 0.0 0.0 0.0 0.0 0.0 0.0 0.0 0.997467 0.0 0.0 0.0 0.0 0.0 0.0 0.0 0.0 0.0 0.0 0.0 0.0 0.0 0.0 0.0 0.0 0.0 0.0 0.0 0.0 0.0 0.0 0.0 0.0 0.0 0.0 0.0 0.0 0.0 0.0 0.0 0.0 0.0 0.0 0.0 0.0
0.0 0.0 8.9407e-08 0.0 0.0 0.0 0.0 0.0 0.0 0.0 0.0 0.0 0.0 0.0 0.0 0.0 0.0 0.0 0.0 0.0 0.0 0.0 0.0 0.0 0.0 0.0 0.0 0.0 0.0 0.0 0.0 0.0 0.0 0.0 0.0 0.0 1.00136e-05 0.0 0.0 0.0 0.0 0.0 0.0 0.0 0.0 0.0316334 0.0 0.0 0.0 0.0 0.0 0.0 0.0 0.0 0.0 0.0 0.0 0.98939 0.0 7.15256e-07 0.0 0.0 0.0 0.0
0.0 0.0 0.0 0.0 0.0 0.0 0.0 0.0 0.0 0.0 0.0 0.0 0.0 0.0 0.0 0.0 0.0 0.0 0.0 0.0 0.0001809 0.0 0.0 0.0 0.0 0.0 0.0 0.0 0.0 0.0 0.0 0.0 0.0 0.0 0.0 0.0 0.0 0.0 0.0 0.0 0.0 0.0 0.0 0.0 0.0 0.0 0.0 0.130515 0.0 0.0 0.0 0.0 0.0 0.0 0.0 0.0 0.0 0.0 0.0 0.0 0.0 0.0 0.0 0.0
0.0 0.0 0.0 0.999919 0.0 0.0 0.0 0.0 0.0 0.0 0.0 0.0 0.0 0.0 0.0 0.0 0.0 0.0 3.8743e-07 0.0 0.0 0.0 0.0 0.0 0.0 0.0 0.0 0.0 0.0 0.0 0.0 0.0 0.0 0.0 0.0 0.0 0.0 0.0 0.0 0.0 0.0 0.0 0.0 0.0 0.0 0.0 0.0 0.0 0.0 0.0 0.0 0.0 0.0 7.79033e-05 0.0 0.0 2.42889e-05 0.0 0.0 0.0 0.0 0.0 0.0 0.0
0.0 5.96046e-08 0.0 0.0 0.0 0.0 0.0 5.57303e-06 0.0 0.0 0.0 3.8743e-06 0.000990719 0.0 0.0 0.0 0.0 0.0 0.0 0.0 0.0 0.0 0.0 0.0 0.987167 0.0 0.0 0.0 0.0 0.0 0.277974 0.0 0.0 0.00106826 0.0 8.9407e-08 5.51343e-06 0.0269248 0.0 0.0 0.0 0.0 0.0 0.0 0.0 0.0 0.0 0.0 0.0 0.0 0.0 0.0 0.0 0.0 0.19476 0.000107497 0.0 0.0 0.0 2.563e-06 0.0 9.9808e-05 3.03984e-06 0.525351
0.0 0.0 0.0 0.0 0.0 0.0 0.0 0.0 0.0 0.996411 0.0 0.0 0.0 0.0 0.0 0.0 0.0 0.0 0.0 0.0 0.0 0.0 0.0 0.0 0.0 0.0 0.0 0.0 0.0 0.0 0.0 0.0 0.0 0.0 0.0 0.0 0.0 0.0 0.0 0.0 0.0 0.0 0.0 0.0 0.0 0.0 0.0 0.0 0.0 0.0 0.0 0.0 0.0 0.0 0.0 0.0 0.0 0.0 0.0 0.0 0.0 0.0 0.0 0.0
0.0 0.0 0.0 0.0 0.0 0.0 0.0 0.0 0.0 0.0 0.0 0.0 0.0 0.0 0.0 0.0 0.0 0.0 0.0 0.0 0.0 0.0 0.0 0.0 0.0 0.0 0.0 0.0 0.0 0.0 0.0 0.0 1.19209e-06 0.0 0.0 0.0 0.0 0.0 0.0 0.0 0.0 0.0 0.0 0.0 0.0 0.0 0.0 0.0 0.0 0.0 0.0 0.0 0.0 0.0 0.0 0.0 0.0 0.0 0.0 0.0 0.0 0.0 0.0 0.0
0.00049153 0.00138378 0.0 0.0 0.0 0.0 0.0 0.000672489 0.0 0.0 0.0 0.0 0.0 0.0 0.0 0.221579 0.105002 0.0 0.0 0.646638 0.0 0.0 0.0 0.0 0.0 0.0 0.0 0.0 0.0 0.000758737 0.0 0.923477 0.0 0.00192735 0.987704 0.792089 0.0 0.00117412 0.0 0.981433 0.0 0.0 0.0284134 0.0 0.0 0.0 0.0 0.0 0.0 0.093638 0.00290018 0.0150611 0.177149 0.0 2.98023e-08 0.118198 0.0 0.0 0.0 0.0 0.0 0.0 0.000464618 0.0
0.00420037 0.349944 0.0 0.0 0.0 0.0 0.0 0.153273 0.0 0.0 0.0 0.0 0.0 0.0 0.0 0.781379 0.849745 0.0 0.0 0.597959 0.0 0.0 0.0 0.0 1.78814e-07 0.0 0.0 0.0 0.0 0.000340998 0.0 0.921754 0.0 0.470409 0.0040046 0.983463 0.0 0.609468 0.0 0.976843 0.0 0.0 0.00163093 0.0 0.0 0.0 0.0 0.0 0.0 0.00150374 0.517529 0.000213832 0.30502 0.0 2.29478e-06 0.922348 0.0 0.0 0.0 0.0 0.0 2.17557e-06 0.048495 3.57628e-07
0.0 0.0 0.0 0.0 0.0 0.0 0.0 0.0 0.0 0.0 0.0 4.47035e-07 0.0 0.0 0.0 0.0 0.0 0.0 0.0 0.0 0.0 0.0 0.0 0.0 0.0 0.0 0.0 0.0 0.993013 0.0 0.0 0.0 0.0 0.0 0.0 0.0 0.0 0.0 0.0 0.0 0.0 0.0 0.0 0.0 0.0 0.0 0.0 0.0 0.0 0.0 0.0 0.0 0.0 0.0 0.0 0.0 0.0 0.0 0.0 0.0 0.0 0.0 0.0 0.0
0.0 0.0 0.0 0.0 0.0 0.999798 0.0 0.0 0.0 0.0 0.0 0.0 0.0 0.0 0.0 0.0 0.0 0.0 1.75834e-05 0.0 0.0 0.000193864 0.0 0.0 0.0 0.0 0.0 0.0 0.0 0.0 0.0 0.0 0.0 0.0 0.0 0.0 0.0 0.0 0.0 0.0 0.0 0.0 0.0 0.0 0.0 0.0 0.0 0.0 0.0 0.0 0.0 0.0 0.0 0.0 0.0 0.0 0.0 0.0 0.0 0.0 0.0 0.0 0.0 0.0
0.0 0.0 0.0 0.0 0.0 0.0 0.0 0.0 0.994871 0.0 0.0 0.0 0.0 0.0 0.0 0.0 0.0 0.0 0.0 0.0 0.0 0.0 0.0 0.0 0.0 0.0 0.0 0.0 0.0 0.0 0.0 0.0 0.0 0.0 0.0 0.0 0.0 0.0 0.0 0.0 0.0 0.0 0.0 0.0 0.0 0.0 0.0 0.0 0.0 0.0 0.0 0.0 0.0 0.0 0.0 0.0 0.0 0.0 0.0 0.0 0.000662804 0.0 0.0 0.0
0.0 0.0 0.0 0.0 0.0 0.0 0.977 0.0 0.0 0.0 0.0 0.0 0.0 0.0 0.0 0.0 0.0 0.0 0.0 0.0 0.0 0.0 0.0 0.0 0.0 0.0 0.0 0.0 0.0 0.0 0.0 0.0 2.2769e-05 0.0 0.0 0.0 0.0 0.0 0.00205973 0.0 0.0 0.0 0.0 0.0 0.0 0.0 0.00279593 0.0 2.98023e-07 0.0 0.0 0.0 0.0 0.000164777 0.0 0.0 3.27826e-07 0.0 0.0 0.0 0.0 0.0 0.0 0.0
0.0 0.0 0.0 0.0 0.0 0.0 0.0 0.0 0.0 0.0 0.0 0.0 0.0 0.0 0.0 0.0 0.0 0.0 0.0 0.0 0.0680308 0.0 0.0 0.0 0.0 0.0 0.0 0.0 0.0 0.0 0.0 0.0 0.0 0.0 0.0 0.0 0.0 0.0 0.0 0.0 0.0 0.0 0.0 0.0 0.0 0.0 0.0 2.08616e-07 0.0 0.0 0.0 0.0 0.0 0.0 0.0 0.0 0.0 0.0 0.0 0.0 0.0 0.0 0.0 0.0
0.0 0.0 0.0 0.0 0.0 0.0 0.0 0.0 4.26769e-05 0.0 0.0 0.0 0.0 0.0 0.0 0.0 0.0 0.0 0.0 0.0 0.0 0.0 0.0 0.0 0.0 0.0 0.0 0.0 0.0 0.0 0.0 0.0 0.0 0.0 0.0 0.0 0.0 0.0 0.0 0.0 0.0 0.0 0.0 0.985361 0.0 0.0 0.0 0.0 0.0 0.0 0.0 0.0 0.0 0.0 0.0 0.0 0.0 0.0 0.0 0.0 0.0 0.0 0.0 0.0
0.0 0.0 0.0 0.0 0.0 0.0 0.0 1.19209e-07 0.0 0.0 0.0 0.000713497 0.00120646 0.0 0.0 0.0 0.0 0.0 0.0 0.0 0.0 0.0 0.0 0.0 0.111838 0.0 0.0 0.0 0.0 0.0 0.988855 0.0 0.0 1.24276e-05 0.0 0.0 1.42455e-05 0.000271976 0.0 0.0 0.0 0.0 0.0 0.0 0.0 0.0 0.0 0.0 0.0 0.0 0.0 0.0 0.0 0.0 0.00488541 9.53674e-07 0.0 0.0 0.0 1.46031e-06 0.0 1.2219e-06 2.98023e-08 0.029366
0.0 0.0 0.0 0.0 0.0 0.0 0.0 0.0 0.0 0.0 0.0 0.0 0.0 0.0 0.0 0.0 0.0 0.0 0.968931 0.0 0.0 0.0 0.0 0.0 0.0 0.0 0.0 0.0 0.0 0.0 0.0 0.0 0.0 0.0 0.0 0.0 0.0 0.0 0.0 0.0 0.0 0.0 0.0 0.0 0.0 0.0 0.0 0.0 0.0 0.0 0.0 0.0 0.0 0.0 0.0 0.0 0.0 0.0 1.19209e-07 0.0 0.0 0.0 0.0 0.0
0.0 0.0 0.0 5.96046e-08 0.0 8.64267e-07 0.0 0.0 0.0 0.0 0.0 0.0 0.0 0.0 0.0 0.0 0.0 0.0 0.178466 0.0 0.0 0.999134 0.0 0.0 0.0 0.0 0.0 0.0 0.0 0.0 0.0 0.0 0.0 0.0 0.0 0.0 0.0 0.0 0.0 0.0 0.0 0.0 0.0 0.0 0.0 0.0 0.0 0.0 0.0 0.0 0.0 0.0 0.0 2.98023e-08 0.0 0.0 0.0 0.0 0.0 0.0 0.0 0.0 0.0 0.0
0.0 0.0 0.0 2.08616e-07 0.0 0.0 0.0 0.0 0.0 0.0 0.0 0.0 0.0 0.0 0.0 0.0 0.0 0.0 0.0 0.0 0.0 0.0 0.0 0.0 0.0 0.0 0.0 0.0 0.0 0.0 0.0 0.0 1.57952e-06 0.0 0.0 0.0 0.0 0.0 0.0 0.0 0.0 0.0 0.0 0.0 0.0 0.0 0.00947335 0.0 0.0 0.0 0.0 0.0 0.0 3.54648e-06 0.0 0.0 0.999403 0.0 0.0 0.0 0.0 0.0 0.0 0.0
0.0 0.0 0.0 0.0 0.0 0.0 0.0 0.0 0.0 0.0 0.0 0.0 0.0 0.0 0.0 0.0 0.0 0.0 0.0 0.0 5.15282e-05 0.0 0.0 0.0 0.0 0.0 0.0 0.0 0.0 0.0 0.0 0.0 0.0 0.0 0.0 0.0 0.0 0.0 0.0 0.0 0.0 0.0 0.0 0.0 0.0 0.0 0.0 0.00187424 0.0 0.0 0.0 0.0 0.0 0.0 0.0 0.0 0.0 0.0 0.0 0.0 0.0 0.0 0.0 0.0
0.0 0.0 0.992441 0.0 0.0 0.0 0.0 0.0 0.0 0.0 0.0 0.0 0.0 0.0 0.0 0.0 0.0 0.0 0.0 0.0 0.0 0.0 0.0 0.0 0.0 0.0 0.0 0.0 0.0 0.0 0.0 0.0 0.0 0.0 0.0 0.0 0.0 0.0 0.0 0.0 0.0 0.0 0.0 0.0 0.0 5.36442e-06 0.0 0.0 0.0 0.0 0.0 0.0 0.0 0.0 0.0 0.0 0.0 2.92063e-06 0.0 0.0 0.0 0.0 0.0 0.0
0.0237505 0.153504 0.0 0.0 0.0 0.0 0.0 0.00771737 0.0 0.0 0.0 0.0 0.0 0.0 0.0 0.905234 0.876336 0.0 0.0 0.986625 0.0 0.0 0.0 0.0 0.0 0.0 0.0 0.0 0.0 0.00338486 0.0 0.993269 0.0 0.011476 0.31214 0.990733 0.0 0.0840602 0.0 0.996977 0.0 0.0 0.0755996 0.0 0.0 0.0 0.0 0.0 0.0 0.101543 0.369203 0.017326 0.766848 0.0 2.08616e-07 0.764625 0.0 0.0 0.0 0.0 0.0 0.0 0.00387481 0.0
0.0 0.0 0.0 1.13249e-06 0.0 0.0 2.51532e-05 0.0 0.0 0.0 0.0 0.0 0.0 0.0 5.96046e-08 0.0 0.0 0.0 0.0 0.0 0.0 0.0 0.0 0.0 0.0 3.8743e-07 0.0 0.0 0.0 0.0 0.0 0.0 4.76837e-05 0.0 0.0 0.0 0.0 0.0 8.9407e-08 0.0 0.0 0.0 0.0 0.0 0.0 0.0 0.489137 0.0 0.0 0.0 0.0 0.0 0.0 0.994806 0.0 0.0 0.812199 0.0 0.0 0.0 0.0 0.0 0.0 0.0
0.0 0.0 0.0 0.0 0.0 0.0 0.0 0.0 0.0 0.0 0.0 0.0 0.0 0.0 0.0 0.0 0.0 0.0 0.0 0.0 0.0 0.0 0.0 0.0 0.0 0.0 0.0 0.0 0.0 0.0 0.0 0.0 0.0 0.0 0.0 0.0 0.0 0.0 0.0 0.0 0.0 0.0 0.0 0.0 0.000173301 0.0 0.0 0.0 0.0 0.0 0.0 0.0 0.0 0.0 0.0 0.0 0.0 0.0 0.0 0.0 0.0 0.0 0.0 0.0
1.19209e-07 0.00112835 0.0 0.0 0.0 0.0 0.0 0.0106658 0.0 0.0 0.0 1.19209e-07 1.43945e-05 0.0 0.0 0.00012961 0.000977755 0.0 0.0 1.96695e-06 0.0 0.0 0.0 0.0 0.320549 0.0 0.0 0.0 0.0 0.0 0.141732 0.000272274 0.0 0.023033 0.0 0.00816301 2.98023e-08 0.989598 0.0 0.00296488 0.0 2.08616e-07 0.0 0.0 0.0 0.0 0.0 0.0 0.0 0.0 1.07884e-05 0.0 0.000104755 0.0 0.145942 0.406244 0.0 0.0 0.0 2.98023e-08 0.0 0.000186205 8.22544e-05 0.169747
2.02656e-06 0.16483 0.0 0.0 0.0 0.0 0.0 0.719679 0.0 0.0 0.0 0.0 0.0 0.0 0.0 0.0280511 0.365166 0.0 0.0 0.000208765 0.0 0.0 0.0 0.0 0.000132412 0.0 0.0 0.0 0.0 2.98023e-08 7.7486e-07 0.0338964 0.0 0.985971 4.90546e-05 0.842257 0.0 0.911049 0.0 0.0963878 0.0 0.0 5.96046e-08 0.0 0.0 0.0 0.0 0.0 0.0 8.9407e-08 0.0103518 0.0 0.00388086 0.0 0.0256698 0.990771 0.0 0.0 0.0 0.0 0.0 0.000559866 0.983627 0.000233322
0.0 0.0 0.0 0.0 0.0 0.0 0.0 0.0 0.0 0.0 0.0 0.996563 1.19209e-07 0.0 0.0 0.0 0.0 0.0 0.0 0.0 0.0 0.0 0.0 0.0 8.64267e-07 0.0 0.0 0.0 4.47035e-07 0.0 0.000127882 0.0 0.0 0.0 0.0 0.0 0.0 0.0 0.0 0.0 0.0 0.0 0.0 0.0 0.0 0.0 0.0 0.0 0.0 0.0 0.0 0.0 0.0 0.0 0.0 0.0 0.0 2.98023e-08 0.0 0.0 0.0 0.0 0.0 1.78814e-07
0.0530745 0.913036 0.0 0.0 0.0 0.0 0.0 0.0279024 0.0 0.0 0.0 0.0 0.0 0.0 0.0 0.958208 0.863279 0.0 0.0 0.594098 0.0 0.0 0.0 0.0 2.98023e-08 0.0 0.0 0.0 0.0 0.00138229 0.0 0.992171 0.0 0.06279 0.0415592 0.991573 0.0 0.62749 0.0 0.998892 0.0 0.0 0.00844222 0.0 0.0 0.0 0.0 0.0 0.0 0.00663155 0.577943 0.000354767 0.980951 0.0 2.38121e-05 0.925561 0.0 0.0 0.0 0.0 0.0 2.98023e-08 0.0204869 2.98023e-08
0.0 0.0 0.0 0.0 0.0 0.0 0.0 0.0 0.0 0.0 0.0 5.96046e-08 0.98172 0.0 0.0 0.0 0.0 0.0 0.0 0.0 0.0 0.0 0.0 0.0 1.15931e-05 0.0 0.0 0.0 0.0 0.0 0.000100464 0.0 0.0 0.0 0.0 0.0 0.659062 0.0 0.0 0.0 0.0 0.0 0.0 0.0 0.0 0.000244558 0.0 0.0 0.0 0.0 0.0 0.0 0.0 0.0 5.96046e-08 0.0 0.0 0.0 0.0 0.17883 0.0 1.90735e-05 0.0 0.652199
2.08616e-06 0.0329662 0.0 0.0 0.0 0.0 0.0 0.985832 0.0 0.0 0.0 0.0 0.0 0.0 0.0 0.0253447 0.336647 0.0 0.0 0.000451714 0.0 0.0 0.0 0.0 0.000139415 0.0 0.0 0.0 0.0 0.0 3.8743e-07 0.0206652 0.0 0.994473 2.18749e-05 0.727927 0.0 0.978706 0.0 0.0511293 0.0 0.0 0.0 0.0 0.0 0.0 0.0 0.0 0.0 0.0 0.00370377 0.0 0.00125691 0.0 0.00129476 0.99496 0.0 0.0 0.0 0.0 0.0 0.00264165 0.666947 0.0004839
0.0 0.0 0.0 0.0 0.0 0.0 0.0 0.0 0.0 0.0 0.0 0.0 0.0 0.0 0.998402 0.0 0.0 0.0 0.0 0.0 0.0 0.0 0.0 0.0 0.0 2.74181e-06 0.0 0.0 0.0 0.0 0.0 0.0 0.0 0.0 0.0 0.0 0.0 0.0 0.0 0.0 0.0 0.0 0.0 0.0 0.0 0.0 0.000153184 0.0 0.0 0.0 0.0 0.0 0.0 0.0 0.0 0.0 0.0 0.0 0.0 0.0 0.0 0.0 0.0 0.0
0.0 0.0 0.0 0.0 0.0 0.0 0.0 0.0 0.0 0.0 0.0 0.0 0.0 0.0 0.0 0.0 0.0 0.0 0.0 0.0 0.0 0.0 0.0 0.99372 0.0 0.0 0.0 0.0 0.0 0.0 0.0 0.0 0.0 0.0 0.0 0.0 0.0 0.0 0.0 0.0 0.0 0.0 0.0 0.0 0.0 0.0 0.0 0.0 0.0 0.0 0.0 0.0 0.0 0.0 0.0 0.0 0.0 0.0 0.0 0.0 0.0 0.0 0.0 0.0
0.0 0.0 0.0 0.0 0.0 0.0 0.0 0.0 0.000119567 0.0 0.0 0.0 0.0 0.0 0.0 0.0 0.0 0.0 0.0 0.0 0.0 0.0 0.0 0.0 0.0 8.9407e-08 0.0 0.0 0.0 0.0 0.0 0.0 0.0 0.0 0.0 0.0 0.0 0.0 0.0 0.0 0.0 0.0 0.0 0.0 0.0 0.0 0.0 0.0 0.0 0.0 0.0 0.0 0.0 0.0 0.0 0.0 0.0 0.0 0.0 0.0 0.999954 0.0 0.0 0.0
0.0 0.0 0.0 0.0 0.0 0.0 4.47035e-07 0.0 0.0 0.0 0.00274992 0.0 0.0 0.0 0.0 0.0 0.0 0.0 0.0 0.0 0.0 0.0 0.0 0.0 0.0 0.0 0.0 0.0 0.0 0.0 0.0 0.0 0.0 0.0 0.0 0.0 0.0 0.0 0.0257671 0.0 0.0 0.0 0.0 0.0 0.0 0.0 8.55327e-06 0.0 0.999998 0.0 0.0 0.0 0.0 0.0 0.0 0.0 0.0 0.0 0.000394017 0.0 0.0 0.0 0.0 0.0
0.0 0.0 0.0 0.0 0.0 0.0 0.0 0.0 0.0 0.0 0.0 0.0 0.0 0.990196 0.0 0.0 0.0 0.0 0.0 0.0 0.0 0.0 0.0 0.0 0.0 0.0 0.0 0.0 0.0 0.0 0.0 0.0 0.0 0.0 0.0 0.0 0.0 0.0 0.0 0.0 0.0 0.0 0.0 0.0 0.0 0.0 0.0 0.0 0.0 0.0 0.0 0.0 0.0 0.0 0.0 0.0 0.0 0.0 0.0 0.0 0.0 0.0 0.0 0.0
0.0 0.0 0.0 0.0 0.0 0.0 0.0 0.0 0.0 0.0 0.0 0.0 0.0 0.0 0.0 0.0 0.0 0.0 0.0 0.0 0.00304541 0.0 0.0 0.0 0.0 0.0 0.0 0.0 0.0 0.0 0.0 0.0 0.0 0.0 0.0 0.0 0.0 0.0 0.0 0.0 0.0 0.0 0.0 0.0 0.0 0.0 0.0 1.055e-05 0.0 0.0 0.0 0.0 0.0 0.0 0.0 0.0 0.0 0.0 0.0 0.0 0.0 0.0 0.0 0.0
0.0 0.0 0.0 0.0 0.0 0.0 0.000164539 0.0 0.0 0.0 0.0 0.0 0.0 0.0 0.0 0.0 0.0 0.0 0.0 0.0 0.0 0.0 0.0 8.9407e-08 0.0 0.0413497 0.0 0.0 0.0 0.0 0.0 0.0 0.999996 0.0 0.0 0.0 0.0 0.0 2.68221e-07 0.0 0.0 0.0 0.0 0.0 2.98023e-08 0.0 0.0013428 0.0 0.0 0.0 0.0 0.0 0.0 0.139129 0.0 0.0 5.68628e-05 0.0 0.0 0.0 0.0 0.0 0.0 0.0
0.0084933 0.953066 0.0 0.0 0.0 0.0 0.0 0.501395 0.0 0.0 0.0 0.0 0.0 0.0 0.0 0.950299 0.987737 0.0 0.0 0.58301 0.0 0.0 0.0 0.0 1.72853e-06 0.0 0.0 0.0 0.0 0.000155985 0.0 0.992407 0.0 0.625998 0.0197217 0.998151 0.0 0.91359 0.0 0.993616 0.0 0.0 0.000749379 0.0 0.0 0.0 0.0 0.0 0.0 0.00073269 0.91847 6.88136e-05 0.701563 0.0 0.00101933 0.992046 0.0 0.0 0.0 0.0 0.0 1.2219e-06 0.88529 3.57628e-07
0.0 0.0 4.17233e-07 0.0 0.0 0.0 0.0 0.0 0.0 0.0 0.0 0.0 9.23872e-06 0.0 0.0 0.0 0.0 0.0 0.0 0.0 0.0 0.0 0.0 0.0 0.0 0.0 0.0 0.0 0.0 0.0 0.0 0.0 0.0 0.0 0.0 0.0 0.48466 0.0 0.0 0.0 0.0 0.0 0.0 0.0 0.0 0.576409 0.0 0.0 0.0 0.0 0.0 0.0 0.0 0.0 0.0 0.0 0.0 0.000162512 0.0 0.00174886 0.0 0.0 0.0 2.98023e-07
0.0 0.0 0.0 0.0 0.0 0.0 0.226376 0.0 0.0 0.0 0.000782728 0.0 0.0 0.0 0.0 0.0 0.0 0.0 0.0 0.0 0.0 0.0 0.0 0.0 0.0 0.0 0.0 0.0 0.0 0.0 0.0 0.0 0.0 0.0 0.0 0.0 0.0 0.0 0.999561 0.0 0.0 0.0 0.0 0.0 0.0 0.0 1.06096e-05 0.0 0.624774 0.0 0.0 0.0 0.0 5.96046e-07 0.0 0.0 5.96046e-08 0.0 1.31726e-05 0.0 0.0 0.0 0.0 0.0
0.0 0.0 0.0 0.0 0.0 0.0 7.15256e-07 0.0 0.0 0.0 0.998739 0.0 0.0 0.0 0.0 0.0 0.0 0.0 0.0 0.0 0.0 0.0 0.0 0.0 0.0 0.0 0.0 0.0 0.0 0.0 0.0 0.0 0.0 0.0 0.0 0.0 0.0 0.0 0.000270665 0.0 0.0 0.0 0.0 0.0 0.0 0.0 0.0 0.0 0.005588 0.0 0.0 0.0 0.0 0.0 0.0 0.0 0.0 0.0 0.0 0.0 0.0 0.0 0.0 0.0
0.0 0.0 0.0 0.0 0.0 0.0 0.0 0.0 0.0 0.0 0.0 0.0 0.0 0.0 0.0 0.0 0.0 0.0 0.0 0.0 0.0 0.0 0.0 0.0 0.0 0.0 0.999983 0.0 0.0 0.0 0.0 0.0 0.0 0.0 0.0 0.0 0.0 0.0 0.0 0.0 0.0 0.0 0.0 0.0 0.0 0.0 0.0 0.0 0.0 0.0 0.0 0.0 0.0 0.0 0.0 0.0 0.0 0.0 0.0 0.0 0.0 0.0 0.0 0.0
0.0 0.000557154 0.0 0.0 0.0 0.0 0.0 0.004776 0.0 0.0 0.0 0.0 4.79817e-06 0.0 0.0 1.2815e-06 2.71499e-05 0.0 0.0 0.0 0.0 0.0 0.0 0.0 0.327036 0.0 0.0 0.0 0.0 0.0 0.0118003 1.78814e-06 0.0 0.416723 0.0 0.000408173 0.0 0.955527 0.0 1.95801e-05 0.0 0.0 0.0 0.0 0.0 0.0 0.0 0.0 0.0 0.0 5.66244e-07 0.0 2.05636e-06 0.0 0.991859 0.197338 0.0 0.0 0.0 0.0 0.0 0.027227 0.0548862 0.430223
0.982368 0.0433708 0.0 0.0 0.0 0.0 0.0 9.28342e-05 0.0 0.0 0.0 0.0 0.0 0.0 0.0 0.0303629 0.0118064 0.0 0.0 0.0093877 0.0 0.0 0.0 0.0 0.0 0.0 0.0 0.0 0.0 0.833375 0.0 0.924329 0.0 8.99732e-05 0.000515133 0.635542 0.0 0.00670239 0.0 0.997908 0.0 0.0 0.341958 0.0 0.0 0.0 0.0 0.0 0.0 0.0682799 0.194757 0.0300263 0.0741138 0.0 1.19209e-07 0.0186495 0.0 0.0 0.0 0.0 0.0 0.0 0.000136018 0.0
0.442044 0.00268853 0.0 0.0 0.0 0.0 0.0 3.33786e-06 0.0 0.0 0.0 0.0 0.0 0.0 0.0 0.158967 0.0754321 0.0 0.0 0.682814 0.0 0.0 0.0 0.0 0.0 0.0 0.0 0.0 0.0 0.586768 0.0 0.990417 0.0 1.29938e-05 0.48086 0.854861 0.0 8.4728e-05 0.0 0.999147 0.0 0.0 0.947919 0.0 0.0 0.0 0.0 0.0 0.0 0.977586 0.177229 0.950757 0.0627094 0.0 0.0 0.00350666 0.0 0.0 0.0 0.0 0.0 0.0 2.30968e-05 0.0
0.0 0.0 0.0 0.0 0.0 0.0 0.0 0.0 0.0 0.0 0.0 0.0 0.0 0.0 0.0 0.0 0.0 0.0 0.0 0.0 0.0 0.0 0.0 0.0 0.0 0.0 0.0 0.0 0.0 0.0 0.0 0.0 0.0 0.0 0.0 0.0 0.0 0.0 0.000116646 0.0 0.0 0.0 0.0 0.0 0.0 0.0 0.0 0.0 0.0056299 0.0 0.0 0.0 0.0 0.0 0.0 0.0 0.0 0.0 0.997756 0.0 0.0 0.0 0.0 0.0
0.0196011 0.988399 0.0 0.0 0.0 0.0 0.0 0.232164 0.0 0.0 0.0 0.0 0.0 0.0 0.0 0.755236 0.85772 0.0 0.0 0.0181915 0.0 0.0 0.0 0.0 2.38419e-06 0.0 0.0 0.0 0.0 0.000104576 0.0 0.909918 0.0 0.355309 0.000151008 0.988606 0.0 0.97175 0.0 0.990226 0.0 0.0 0.000109404 0.0 0.0 0.0 0.0 0.0 0.0 4.68493e-05 0.802869 4.17233e-06 0.814212 0.0 0.00340188 0.976763 0.0 0.0 0.0 0.0 0.0 3.09944e-06 0.391881 1.43051e-06
0.00405934 0.741657 0.0 0.0 0.0 0.0 0.0 0.530663 0.0 0.0 0.0 0.0 0.0 0.0 0.0 0.971703 0.98146 0.0 0.0 0.715637 0.0 0.0 0.0 0.0 5.06639e-07 0.0 0.0 0.0 0.0 0.000217289 0.0 0.978477 0.0 0.639068 0.00754175 0.996279 0.0 0.904455 0.0 0.995022 0.0 0.0 0.000827551 0.0 0.0 0.0 0.0 0.0 0.0 0.000492394 0.646297 3.49581e-05 0.877179 0.0 1.25468e-05 0.99182 0.0 0.0 0.0 0.0 0.0 5.66244e-07 0.0867702 2.08616e-07
0.0 0.0 0.0 0.0 0.0 0.0 0.0 0.0 0.0 0.0 0.0 0.0 0.0 0.0 0.0 0.0 0.0 0.0 0.0 0.0 0.990232 0.0 0.0 0.0 0.0 0.0 0.0 0.0 0.0 0.0 0.0 0.0 0.0 0.0 0.0 0.0 0.0 0.0 0.0 0.0 0.0 0.0 0.0 0.0 0.0 0.0 0.0 3.94583e-05 0.0 0.0 0.0 0.0 0.0 0.0 0.0 0.0 0.0 0.0 0.0 0.0 0.0 0.0 0.0 0.0
0.0 0.0 0.0 0.0 0.0 0.0 2.98023e-07 0.0 0.0 0.0 2.68221e-07 0.0 0.0 0.0 4.24385e-05 0.0 0.0 0.0 0.0 0.0 0.0 0.0 0.0 0.0 0.0 0.996616 0.0 0.0 0.0 0.0 0.0 0.0 0.00828588 0.0 0.0 0.0 0.0 0.0 0.0 0.0 0.0 0.0 0.0 0.0 0.0 0.0 8.25822e-05 0.0 0.0 0.0 0.0 0.0 0.0 1.49012e-07 0.0 0.0 0.0 0.0 0.0 0.0 8.9407e-08 0.0 0.0 0.0
0.0 0.0 4.76837e-07 0.0 0.0 0.0 0.0 0.0 0.0 0.0 0.0 0.0 8.04663e-07 0.0 0.0 0.0 0.0 0.0 0.0 0.0 0.0 0.0 0.0 0.0 0.0 0.0 0.0 0.0 0.0 0.0 0.0 0.0 0.0 0.0 0.0 0.0 0.22744 0.0 0.0 0.0 0.0 0.0 0.0 0.0 0.0 0.9807 0.0 0.0 0.0 0.0 0.0 0.0 0.0 0.0 0.0 0.0 0.0 0.018714 0.0 0.000492662 0.0 0.0 0.0 0.0
0.0 0.0 0.0 0.0 0.0 0.0 0.0 0.0 0.0 0.0 0.0 0.0 0.0 0.0 0.0 0.0 0.0 5.96046e-08 0.0 0.0 0.0 0.0 0.999669 0.0 0.0 0.0 0.0 0.0 0.0 0.0 0.0 0.0 0.0 0.0 0.0 0.0 0.0 0.0 0.0 0.0 0.0 0.0 0.0 0.0 0.0 0.0 0.0 0.0 0.0 0.0 0.0 0.0 0.0 0.0 0.0 0.0 0.0 0.0 0.0 0.0 0.0 0.0 0.0 0.0
0.0 0.0 0.0 0.0 0.998305 0.0 0.0 0.0 0.0 0.0 0.0 0.0 0.0 0.0 0.0 0.0 0.0 0.0 0.0 0.0 0.0 0.0 0.0 0.0 0.0 0.0 0.0 0.0 0.0 0.0 0.0 0.0 0.0 7.15256e-07 0.0 0.0 0.0 1.19209e-07 0.0 0.0 0.0 0.0 0.0 0.0 0.0 0.0 0.0 0.0 0.0 0.0 0.0 0.0 0.0 0.0 0.0 0.0 0.0 0.0 0.0 2.98619e-05 0.0 2.32458e-06 0.0 3.57628e-06
0.711025 0.00205031 0.0 0.0 0.0 0.0 0.0 1.54972e-06 0.0 0.0 0.0 0.0 0.0 0.0 0.0 0.0546139 0.0270075 0.0 0.0 0.336543 0.0 0.0 0.0 0.0 0.0 0.0 0.0 0.0 0.0 0.828163 0.0 0.979869 0.0 6.10948e-06 0.281047 0.728498 0.0 3.38852e-05 0.0 0.999059 0.0 0.0 0.981427 0.0 0.0 0.0 0.0 0.0 0.0 0.976875 0.242332 0.955137 0.0296969 0.0 0.0 0.00161916 0.0 0.0 0.0 0.0 0.0 0.0 1.10269e-05 0.0
0.313288 0.919502 0.0 0.0 0.0 0.0 0.0 0.0614589 0.0 0.0 0.0 0.0 0.0 0.0 0.0 0.923396 0.968236 0.0 0.0 0.399143 0.0 0.0 0.0 0.0 0.0 0.0 0.0 0.0 0.0 0.0107289 0.0 0.996158 0.0 0.0536966 0.00482884 0.997549 0.0 0.451823 0.0 0.999045 0.0 0.0 0.0224735 0.0 0.0 0.0 0.0 0.0 0.0 0.010139 0.981162 0.00158444 0.708123 0.0 1.94013e-05 0.923787 0.0 0.0 0.0 0.0 0.0 0.0 0.195736 0.0
0.0 5.96046e-08 0.0 0.0 1.19209e-06 0.0 0.0 0.000762373 0.0 0.0 0.0 0.0 0.00178564 0.0 0.0 0.0 0.0 0.0 0.0 0.0 0.0 0.0 0.0 0.0 0.000544935 0.0 0.0 0.0 0.0 0.0 3.01003e-06 0.0 0.0 0.5588 0.0 1.49012e-07 1.40071e-06 0.0454372 0.0 0.0 0.0 0.0 0.0 0.0 0.0 0.0 0.0 0.0 0.0 0.0 0.0 0.0 0.0 0.0 0.002056 0.00205928 0.0 0.0 0.0 4.05312e-06 0.0 0.983349 6.22272e-05 0.981477
36 63 37 33 55 35 40 39 12 61 7 62 15 52 60 23 24 42 51 50 34 49 4 30 18 13 0 54 11 26 17 53 5 9 29 1 3 56 28 58 59 57 19 41 47 20 2 45 22 25 8 48 38 6 44 16 43 21 27 10 14 46 32 31
