8
0.0 0.0 0.0 0.0 2.48551e-05 1.0 0.0 0.0 0.0 0.0 0.0 0.0 0.0 0.0 0.0 0.0 0.0 0.0 0.0 4.1455e-05 0.0 0.0 0.0 0.0 0.0 0.0 0.0 0.0 0.0 0.0 0.0 0.0 0.0 0.0 0.0388286 0.0101402 0.0 0.0 0.0 0.0 0.00239226 2.34842e-05 0.0 1.49012e-07 1.96695e-06 0.0 0.0 0.0 0.0 0.0 0.000554353 0.0 0.0 0.0 0.0 0.0 0.0 0.0 0.0 0.0 0.0 0.0 0.978095 2.6226e-06
0.0 0.919336 0.0 0.0 0.0 0.0 0.0 0.0 0.832191 0.0 0.852711 0.918186 0.0 0.0 0.0178645 0.0 0.0 0.0 0.0 0.0 0.00370741 0.0 0.0 0.888342 0.0 0.762643 0.0 0.0 0.0 0.0 8.58307e-06 0.0 0.0 0.0 0.0 0.0 0.0 0.0 0.0 0.0 0.0 0.0 0.0 0.0 0.0 0.0 0.0 0.0 0.0 0.0 0.0 0.189369 0.0 0.0 0.36665 0.0 0.916239 7.09295e-06 0.911774 0.0 0.0 0.0 0.0 0.0
0.0 0.0 1.25468e-05 0.000141591 0.0 0.0 0.000809759 0.0 0.0 0.627315 0.0 0.0 0.0 0.0 0.0 0.0 0.0 0.0 0.0 0.0 0.0 3.8743e-07 0.0 0.0 0.0 0.0 0.0 0.000243038 0.0 0.0 0.0 0.0501282 0.0 0.0 0.0 0.0 0.0 1.2517e-06 0.0 0.0 0.0 0.0 0.0 0.0 0.0 0.0 1.78814e-06 0.991245 1.75536e-05 0.0 0.0 0.0 0.0 0.0 0.0 0.446926 0.0 0.0 0.0 0.0 0.0 1.69873e-06 0.0 0.0
0.0 0.0 0.00108889 8.9407e-08 0.0 0.0 0.0 0.0 0.0 0.0 0.0 0.0 0.0 0.0 0.0 0.99991 0.0 0.0 2.76566e-05 0.0 0.0 0.0 0.0 0.0 0.0 0.0 3.27826e-07 0.0 0.0 0.0 0.0 8.9407e-08 0.0 0.0 0.0 0.0 0.0 0.0 0.0 0.0 0.0 0.0 0.0 0.0 0.0 0.0 0.0 0.0 0.0 0.0 0.0 0.0 0.0 0.0 0.0 0.0 0.0 0.0 0.0 5.96046e-08 0.0 0.0 0.0 0.0
0.0 0.0 0.0 0.0 0.0 0.00233868 0.0 0.0 0.0 0.0 0.0 0.0 0.0 0.0 0.0 0.0 0.0 0.0 0.0 0.0 0.0 0.0 0.0 0.0 0.0 0.0 0.0 0.0 0.0 0.0 0.0 0.0 0.0 0.0 0.0 0.0 0.0 0.0 0.0 0.0 0.859372 0.984076 0.0 0.0 0.0 0.0 0.0 0.0 0.0 0.0 1.60038e-05 0.0 0.0 0.0 0.0 0.0 0.0 0.0 0.0 0.0 0.0 0.0 0.0 0.0
0.0 0.0 0.0 0.0 0.0 0.0 0.0 0.0 0.0 0.0 0.0 0.0 0.0 0.0 0.0 0.0 0.0 0.0 0.0 0.0 0.0 0.0 0.0 0.0 0.0 0.0 0.0 0.0 0.0 0.0 2.38419e-07 0.0 0.0 1.19209e-07 0.0 0.0 0.0 0.0 0.0 6.13928e-06 0.0 0.0 0.0 0.0 0.0 1.76132e-05 0.0 0.0 0.0 0.519174 0.0 0.0 0.0 0.996562 0.0 0.0 0.0 2.38419e-07 0.0 0.0 0.0 0.0 0.0 0.0
0.0 0.0 0.0 0.0 0.0 1.01328e-06 0.0 0.0 0.0 0.0 0.0 0.0 0.0 0.0 0.0 0.0 0.0 9.24766e-05 0.0 0.0 0.0 0.0 0.0 0.0 0.0 0.0 0.0 0.0 1.70171e-05 0.0 0.0 0.0 0.0 0.0 0.0 0.0 0.0 0.0 0.0 0.0 0.0 0.0 0.0 0.0 0.0 0.0 0.0 0.0 0.0 0.0 0.0 0.0 0.998141 0.0 0.0 0.0 0.0 0.0 0.0 0.0 0.0 0.0 0.0 0.0
0.0 0.0 0.0 0.0 0.0 0.0 0.0 0.0 0.0 0.0 0.0 0.0 0.0 0.0 0.0 0.0 0.0 0.0 0.0 0.0 5.96046e-08 0.0 1.84774e-06 0.0 0.0 0.0 0.0 0.0 0.0 0.827091 1.14441e-05 0.0 0.0 0.0 0.0 0.0 0.958012 0.0 0.0 0.0 0.0 0.0 0.0 0.0 0.0 0.00103739 0.0 0.0 0.0 0.0 0.0 0.0 0.0 0.0 0.0 0.0 0.0 9.16421e-05 0.0 0.0 0.0 0.0 0.0 0.0
0.0 0.045372 0.0 0.0 0.0 0.0 0.0 0.0 0.886381 0.0 0.88715 0.649949 0.0 0.0 3.01003e-06 0.0 0.0 0.0 0.0 0.0 7.15256e-07 0.0 0.0 0.00650689 0.0 0.000793606 0.0 0.0 0.0 0.0 0.0 0.0 0.0 0.0 0.0 0.0 0.0 0.0 0.0 0.0 0.0 0.0 0.0 0.0 0.0 0.0 0.0 0.0 0.0 0.0 0.0 0.883276 0.0 0.0 9.81688e-05 0.0 0.649853 0.0 0.246598 0.0 0.0 0.0 0.0 0.0
0.0 0.0 0.0 0.998246 0.0 0.0 0.00972679 0.0 0.0 0.0 0.0 0.0 0.0 0.0 0.0 2.08616e-07 0.0 0.0 6.25849e-07 0.0 0.0 0.0 0.0 0.0 0.0 0.0 8.22544e-06 0.0156506 0.0 0.0 0.0 0.0859462 2.98023e-08 0.0 0.0 0.0 0.0 0.0 0.0 0.0 0.0 0.0 0.0 0.0 0.0 0.0 0.0 2.68221e-07 1.2517e-06 0.0 0.0 0.0 0.0 0.0 0.0 8.9407e-08 0.0 0.0 0.0 0.00208858 7.80821e-06 0.0 0.0 0.0
0.0 0.0 0.0 0.0 0.0 0.0 0.0 0.0 0.000282764 0.0 0.000219941 1.78814e-06 0.0 0.0 0.0 0.0 0.0 0.0 0.0 0.0 0.0 0.0 0.0 0.0 0.0 0.0 0.0 0.0 0.0 0.0 0.0 0.0 0.0 0.0 0.0 0.0 0.0 0.0 0.0 0.0 0.0 0.0 0.0 0.0 0.0 0.0 0.0 0.0 0.0 0.0 0.0 0.0306816 0.0 0.0 0.0 0.0 2.14577e-06 0.0 2.08616e-07 0.0 0.0 0.0 0.0 0.0
0.0 0.773428 0.0 0.0 0.0 0.0 0.0 0.0 0.896698 0.0 0.898336 0.901117 0.0 0.0 0.000289291 0.0 0.0 0.0 0.0 0.0 6.1363e-05 0.0 0.0 0.372375 0.0 0.0740402 0.0 0.0 0.0 0.0 1.49012e-07 0.0 0.0 0.0 0.0 0.0 0.0 0.0 0.0 0.0 0.0 0.0 0.0 0.0 0.0 0.0 0.0 0.0 0.0 0.0 0.0 0.787923 0.0 0.0 0.00934675 0.0 0.896636 2.38419e-07 0.868323 0.0 0.0 0.0 0.0 0.0
0.0 0.0 0.0 0.0 0.0 0.0 0.0 0.0 0.0 0.0 0.0 0.0 0.0 0.0 0.0 0.0 0.0 0.0 0.0 0.0 0.0 0.0 0.0 0.0 0.0 0.0 0.0 0.0 0.0 0.0 0.0 0.0 0.0 0.0 0.0 0.0 0.0 1.0 0.0 0.0 0.0 0.0 0.0 0.0 0.0 0.0 0.0 0.0 0.0 0.0 0.0 0.0 0.0 0.0 0.0 0.0 0.0 0.0 0.0 0.0 0.0 0.0 0.0 0.0
0.0 0.0 0.0 0.0 0.0 0.0 0.0 0.0 0.0 0.0 0.0 0.0 0.999993 0.0 0.0 0.0 0.0 0.0 0.0 0.0 0.0 0.0 0.0 0.0 0.0 0.0 0.0 0.0 0.0 0.0 0.0 0.0 0.0 0.0 0.0 0.0 0.0 0.0 0.0 0.0 0.0 0.0 0.0 0.0 0.0 0.0 0.0 0.0 0.0 0.0 0.0 0.0 0.0 0.0 0.0 0.0 0.0 0.0 0.0 0.0 0.0 0.0 0.0 0.0
0.0 0.875355 0.0 0.0 0.0 0.0 0.0 0.0 0.0034208 0.0 0.00428495 0.368451 0.0 0.0 0.910463 0.0 0.0 0.0 0.0 0.0 0.888033 0.0 0.0 0.905093 0.0 0.931016 0.0 0.0 0.0 6.85453e-07 0.066344 0.0 0.0 0.0 0.0 0.0 7.45058e-07 0.0 0.0 0.0 0.0 0.0 0.0 0.0 0.0 7.45058e-06 0.0 0.0 0.0 0.0 0.0 8.13603e-06 0.0 0.0 0.93618 0.0 0.342884 0.0935123 0.671466 0.0 0.0 0.0 0.0 0.0
0.0 0.0 0.0 0.0 0.0 0.0 0.0 0.0 0.0 0.0 0.0 0.0 0.0 6.25849e-07 0.0 0.0 0.0 0.0 0.0 0.0 0.0 0.0 0.0 0.0 0.0 0.0 4.76837e-07 0.0 0.999954 0.0 0.0 0.0 0.0 0.0 0.0 0.0 0.0 0.0 0.0 0.0 0.0 0.0 0.0 0.0 0.0 0.0 0.0 0.0 0.0 0.0 0.0 0.0 7.28369e-05 0.0 0.0 0.0 0.0 0.0 0.0 0.0 0.0 0.0 0.0 0.0
0.0 0.0 0.0 0.0 0.0 0.0 0.0 0.0 0.0 3.22461e-05 0.0 0.0 0.0 2.98023e-08 0.0 0.0 0.0 0.0 0.0 0.0 0.0 0.991761 0.0 0.0 0.00321618 0.0 0.0 2.98023e-08 0.0 0.0 0.0 0.00195888 0.0 0.0 0.0 0.0 0.0 0.0 0.0 0.0 0.0 0.0 0.0 0.0 5.126e-06 0.0 0.46215 2.08616e-07 1.07288e-06 0.0 0.0 0.0 0.0 0.0 0.0 2.94149e-05 0.0 0.0 0.0 0.0 5.96046e-08 0.0 0.0 0.0
0.0 0.0 0.0 1.34408e-05 0.0 0.0 1.01328e-06 0.0 0.0 0.0 0.0 0.0 0.0 0.0 0.0 8.9407e-08 0.0 0.0 1.0103e-05 0.0 0.0 4.17233e-07 0.0 0.0 1.43051e-06 0.0 0.452431 1.37091e-06 0.0 0.0 0.0 0.0079838 8.79169e-06 0.0 0.0 0.0 0.0 0.0 0.0 0.0 0.0 0.0 0.0 0.0 0.0 0.0 8.64267e-07 0.0 6.82473e-06 0.0 0.0 0.0 0.0 0.0 0.0 0.0 0.0 0.0 0.0 0.0275508 0.999898 0.0 0.0 0.0
0.0 0.0 0.0 0.0 0.0 0.0 0.0 0.0 0.0 0.0 0.0 0.0 0.0 0.0 0.0 0.0 0.998084 0.0 0.0 0.0 0.0 0.0 0.0 0.0 0.0 0.0 0.0 0.0 0.0 0.0 0.0 0.0 0.0 0.0 0.0 0.0 0.0 0.0 0.0 0.0 0.0 0.0 0.0 0.0 0.0 0.0 0.0 0.0 0.0 0.0 0.0 0.0 0.0 0.0 0.0 0.0 0.0 0.0 0.0 0.0 0.0 0.0 0.0 0.0
0.0 0.0 0.0 0.0 0.0 0.00583619 0.0 0.964603 0.0 0.0 0.0 0.0 0.0 4.08292e-06 0.0 0.0 0.0 1.60933e-06 0.0 0.0 0.0 3.02494e-05 0.0 0.0 0.00198662 0.0 0.0 2.98023e-08 0.0 0.0 0.0 0.000127584 5.63264e-06 0.0 5.96046e-08 0.00151485 0.0 0.0 0.0 0.0 0.0 0.0 0.0 0.000167489 1.0 0.0 0.00715607 0.0 1.83284e-05 0.0 0.0 0.0 0.0 0.0 0.0 8.9407e-08 0.0 0.0 0.0 6.85453e-07 5.96046e-08 0.0 1.78218e-05 5.36442e-07
0.0 0.00789392 0.0 0.0 0.0 0.0 0.0 0.0 0.921744 0.0 0.912765 0.201683 0.0 0.0 3.27826e-07 0.0 0.0 0.0 0.0 0.0 8.9407e-08 0.0 0.0 0.00109413 0.0 0.000121087 0.0 0.0 0.0 0.0 0.0 0.0 0.0 0.0 0.0 0.0 0.0 0.0 0.0 0.0 0.0 0.0 0.0 0.0 0.0 0.0 0.0 0.0 0.0 0.0 0.0 0.994918 0.0 0.0 1.27256e-05 0.0 0.213881 0.0 0.0466497 0.0 0.0 0.0 0.0 0.0
0.0 0.0 0.0 0.0 0.0 0.0 0.0 0.0 0.0 0.0 0.0 0.0 0.0 0.0 0.0 0.0 0.0 0.0 0.0 0.0 0.0 0.000111252 0.0 0.0 1.0401e-05 0.0 0.0 0.0 0.0 0.0 0.0 2.63453e-05 0.0 0.0 0.0 0.0 0.0 0.00129721 0.0 0.0 0.0 0.0 0.0 0.0 8.58307e-06 0.0 0.999568 0.0 2.98023e-08 0.0 0.0 0.0 0.0 0.0 0.0 0.00122783 0.0 0.0 0.0 0.0 0.0 0.0 0.0 0.0
0.0 0.739799 0.0 0.0 0.0 0.0 0.0 0.0 0.000333548 0.0 0.000403076 0.0880107 0.0 0.0 0.937634 0.0 0.0 0.0 0.0 0.0 0.915496 0.0 0.0 0.865644 0.0 0.928694 0.0 0.0 0.0 1.37091e-06 0.128185 0.0 0.0 0.0 0.0 0.0 1.63913e-06 0.0 0.0 0.0 0.0 0.0 0.0 0.0 0.0 1.97887e-05 0.0 0.0 0.0 0.0 0.0 8.04663e-07 0.0 0.0 0.945378 0.0 0.0854834 0.214401 0.324423 0.0 0.0 0.0 0.0 0.0
0.0 0.923854 0.0 0.0 0.0 0.0 0.0 0.0 0.615306 0.0 0.673081 0.91841 0.0 0.0 0.154156 0.0 0.0 0.0 0.0 0.0 0.0358717 0.0 0.0 0.921699 0.0 0.910555 0.0 0.0 0.0 0.0 8.2612e-05 0.0 0.0 0.0 0.0 0.0 0.0 0.0 0.0 0.0 0.0 0.0 0.0 0.0 0.0 0.0 0.0 0.0 0.0 0.0 0.0 0.0250032 0.0 0.0 0.780704 0.0 0.913597 6.86646e-05 0.91509 0.0 0.0 0.0 0.0 0.0
0.0 0.0 2.92063e-06 7.15256e-07 0.0 0.0 1.78814e-07 0.0 0.0 0.133572 0.0 0.0 0.0 0.0 0.0 0.0 0.0 0.0 0.0 0.0 0.0 0.0 0.0 0.0 0.0 0.0 0.0 0.0 0.0 0.0 0.0 0.0136036 0.0 0.0 0.0 0.0 0.0 0.0 0.0 0.0 0.0 0.0 0.0 0.0 0.0 0.0 0.0 0.994118 1.49012e-07 0.0 0.0 0.0 0.0 0.0 0.0 0.00184244 0.0 0.0 0.0 0.0 0.0 2.08616e-06 0.0 0.0
0.0 1.13845e-05 0.0 0.0 0.0 0.0 0.0 0.0 0.064163 0.0 0.0534337 0.000753582 0.0 0.0 0.0 0.0 0.0 0.0 0.0 0.0 0.0 0.0 0.0 1.46031e-06 0.0 1.19209e-07 0.0 0.0 0.0 0.0 0.0 0.0 0.0 0.0 0.0 0.0 0.0 0.0 0.0 0.0 0.0 0.0 0.0 0.0 0.0 0.0 0.0 0.0 0.0 0.0 0.0 0.795331 0.0 0.0 0.0 0.0 0.000891119 0.0 9.60827e-05 0.0 0.0 0.0 0.0 0.0
0.0 0.0 0.0 2.68221e-06 0.0 0.0 1.78814e-07 0.0 0.0 0.00123754 0.0 0.0 0.0 6.85453e-07 0.0 0.0 0.0 0.0 0.0 0.0 0.0 2.41697e-05 0.0 0.0 0.00151297 0.0 0.000304222 0.0 0.0 0.0 0.0 0.986891 0.00729692 0.0 0.0 0.0 0.0 0.0 0.0 0.0 0.0 0.0 0.0 2.98023e-08 1.78814e-07 0.0 1.20401e-05 2.23517e-05 0.998041 0.0 0.0 0.0 0.0 0.0 0.0 0.000535369 0.0 0.0 0.0 0.0 0.0 2.05636e-06 0.0 0.0
0.998228 0.0 6.55651e-07 0.0 0.0 0.0 0.0 0.0 0.0 0.0 0.0 0.0 0.0 0.0 0.0 0.0 0.0 0.0 0.0 0.0 0.0 0.0 0.0 0.0 0.0 0.0 0.0 0.0 0.0 0.0 0.0 0.0 0.0 0.0 0.0 0.0 0.0 0.0 0.0 0.0 0.0 0.0 0.0 0.0 0.0 0.0 0.0 0.0 0.0 0.0 0.0 0.0 0.0 0.0 0.0 0.0 0.0 0.0 0.0 0.0 0.0 0.0 0.0 0.0
0.0 0.0 0.0 0.0 0.0 0.0 0.0 0.0 0.0 0.0 0.0 0.0 0.0 0.0 0.0 0.0 0.0 0.0 0.0 0.0 0.0 0.0 0.0 0.0 0.0 0.0 0.0 0.0 0.0 0.0 0.0 0.0 0.0 0.0 0.0 0.0 0.0 0.0 1.0 0.0 0.0 0.0 0.0 0.0 0.0 0.0 0.0 0.0 0.0 0.0 0.0 0.0 0.0 0.0 0.0 0.0 0.0 0.0 0.0 0.0 0.0 0.0 0.0 0.0
0.0 0.915211 0.0 0.0 0.0 0.0 0.0 0.0 0.825552 0.0 0.835804 0.913576 0.0 0.0 0.0188582 0.0 0.0 0.0 0.0 0.0 0.00381285 0.0 0.0 0.874975 0.0 0.745076 0.0 0.0 0.0 0.0 8.67248e-06 0.0 0.0 0.0 0.0 0.0 0.0 0.0 0.0 0.0 0.0 0.0 0.0 0.0 0.0 0.0 0.0 0.0 0.0 0.0 0.0 0.156015 0.0 0.0 0.389393 0.0 0.913034 7.21216e-06 0.908068 0.0 0.0 0.0 0.0 0.0
0.0 0.92205 0.0 0.0 0.0 0.0 0.0 0.0 0.188828 0.0 0.222776 0.84457 0.0 0.0 0.605508 0.0 0.0 0.0 0.0 0.0 0.290284 0.0 0.0 0.922262 0.0 0.921584 0.0 0.0 0.0 0.0 0.000932544 0.0 0.0 0.0 0.0 0.0 0.0 0.0 0.0 0.0 0.0 0.0 0.0 0.0 0.0 5.96046e-08 0.0 0.0 0.0 0.0 0.0 0.00125343 0.0 0.0 0.913884 0.0 0.846629 0.000825077 0.893748 0.0 0.0 0.0 0.0 0.0
0.0 0.0 0.0 0.0 0.0 0.0375489 0.0 0.0 0.0 0.0 0.0 0.0 0.0 0.0 0.0 0.0 0.0 0.0 0.0 2.98023e-08 0.0 0.0 0.0 0.0 0.0 0.0 0.0 0.0 0.0 0.0 0.0 0.0 0.0 0.0 0.0 0.0 0.0 0.0 0.0 0.0 0.989227 0.21094 0.0 0.0 0.0 0.0 0.0 0.0 0.0 0.0 6.20782e-05 0.0 0.0 0.0 0.0 0.0 0.0 0.0 0.0 0.0 0.0 0.0 1.19209e-07 0.0
0.0 0.0 0.0 6.64592e-06 0.0 0.0 0.0 0.0 0.0 2.38419e-07 0.0 0.0 0.0 2.98023e-08 0.0 2.98023e-07 0.0 0.0 0.0 0.0 0.0 3.30806e-06 0.0 0.0 0.000117809 0.0 0.999809 8.9407e-08 0.0 0.0 0.0 0.37934 0.0977086 0.0 0.0 0.0 0.0 0.0 0.0 0.0 0.0 0.0 0.0 0.0 0.0 0.0 4.17233e-07 0.0 0.0222628 0.0 0.0 0.0 0.0 0.0 0.0 0.0 0.0 0.0 0.0 1.26064e-05 0.00400123 0.0 0.0 0.0
0.0 0.0 0.0 0.0 0.0 0.0 0.0 0.0 0.0 0.0 0.0 0.0 0.0 0.0 0.0 0.0 0.0 0.0 0.0 0.0 0.0 0.0 0.964593 0.0 0.0 0.0 0.0 0.0 0.0 2.68221e-07 0.0 0.0 0.0 0.0 0.0 0.0 5.96046e-08 0.0 0.0 0.0 0.0 0.0 0.0 0.0 0.0 0.0 0.0 0.0 0.0 0.0 0.0 0.0 0.0 0.0 0.0 0.0 0.0 0.0 0.0 0.0 0.0 0.0 0.0 0.0
0.0 0.0 0.0 0.0 0.0 0.0614501 0.0 0.0 0.0 0.0 0.0 0.0 0.0 0.0 0.0 0.0 0.0 0.0 0.0 0.996474 0.0 0.0 0.0 0.0 0.0 0.0 0.0 0.0 0.0 0.0 0.0 0.0 0.0 0.0 5.96046e-08 0.0 0.0 0.0 0.0 0.0 5.96046e-08 2.98023e-08 0.0 0.0 0.0 0.0 0.0 0.0 0.0 0.0 7.43866e-05 0.0 0.0 0.0 0.0 0.0 0.0 0.0 0.0 0.0 0.0 0.0 0.0 0.0
0.0 0.0 0.0 0.0 0.0 0.0 0.0 0.0 0.0 0.0 0.0 0.0 0.0 0.0 1.19209e-07 0.0 0.0 0.0 0.0 0.0 2.68221e-07 0.0 0.0 0.0 0.0 0.0 0.0 0.0 0.0 0.0 1.2815e-06 0.0 0.0 0.0 0.0 0.0 0.0 0.0 0.0 1.19209e-07 0.0 0.0 0.0 0.0 0.0 7.7486e-07 0.0 0.0 0.0 0.996435 0.0 0.0 0.0 0.0629122 1.19209e-07 0.0 0.0 3.27826e-07 0.0 0.0 0.0 0.0 0.0 0.0
0.0 0.0 0.0 0.0 0.0 0.0 0.0 0.0 0.0 0.0 0.0 0.0 0.0 0.0 3.8743e-07 0.0 0.0 0.0 0.0 0.0 3.30806e-06 0.0 1.49012e-07 0.0 0.0 0.0 0.0 0.0 0.0 0.977033 0.000517428 0.0 0.0 0.0 0.0 0.0 0.884724 0.0 0.0 0.0 0.0 0.0 0.0 0.0 0.0 0.058866 0.0 0.0 0.0 0.0 0.0 0.0 0.0 0.0 0.0 0.0 0.0 0.00359583 0.0 0.0 0.0 0.0 0.0 0.0
0.0 0.0 0.0 0.0 0.0 0.0 0.0 0.0 0.0 0.0 0.0 0.0 0.0 0.0 0.0 0.0 0.0 0.0 0.0 0.0 0.0 0.0 0.0 0.0 0.0 0.0 0.0 0.0 0.0 0.0 0.0 0.0 0.0 0.997104 0.0 0.0 0.0 0.0 0.0 5.96046e-08 0.0 8.9407e-08 0.0 0.0 0.0 0.0 0.0 0.0 0.0 0.0 0.0 0.0 0.0 0.0 0.0 0.0 0.0 0.0 0.0 0.0 0.0 0.0 0.0 0.0
0.0 0.0 0.0 0.0 0.0 0.183249 0.0 0.0 0.0 0.0 0.0 0.0 0.0 0.0 0.0 0.0 0.0 0.0 0.0 8.25822e-05 0.0 0.0 0.0 0.0 0.0 0.0 0.0 0.0 0.0 0.0 0.0 0.0 0.0 0.0 5.96046e-07 9.53674e-07 0.0 0.0 0.0 0.0 8.41618e-05 1.84178e-05 0.0 0.0 0.0 0.0 0.0 0.0 0.0 0.0 0.999669 0.0 0.0 0.0 0.0 0.0 0.0 0.0 0.0 0.0 0.0 0.0 0.0 0.0
0.0 9.71556e-06 0.0 0.0 0.0 0.0 0.0 0.0 0.0 0.0 0.0 8.9407e-08 0.0 0.0 0.274715 0.0 0.0 0.0 0.0 0.0 0.599699 0.0 0.0 9.56953e-05 0.0 0.00130564 0.0 0.0 0.0 0.00396633 0.952532 0.0 0.0 0.0 0.0 0.0 0.00728875 0.0 0.0 0.0 0.0 0.0 0.0 0.0 0.0 0.609206 0.0 0.0 0.0 5.36442e-07 0.0 0.0 0.0 1.19209e-07 0.0152835 0.0 5.96046e-08 0.919148 6.25849e-07 0.0 0.0 0.0 0.0 0.0
0.0 0.0 0.0 0.0 0.0 0.0 0.0 0.0 0.0 0.0 0.0 0.0 0.0 0.0 3.39746e-05 0.0 0.0 0.0 0.0 0.0 0.000354737 0.0 0.0 0.0 0.0 1.19209e-07 0.0 0.0 0.0 0.146675 0.201281 0.0 0.0 0.0 0.0 0.0 0.162396 0.0 0.0 0.0 0.0 0.0 0.0 0.0 0.0 0.970026 0.0 0.0 0.0 0.0 0.0 0.0 0.0 1.19209e-06 7.7486e-07 0.0 0.0 0.281003 0.0 0.0 0.0 0.0 0.0 0.0
0.0 0.0 0.0 0.0 0.0 0.0 0.0 1.0 0.0 0.0 0.0 0.0 0.0 0.0 0.0 0.0 0.0 0.0 0.0 0.0 0.0 0.0 0.0 0.0 0.0 0.0 0.0 0.0 0.0 0.0 0.0 0.0 0.0 0.0 0.0 1.01328e-06 0.0 0.0 0.0 0.0 0.0 0.0 0.0 0.0 0.135005 0.0 0.0 0.0 0.0 0.0 0.0 0.0 0.0 0.0 0.0 0.0 0.0 0.0 0.0 0.0 0.0 0.0 0.0 0.0
0.0 0.00545129 0.0 0.0 0.0 0.0 0.0 0.0 6.85453e-07 0.0 7.7486e-07 7.28369e-05 0.0 0.0 0.980239 0.0 0.0 0.0 0.0 0.0 0.994048 0.0 0.0 0.0425502 0.0 0.271049 0.0 0.0 0.0 0.00188661 0.997559 0.0 0.0 0.0 0.0 0.0 0.00610775 0.0 0.0 0.0 0.0 0.0 0.0 0.0 0.0 0.503551 0.0 0.0 0.0 1.4931e-05 0.0 0.0 0.0 4.47035e-07 0.772447 0.0 6.83367e-05 0.992769 0.000499994 0.0 0.0 0.0 0.0 0.0
0.0 0.0 0.0 2.08616e-07 0.0 0.0 3.57628e-07 0.0 0.0 0.98867 0.0 0.0 0.0 0.0 0.0 0.0 0.0 0.0 0.0 0.0 0.0 1.3113e-06 0.0 0.0 0.0 0.0 1.16229e-06 9.23872e-07 0.0 0.0 0.0 0.00754985 1.19209e-07 0.0 0.0 0.0 0.0 0.0 0.0 0.0 0.0 0.0 0.0 0.0 0.0 0.0 1.22786e-05 0.0644929 0.00163504 0.0 0.0 0.0 0.0 0.0 0.0 0.0313152 0.0 0.0 0.0 0.0 1.78814e-07 2.98023e-08 0.0 0.0
0.0 0.0 0.0 0.0 0.0 0.0 0.0 0.0 0.0 0.0 0.0 0.0 0.0 0.0 0.0 0.0 0.0 0.0 0.0 0.0 0.0 0.0 8.04663e-07 0.0 0.0 0.0 0.0 0.0 0.0 0.0 0.0 0.0 0.0 2.55108e-05 0.0 0.0 0.0 0.0 0.0 0.995531 0.0 0.0 0.0 0.0 0.0 0.0 0.0 0.0 0.0 0.0 0.0 0.0 0.0 5.96046e-08 0.0 0.0 0.0 0.0 0.0 0.0 0.0 0.0 0.0 0.0
0.0 0.997308 0.0 0.0 0.0 0.0 0.0 0.0 0.918364 0.0 0.93995 0.996775 0.0 0.0 0.275391 0.0 0.0 0.0 0.0 0.0 0.103401 0.0 0.0 0.9912 0.0 0.975373 0.0 0.0 0.0 0.0 0.000266701 0.0 0.0 0.0 0.0 0.0 0.0 0.0 0.0 0.0 0.0 0.0 0.0 0.0 0.0 0.0 0.0 0.0 0.0 0.0 0.0 0.154444 0.0 0.0 0.874373 0.0 0.996136 0.000230551 0.99804 0.0 0.0 0.0 0.0 0.0
0.0 0.0 0.0 0.0 0.0 0.000107497 0.0 1.01328e-06 0.0 0.0 0.0 0.0 0.0 0.0 0.0 0.0 0.0 0.0 0.0 0.0 0.0 0.0 0.0 0.0 0.0 0.0 0.0 0.0 0.0 0.0 0.0 0.0 0.0 0.0 3.27826e-06 1.0 0.0 0.0 0.0 0.0 0.0 0.0 0.0 0.0 0.0 0.0 0.0 0.0 0.0 0.0 0.0 0.0 0.0 0.0 0.0 0.0 0.0 0.0 0.0 0.0 0.0 0.0 5.96046e-08 0.0
0.0 0.0 0.0 0.0 0.0 0.0 5.96046e-08 0.0 0.0 0.00316155 0.0 0.0 0.0 0.0 0.0 0.0 0.0 0.0 0.0 0.0 0.0 0.0 0.0 0.0 0.0 0.0 0.0 2.08616e-07 0.0 0.0 0.0 0.000462085 0.0 0.0 0.0 0.0 0.0 9.53674e-07 0.0 0.0 0.0 0.0 0.0 0.0 0.0 0.0 7.77841e-05 0.0412356 3.57628e-07 0.0 0.0 0.0 0.0 0.0 0.0 0.998199 0.0 0.0 0.0 0.0 0.0 0.0 0.0 0.0
0.0 0.0 0.0 3.27826e-07 0.0 0.0 3.8743e-07 0.0 0.0 0.0 0.0 0.0 0.0 0.0 0.0 0.0 0.0 0.0 0.00540724 0.0 0.0 0.0 0.0 0.0 0.0 0.0 0.000221819 7.89762e-06 0.0 0.0 0.0 6.07967e-06 0.0 0.0 0.0 0.0 0.0 0.0 0.0 0.0 0.0 0.0 0.0 0.0 0.0 0.0 1.17123e-05 0.0 0.0 0.0 0.0 0.0 0.0 0.0 0.0 8.9407e-08 0.0 0.0 0.0 0.9982 0.000337601 0.0 0.0 0.0
0.0 0.309171 0.0 0.0 0.0 0.0 0.0 0.0 1.96993e-05 0.0 2.35438e-05 0.00779596 0.0 0.0 0.947207 0.0 0.0 0.0 0.0 0.0 0.945638 0.0 0.0 0.627413 0.0 0.874106 0.0 0.0 0.0 7.77841e-06 0.504936 0.0 0.0 0.0 0.0 0.0 1.2219e-05 0.0 0.0 0.0 0.0 0.0 0.0 0.0 0.0 0.000182629 0.0 0.0 0.0 0.0 0.0 8.9407e-08 0.0 0.0 0.923455 0.0 0.00687176 0.537848 0.0558176 0.0 0.0 0.0 0.0 0.0
0.0 6.10948e-06 0.0 0.0 0.0 0.0 0.0 0.0 0.0 0.0 0.0 2.98023e-08 0.0 0.0 0.232174 0.0 0.0 0.0 0.0 0.0 0.586346 0.0 0.0 6.14524e-05 0.0 0.000901937 0.0 0.0 0.0 0.0323614 0.905732 0.0 0.0 0.0 0.0 0.0 0.0378205 0.0 0.0 0.0 0.0 0.0 0.0 0.0 0.0 0.733062 0.0 0.0 0.0 1.19209e-07 0.0 0.0 0.0 8.9407e-08 0.0148425 0.0 0.0 0.95741 3.57628e-07 0.0 0.0 0.0 0.0 0.0
0.0 0.0 0.0 0.0 0.0 0.0 0.0 0.0 6.35982e-05 0.0 4.98295e-05 3.8743e-07 0.0 0.0 0.0 0.0 0.0 0.0 0.0 0.0 0.0 0.0 0.0 0.0 0.0 0.0 0.0 0.0 0.0 0.0 0.0 0.0 0.0 0.0 0.0 0.0 0.0 0.0 0.0 0.0 0.0 0.0 0.0 0.0 0.0 0.0 0.0 0.0 0.0 0.0 0.0 0.00981244 0.0 0.0 0.0 0.0 4.47035e-07 0.0 0.0 0.0 0.0 0.0 0.0 0.0
0.0 0.0 0.0 0.0 0.0 0.0 0.0 0.0 0.0 0.0 0.0 0.0 0.0 0.0 0.0 0.0 0.0 0.0 0.0 0.0 0.0 0.0 0.0 0.0 0.0 0.0 0.0 0.0 0.0 0.0 0.0 0.0 0.0 0.0 0.0 0.0 0.0 0.0 0.0 0.0 0.0 0.0 0.998905 0.0 0.0 0.0 0.0 0.0 0.0 0.0 0.0 0.0 0.0 0.0 0.0 0.0 0.0 0.0 0.0 0.0 0.0 0.0 0.0 0.0
0.0 0.0118922 0.0 0.0 0.0 0.0 0.0 0.0 2.08616e-07 0.0 2.08616e-07 7.51913e-05 0.0 0.0 0.931008 0.0 0.0 0.0 0.0 0.0 0.947463 0.0 0.0 0.0777903 0.0 0.431115 0.0 0.0 0.0 0.000558555 0.909667 0.0 0.0 0.0 0.0 0.0 0.00111648 0.0 0.0 0.0 0.0 0.0 0.0 0.0 0.0 0.0335053 0.0 0.0 0.0 1.78814e-07 0.0 0.0 0.0 0.0 0.807429 0.0 6.68764e-05 0.947793 0.000748396 0.0 0.0 0.0 0.0 0.0
0.0 0.92262 0.0 0.0 0.0 0.0 0.0 0.0 0.0795041 0.0 0.0977906 0.798346 0.0 0.0 0.715403 0.0 0.0 0.0 0.0 0.0 0.450625 0.0 0.0 0.922939 0.0 0.918894 0.0 0.0 0.0 8.9407e-08 0.00298521 0.0 0.0 0.0 0.0 0.0 0.0 0.0 0.0 0.0 0.0 0.0 0.0 0.0 0.0 2.38419e-07 0.0 0.0 0.0 0.0 0.0 0.000382483 0.0 0.0 0.907907 0.0 0.793763 0.00249252 0.877774 0.0 0.0 0.0 0.0 0.0
0.0 0.0 0.0 1.19209e-07 0.0 0.0 0.0 0.0 0.0 6.57737e-05 0.0 0.0 0.0 0.0 0.0 0.0 0.0 0.0 0.0 0.0 0.0 0.0 0.0 0.0 0.0 0.0 1.72853e-06 0.0 0.0 0.0 0.0 0.152947 1.78814e-07 0.0 0.0 0.0 0.0 0.0 0.0 0.0 0.0 0.0 0.0 0.0 0.0 0.0 0.0 4.88758e-05 0.000994533 0.0 0.0 0.0 0.0 0.0 0.0 0.0 0.0 0.0 0.0 0.0 0.0 0.999971 0.0 0.0
0.0 0.592957 0.0 0.0 0.0 0.0 0.0 0.0 0.897673 0.0 0.8987 0.895282 0.0 0.0 0.000109226 0.0 0.0 0.0 0.0 0.0 2.3663e-05 0.0 0.0 0.18765 0.0 0.0297957 0.0 0.0 0.0 0.0 1.49012e-07 0.0 0.0 0.0 0.0 0.0 0.0 0.0 0.0 0.0 0.0 0.0 0.0 0.0 0.0 0.0 0.0 0.0 0.0 0.0 0.0 0.835314 0.0 0.0 0.00357524 0.0 0.892561 8.9407e-08 0.80461 0.0 0.0 0.0 0.0 0.0
0.0 0.554581 0.0 0.0 0.0 0.0 0.0 0.0 0.996868 0.0 0.995939 0.96449 0.0 0.0 0.000138134 0.0 0.0 0.0 0.0 0.0 2.42591e-05 0.0 0.0 0.18582 0.0 0.034806 0.0 0.0 0.0 0.0 8.9407e-08 0.0 0.0 0.0 0.0 0.0 0.0 0.0 0.0 0.0 0.0 0.0 0.0 0.0 0.0 0.0 0.0 0.0 0.0 0.0 0.0 0.989475 0.0 0.0 0.00500858 0.0 0.968061 0.0 0.85267 0.0 0.0 0.0 0.0 0.0
0.0 2.38419e-07 0.0 0.0 0.0 0.0 0.0 0.0 0.0031167 0.0 0.00247142 1.97887e-05 0.0 0.0 0.0 0.0 0.0 0.0 0.0 0.0 0.0 0.0 0.0 8.9407e-08 0.0 0.0 0.0 0.0 0.0 0.0 0.0 0.0 0.0 0.0 0.0 0.0 0.0 0.0 0.0 0.0 0.0 0.0 0.0 0.0 0.0 0.0 0.0 0.0 0.0 0.0 0.0 0.169968 0.0 0.0 0.0 0.0 2.33054e-05 0.0 2.5034e-06 0.0 0.0 0.0 0.0 0.0
0.0 0.0 0.0 0.28497 0.0 0.0 0.988136 0.0 0.0 1.5378e-05 0.0 0.0 0.0 0.0 0.0 5.96046e-08 0.0 0.0 6.64592e-06 0.0 0.0 4.47035e-07 0.0 0.0 1.19209e-07 0.0 0.000150561 0.580298 0.0 0.0 0.0 0.5407 8.64267e-07 0.0 0.0 0.0 0.0 0.0 0.0 0.0 0.0 0.0 0.0 0.0 0.0 0.0 0.00022909 0.00242797 9.34303e-05 0.0 0.0 0.0 0.0 0.0 0.0 0.000588059 0.0 0.0 0.0 0.00131741 0.000342727 0.0 0.0 0.0
6.25849e-06 0.0 0.0 0.00368482 0.0 0.0 0.83905 0.0 0.0 0.0 0.0 0.0 0.0 0.0 0.0 1.78814e-07 0.0 0.0 0.193969 0.0 0.0 0.0 0.0 0.0 0.0 0.0 5.96046e-08 0.999828 0.0 0.0 0.0 2.68221e-07 0.0 0.0 0.0 0.0 0.0 0.0 0.0 0.0 0.0 0.0 0.0 0.0 0.0 0.0 1.19209e-07 0.0 0.0 0.0 0.0 0.0 0.0 0.0 0.0 1.49012e-07 0.0 0.0 0.0 0.12134 1.00136e-05 0.0 0.0 0.0
0.0 0.0 0.0 0.0 0.0 0.0 0.0 0.0 0.0 2.74181e-06 0.0 0.0 0.0 0.0 0.0 0.0 0.0 0.0 0.0 0.0 0.0 0.0 0.0 0.0 0.0 0.0 0.0 0.0 0.0 0.0 0.0 0.0 0.0 0.0 0.0 0.0 0.0 0.999715 0.0 0.0 0.0 0.0 0.0 0.0 2.98023e-07 0.0 1.49012e-07 1.60933e-06 0.0 0.0 0.0 0.0 0.0 0.0 0.0 0.000169158 0.0 0.0 0.0 0.0 0.0 0.0 0.0 0.0
0.0 0.0 0.0 0.0 0.0 1.49012e-07 0.0 0.0 0.0 0.0 0.0 0.0 0.0 0.0 0.0 0.0 0.0 0.997838 0.0 0.0 0.0 0.0 0.0 0.0 0.0 0.0 0.0 0.0 0.0 0.0 0.0 0.0 0.0 0.0 0.0 0.0 0.0 0.0 0.0 0.0 0.0 0.0 0.0 0.00162488 0.0 0.0 0.0 0.0 0.0 0.0 0.0 0.0 0.00275013 0.0 0.0 0.0 0.0 0.0 0.0 0.0 0.0 0.0 0.0 0.0
0.0 0.0 0.0 8.9407e-08 0.0 0.0 0.0 0.0 0.0 0.0 0.0 0.0 0.0 1.69873e-06 0.0 0.0 0.0 0.0 0.0 0.0 0.0 3.45707e-06 0.0 0.0 4.75943e-05 0.0 0.0081647 0.0 0.0 0.0 0.0 0.0210911 0.997083 0.0 0.0 0.0 0.0 0.0 0.0 0.0 0.0 0.0 0.0 1.81794e-06 0.0 0.0 0.0 0.0 0.262129 0.0 0.0 0.0 0.0 0.0 0.0 0.0 0.0 0.0 0.0 0.0 3.57628e-07 0.0 0.0 0.0
0.0 0.0 0.0 0.0 0.0 0.0 1.2219e-06 0.0 0.0 0.0 0.0 0.0 0.0 0.0 0.0 0.0 0.0 0.0 0.0 0.0 0.0 0.0 0.0 0.0 0.0 0.0 0.0 0.0 0.0 0.0 0.0 8.9407e-08 0.0 0.0 0.0 0.991118 0.0 0.0 5.66244e-07 0.0 0.0 0.0 0.0 0.0 0.0 0.0 0.0 0.0 0.0 0.0 0.0 0.0 0.0 0.0 0.0 0.0 0.0 0.0 0.0 0.0 0.0 0.0 0.0 0.0
0.0 0.891027 0.0 0.0 0.0 0.0 0.0 0.0 0.830896 0.0 0.850862 0.914737 0.0 0.0 0.00788212 0.0 0.0 0.0 0.0 0.0 0.000127017 0.0 0.00119811 0.884877 0.0 0.423693 0.0 0.0 0.0 0.909783 0.00253034 0.0 0.0 0.0 0.0 0.0 0.0 0.0 0.0 0.0 0.0 0.0 0.0 0.0 0.0 0.0 0.0 0.0 0.0 0.0 0.0 0.306794 0.0 0.0 0.165374 0.0 0.90751 2.95043e-06 0.90395 0.0 0.0 0.0 0.0 0.0
0.0 0.0 0.0 7.27177e-06 0.0 0.0 0.0 0.0 0.0 1.73151e-05 0.0 0.0 0.0 0.0 0.0 0.0 5.96046e-08 0.0 0.0 0.0 0.0 0.999986 0.0 0.0 5.39422e-06 0.0 0.0 0.0 0.999804 0.0 0.0 0.0 1.19209e-07 0.0 0.0 0.0 0.0 0.0 0.0 0.0 0.0 0.0 0.0 0.000169188 0.0 0.0 0.224402 0.000316709 2.68221e-07 0.0 0.0 0.0 0.0 0.0 0.0 0.000445306 0.0 0.0 0.0 0.00252727 0.418638 1.63913e-06 0.0617195 0.0
0.0 0.0 4.17233e-07 2.68221e-07 0.0 0.0 0.0 0.0 0.0 1.19209e-07 0.0 0.0 0.0 0.0 0.0 0.0 0.0 0.0 0.0 0.0 0.0 0.711792 0.0 0.0 0.0 0.0 0.0 0.0 0.0179234 0.0 0.0 0.0 5.96046e-08 0.0 0.0 0.0 0.0 0.0 0.0 0.0 0.0 0.0 0.0 2.98023e-08 0.0 0.0 0.00258222 5.96046e-08 1.49012e-07 0.0 0.0 0.0 0.0 0.0 0.0 1.19209e-07 0.0 0.0 0.0 2.08616e-07 0.998539 0.0 9.20892e-06 0.0
0.0 0.0 0.0 0.0 0.0 0.0 0.036817 0.0 0.0 0.0 0.0 0.0 0.0 0.0 0.0 0.0 0.0 0.0 0.0 0.0 0.0 3.27826e-07 0.0 0.0 0.0 0.0 0.0 0.0 0.0 0.0 0.0 0.0 0.0 0.0 0.000458181 0.0 0.0 0.0 0.0 0.0 0.0 0.0 0.0 0.0 0.0 0.0 0.0 0.0 0.0 0.0 0.0 0.0 0.0 0.0 0.0 0.0 0.0 0.0 0.0 0.0 0.0 0.0 0.0 0.0
0.0 0.0 0.0 0.0 0.0 0.0 0.0 0.0 0.0 0.0 0.0 0.0 0.0 0.0 8.9407e-08 0.0 0.0 0.0 0.0 0.0 3.8743e-07 0.0 1.19209e-07 0.0 0.0 0.0 0.0 0.0 0.0 0.0 0.0 0.0 0.0 0.0 0.0 0.0 0.000249445 0.0 0.0 2.68221e-07 0.000117689 0.0 0.0 0.0 0.0 1.88649e-05 0.0 0.0 0.0 0.717781 0.00425619 0.0 0.0 0.0842229 0.0 0.0 0.0 1.87755e-06 0.0 0.0 0.0 0.0 0.0 0.0
1.25766e-05 0.0 8.9407e-08 0.0 0.0 0.0 5.96046e-08 0.0 0.0 0.0 0.0 0.0 0.0 0.0 0.0 0.0 0.0 0.0 2.98023e-08 0.0 0.0 0.00857344 0.0 0.0 0.0 0.0 0.0 0.0 0.0 0.0 0.0 0.989884 0.0 0.0 0.0 0.0 0.0 2.39313e-05 0.0 0.0 0.0 0.0 0.0 0.0 0.0 0.0 8.9407e-08 0.0 0.0 0.0 0.0 0.0 0.0 0.0 0.0 0.0 0.0 0.0 0.0 0.0 0.0 0.0 0.0 0.0
0.0 0.0 0.0 0.0 0.0 0.0 0.0 0.0 0.0 0.0 0.0 0.0 0.0 0.0 0.0 0.0 0.0 0.0 0.0 0.0 0.0 0.0 0.0 0.0 0.0 0.0 0.0 0.0 0.0 0.0 0.0 0.0 0.0 0.0 0.0 0.0 0.0 0.0 0.0 0.0 0.0 0.0 0.0 0.0 0.0 0.0 0.0 0.0 0.0 0.0 0.0 0.0 0.0 0.0 0.0 0.0 0.0 0.0 0.0 0.0 0.0 0.0 0.0 0.0
0.0 8.9407e-08 0.0 0.0 0.0 0.0 0.0 0.0 0.000758231 0.0 0.000411421 1.78814e-06 0.0 0.0 0.0 0.0 0.0 0.0 0.0 0.0 0.0 0.0 0.0 0.0 0.0 0.0 0.0 0.0 0.0 1.19209e-07 0.0 0.0 0.0 0.0 0.0 0.0 0.0 0.0 0.0 0.0 0.0 0.0 0.0 0.0 0.0 0.0 0.0 0.0 0.0 0.0 0.0 0.0286172 0.0 0.0 0.0 0.0 1.07884e-05 0.0 0.0 0.0 0.0 0.0 0.0 0.0
0.0 0.0 0.0 0.0 0.0 0.0 0.0 0.0 0.0 0.0 0.0 0.0 0.0 0.0 0.0 0.0 0.0 0.976394 0.0 0.0 0.0 0.00384778 0.0 0.0 0.0 0.0 0.0 1.3411e-06 0.0 0.0 0.0 0.0 0.0 0.0 0.0 0.0 0.0 0.0 0.0 0.0 0.0 0.0 0.0 0.0 0.0 0.0 0.0 0.0 0.0 0.0 0.0 0.0 0.0 0.0 0.0 0.0 0.0 0.0 0.0 0.0 0.0 0.0 0.0 0.0
0.0 0.0317617 0.0 0.0 0.0 0.0 0.0 0.0 0.885832 0.0 0.887944 0.588639 0.0 0.0 1.3411e-06 0.0 0.0 0.0 0.0 0.0 5.96046e-08 0.0 2.98023e-07 0.00570831 0.0 0.000155538 0.0 0.0 0.0 0.0439654 5.66244e-07 0.0 0.0 0.0 0.0 0.0 0.0 0.0 0.0 0.0 0.0 0.0 0.0 0.0 0.0 0.0 0.0 0.0 0.0 0.0 0.0 0.886025 0.0 0.0 2.93851e-05 0.0 0.77997 0.0 0.0475312 0.0 0.0 0.0 0.0 0.0
0.0 0.564268 0.0 0.0 0.0 0.0 0.0 0.0 0.893343 0.0 0.896037 0.89745 0.0 0.0 5.8949e-05 0.0 0.0 0.0 0.0 0.0 8.64267e-07 0.0 9.65595e-06 0.223712 0.0 0.00668555 0.0 0.0 0.0 0.601742 2.37226e-05 0.0 0.0 0.0 0.0 0.0 0.0 0.0 0.0 0.0 0.0 0.0 0.0 0.0 0.0 0.0 0.0 0.0 0.0 0.0 0.0 0.83094 0.0 0.0 0.0012913 0.0 0.892673 2.98023e-08 0.646451 0.0 0.0 0.0 0.0 0.0
0.0 0.0 0.0 0.0 0.0 0.0 0.0 0.0 0.0 0.0 0.0 0.0 0.0 0.0 0.0 0.0 0.0214251 0.0 0.0 0.999929 0.0 0.944813 0.0 0.0 0.0 0.0 0.0 0.0 0.0 0.0 0.0 0.0 0.0 0.0 0.0 0.0 0.0 0.0 0.0 0.0 0.0 0.00837156 0.0 0.0 0.0 0.0 0.0 0.0 0.0 0.0 0.0 0.0 0.0 0.0 0.0 0.0 0.0 0.0 0.0 0.0 0.0 0.0 0.0 0.0
5.06639e-07 0.0 0.0 0.0 0.0 0.0 0.0512567 0.0 0.0 0.0 0.0 0.0 0.0 0.0 0.0 0.0 0.0 0.0 0.0 0.0 0.0 0.00453141 0.0 0.0 0.0 0.0 0.0 0.0 0.0 0.0 0.0 4.17233e-07 0.0 1.19209e-07 0.997306 0.0 0.0 0.0 3.75509e-06 0.0 0.0 0.0 0.0 0.0 0.0 0.0 0.0 0.0 0.0 0.0 0.0 0.0 0.0 0.0 0.0 0.0 0.0 0.0 0.0 0.0 0.0 0.0 0.0 0.0
0.0 0.90589 0.0 0.0 0.0 0.0 0.0 0.0 0.00866571 0.0 0.0176888 0.703809 0.0 0.0 0.877597 0.0 0.0 0.0 0.0 0.0 0.322574 0.0 0.282014 0.935582 0.0 0.932571 0.0 0.0 0.0 0.906747 0.366616 0.0 0.0 0.0 0.0 0.0 5.03659e-06 0.0 0.0 0.0 0.0 0.0 0.0 0.0 0.0 0.0 0.0 0.0 0.0 0.0 0.0 6.18398e-05 0.0 0.0 0.930618 0.0 0.336169 0.00948462 0.902152 0.0 0.0 0.0 0.0 0.0
0.0 0.0 0.0 0.0 0.0 0.0 0.0 0.0 0.0 9.47714e-06 0.0 0.0 0.0 0.0 0.0 0.0 0.0 1.75834e-06 0.0 0.0 0.0 0.999987 0.0 0.0 0.0 0.0 0.0 0.987225 8.67248e-06 0.0 0.0 0.0 0.0 0.0 0.0 0.0 0.0 0.0 0.0 0.0 0.0 0.0 0.0 9.23872e-07 0.0 0.0 5.77271e-05 5.96046e-07 1.01328e-06 0.0 0.0 0.0 0.0 0.0 0.0 2.98023e-08 0.0 0.0 0.0 0.0 1.48416e-05 6.02007e-06 0.0 0.0
0.0 0.0 0.0 0.0 0.0 0.0 0.0 0.0 0.0 0.0 0.0 0.0 0.995675 0.0 0.0 0.0 0.0 0.0 0.0 0.0 0.0 0.0 0.0 0.0 0.0 0.0 0.0 0.0 0.0 0.0 0.0 0.0 0.0 0.0 0.0 0.0 0.0 0.0 0.0 0.0 0.0 0.0 0.0 0.0 0.0 0.0 0.0 0.0 0.0 0.0 0.0 0.0 0.0 0.0 0.0 0.0 0.0 0.0 0.0 0.0 0.0 0.0 0.0 0.0
0.0 0.0 0.0 0.0 0.0 0.0 0.0 0.0 0.0 0.0 0.0 0.0 0.0 0.0 0.0 0.0 0.999996 0.0 0.0 8.88109e-06 0.0 1.0 0.0 0.0 0.0240622 0.0 0.0 0.0 1.19209e-07 0.0 0.0 0.0 0.0 0.0 0.0 0.0 0.0 0.0 0.0 0.0 0.0 0.000348061 0.0 0.000311345 0.0 0.0 3.57628e-07 1.78814e-07 0.0 0.0 0.0 0.0 0.0 0.0 0.0 9.49204e-05 0.0 0.0 0.0 1.08182e-05 4.47035e-07 0.0 0.122761 8.9407e-08
0.0 0.0 0.0 0.0 0.0 0.0 0.0 0.0 0.0 0.0 0.0 0.0 0.0 0.869087 0.0 0.0 0.0 0.0 0.0 0.0 0.0 0.997425 0.0 0.0 0.0 0.0 0.0 0.0 0.0 0.0 0.0 0.0 0.0 0.0 0.0 0.0 0.0 0.0 0.0 0.0 0.0 0.0 0.0 0.0 0.0 0.0 0.0 0.0 0.0 0.0 0.0 0.0 0.0 0.0 0.0 0.0 0.0 0.0 0.0 0.0 0.0 0.0 0.0 0.0
0.0 0.0 0.0 0.0 0.0 0.0 0.0 0.0 0.0 0.0 0.0 0.0 0.0 0.0 0.0 0.0 0.999695 0.0 0.0 0.573257 0.0 0.892024 0.0 0.0 0.0 0.0 0.0 0.0 0.0 0.0 0.0 0.0 0.0 0.0 0.0 0.0 0.0 0.0 0.0 0.0 0.0 0.999869 0.0 0.0 0.0 0.0 0.0 0.0 0.0 0.0 0.0 0.0 0.0 0.0 0.0 0.0 0.0 0.0 0.0 0.0 0.0 0.0 0.0 0.0
0.0 0.76142 0.0 0.0 0.0 0.0 0.0 0.0 0.000340164 0.0 0.000760555 0.215091 0.0 0.0 0.925893 0.0 0.0 0.0 0.0 0.0 0.727336 0.0 0.49794 0.909518 0.0 0.939925 0.0 0.0 0.0 0.788189 0.618942 0.0 0.0 0.0 0.0 0.0 4.372e-05 0.0 0.0 0.0 0.0 0.0 0.0 0.0 0.0 0.0 0.0 0.0 0.0 0.0 0.0 2.41399e-06 0.0 0.0 0.937839 0.0 0.0413668 0.0867527 0.761387 0.0 0.0 0.0 0.0 0.0
1.19209e-07 0.0 0.0 0.0 0.0 0.0 0.796386 0.0 0.0 0.0 0.0 0.0 0.0 0.0 0.0 0.0 0.0 0.0 1.99676e-06 0.0 0.0 0.989176 0.0 0.0 0.0 0.0 0.0 0.0 0.0 0.0 0.0 3.21567e-05 0.0 0.0 5.96046e-08 0.0 0.0 0.998756 1.84774e-06 0.0 0.0 0.0 0.0 0.0 0.0 0.0 2.98023e-08 0.0 0.0 0.0 0.0 0.0 0.0 0.0 0.0 0.0 0.0 0.0 0.0 0.0 0.0 0.0 0.0 0.0
0.0 0.0240502 0.0 0.0 0.0 0.0 0.0 0.0 1.13249e-06 0.0 2.563e-06 0.00106579 0.0 0.0 0.864123 0.0 0.0 0.0 0.0 0.0 0.812862 0.0 0.902714 0.116018 0.0 0.416607 0.0 0.0 0.0 0.0266759 0.952896 0.0 0.0 0.0 0.0 0.0 0.00205088 0.0 0.0 0.0 0.0 0.0 0.0 0.0 0.0 5.06639e-07 0.0 0.0 0.0 3.27826e-07 0.0 0.0 0.0 8.64267e-07 0.533406 0.0 0.000150621 0.457796 0.0183559 0.0 0.0 0.0 0.0 0.0
0.0 0.907308 0.0 0.0 0.0 0.0 0.0 0.0 0.756273 0.0 0.802061 0.913194 0.0 0.0 0.0118484 0.0 0.0 0.0 0.0 0.0 0.000182509 0.0 0.00156555 0.90583 0.0 0.508463 0.0 0.0 0.0 0.907843 0.00352514 0.0 0.0 0.0 0.0 0.0 0.0 0.0 0.0 0.0 0.0 0.0 0.0 0.0 0.0 0.0 0.0 0.0 0.0 0.0 0.0 0.158108 0.0 0.0 0.220718 0.0 0.901531 4.17233e-06 0.910473 0.0 0.0 0.0 0.0 0.0
0.0 0.0 0.00824407 0.0 0.0 0.0 0.0 0.0 0.0 0.939818 0.0 0.0 0.0 0.0 0.0 0.0 0.0064579 2.98023e-08 0.0 0.0 0.0 1.0 0.0 0.0 0.0315661 0.0 0.0 0.347725 0.0467356 0.0 0.0 0.0 0.0 0.00105962 0.0 0.0 0.0 0.0 0.0 0.0 0.0 0.0 0.0 0.999936 0.0 0.0 0.0297764 0.92984 0.0909131 0.0 0.0 0.0 0.0 0.0 0.0 0.987007 0.0 0.0 0.0 0.00149387 0.0207336 0.84663 0.841593 0.0
0.0 0.916616 0.0 0.0 0.0 0.0 0.0 0.0 0.299736 0.0 0.400134 0.903565 0.0 0.0 0.189959 0.0 0.0 0.0 0.0 0.0 0.00333053 0.0 0.0162849 0.925233 0.0 0.815197 0.0 0.0 0.0 0.921194 0.0282086 0.0 0.0 0.0 0.0 0.0 0.0 0.0 0.0 0.0 0.0 0.0 0.0 0.0 0.0 0.0 0.0 0.0 0.0 0.0 0.0 0.00845394 0.0 0.0 0.765292 0.0 0.835849 7.46548e-05 0.917174 0.0 0.0 0.0 0.0 0.0
0.0 0.0 2.27988e-05 0.0 0.0 0.0 0.0 0.0 0.0 0.000711769 0.0 0.0 0.0 0.0 0.0 0.0 0.000593513 0.0 0.0 0.0 0.0 1.0 0.0 0.0 0.215986 0.0 0.0 1.19209e-07 0.000179648 0.0 0.0 0.0 0.0 0.000830203 0.0 0.0 0.0 0.0 0.0 0.0 0.0 0.0 0.0 0.806371 0.0 0.0 0.00249469 0.140409 8.49366e-06 0.0 0.0 0.0 0.0 0.0 0.0 0.982163 0.0 0.0 0.0 0.019526 2.02656e-06 0.00597173 0.831575 0.0
0.0846736 0.0 1.20997e-05 0.0 0.0 0.0 1.77324e-05 0.0 0.0 0.0135093 0.0 0.0 0.0 0.0 0.0 0.0 0.00191829 0.0 0.00332147 0.0 0.0 1.0 0.0 0.0 0.00308511 0.0 1.19209e-07 0.0 0.00993571 0.0 0.0 4.3124e-05 1.10269e-06 0.954917 0.00141144 0.0 0.0 2.09808e-05 0.0 0.0 0.0 0.0 0.0 0.00620708 0.0 0.0 1.0 0.210485 1.73748e-05 0.0 0.0 0.0 0.0 0.0 0.0 0.104611 0.0 0.0 0.0 0.996996 2.98619e-05 0.042664 0.0934796 0.0
0.999946 0.0 0.0 0.0 0.0 0.0 0.00014171 0.0 0.0 0.0 0.0 0.0 0.0 0.0 0.0 0.0 0.0 0.0 0.0 0.0 0.0 0.21837 0.0 0.0 0.0 0.0 0.0 0.0 0.0 0.0 0.0 0.000126481 0.0 1.19209e-07 0.0 0.0 0.0 0.0 0.0 0.0 0.0 0.0 0.0 0.0 0.0 0.0 1.19209e-06 0.0 0.0 0.0 0.0 0.0 0.0 0.0 0.0 0.0 0.0 0.0 0.0 2.98023e-07 0.0 0.0 0.0 0.0
0.0 5.24521e-05 0.0 0.0 0.0 0.0 0.0 0.0 0.102734 0.0 0.0478127 0.00164679 0.0 0.0 0.0 0.0 0.0 0.0 0.0 0.0 0.0 0.0 0.0 1.94609e-05 0.0 8.04663e-07 0.0 0.0 0.0 0.000172049 0.0 0.0 0.0 0.0 0.0 0.0 0.0 0.0 0.0 0.0 0.0 0.0 0.0 0.0 0.0 0.0 0.0 0.0 0.0 0.0 0.0 0.474978 0.0 0.0 1.78814e-07 0.0 0.00527838 0.0 0.000112832 0.0 0.0 0.0 0.0 0.0
0.0 0.912399 0.0 0.0 0.0 0.0 0.0 0.0 0.225926 0.0 0.320936 0.886208 0.0 0.0 0.246532 0.0 0.0 0.0 0.0 0.0 0.0051471 0.0 0.0194732 0.92023 0.0 0.854859 0.0 0.0 0.0 0.922232 0.0327827 0.0 0.0 0.0 0.0 0.0 5.96046e-08 0.0 0.0 0.0 0.0 0.0 0.0 0.0 0.0 0.0 0.0 0.0 0.0 0.0 0.0 0.0052526 0.0 0.0 0.778145 0.0 0.812212 0.000106573 0.917127 0.0 0.0 0.0 0.0 0.0
0.0 0.0 0.0 0.0 0.0 0.0 0.0457107 0.0 0.0 0.0 0.0 0.0 0.0 0.0 0.0 0.0 0.0 0.0 5.23925e-05 0.0 0.0 6.88434e-06 0.0 0.0 0.0 0.0 0.0 0.0 0.0 0.0 0.0 1.01328e-06 0.0 0.0 1.49012e-07 3.21865e-06 0.0 2.20835e-05 0.999994 0.0 0.0 0.0 0.0 0.0 0.0 0.0 0.0 0.0 0.0 0.0 0.0 0.0 0.0 0.0 0.0 0.0 0.0 0.0 0.0 0.0 0.0 0.0 0.0 0.0
0.0 0.0 5.96046e-08 0.0 0.0 0.0 0.0 0.0 0.0 0.469575 0.0 0.0 0.0 0.0 0.0 0.0 6.25849e-07 0.0 0.0 0.0 0.0 0.999997 0.0 0.0 1.78814e-07 0.0 0.0 5.06639e-07 0.00108474 0.0 0.0 0.0 0.0 0.000112176 0.0 0.0 0.0 0.0 0.0 0.0 0.0 0.0 0.0 0.109888 0.0 0.0 0.00294611 0.989641 0.00502691 0.0 0.0 0.0 0.0 0.0 0.0 0.138326 0.0 0.0 0.0 6.76513e-06 1.53184e-05 0.70186 0.0041219 0.0
0.0 0.0 0.0 0.0 0.0 0.0 0.0 0.0 0.0 0.0 0.0 0.0 0.0 0.0 0.0 0.0 0.0 0.0 0.0 0.0 0.0 0.0 0.0 0.0 0.0 0.0 0.0 0.0 0.0 0.0 0.0 0.0 0.0 0.0 0.0 0.0 0.0 0.0 0.0 0.995926 5.96046e-08 0.0 0.0 0.0 0.0 0.0 0.0 0.0 0.0 0.0 0.0 0.0 0.0 0.0 0.0 0.0 0.0 0.0 0.0 0.0 0.0 0.0 0.0 0.0
0.0 0.0 0.0 0.0 0.997051 0.0 1.99676e-06 0.0 0.0 0.0 0.0 0.0 0.0 0.0 0.0 0.0 0.0 0.0 0.0 0.0 0.0 0.0 0.0 0.0 0.0 0.0 0.0 0.0 0.0 0.0 0.0 0.0 0.0 0.0 0.0 0.0 0.0 0.0 0.0 0.0 0.0 0.0 0.0 0.0 0.0 0.0 0.0 0.0 0.0 0.0 0.0 0.0 0.0 0.0 0.0 0.0 0.0 0.0 0.0 0.0 0.0 0.0 0.0 0.0
0.0 0.139821 0.0 0.0 0.0 0.0 0.0 0.0 2.5332e-06 0.0 5.48363e-06 0.00327209 0.0 0.0 0.992559 0.0 0.0 0.0 0.0 0.0 0.995804 0.0 0.999074 0.510366 0.0 0.903592 0.0 0.0 0.0 0.120418 0.998345 0.0 0.0 0.0 0.0 0.0 0.418657 0.0 0.0 0.0 0.0 0.0 0.0 0.0 0.0 0.000253141 0.0 0.0 0.0 3.57032e-05 0.0 0.0 0.0 0.00103965 0.955844 0.0 0.000438899 0.992399 0.0924587 0.0 0.0 0.0 0.0 0.0
0.0 0.0 0.0 0.0 0.0 0.0 0.0 0.0 0.0 0.0 0.0 0.0 0.0 0.0 5.36442e-07 0.0 0.0 0.0 0.0 0.0 2.61664e-05 0.0 1.68383e-05 0.0 0.0 0.0 0.0 0.0 0.0 0.0 2.29478e-06 0.0 0.0 0.0 0.0 0.0 0.539781 0.0 0.0 0.0 0.0 0.0 0.0 0.0 0.0 0.993923 0.0 0.0 0.0 2.38419e-07 1.60933e-06 0.0 0.0 0.000585705 5.96046e-08 0.0 0.0 0.00128472 0.0 0.0 0.0 0.0 0.0 0.0
0.0 0.0 0.0 0.0 0.0 0.0 0.0 0.0 0.0 0.0 0.0 0.0 0.0 0.0 0.0 0.0 0.0 0.0 0.0 0.0 0.0 0.0 0.0 0.0 0.0 0.0 0.0 0.0 0.0 0.0 0.0 0.0 0.0 0.0 0.0 0.0 0.0 0.0 0.0 4.29153e-06 0.0 0.0 0.0 0.0 0.998209 0.0 0.0 0.0 0.0 0.0 0.0 0.0 0.0 0.0 0.0 0.0 0.0 0.0 0.0 0.0 0.0 0.0 0.0 0.0
0.0 0.0 0.0 0.0 0.0 0.999997 0.0 0.0 0.0 0.0 0.0 0.0 0.0 0.0 0.0 0.0 0.0 0.0 0.0 0.0 0.0 0.0 0.0 0.0 0.0 0.0 0.0 0.0 0.0 0.0 0.0 0.0 0.0 0.0 0.0 0.0 0.0 0.0 0.0 0.0 0.0 0.0 0.0 0.0 0.0 0.0 0.0 0.0 0.0 0.0 0.0 0.0 0.0 0.0 0.0 0.0 0.0 0.0 0.0 0.0 0.0 0.0 0.0 0.0
0.0 0.0 0.0 0.0 0.0 0.0 0.0 0.0 0.0 0.0 0.0 0.0 0.0 0.0 2.27392e-05 0.0 0.0 0.0 0.0 0.0 0.00192791 0.0 0.00129184 0.0 0.0 1.49012e-07 0.0 0.0 0.0 0.0 9.66787e-05 0.0 0.0 0.0 0.0 0.0 0.9764 0.0 0.0 0.0 0.0 0.0 0.0 0.0 0.0 0.736412 0.0 0.0 0.0 2.08616e-07 1.19209e-07 0.0 0.0 0.000160664 3.27826e-07 0.0 0.0 0.0973774 0.0 0.0 0.0 0.0 0.0 0.0
0.0 0.0 0.0 0.0 0.0 0.0 0.0 0.0 0.0 0.0 0.0 0.0 0.0 0.0 0.0 0.0 0.0 0.0 0.0 0.0 0.0 0.0 0.0 0.0 0.0 0.0 0.0 0.0 0.0 0.0 0.0 0.0 0.0 0.0 0.0 0.0 8.9407e-08 0.0 0.0 0.0 0.000241131 0.0 0.0 0.0 0.0 8.9407e-08 0.0 0.0 0.0 7.17044e-05 0.992326 0.0 0.0 0.00145009 0.0 0.0 0.0 0.0 0.0 0.0 0.0 0.0 0.0 0.0
0.0 0.0 0.0 0.0 0.0 0.0 0.0 0.0 0.0 0.0 0.0 0.0 0.0 0.0 0.0 0.0 0.0 0.0 0.0 0.0 0.0 0.570788 0.0 0.0 0.0 0.0 0.0 0.0 0.0 0.0 0.0 0.0 0.0 0.0 0.0 0.0 0.0 0.0 0.0 0.0 0.0 0.0 0.0 0.0 0.0 0.0 0.0 0.0 0.0 0.0 0.0 0.0 0.0 0.0 0.0 0.0 0.0 0.0 0.0 0.0 0.0 0.0 0.0 0.0
0.0 0.0 0.0 0.0 0.0 0.0 0.0 0.0 0.0 0.0 0.0 0.0 0.0 0.0 8.9407e-08 0.0 0.0 0.0 0.0 0.0 1.01924e-05 0.0 4.50015e-06 0.0 0.0 0.0 0.0 0.0 0.0 0.0 2.68221e-07 0.0 0.0 0.0 0.0 0.0 0.74717 0.0 0.0 0.0 0.0 0.0 0.0 0.0 0.0 0.97528 0.0 0.0 0.0 0.0 0.0 0.0 0.0 3.66569e-06 0.0 0.0 0.0 0.00133425 0.0 0.0 0.0 0.0 0.0 0.0
1.92821e-05 0.0 0.000280052 0.0 0.0 0.0 0.000744253 0.0 0.0 8.9407e-08 0.0 0.0 0.0 0.0 0.0 0.0 0.0482203 0.0 4.58956e-06 0.0 0.0 1.0 0.0 0.0 0.945347 0.0 0.0 0.0 7.69794e-05 0.0 0.0 0.0 0.0 0.581608 1.10269e-06 0.0 0.0 0.00254077 0.0 0.0 0.0 8.9407e-08 0.0 0.00947803 0.0 0.0 0.00303796 4.21703e-05 0.0 0.0 0.0 0.0 0.0 0.0 0.0 0.0058493 0.0 0.0 0.0 0.909955 5.66244e-07 2.08616e-07 0.984248 0.0
0.0 0.0 0.0 0.0 0.0 0.0 0.0 0.999999 0.0 0.0 0.0 0.0 0.0 0.0 0.0 0.0 0.0 0.0 0.0 0.0 0.0 0.0 0.0 0.0 0.0 0.0 0.0 0.0 0.0 0.0 0.0 0.0 0.0 0.0 0.0 0.0 0.0 0.0 0.0 0.0 1.49012e-07 0.0 0.0 0.0 0.0 0.0 0.0 0.0 0.0 0.0 0.0 0.0 0.0 0.0 0.0 0.0 0.0 0.0 0.0 0.0 0.0 0.0 0.0 0.0
0.0 2.15173e-05 0.0 0.0 0.0 0.0 0.0 0.0 0.0 0.0 0.0 1.19209e-07 0.0 0.0 0.602399 0.0 0.0 0.0 0.0 0.0 0.940614 0.0 0.667478 0.000234157 0.0 0.0144496 0.0 0.0 0.0 1.29044e-05 0.339873 0.0 0.0 0.0 0.0 0.0 0.754409 0.0 0.0 0.0 0.0 0.0 0.0 0.0 0.0 0.00170907 0.0 0.0 0.0 1.19209e-07 0.0 0.0 0.0 5.21541e-05 0.0664748 0.0 0.0 0.96594 1.12057e-05 0.0 0.0 0.0 0.0 0.0
0.0 0.0 0.0 0.0 0.0 0.0 0.0 0.0 0.0 2.38419e-07 0.0 0.0 0.0 0.0 0.0 0.0 0.0 0.0 0.0 0.0 0.0 0.999999 0.0 0.0 0.0 0.0 0.0 0.0 0.0 0.0 0.0 0.0 0.0 0.998482 1.78814e-07 0.0 0.0 0.0 0.0 0.0 0.0 0.0 0.0 1.3113e-06 0.0 0.0 0.000153005 6.25849e-07 0.0 0.0 0.0 0.0 0.0 0.0 0.0 1.60933e-06 0.0 0.0 0.0 6.85453e-07 0.0 8.49366e-06 0.0 0.0
0.0 0.0 1.19209e-07 1.81794e-06 0.0 0.0 0.0 0.0 0.0 0.999187 0.0 0.0 0.0 0.0 0.0 0.0 8.9407e-08 0.0 0.0 0.0 0.0 0.999843 0.0 0.0 0.0 0.0 4.50611e-05 0.0 5.24819e-05 0.0 0.0 0.0 2.17557e-06 1.19209e-07 0.0 0.0 0.0 0.0 0.0 0.0 0.0 0.0 0.0 8.55327e-06 0.0 0.0 0.0866632 0.032075 0.0194582 0.0 0.0 0.0 0.0 0.0 0.0 0.000499904 0.0 0.0 0.0 0.0 0.0111743 0.740108 3.39746e-06 0.0
0.0 0.0 0.0 0.0 0.0 0.0 0.0 0.0 0.0 0.539645 0.0 0.0 0.0 0.0 0.0 0.0 0.0 0.0 0.0 0.0 0.0 0.999999 0.0 0.0 0.0 0.0 5.01275e-05 0.0 3.27826e-07 0.0 0.0 0.0 0.0 2.08616e-07 0.0 0.0 0.0 0.0 0.0 0.0 0.0 0.0 0.0 2.05636e-06 0.0 0.0 0.00667062 0.0114142 8.66354e-05 0.0 0.0 0.0 0.0 0.0 0.0 9.27746e-05 0.0 0.0 0.0 1.49012e-07 6.85453e-07 0.994668 2.38419e-06 0.0
0.0 0.695453 0.0 0.0 0.0 0.0 0.0 0.0 0.000139087 0.0 0.000311971 0.129885 0.0 0.0 0.936831 0.0 0.0 0.0 0.0 0.0 0.85146 0.0 0.620011 0.889942 0.0 0.930904 0.0 0.0 0.0 0.670635 0.689697 0.0 0.0 0.0 0.0 0.0 0.000125676 0.0 0.0 0.0 0.0 0.0 0.0 0.0 0.0 2.98023e-08 0.0 0.0 0.0 8.9407e-08 0.0 1.01328e-06 0.0 5.96046e-08 0.939298 0.0 0.0234346 0.195151 0.68301 0.0 0.0 0.0 0.0 0.0
0.0 0.0 0.0 0.0 0.0 0.0 0.0 0.0 0.0 0.0 0.0 0.0 0.0 0.0 1.78814e-07 0.0 0.0 0.0 0.0 0.0 2.80142e-06 0.0 1.07288e-06 0.0 0.0 0.0 0.0 0.0 0.0 0.0 2.08616e-07 0.0 0.0 0.0 0.0 0.0 1.00434e-05 0.0 0.0 0.0 0.0 0.0 0.0 0.0 0.0 1.3411e-06 0.0 0.0 0.0 0.00144765 0.00337762 0.0 0.0 0.979493 5.96046e-08 0.0 0.0 1.37389e-05 0.0 0.0 0.0 0.0 0.0 0.0
0.0 0.0 0.0 0.0 0.0 0.0 0.0 0.0 0.000174403 0.0 9.58741e-05 4.17233e-07 0.0 0.0 0.0 0.0 0.0 0.0 0.0 0.0 0.0 0.0 0.0 0.0 0.0 0.0 0.0 0.0 0.0 0.0 0.0 0.0 0.0 0.0 0.0 0.0 0.0 0.0 0.0 0.0 0.0 0.0 0.0 0.0 0.0 0.0 0.0 0.0 0.0 0.0 0.0 0.00947705 0.0 0.0 0.0 0.0 2.5034e-06 0.0 0.0 0.0 0.0 0.0 0.0 0.0
0.0 0.0 0.0 0.0 0.0 0.0 0.0 0.0 0.0 0.0 0.0 0.0 0.0 0.0 0.0 0.0 0.0 0.0 0.0 0.0 0.0 0.0 0.0 0.0 0.0 0.0 0.0 0.0 0.0 0.0 0.0 0.0 0.0 0.0 0.0 0.0 0.0 0.0 0.0 0.0 0.996479 0.0 0.0 0.0 0.0 0.0 0.0 0.0 0.0 1.19209e-07 0.000105262 0.0 0.0 0.0 0.0 0.0 0.0 0.0 0.0 0.0 0.0 0.0 0.0 0.0
0.0 0.194068 0.0 0.0 0.0 0.0 0.0 0.0 3.27826e-06 0.0 7.30157e-06 0.00518507 0.0 0.0 0.945991 0.0 0.0 0.0 0.0 0.0 0.934208 0.0 0.865723 0.604938 0.0 0.886653 0.0 0.0 0.0 0.185916 0.908244 0.0 0.0 0.0 0.0 0.0 0.00151163 0.0 0.0 0.0 0.0 0.0 0.0 0.0 0.0 2.68221e-07 0.0 0.0 0.0 5.96046e-08 0.0 0.0 0.0 5.66244e-07 0.91544 0.0 0.000616312 0.682962 0.15751 0.0 0.0 0.0 0.0 0.0
0.0 0.923953 0.0 0.0 0.0 0.0 0.0 0.0 0.177534 0.0 0.284232 0.896584 0.0 0.0 0.464147 0.0 0.0 0.0 0.0 0.0 0.0137261 0.0 0.0357942 0.932645 0.0 0.883643 0.0 0.0 0.0 0.92786 0.0609028 0.0 0.0 0.0 0.0 0.0 1.78814e-07 0.0 0.0 0.0 0.0 0.0 0.0 0.0 0.0 0.0 0.0 0.0 0.0 0.0 0.0 0.0026103 0.0 0.0 0.865147 0.0 0.784694 0.000297308 0.924251 0.0 0.0 0.0 0.0 0.0
0.0 0.0 0.0 0.999936 0.0 0.0 0.0 0.0 0.0 0.000210285 0.0 0.0 0.0 0.0 0.0 0.0 0.0 0.0 0.0 0.0 0.0 0.0481362 0.0 0.0 0.0 0.0 0.0 0.0 0.000736386 0.0 0.0 0.0 1.77324e-05 0.0 0.0 0.0 0.0 0.0 0.0 0.0 0.0 0.0 0.0 0.0 0.0 0.0 2.05338e-05 1.19209e-07 2.33948e-05 0.0 0.0 0.0 0.0 0.0 0.0 0.0 0.0 0.0 0.0 0.0 0.12037 0.0 0.0 0.0
0.0 2.08616e-07 0.0 0.0 0.0 0.0 0.0 0.0 0.00243616 0.0 0.0013274 5.81145e-06 0.0 0.0 0.0 0.0 0.0 0.0 0.0 0.0 0.0 0.0 0.0 2.98023e-08 0.0 0.0 0.0 0.0 0.0 8.9407e-08 0.0 0.0 0.0 0.0 0.0 0.0 0.0 0.0 0.0 0.0 0.0 0.0 0.0 0.0 0.0 0.0 0.0 0.0 0.0 0.0 0.0 0.0675698 0.0 0.0 0.0 0.0 3.48687e-05 0.0 1.78814e-07 0.0 0.0 0.0 0.0 0.0
0.0 0.00262249 0.0 0.0 0.0 0.0 0.0 0.0 5.96046e-08 0.0 8.9407e-08 2.22325e-05 0.0 0.0 0.923479 0.0 0.0 0.0 0.0 0.0 0.954212 0.0 0.816399 0.0268522 0.0 0.418715 0.0 0.0 0.0 0.00158677 0.733892 0.0 0.0 0.0 0.0 0.0 0.0834046 0.0 0.0 0.0 0.0 0.0 0.0 0.0 0.0 3.06368e-05 0.0 0.0 0.0 8.9407e-08 0.0 0.0 0.0 1.055e-05 0.689151 0.0 2.65241e-06 0.945802 0.00138438 0.0 0.0 0.0 0.0 0.0
0.0 0.668723 0.0 0.0 0.0 0.0 0.0 0.0 0.892348 0.0 0.894749 0.899845 0.0 0.0 0.000136346 0.0 0.0 0.0 0.0 0.0 2.17557e-06 0.0 2.11895e-05 0.402768 0.0 0.0157041 0.0 0.0 0.0 0.764714 5.48363e-05 0.0 0.0 0.0 0.0 0.0 0.0 0.0 0.0 0.0 0.0 0.0 0.0 0.0 0.0 0.0 0.0 0.0 0.0 0.0 0.0 0.766177 0.0 0.0 0.00310785 0.0 0.895774 5.96046e-08 0.732403 0.0 0.0 0.0 0.0 0.0
2.98023e-08 0.0 0.999768 0.0 0.0 0.0 0.0 0.0 0.0 3.8743e-07 0.0 0.0 0.0 0.0 0.0 0.0 2.68221e-07 0.0 0.0 0.0 0.0 0.765781 0.0 0.0 1.3113e-06 0.0 0.0 0.0 0.0 0.0 0.0 9.53674e-07 0.0 0.0 0.0 0.0 0.0 0.0 0.0 0.0 0.0 0.0 0.0 0.0 0.0 0.0 2.98023e-07 2.98023e-08 0.0 0.0 0.0 0.0 0.0 0.0 0.0 3.8743e-07 0.0 0.0 0.0 9.77516e-06 1.54972e-06 8.9407e-08 2.71201e-06 0.0
0.0 0.0 8.9407e-08 0.0 0.0 0.0 0.0 0.0 0.0 0.000214875 0.0 0.0 0.0 0.0 0.0 0.0 1.19209e-07 0.0 0.0 0.0 0.0 1.0 0.0 0.0 1.66893e-06 0.0 1.39475e-05 0.00010857 1.06692e-05 0.0 0.0 0.0 0.0 1.56164e-05 0.0 0.0 0.0 0.0 0.0 0.0 0.0 0.0 0.0 0.0491094 0.0 0.0 0.626546 0.000203133 6.25849e-07 0.0 0.0 0.0 0.0 0.0 0.0 0.0097799 0.0 0.0 0.0 0.000200421 4.17233e-07 0.0185766 0.00045836 0.0
0.0 0.0 0.0 0.0 0.0 0.0 0.0 0.0 0.0 2.98023e-08 0.0 0.0 0.0 0.0 0.0 0.965519 0.0 0.0 0.0 0.0 0.0 0.00171006 0.0 0.0 0.0 0.0 0.0 0.0 0.0 0.0 0.0 0.0 1.19209e-07 0.0 0.0 0.0 0.0 0.0 0.0 0.0 0.0 0.0 0.0 0.0 0.0 0.0 0.00223595 0.0 0.0 0.0 0.0 0.0 0.0 0.0 0.0 0.0 0.0 0.0 0.0 0.0 0.0 0.0 0.0 0.0
5.57303e-06 0.0 0.0 0.0 0.0 0.0 3.08752e-05 0.0 0.0 0.0 0.0 0.0 0.0 0.0 0.0 0.0 0.0 0.0 0.999419 0.0 0.0 0.799979 0.0 0.0 0.0 0.0 0.0 0.0 0.0 0.0 0.0 4.47035e-05 0.0 0.0 0.0 0.0 0.0 6.13928e-06 8.37445e-06 0.0 0.0 0.0 0.0 0.0 0.0 0.0 3.8147e-06 0.0 0.0 0.0 0.0 0.0 0.0 0.0 0.0 0.0 0.0 0.0 0.0 5.66244e-07 0.0 0.0 0.0 0.0
0.0 0.0 6.58631e-06 0.0 0.0 0.0 0.0 0.0 0.0 1.19209e-07 0.0 0.0 0.0 0.0 0.0 0.0 0.0039624 0.0 0.0 0.0 0.0 1.0 0.0 0.0 0.988805 0.0 0.0 0.0 0.000242233 0.0 0.0 0.0 0.0 4.11272e-06 0.0 0.0 0.0 0.0 0.0 0.0 0.0 0.0 0.0 0.00996202 0.0 0.0 0.000421673 3.36766e-05 0.0 0.0 0.0 0.0 0.0 0.0 0.0 0.127319 0.0 0.0 0.0 0.233297 2.65241e-06 6.55651e-07 0.996604 0.0
63 32 26 48 59 6 52 42 24 47 55 61 2 31 40 45 43 9 3 15 28 38 50 57 62 17 60 27 0 5 53 20 18 16 21 46 35 49 14 25 13 12 37 33 22 54 23 58 34 19 44 39 30 1 11 10 4 41 7 36 29 56 8 51
