8
0.0 0.0 0.0 0.0 0.0 0.0 0.0 0.0 0.0 0.0 0.997821 0.0 0.0 0.0 0.0 0.0 0.0 0.0 0.0 0.0 0.0 0.0 0.0 0.0 0.0 0.0 0.0 0.0 0.0 0.00029856 0.0 0.0 0.0 0.0 0.0 0.0 0.0 8.9407e-08 0.0 0.0 0.0 0.0 0.0 7.7486e-07 0.0 0.0 0.0 0.0 0.0 0.0 0.0 0.0 6.25849e-07 0.0 0.0 0.0 0.0 5.427e-05 0.0 0.0 0.0 0.0 0.0 0.0
0.00199482 7.7486e-07 0.267446 0.984955 0.0 0.999276 0.0 0.655773 0.0301192 0.0 0.0 0.0 0.0 0.0 1.87755e-06 0.0 0.905423 6.10948e-06 1.19209e-07 0.0 0.0 0.00181222 0.961512 0.311268 0.0 0.0121192 0.00402302 0.0 0.0 0.0 0.0 0.0 0.00450709 0.0 0.0 9.74536e-06 0.0 0.00065726 0.0 0.0 0.975867 0.506289 0.0 0.0 0.0 0.00691819 0.823277 0.0 0.95443 0.744309 0.0 0.0 0.0 0.741076 0.000501007 0.0 9.23872e-07 5.96046e-08 0.931455 0.0 0.0 0.0 0.0 0.0
0.0 0.951959 0.000112534 0.490347 0.0 0.999998 0.0 0.000217259 0.011173 0.0 0.0 0.0 0.0 0.0 0.00219116 1.09971e-05 0.00156572 0.00541916 0.0 0.0 0.0 0.999028 0.599255 1.4931e-05 0.0 2.08616e-07 5.96046e-08 0.0 0.0 0.0 0.0 0.0 0.983179 0.0 0.0 0.00231162 0.0 0.0 0.0 0.0 0.737665 0.992529 0.291654 0.0 0.0 1.19209e-07 0.00130495 0.0 0.0294203 0.783882 0.0 0.0 0.0 0.235094 0.000991195 0.0 0.000352532 0.0 0.558594 0.0 0.0 0.0 2.98023e-07 0.168085
0.000295252 2.77162e-06 0.0993674 0.968468 0.0 0.999914 0.0 0.578241 0.0817554 0.0 0.0 0.0 0.0 0.0 1.09375e-05 0.0 0.535182 4.25875e-05 0.0 0.0 0.0 0.00627789 0.99051 0.0988144 0.0 0.00130054 0.000670254 0.0 0.0 0.0 0.0 0.0 0.0118977 0.0 0.0 2.95043e-06 0.0 0.000104427 0.0 0.0 0.898926 0.474685 8.9407e-08 0.0 0.0 0.000854135 0.77622 0.0 0.903403 0.47379 0.0 0.0 0.0 0.952795 7.39992e-05 0.0 1.75834e-06 0.0 0.953071 0.0 0.0 0.0 0.0 0.0
0.0 0.0 0.0 0.0 0.509244 0.0 0.0 0.0 0.0 0.0 0.0 0.0 0.0 2.98023e-08 0.0 0.0 0.0 0.0 0.0 0.322547 0.0 0.0 0.0 0.0 2.08616e-07 0.0 0.0 0.0 0.0 0.0 0.00932604 0.0 0.0 0.0 0.0 0.0 0.0 0.0 0.0 0.0 0.0 0.0 0.0 0.993163 0.0 0.0 0.0 0.0 0.0 0.0 0.0 7.04527e-05 0.000101626 0.0 0.0 0.992692 0.0 0.0 0.0 0.0 0.0 0.0 0.0 0.0
0.0 0.0 0.0 0.0 0.0 0.0 0.0166741 0.0 0.0 2.98023e-07 0.0 0.0 0.0 7.15256e-07 0.0 0.0 0.0 0.0 0.0 0.0 0.0 0.0 0.0 0.0 0.0 0.0 0.0 0.927212 0.0 0.0 0.0 0.0 0.0 0.0 0.861114 0.0 0.0 0.0 0.0 0.0 0.0 0.0 0.0 0.0 8.00788e-05 0.0 0.0 0.988473 0.0 0.0 0.0 1.19209e-07 0.0 0.0 0.0 0.0 0.0 0.0 0.0 0.0 0.0 0.0 0.0 0.0
0.0 0.0 0.0 0.0 0.0 0.0 0.0 0.0 0.0 0.0 0.0 0.000294387 0.0 0.0 0.0 0.0 0.0 0.0 0.0 0.0 0.0 0.0 0.0 0.0 0.0 0.0 0.0 0.0 0.0 0.0 0.0 4.47035e-07 0.0 0.0 0.0 0.0 0.0 0.0 0.0 0.0 0.0 0.0 0.0 0.0 0.0 0.0 0.0 0.0 0.0 0.0 0.0 0.0 0.0 0.0 0.0 0.0 0.0 0.0 0.0 0.0 0.993315 0.0 0.0 0.0
0.0 0.0 0.0 0.0 0.00013575 0.0 0.0 0.0 0.0 0.0 0.0 0.0 0.0 0.000192732 0.0 0.0 0.0 0.0 0.0 0.000458509 0.0 0.0 0.0 0.0 0.999928 0.0 0.0 0.0 0.0 0.0 0.0053876 0.0 0.0 0.0 0.0 0.0 0.0 0.0 5.66244e-07 0.0 0.0 0.0 0.0 0.00132406 0.0 0.0 0.0 0.0 0.0 0.0 0.0 5.78165e-06 6.79493e-06 0.0 0.0 8.79169e-05 0.0 0.0 0.0 0.0 0.0 0.0 0.0 0.0
0.000370622 1.35899e-05 0.0102554 0.881138 0.0 0.999286 0.0 0.267804 0.0455003 0.0 0.0 0.0 0.0 0.0 3.54648e-06 0.0 0.679361 7.98702e-05 8.04663e-07 0.0 0.0 0.0103183 0.912373 0.0486409 0.0 0.00277609 0.000405937 0.0 0.0 0.0 0.0 0.0 0.0549955 0.0 0.0 1.34408e-05 0.0 0.000122488 0.0 0.0 0.940864 0.944495 2.68221e-07 0.0 0.0 0.00111097 0.337205 0.0 0.693969 0.422939 0.0 0.0 0.0 0.763822 0.028987 0.0 1.78814e-07 0.0 0.98915 0.0 0.0 0.0 0.0 1.19209e-07
2.08616e-07 0.0 2.82824e-05 0.0 0.0 1.19209e-07 0.0 7.15256e-07 0.0 0.0 0.00020659 0.0 0.0 0.0 0.0 0.0 1.19209e-07 0.0 0.0 0.0 0.0 0.0 0.0 2.77162e-06 0.0 1.78814e-07 0.000651747 0.0 0.0 0.996667 0.0 0.0 0.0 0.0 0.0 0.0 0.0 4.51803e-05 0.0 0.0 0.0 0.0 0.0 0.0 0.0 2.98023e-07 2.68221e-07 0.0 8.9407e-08 0.0 0.0 0.0 0.0 0.0 0.0 0.0 0.0 0.00391462 0.0 0.0 0.0 0.0 0.0 0.0
0.0 0.0 0.0 0.0 0.0 0.0 0.0 0.0 0.0 0.0 0.0 0.0 0.0 0.0 0.0 0.0 0.0 0.0 0.0 0.0 0.0 0.0 0.0 0.0 0.0 0.0 0.0 0.0 0.000613093 0.0 0.0 0.0 0.0 0.0 0.0 0.0 0.0 0.0 0.0 0.0 0.0 0.0 0.0 0.0 0.0 0.0 0.0 0.0 0.0 0.0 0.999897 0.0 0.0 0.0 0.0 0.0 0.0 0.0 0.0 0.0 0.0 0.0 0.0 0.0
0.0 0.0 0.0 0.0 0.0 0.0 0.0 0.0 0.0 0.0 0.0 0.0 0.0 0.0 0.0 0.0 0.0 0.0 0.0 0.0 0.0 0.0 0.0 0.0 0.0 0.0 0.0 0.0 0.999599 0.0 0.0 2.05636e-06 0.0 0.0 0.0 0.0 0.0 0.0 0.0 0.0 0.0 0.0 0.0 0.0 0.0 0.0 0.0 0.0 0.0 0.0 0.00210574 0.0 0.0 0.0 0.0 0.0 0.0 0.0 0.0 0.0 0.0 0.0 0.0 0.0
0.155323 0.0 0.88867 0.066404 0.0 0.90298 0.0 0.945136 0.000216931 0.0 0.0 0.0 0.0 0.0 4.47035e-07 0.0 0.747889 1.49012e-07 5.06639e-07 0.0 0.0 8.9407e-08 0.0499876 0.990441 0.0 0.269464 0.596406 0.0 0.0 1.19209e-06 0.0 0.0 1.49012e-07 0.0 0.0 0.0 0.0 0.441294 0.0 0.0 0.0128981 9.32217e-05 0.0 2.98023e-08 0.0 0.13284 0.901837 0.0 0.590952 0.00374135 0.0 0.0 8.9407e-08 0.143764 1.60933e-06 0.0 0.0 8.96752e-05 0.010001 0.0 0.0 0.0 0.0 0.0
0.0 0.0 0.0 0.0 0.0 0.0 0.0 0.0 0.0 0.0 0.0 0.0 0.0 0.0 0.0 0.0 0.0 0.0 0.0 0.0 0.999241 0.0 0.0 0.0 0.0 0.0 0.0 0.0 0.0 0.0 0.0 0.0 0.0 0.0 0.0 0.0 0.0 0.0 0.0 0.0 0.0 0.0 0.0 0.0 0.0 0.0 0.0 0.0 0.0 0.0 0.0 0.0 0.0 0.0 0.0 0.0 0.0 0.0 0.0 0.0 0.0 0.0 0.0 0.0
0.0 0.0147504 1.46031e-06 4.20511e-05 0.0 0.999441 0.0 8.64267e-07 0.000273257 0.0 0.0 0.0 0.0 0.0 0.000199467 3.15309e-05 1.63913e-06 0.998052 0.0 0.0 0.0 0.0261402 0.000163347 3.27826e-07 0.0 0.0 0.0 0.0 0.0 0.0 0.0 0.0 0.00230774 0.0 0.0 2.98023e-08 0.0 0.0 0.0 0.0 4.21107e-05 0.00043571 0.00065434 0.0 0.0 0.0 5.84126e-06 0.0 4.81308e-05 4.70877e-06 0.0 0.0 0.0 0.000553042 8.34465e-07 0.0 0.00752258 0.0 9.11653e-05 0.0 0.0 0.0 8.9407e-08 0.00250903
0.0 0.905894 1.96397e-05 0.103733 0.0 0.999994 0.0 2.87294e-05 0.0115989 0.0 0.0 0.0 0.0 0.0 1.89543e-05 2.65241e-06 0.000169575 0.00496659 0.0 0.0 0.0 0.995775 0.0831848 2.26498e-06 0.0 1.19209e-07 0.0 0.0 0.0 0.0 0.0 0.0 0.996581 0.0 0.0 0.000653148 0.0 0.0 0.0 0.0 0.307238 0.982095 0.0844839 0.0 0.0 8.9407e-08 0.000100195 0.0 0.00399145 0.203943 0.0 0.0 0.0 0.0904792 0.0075272 0.0 9.12845e-05 0.0 0.300557 0.0 0.0 0.0 0.0 0.106799
0.886454 0.0 0.0271727 3.83556e-05 0.0 0.00657013 0.0 0.0434694 2.08616e-07 0.0 0.0 0.0 0.0 0.0 0.0 0.0 0.00463051 0.0 2.18451e-05 0.0 0.0 0.0 1.69575e-05 0.089216 0.0 0.813621 0.450628 0.0 0.0 2.98023e-08 5.96046e-08 0.0 0.0 0.0 0.0 0.0 0.0 0.540823 0.0 0.0 8.55327e-06 1.19209e-07 0.0 2.69413e-05 0.0 0.993155 0.0195635 0.0 0.000616193 1.37091e-06 0.0 0.0 0.000697762 2.07722e-05 4.44055e-06 0.0 0.0 4.21703e-05 3.63588e-06 0.0 0.0 0.0 0.0 0.0
4.5836e-05 1.46031e-06 0.0255395 0.134256 0.0 0.999452 0.0 0.179311 0.998391 0.0 0.0 0.0 0.0 0.0 0.000470966 0.0 0.0291219 0.000143737 0.0 0.0 0.0 0.00100842 0.231914 0.00587711 0.0 0.0009363 0.0011273 0.0 0.0 5.96046e-08 0.0 0.0 0.000826031 0.0 0.0 1.78814e-07 0.0 0.000269473 0.0 0.0 0.148003 0.0144278 0.0 0.0 0.0 2.71499e-05 0.130315 0.0 0.0450895 0.0172965 0.0 0.0 0.0 0.50668 5.69522e-05 0.0 0.00051704 6.25849e-07 0.113604 0.0 0.0 0.0 0.0 2.98023e-08
0.65529 0.0 0.0257374 2.5928e-06 0.0 0.00173673 0.0 0.0440815 5.06639e-07 0.0 0.0 0.0 0.0 0.0 0.0 0.0 0.00248006 0.0 4.76837e-07 0.0 0.0 0.0 1.84774e-06 0.270456 0.0 0.253842 0.98571 0.0 0.0 7.21216e-06 5.96046e-08 0.0 0.0 0.0 0.0 0.0 0.0 0.941764 0.0 0.0 5.66244e-07 0.0 0.0 0.000247985 0.0 0.430959 0.0230617 0.0 0.000131071 1.19209e-07 0.0 0.0 0.0013704 5.51343e-06 0.0 0.0 0.0 0.0138747 3.57628e-07 0.0 0.0 0.0 0.0 0.0
0.0 0.0 0.0 0.0 0.985447 0.0 0.0 0.0 0.0 0.0 0.0 0.0 0.0 8.9407e-08 0.0 0.0 0.0 0.0 0.0 0.967137 0.0 0.0 0.0 0.0 1.15037e-05 0.0 0.0 0.0 0.0 0.0 0.192484 0.0 0.0 0.0 0.0 0.0 0.0 0.0 0.0 0.0 0.0 0.0 0.0 0.444918 0.0 0.0 0.0 0.0 0.0 0.0 0.0 0.0589407 1.7345e-05 0.0 0.0 0.782067 0.0 0.0 0.0 0.0 0.0 0.0 0.0 0.0
0.0 0.0 0.0 0.0 0.00109079 0.0 0.0 0.0 0.0 0.0 0.0 0.0 0.0 0.0 0.0 0.0 0.0 0.0 0.0 0.00118497 0.0 0.0 0.0 0.0 2.98023e-08 0.0 0.0 2.08616e-07 0.0 0.0 8.76188e-06 0.0 0.0 0.0 8.04663e-06 0.0 0.0 0.0 0.0 0.0 0.0 0.0 0.0 9.98378e-06 0.0 0.0 0.0 2.68221e-07 0.0 0.0 0.0 0.999188 1.19209e-06 0.0 0.0 5.39422e-06 0.0 0.0 0.0 0.0 0.0 0.0 0.0 0.0
0.0 0.0 0.0 0.0 0.0 0.0 0.0 0.0 0.0 0.0 0.0 0.0 2.88188e-05 0.0 0.0 0.0 0.0 0.0 0.0 0.0 0.0 0.0 0.0 0.0 0.0 0.0 0.0 0.0 0.0 0.0 0.0 0.0 0.0 2.98023e-08 0.0 0.0 0.998363 0.0 0.0 0.0 0.0 0.0 0.0 0.0 0.0 0.0 0.0 0.0 0.0 0.0 0.0 0.0 0.0 0.0 0.0 0.0 0.0 0.0 0.0 0.0 0.0 0.0 0.0 0.0
0.0 0.0 0.0 0.0 0.0 0.0 0.0 0.0 0.0 0.0 0.0 0.0 0.0 0.0 0.0 0.0 0.0 0.0 0.0 0.0 0.0 0.0 0.0 0.0 1.81496e-05 0.0 0.0 0.0 0.0 0.0 0.0 0.0 0.0 0.0 0.0 0.0 0.0 0.0 0.998792 0.0 0.0 0.0 0.0 0.0 0.0 0.0 0.0 0.0 0.0 0.0 0.0 0.0 0.0 0.0 0.0 0.0 0.0 0.0 0.0 0.0 0.0 0.0 0.0 0.0
0.0 0.994001 6.31809e-06 0.0627084 0.0 0.999999 0.0 9.95398e-06 0.0279354 0.0 0.0 0.0 0.0 0.0 0.000628948 0.000142515 9.53972e-05 0.00721532 0.0 0.0 0.0 0.999866 0.104749 7.15256e-07 0.0 0.0 0.0 0.0 0.0 0.0 0.0 0.0 0.995169 0.0 0.0 0.00129631 0.0 0.0 0.0 0.0 0.310391 0.97982 0.714319 0.0 0.0 0.0 6.69062e-05 0.0 0.00290608 0.0388688 0.0 0.0 0.0 0.0488939 0.00253904 0.0 0.00343469 0.0 0.208769 0.0 0.0 0.0 8.9407e-08 0.771329
8.04663e-07 0.0 1.65701e-05 0.0 1.49012e-07 7.15256e-07 0.0 1.10269e-06 0.0 0.0 1.3113e-06 0.0 0.0 0.0 0.0 0.0 2.98023e-08 0.0 0.0 0.0 0.0 0.0 0.0 1.07288e-05 0.0 1.78814e-07 0.00454938 0.0 0.0 0.000181377 1.19209e-06 0.0 0.0 0.0 0.0 0.0 0.0 0.000524372 0.0 0.0 0.0 0.0 0.0 0.00562382 0.0 1.10269e-06 4.76837e-07 0.0 0.0 0.0 0.0 0.0 0.00183973 0.0 0.0 3.39746e-06 0.0 0.995705 0.0 0.0 0.0 0.0 0.0 0.0
0.987673 0.0 0.0194775 3.25143e-05 0.0 0.000947475 0.0 0.112913 5.96046e-07 0.0 0.0 0.0 0.0 0.0 0.0 0.0 0.0198857 0.0 4.45545e-05 0.0 0.0 0.0 2.31862e-05 0.136384 0.0 0.951329 0.499394 0.0 0.0 0.0 0.0 0.0 0.0 0.0 0.0 0.0 0.0 0.71872 0.0 0.0 7.06315e-06 8.9407e-08 0.0 7.03335e-06 0.0 0.831599 0.00847822 0.0 0.00122073 2.05636e-06 0.0 0.0 0.000105143 5.6088e-05 2.95043e-06 0.0 0.0 7.48038e-06 5.126e-06 0.0 0.0 0.0 0.0 0.0
0.0703296 0.0 0.995962 0.206447 0.0 0.945567 0.0 0.931689 0.000797808 0.0 0.0 0.0 0.0 0.0 7.7486e-07 0.0 0.64528 3.8743e-07 0.0 0.0 0.0 3.8743e-07 0.124264 0.914409 0.0 0.168372 0.713847 0.0 0.0 1.3113e-05 0.0 0.0 1.2219e-06 0.0 0.0 0.0 0.0 0.337326 0.0 0.0 0.0575966 9.12547e-05 0.0 2.98023e-08 0.0 0.169329 0.734238 0.0 0.702695 0.0106304 0.0 0.0 8.9407e-08 0.22887 3.8445e-06 0.0 5.96046e-08 0.000396699 0.0141357 0.0 0.0 0.0 0.0 0.0
0.0 0.0 0.0 0.0 0.0 0.0 0.0 0.0 0.0 0.0 0.0 0.0 0.0 0.994938 0.0 0.0 0.0 0.0 0.0 2.38419e-07 0.0 0.0 0.0 0.0 5.0962e-06 0.0 0.0 1.7494e-05 0.0 0.0 0.0 0.0 0.0 0.0 8.19564e-06 0.0 0.0 0.0 0.0 0.0 0.0 0.0 0.0 3.14116e-05 1.19209e-07 0.0 0.0 3.8743e-07 0.0 0.0 0.0 0.0 0.0 0.0 0.0 8.9407e-08 0.0 0.0 0.0 0.0 0.0 0.0 0.0 0.0
0.0 0.0 0.0 0.0 0.0 0.0 0.0 0.0 0.0 0.0 0.0 0.0221668 0.0 0.0 0.0 0.0 0.0 0.0 0.0 0.0 0.0 0.0 0.0 0.0 0.0 0.0 0.0 4.50909e-05 0.0 0.0 0.0 0.0 0.0 0.0 5.72205e-06 0.0 0.0 0.0 0.0 0.0 0.0 0.0 0.0 0.0 0.994019 0.0 0.0 2.03252e-05 0.0 0.0 0.0 0.0 0.0 0.0 0.0 0.0 0.0 0.0 0.0 0.0 0.0 0.0 0.0 0.0
0.0 0.0 0.0 0.0 0.0 0.0 7.7486e-07 0.0 0.0 2.98023e-08 0.0 0.0649995 0.0 2.98023e-08 0.0 0.0 0.0 0.0 0.0 0.0 0.0 0.0 0.0 0.0 0.0 0.0 0.0 0.000215173 0.0 0.0 0.0 0.0 0.0 0.0 1.46031e-05 0.0 0.0 0.0 0.0 0.0 0.0 0.0 0.0 0.0 0.997621 0.0 0.0 0.000123054 0.0 0.0 0.0 0.0 0.0 0.0 0.0 0.0 0.0 0.0 0.0 0.0 0.0 0.0 0.0 0.0
0.0 0.0237314 2.20537e-06 0.00027892 0.0 0.99934 0.0 2.20537e-06 0.000467926 0.0 0.0 0.0 0.0 0.0 0.0010533 2.98023e-07 1.22786e-05 0.00141588 0.0 0.0 0.0 0.480205 0.00179625 7.7486e-07 0.0 0.0 0.0 0.0 0.0 0.0 0.0 0.0 0.0104994 0.0 0.0 5.96046e-08 0.0 0.0 0.0 0.0 9.62317e-05 0.000301719 0.000772327 0.0 0.0 0.0 1.12355e-05 0.0 0.000147492 4.16338e-05 0.0 0.0 0.0 0.00294375 5.96046e-08 0.0 0.000729561 0.0 0.000231743 0.0 0.0 0.0 3.8147e-06 0.00152561
0.0 0.0 0.0 0.0 0.0 0.0 0.0 0.0 0.0 0.0 0.0 0.0 0.0 0.0 0.0 0.0 0.0 0.0 0.0 0.0 0.0 0.0 0.0 0.0 0.0 0.0 0.0 0.0 0.0 0.0 0.0 0.0 0.0 0.0 0.0 0.0 0.0 0.0 0.0 0.0 0.0 0.0 0.0 0.0 2.98023e-08 0.0 0.0 0.0 0.0 0.0 0.0 0.0 0.0 0.0 0.0 0.0 0.0 0.0 0.0 0.999324 0.0 0.0 0.0 0.0
0.0 5.96046e-08 8.9407e-08 8.9407e-08 0.0 0.286641 0.0 8.9407e-08 8.9407e-08 0.0 0.0 0.0 0.0 0.0 0.00301212 0.0 0.0 1.19209e-07 0.0 0.0 0.0 2.98023e-07 6.25849e-07 2.98023e-08 0.0 0.0 0.0 0.0 0.0 1.78814e-07 0.0 0.0 8.9407e-08 0.0 0.0 0.0 0.0 0.0 0.0 0.0 2.98023e-08 0.0 0.0 0.0 0.0 0.0 2.98023e-07 0.0 8.9407e-08 5.96046e-08 0.0 0.0 0.0 1.46031e-06 0.0 0.0 0.0 0.0 2.98023e-08 0.0 0.0 0.0 0.992798 0.0
0.0 0.0 0.0 0.0 0.0 0.0 1.16527e-05 0.0 0.0 0.983983 0.0 2.98023e-08 0.0 0.0 0.0 0.0 0.0 0.0 0.0 0.0 0.0 0.0 0.0 0.0 0.0 0.0 0.0 5.96046e-08 0.0 0.0 0.0 0.0 0.0 6.85453e-06 0.0 0.0 0.0 0.0 0.0 0.0 0.0 0.0 0.0 0.0 0.0 0.0 0.0 8.9407e-08 0.0 0.0 0.0 0.0 0.0 0.0 0.0 0.0 0.0 0.0 0.0 0.0 0.0 0.0 0.0 0.0
0.0 0.0 0.0 0.0 0.00177583 0.0 0.0 0.0 0.0 0.0 0.0 0.0 0.0 0.00407726 0.0 0.0 0.0 0.0 0.0 0.0114698 0.0 0.0 0.0 0.0 6.85453e-07 0.0 0.0 5.21541e-06 0.0 0.0 1.68383e-05 0.0 0.0 0.0 0.000457257 0.0 0.0 0.0 0.0 0.0 0.0 0.0 0.0 0.461707 0.0 0.0 0.0 1.2964e-05 0.0 0.0 0.0 5.71311e-05 0.0 0.0 0.0 0.00131014 0.0 0.0 0.0 0.0 0.0 0.0 0.0 0.0
7.68304e-05 0.000737727 1.40071e-06 0.000297815 0.0 0.292831 0.0 2.15471e-05 5.45979e-05 0.0 0.0 0.0 0.0 0.0 0.0 2.08616e-07 0.000755638 4.49419e-05 0.00138345 0.0 0.0 0.000614434 3.18587e-05 8.04663e-06 0.0 0.000629038 1.01328e-06 0.0 0.0 0.0 0.0 0.0 0.000351071 0.0 0.0 0.000293851 0.0 4.61936e-06 0.0 0.0 0.00249436 0.814014 0.000127614 0.0 0.0 9.33707e-05 6.73532e-06 0.0 1.16825e-05 0.00151575 0.0 0.0 0.0 3.03388e-05 0.999916 0.0 7.18236e-06 0.0 0.00284603 0.0 0.0 0.0 0.0 4.23491e-05
0.0 0.0 0.0 0.0 0.0 0.0 0.0 0.0 0.0 1.66893e-06 0.0 0.0 0.0 0.0 0.0 0.0 0.0 0.0 0.0 0.0 0.0 0.0 0.0 0.0 0.0 0.0 0.0 0.0 0.0 0.0 0.0 0.0 0.0 0.983513 0.0 0.0 2.08616e-07 0.0 0.0 0.0 0.0 0.0 0.0 0.0 0.0 0.0 0.0 0.0 0.0 0.0 0.0 0.0 0.0 0.0 0.0 0.0 0.0 0.0 0.0 0.0 0.0 0.0 0.0 0.0
2.98023e-08 0.878501 0.000151783 0.615319 0.0 0.999997 0.0 0.000254959 0.0195446 0.0 0.0 0.0 0.0 0.0 0.00011003 4.88758e-06 0.00291938 0.00305077 0.0 0.0 0.0 0.997959 0.679862 2.38419e-05 0.0 2.68221e-07 5.96046e-08 0.0 0.0 0.0 0.0 0.0 0.987798 0.0 0.0 0.0868941 0.0 0.0 0.0 0.0 0.897656 0.999293 0.190789 0.0 0.0 1.78814e-07 0.00181237 0.0 0.0675098 0.923867 0.0 0.0 0.0 0.208887 0.0139219 0.0 7.25687e-05 0.0 0.832542 0.0 0.0 0.0 0.0 0.0932582
0.0919483 0.0 0.263781 0.473663 0.0 0.80976 0.0 0.732124 0.00116974 0.0 0.0 0.0 0.0 0.0 1.49012e-07 0.0 0.987727 8.34465e-07 4.17233e-06 0.0 0.0 2.5928e-06 0.238704 0.849398 0.0 0.263927 0.133168 0.0 0.0 2.98023e-08 0.0 0.0 8.25524e-06 0.0 0.0 0.0 0.0 0.0507324 0.0 0.0 0.319771 0.0068872 0.0 0.0 0.0 0.068411 0.754218 0.0 0.731931 0.0503181 0.0 0.0 0.0 0.121657 0.000135899 0.0 0.0 1.10269e-06 0.312385 0.0 0.0 0.0 0.0 0.0
0.0 0.0 0.0 0.0 0.0 0.0 0.00221449 0.0 0.0 0.0 0.0 0.0 0.0 7.27177e-06 0.0 0.0 0.0 0.0 0.0 2.98023e-08 0.0 0.0 0.0 0.0 0.0 0.0 0.0 0.849263 0.0 0.0 0.0 0.0 0.0 0.0 0.977226 0.0 0.0 0.0 0.0 0.0 0.0 0.0 0.0 0.0 2.08318e-05 0.0 0.0 0.860619 0.0 0.0 0.0 7.24196e-06 0.0 0.0 0.0 0.0 0.0 0.0 0.0 0.0 0.0 0.0 0.0 0.0
3.8743e-07 0.000135094 0.000130117 0.0829243 0.0 0.899201 0.0 0.000364542 1.40667e-05 0.0 0.0 0.0 0.0 0.0 0.0 0.0 0.00449687 7.45058e-07 0.000885516 0.0 0.0 0.000961393 0.00849167 0.000103176 0.0 3.12924e-06 1.16229e-06 0.0 0.0 0.0 0.0 0.0 0.0132138 0.0 0.0 0.129415 0.0 2.38419e-07 0.0 0.0 0.220148 0.928632 2.15769e-05 0.0 0.0 2.35438e-06 0.000536114 0.0 0.00921589 0.985048 0.0 0.0 0.0 0.00162163 0.00086394 0.0 0.0 0.0 0.0868814 0.0 0.0 0.0 0.0 2.17557e-06
0.954239 0.0 0.0356282 0.000231534 0.0 0.00981873 0.0 0.31849 7.21216e-06 0.0 0.0 0.0 0.0 0.0 1.19209e-07 0.0 0.0552477 0.0 4.3869e-05 0.0 0.0 0.0 0.000148207 0.227538 0.0 0.987268 0.427515 0.0 0.0 0.0 0.0 0.0 0.0 0.0 0.0 0.0 0.0 0.690517 0.0 0.0 6.07967e-05 9.23872e-07 0.0 1.51992e-06 0.0 0.823274 0.0502165 0.0 0.00232315 1.52886e-05 0.0 0.0 1.26064e-05 0.000181198 2.40803e-05 0.0 0.0 2.05636e-06 3.81172e-05 0.0 0.0 0.0 0.0 0.0
8.25524e-06 0.000713676 0.0104574 0.955722 0.0 0.999872 0.0 0.0312786 0.0396449 0.0 0.0 0.0 0.0 0.0 4.76837e-06 0.0 0.163747 1.14441e-05 8.9407e-08 0.0 0.0 0.243299 0.8982 0.00236228 0.0 6.24359e-05 1.74642e-05 0.0 0.0 0.0 0.0 0.0 0.32707 0.0 0.0 0.000329137 0.0 3.18885e-06 0.0 0.0 0.99498 0.981458 1.34706e-05 0.0 0.0 3.49283e-05 0.0841357 0.0 0.543532 0.907332 0.0 0.0 0.0 0.675236 0.00497216 0.0 2.14577e-06 0.0 0.955379 0.0 0.0 0.0 0.0 4.52995e-06
0.0 0.0 0.0 0.0 0.864489 0.0 0.0 0.0 0.0 0.0 0.0 0.0 0.0 1.19209e-06 0.0 0.0 0.0 0.0 0.0 0.98846 0.0 0.0 0.0 0.0 2.0951e-05 0.0 0.0 0.0 0.0 0.0 0.00453117 0.0 0.0 0.0 6.25849e-07 0.0 0.0 0.0 0.0 0.0 0.0 0.0 0.0 0.0950211 0.0 0.0 0.0 2.98023e-08 0.0 0.0 0.0 0.0878338 2.98023e-07 0.0 0.0 0.474891 0.0 0.0 0.0 0.0 0.0 0.0 0.0 0.0
0.0 0.0 0.0 0.0 0.0 0.0 0.0 0.0 0.0 2.98023e-08 0.0 0.990562 0.0 0.0 0.0 0.0 0.0 0.0 0.0 0.0 0.0 0.0 0.0 0.0 0.0 0.0 0.0 0.0 0.0 0.0 0.0 2.98023e-08 0.0 0.0 0.0 0.0 0.0 0.0 0.0 0.0 0.0 0.0 0.0 0.0 0.000428319 0.0 0.0 0.0 0.0 0.0 0.0 0.0 0.0 0.0 0.0 0.0 0.0 0.0 0.0 0.0 0.000261068 0.0 0.0 0.0
0.0 0.0 0.0 0.0 0.0 0.0 0.0 0.0 0.0 0.0 0.0 0.0 0.988302 0.0 0.0 0.0 0.0 0.0 0.0 0.0 0.0 0.0 0.0 0.0 0.0 0.0 0.0 0.0 0.0 0.0 0.0 0.0 0.0 0.0 0.0 0.0 2.47359e-06 0.0 0.0 0.0 0.0 0.0 0.0 0.0 0.0 0.0 0.0 0.0 0.0 0.0 0.0 0.0 0.0 0.0 0.0 0.0 0.0 0.0 0.0 0.0 0.0 0.0 0.0 0.0
0.0 0.956418 1.78814e-05 0.190183 0.0 0.999996 0.0 3.21567e-05 0.0104658 0.0 0.0 0.0 0.0 0.0 0.000156134 1.00732e-05 0.000314623 0.00184786 0.0 0.0 0.0 0.999551 0.209749 2.5928e-06 0.0 0.0 0.0 0.0 0.0 0.0 0.0 0.0 0.987497 0.0 0.0 0.00363854 0.0 0.0 0.0 0.0 0.481724 0.992986 0.297222 0.0 0.0 2.98023e-08 0.000191122 0.0 0.00639838 0.227466 0.0 0.0 0.0 0.06595 0.00419644 0.0 0.000752568 0.0 0.270998 0.0 0.0 0.0 8.9407e-08 0.217782
0.0 0.0 0.0 0.0 0.0 0.0 0.0489067 0.0 0.0 1.19209e-07 0.0 0.0 0.0 1.44839e-05 0.0 0.0 0.0 0.0 0.0 0.0 0.0 0.0 0.0 0.0 0.0 0.0 0.0 0.987823 0.0 0.0 0.0 0.0 0.0 0.0 0.635272 0.0 0.0 0.0 0.0 0.0 0.0 0.0 0.0 0.0 0.000113606 0.0 0.0 0.887689 0.0 0.0 0.0 0.0 0.0 0.0 0.0 0.0 0.0 0.0 0.0 0.0 0.0 0.0 0.0 0.0
0.175101 0.0 0.835991 0.0480678 0.0 0.895333 0.0 0.989101 0.00843659 0.0 0.0 0.0 0.0 0.0 5.54323e-06 0.0 0.359307 1.19209e-07 8.9407e-08 0.0 0.0 8.9407e-08 0.0534941 0.841935 0.0 0.537589 0.806414 0.0 0.0 2.32458e-06 0.0 0.0 1.49012e-07 0.0 0.0 0.0 0.0 0.579055 0.0 0.0 0.0114104 0.000138968 0.0 1.49012e-07 0.0 0.11437 0.848871 0.0 0.144141 0.0026477 0.0 0.0 2.68221e-07 0.119872 4.94719e-06 0.0 1.49012e-07 7.30157e-05 0.00859132 0.0 0.0 0.0 0.0 0.0
0.0 0.381559 3.8743e-07 0.00258523 0.0 0.994805 0.0 9.53674e-07 8.82149e-06 0.0 0.0 0.0 0.0 0.0 0.0 9.95696e-05 2.55406e-05 5.36442e-07 6.25849e-07 0.0 0.0 0.198799 0.00193161 2.68221e-07 0.0 0.0 0.0 0.0 0.0 0.0 0.0 0.0 0.0640964 0.0 0.0 0.990433 0.0 0.0 0.0 0.0 0.00957254 0.994599 0.397914 0.0 0.0 0.0 8.13603e-06 0.0 0.000207067 0.414471 0.0 0.0 0.0 6.03199e-05 0.017745 0.0 2.98023e-08 0.0 0.00541401 0.0 0.0 0.0 0.0 0.0195502
0.0 0.0 0.0 0.0 0.0 0.0 0.0 0.0 0.0 0.0 0.0 0.0 0.0 0.0 0.0 0.0 0.0 0.0 0.0 0.0 0.0 0.0 0.0 0.0 0.0 0.0 0.0 0.0 5.27501e-06 0.0 0.0 0.999874 0.0 0.0 0.0 0.0 0.0 0.0 0.0 0.0 0.0 0.0 0.0 0.0 0.0 0.0 0.0 0.0 0.0 0.0 0.0 0.0 0.0 0.0 0.0 0.0 0.0 0.0 0.0 0.0 0.0 0.0 0.0 0.0
0.0 0.0 0.0 0.0 0.0 0.0 0.0 0.0 0.0 0.0 0.0 0.0 0.0 0.0 0.0 0.0 0.0 0.0 0.0 0.0 0.0 0.0 0.0 0.0 0.0 0.0 0.0 0.0 0.0 0.0 0.0 0.0 0.0 0.0 0.0 0.0 0.0 0.0 0.0 0.99604 0.0 0.0 0.0 0.0 0.0 0.0 0.0 0.0 0.0 0.0 0.0 0.0 0.0 0.0 0.0 0.0 0.0 0.0 0.0 0.0 0.0 0.0 0.0 0.0
0.0300884 0.0 0.652373 0.0673355 0.0 0.98696 0.0 0.864657 0.00256401 0.0 0.0 0.0 0.0 0.0 1.53482e-05 0.0 0.350614 1.49012e-07 5.96046e-08 0.0 0.0 1.78814e-07 0.117739 0.949148 0.0 0.0348067 0.531143 0.0 0.0 6.94394e-06 0.0 0.0 2.68221e-07 0.0 0.0 0.0 0.0 0.169504 0.0 0.0 0.0114651 0.000106603 0.0 2.98023e-08 0.0 0.0161059 0.991252 0.0 0.581463 0.00296918 0.0 0.0 1.49012e-07 0.122196 1.19209e-07 0.0 2.98023e-08 0.000215083 0.00814307 0.0 0.0 0.0 0.0 0.0
0.0151975 2.98023e-08 0.826936 0.91285 0.0 0.998004 0.0 0.855947 0.00338858 0.0 0.0 0.0 0.0 0.0 3.57628e-06 0.0 0.916465 4.79817e-06 1.78814e-07 0.0 0.0 6.62804e-05 0.893013 0.82824 0.0 0.0278985 0.0306512 0.0 0.0 1.78814e-07 0.0 0.0 0.000207156 0.0 0.0 2.68221e-07 0.0 0.00559637 0.0 0.0 0.699706 0.00762415 0.0 0.0 0.0 0.0254063 0.930124 0.0 0.989886 0.241405 0.0 0.0 0.0 0.891154 8.55327e-06 0.0 2.08616e-07 1.04308e-06 0.508069 0.0 0.0 0.0 0.0 0.0
3.73125e-05 0.0 0.0 0.0 0.0 1.19209e-07 0.0 1.49012e-07 0.0 0.0 0.0 0.0 0.0 0.0 0.0 0.0 3.09944e-06 0.0 0.999487 0.0 0.0 0.0 0.0 3.8743e-07 0.0 8.16882e-05 1.49012e-07 0.0 0.0 0.0 0.0 0.0 0.0 0.0 0.0 0.0 0.0 5.06639e-07 0.0 0.0 2.98023e-08 7.7486e-07 0.0 0.0 0.0 9.56655e-06 0.0 0.0 8.9407e-08 3.12626e-05 0.0 0.0 2.98023e-08 0.0 4.55976e-06 0.0 0.0 0.0 1.49012e-07 0.0 0.0 0.0 0.0 0.0
0.0 0.0 0.0 0.0 0.0 0.0 0.0 0.0 0.0 0.0 0.0 0.0 0.0 0.0 0.0 0.0 0.0 0.0 0.0 0.0 0.0 0.0 0.0 0.0 0.0 0.0 0.0 0.0 0.0 0.0 0.0 0.0 0.0 0.0 0.0 0.0 0.0 0.0 0.0 0.0 0.0 0.0 0.0 0.0 0.0 0.0 0.0 0.0 0.0 0.0 0.0 0.0 0.0 0.0 0.0 0.0 0.0 0.0 0.0 0.0 0.0 0.998697 0.0 0.0
0.0 1.09673e-05 1.86265e-05 8.9407e-06 0.0 0.991702 0.0 2.46763e-05 8.64267e-05 0.0 0.0 0.0 0.0 0.0 0.99995 0.0 1.81794e-06 8.9407e-07 0.0 0.0 0.0 0.000301808 0.000205845 1.99676e-06 0.0 1.19209e-07 1.78814e-07 0.0 0.0 0.0 0.0 0.0 1.0699e-05 0.0 0.0 0.0 0.0 1.49012e-07 0.0 0.0 6.13928e-06 8.04663e-07 2.89083e-06 0.0 0.0 0.0 6.9648e-05 0.0 7.19726e-05 1.22786e-05 0.0 0.0 0.0 0.000518382 0.0 0.0 4.88162e-05 0.0 6.58631e-06 0.0 0.0 0.0 0.00129747 1.57952e-06
9.83477e-07 0.0 0.0 0.0 0.00389203 0.0 0.0 0.0 0.0 0.0 0.0 0.0 0.0 0.0 0.0 0.0 0.0 0.0 0.0 7.35521e-05 0.0 0.0 0.0 0.0 3.78489e-06 1.19209e-07 4.41074e-06 0.0 0.0 0.0 0.453708 0.0 0.0 0.0 0.0 0.0 0.0 4.70877e-06 0.0 0.0 0.0 0.0 0.0 0.531929 0.0 5.06639e-07 0.0 0.0 0.0 0.0 0.0 4.64916e-05 0.990801 0.0 0.0 0.0123558 0.0 0.00068593 0.0 0.0 0.0 0.0 0.0 0.0
0.0 0.999879 0.0 9.39071e-05 0.0 0.999966 0.0 0.0 1.19805e-05 0.0 0.0 0.0 0.0 0.0 1.44243e-05 0.331335 1.78814e-07 0.000778019 0.0 0.0 0.0 0.999332 0.000171274 0.0 0.0 0.0 0.0 0.0 0.0 0.0 0.0 0.0 0.9701 0.0 0.0 0.362092 0.0 0.0 0.0 0.0 0.00089705 0.983795 0.999724 0.0 0.0 0.0 5.96046e-08 0.0 3.36766e-06 0.0199032 0.0 0.0 0.0 6.56545e-05 0.00110286 0.0 7.18236e-05 0.0 0.000724643 0.0 0.0 0.0 0.0 0.998974
0.461821 0.0 0.218596 3.39746e-06 0.0 0.00115764 0.0 0.109099 5.96046e-07 0.0 0.0 0.0 0.0 0.0 0.0 0.0 0.00456595 0.0 1.78814e-07 0.0 0.0 0.0 2.83122e-06 0.422166 0.0 0.375513 0.96382 0.0 0.0 6.4075e-06 5.96046e-08 0.0 0.0 0.0 0.0 0.0 0.0 0.985315 0.0 0.0 8.64267e-07 0.0 0.0 0.000107527 0.0 0.129568 0.0160437 0.0 0.000194192 3.27826e-07 0.0 0.0 0.000385702 1.24872e-05 5.96046e-08 0.0 0.0 0.00808653 5.66244e-07 0.0 0.0 0.0 0.0 0.0
0.0 0.0 0.0 0.0 0.794163 0.0 0.0 0.0 0.0 0.0 0.0 0.0 0.0 0.0 0.0 0.0 0.0 0.0 0.0 0.159419 0.0 0.0 0.0 0.0 0.000551462 0.0 0.0 0.0 0.0 0.0 0.98548 0.0 0.0 0.0 0.0 0.0 0.0 0.0 0.0 0.0 0.0 0.0 0.0 0.69908 0.0 0.0 0.0 0.0 0.0 0.0 0.0 0.00138211 0.027087 0.0 0.0 0.448553 0.0 8.34465e-07 0.0 0.0 0.0 0.0 0.0 0.0
0.0 0.0 0.0 0.0 0.0 0.0 0.99248 0.0 0.0 1.46925e-05 0.0 0.0 0.0 6.31809e-06 0.0 0.0 0.0 0.0 0.0 0.0 0.0 0.0 0.0 0.0 0.0 0.0 0.0 0.301884 0.0 0.0 0.0 0.0 0.0 0.0 0.0185037 0.0 0.0 0.0 0.0 0.0 0.0 0.0 0.0 0.0 3.96371e-06 0.0 0.0 0.117826 0.0 0.0 0.0 0.0 0.0 0.0 0.0 0.0 0.0 0.0 0.0 0.0 0.0 0.0 0.0 0.0
0.0 0.000294805 0.0 0.0 0.0 0.962188 0.0 0.0 1.50502e-05 0.0 0.0 0.0 0.0 0.0 0.00434121 2.22623e-05 0.0 0.000428081 0.0 0.0 0.0 0.000270098 0.0 0.0 0.0 0.0 0.0 0.0 0.0 0.0 0.0 0.0 1.3411e-06 0.0 0.0 0.0 0.0 0.0 0.0 0.0 0.0 5.96046e-08 3.46005e-05 0.0 0.0 0.0 0.0 0.0 0.0 0.0 0.0 0.0 0.0 8.9407e-08 0.0 0.0 0.996576 0.0 0.0 0.0 0.0 0.0 8.9407e-08 0.000959575
0.000493318 3.99351e-06 0.376277 0.950568 0.0 0.999964 0.0 0.679615 0.123087 0.0 0.0 0.0 0.0 0.0 0.000100195 0.0 0.335116 5.99623e-05 0.0 0.0 0.0 0.00957072 0.986355 0.140535 0.0 0.00135952 0.000812948 0.0 0.0 0.0 0.0 0.0 0.0241898 0.0 0.0 1.2815e-06 0.0 0.000206321 0.0 0.0 0.910302 0.19275 1.49012e-07 0.0 0.0 0.000643462 0.699658 0.0 0.963613 0.331418 0.0 0.0 0.0 0.994091 4.19319e-05 0.0 3.69549e-06 8.9407e-08 0.918592 0.0 0.0 0.0 0.0 8.9407e-08
5.96046e-07 0.00522214 0.0118803 0.00910023 0.0 0.0 0.0 0.00142321 0.0091283 1.49012e-07 3.27826e-07 0.0 8.9407e-08 0.0 0.0 1.43051e-06 0.0 0.0 0.0 0.0 0.0 0.0 0.99974 0.0200491 0.0 5.96046e-08 0.00104299 0.0 0.0 3.54648e-06 0.0 0.0 0.0 3.57628e-07 0.0 0.196471 0.0 1.10269e-06 0.0 0.0 0.0495578 0.0 0.00190637 0.0 0.0 4.1306e-05 0.00174859 0.0 0.00234947 0.0151913 0.0 0.0 0.000130117 0.00233701 0.0 0.0 0.0 1.19209e-07 0.00454986 0.0 0.0 0.0 0.0 5.51343e-06
0.0 0.361503 0.0922282 0.119611 0.0 0.0 0.0 0.507263 0.0326672 0.0 0.0 0.0 0.0 0.0 0.000413477 0.993341 0.0 0.124881 0.0 0.0 0.0 0.0 2.77162e-06 0.000660539 0.0 0.0 1.58846e-05 0.0 0.0 0.0 0.0 0.0 0.108616 0.986603 0.0 0.000969052 2.38419e-07 0.0 0.0 0.0 0.0123758 0.0 0.929973 0.0 0.0 0.0 0.00225684 0.0 0.766048 0.0332334 0.0 0.0 2.08616e-07 0.685405 0.0 0.0 0.000190228 0.0 0.823421 0.0 0.0 0.0 4.76837e-07 0.983635
2.08616e-07 0.954888 0.951784 0.981603 0.0 0.0 0.0 0.937419 0.832455 2.40803e-05 0.0 0.0 4.44055e-06 0.0 0.0 0.264191 0.0 0.000134349 0.0 0.0 0.0 0.0 0.00151223 0.799367 0.0 0.0 0.172976 0.0 0.0 6.52671e-06 0.0 0.0 0.000200123 0.0248758 0.0 0.207158 1.49012e-07 3.11136e-05 0.0 0.0 0.953508 0.0 0.654144 0.0 0.0 5.96046e-08 0.747485 0.0 0.586132 0.970522 0.0 0.0 0.00865346 0.962492 0.0 0.0 8.9407e-08 0.0 0.994302 0.0 0.0 0.0 0.0 0.320392
0.0 0.943393 0.7498 0.845267 0.0 0.0 0.0 0.974684 0.538909 6.25849e-07 0.0 0.0 4.47035e-07 0.0 8.9407e-08 0.523607 0.0 0.00141132 0.0 0.0 0.0 0.0 0.000251621 0.462006 0.0 0.0 0.0306425 0.0 0.0 4.76837e-07 0.0 0.0 0.00186041 0.0770447 0.0 0.0136276 2.08616e-07 1.3113e-06 0.0 0.0 0.941584 0.0 0.945161 0.0 0.0 0.0 0.750741 0.0 0.504219 0.840884 0.0 0.0 0.000573456 0.998359 0.0 0.0 5.96046e-08 0.0 0.96515 0.0 0.0 0.0 0.0 0.659893
0.990259 0.0 2.08616e-07 0.0 0.0 0.0 0.0 0.0 7.7486e-07 0.000435591 2.72691e-05 0.0 0.0010497 0.0 0.0 0.0 0.0 0.0 3.62098e-05 0.0 0.0 0.0 0.0 9.53674e-07 0.0 0.880248 0.000486284 0.0 0.0 8.34465e-07 0.0 0.0 0.0 0.0 0.0 2.5332e-06 0.0 0.535355 0.0 0.0 4.82798e-06 0.942971 0.0 0.0 0.0 0.0887851 2.65241e-06 0.0 0.0 3.27826e-07 0.0 0.0 0.00680408 0.0 0.133287 0.0 0.0 6.25849e-07 0.0 0.0 0.0 0.0 0.0 0.0
0.0 0.0 0.0 0.0 8.82149e-06 0.0011254 0.0 0.0 0.0 0.0 0.0 0.0 0.0 0.390157 0.0 0.0 0.0 0.0 0.0 0.852042 0.0 0.0 0.0 0.0 0.0 0.0 0.0 0.0295505 0.0 0.0 0.00101614 0.0 0.0 0.0 0.254185 0.0 0.0 0.0 0.0 0.0 0.0 0.0 0.0 0.987772 0.0 0.0 0.0 7.39098e-06 0.0 0.0 0.0 9.66191e-05 0.0 0.0 0.0 0.0 0.0 0.0 0.0 0.0 0.0 1.78814e-07 0.0 0.0
0.0 0.0 0.0 0.0 0.0 0.0 0.0 0.0 0.0 0.0 0.0 0.0 0.0 1.49012e-07 0.0 0.0 0.0 0.0 0.0 0.0 0.0 0.0 0.0 0.0 0.0 0.0 0.0 1.19209e-07 0.0 0.0 0.0 0.998077 0.0 0.0 0.0 0.0 0.0 0.0 0.0 0.0 0.0 0.0 0.0 0.0 0.0 0.0 0.0 1.49012e-07 0.0 0.0 0.0 0.0 0.0 0.0 0.0 0.0 0.0 0.0 0.0 0.0 0.0 0.0 0.0 0.0
0.000454277 0.0922748 0.822175 0.447749 0.0 0.0 0.0 0.000736773 0.455335 0.00180674 0.0 0.0 0.000549644 0.0 0.0 8.52346e-06 0.0 1.78814e-07 0.0 0.0 0.0 0.0 0.00337362 0.649642 0.0 6.82473e-06 0.0673582 0.0 0.0 0.00409028 0.0 0.0 5.96046e-08 2.44379e-06 0.0 0.943761 0.0 0.0165629 0.0 0.0 0.83584 3.78489e-06 0.0751832 0.0 0.0 5.96941e-05 0.591482 0.0 0.03788 0.486887 0.0 0.0 0.125591 0.0188002 2.98023e-07 0.0 0.0 1.78814e-07 0.0500882 0.0 0.0 0.0 0.0 1.35005e-05
0.0 0.0 0.0 0.0 0.0 0.0 0.0 7.15256e-07 0.0 0.0 0.0 0.0 0.0 0.0 0.939129 0.00040713 0.0 0.00381747 0.0 0.0 0.0 0.0 0.0 0.0 0.0 0.0 0.0 0.0 0.0 0.0 0.0 0.0 0.0086405 0.0133853 0.0 0.0 0.0 0.0 0.0 0.0 0.0 0.0 2.98023e-08 0.0 0.0 0.0 0.0 0.0 0.0 0.0 0.0 0.0 0.0 0.0 0.0 1.67787e-05 0.0129529 0.0 0.0 0.0 0.0 0.0 0.954941 3.42727e-06
0.0 0.0 0.0 0.0 0.0 0.0459149 0.0 0.0 0.0 0.0 0.0 0.0 0.0 0.998857 0.0 0.0 0.0 0.0 0.0 0.000960976 0.0 0.0 0.0 0.0 0.0 0.0 0.0 0.00515765 0.0 0.0 5.36442e-07 0.0 0.0 0.0 0.000266403 0.0 0.0 0.0 0.0 0.0 0.0 0.0 0.0 0.0131246 0.0 0.0 0.0 0.000708729 0.0 0.0 0.0 5.66244e-07 0.0 0.0 0.0 0.0 0.0 0.0 0.0 0.0 0.0 5.26309e-05 0.0 0.0
0.0 0.0 0.0 0.0 0.0 0.0 0.0 0.0 0.0 0.0 0.0 0.0 5.96046e-08 0.0 0.0 0.0 0.0 0.0 0.0 0.0 0.0 0.0 0.0 0.0 0.0 0.0 0.0 0.0 0.0 0.0 0.0 0.0 0.0 0.0 0.0 0.0 0.0 0.0 0.999936 0.0 0.0 0.0 0.0 0.0 0.0 0.0 0.0 0.0 0.0 0.0 0.0 0.0 0.0 0.0 0.0 0.0 0.0 0.0 0.0 0.0 0.0 0.0 0.0 0.0
0.0 0.0 0.0 0.0 0.0 0.0 0.0 0.0 0.0 0.0 0.0 0.0 0.0 0.0 0.0 0.0 0.0 0.0 0.0 0.0 0.0 0.0 0.0 0.0 0.0 0.0 0.0 0.0 0.0 0.0 0.0 0.0 0.0 0.0 0.0 0.0 0.0 0.0 0.0 0.999475 0.0 0.0 0.0 0.0 0.0 0.0 0.0 0.0 0.0 0.0 0.0 0.0 0.0 0.0 0.0 0.0 0.0 0.0 0.0 0.0 0.0 0.0 0.0 0.0
0.0250422 0.000302732 0.0554406 0.00189546 0.0 0.0 0.0 0.00186941 0.229363 4.52399e-05 0.0 0.0 0.109561 0.0 0.0 5.96046e-08 0.0 0.0 8.9407e-08 0.0 0.0 0.0 1.2517e-06 0.17501 0.0 0.000157148 0.910678 0.0 0.0 8.67248e-06 0.0 0.0 0.0 0.0 0.0 0.00343227 2.38419e-06 0.191888 0.0 0.0 0.0990034 0.000220299 0.000124395 0.0 0.0 0.000142932 0.559508 0.0 4.78327e-05 0.174843 0.0 0.0 0.980556 0.000396639 9.23872e-07 0.0 0.0 0.0 0.000364572 0.0 0.0 0.0 0.0 8.9407e-08
0.0 0.0 0.0 0.0 0.0 0.0 0.0 0.0 0.0 0.0 0.0 0.0 0.0 0.0 1.19209e-07 0.0 0.0 0.0 0.0 0.0 0.0 0.0 0.0 0.0 0.0 0.0 0.0 0.0 0.0 0.0 0.0 0.0 0.0 0.0 0.0 0.0 0.0 0.0 0.0 0.0 0.0 0.0 0.0 0.0 0.0 0.0 0.0 0.0 0.0 0.0 0.0 0.0 0.0 0.0 0.0 0.990594 1.19209e-07 0.0 0.0 0.0 0.0 0.0 0.0005472 0.0
0.0 0.00266671 0.00210103 0.000994205 0.0 0.0 0.0 0.786235 0.002231 0.0 0.0 0.0 1.49012e-07 0.0 1.44243e-05 0.0318312 0.0 0.000150293 0.0 0.0 0.0 0.0 5.66244e-07 0.00211072 0.0 0.0 0.000417829 0.0 0.0 8.9407e-08 0.0 0.0 0.0330537 0.132675 0.0 0.000768811 1.58548e-05 8.9407e-08 0.0 0.0 0.000488788 0.0 0.0198978 0.0 0.0 0.0 0.00348228 0.0 0.00719777 0.0630856 0.0 0.0 2.23517e-06 0.00903371 0.0 0.0 5.98431e-05 0.0 0.0368874 0.0 0.0 0.0 9.20892e-06 0.00579759
0.0 0.0 0.0 0.0 0.0 0.0 0.0 0.0 0.0 0.0 0.0 0.0 0.0 0.0 0.141715 2.08616e-07 0.0 3.99351e-06 0.0 0.0 0.0 0.0 0.0 0.0 0.0 0.0 0.0 0.0 0.0 0.0 0.0 0.0 6.05285e-05 3.14116e-05 0.0 0.0 0.0 0.0 0.0 0.0 0.0 0.0 0.0 0.0 0.0 0.0 0.0 0.0 0.0 0.0 0.0 0.0 0.0 0.0 0.0 0.0300849 0.0279414 0.0 0.0 0.0 0.0 0.0 0.992698 0.0
0.0 0.0 0.0 0.0 0.0 0.0 0.0 0.0 0.0 0.0 0.0 0.0 0.0 0.0 0.0 0.0 0.0 0.0 0.0 0.0 0.0 0.0 0.0 0.0 0.995973 0.0 0.0 0.0 0.0 0.0 0.0 0.0 0.0 0.0 0.0 0.0 0.0 0.0 0.0 0.0 0.0 0.0 0.0 0.0 0.0 0.0 0.0 0.0 0.0 0.0 0.0 0.0 0.0 0.0 0.0 0.0 0.0 0.0 0.0 6.85453e-07 0.0 0.0 0.0 0.0
0.0 1.78814e-07 2.08616e-07 1.19209e-07 0.0 0.0 0.0 0.000201225 2.98023e-07 2.98023e-08 0.0 0.0 0.0 0.0 0.0 2.20537e-06 0.0 0.0 0.0 0.0 0.0 0.0 0.0 2.98023e-08 0.0 0.0 0.0 0.0 0.0 0.0 0.0 0.0 1.78814e-07 5.96046e-08 0.0 0.0 0.0 0.0 0.0 0.0 3.8743e-07 0.0 8.9407e-08 0.0 0.0 0.0 1.04308e-06 0.0 0.0 1.30832e-05 0.0 0.0 0.0 2.6226e-06 0.0 0.0 0.0 0.0 4.26173e-06 0.0 0.0 0.0 0.0 3.57628e-07
0.0 0.00139174 0.000238806 0.000287503 0.0 0.0 0.0 0.000887603 3.05772e-05 0.0 0.0 0.0 0.0 0.0 0.00315461 0.26746 0.0 0.999729 0.0 0.0 0.0 0.0 7.45058e-07 2.08318e-05 0.0 0.0 4.17233e-07 0.0 0.0 0.0 0.0 0.0 0.00339395 0.611942 0.0 3.68357e-05 0.0 0.0 0.0 0.0 0.000688195 0.0 0.362031 0.0 0.0 0.0 1.7941e-05 0.0 0.00333196 0.00011614 0.0 0.0 0.0 0.0314739 0.0 0.0 0.00025034 0.0 0.0355698 0.0 0.0 0.0 1.64807e-05 0.019343
0.727674 0.0 0.0 0.0 0.0 0.0 0.0 0.0 0.0 0.000400931 0.000577182 0.0 0.000271261 0.0 0.0 0.0 0.0 0.0 0.000738621 0.0 0.0 0.0 0.0 0.0 0.0 0.987527 8.64267e-07 0.0 0.0 8.34465e-07 0.0 0.0 0.0 0.0 0.0 0.0 0.0 0.0154163 0.0 0.0 0.0 0.970297 0.0 0.0 0.0 0.00395593 0.0 0.0 0.0 0.0 0.0 0.0 2.14577e-05 0.0 0.181979 0.0 0.0 5.24521e-06 0.0 0.0 0.0 0.0 0.0 0.0
0.0 0.0 0.0 0.0 0.0 2.98023e-08 0.0 0.0 0.0 0.0 0.0 0.0 0.0 3.9041e-06 0.0 0.0 0.0 0.0 0.0 0.0 0.0 0.0 0.0 0.0 0.0 0.0 0.0 0.0 0.0 0.0 0.0 0.0 0.0 0.0 8.9407e-08 0.0 0.0 0.0 0.0 0.0 0.0 0.0 0.0 2.98023e-08 0.0 0.0 0.0 0.0 0.0 0.0 0.0 0.0 0.0 0.0 0.0 0.0 0.0 0.0 0.0 0.0 0.0 0.999999 0.0 0.0
0.0 0.0 0.0 0.0 0.0 0.994818 0.0 0.0 0.0 0.0 0.0 0.0 0.0 0.0975127 0.0 0.0 0.0 0.0 0.0 4.56274e-05 0.0 0.0 0.0 0.0 0.0 0.0 0.0 0.000456065 0.0 0.0 0.0 0.0 0.0 0.0 0.00010708 0.0 0.0 0.0 0.0 0.0 0.0 0.0 0.0 3.17097e-05 0.0 0.0 0.0 0.00162467 0.0 0.0 0.0 0.0 0.0 0.0 0.0 0.0 0.0 0.0 0.0 0.0 0.0 0.0 0.0 0.0
2.98023e-08 0.661984 0.803314 0.440928 0.0 0.0 0.0 0.0317103 0.426703 4.76837e-07 0.0 0.0 5.66244e-07 0.0 0.0 0.0159099 0.0 8.0198e-05 0.0 0.0 0.0 0.0 0.000765055 0.0840618 0.0 0.0 0.000870407 0.0 0.0 8.58307e-06 0.0 0.0 0.000276893 0.0201815 0.0 0.2789 0.0 1.43051e-06 0.0 0.0 0.174305 0.0 0.977187 0.0 0.0 0.0 0.0732775 0.0 0.982504 0.405158 0.0 0.0 0.00015226 0.368264 0.0 0.0 0.0 0.0 0.115545 0.0 0.0 0.0 0.0 0.0512401
0.00196221 0.0467263 0.794757 0.282422 0.0 0.0 0.0 0.0379067 0.962774 0.00171664 0.0 0.0 0.00753471 0.0 0.0 3.75509e-06 0.0 1.78814e-07 0.0 0.0 0.0 0.0 0.000306845 0.931506 0.0 2.54512e-05 0.753116 0.0 0.0 0.000958264 0.0 0.0 2.98023e-08 1.01328e-06 0.0 0.730744 1.19209e-07 0.0863179 0.0 0.0 0.905806 1.44541e-05 0.018815 0.0 0.0 0.000107557 0.967322 0.0 0.0059728 0.908487 0.0 0.0 0.587675 0.0509162 1.2815e-06 0.0 0.0 5.96046e-08 0.0592485 0.0 0.0 0.0 0.0 1.5229e-05
0.208248 0.0 0.0 0.0 8.34465e-07 0.0 0.0 0.0 0.0 0.00166854 0.0169583 0.0 5.63264e-06 0.0 0.0 0.0 0.0 0.0 0.000274032 0.0 0.0 0.0 0.0 0.0 0.0 0.610571 3.27826e-07 0.0 0.0 2.98023e-08 0.0 0.0 0.0 0.0 0.0 0.0 0.0 0.00368011 0.0 0.0 0.0 0.803628 0.0 0.0 0.0 0.237603 0.0 0.0 0.0 0.0 0.0 0.0 2.92063e-06 0.0 0.991003 0.0 0.0 6.25849e-06 0.0 0.0 0.0 0.0 0.0 0.0
1.19209e-07 0.960967 0.963029 0.98568 0.0 0.0 0.0 0.688945 0.86731 1.95801e-05 0.0 0.0 1.78218e-05 0.0 0.0 0.0104996 0.0 1.5229e-05 0.0 0.0 0.0 0.0 0.00124618 0.898541 0.0 0.0 0.141414 0.0 0.0 3.14415e-05 0.0 0.0 4.04716e-05 0.0023976 0.0 0.307694 0.0 2.81334e-05 0.0 0.0 0.953166 0.0 0.767296 0.0 0.0 2.98023e-08 0.920762 0.0 0.690408 0.986646 0.0 0.0 0.0096052 0.893601 0.0 0.0 0.0 0.0 0.966163 0.0 0.0 0.0 0.0 0.0383629
7.48038e-06 0.492675 0.986141 0.778057 0.0 0.0 0.0 0.294153 0.993385 0.000115305 0.0 0.0 0.000988781 0.0 0.0 0.000430107 0.0 1.19209e-06 0.0 0.0 0.0 0.0 0.00080654 0.84847 0.0 1.49012e-07 0.29068 0.0 0.0 0.000807285 0.0 0.0 8.67248e-06 0.000235856 0.0 0.688859 5.96046e-08 0.000813842 0.0 0.0 0.880489 0.0 0.582306 0.0 0.0 9.53674e-07 0.953455 0.0 0.537381 0.9638 0.0 0.0 0.129329 0.387155 0.0 0.0 0.0 0.0 0.36417 0.0 0.0 0.0 0.0 0.00288445
0.0 0.0 0.0 0.0 0.989899 0.0 0.0 0.0 0.0 0.0 0.0 0.0 0.0 4.76837e-07 0.0 0.0 0.0 0.0 0.000106275 6.59823e-05 0.0 0.0 0.0 0.0 0.0 0.0 0.0 0.0 0.0 0.0 0.815553 0.0 0.0 0.0 1.51992e-06 0.0 0.0 0.0 0.0 0.0 0.0 0.0 0.0 9.50396e-05 0.0 0.0 0.0 0.0 0.0 0.0 0.0 0.00169122 0.0 0.0 1.19209e-07 0.0 0.0 0.0 0.0 0.0 0.0 0.0 0.0 0.0
0.0 0.0 0.0 0.0 1.19209e-07 0.0018706 0.0 0.0 0.0 0.0 0.0 0.0 0.0 0.0223539 0.0 0.0 0.0 0.0 0.0 0.873791 0.0 0.0 0.0 0.0 0.0 0.0 0.0 0.3964 0.0 0.0 1.75834e-05 0.0 0.0 0.0 0.980471 0.0 0.0 0.0 0.0 0.0 0.0 0.0 0.0 0.257741 0.0 0.0 0.0 0.000222266 0.0 0.0 0.0 1.7345e-05 0.0 0.0 0.0 0.0 0.0 0.0 0.0 0.0 0.0 5.96046e-08 0.0 0.0
0.0 0.0 0.0 0.0 0.0 0.0 0.0 0.0 0.0 0.0 0.0 0.0 0.0 0.0 0.0 0.0 0.0 0.0 0.0 0.0 0.99989 0.0 0.0 0.0 0.0 0.0 0.0 0.0 0.0 0.0 0.0 0.0 0.0 0.0 0.0 0.0 0.0 0.0 0.0 0.0 0.0 0.0 0.0 0.0 0.0 0.0 0.0 0.0 0.0 0.0 0.0 0.0 0.0 0.0 0.0 0.0 0.0 0.0 0.0 0.0 0.0 0.0 0.0 0.0
0.863234 0.0 5.00679e-06 1.19209e-07 0.0 0.0 0.0 2.98023e-08 2.14875e-05 0.0555773 1.87755e-06 0.0 0.00772598 0.0 0.0 0.0 0.0 0.0 2.47061e-05 0.0 0.0 0.0 0.0 3.20077e-05 0.0 0.277548 0.00752163 0.0 0.0 1.66893e-06 0.0 0.0 0.0 0.0 0.0 3.78489e-06 0.0 0.974116 0.0 0.0 0.000199527 0.336336 0.0 0.0 0.0 0.0229743 8.7291e-05 0.0 0.0 1.22488e-05 0.0 0.0 0.0793145 0.0 0.0192377 0.0 0.0 2.68221e-07 0.0 0.0 0.0 0.0 0.0 0.0
0.0570375 0.0 0.0 0.0 0.0 0.0 0.0 0.0 1.19209e-07 0.000105321 0.000988781 0.0 1.49012e-07 0.0 0.0 0.0 0.0 0.0 2.98023e-08 0.0 0.0 0.0 4.47035e-07 2.98023e-07 0.0 0.00456068 6.3777e-06 0.0 0.0 0.0 0.0 0.0 0.0 0.0 0.0 3.8743e-07 0.0 0.00328699 0.0 0.0 3.72529e-06 0.0121782 0.0 0.0 0.0 0.994372 5.36442e-07 0.0 0.0 8.9407e-08 0.0 0.0 0.000282079 0.0 0.140092 0.0 0.0 4.71771e-05 0.0 0.0 0.0 0.0 0.0 0.0
0.0 3.8743e-07 1.49012e-07 2.98023e-08 0.0 0.0 0.0 3.39746e-06 0.0 0.0 0.0 0.0 0.0 0.0 0.2027 0.000147998 0.0 0.0361255 0.0 0.0 0.0 0.0 0.0 0.0 0.0 0.0 0.0 0.0 0.0 0.0 0.0 0.0 0.0024372 0.538755 0.0 8.9407e-08 0.0 0.0 0.0 0.0 0.0 0.0 0.000253975 0.0 0.0 0.0 0.0 0.0 4.66108e-05 0.0 0.0 0.0 0.0 2.38419e-07 0.0 0.0 0.0497266 0.0 2.89083e-06 0.0 0.0 0.0 0.00940895 5.11706e-05
0.0 0.0 0.0 0.0 0.0 0.00530991 0.0 0.0 0.0 0.0 0.0 0.0 0.0 0.122458 0.0 0.0 0.0 0.0 0.0 0.0118798 0.0 0.0 0.0 0.0 0.0 0.0 0.0 0.98523 0.0 0.0 0.0 2.38419e-07 0.0 0.0 0.171514 0.0 0.0 0.0 0.0 0.0 0.0 0.0 0.0 0.008488 0.0 0.0 0.0 0.277339 0.0 0.0 0.0 0.0 0.0 0.0 0.0 0.0 0.0 0.0 0.0 0.0 0.0 0.0 0.0 0.0
0.0 0.0 0.0 0.0 0.479943 2.98023e-08 0.0 0.0 0.0 0.0 0.0 0.0 0.0 3.15607e-05 0.0 0.0 0.0 0.0 1.16229e-06 0.00849912 0.0 0.0 0.0 0.0 0.0 0.0 0.0 1.19209e-07 0.0 0.0 0.984578 0.0 0.0 0.0 0.000230193 0.0 0.0 0.0 0.0 0.0 0.0 0.0 0.0 0.00776723 0.0 0.0 0.0 0.0 0.0 0.0 0.0 0.00371063 0.0 0.0 0.0 0.0 0.0 0.0 0.0 0.0 0.0 0.0 0.0 0.0
0.0 2.08616e-07 5.96046e-07 8.9407e-08 0.0 0.0 0.0 2.79546e-05 0.0 0.0 0.0 0.0 0.0 0.0 0.227452 0.00189343 0.0 0.000322014 0.0 0.0 0.0 0.0 0.0 0.0 0.0 0.0 0.0 0.0 0.0 0.0 0.0 0.0 0.764728 0.963097 0.0 1.19209e-07 0.0 0.0 0.0 0.0 0.0 0.0 9.53376e-05 0.0 0.0 0.0 0.0 0.0 1.23084e-05 5.96046e-08 0.0 0.0 0.0 1.04308e-06 0.0 0.0 0.993189 0.0 6.22869e-06 0.0 0.0 0.0 0.052669 0.000441611
0.0 0.0 0.0 0.0 0.0 0.00671297 0.0 0.0 0.0 0.0 0.0 0.0 0.0 0.00588781 0.0 0.0 0.0 0.0 0.0 5.96046e-08 0.0 0.0 0.0 0.0 0.0 0.0 0.0 0.0139403 0.0 0.0 0.0 0.0 0.0 0.0 3.69549e-06 0.0 0.0 0.0 0.0 0.0 0.0 0.0 0.0 1.49012e-07 0.0 0.0 0.0 0.976093 0.0 0.0 0.0 0.0 0.0 0.0 0.0 0.0 0.0 0.0 0.0 0.0 0.0 0.0 0.0 0.0
0.000707567 0.0858326 0.310522 0.257646 0.0 0.0 0.0 0.100399 0.830639 0.000971287 0.0 0.0 0.000977665 0.0 0.0 4.35114e-06 0.0 1.19209e-07 0.0 0.0 0.0 0.0 0.000760466 0.982813 0.0 5.93066e-06 0.916296 0.0 0.0 7.45058e-06 0.0 0.0 1.49012e-07 5.06639e-07 0.0 0.307557 2.98023e-08 0.0692335 0.0 0.0 0.967579 3.36766e-06 0.0195338 0.0 0.0 2.70605e-05 0.954501 0.0 0.00825319 0.79384 0.0 0.0 0.634741 0.0894791 2.08616e-07 0.0 0.0 0.0 0.0532673 0.0 0.0 0.0 0.0 1.35303e-05
2.38419e-07 0.284861 0.41121 0.160527 0.0 0.0 0.0 0.999682 0.931612 3.27826e-07 0.0 0.0 6.07967e-05 0.0 0.0 0.0314427 0.0 3.99947e-05 0.0 0.0 0.0 0.0 2.58088e-05 0.399167 0.0 0.0 0.574231 0.0 0.0 3.8743e-07 0.0 0.0 0.000971675 0.0166399 0.0 0.0233585 3.95179e-05 3.20077e-05 0.0 0.0 0.443545 0.0 0.188858 0.0 0.0 0.0 0.798368 0.0 0.0883634 0.798056 0.0 0.0 0.00837693 0.815133 0.0 0.0 2.98023e-08 0.0 0.674957 0.0 0.0 0.0 0.0 0.168785
0.0 0.0 0.0 0.0 0.0 0.0 0.0 0.0 0.0 0.0 0.0 0.0 0.0 0.0 0.0 0.0 0.0 0.0 0.0 0.0 0.0 0.0 0.0 0.0 0.0 0.0 0.0 0.0 0.0 0.0 0.0 0.0 0.0 0.0 0.0 0.0 0.0 0.0 0.0 0.0 0.0 0.0 0.0 0.0 0.0 0.0 0.0 0.0 0.0 0.0 8.99434e-05 0.0 0.0 0.0 0.0 0.0 0.0 0.0 0.0 0.0 0.99975 0.0 0.0 0.0
0.0 0.00781685 0.038714 0.00532821 0.0 0.0 0.0 0.353353 0.00301167 0.0 0.0 0.0 0.0 0.0 0.045472 0.879156 0.0 0.0188603 0.0 0.0 0.0 0.0 8.9407e-08 5.79357e-05 0.0 0.0 2.68221e-06 0.0 0.0 0.0 0.0 0.0 0.99958 0.99447 0.0 1.57952e-05 1.37091e-06 0.0 0.0 0.0 0.00169656 0.0 0.544364 0.0 0.0 0.0 0.000428826 0.0 0.0591717 0.0044935 0.0 0.0 8.9407e-08 0.265117 0.0 0.0 0.0615304 0.0 0.242118 0.0 0.0 0.0 0.000185758 0.844259
8.9407e-08 0.996025 0.643867 0.981927 0.0 0.0 0.0 0.585737 0.430836 5.69224e-06 0.0 0.0 2.5034e-06 0.0 0.0 0.0696808 0.0 9.93907e-05 0.0 0.0 0.0 0.0 0.00117251 0.659872 0.0 0.0 0.0567349 0.0 0.0 2.05636e-06 0.0 0.0 0.000103712 0.0107463 0.0 0.11362 0.0 8.16584e-06 0.0 0.0 0.943246 0.0 0.911565 0.0 0.0 0.0 0.494435 0.0 0.867653 0.890835 0.0 0.0 0.00128126 0.977785 0.0 0.0 0.0 0.0 0.976914 0.0 0.0 0.0 0.0 0.165412
0.0 0.180017 0.020063 0.0302099 0.0 0.0 0.0 0.879157 0.00579101 0.0 0.0 0.0 0.0 0.0 0.00241688 0.994838 0.0 0.143153 0.0 0.0 0.0 0.0 6.55651e-07 0.000220627 0.0 0.0 4.91738e-06 0.0 0.0 0.0 0.0 0.0 0.859969 0.997886 0.0 0.000402361 4.47035e-07 0.0 0.0 0.0 0.00351763 0.0 0.810498 0.0 0.0 0.0 0.000766367 0.0 0.381193 0.0104513 0.0 0.0 0.0 0.726842 0.0 0.0 0.0013527 0.0 0.770479 0.0 0.0 0.0 4.88758e-06 0.991087
0.792505 0.0 0.0 0.0 0.0 0.0 0.0 0.0 0.0 0.000161111 0.000162691 0.0 0.000152111 0.0 0.0 0.0 0.0 0.0 0.000940055 0.0 0.0 0.0 0.0 0.0 0.0 0.930104 6.55651e-07 0.0 0.0 1.49012e-07 0.0 0.0 0.0 0.0 0.0 0.0 0.0 0.0137446 0.0 0.0 0.0 0.987033 0.0 0.0 0.0 0.00705561 0.0 0.0 0.0 0.0 0.0 0.0 1.92821e-05 0.0 0.540157 0.0 0.0 4.17233e-07 0.0 0.0 0.0 0.0 0.0 0.0
0.0 0.0 0.0 0.0 0.000916213 0.0 0.0 0.0 0.0 0.0 0.0 0.0 0.0 1.33216e-05 0.0 0.0 0.0 0.0 5.96046e-08 0.000287265 0.0 0.0 0.0 0.0 0.0 0.0 0.0 2.68221e-07 0.0 0.0 0.00663617 0.0 0.0 0.0 8.2463e-05 0.0 0.0 0.0 0.0 0.0 0.0 0.0 0.0 0.000430405 0.0 0.0 0.0 0.0 0.0 0.0 0.0 0.991215 0.0 0.0 0.0 0.0 0.0 0.0 0.0 0.0 0.0 0.0 0.0 0.0
4.70877e-06 0.0 2.98023e-08 0.0 0.0 0.0 0.0 0.0 0.0 6.13928e-06 0.000199378 0.0 2.08616e-07 0.0 0.0 0.0 0.0 0.0 0.0 0.0 0.0 0.0 6.64592e-06 0.0 0.0 2.70307e-05 2.98023e-08 0.0 0.0 0.0319833 0.0 0.0 0.0 0.0 0.0 7.7486e-07 0.0 1.72853e-06 0.0 0.0 5.36442e-07 1.81794e-06 0.0 0.0 0.0 0.00116801 0.0 0.0 0.0 2.98023e-08 0.0 0.0 1.19209e-07 0.0 1.51992e-06 0.0 0.0 0.999968 0.0 0.0 0.0 0.0 0.0 0.0
2.563e-06 0.64499 0.990069 0.899764 0.0 0.0 0.0 0.799015 0.963655 0.000419021 0.0 0.0 0.00123563 0.0 0.0 0.00663319 0.0 1.96695e-06 0.0 0.0 0.0 0.0 2.8491e-05 0.892658 0.0 0.0 0.319281 0.0 0.0 0.000536472 0.0 0.0 3.53158e-05 0.000382483 0.0 0.186527 4.11272e-06 0.000614375 0.0 0.0 0.964424 8.9407e-08 0.243127 0.0 0.0 3.8743e-07 0.983725 0.0 0.242619 0.955782 0.0 0.0 0.0541379 0.830459 0.0 0.0 0.0 0.0 0.605498 0.0 0.0 0.0 0.0 0.0152843
0.0 0.0 0.0 0.0 3.54648e-06 0.00135764 0.0 0.0 0.0 0.0 0.0 0.0 0.0 0.0714135 0.0 0.0 0.0 0.0 0.0 0.986492 0.0 0.0 0.0 0.0 0.0 0.0 0.0 0.0519449 0.0 0.0 0.000540614 0.0 0.0 0.0 0.905495 0.0 0.0 0.0 0.0 0.0 0.0 0.0 0.0 0.889526 0.0 0.0 0.0 1.0401e-05 0.0 0.0 0.0 4.70579e-05 0.0 0.0 0.0 0.0 0.0 0.0 0.0 0.0 0.0 1.19209e-07 0.0 0.0
2.68221e-06 0.970093 0.973655 0.985828 0.0 0.0 0.0 0.864451 0.931878 0.000137746 0.0 0.0 6.8903e-05 0.0 0.0 0.0386243 0.0 7.6443e-05 0.0 0.0 0.0 0.0 0.00355232 0.938546 0.0 0.0 0.632367 0.0 0.0 8.89301e-05 0.0 0.0 5.03063e-05 0.00579551 0.0 0.448133 5.96046e-08 0.00033474 0.0 0.0 0.989058 0.0 0.855285 0.0 0.0 4.17233e-07 0.952609 0.0 0.711358 0.991017 0.0 0.0 0.0625833 0.957772 0.0 0.0 0.0 0.0 0.985577 0.0 0.0 0.0 0.0 0.0760824
0.0 0.0 0.0 0.0 0.0 0.0 0.0 8.9407e-08 0.0 0.0 0.0 0.0 0.0 0.0 0.867626 1.71363e-05 0.0 3.09348e-05 0.0 0.0 0.0 0.0 0.0 0.0 0.0 0.0 0.0 0.0 0.0 0.0 0.0 0.0 0.000503123 0.000655502 0.0 0.0 0.0 0.0 0.0 0.0 0.0 0.0 0.0 0.0 0.0 0.0 0.0 0.0 0.0 0.0 0.0 0.0 0.0 0.0 0.0 2.20537e-06 0.00705054 0.0 0.0 0.0 0.0 0.0 0.994874 2.38419e-07
0.0 0.0 0.0 0.0 0.0 0.0 0.0 0.0 0.0 1.77026e-05 1.78814e-06 0.0 0.0 0.0 0.0 0.0 0.999738 0.0 0.0 0.0 0.0 0.0 0.0 0.0 0.0 0.0 0.0 0.0 0.0 0.0 0.0 0.0 0.0 0.0 0.0 0.0 0.0 0.0 0.0 0.0 0.0 0.0 0.0 0.0 0.0 0.0 0.0 0.0 0.0 0.0 0.0 0.0 0.0 0.0 0.0 0.0 0.0 0.0 0.0 0.0 0.0 0.0 0.0 0.0
0.0 0.0 0.0 0.0 0.0 0.0 0.998555 0.0 0.0 0.0 0.0 0.0 0.0 0.0 0.0 0.0 0.0 0.0 0.0 0.0 0.0 0.0 0.0 0.0 0.0 0.0 0.0 0.0 0.00543049 0.0 0.0 0.0 0.0 0.0 0.0 0.0 0.0 0.0 0.0 0.0 0.0 0.0 0.0 0.0 0.0 0.0 0.0 0.0 0.0 0.0 0.0 0.0 0.0 0.0 0.0 0.0 0.0 0.0 0.0 0.0 0.0 0.0 0.0 0.0
0.0467952 0.000461489 0.104207 0.00260705 0.0 0.0 0.0 0.00279468 0.332183 0.000172675 0.0 0.0 0.0309663 0.0 0.0 2.98023e-08 0.0 0.0 0.0 0.0 0.0 0.0 1.28448e-05 0.158386 0.0 0.000738263 0.963125 0.0 0.0 6.73831e-05 0.0 0.0 0.0 0.0 0.0 0.0156526 1.19209e-07 0.292443 0.0 0.0 0.0755556 0.000363439 0.000285894 0.0 0.0 0.00022155 0.565116 0.0 0.000151813 0.233286 0.0 0.0 0.648604 0.000354409 1.45435e-05 0.0 0.0 0.0 0.000367969 0.0 0.0 0.0 0.0 1.49012e-07
0.0 0.946901 0.892383 0.931378 0.0 0.0 0.0 0.831883 0.846439 1.2219e-06 0.0 0.0 5.06639e-07 0.0 8.9407e-08 0.545822 0.0 0.00518051 0.0 0.0 0.0 0.0 0.00373927 0.622011 0.0 0.0 0.0139134 0.0 0.0 1.2517e-06 0.0 0.0 0.00252014 0.289381 0.0 0.557665 5.96046e-08 1.40071e-06 0.0 0.0 0.951816 0.0 0.977178 0.0 0.0 0.0 0.652858 0.0 0.866125 0.832745 0.0 0.0 0.000572622 0.979121 0.0 0.0 1.78814e-07 0.0 0.931364 0.0 0.0 0.0 0.0 0.653085
0.0 1.40071e-06 2.08616e-07 1.49012e-07 0.0 0.0 0.0 0.000427961 2.98023e-08 0.0 0.0 0.0 0.0 0.0 0.999639 0.0909202 0.0 0.0287414 0.0 0.0 0.0 0.0 0.0 0.0 0.0 0.0 0.0 0.0 0.0 0.0 0.0 0.0 0.356276 0.966098 0.0 0.0 0.0 0.0 0.0 0.0 0.0 0.0 5.29885e-05 0.0 0.0 0.0 0.0 0.0 1.10567e-05 0.0 0.0 0.0 0.0 1.20401e-05 0.0 0.0 0.856238 0.0 3.58224e-05 0.0 0.0 0.0 0.648288 0.00685799
2.95043e-06 0.0 0.0 0.0 1.49012e-07 0.0 0.0 0.0 0.0 0.00122526 0.999377 0.0 0.0 0.0 0.0 0.0 1.2517e-06 0.0 4.33922e-05 0.0 0.0 0.0 0.0 0.0 0.0 8.40425e-05 0.0 0.0 0.0 0.0 0.0 0.0 0.0 0.0 0.0 0.0 0.0 2.68221e-07 0.0 0.0 0.0 7.26879e-05 0.0 0.0 0.0 7.25687e-05 0.0 0.0 0.0 0.0 0.0 2.98023e-08 0.0 0.0 0.0133878 0.0 0.0 1.90735e-06 0.0 0.0 0.0 0.0 0.0 0.0
0.0 0.0 0.0 0.0 0.0 0.0 0.0 5.126e-06 0.0 0.0 0.0 0.0 0.0 0.0 5.43594e-05 0.0 0.0 0.0 0.0 0.0 0.0 0.0 0.0 0.0 0.0 0.0 0.0 0.0 0.0 0.0 0.0 0.0 0.000597715 1.40369e-05 0.0 0.0 0.0 0.0 0.0 0.0 0.0 0.0 0.0 0.0 0.0 0.0 0.0 0.0 0.0 0.0 0.0 0.0 0.0 0.0 0.0 5.6982e-05 0.000507176 0.0 0.0 0.0 0.0 0.0 0.0144419 0.0
3.48687e-06 0.0 0.0 0.0 0.00690868 0.0 0.0 0.0 0.0 0.00139052 5.96046e-08 0.0 2.68221e-07 0.0 0.0 0.0 0.0 0.0 0.995863 0.0 0.0 0.0 0.0 0.0 0.0 0.000106454 0.0 0.0 0.0 0.0 4.83692e-05 0.0 0.0 0.0 0.0 0.0 0.0 1.19209e-07 0.0 0.0 0.0 0.00021562 0.0 0.0 0.0 0.0 0.0 0.0 0.0 0.0 0.0 7.45058e-07 0.0 0.0 0.000105083 0.0 0.0 0.0 0.0 0.0 0.0 0.0 0.0 0.0
0.0 5.96046e-08 0.0 0.0 0.0 0.0 0.0 5.36144e-05 0.0 0.0 0.0 0.0 0.0 0.0 0.976922 0.0317421 0.0 0.0444715 0.0 0.0 0.0 0.0 0.0 0.0 0.0 0.0 0.0 0.0 0.0 0.0 0.0 0.0 0.249049 0.695018 0.0 0.0 0.0 0.0 0.0 0.0 0.0 0.0 3.78489e-06 0.0 0.0 0.0 0.0 0.0 1.78814e-07 0.0 0.0 0.0 0.0 7.7486e-07 0.0 1.19209e-07 0.767397 0.0 2.35438e-06 0.0 0.0 0.0 0.977674 0.000373632
0.00203136 0.0 3.8743e-06 1.19209e-07 0.0 0.0 0.0 5.96046e-08 1.54376e-05 1.99378e-05 0.0 0.0 0.99138 0.0 0.0 0.0 0.0 0.0 7.36117e-06 0.0 0.0 0.0 0.0 2.14577e-06 0.0 0.00442657 0.00100026 0.0 0.0 0.0133713 0.0 0.0 0.0 0.0 0.0 6.25849e-07 0.0 0.0191145 0.0 0.0 1.2517e-06 0.00125429 0.0 0.0 0.0 1.54972e-06 3.35574e-05 0.0 0.0 9.77516e-06 0.0 0.0 0.00423509 0.0 1.80602e-05 0.0 0.0 5.96046e-08 0.0 0.0 0.0 0.0 0.0 0.0
0.0 0.0 0.0 0.0 0.0 0.0 0.0 0.0 0.0 0.0 0.0 0.0 0.0 0.0 0.0 0.0 0.0 0.0 0.0 0.0 0.0 0.0 0.0 0.0 5.96046e-08 0.0 0.0 0.0 0.0 0.0 0.0 0.0 0.0 0.0 0.0 0.0 0.0 0.0 0.0 0.0 0.0 0.0 0.0 0.0 0.0 0.0 0.0 0.0 0.0 0.0 0.0 0.0 0.0 0.0 0.0 0.0 0.0 0.0 0.0 0.990615 0.0 0.0 0.0 0.0
0.0 0.0 0.0 0.0 0.0 0.0 0.0 0.0 0.0 0.0 0.0 0.0 0.0 0.0 0.0 0.0 0.0 0.0 0.0 0.0 0.0 0.0 0.0 0.0 0.0 0.0 0.0 0.0 0.0 0.0 0.0 0.0 0.0 0.0 0.0 0.0 0.0 0.0 0.0 0.0 0.0 0.0 0.0 0.0 0.0 0.0 0.0 0.0 0.0 0.0 0.999793 0.0 0.0 0.0 0.0 0.0 0.0 0.0 0.0 0.0 8.58307e-05 0.0 0.0 0.0
0.0 4.05312e-06 6.16908e-06 3.93391e-06 0.0 0.0 0.0 0.00276777 7.27177e-06 0.0 0.0 0.0 1.49012e-07 0.0 0.0 8.37445e-06 0.0 0.0 0.0 0.0 0.0 0.0 0.0 1.24574e-05 0.0 0.0 1.41263e-05 0.0 0.0 0.0 0.0 0.0 1.10269e-06 2.08616e-07 0.0 5.96046e-08 0.755445 1.78814e-07 0.0 0.0 8.57711e-05 0.0 1.2219e-06 0.0 0.0 0.0 0.000120282 0.0 1.19209e-07 0.000120968 0.0 0.0 1.88053e-05 0.000929594 0.0 0.0 0.0 0.0 5.38826e-05 0.0 0.0 0.0 0.0 1.37091e-06
0.0 0.771548 0.588979 0.524674 0.0 0.0 0.0 0.323561 0.0948712 0.0 0.0 0.0 0.0 0.0 2.39313e-05 0.955295 0.0 0.0990054 0.0 0.0 0.0 0.0 7.01547e-05 0.00983647 0.0 0.0 0.00015232 0.0 0.0 1.19209e-07 0.0 0.0 0.0153535 0.846708 0.0 0.0082536 0.0 0.0 0.0 0.0 0.108365 0.0 0.989145 0.0 0.0 0.0 0.0368291 0.0 0.91371 0.347286 0.0 0.0 4.88758e-06 0.885768 0.0 0.0 5.24521e-05 0.0 0.877476 0.0 0.0 0.0 1.19209e-07 0.741919
21 36 33 9 29 44 11 28 5 47 27 13 20 51 39 34 43 19 4 55 61 6 60 30 41 25 0 10 50 31 59 37 1 3 22 38 16 45 12 23 63 53 48 7 24 57 52 46 42 40 49 35 54 18 26 2 15 32 62 56 14 17 8 58
